1	0	0.00043755	6.24e-06	0	0	0.00052723	3.8452e-06	0.0019175	0	3.4368e-07	0.00013341	3.3614e-05	0.00085389	0	0	0	0	0	0.0010647	0.0016	0	1.7459e-05	0	0	0.0004	4.3559e-05	0	0.0015688	0	0	0	0	0	0	0	0.0002554	0	0	0	0	0.00019911	0	0.00046175	0.00019885	2.2418e-05	0	0	0
0.00015006	1	0	0	3.4658e-07	0.0010391	3.6547e-05	0.00026186	0	0	0.00040495	0	1.9137e-05	0	4.3252e-05	0	0	0.0004	0	0.00033429	0	0	0	0.00025944	0	0	0	0.0010631	0	0	0	0	0.00021111	0.00032419	0.0004	6.3578e-05	0	0.00075328	3.7714e-06	0	0.00083945	0	0.0012108	0.00015522	0	3.5116e-05	7.3512e-06	0.00040546	0.0012807
0.0005324	0	1	3.4612e-05	0.00021696	0	0	0	0	0	0	0	0.00022123	0	9.0611e-05	0.00010813	0	0.0023207	0	0	0.0010229	4.5376e-05	0	0.00013203	2.5335e-05	3.6e-05	0	1.0061e-05	0	0	0	0	0	0	0	0.00018234	0	0	1.523e-05	0	0.00014215	7.1662e-06	0.001307	0	0	0	0	0	0
0	0.00052135	0.00015294	1	3.5867e-05	0.00097294	0.00023346	2.5373e-05	0	0	0	0	2.0064e-05	4.0276e-06	0	5.4346e-05	0	0	3.1617e-05	0	0.0017217	2.5483e-05	0	8.2546e-05	0	0.00017414	0.0010175	0.00044428	0	0	0.0003411	0	5.5392e-05	0	0.00062795	0	0.0004	0	0	0	0.00019545	0	0	0	0	2.2737e-05	0	0	0
0	7.4397e-06	0	1.1188e-06	1	8.2985e-07	0.0008	0	0	0	0	0.00031453	0.00014585	0	5.6308e-05	4.7325e-06	0	0.0001572	4.9249e-06	0.00053563	8.8393e-05	0	0	0	0	0.00074444	0	0.00011746	0	0	0.0013798	1.5636e-05	0.00049308	0.00063552	0	0	0.0015697	0	0	0	0	0	0.0004	0.00042112	0	6.5702e-05	0	0.0004	0.00049224
0.00019306	0	0	0	0	1	0	0.00045856	0	0	0	0.0018731	0.00045861	0	0	0.00040283	6.1367e-06	4.4117e-05	0	0	0	8.4644e-06	0.0004	0.00011358	0	0.0016868	0	0	0.0012	0.00076329	0	0	0	0	0	0	0	0	0	0	0	0	0	0	0	2.5686e-06	0	0	3.0221e-05
0	0	0	8.7821e-05	0	0	1	0.0014845	0	0	0	0	0	0	0	0	0	0	0	0	0	0	1.178e-05	1.4617e-06	0	0	0	0	0	0	0	0	0	0	7.1073e-05	0	0	0	0	0	0	0.0001007	0	0	0	0.0004	0.00048733	0	0
9.3297e-06	0	0	0	0.00033707	0	0.00060826	1	0	0	0	0	0.0002417	0.00027503	0	0	0	0	0	0	0	0	0.0004	0.00075263	0	0	0	0	0	0	0	0	0	0	0	0	0	0	0	0	0	0.0019374	0	0	0	0.00030603	6.3577e-06	0	0
0	0	0	0	0	0	0	0.00064807	1	0	0	0.00039515	0.00026714	0	0	0	0	0.00014485	0.00036751	0.00014225	0.00043059	0	0	0.0009658	0	0	0	0	0.00026731	0	0.00038485	0.0026792	1.3211e-05	0.0004	0	0	0	0	0	6.3771e-05	0	3.292e-06	0	0.00037664	3.1483e-05	6.8582e-06	0	0	0
0.00029233	0.00025386	0	2.9899e-06	0	0	0.0011341	0.0018786	0.00069141	1	0.0010662	0	3.4203e-05	0	0.0025681	0	0	0.00024994	0	0.00033291	0	0.00077467	3.745e-05	0	0	0	0.0004	0	0	1.6074e-05	0	0	0.00099149	0	0	0	0.0009949	0.0012	0	0	0.00056061	0.00054844	0.0004	1.9442e-05	0.00031325	0.00027269	0	0.0016877	0
7.6388e-07	0	0	0	0	0.00036189	0	0.00025156	0	0	1	0.00035455	0	0.0015738	6.4255e-05	0	0	0	0	0	0	0	0.00018809	1.8599e-05	0	0.0016759	0	0.00060617	0	0	0	0	1.7168e-06	0.0014894	0.00044466	0	3.449e-05	0.001642	0	0	0	0.00042706	0.00047072	0.0020627	0.00029751	0	0	0.00044454	0.00021559
0	4.3605e-05	0	6.4372e-06	0.00031913	0.0031842	0	1.3737e-05	0	0	0	1	0	0.0026662	0	9.1834e-05	0	0	0	0	0	0	0.00074294	1.5764e-05	0	0.0012	0	0	0	0	0.000116	0	0.0004	0.0007928	6.699e-07	0	0	0	0	0.00015824	0	9.2019e-09	0	0	0	2.1718e-05	0	0	0.00014526
0.00011842	0	0	4.7819e-05	0	0	0	0.0002544	0	0	0	0.0014009	1	0	0	2.6758e-06	0	0	3.6399e-05	0	0	0	0.00027555	0	0	0	0	0	0	0	0	0	0	0	0	0	0	0	0	0	0	0	0	0	0	0	0	0	0
0.00058526	0.00014931	0.00049259	1.4047e-06	0.00030939	0.000112	0.00012358	0.00075596	0	0.00042713	0.00085186	0.00071533	0	1	0	0.0004	0.0011983	0	1.5863e-05	0	7.0289e-06	0	0	0	0	0.00069352	2.1332e-05	0	0	0	2.4228e-05	0	0	0	0.0014586	0	0	0	0	0.00093242	0	0	0	0	0	1.2372e-05	0	0	0.00015441
0	0	0.00086475	0	0	0.0005911	7.5144e-05	0.0024	0	0	0	4.7243e-05	4.04e-05	0	1	0.00037577	0	0.00046379	0	5.1799e-05	0	0.00026154	0.00024394	0	0.0003051	0.0001341	0	2.2425e-06	0	0.00018797	0	0.0002477	4.565e-05	0	0	3.2301e-06	0	0	4.6649e-05	0.0004	2.4464e-06	0.00055118	0.0004	7.985e-05	0	4.3157e-05	0	0	0.00055976
0	0	0.00032252	0	0	0.000305	0.00314	0.00018809	0	0	0	0.00039983	7.194e-06	0.00067275	0	1	0	0	0.00048209	0	0.00014395	0	2.5532e-06	5.3634e-06	0	0	0	0	0	7.8154e-06	0	0	0	0	0	0	0.00023938	0	0	0	0	0	0	0	0.0004	0	0	0	0.00033543
0	0	0.00013187	0	0.00014908	0.0012935	0.00056088	0.0002127	0.00012481	7.8627e-06	0	0	0	0	0	0	1	1.6267e-05	0	0	0.00012753	0	2.5696e-07	9.0446e-06	0.0016752	0	0	0	0	0	0	0.0012	0	0	0.00077833	4.9355e-06	0	0	0.00014595	0	0	0.00014287	0	0	0.00030596	0	0	0	3.6204e-08
0.0004	0	0	1.6236e-06	0	0	0.00026269	0.00015632	0.00053525	0	0	0	1.2089e-06	0.00094852	0	7.1741e-07	0	1	0	0.00019698	0.00019836	0	0.00020387	6.1642e-05	0.00020449	0	8.8522e-05	0	0	8.5369e-06	0	0.0036166	0.00091227	0	0	0	0.00041083	0	0	0	0	0.00029059	0	0	8.6468e-06	0	0	0.0015747	0.0021618
0.00058382	7.9976e-05	0	1.0367e-06	2.8042e-06	0	5.0976e-06	0	0.00056795	0.00026287	0	0.0006057	0	0	0	0	0	0.001347	1	0	0.0028447	0	0.00037091	4.2881e-05	0	0	0	0	0.0013072	0	0.00019221	0	0	0	0.00011121	0	0.00039144	0	0	0	0	0.0012932	0	0	0	0.00015713	0	0.00025504	0
0.00026212	0	0.00056112	0	0	0	0	0	0.00030014	0	0	0	0	0	0	1.2223e-05	9.4579e-06	0.0004	0.00068125	1	0	0	0	0	0	0.00031226	0	0	0	0	0.00024201	0.00082483	0	0.0027206	0	0	0	0	0	0	0	0	0.00061545	0	0.00010177	0.0001269	0.0020038	0.00033645	0.00031077
0	0.00059308	0.00016078	0.00024502	0	1.6922e-06	0.00035709	0	0	0.00061178	0	0	4.654e-07	0	0.00049385	0	1.1025e-05	0.00016443	0	0	1	0	3.2427e-06	4.2192e-07	0	0	9.2771e-06	0.00038964	5.2971e-05	0	0	0.00039484	0	0	0.0001462	0	0	0	1.0586e-05	0	0	1.8035e-07	0	0	0.00015047	0.0004	0	7.2555e-06	0
9.3339e-05	0	0	0	0	0	0.00061846	0.00012495	0	0	0	5.9082e-08	0	0	0.00074666	0	9.2814e-06	0	0.0004	0	0	1	0	0.0013408	1.036e-07	0	0.00092509	0.00055536	0	0.00097523	0	0	3.332e-05	0	0	2.0715e-05	0.0027767	0	0.00016084	0	0.00048517	0	0	0	0	0	0	0	0
0	0	0	0	0	0	8.8059e-05	0.00048436	0	0	0	0	0	0	0	6.4534e-07	0	0	0	0	0	0.0004	1	0	0	0	0	0	0	0	0	0.00010545	0	0	0	0	0	0	0	0	0	0.00065973	0	0	5.5977e-05	8.0083e-06	0	0	0
0	0	0	0	0	0	0	0	0	0	0	0	0	0	0	0	6.0983e-06	0.00033759	0	0	9.916e-07	0.0018303	0	1	0	0	0	0	0	0	0	0	0	0	0	0	0.00017525	0	0	0	0	0.00033198	0	0	0	3.746e-06	0	0	0
1.4674e-06	0.00026601	0	1.6567e-06	0.00035344	0.00054112	0	6.6381e-05	0	0	0	0.00012334	0	0	0.00032156	8.5785e-06	0	0	0	0.00049804	0	0	0	0	1	0	0	0	0.0004	4.2168e-05	0.001163	0	0	0	7.0221e-05	0.0001291	0	0	2.8118e-05	0	0.00060486	3.0665e-05	0	0	0.00017167	2.5692e-06	0	0.00026672	0.0015337
0	0	0	5.052e-06	0	0	2.5045e-07	0	0	7.0221e-06	0	0.0011664	0	0.002	0	7.3326e-05	2.8347e-06	3.5541e-05	5.2812e-05	0	7.4916e-05	3.9298e-06	0	0	0	1	0	0	0	0	0.00097342	0	0	0.0012357	0	0	0	0.00016638	0	0.00087898	0	0	0.00014186	0.00055102	0	0	0.00017459	0	0.00026417
7.729e-05	0.00058189	6.9153e-06	3.8565e-05	1.3612e-06	0	2.351e-05	8.4938e-06	0	0	0.00088164	0	0	0	3.9463e-06	3.7309e-05	0	0	0	0	5.9197e-06	0.00051291	0	9.0909e-07	0	0.0010313	1	0	0	0	0	0	5.905e-06	5.3637e-05	9.3585e-05	0	0.00052497	0	0	0.0021955	0.0004	0.00031457	0	0.00088215	9.6762e-05	0	0.0004	0.0010552	0.0016
0.00098849	0	0	0	0	0.0004	1.0614e-06	0.00028002	0.0018894	0	0	0	2.8028e-05	0.0014557	0	3.6673e-05	0	0	4.5527e-05	0	0.0012694	0	0	0.0002447	0	0	0	1	0	1.2952e-05	0	0	0.00038171	1.4001e-06	7.2827e-05	2.3766e-06	0	0.0013249	1.4328e-05	4.1439e-05	3.6127e-05	0.00070151	1.4995e-05	7.0452e-05	0	0	0	0	0
0	0	0	0	0	0.00063688	0	0	0	0.00085828	0	0	0	0	0	7.0478e-05	0	0	0	0	0	0	0	0.00014735	0.0004	0	0	0	1	2.2364e-05	4.7583e-09	0	0	0	0	0	0	0	0	0.0015075	0	0.0001246	0	0	0	0	0	0	0
0	0	0	0	0	0	0.0003339	0.0011714	0	0	0	0.0014375	0	0.0010765	0	0	0	0	7.8402e-05	0	0	0	0	0.00017061	0	0	0	0	0.000221	1	0.00063046	0	0	0	0.0018613	0	0.0016191	0	0	0	0.00020857	0.0025275	0	0	0	6.4599e-05	0.00013804	0	0
0	0	0	0	0.00010898	0	7.2236e-05	0	0.00088121	0	0	0.00022328	0.0004	0	0	0	0.0012	0.00069141	0	0.00042633	2.5565e-05	0	1.1281e-05	6.4394e-06	0	0	0	0	0	0	1	0	0	0	0	0	0	0	0.00022288	0	0	0.00010734	0.00018541	0	0	5.8785e-05	0	0	0
0	3.0385e-06	0	6.131e-05	0.0011544	0.0013017	5.3909e-06	0.0010239	0	0.00011613	0.0011035	0.00030494	0	0	0	0	1.2429e-06	0.0028026	3.9701e-05	0	0.00024576	0.00013534	0	6.6032e-07	8.8711e-06	0	0.00017695	2.6426e-06	0	0	0	1	0	0	0.0019098	0	0.00071192	0	0	0	0	0	0	0	0	6.9571e-06	0	0	0
0	0.00016442	0	1.0592e-06	0.0010174	0	0.00029577	0.00010023	0	0	3.8614e-06	0.00034417	1.7519e-05	0	0	0	0	0	0	0.00078941	0	0	0	0	0	0.00034197	0.0016194	0.00014274	0	0	8.1327e-07	0	1	0.00042903	0.00034624	0	0	0	5.0455e-06	0	7.4222e-06	0.00060066	0.00023475	2.2463e-06	9.4229e-05	0	0	0.00015879	0
0	0	0	0	0	0	0.00011023	0.0004	0	0	0	0.00055871	0	0.00088682	0	7.0905e-05	0	0	0.0004	0	0.00029212	0	0	0.00011594	1.9166e-05	0	0	0	0	2.2275e-06	0	7.5451e-05	0	1	0.00017467	5.2472e-05	0	0.00052513	0	1.5903e-05	0	0	0.00043137	0.00019521	0	0.0003143	0	0.00034156	2.4971e-05
0	1.3164e-05	0.0010069	0	0	5.6947e-05	7.5062e-06	2.006e-05	0	0	0	2.6609e-07	0	0	2.3903e-07	0	0.0001523	3.9825e-05	0	0	0	8.4969e-05	0	5.214e-05	8.2404e-05	0	0.00019169	0	0.00014029	0.0005254	0	0	0	0	1	0	0.0002234	0	0	0	0	2.2996e-05	3.7574e-06	0	0.00022491	0.00050466	0.00011482	0.00024474	0.00027014
0	0	0	0	0	0	4.8974e-05	3.3418e-05	0	0.00010547	0.00060492	0	0	0	0	0.0001351	0	0	0	0	0	0	0.00012985	0.00026368	0	0	0	0	0	0.00026832	0	0.0004254	0	0	2.325e-05	1	0	0	7.6644e-05	0	0.00016054	0.0002783	0	0	0.00021606	0	0	0	0
0	0.00010241	0	0	0	0	0	8.4461e-05	0	0	2.0576e-05	0	0	0.0001893	0	0	0	0	0	0	0	0	0	5.4282e-05	0.00024051	0.00044414	0	0.00021138	0	0	0	0.00074466	0	0	0	0	1	0.00013834	0	0	1.7928e-05	3.6601e-06	0	0	0	0	0	0.0020003	0
0	0.00019094	0	0	0	0	0.0010081	0.00016624	0	0	0	0	1.4181e-05	0	0	0	0.00063525	0.0004	0	0	0.00025465	0.0004	5.3381e-05	1.8178e-05	0.0010856	0	0	0.0004	0	0.0004817	0.00012842	0	0	0	0	2.2523e-05	0	1	3.5453e-05	0.00066794	3.8099e-06	0	0.00085453	0.00086028	0.00045296	0.00032532	0.00025361	0.00037516	1.5793e-05
0	0	0	0	0	0	0	0.00022753	1.4389e-07	0	0	3.6298e-06	8.1869e-08	0.00033329	0	0	0	0	0	0	6.6076e-05	0	0	0.001913	0	0.00014108	5.3316e-05	0	7.7492e-05	0	0	0	0	0.00037525	0	0	0	0.00062116	1	0.00018589	0.00042633	2.4041e-05	0	0	2.6688e-06	9.5746e-06	0.00045825	0.0021313	0
0	0.0014625	0	5.0251e-06	0	0	0.00016227	0.0015626	0	0.00032633	0	0	5.9828e-05	0	0	0	0	0	0.0004	0	0.00094625	0.00014721	0	2.5387e-05	0.00051747	6.7488e-05	0	4.1012e-05	0	7.1742e-07	0	0	0.00056513	0	0	0	4.5061e-05	0.0004877	1.05e-05	1	0	0.00066579	0	3.0431e-06	0	0.00035034	0	0.00074178	0
4.616e-05	0	0	0	0	0	0.00054902	0.0017254	0	0	0	0	0	0	0	0	0	0.00074897	0.00041734	0	0.00020395	0	3.5755e-05	0.00015376	0	0	0	0	0	0	0	0	0	0	0.0010347	0	6.0138e-05	0	0	1.3415e-05	1	0	0.0024839	0	0.00021277	0	0.0011686	0.0015624	0
0	0.0002608	2.1214e-05	0	0	0	0.00020094	0.0004	0	0	0.0012172	0	1.058e-05	0	0	0	0	0	0	0	0	0	0	0.00074712	0	2.9614e-05	0	0	0.0001246	0	0.00024267	0	0	0	0.0012	0	6.6252e-06	2.5993e-05	0	0	0.00051853	1	0	0	0.00013914	0	0	0	0
0.0010726	0	0.00026173	6.741e-05	0.0008	0	0.0020656	0.00015257	1.5189e-05	0.00026287	2.3472e-05	0	2.3626e-05	0.002	0	0	0	0	0	0	0	0	1.2055e-05	0	0	0.00016042	0.00057656	6.3937e-06	0.0016	7.6665e-05	0	0	0.00013557	0.00036599	0	0	0.00031885	0.0040931	0.00012556	0.00017872	0	0	1	0	2.7246e-05	0.00013472	0.00030442	0	0
0	0	0	0	0	0	0	6.2956e-06	0	0	0	0	5.9295e-05	0	0	0	0.0009687	0	0	0	3.26e-05	0	3.2045e-05	1.1793e-05	0.00017665	0	0	0	0	0	0	0	0	0	6.5556e-06	9.4052e-05	0	0	0	0	0	0.00050989	0	1	7.3987e-05	3.3334e-05	0	0.00039558	0
0	0	0	0	0	0	3.5566e-05	0.00025315	0	0	0	0	0	0	0	0	0	0	0	0	0	0	0.00015064	3.1741e-05	0	0	0	0	0	1.1101e-06	4.6411e-05	0	0	0	0.00084769	0	0	0.0004	1.8439e-07	0	0	0.00050253	0	0	1	8.6325e-06	8.0161e-05	0	0
0	4.9817e-05	0	0	0	0	0.00017217	0.00034133	0	0	0	0	0	0	0	0	0	0	0	0	0	0	0	4.2776e-06	0	0	0	0	0	0.00019957	0	0	0	0	0.0016	0	0	0	8.0156e-06	0	1.1387e-07	0	0.00054904	0	2.9608e-05	1	8.2292e-05	0.0001765	0.00022081
0	8.8133e-06	0	0	0	0	0.00040608	0.0004	0	0.00074143	0	0	0	0	0	0.00071149	0	1.5769e-05	0	0	1.39e-05	0	0	0	0.0011604	0	0.00016621	0	0	0	0	0.0004	0	0	0.00019566	0	0.00017161	0.00061868	0.00064838	0.00096718	0.0016793	5.9989e-05	0	0.00049079	0	4.8819e-05	1	0	0.00058921
0	0.002395	0	0	0	8.8186e-05	2.8462e-06	0	0	0	0.00047077	4.0359e-06	0	0.0018328	0	9.5972e-05	0	0	0	0.00012248	0	0	3.6386e-06	0.00091706	0.0004	0.0001193	0	0	0	0	0	0	0	0.00026215	0.00020336	0	0	0.00027354	0	0	0	0	0	0	5.9227e-05	1.0347e-05	6.5994e-05	1	2.953e-05
0	0	0	0	0	0	0	0	0	0	0	0	0	0	0	0	0	0	0	0	0	0	0	0	0	0	0	0	0	0	0	0	0	0	0	0	0	0	0	0	0	0	0	0	0	0	0	0	1
