1	0	0	0	0	0	0.00087451	0.0011184	0	0	0	0.00026682	0	0.00033571	0	0.0005503	9.678e-05	0	0.0001696	0	0	0	0	0.00044535	0	0	0	0	0.00025355	0.0011876	0	0	0.0004	0	1.9118e-05	0	0.00056436	0	0	0	0	0.0013978	0.0010494	0	0	0	0	0	0.00049645
0	1	0	2.719e-05	0	0	0.00013071	0	0	0.00015281	7.4883e-05	0	0	0.0008	0.0004607	0	0	0	0	0.00014117	0.00082724	0	0	0	0	3.3378e-08	1.1378e-05	0	0.00082244	0	9.9751e-06	0	0	4.4743e-05	0	0.00045115	0	0.00051542	0.0004	3.4486e-05	8.257e-05	0	0.00019404	0.00032534	0.0005117	9.4952e-05	0.00051324	0.00043165	0.00012386
0	0	1	0	0	0.0022578	3.3415e-05	0.00038232	0	0	0	0	8.9119e-05	0	0	0.00043732	2.7475e-05	0	0.00021817	0	0	0.000502	0	0	0.00036064	0	0	6.9943e-05	0	0	0	0.00026994	0	0	1.7356e-05	9.7862e-06	0	0	2.3333e-05	0.00098001	0.0008	0.00055499	0	0	0	0	0	0	0
0	0	0	1	0	0.00066655	0.00019547	0.0012057	0	0	2.7826e-05	0	0.00064936	0	0	0.00013814	0	0	0	0	0.00016223	0.0021761	0	2.8545e-08	0	0	2.2307e-06	0.0002097	0	1.9937e-05	5.0288e-09	0	0.0011697	0	0.00012145	0	0.00021715	0	0	0	0.00058613	0	1.9194e-05	1.5829e-05	0	0	0	0	0
0.00020832	0	0.00042168	0	1	0	0	0	4.4693e-05	0	0	0.0004	0	0	0	0	0.0004	0.00098157	0	0.00046493	5.0778e-07	0	0.00043056	0	0	0.00032835	0	0	4.0983e-05	0	7.0731e-06	4.1969e-05	0.0010124	0	0	0	0.0012005	0	0	0.0011207	0	0	0	0.00048977	0	0	0	0	0
2.3449e-08	0	0	0	0	1	0.00019382	0.00035473	0	0	0	0.00017918	0.0004	0	0	5.5308e-05	0.00027787	0.00052248	0.00013681	0	0	0.00016913	0	0	0.0012	0	0	6.5473e-06	0	0	0	0	0	0	0	2.3755e-09	0.0025003	0	1.5078e-07	0	0	0	4.5614e-05	0	0	1.74e-07	0	0	0
0.00073741	0	0	0	0	0	1	0.0001132	0.00023194	0.0004	0.0004	2.6861e-05	0	0	0	0	0	0	0.00024936	0	0	0	0	0	0	0	0	0	0	0	0	0	0.00019879	0	0	0	0.00011382	8.0283e-06	0	0	0	0	0	0	0	5.0591e-05	0	6.4901e-05	0
0.0004	0	0	0	0.00078576	0	7.4377e-05	1	0.00024926	0	0	0.0001671	0	9.0444e-05	0	0	0.00013539	0	0	0	0	0	0	0.0003143	0.0004966	0	0	0	0	1.5576e-05	0	0	0	0	0.00061885	0	0	0	0	0	0	0	0	0	0	0	0.0004	0	0.0011078
0	1.919e-05	1.6989e-05	0	0	0.00021724	6.1868e-05	0	1	5.4495e-05	0	4.1059e-06	0	0.00076947	0	0.0004	3.8598e-07	0	4.632e-05	0.0014829	0	0	0.00070739	3.8209e-07	0	0	0	0	2.8067e-06	0	0	0.0008162	0.0020091	0	3.2272e-05	0	0.00060796	0	0	0	0	0	0	0	0	3.734e-07	0	0.0012	0
0	0	0	0	0	0	0.00018264	0	0	1	1.0631e-05	0	0	0	0	0	0	0	0	0	0	0	0	0.00048152	0	0	0	0	0	0	0.00035105	0.0012	0	0	6.3406e-05	0	9.0161e-05	0.00026553	0	0	0	0	0.0012	0	0	0	0	0	0.00038222
2.8705e-05	0	0	0	0	0.00035888	0.00010137	0.00086671	0.00023816	0	1	0.00085497	0	0	0	4.0922e-06	0.00015119	0	0	0	0	0	1.9639e-06	0.00048002	0	0	0	0	0.0016495	5.9828e-05	0	0	0.0010317	0	0	0	0.00076104	5.534e-05	0	0	0	0.00040003	0	0	0	0	0	0	0
0.00012471	0	0.0012089	0.00027836	0	0.0020908	0	0.0018416	0	0	0	1	0	0	0	0	0	0	0.0003181	0	0.00029445	0	0	6.458e-05	0	0.00025284	0	0	0	0	0	0.00064458	0.0004	0	0	0	0.00033021	0	0	0	0	0	0	0	0	1.6671e-05	0	0	0
0.0011559	0	0	0	0	0	9.4237e-05	2.8954e-05	0.00020358	0	0	0	1	0	0	0.0019184	0.00021245	0	0	0	0	0.003076	0	0	0	0	5.1853e-05	0.0012323	0	0	4.0664e-05	0	7.8531e-05	0	0	0	5.611e-05	0	0	0.0004	0.00062177	0.0017924	0	0	0	0.0004	0	0.0004	0
0	1.3232e-05	0.00043552	0	0.0016631	0	0.0011557	0	0	0	0	0.00040316	0.001164	1	0	0.0008	0	0	0	0	0	0	0	0	0	0	0	0	0.00029626	5.7809e-06	0	0.00030161	0	0	3.6594e-05	0	0.00018796	0	0.00076841	0	0	0	0	0	0.00017576	0	0	0.00040626	0
0.0003998	0	0.000256	0.00016394	0	0.00032947	3.6348e-05	0	0	0	5.5773e-05	0	0.00021228	0	1	0	0	0.00047234	0.0021459	0.00034706	6.1631e-05	0.0015582	5.4785e-06	0	0	8.9077e-06	0	0.001211	7.9755e-05	0	0.0005675	0.00017068	0.00017127	0.00015337	0	0.000475	0	0.00015752	0.0012874	0.00088386	0.0013975	0	0	0.0021016	0.0004	0	0	0.0003908	0
0.00052384	0	0.00035385	0	0.00028168	2.4716e-05	0	0	0	0	2.2668e-06	0	0.0004	0.00030122	0	1	5.3177e-05	0	0	0	0	0	0	0	0.00050489	0	0	0	8.104e-05	0	0	0	0	0	0	0	0.0012	0.0001208	0	0	0	0.00026739	1.3338e-05	0	0	0.00054432	0	0	0
0.00015913	0	5.7561e-05	0	0.00038898	0.00014142	0	0.00011757	2.7552e-06	0	0	0.00048551	0.0004	0	0	0	1	0.0011307	0	0	0	5.5206e-05	0	0.00021875	0.00166	0.0001426	0	0	0	0	0	6.5367e-05	0	0	0	0.00025255	0	0	0	0.0004	0	8.8696e-05	0	0	0	0	0	0	0
0.0009593	0	9.7935e-06	0	0	0.001944	1.8407e-05	7.8668e-05	0.0004467	0	0	0.00024572	0	0	0	0	0	1	0.0020877	0	1.6423e-07	0.00098634	0	0	5.8337e-05	0	0	0.0004	0	0	0.0014136	0	0.0008	0	0	0	0.0015227	0	0	0.00036677	0	0.0004	0.00029026	0	0	8.8101e-05	0.0004	0	0
0	5.2916e-05	0	0	0.00071094	0	7.7937e-05	0	0.00050085	7.2926e-05	0.0037914	0.00019781	0	0.00087404	0	0.00029488	0	0	1	0	0	0	0	0	0	0	0	0.0008	0	0	0.0011687	0.00064922	0.0004	0	0	0	9.2017e-05	0	0.0012979	0	0.0004	0.00023375	0.00083781	0	0	0	0	0	0
0	0.0015688	0	0.00072453	0	0.0004	0	0.00013052	0	0	0	0.001437	0	1.9548e-05	0.0012242	0	0	0	0	1	0.0004245	0	2.1228e-05	0	0	0.00030742	0	0	0.00047198	0	0.0008858	0	0.0012	0.00035914	0.0010931	9.0283e-05	0.00037594	0.00028242	0	0.00011429	0	0	0	0.000655	6.1408e-05	0	0.00084234	8.7397e-05	0
0.00030908	0	0.00020332	0.00020548	0.0003326	0.0006535	0	0.0017035	0	0	0	0.00010497	7.5642e-05	0	0	0	0.00098672	9.0726e-06	0.00033888	0	1	0.00042656	0	0.00018633	0	0	0	0	0.00065566	0	6.9423e-05	0.00049109	0	0	0.00024986	0.00021226	1.4021e-08	0	0	0	0	0	0.00021077	0.00025096	0.00027271	0	0	0	0
0.00073367	0	0	0	0.00019174	0	0	5.9736e-05	2.6736e-05	0	1.5681e-05	0	0	0	0	0.000209	0	0	0.0020214	0.00020277	0	1	0	0	0.00020032	0	0	0.00042973	0	0	2.5142e-07	0	0	0	0	7.0233e-05	0	0	0	0	0.0009668	0.0018262	2.6025e-05	4.4996e-05	0	0	0	0	0
0.00014106	0	0	0	0	0.00064097	0.00030348	2.8763e-05	0.0024443	0.00012327	1.7995e-06	0.00088464	0	0	0	0	0.00030779	0	0	0	0	0	1	0	0	0.00021664	0	0	3.7299e-05	0.0008	0	0.00097062	0.001884	0.00025288	0	0	0.0001504	3.3155e-08	0	0	0	0	0	0	0	0	0.0004	0.0004	0
0	0	0.0038855	0	0	0.0018716	0.00056036	0.0010153	2.3169e-05	0.0004	0.00064399	0.0004	0	0	0	0.0014858	8.2602e-07	0.0024737	0	0	0	2.2725e-05	0	1	0	0.00017586	0	0	0.00028323	0.00054032	0	0.00018171	0.0004	0	3.5542e-06	0	0.0031683	0	0	0	0	0	0	0	0	0.00016683	0	0	0
0	0	0	0	0.00024383	0	5.0508e-05	0.00026188	0	0	0	0.00057502	0	0	0	0	0.00051278	0	0	0	0	0	0	0.00037408	1	0	0	0	0	0	0	0.00011085	0	0	0.00010368	6.3106e-09	0	0.00026962	0.0021743	0.0021687	0	0.0026347	0.0014474	0	0	0	0	0	0
0	0	0	0.00039083	0	0	0	0.0004794	4.5277e-05	0	0	0.00012853	0.00029814	7.2205e-05	0	0.00035628	0	0	0	0	0	0	0	0	0	1	0	0	0	0	0	0.0002015	0.00057959	0	0.00010282	0	0	2.5127e-05	0	0	0.00055512	0	0	0	0	0.00059062	0.00028788	0	0.0012268
0	0	0.00038238	0.000316	0	0.00015862	0	0	0	0	0	0	0.00018315	0	9.2872e-05	0	0.00014708	0	0.0022482	0	0	0.00085488	0	0	0.0004	1.9469e-05	1	0.0028442	0	0.0011295	0	0	0	0	0.00039033	6.656e-05	0	0	0.002897	0	8.0824e-05	0.00045403	0	0	0.00077532	0	0	0.0013215	0
4.8658e-05	0	0	0	0	0	1.771e-06	6.8201e-05	3.3862e-06	0	0.00018144	1.7127e-05	0	2.5995e-05	0	0.00038074	0	0	0.001491	4.7379e-05	0.00013233	0	0	7.35e-06	0	0	0	1	0	0	0.0003622	5.1922e-05	0	0	0	0.00063438	0	0.0008	0.00086706	2.5914e-05	0.00034317	1.7069e-05	0	0.0014236	0.00024995	0	0	4.9067e-05	0
0.00057055	0	0	0.00054836	0.00023602	1.8553e-08	4.9846e-07	0.00063732	0.00025727	0	0.0026496	0	0	7.0007e-05	0	0	0	0	0	0	0	0	0	0.0014354	0	0	0.00041677	0	1	0.00090783	0	0	0	0	0.00076614	0	0	0	2.2644e-05	0	0	0	0	0.00043723	0.00063844	0.00029647	0.0021772	0	0
0.00019424	0.00045116	0.00072227	1.7791e-05	0.00020418	0	6.2687e-06	0.0003259	0	3.7929e-05	0	0.00029407	0.00011651	5.8693e-06	1.9139e-06	0	0	0.0004	0.0011966	0.0001737	0.00046625	0.0016087	0	0	0	0.00017334	0	0	0.001129	1	0	3.3397e-05	0	0	0	0	0.0011501	0	0.0010219	0	0	0	0	0	0.0023608	0	0.00021685	5.118e-05	0
0	0	0.00050076	0	0.0022307	0.00031618	0	0.0012	0	0	0	0.00034598	0	0	0	0	4.5028e-05	0	0	0	0	0	4.9489e-05	0.00026541	0	0.00086268	0	0	0	0	1	0	0.00025445	0.00058414	0.0008	0.00012743	0.00028896	0.0002839	0	2.8669e-05	5.6761e-05	0	0.0023801	8.1604e-05	0	0	0	0	0.00045872
0.00010672	0	0	0	0.0011594	0	0.00010884	0.0015428	0.00045543	0	0	0	0	0.00017692	0	9.4276e-07	0	0	0	0	0	0	0.0012278	6.9535e-05	0	0.00019145	0	0	0	0	0	1	8.5758e-05	0	0.00044541	0	0.00036808	0.00014483	0	0	0	0	0	0	0	2.1023e-05	0	0	0
0	0.0011638	0	0	0	0	4.3733e-05	0	0	0	2.5888e-06	0.00031711	0	0	0.00055689	0	0	0	0.00055407	0.00038154	0	0	0.00090597	0	0	0.00087333	0	0	4.983e-06	0	7.0889e-05	0	1	0	0.00065866	0	0.00027855	7.6318e-05	0	0	0	0	0	0	0	0.00055758	0	3.1098e-07	0.0013247
0.001542	0	0	0	0	0	0	0.00010222	0.00034876	0.00024803	0	0	0	4.6455e-05	0	0	0	0	0	0	3.3743e-05	0	0	1.9731e-05	0	0	3.2795e-05	0	0	0	0	0.00057655	0.0006118	1	0	0.00067896	0	1.1457e-05	5.7576e-05	0	0.00069592	0	0	0	0	2.4078e-05	0.0014704	0	0
0	0.00037639	3.343e-05	0	0	0.00030591	7.419e-07	0	0	0	0	0	0.0004	1.5368e-05	0	0	9.0309e-05	0.0004	0	0	0	0.00036954	0	0	0	0.00012344	0.0019218	0.00045054	0	0	0	0	0	0	1	0	2.722e-05	0	0	0	0	0	0	0	3.8397e-06	0	0	0	0
7.8814e-06	0	0	0	0	0	0	0	1.621e-05	0	0.00011663	0.00051958	0	0	0	0	0	0	0	0	0	0	0	2.9887e-06	0	0	0	0	0	0	0	2.965e-05	0	0	0.00012837	1	0.00032189	0	0.00043021	9.2075e-05	0.00062829	2.5824e-06	0	0	3.0194e-05	4.718e-05	0	0.00043458	0
0	5.6786e-05	0	0	0	0	4.6995e-06	0.00025358	0	0.0013044	0.00047845	0	0	0	0	0	0	0	0	0.0004	0	0	0	0	0	0.0010771	0	0	0	0	0	0	0	0.0013969	0	0	1	0	0	0.0004	8.7006e-07	0	0	0	0	3.7941e-05	0	0	0
0	0	0	0	0	0	4.6216e-05	0	0.00029784	0	0	0	0	6.3031e-05	0	0	0	0	1.0225e-05	0	0	0	0	0	0	0	6.6822e-05	0	0.00074265	6.1931e-07	0	0.00015318	0	0	0	0.00034439	0	1	0	0	0.0010511	0	0.00012377	0	0	3.2412e-07	0.0011193	0	0
0.0004	0	2.8704e-05	0	3.5007e-05	0	0.0004	2.1162e-05	0	0	0	0	0	0	0.0008	0	1.3018e-06	0.0004	7.4943e-05	0	0	0	0	0	0.0013351	0	0	0.0014699	0	0	0	0.00024764	0	0	0	0.00014313	0.00030159	0	1	0.00040212	0	0.0012702	0	0	0.0001149	0	0.00018586	0.00073118	0
0	6.042e-05	0.00023156	6.5801e-05	0	0	0	0.0030956	0	0	0.00063589	0	0.0012	0	0	0	0	0	2.8157e-05	0	0	0.00047352	0	0	0.0004	0.0019258	0	0.00020112	0	0	0.0014375	8.7078e-05	0	0.00015466	0	0	2.2835e-05	0.0013857	0	1	2.1634e-06	0	0	0.00040177	0	0	0	0.0018187	0
4.9134e-05	0	0.0010365	0	0	0	0	0	0	0	2.6179e-09	0	0.0013494	0	0	0.0012542	0	0	0	0	0	0.00087257	0	0.00034316	1.2851e-05	0	0	0	0	0	0	0	0	0	0	0.00011014	0	0	0	0	1	0.00018349	0.0050761	0	0	0.00075696	0	0.0004	0
8.8349e-05	0.0031682	0	0	0	0	0	0	0	0	0	0	0	0	0	0.00024763	0	0	0.00044721	0	0	0.00050209	0	0	0.0004	0	0	0	0	0	0.00065732	0.00054028	0	0.00029688	0	0	0	0.00044938	0	0	0.00014403	1	0	0	0	0	0.00025182	0.0004	0
0	0.00016509	0	0.00041273	0.00071008	0	0	8.7585e-05	0	0	0.00016481	0	0	0.00020821	4.9015e-06	0	0	0	7.6532e-05	0.00060073	0.00099511	0	0.0016852	0	0	0.00089632	0	0	0.00025864	0	0.00062671	0	5.4497e-05	0	0	9.4589e-05	0	0	0.0004	0.00035824	0.0034211	0	1	0	0	4.1554e-06	0	0	6.7082e-05
6.6961e-05	0.00076219	0	2.7909e-06	0	0	7.6129e-05	0.00027418	0	0	0	0	2.4022e-06	0.00024204	0	0	0	0	0	4.4085e-05	0.00016543	0	0	0.00034476	0	0	3.4914e-05	0	0.00031575	0.00062672	0	0.0014128	0	0.00045307	0.00010212	7.3717e-05	4.8429e-06	0	0.00043561	0	0	0	0	1	0	0	0.00091794	0.00076603	0
0	0.00093473	0	0	0	0.00026484	1.1725e-05	0.00017559	7.4028e-06	0	4.9641e-05	0	0	0	0	0	0	0	0	0	0	0	0	0.00011427	0	6.6761e-05	0	0	0	0	0	0.0016464	0	0.0001698	0	0	0.00023529	6.6011e-05	0	0	0.0016364	0	0.0004	0	1	0	0.00039856	5.6915e-05	0
0	0.00084976	0	0	0	0	0.00019756	0.00043691	0	0	0	0	0	0	0	0	0	0	0	0	0	0	0	0.000145	0	0.0011172	0	0	0.00060299	0	0	0	0.00082785	7.6885e-06	0	0.00016974	0.00026064	0.00080735	0.0017693	0	0	0	0	0	0.00051516	1	0.0011342	0	0.0015557
0	0	0	0	0	0	0.00044615	0.00036829	1.9486e-05	0	0	0	0.0008	2.8426e-05	0	0	0	0	0	0	0	0	0	0	0	0	9.7489e-05	0.00021458	0	0.00094699	0	0.00042948	0.0018698	0	0.00034575	6.4005e-05	0	0	0.00076478	0.00052516	0.00039102	2.8304e-05	0	0.0022029	0.00035658	0	1	0	0
0.00015257	0.00082859	0	0	0	0	0	0.00020393	0	0.00017016	0	0	0	0	0	0	0	0	0	0	0	0	0	0	0	9.892e-05	0	0	0	0	0.00034172	1.0786e-05	2.0905e-07	0	4.2003e-06	0	0.00034802	0	0	0	0	0	0.00051038	0	0	3.9215e-06	0	1	1.0012e-05
0	0	0	0	0	0	0	0	0	0	0	0	0	0	0	0	0	0	0	0	0	0	0	0	0	0	0	0	0	0	0	0	0	0	0	0	0	0	0	0	0	0	0	0	0	0	0	0	1
