IC05	IC08	IC09	IC15	IC16	IC17	IC18	IC19	IC20	IC23	IC24	IC26	IC27	IC29	IC31	IC33	IC36	IC37	IC38	IC41	IC42	IC43	IC44	IC45	IC46	IC47	IC48	IC49	IC50	IC51	IC54	IC56	IC58	IC60	IC62	IC63	IC64	IC65	IC66	IC67	IC68	IC69	IC71	IC72	IC73	IC74	IC75	IC76	IC77
0.1957	-0.0764	-1.2572	0.8802	0.3889	2.1536	-0.9286	-0.1934	-0.3721	0.2204	0.1875	-0.2466	1.3867	0.1225	0.3288	1.4655	0.8207	0.4641	-0.4359	0.7821	0.7832	0.0169	0.6067	-1.0469	0.7344	0.7516	-0.6411	-0.1593	0.2642	0.5152	0.4510	0.5892	0.8707	-0.4045	0.6050	0.8003	0.6795	-0.3337	-0.3661	0.3358	-0.7861	1.9485	-1.0614	-1.0677	1.8074	0.2185	-1.7161	0.0812	-0.3742
0.1119	1.4974	-1.7138	0.1830	0.1985	1.1769	-0.7843	0.1189	-1.4521	2.0230	0.1787	0.8476	0.7209	0.6828	-0.0531	1.1548	-0.2146	0.4406	0.9108	0.1833	0.4651	0.6678	-0.9696	-0.0525	-0.2332	0.3210	0.0047	-0.0548	-0.5645	-0.0819	1.0630	-0.6436	1.3172	1.7415	1.2406	0.4015	-0.5726	0.2279	0.7048	1.9428	1.0679	-0.8625	0.7635	0.3222	0.3799	0.6102	-1.3541	-0.2614	1.1514
0.0206	0.8311	-1.6049	-0.4866	0.0301	0.1207	-0.2990	0.4524	-0.6846	-0.2425	0.5059	0.6886	-0.4716	-0.0370	-0.0402	-0.7168	-0.6679	1.5841	0.0644	0.0603	0.1992	0.2565	-0.9862	-0.0802	-0.2232	0.9934	0.9776	0.8017	0.3849	-0.2190	1.0707	0.0541	0.1028	1.1927	0.9033	0.8952	-0.1504	0.3777	0.5391	0.8595	1.6890	-0.1116	1.6795	0.4582	0.1542	1.0707	-1.4714	-0.9358	1.3852
0.7675	0.3019	-0.5131	-0.1935	-0.8795	-0.4064	0.7123	-0.5012	-0.2460	0.8877	1.3551	1.1898	-1.1037	-0.0544	1.1175	-0.7426	0.1620	1.8031	-0.4016	0.1315	0.2464	0.5423	0.6143	-0.1621	0.3810	0.6104	0.3081	-0.3182	-0.1294	-0.5493	-0.2265	0.8097	0.9649	-0.0001	0.7025	0.5895	1.2873	0.2757	-0.0765	0.2003	0.4221	2.3641	0.8824	-0.2024	0.6373	0.3269	-0.5493	-0.2863	1.1298
0.2033	-1.1124	-0.5524	0.3554	-1.7075	0.5687	0.7334	0.2569	-0.7956	0.0743	0.0118	0.1504	-0.5629	-0.0859	-0.7053	-0.6381	0.4318	0.4787	-0.7061	-0.9576	-0.2117	-0.3336	-0.6780	0.6079	0.5970	-1.2183	-0.8417	-1.1869	-0.9594	0.8000	-0.9548	-0.1459	0.2636	-1.1005	0.3398	0.0770	1.5195	-0.4523	0.3557	-0.6616	-0.3912	1.9562	-0.0601	-1.5726	-0.3017	-0.9505	-0.0125	-0.1779	0.0296
0.0947	-1.6811	-0.6704	0.2142	-0.9988	1.3971	-0.2235	1.3242	-0.9640	-1.5795	-0.8542	0.3901	0.5758	-0.3977	-0.4782	-0.1567	0.2258	-0.3572	-0.9267	-0.5222	-1.1668	-0.8539	0.2853	-1.0856	0.1473	-1.5926	-0.5022	-1.5800	-1.9814	-0.0835	-0.9292	0.8928	-0.4212	-1.6925	-0.3101	0.2330	0.1164	-1.3712	-0.4452	-0.5314	-0.3150	-0.2627	-0.2029	-0.2941	0.4249	-0.8781	-0.0111	-1.1947	-1.4253
0.7362	-0.5073	0.2116	-0.1410	-0.0508	1.4531	-0.6397	0.7937	-1.1872	-1.0172	0.1154	0.3777	0.6604	-0.8371	-0.3677	0.6267	0.4935	0.2952	-0.7385	-0.3139	-1.2785	0.4953	-0.1863	-0.0693	0.6220	0.1758	-0.7909	-0.7184	-2.0267	-0.2498	-1.4205	0.0406	-1.0832	-1.1248	-1.1330	0.7256	-0.8532	-1.0832	0.0179	0.0254	-0.5090	-0.6888	-0.1067	0.4633	1.2865	-0.2597	0.5701	-1.3098	-0.4824
0.5151	0.4788	0.8639	0.3767	-0.5246	0.2564	0.3919	-0.1383	-0.0057	0.0933	-0.6142	-0.8311	0.6477	0.0357	-1.1402	0.5106	1.6148	0.8077	-0.6274	0.1363	-0.8168	1.3510	-0.4392	-0.0474	1.8817	0.8643	-0.3734	0.5305	-1.1305	0.0333	-1.3463	-0.4265	-2.5119	-0.0675	-0.5222	1.1566	-0.6122	-0.3601	2.3036	-1.0796	0.3224	0.2387	0.2634	-0.4682	0.1476	1.5945	1.6664	0.2274	0.4372
0.1934	0.8768	0.3700	0.8375	-0.5776	-1.4986	2.1592	0.1114	1.8886	0.5082	-1.2406	-2.9836	0.1246	0.3904	-0.9398	0.1754	-0.3214	1.1328	-0.1748	1.5523	1.3673	0.0786	3.2403	0.0476	1.4081	-2.6289	0.1923	1.9856	0.2243	-0.3746	-1.0774	-0.3800	-2.3233	1.3035	0.8191	-0.3618	3.0328	0.5314	2.5535	-0.8685	1.5648	0.8536	0.9400	0.6185	0.5733	2.1737	2.8168	2.5393	1.0205
-0.1355	0.4336	2.8172	0.5821	1.7930	0.1478	0.5124	1.5410	-0.0102	-1.1254	0.0713	-1.6242	0.2015	-0.0680	0.1934	0.5391	-0.7298	-0.7156	-0.8767	0.2773	1.0013	-0.0810	1.1397	0.1805	0.6835	-0.0395	-0.3221	0.8094	0.9157	0.3311	-0.0562	-0.6696	1.1420	1.7171	0.1378	-2.1431	0.8940	0.6592	0.5413	-0.4878	0.3564	0.5291	0.4325	-0.2322	0.6099	0.7483	1.3798	1.9860	0.7623
0.1254	-0.0107	2.5697	-0.6409	1.9429	-0.7532	-0.2473	1.5177	-1.0019	0.2299	0.8101	-0.5510	-0.0910	0.3716	0.5045	-0.1120	-0.3574	-1.7644	-0.4290	-0.9809	-1.1767	0.0763	-0.0509	-0.0886	0.0289	0.9505	0.2964	0.2085	0.2387	-0.3958	0.7420	-0.0562	0.8349	0.7727	0.1497	-1.2131	-0.6764	1.2641	0.7295	-0.8099	1.0823	-1.9385	0.6073	0.0134	-0.2674	-0.2279	-0.6989	1.2036	-0.6765
-0.8747	0.0574	2.0070	-0.5654	0.2186	-1.2529	0.7406	0.6765	-0.3056	0.8440	0.3840	0.0214	-1.1792	1.1935	0.8078	-0.8152	1.2542	-1.3506	-1.3639	-0.3750	-0.4820	-0.6887	-0.1251	-0.8897	0.4881	0.8228	1.1903	0.6316	0.4349	-0.2200	1.2013	1.4120	1.0745	0.0083	-0.3459	0.2320	-0.6704	1.7787	0.5490	0.8602	0.1648	-1.1198	-0.3862	0.5685	0.1353	0.2904	-0.9973	1.2426	-0.4512
-0.5391	0.6067	0.0929	-0.2008	-1.4802	-0.3973	0.1147	-0.8481	-0.3408	0.5759	1.3879	1.2180	-1.6969	1.6131	1.0269	-0.8881	1.4923	-0.8466	-0.0606	0.4723	0.1697	0.3892	0.5897	0.0562	-0.1340	1.0034	1.1305	-0.2932	0.2990	-0.4807	1.3626	0.4339	0.0754	-0.3493	-0.4660	1.1341	0.1191	0.8810	0.6169	1.2045	-0.2632	-0.3375	-0.3377	0.9393	0.0500	0.7110	-0.8656	1.2050	0.1430
-1.3811	-0.3345	-0.7029	-0.4367	-1.5988	-0.3119	-0.1804	-0.1259	1.5524	0.0866	0.6876	0.1176	-0.4013	0.8416	-0.5252	-0.6918	0.2063	-0.8469	0.9616	0.8418	0.2265	-0.9306	-0.1045	-0.6512	-1.2647	0.0648	1.3864	0.5457	-0.4596	-0.5990	1.0519	0.4836	-1.0753	-0.3464	-1.0557	0.3869	-0.5119	0.2621	0.3990	0.4599	0.4020	-1.2298	0.1487	0.2536	-0.4973	0.1125	-0.0231	0.6685	-0.3139
-0.7968	0.0280	0.8532	-0.1918	-0.5473	0.8811	-0.3831	-0.0500	2.0474	-0.5484	-0.1297	-0.4057	0.7566	0.9711	-0.4211	0.3697	0.6844	-0.4264	1.0382	1.1492	0.9054	-0.4647	-0.8736	-0.6449	-0.6552	-0.2028	0.1904	1.6482	-0.0867	1.2057	1.3555	-0.7829	-0.2983	-0.1145	-1.2017	-0.0765	-0.8368	-0.6273	0.1376	0.0670	-0.1574	-0.1624	0.1678	-0.0546	-0.2636	-1.2793	0.6288	0.2140	-1.1918
-0.0512	0.3507	0.0968	-0.3837	0.6533	0.1283	-0.4088	-0.8102	0.6209	-0.6692	0.7615	-0.2661	0.9960	1.0232	-0.1429	0.2333	0.1524	-1.2583	0.9428	0.0696	-0.1068	-0.4113	-0.8735	0.1720	-1.0816	0.5295	-0.1854	1.5212	-0.0095	0.0926	1.2192	-1.2037	-0.9148	0.0583	-1.5720	-0.1795	-0.3987	-0.0910	0.3096	-0.7883	0.1128	-1.8883	0.4904	0.6750	-1.2699	-1.1393	0.5544	-0.1498	-0.5631
0.3753	0.4084	-0.3847	-0.3630	-0.3859	-0.4267	0.1181	-1.1464	0.3397	-0.1123	0.8447	0.4014	0.3223	1.7004	-0.0033	-0.1517	0.8631	-0.8147	0.4186	0.0991	0.8850	-0.8591	-0.7304	-0.2811	-1.0519	1.1911	0.0539	1.2968	0.7612	-0.1124	1.3523	-0.3216	0.4843	-0.4665	-1.0831	0.3919	-0.5835	0.8958	-0.7114	0.0245	-0.0289	-1.2682	-0.1595	1.3318	-1.0066	-1.0678	-0.0792	0.1050	-0.2825
1.8200	0.8824	-0.7529	1.3728	-0.3908	0.5192	-1.6134	-1.7430	0.4243	-1.5062	0.6994	1.4774	0.6044	2.0154	0.5215	1.2747	1.3172	0.1320	1.6681	-0.4044	0.9177	0.3928	0.4527	0.8306	-1.0903	0.1778	0.0458	0.5011	1.2832	0.0539	1.3148	-0.4339	0.3880	-0.0813	0.1585	-0.0230	-0.1135	-0.8985	-0.9563	0.0636	-0.1091	-0.7580	-0.2396	2.3067	-0.1046	-0.3889	-0.1166	0.0206	-0.9179
0.8926	-0.9707	-0.8209	0.2721	-0.3949	-1.1512	-1.0314	0.0632	1.2778	-1.9225	0.0553	0.9759	-0.2796	1.7436	-0.6648	-0.9220	1.3473	0.2364	1.8886	0.1156	-0.5370	-0.2667	-0.8094	0.6865	-2.0721	0.2008	-0.3373	-0.6697	1.5373	-0.5735	1.0696	-0.2531	-1.0632	-0.3985	-0.4717	-0.0262	0.0224	-0.0881	-0.0753	-0.7975	-0.3188	-1.9398	-0.3014	1.5028	-1.3667	-0.0258	0.1767	-0.4203	-0.1525
0.7955	-0.6001	0.4645	0.2545	0.5057	-0.6961	-0.1162	-0.2737	0.9228	0.1529	-0.0381	0.9770	-0.4199	0.8819	0.1723	-1.1205	1.0952	-0.4009	1.0291	1.1379	0.1473	0.3620	0.1137	0.3134	-0.9813	0.8330	0.2407	-0.7460	1.1923	-0.9014	1.1176	-0.0957	0.3216	-0.6183	-0.7281	0.8048	-0.3358	0.6935	-0.0150	0.0147	-0.2719	-1.7619	-0.2459	0.9290	-0.9689	-0.5006	-0.2145	-0.5293	-0.6302
0.4818	0.6550	0.3805	-0.9836	1.0854	-1.3679	-1.2528	-0.6130	-0.6947	0.9864	1.0329	1.2961	0.5052	0.9563	1.4328	-1.1636	-0.3516	-0.4195	1.7945	-0.3004	1.0302	1.1117	0.3490	0.8571	-0.0863	-0.2896	0.4293	-0.4335	1.1548	-1.9311	-0.3475	-0.6196	0.0227	-0.0545	1.4053	0.6215	0.4692	-0.7124	-0.2471	0.3446	0.1111	-0.3958	-0.4940	2.1625	0.5674	0.4363	0.3165	-0.3103	-0.3555
-0.9820	0.1606	-0.1901	-0.0423	1.1078	-1.0398	-0.8818	-1.5068	0.0123	0.4949	0.8183	-0.9703	1.0942	-0.4742	0.7910	-1.7126	-1.2952	0.0400	-0.3082	0.3060	1.0154	-0.6506	-0.0630	-0.9331	0.4713	0.1190	0.1319	1.2190	0.8989	0.0535	-0.9423	0.3845	0.3142	0.0246	1.1766	-0.1023	0.0365	1.0554	-0.8669	0.2144	0.6390	0.2322	-0.7028	0.3880	0.2514	0.8661	0.0319	0.7216	0.4554
-0.1256	1.1678	-0.1082	1.6279	1.6897	-0.2318	-0.6871	-1.0255	0.1645	1.0557	0.4259	-1.9476	-0.1188	-1.1558	1.4606	-0.6571	-1.4946	-0.0187	-1.7178	0.8000	1.2471	0.2949	0.9454	-0.8955	0.6127	0.1029	1.7365	1.5829	0.1502	2.2539	-0.1655	0.7438	1.4125	0.7333	0.7634	-0.0970	0.0358	1.5454	-0.2628	-0.2805	0.8316	1.4437	0.2390	-0.5229	1.6407	0.0362	0.4119	1.5701	0.1161
0.4191	0.2789	-0.5222	0.8231	1.2830	0.5691	-0.9531	0.5070	-0.4614	0.9558	0.2780	-0.0902	-1.2443	-1.9147	0.4958	-0.1367	-1.5709	0.2093	-0.8759	-0.2369	-0.1320	1.5778	0.5212	2.0336	0.0197	-0.8537	1.0387	-0.6506	-0.3140	1.7207	-1.2904	0.4884	0.6101	0.2168	0.4177	-0.2270	0.2125	-0.7957	-0.9103	-1.0403	0.2234	1.8222	-0.1354	1.2404	1.3711	0.6338	1.5243	0.4675	0.1547
-0.9345	-0.8681	-0.0867	-1.2207	-0.9529	-1.0994	1.3628	-0.0317	0.4695	0.9370	-1.0080	1.0989	-0.4993	-2.2456	-0.9689	-1.1508	-1.3357	-0.7696	-0.0016	-0.3360	-1.0005	-0.1188	-0.9696	2.8817	-0.5150	-1.1083	-0.8458	-0.5933	-0.6459	0.3569	-1.0376	-0.6409	-0.8497	-0.4269	-0.5494	-0.1601	0.4788	-1.0327	-0.2490	-0.5776	-0.6871	0.1813	-0.4125	0.0199	-0.2013	-0.0343	-0.2166	-0.8517	2.1369
-0.8355	0.0595	0.5637	-0.7709	-1.9031	-0.3661	1.6145	-1.0464	0.5117	0.4256	-1.3204	1.2669	0.6003	-1.0814	-0.5461	-0.3511	-0.1875	-0.8730	0.1494	-0.8479	-0.7831	-0.7462	-1.5745	1.1481	-0.3908	-1.1505	-2.0279	-0.0790	-0.5813	0.8958	-0.8635	-0.6951	-0.2350	-0.2134	-0.2970	0.6221	-0.4465	-0.2819	-0.5979	0.2785	-0.3347	-0.1884	-0.6911	-0.3286	0.1194	-1.7914	-1.0887	-1.6258	0.8312
-0.3945	-0.1087	-0.3735	0.2633	-0.7744	1.6976	0.2446	-0.8729	-0.2257	0.7631	-0.0477	0.0379	0.2071	-2.3162	-0.7028	0.1100	-1.1954	0.2746	-0.0208	-2.1453	-1.8196	0.6573	-0.8832	0.6827	-1.5024	-1.6588	-1.8793	-0.4956	0.0579	2.0566	-1.2116	-0.1820	-0.2400	-0.3050	0.2832	0.1353	0.6765	-0.6075	-1.1918	-0.0197	-0.0715	-0.4148	-0.1676	0.2493	-0.2134	-2.3667	-1.3577	-1.8347	-0.5837
-0.9226	-0.9440	-1.2781	0.1378	1.1613	-0.6292	0.2865	0.7041	-0.1916	0.8395	-0.9366	-1.9318	-1.2193	-3.1930	-0.4614	-1.2842	-2.4124	-0.0040	-1.0003	-1.1978	-1.0864	0.6046	-0.5131	0.4522	-1.4851	-1.1585	-0.8693	-1.3738	0.4229	0.5656	-1.9978	0.3152	-0.7463	-1.3630	-1.5349	-1.2794	0.8926	-1.2777	0.0300	-1.0480	-0.8572	-0.1826	-0.2581	-0.0687	-3.1207	-0.9922	0.7547	-0.9875	-0.4376
-1.6508	-1.0456	-0.0461	-0.2201	0.5019	-0.8975	0.6880	1.1842	-0.4461	-0.1369	-1.3163	-1.1981	-0.9387	-2.1176	0.8725	-0.3822	-1.1566	-0.0356	-2.2955	-0.2710	-1.5113	0.3793	-0.0582	-0.1171	-0.6377	-0.3758	-0.8061	-0.6643	0.2289	0.3134	-1.1045	1.1635	0.2395	-1.2264	-1.9587	-0.6484	0.7420	-1.2779	-0.8544	-0.6766	-1.5408	1.4178	-0.9834	-1.0908	-1.3226	-0.6585	1.1280	-0.4909	-0.6722
-0.4609	-0.9185	-0.1429	-0.1223	-0.1489	0.3856	0.5902	0.3218	-1.5572	-0.4482	-0.1555	-1.3204	0.1275	-0.5990	-0.7679	0.8784	-0.0130	1.1965	-0.5209	-0.4351	-1.3418	1.3413	0.2667	-1.2316	0.1499	-0.0800	0.6827	-0.0135	-0.6598	-0.0117	-1.0800	-1.8890	-0.7898	0.6339	0.2559	-0.1311	-0.1341	0.1907	-1.6079	-1.9456	-1.0464	0.1856	-0.2288	-1.4768	1.1114	-0.0464	-0.7381	-0.5922	-0.3839
0.1883	-0.3305	-1.4798	0.2699	0.1312	0.4937	1.2841	0.4337	-0.7610	1.1039	-0.7556	-0.1851	-0.3932	-0.7716	-1.2015	1.0722	-2.0785	0.2357	-0.0942	-0.0122	1.4375	0.0728	-0.6859	-1.0983	-0.1985	-0.6930	-0.6598	-1.1228	-0.6436	-1.6239	-1.1789	-0.7731	0.9207	0.9727	0.3119	-1.9422	-0.9051	0.0917	0.1900	0.3221	-0.1821	-1.5609	0.9496	-1.8350	-1.1924	-0.0288	0.4134	0.1695	0.0354
1.0993	0.2964	-0.9246	-0.3029	0.0502	-0.8745	0.3920	0.1048	0.4100	0.6486	-0.7999	0.2353	0.4225	-0.4870	0.0982	0.5164	-1.4569	-0.7860	-0.1063	1.0809	1.2062	-1.1753	-0.0019	-1.7593	-0.1880	0.7213	-1.3823	-1.4408	1.1093	-0.1422	0.5652	0.1709	0.3985	2.1209	0.9268	-2.5352	-1.2933	-0.0735	-1.2439	-0.0472	-0.9660	0.8322	0.5215	-0.6504	-1.0942	0.9215	0.8691	0.0058	0.2161
0.5525	0.0467	-0.2688	-0.9845	0.4208	-1.8109	-0.4171	-0.5480	0.7917	0.3256	-0.3382	0.7033	0.1638	0.0290	1.1470	0.2106	-1.0899	0.3389	0.9006	-0.0407	0.5437	-0.5083	1.1177	0.2156	0.7143	0.9409	0.1170	-1.5526	0.1370	-1.2826	0.7334	0.5533	0.2911	0.8289	1.3577	-1.2624	-0.7188	0.1033	-1.6560	0.5303	-0.3211	0.7071	-0.2309	-0.1815	-1.7455	0.1343	0.4348	0.4545	0.2416
-0.4728	-0.5282	-0.3075	-1.1679	0.5482	-0.3467	0.7410	0.2265	0.3510	-1.2762	-1.5037	-0.1708	0.5614	-0.8874	-0.0580	-0.0516	-1.6800	0.4190	-0.1567	-0.1063	0.4549	-0.8395	0.3973	1.3044	-0.0548	-0.4203	-0.1657	-0.8478	-0.4671	-1.1673	-0.1867	0.8901	-1.0451	-0.5639	0.1615	-0.6405	-0.4701	-0.2668	-1.3582	0.8171	-1.1256	0.3770	-1.0227	-1.4582	-2.3034	-0.3403	-0.3961	0.6013	1.2136
-1.3072	0.2103	1.0085	-0.8071	0.2837	0.9953	1.4581	0.2989	-0.5506	-0.8728	-1.6338	-0.1579	0.8476	-1.1617	-0.1306	0.9786	-0.1298	0.4580	-0.4598	0.2347	0.1207	-0.0132	-0.2314	-0.1850	0.2735	-0.7412	-0.0788	0.6747	-1.2046	0.6428	-0.2673	1.0203	-0.6269	-0.6851	-0.3572	0.7129	-1.5527	-0.6684	-1.1516	-0.0284	-1.1634	0.2769	-1.0691	-2.4512	-0.3179	-0.5690	0.6415	0.2827	1.2864
-0.4525	0.7524	0.3829	-1.0574	0.9860	0.3406	1.5252	0.1727	-0.1107	0.2813	-0.3699	-0.0583	-0.9702	-0.7716	0.2260	1.7169	0.0093	0.1606	-1.4142	0.6154	-1.8408	-0.1509	-0.3575	0.4687	0.1262	0.3265	-0.6397	0.4429	-1.0734	0.3626	-1.5392	0.3668	-0.3582	-0.0125	-0.6359	1.6750	-0.8284	-0.9479	-0.3553	-0.8106	0.1178	-0.7347	0.1424	-1.8028	-0.6920	0.8311	1.4601	-0.4512	0.7934
0.2617	0.2242	0.6967	-0.5248	0.4713	0.2824	1.9298	0.2101	0.1152	1.1282	-0.6284	0.2336	-1.3702	-0.4913	0.3783	2.8456	0.2715	-0.1499	-0.7243	0.8037	-0.7587	0.4092	0.6558	2.2334	0.4407	0.6775	-0.7899	-0.3186	0.4089	0.1892	-1.8047	0.4619	0.7461	-0.7468	-0.4743	1.7820	-0.1331	-0.6221	-1.2129	-0.2527	-0.7396	1.0304	-0.3263	-1.1958	-1.0398	0.0926	-0.0256	-1.0526	-0.7684
1.2373	-0.5241	-0.0725	-0.5916	-0.9430	0.0605	0.0775	0.1902	-0.7015	0.1209	-0.4137	0.4356	0.1898	-0.1923	-0.5398	1.8676	-0.9582	0.1872	1.4692	-0.2942	-1.2195	0.7114	0.9384	0.5703	-0.8211	-0.9699	-0.0354	-1.2071	0.0923	-0.2645	-0.8274	-0.0712	0.0037	0.4646	0.5026	0.5160	0.0346	0.2008	-2.8973	0.3635	-0.5648	0.1860	-0.4304	0.0272	0.6058	-1.0001	-1.3895	-1.8453	-1.6013
0.9132	-1.5641	-0.9465	-0.7855	-1.2092	-0.7213	-0.5810	0.6978	0.8172	-0.4623	-0.8667	-0.5479	0.4931	-0.5326	-1.3021	-0.2171	-1.3505	-1.1809	1.6219	-0.3378	-1.0589	-0.9747	-0.8660	-0.5438	-3.1283	-1.3007	-0.9489	-1.6648	1.3526	-0.6508	1.4753	-0.6543	-1.3830	0.5000	-0.3854	-2.2536	0.4683	-1.1552	-1.9846	0.6850	-0.8933	0.3797	-0.7248	-0.8632	-0.2702	-0.5757	-0.7588	-1.0709	-1.2720
-0.5376	-1.1174	0.6058	-0.0926	0.6421	-1.2340	0.3007	0.6350	1.8750	-0.6545	-2.0341	-0.3194	0.0827	-0.6864	-0.7182	0.0194	-0.6850	-0.6815	1.3016	0.1376	0.8104	-1.5201	-0.5174	-1.0847	-0.6245	0.3656	-0.1270	-0.5022	1.1476	-1.0346	1.3545	0.9766	0.6611	-0.3137	-0.8738	-2.3719	-1.2302	-1.0420	-1.5031	0.7761	-1.7149	1.0578	-1.2964	-0.6366	-0.2675	-0.3828	0.6298	-0.8462	-0.6636
0.7433	0.3443	1.3066	0.1245	0.5165	-0.7323	-0.7917	-0.3407	1.4900	-0.3694	-1.1124	0.6343	0.3227	0.1656	0.0090	0.2633	0.6700	1.0190	2.3913	-0.1716	0.4787	-0.2743	-0.6993	-1.0528	1.0522	0.3622	0.8141	0.6879	0.6191	0.0711	1.3265	0.4256	1.0046	0.0407	0.1973	-0.7127	-1.8566	-0.2153	-0.5444	0.6411	-1.1097	0.3899	-1.0814	-0.6892	0.7221	-0.7180	0.3070	-0.3185	0.0747
0.5913	-0.0245	0.4485	0.0192	0.1604	-0.4510	-0.5403	0.1324	0.0532	0.0242	-0.1168	0.8953	0.2335	0.9789	-0.2498	0.3279	1.3518	-0.7165	1.8903	-0.9997	-0.0081	-0.8692	-0.6553	0.3543	0.8508	0.1651	0.5138	0.4301	0.5471	0.4168	1.0085	-1.3463	0.2491	-1.3353	0.4928	0.2781	-0.7019	0.4332	0.4727	0.4956	0.1385	-0.6591	-0.3626	-0.8986	0.2155	-0.4245	-0.2945	-0.1845	-0.2721
-0.6525	0.0940	0.2894	1.0863	0.4760	0.6175	0.0354	0.3103	-0.6552	-0.5615	-0.3403	1.0905	0.4857	1.5285	-0.3991	1.0490	1.5155	-1.1742	0.7769	-0.9374	1.1228	-0.4570	-0.3008	0.1385	1.0614	-0.4582	0.2010	-0.3238	0.2949	0.5992	-0.1122	-1.2086	1.9462	-0.9688	1.0278	0.4395	0.0930	0.0538	0.5592	0.8670	0.0367	0.3999	-0.4777	-0.0777	1.0029	-1.0599	-0.3400	-0.2540	-1.3094
-0.3497	-0.3958	0.0306	1.4468	-0.0341	1.7097	-0.7630	-1.2951	-1.3408	-0.8892	0.0515	2.3068	-0.4342	1.4243	0.3517	0.4781	1.8722	0.5800	1.1714	-1.0026	0.3138	1.4751	-0.2492	-0.3577	1.8880	0.6757	-0.3502	-0.9597	-0.1446	0.0353	-0.5366	-0.7207	1.9794	0.6431	1.6971	-0.0686	0.1276	0.2624	0.7636	0.7866	0.0945	0.3344	0.0276	0.5991	1.6764	-0.4009	-0.5117	-0.6104	-0.7776
-1.8253	-1.8135	-0.4295	0.9383	-0.1613	0.8102	-0.9455	-0.8706	-1.7108	-1.3057	-0.1919	0.1575	-0.2799	0.8381	-1.2531	-0.7705	2.4160	0.1241	0.3206	-1.1819	0.4727	0.2434	-1.6500	-0.0875	1.8610	0.7633	0.2988	-1.0573	-0.7100	-0.3092	-0.4785	-0.9056	-0.7610	0.1361	0.6990	-0.3833	0.7886	0.9332	3.0826	-0.9861	1.2399	-0.9791	0.3095	0.2220	-0.2511	0.8947	0.0262	-0.7584	-0.2185
0.4225	-0.1130	0.8968	-0.0658	0.5251	0.6499	-0.8894	-0.0670	-1.8387	-1.0535	0.9410	-1.1380	0.2073	0.8336	-0.6103	-0.1324	1.8618	-0.1285	-0.1366	-0.7649	-0.5849	-0.6647	-0.8182	-2.1424	1.1281	2.1200	0.2419	0.3371	-0.0903	-0.9635	0.5390	-1.4752	-0.3780	1.1006	1.1543	-0.1330	-0.1885	2.4007	1.5620	-1.0199	0.9784	0.8449	0.7238	0.5748	-0.1563	1.2608	-0.9936	-0.4999	0.2019
1.7938	0.8533	0.4857	-0.2111	-0.0011	0.3291	-1.2308	-0.5906	-0.1545	-0.1433	1.4141	0.4722	0.4559	-0.0309	1.7779	-0.4105	-0.9526	0.3695	0.3269	-1.2028	-0.2608	-0.6432	1.1256	-1.5077	0.0423	1.2387	0.7393	0.2746	-0.0520	-0.6023	1.8727	0.5160	0.8682	0.8318	1.2788	-1.0275	0.0295	0.6317	0.0013	1.5807	-0.3698	1.5707	1.4185	0.4358	0.9687	-0.4959	-1.0115	-0.0341	-0.3548
0.8914	0.5568	-0.3356	-0.4981	-0.2792	-0.2903	-1.3881	-0.0593	1.1298	0.5067	0.9672	-0.1577	0.0854	-0.5625	0.7744	-0.3763	-1.6151	0.9959	0.7222	-0.6303	0.7837	-0.5930	-0.0453	0.9285	-0.2991	-0.0264	0.9086	-0.0454	0.1930	-0.1781	1.2900	0.2660	-0.1083	0.4986	0.3395	-1.5131	0.6964	-0.4056	0.4543	1.4668	-0.0944	1.0990	1.6651	-1.0957	0.1816	-1.2282	-0.5458	0.1472	-0.2913
0.8575	1.1336	-0.4388	-0.3959	0.5479	0.8283	-0.1271	0.6283	1.3943	0.3695	0.3466	-0.4243	0.0201	-1.3549	0.4467	-0.1450	-0.9875	0.1038	-0.6149	1.5326	1.1080	-0.5947	0.7913	0.7684	1.3907	1.4721	0.4334	0.2245	0.0195	0.5787	0.3118	0.6019	0.2351	-0.1968	-0.5775	-1.4381	-0.1984	0.2922	-0.0971	-0.1673	0.3526	1.2244	1.3092	-0.3967	0.6111	1.4256	0.0952	0.6871	0.9634
-0.0766	0.4018	0.6314	1.2272	-0.0519	1.5785	-1.9780	-0.2422	0.2872	-1.8120	-0.4424	0.1110	-0.1257	-0.0700	0.3931	0.4633	0.7529	2.1058	0.2836	0.9130	1.1741	1.3346	1.4715	0.1555	3.6543	0.8157	1.7970	0.2769	-0.7827	0.2173	-1.1291	0.7243	0.8741	-0.4318	0.2277	-0.2047	-0.3455	-0.1411	0.3430	-0.5946	1.0853	1.4031	0.7195	-0.5905	1.5608	1.0902	-0.3605	1.0172	0.5297
-0.6728	-0.4446	-0.6814	0.1660	0.4583	-0.4247	-2.3506	0.9212	-0.6884	-0.8559	-0.0958	-0.3710	-1.2623	0.1966	0.0200	-0.5437	0.8216	-0.0458	-0.1678	0.2446	-0.0067	-0.4745	1.4183	0.0661	1.3825	-0.9275	0.0064	-0.1604	-0.7408	-0.7478	-1.1750	-0.0095	-0.9891	0.2673	-0.5136	-0.4382	1.3240	0.1384	2.1507	0.1264	1.1547	-0.9688	0.7811	0.0995	-0.6312	2.9009	0.1798	1.0657	2.4159
-0.8441	-0.4100	0.6590	-0.8582	0.2908	-2.1985	-0.1433	1.5472	-0.8631	0.5910	-0.1137	-0.5326	-1.4383	1.5052	0.2179	-0.6440	2.0643	-1.9492	-0.8831	0.2648	-0.0821	-1.0609	-0.1127	-0.1287	0.5881	-0.1866	0.0917	0.5331	0.0193	0.2733	0.3471	-0.8011	0.2999	-1.0789	-0.7866	-0.3577	-0.7098	0.8518	1.7146	0.7441	-0.5153	-0.5487	-0.2828	-0.1604	0.5686	0.5423	-0.8668	0.5956	1.8940
-0.3749	0.0585	0.2370	0.7166	0.7985	0.1247	-1.0470	0.7163	-1.4464	-0.4661	0.2617	-0.1580	-0.4671	1.5654	-0.1165	-0.4633	2.1620	-1.8775	-1.2550	0.0010	-1.5050	-0.3744	0.1429	0.3994	1.0221	-0.4061	-0.0182	0.2616	-0.0051	0.7597	-0.1267	-0.5959	-0.0753	-0.7366	-0.1379	0.2036	-0.2125	0.5976	1.6474	0.5352	-0.3279	-0.1597	-0.8641	-0.1627	0.7858	0.5871	-0.0474	-0.2248	-1.0950
-1.2359	0.1406	-1.2896	0.0340	0.6891	0.5147	-0.1162	0.4665	-1.2547	-0.9018	0.1017	-0.0685	-0.2938	0.2168	-0.3149	-1.1618	1.8293	-1.6470	-2.1485	0.2412	-2.4307	-0.8237	-0.0346	-0.4418	0.9863	-0.4035	-0.4473	-0.3851	-0.4110	-0.5201	-0.4800	0.0840	0.0999	-1.2184	-0.5813	0.6121	0.3539	0.3564	1.8855	-0.4330	1.0687	-1.3373	-0.4155	-0.1718	1.2814	2.3636	1.3219	-0.9774	-1.4520
-0.9831	-0.0905	0.1738	-0.0382	-0.1568	0.5927	1.0135	0.3682	-0.5728	-0.7465	-0.8853	-0.0820	-0.7747	0.1653	0.9379	-0.1709	2.2318	1.0805	-1.8360	0.4536	-0.5308	0.5826	0.2548	0.2361	1.9579	0.7621	-0.1252	-0.5946	-0.2795	-0.4469	-1.0445	1.2281	1.3491	-1.5650	-0.3859	1.9415	-0.0071	0.7858	2.0578	0.0679	0.6784	-0.6451	-0.3315	-0.1978	2.3860	1.6864	1.9988	-0.5477	-1.1008
-0.2651	-0.0814	0.1792	0.4562	-1.1070	0.9919	0.3293	-0.8711	0.3679	-1.0131	0.2065	0.2586	-0.5636	0.1878	0.8404	0.6979	0.8089	1.8601	-1.4046	0.2161	-0.3929	1.3076	0.4102	0.5552	0.7586	0.9594	-0.5692	0.6960	0.3926	0.8259	-0.9290	0.6036	0.8143	-0.7446	-0.1550	3.0220	0.8785	0.8197	1.7533	0.5012	1.5280	0.2432	0.3144	0.4838	1.9972	0.2103	0.0277	0.2853	0.0113
1.1067	-0.0769	-0.2897	-0.3813	-1.2199	0.4419	0.8385	-0.7742	1.7485	-0.4424	1.5027	-0.3318	0.1851	-0.6089	-1.4097	0.3665	-1.2116	1.5873	-0.8808	-0.0028	0.1661	0.1756	-0.1512	-0.5770	-0.8672	-0.5716	-1.1100	1.2823	0.6227	0.7243	-0.8131	-0.8078	-0.3752	-0.3884	-0.8339	2.8047	0.8094	1.3162	0.6799	-0.4751	1.7751	0.2354	0.4380	1.5409	-0.3287	-1.2144	-1.2960	0.2840	0.4614
2.0227	1.8973	0.0355	-0.5098	-1.0882	-0.2153	1.1744	-0.7274	0.5906	1.3217	0.7029	-0.3308	-0.2333	-0.7103	-0.4934	0.0596	-1.3135	1.1157	-1.5432	0.2639	1.2197	-0.0342	-0.1893	-0.0633	-0.8543	-1.0135	-0.6810	0.3786	0.2431	-0.0987	-1.0979	-0.6380	0.1228	0.5154	-1.0933	2.0047	0.5091	0.5694	-0.5136	-0.1044	0.0761	0.9496	0.2081	1.7948	-0.0824	-1.6626	-1.1244	0.4614	0.5166
0.7971	2.0711	-0.0227	1.2737	-1.3011	1.0534	-2.0710	-1.7695	-0.6954	0.7405	1.4344	-0.0855	0.9922	1.1027	1.0380	1.5834	-0.1314	1.0728	-1.1818	-0.3306	1.0695	1.3612	0.6180	0.4545	-0.7727	-1.3723	0.8397	0.1449	-0.3219	0.4003	-1.0178	-0.7115	-1.1400	-0.1566	1.0896	1.5724	-0.0002	-1.2533	-0.1460	0.2901	0.5532	-0.3702	-0.1282	1.9658	3.1073	0.4660	-0.9334	1.8955	0.5279
0.7753	0.3646	-0.3180	1.0659	-0.3445	0.0799	-0.3995	0.0715	0.6365	-0.0690	0.1342	-1.0298	0.9371	0.0997	0.6893	0.0410	-1.6970	1.6336	-0.9219	-0.3725	-0.0769	0.0357	0.6339	-0.0426	-1.7277	-1.1017	0.4606	0.1744	-0.8300	0.1468	-0.6362	0.8340	-0.8817	0.0059	-0.1174	-0.9573	-0.2073	-0.2552	1.2285	1.2276	0.5532	-2.4357	0.7197	0.5857	-1.4561	0.8782	-0.3609	1.0420	0.9931
1.2990	0.7296	0.8508	-1.2879	0.2142	-0.8935	0.4941	0.7865	2.4025	0.0081	0.7628	-0.8764	-0.2220	-0.4211	1.4362	-0.9325	-1.3124	0.7287	-0.1458	1.5300	-0.2081	-0.6819	1.3764	-1.4543	-1.7274	1.4321	0.5572	0.9389	0.5890	0.3365	0.6436	1.6281	-0.3355	0.6079	-0.9949	-0.9202	-0.3174	0.3667	-0.4483	1.2561	0.0383	-0.1231	0.7712	1.0209	-2.3710	0.5668	-0.4589	0.3511	0.7417
0.8654	-0.1514	1.0139	-0.4848	-0.5202	-1.5045	-0.1505	-0.3862	2.8001	-0.0928	0.8459	-0.5173	-0.1486	0.8307	0.1879	-1.2862	0.2085	0.6077	1.6985	0.8534	0.4051	-0.5593	0.1342	-0.4818	-1.2467	0.0107	2.2146	1.1735	0.5763	0.2626	1.7893	0.7974	-0.6090	0.2094	-0.6376	0.3837	-0.4198	-0.3106	-0.8948	1.3804	-0.0932	1.0559	0.2167	0.4195	-0.6820	-1.6774	-1.3320	0.6057	-0.6732
1.4824	-0.6942	-0.4131	0.8090	-0.3316	-0.7284	-0.1682	-0.8107	2.7894	0.2386	0.3898	0.1141	0.4045	0.8926	-1.5673	-1.4955	0.3407	0.2066	1.2977	-0.1172	0.7139	-1.6629	-1.0803	-0.2186	-1.5779	-1.2250	0.9005	0.5770	0.0492	0.1706	1.6992	0.0771	-0.0221	0.1585	-1.3253	-0.0348	-0.7392	-0.6601	0.6985	2.0709	-0.2205	-0.2911	-0.5773	0.4887	-1.5669	-0.8454	-0.2684	1.1521	0.3859
0.8588	0.6625	0.3594	0.8274	-0.8133	-0.0747	2.1996	-1.5955	2.8951	-0.2541	-0.0671	-0.1837	1.0211	0.5889	-1.0178	-0.2308	0.3128	0.1443	0.9164	0.5000	2.1139	-1.0573	-0.6404	-0.0672	-0.7092	-0.1472	0.6579	0.5799	0.8182	0.6135	1.3645	-0.3875	0.5392	-0.3716	-0.9505	0.5547	-0.9614	-1.4343	-0.3531	1.0793	-0.9597	-0.6581	-0.9829	1.2155	-0.4601	-0.3405	1.2812	0.9380	0.5790
0.3469	1.0587	0.6848	2.1675	-0.6565	1.9180	1.4737	-1.4849	0.8396	-0.7039	1.0231	0.4421	1.7535	0.3816	-0.3293	0.5139	0.4381	1.1478	1.9609	0.5083	0.9841	1.1677	0.3505	1.4952	-0.5414	-0.3065	1.8469	0.4022	0.0227	0.1962	0.3529	0.6795	-0.9727	0.8724	0.9900	1.7671	-0.6878	-1.2280	-1.1490	-0.6070	0.0748	-1.1768	-0.7018	1.7723	1.0369	0.6675	1.7416	0.7468	-0.6964
-0.4823	0.0230	-0.5727	1.6485	-0.2196	1.2073	1.4180	-0.9237	-0.4265	-0.4583	0.2583	0.5469	1.2257	-0.0738	-0.8106	-0.1947	0.2762	-0.0805	-0.3580	-0.0196	0.1566	0.3447	0.4928	1.8585	-1.0771	-1.4109	0.2327	0.4547	-1.0964	-0.4951	-0.5013	0.9020	-2.1226	0.5037	0.3111	1.4703	1.7828	-1.6130	0.0115	-1.6932	-0.1240	-0.4314	-0.2605	0.2679	-0.1155	0.9362	1.3758	0.5657	-0.8257
-1.8678	-0.6598	0.1696	0.4336	-0.2115	-0.3223	0.8050	-0.1632	-0.7659	0.3884	-1.0204	1.4857	-0.2743	0.3852	0.5144	-0.3578	0.4089	0.6310	-1.1773	-0.6553	0.6267	0.8404	0.4260	0.3517	0.1706	-0.2527	-0.3962	-0.3220	-1.6113	-1.1590	-0.5593	1.9633	0.2931	-0.4043	0.0968	1.5707	1.1707	-1.1357	-0.1688	-0.4166	-0.9718	1.6508	-0.7989	-0.3844	0.1338	-1.1343	0.0128	0.0809	-0.7981
-1.6655	-0.0955	0.5026	-0.1507	0.0556	0.6625	-0.5886	-0.1682	-1.3643	0.2247	-0.2268	0.9500	0.0960	0.4213	0.3182	0.2106	0.6842	0.5780	-0.3869	-1.4949	-0.3472	1.1237	-0.3124	-1.1240	1.0183	-0.0601	-0.1365	-0.5615	-1.0318	-0.0846	-0.3170	1.0335	-0.2105	-0.0341	0.6170	1.7845	-0.7980	-0.0292	0.2526	-0.6661	0.3714	1.3266	-0.3816	-0.6327	-0.1085	-0.6576	-0.6440	-0.6193	-0.4273
-1.7453	0.1148	0.2952	-0.0778	1.0386	0.8280	0.2796	-0.3265	-0.6862	-0.4863	0.5905	-0.4106	0.6569	-0.5028	-0.1873	0.9565	0.2063	0.0791	-0.5364	-0.8123	-0.5202	0.1618	0.2585	-0.1252	0.6205	0.2634	-0.8587	0.7891	0.2811	0.7050	0.4338	1.0225	-0.9166	-0.1988	0.8111	1.4377	0.6644	0.7618	0.4817	-1.1372	0.8403	0.6121	-0.0904	-0.8508	-0.5578	-0.2814	-0.3895	-0.4901	-1.0508
-0.1424	0.9799	0.7002	-0.6719	0.8885	-0.3290	1.0405	0.4015	-0.3185	0.9408	0.8286	-0.1180	-0.1728	-0.0241	1.3321	-0.0662	-0.0942	0.0362	-0.5599	0.9950	0.0009	0.4502	1.4031	0.0577	-0.3703	0.9966	0.3479	0.8893	0.3431	1.0208	1.1704	0.7953	0.4805	0.8534	0.5777	0.7648	0.9359	1.9361	0.1982	0.5185	-0.2304	0.1687	0.9884	-0.3699	0.8980	-0.6034	0.4263	-0.0812	-0.9581
-0.3340	0.8342	0.0805	0.2938	-0.0987	1.1806	-0.9800	-0.1777	-0.1910	1.3277	1.9777	1.3585	0.7989	0.1544	1.6438	1.1447	-1.0350	0.0047	0.6218	0.9772	-0.0421	1.0859	1.7993	-0.4299	-0.8839	0.5975	1.1891	0.3981	-0.7864	1.5993	1.3399	0.8878	0.5696	1.4884	0.6379	-0.3212	0.3578	-0.0296	-0.5503	0.5135	0.6874	-1.4422	1.5229	0.3367	2.7135	-0.3059	2.1000	-0.3391	-0.5725
-1.3901	0.2093	-1.3529	1.8675	-0.0421	1.1270	-1.7795	1.0320	-0.9503	1.8166	0.8310	-0.0454	0.6767	0.6059	0.8212	0.6532	-1.6387	-1.1441	0.8880	0.9257	0.2478	0.0049	0.8481	0.1660	-1.1389	-0.1927	-0.7253	0.6833	-0.4701	-0.7498	1.5054	1.6812	-0.7834	1.7645	0.7910	-1.4269	-0.0622	-0.1806	0.8683	0.0255	1.0709	-2.7695	2.0907	-0.0989	0.1475	0.8786	2.8080	0.4507	1.6663
0.2816	1.9519	-1.2561	0.5701	0.7846	-0.4822	2.0370	1.3759	-0.6186	2.9685	0.8465	-2.2436	0.5226	1.1215	1.6370	-1.5559	-0.8480	-0.1220	0.9177	1.9347	0.1296	0.2661	0.5356	-0.7463	-1.0663	1.2918	0.4084	1.5647	0.3607	-1.7332	1.3911	-0.1786	1.3186	1.4926	1.4281	-1.3107	-0.9639	3.6099	1.7144	-0.6626	1.5029	-1.1344	2.7076	-0.4893	-1.1518	1.1862	0.7917	2.0491	1.4941
0.3988	0.7013	0.9102	0.2264	0.4009	0.6922	-1.1683	1.0609	-0.9040	-0.1454	2.2612	-1.6487	1.2137	0.8392	1.3137	-0.1950	-0.9014	0.7113	0.4627	1.0993	1.2525	1.6652	1.3263	-0.6076	0.2117	1.5167	2.0696	2.1954	0.2147	0.4777	0.6719	-0.7680	1.3033	0.2592	1.9685	-0.5086	0.1498	1.6692	-0.7777	-1.5049	1.2696	0.9302	1.2151	1.3470	1.3284	0.3424	0.5205	1.3452	0.7628
0.4133	-0.6363	2.8357	0.0125	-0.5871	0.5355	-1.4447	1.1814	-0.1427	0.4912	1.6891	-0.5013	-0.6106	-0.5295	-0.3835	-0.0689	0.4501	0.8740	1.2121	0.8676	0.8830	2.2934	1.2824	1.7262	1.3669	0.4558	1.9042	0.7040	-0.1372	0.0190	0.0876	-0.5756	0.0684	0.3315	2.0996	-1.1546	1.7282	-0.0900	-0.8569	-2.5071	0.3964	0.7630	0.7305	-0.3908	0.7639	-0.5794	-0.8181	0.4927	0.2211
-0.0859	-1.8234	2.0582	-1.4118	-2.0022	-1.7044	-0.0022	1.5305	-0.5725	3.0035	1.0045	0.2659	-1.7595	-1.3734	-1.3280	-0.5523	0.3433	-1.1363	0.4232	-0.3282	0.3919	0.7609	0.3335	2.3615	0.8822	-0.1247	-0.2652	-1.0892	-0.3219	-0.6929	-0.2705	-1.2418	-0.4275	0.6253	0.8652	-1.8330	3.4405	-0.7224	-0.1713	-2.6300	0.3419	0.0087	0.0524	-1.6300	-1.7161	-0.4956	-1.6718	0.0018	0.0902
-1.4616	-2.3344	-0.9192	-1.8380	-1.6871	-1.9885	1.1765	2.3423	-1.4700	1.5616	-0.0463	-0.1870	-0.4696	-0.6802	-2.3027	-0.7064	0.4571	-2.1085	-1.2675	-0.9849	-1.0839	-1.1469	-0.9103	-0.5525	-0.5339	-0.9893	-1.6378	-1.8599	0.0447	-0.5177	-0.3200	-1.2943	-1.9953	0.2961	0.8063	-1.4130	1.5824	-0.0832	-1.2568	-1.7284	0.1950	0.0310	-1.3410	-0.8438	-1.2005	0.0761	-0.7217	-0.1855	0.1993
-0.2348	-1.2652	-2.5099	-1.3693	-0.3243	-1.2455	-0.8148	1.5678	-1.6734	-1.1231	-0.4014	-1.3837	-0.4206	-0.9266	-2.0219	-0.6676	-0.4029	-1.9361	-1.1139	-0.6833	-1.6999	-1.4075	-0.2956	-1.6799	-0.8810	-1.1786	-1.7057	-1.7108	-0.2031	-0.4573	-0.9176	-1.3355	-2.6867	-0.7945	1.0264	-1.4106	1.0479	-0.0375	-1.8545	-0.9264	-0.3173	-0.7580	-1.2359	-0.4180	0.2838	-0.1234	-1.0974	-0.8500	-0.3359
-0.4208	-1.8550	-2.5794	-2.2911	0.5374	-1.7301	-0.0850	1.0956	-0.7769	-1.4308	-1.0976	-1.7926	-0.9956	-1.5477	-1.9412	-0.6460	-1.9344	-2.0900	-0.7825	-0.9630	-1.1349	-2.0026	-1.4004	-0.4184	-1.0245	-0.4055	-1.7547	-1.3644	-0.2773	-1.8694	-1.9117	-0.8335	-2.2016	-1.1653	-0.3661	-1.6819	1.1728	-2.0071	-1.1367	-0.7076	-2.0850	-2.2277	-0.9929	-0.9236	-1.0032	-0.1961	-1.5309	-1.6895	-0.5290
-1.4412	-2.6517	-0.4813	-2.3331	0.5246	-0.5642	1.0237	0.4609	0.1911	-0.7881	-1.6192	-1.4179	-0.4629	-0.4778	-1.8111	0.1764	0.2119	-1.1401	-0.1821	-0.4321	-0.5194	-1.1291	-2.2932	-0.8630	0.3313	0.9675	-2.4986	-0.6183	0.8319	-1.2090	-0.9161	-0.9140	-0.2142	-1.6359	-1.1652	-0.9661	0.0462	-0.7091	-1.2532	-0.6326	-2.8111	0.7782	-2.1208	-0.9179	-1.1379	-0.8304	-2.1781	-2.0536	-0.0713
0.5507	-0.9523	-0.8164	-1.0572	0.7232	-0.2459	0.0379	0.1187	-0.3419	-0.5318	-0.4459	0.4671	0.4561	1.0844	-1.3764	0.6915	0.8421	-0.0593	1.4328	-0.0315	-0.9324	0.4360	-0.5468	-1.6728	0.7152	1.1246	-1.0265	-0.9899	0.8331	-0.4840	-0.1662	-1.3848	1.5976	0.1132	-0.4060	-0.1062	-1.5737	0.0882	-1.7105	0.2252	-1.5657	0.8571	-1.8493	0.9644	-0.7468	-0.4116	-1.4545	-1.5758	0.0881
-0.1296	-0.9554	-2.1150	-0.9467	1.1360	-0.1746	0.7819	0.6845	-0.2917	-0.7889	-0.0084	0.6502	0.4234	1.1189	-2.4454	-0.3129	-0.3455	-0.8252	0.6797	-0.3896	-1.3985	-0.9297	-2.4785	-0.8921	-1.5564	0.7258	-1.6633	-1.3082	2.1104	0.1731	0.5590	-2.0702	0.6515	0.3366	-0.1846	-0.9022	-0.8067	0.1259	-0.7498	0.2258	-0.6251	-0.2344	-0.9761	0.4155	-2.0553	-0.6954	-1.1402	-0.8721	-0.5320
-0.3616	-1.0547	-1.1300	-1.1017	0.6776	-0.5691	0.9485	0.2345	-0.8721	0.0803	-1.1238	-0.2583	-0.9581	1.4577	-1.5551	-1.1389	0.3374	-0.0471	1.0925	0.4278	-1.0164	-0.3838	-1.8317	-0.3976	-1.6456	0.3386	-1.1018	-0.6706	2.3524	-1.3142	0.6597	-1.9918	0.9361	-0.3487	0.4050	-0.6985	-0.3944	-0.2768	-1.0181	-0.6366	-1.7565	0.1124	-0.8324	-0.0072	-0.5188	-1.3204	-1.2784	-0.6576	-0.6406
0.8521	-0.6270	-2.0169	-0.3338	0.8661	-0.3121	0.5457	-0.0996	-0.9398	0.4828	-1.5300	0.1692	-0.9782	0.5855	-0.2675	0.1146	-0.1706	-0.8303	0.5035	0.3382	-0.0097	-1.1450	-1.4055	-0.1198	-1.5550	-1.0659	-1.0964	-0.9722	0.3869	-0.4159	0.1084	-1.3303	0.0075	0.0602	-1.3487	-1.0382	-0.1727	-2.0105	0.1877	-0.5871	-1.8721	-1.2721	-0.2838	-1.0217	-1.2853	-0.8966	0.6185	-0.8135	0.1953
0.4529	-0.3483	-1.5788	-0.0278	0.2204	0.2857	1.1537	0.4773	-0.9083	0.0474	-1.2099	1.1209	0.4589	-0.9200	1.4553	0.7582	-0.5954	-2.5119	-1.6466	-0.0540	-0.1270	-1.7496	-0.7248	-0.7623	-1.0837	-1.0464	-1.6109	-0.1590	-0.8976	0.4610	0.5102	-0.0053	-0.0686	-0.7908	-3.1117	-0.6931	-0.6713	-1.4771	-1.0218	-0.3674	-0.6808	-1.9707	-0.3099	-0.9612	-0.0001	-0.6561	1.0038	-1.3868	0.3967
-0.5943	-0.0627	-0.1809	0.6074	0.5190	-0.4630	0.4459	-0.6002	-1.0186	-0.2038	-1.3195	1.8676	0.0759	-0.4107	0.9414	0.1215	1.6871	-1.2086	-0.6603	-0.4145	-0.6489	0.2641	-0.5895	-0.1663	0.1204	-0.4843	-1.2924	-0.4033	-2.0478	-0.7087	-0.2928	0.3568	0.1331	-0.0501	-2.3184	0.0405	-0.9442	-0.7339	0.0763	-0.8330	-0.2785	0.1482	-0.4664	-0.7157	-0.9879	-0.0146	0.4830	-0.8867	0.5181
-1.6988	0.2861	-0.2688	0.8043	0.4452	-0.1554	0.6803	0.3669	-0.7697	-1.1148	-1.7304	0.8200	0.7365	-1.2077	0.1876	-0.4795	1.1619	-1.0533	-1.2080	-0.5177	-1.6871	-0.8966	-1.3005	-0.3317	-0.0580	-1.0917	-1.6721	0.2329	-1.6640	-0.4823	-0.2037	1.1690	-0.7296	0.4843	-2.2571	0.4280	-0.4963	-0.3436	0.5372	0.5398	0.2644	0.6902	0.1999	-0.9571	-1.0833	1.3373	1.2770	-0.5772	0.2305
-1.6847	1.2598	1.8463	1.5424	0.8487	0.9082	-0.8529	0.5839	-0.9342	-1.6232	-1.3944	0.0026	1.5069	-0.1384	1.1472	1.3219	1.3264	-0.4060	-0.4163	-0.4840	-0.4755	-0.2091	-0.3850	-1.2122	1.4762	-0.3549	-0.2274	1.6304	-0.8261	0.8317	1.0739	0.3465	0.4550	0.6576	-1.2551	1.6204	-0.4971	0.5542	0.1367	0.5644	0.6615	0.2916	0.7850	-0.3912	1.3365	0.8180	1.6866	-0.1737	-0.5999
-0.3656	1.8606	0.2868	0.3684	1.8021	0.3840	-1.4754	-1.3075	-0.5630	0.2208	0.1900	1.4813	-0.1971	-0.1192	1.6408	1.2227	0.2243	-0.9076	-0.4859	0.0575	-1.1541	0.8392	0.3913	0.6866	1.0573	0.7103	-0.2189	-0.0805	-1.2634	-0.6434	0.8281	0.7679	0.1388	1.5271	-1.2210	1.0645	0.2704	-0.0505	1.6042	0.0477	1.9529	-0.4368	1.3619	0.8411	0.4888	0.7957	1.9189	-0.2349	-1.1199
-1.2073	1.2005	-0.1782	-0.6354	0.7799	0.5551	-0.9353	-0.6458	-0.5067	0.8987	0.6978	0.4136	-1.0768	-0.7395	0.7046	-0.6232	1.3097	-0.3277	-1.4531	2.0936	-0.0415	1.4264	0.5010	1.5923	1.5839	1.4194	-0.1584	-0.3776	-1.1955	0.5796	0.1211	2.1599	0.3515	0.0033	-0.8454	0.6275	0.0514	-0.2646	1.4684	-0.8398	0.9799	1.4399	1.3158	-0.0072	0.9901	1.1924	2.2362	0.5563	-0.2802
0.4422	0.6291	-0.1813	0.4136	-0.1843	1.0166	-1.1335	-0.2816	-1.3409	0.5021	0.9846	0.0966	-0.4248	0.0164	-0.2891	0.2577	0.5306	1.4258	0.2395	2.3515	0.2208	2.2264	1.4030	0.6308	1.7966	1.1505	0.7606	0.5120	-1.7696	1.3270	-0.1933	0.3217	0.3581	0.8371	0.3962	0.1610	0.4447	0.3357	-0.1048	-2.0522	-0.2039	1.4869	0.9613	0.2417	1.5320	-0.0267	0.8340	0.5928	0.5751
0.6892	-0.4231	-1.5255	-0.8389	-0.5711	0.0901	0.0505	-0.9014	-0.7422	0.7576	0.3508	1.0815	0.6764	-0.0074	0.1800	-0.2951	-1.8220	0.1665	-0.3109	0.6172	0.7354	0.4174	0.2709	1.6677	-0.3964	-0.3250	0.9195	0.4209	-1.7745	0.0625	0.8488	0.3423	-0.6401	0.3804	-0.3706	-0.0655	0.6476	-1.2833	-0.2250	-0.3130	-0.9860	-0.4036	0.0558	-0.6523	-0.1603	0.4552	-0.3706	0.3536	0.9689
0.3911	-0.2176	-0.0282	-0.6167	-0.6051	-0.2042	0.6533	-0.4265	-0.3707	0.1698	-0.2924	0.9843	0.9311	0.8310	0.8710	-0.2492	0.1060	-0.0752	-0.5684	0.6655	1.1496	-0.5239	-0.8446	-0.4549	-0.1332	0.1240	0.7453	0.8081	-0.5469	0.2582	0.5722	0.7811	0.2895	-0.4199	-1.2037	0.4645	-0.7548	-0.5888	-0.3563	1.3054	-0.4887	0.7302	-0.7059	-0.8289	-0.7229	0.2449	-0.9171	0.3613	1.6232
1.6695	0.8367	0.9750	0.7885	0.1093	-0.4261	0.4947	-0.2715	0.9272	1.3755	-0.2930	2.2913	-0.5083	1.0473	1.7984	-0.0622	0.7566	1.1893	0.7352	-0.0305	0.5227	0.5042	-0.1153	0.5072	0.5921	1.0471	0.9482	-0.2477	-0.0130	0.1825	-0.2143	1.0311	1.4560	0.4397	-0.9038	0.5728	-1.5499	0.5326	0.3200	2.1561	0.7976	1.5458	-0.5635	1.5511	-2.1475	1.2394	0.0147	1.0584	0.9287
1.7476	0.5331	1.5472	0.5011	-0.1711	-1.6162	1.1002	-0.1105	2.0054	0.4858	-0.7110	0.4489	-0.2450	1.0039	0.9326	-0.8291	-0.4777	1.5828	-0.0687	-0.1341	1.2129	-0.4372	-0.3941	0.5142	0.1193	1.3640	2.0112	-0.6808	0.5381	-0.4489	-0.5570	0.0614	1.6662	-0.3615	0.5928	0.2334	-1.0170	-0.0908	-0.2033	1.0773	0.6184	0.5040	0.0731	1.4194	0.2202	1.1178	0.1230	1.8400	0.2634
1.5881	0.0196	1.7402	1.9277	-0.4278	1.0725	-0.4304	0.0017	1.5553	-1.1487	-0.6002	-0.5135	1.5100	1.0017	-0.1980	1.2305	-0.6910	1.8051	0.0269	-0.8928	2.3606	-0.6846	-0.0535	0.2162	-0.0349	-1.9025	1.0589	0.1732	1.0891	1.4007	-0.7304	-0.3271	1.1195	-0.8928	1.8351	0.2612	0.6395	-0.8129	-0.6655	1.3093	0.5632	0.1628	-1.0152	1.6025	1.3927	-0.5146	-0.5544	1.7354	-1.1120
1.7697	-0.5121	0.8241	0.1940	-0.3305	-0.0586	0.6096	-0.6452	0.1126	-1.2827	-0.2254	-0.8436	-0.3828	-0.3413	-0.9305	0.0366	-1.5034	1.3107	0.5966	-1.4150	0.6553	-0.7062	-0.3824	0.2060	-0.4528	-1.3689	0.0438	0.0761	1.4235	0.2028	-1.0943	-1.2166	-1.5918	-0.0143	1.3929	0.0439	1.3977	1.0514	-0.5666	0.0763	-0.6087	-0.7966	-0.2779	0.4953	-0.4254	-0.4003	-2.4913	0.2169	-0.9065
0.7508	0.4049	0.7031	0.9912	0.2296	0.3954	1.0621	-1.7441	1.1861	-1.2868	-0.2225	-0.4110	0.4788	-1.2228	1.6246	0.8859	-2.3098	-1.1458	-0.7774	-0.6043	0.3279	-1.4538	1.4829	-1.8248	0.9014	0.3039	-0.7643	0.8998	1.1571	0.1730	-0.1617	0.3390	-0.6099	0.3652	0.0333	-0.7115	0.0116	2.3593	-0.5630	1.6584	-0.2660	-0.0815	0.5618	-0.5339	-0.2134	-0.0134	-0.7950	-0.4512	-0.8134
0.5065	0.5377	1.3649	1.9046	0.2481	0.5940	-0.4309	-0.8198	1.5440	-1.2505	-1.1144	0.5981	0.2865	-0.3594	2.2049	1.1287	-0.7748	0.4287	0.8249	-0.9629	0.1816	0.2834	1.0681	-0.0293	2.2429	0.5328	0.5053	0.5780	0.4560	-0.9922	-0.6903	0.5809	0.7925	0.2878	0.7988	0.3529	-1.8201	1.7180	0.2503	2.0973	0.9813	0.5509	0.4368	-0.2260	-0.3640	0.2073	0.0210	-0.2432	-0.5636
0.0800	1.2462	1.5331	1.5534	0.2534	-0.9629	0.1440	-0.7788	2.0116	-0.5605	-0.9105	0.3524	0.1030	0.3759	1.7031	0.0094	0.4078	1.5977	1.0822	-0.3705	-0.3221	-0.0336	-0.0969	0.6962	1.9017	1.2384	1.8026	1.5949	0.6158	-0.2212	-0.1772	0.0251	-0.0219	0.7870	1.1947	0.7224	-1.4349	0.7357	0.9119	0.7893	1.2884	0.0481	0.9402	0.2982	0.1610	1.8423	1.0266	0.9316	0.7892
0.6491	2.1877	2.8555	2.0115	-0.7768	-0.1841	0.4068	-1.8943	1.3814	-1.0611	-0.2575	0.1854	0.2695	0.8685	1.1297	1.3021	0.9540	1.8644	0.7738	-0.9598	1.4216	0.8363	-0.2966	-0.4774	1.4058	0.5266	2.5750	1.2061	0.8612	2.5731	-0.9437	-1.3503	1.9490	0.8641	1.7576	1.0123	-1.2344	-0.1022	1.3377	1.0575	1.2993	0.6392	0.3528	2.1199	1.4694	0.6196	0.9603	1.4387	2.1870
1.0544	0.7751	1.6010	0.4787	-1.0914	0.0497	0.0728	-2.0617	1.1335	-0.9007	0.8741	-0.2541	-1.1276	-0.8447	-0.6473	0.5648	-0.1384	0.7294	1.5627	-0.9486	1.2269	0.9432	0.0458	1.1850	-1.2404	-0.6186	2.2317	0.0164	1.0490	1.8431	-1.0520	-1.3326	1.0783	0.4465	0.5048	-0.0291	1.3916	-0.6498	2.0493	1.6739	1.7380	0.3652	1.2344	2.2507	-0.3568	-1.0547	-0.8012	0.7828	1.1238
0.8445	0.2991	0.6936	-0.5934	-1.7292	0.7145	0.6595	-0.3772	0.0729	0.4024	0.6762	-1.2855	-0.2388	-1.3283	-1.9470	-0.3479	-0.1661	0.3953	1.0185	0.0774	0.1601	0.9763	0.3028	0.7635	-0.6637	-1.8322	1.6286	0.9721	0.5656	1.0320	-1.0940	-1.2449	0.4089	-0.7660	-0.1554	-0.3375	0.5528	0.8262	0.5327	0.1246	0.6436	1.0558	0.1261	0.8421	1.4202	-1.6354	-2.4032	-0.4409	0.1002
1.7028	1.2595	-1.1548	-0.9370	-1.0814	0.5158	-0.5805	-0.3998	0.3980	2.4865	0.9136	0.0179	-0.5676	-1.7718	0.5633	-0.9816	-1.5767	-1.0614	0.2075	0.7052	-1.7573	1.4676	1.8026	0.8292	-0.7450	-0.8339	-0.1314	-0.5302	-0.2220	0.8679	-0.6305	0.7200	0.0874	0.0776	-0.9039	-0.7954	0.0672	1.1584	1.0529	0.4059	0.9570	0.3589	0.0931	-0.4253	0.1097	1.2223	0.0690	-0.4716	0.2994
-0.4011	-1.1217	-0.3172	-2.0081	0.0162	-2.9840	-0.7515	1.0850	1.0521	0.6376	-0.6576	-0.7914	-0.7650	-1.7418	-0.0355	-1.2813	-1.3424	-1.0121	0.3297	0.2568	-0.1502	0.2335	1.4659	0.8475	-0.0614	-1.1692	-0.4945	-0.6075	0.2685	-0.3901	-0.5382	1.0445	-1.0735	-1.4764	-0.3288	-0.9623	0.9095	0.8014	-0.5033	-0.4544	0.1132	0.5051	-0.5908	-0.8474	0.0403	1.0262	0.1474	-1.0977	-1.0200
-0.7674	-0.8027	1.0248	0.2243	-0.2335	0.0466	-0.2651	-0.0980	1.1213	-0.7245	-0.0845	-1.0872	-0.2768	-0.8294	-0.3017	0.7255	-0.5747	-0.2755	0.4956	-0.4270	1.6957	-0.1863	-0.4486	0.3343	0.4563	-1.0685	-0.4765	0.6745	0.4530	1.3294	-0.2743	0.0733	-0.0391	-1.9366	0.5943	0.0513	0.3909	-0.6545	-1.1537	0.6221	-1.1855	-0.6245	-0.5317	-1.1728	1.3311	-2.0756	0.4702	-0.9982	-0.9330
0.2174	-0.4165	-0.5372	-0.2268	0.0075	0.2529	-0.2403	-0.5741	0.4828	0.1928	0.4592	-0.2030	-2.1589	-0.5568	-0.7358	-0.6621	0.6412	-0.4379	0.2072	0.1085	-0.2254	0.8465	-0.2005	2.2140	-0.1340	0.2060	0.1565	-0.7473	-0.2427	0.0418	-0.1968	0.4068	-0.7407	-1.1766	-0.5987	0.4877	-0.2388	-0.6379	0.5127	-0.2017	-0.9832	-0.6604	-0.0604	-0.5207	-0.3888	-1.6134	0.1746	-0.1859	-0.3593
-0.9109	0.5399	-0.9375	-1.1556	0.6262	0.8874	0.2053	-0.2684	0.2275	0.1709	-0.1981	1.5443	-0.4972	-0.0872	-0.6689	-0.1700	1.4742	-0.9815	-0.9082	0.5761	-0.0717	0.7615	0.3864	0.5752	-0.1675	-0.1070	-0.1373	-0.9847	-1.0391	0.7348	-0.0448	1.3963	0.7483	-0.9297	-1.6176	0.4940	-1.3856	-1.6848	0.0694	-0.4042	-0.4312	0.3918	-1.1672	0.5665	0.5806	-0.5278	1.4901	-0.1878	0.1786
-0.6203	0.0242	-0.2389	-1.0411	0.5017	0.5951	-0.3663	-0.1656	-1.2281	0.8289	-0.3100	2.0112	-0.7340	0.5145	-0.2025	-0.0223	2.0023	-0.0086	-0.0942	-0.3380	-0.8006	1.5812	-0.8429	0.6591	0.1313	0.3054	-1.0913	-1.1561	-1.1809	0.3998	-0.6195	0.4444	0.2228	-0.5380	-1.2217	0.9161	-1.4586	-1.9729	-0.3074	-0.6849	-0.5390	0.9421	-1.2663	-0.2557	0.6400	0.2393	0.5803	-0.7353	0.2428
-1.2448	-0.8130	-1.0893	-1.0889	-0.5537	-0.1951	0.4099	0.2679	-0.8886	0.1230	-0.3062	-0.3955	-0.1095	-0.6624	-1.3828	-0.7046	0.0273	0.4620	-0.2694	-0.1179	-1.0490	-0.2438	-1.4499	0.6368	-0.6517	-0.6993	-0.7344	-0.7178	0.0214	-0.2438	-1.4392	-0.4220	-0.6100	-1.6685	-0.7581	0.0434	-0.4290	-1.0119	-0.0709	-0.0583	-0.4224	0.3682	-1.0362	-0.4619	0.0106	-0.3781	-0.6582	-0.8289	-0.4592
-0.8909	0.2419	-0.0360	-0.5470	-1.3328	1.7005	-0.9381	0.2197	0.9417	-1.4134	0.2778	-1.0863	0.0300	-0.9020	-0.1635	0.0589	-1.0035	0.6641	-0.4070	0.3215	-0.2682	-0.6244	-0.3077	-1.4161	-1.1424	-0.6151	-0.9747	-0.4172	1.1687	0.9702	-0.1650	-0.1341	0.3422	-1.2540	0.0457	-0.7924	-0.3186	0.9395	-0.7561	1.9391	-0.0807	0.5833	-0.5926	-0.1217	0.4007	-1.5876	-0.6818	-0.0567	-0.5104
0.6949	0.0746	-0.8262	-0.4719	0.0997	0.9256	-0.8250	1.5420	0.9516	1.6021	-0.3760	-0.3301	-1.7484	-0.8237	0.1481	-0.1922	-1.1919	0.2066	0.7345	-0.4831	-1.2732	0.2572	0.4307	-0.3755	-1.0520	-0.4771	-0.9881	-1.1920	0.6555	0.0768	0.1912	-0.0755	0.0847	-0.3411	0.3009	-1.7313	-0.8494	2.4583	0.7362	2.0255	0.6872	-1.3751	0.5143	0.2450	-1.6418	0.5760	0.7785	0.8751	-0.6680
-0.9319	-0.1464	-0.3174	-0.9250	0.8224	-1.1161	-1.2242	1.4553	1.1247	0.5476	-0.3446	-0.1209	-1.4576	-0.3255	0.0600	-0.9579	-0.3128	-0.4187	0.2426	-0.6015	-0.0616	-1.0002	0.0148	0.3609	0.0475	1.0217	-0.9316	-1.1588	1.7527	-0.3322	0.5331	1.0260	0.3385	-0.5294	0.8537	-1.3418	-0.8115	1.8943	0.2122	1.4469	-0.3909	0.0315	-0.0353	-0.5834	-0.5865	0.4513	0.7243	-0.1501	-1.1750
0.0065	-0.4492	-0.0608	1.5485	0.6788	0.8982	-1.6339	1.0931	-0.5124	-0.7080	0.4342	-0.4733	0.0713	0.7409	-0.5613	0.3649	0.7768	0.3687	1.7808	-1.1149	1.0254	-0.4770	0.2476	0.9704	-0.0253	1.4206	0.1071	-0.9042	1.5940	-0.0921	0.2148	-0.7406	0.1077	-0.0618	2.3614	-0.0754	-0.3870	0.5122	-1.0140	-0.0419	-1.1101	-0.5253	-0.2181	-0.4016	1.1438	0.3130	0.8260	-0.7037	-1.5587
-0.6754	-1.8686	-0.8601	0.5874	0.1272	0.8060	-2.4083	1.5640	-0.2894	-1.1856	-0.2206	-1.0620	0.7504	0.5957	-0.6869	0.6270	0.6021	0.2141	0.8020	-2.9954	-0.3840	-0.8947	-0.2628	-0.2074	-0.3714	-1.0898	-0.5168	-1.3239	1.6369	-0.2512	-0.1554	-0.2263	-0.2440	-1.5683	1.3457	-0.1466	0.5176	-0.3273	0.0034	-0.4405	-0.3457	-0.0665	-0.3195	-0.4306	0.4041	-1.0202	0.2659	-1.2903	-2.8227
-0.8178	-1.2067	0.6750	-0.1014	-0.0684	1.1698	-0.5242	1.0989	-1.0349	-0.6562	-0.6667	-1.4242	0.7765	0.1219	-1.1499	0.8117	0.8111	0.6976	-0.1999	-2.4912	-1.3609	-0.2935	-0.7183	-1.6921	0.0128	-0.7515	-1.2484	-0.1567	1.6937	-0.1827	0.4252	-0.3812	-0.2829	-0.3766	0.3513	-0.0802	-0.5447	1.6203	0.1340	-0.6439	-0.4553	0.9098	0.0181	-0.9274	0.0745	-1.4871	-0.5942	-1.0940	-1.3406
0.7343	0.5415	1.3235	0.0004	-0.9579	0.3013	0.1309	0.5412	-1.4686	-0.2825	-0.5646	-0.4176	0.5765	0.4290	0.0163	1.1355	0.0169	0.4430	0.4707	-1.6256	-2.2622	0.0144	-0.1468	-1.8453	-0.0726	-0.0521	-0.6474	-0.3586	0.5807	-0.6215	1.5597	-1.3961	-0.7506	1.1496	0.0548	-0.0548	-1.1940	0.7293	-0.1718	0.0526	-0.0438	-1.2466	1.1807	-0.4412	-0.3670	-1.0280	-0.2154	-0.7139	-0.0121
0.7944	1.0698	0.7677	-0.1270	-0.6408	-0.3565	-0.3813	1.1862	-0.0279	-1.9166	-0.6277	-0.1310	1.5598	0.2317	1.5515	0.8646	-0.5522	-0.7769	-0.0478	-0.8877	-1.2171	-1.6588	-0.6692	-1.9852	-0.6545	0.9068	-1.0551	-0.6993	1.3052	-0.4382	2.0396	-0.6425	-0.3922	0.6047	-0.2399	-1.1237	-0.6751	-1.2686	-1.2766	0.6532	-0.0167	-0.1433	0.5190	-0.0494	-0.0205	-0.3622	0.4574	-0.6310	0.2112
1.1274	0.6203	0.1204	0.7144	0.4944	-0.4883	-1.1482	0.3659	1.1543	-1.1731	-0.7921	-0.4049	-0.0825	1.5483	0.9701	0.4466	1.1380	-0.0721	0.8420	0.1644	0.2471	-1.4196	-0.2253	-1.1356	0.0293	1.0139	0.1539	-0.4169	1.5385	-0.7608	1.1613	-1.3127	0.8760	0.0203	0.8903	-0.5574	-0.2181	-0.2887	-0.8218	0.3377	0.1164	0.4983	0.5733	0.3032	0.2508	-0.4381	0.6480	0.1014	0.6117
1.4184	-0.0457	-1.5017	0.4892	0.5301	-0.7141	-0.6241	-0.8492	0.1315	1.9519	0.2278	-0.5305	-1.3091	2.8987	-0.3986	-0.8464	0.2895	0.5405	2.0277	-0.0466	-0.1568	-0.6123	-0.8748	-0.8183	-0.9386	-0.0373	-0.4821	0.1133	1.2353	-2.1492	1.2523	-2.4648	0.4384	0.4819	0.5724	-0.5083	-0.0832	0.7895	1.4105	0.8507	0.9344	-2.5129	1.1776	0.7599	-0.8752	-1.2397	2.4360	0.7776	2.0133
-0.2415	-0.6572	0.0951	0.2424	0.6466	-0.3443	0.0317	-2.1166	-0.1292	1.1709	0.2560	-0.0772	0.3053	1.8877	-0.0179	-1.4379	-0.0053	0.2556	-0.4825	0.6282	0.8745	0.3086	-0.1142	0.6799	-0.0495	1.1140	-0.1245	1.5519	0.1713	0.0614	1.6367	-0.7471	-0.2674	1.0089	-0.5728	0.0588	-0.0777	0.1884	0.4927	-0.5676	-0.7054	-1.8771	-0.0688	0.6875	-0.3316	-0.0228	1.8587	0.6410	0.4371
0.4120	0.0640	-0.0506	1.2656	0.5311	1.6187	-0.5654	-2.3601	-0.3798	0.7587	0.3992	0.4569	3.2276	0.3818	0.8142	0.3814	-0.7200	0.1439	-1.2062	0.4355	1.4242	1.8858	1.7576	0.8426	0.9102	0.7830	1.8485	2.3592	-1.4783	1.1172	0.4088	0.3736	0.4057	1.0760	0.2175	0.8735	0.6000	-0.2560	-0.7118	-1.2764	-0.7242	-0.8364	-0.7582	0.9765	1.6400	0.7655	-0.0772	1.1089	0.0889
-0.3738	0.3394	-1.6094	-0.3875	0.9884	0.5003	0.2372	-1.4247	-0.4608	1.8910	0.7680	-0.1357	1.9504	0.2861	-0.5573	-1.0948	-0.4584	-0.1861	-1.2852	1.0133	1.1027	1.9369	0.8224	0.7868	0.5026	-0.2398	1.3201	0.7092	-1.6775	0.6296	-0.8865	-0.7644	-0.4762	0.1769	-0.0654	0.9022	0.3934	-0.1958	0.8365	-2.7815	-0.5329	0.0059	-0.0416	0.6141	-0.1910	1.3247	-1.6232	2.0166	2.2389
-1.5257	-0.3818	-0.5596	-1.4049	-0.3523	-0.6076	1.1863	-0.9621	-1.2758	0.6932	0.9860	-0.5930	-0.6269	0.9432	-1.1886	-2.5227	0.9254	0.7561	-1.0275	1.1476	1.6782	0.6324	-0.7996	0.0182	0.1429	-0.4417	0.5055	-0.5665	-0.3419	0.5610	-0.7903	-1.1445	-0.0996	-0.7562	0.5941	1.6629	0.5184	0.0226	0.6712	-2.8238	-0.2995	0.7132	0.3145	-0.9153	-0.0325	-1.2389	-3.0350	2.0103	0.9924
0.1370	-0.4139	-0.6376	-0.4568	-1.6807	0.6620	-0.1988	-0.7549	-0.2816	-0.0922	1.0232	1.1030	-0.3244	1.0884	0.8504	-1.5388	-0.0833	1.3365	-0.8091	0.3010	1.8937	-0.4577	0.5430	-0.3660	-0.1358	-1.7408	0.4265	-1.6768	0.1795	1.5209	-0.7951	0.5635	-0.1961	-0.1716	1.1135	0.7733	-0.0107	-0.5497	-0.5364	-0.2977	-0.1412	0.8754	0.0708	-0.8122	0.9809	-1.4152	-1.2692	1.8818	-0.1361
0.5824	-0.9135	-1.8530	-0.3974	-0.9415	0.0251	0.4090	0.4560	0.6438	-0.2342	-0.2570	0.6151	-0.8981	-0.8424	0.2267	-1.7233	-1.3082	-0.0554	-0.6102	0.0976	1.5087	-0.0845	0.7880	1.8881	-1.5482	-1.2984	-0.0768	-1.6599	-0.1678	-0.1657	-0.7887	0.5877	-1.1518	-0.0111	-0.1444	-1.0970	1.1834	-0.5202	-0.7195	-0.6142	0.0394	-0.2742	-0.0140	-0.2303	-0.7261	0.2928	0.0385	0.5632	0.2892
-1.3130	-0.5191	0.1209	-0.6947	0.8744	-1.0934	0.8698	-0.4339	0.7360	-1.8553	-1.0117	-0.2566	-0.6815	-0.7580	-0.4365	-1.1008	-0.1170	-1.0910	-0.5983	0.7008	0.6088	0.6045	0.0928	0.2193	-0.1103	-0.4629	1.0651	-0.7531	-1.8288	-0.4322	-0.1357	1.2056	-0.0465	-0.0405	-0.7279	-0.5443	-0.6218	-2.0199	-1.4626	-1.4214	-0.3461	-0.1503	-0.4218	-0.5208	0.1820	-0.0144	0.7554	-1.1215	-0.0115
-0.3722	-0.2335	0.0091	0.1710	1.5059	-0.7746	0.4360	-0.1165	-0.1776	-1.4021	-0.4361	-1.1903	0.2532	-0.9190	-1.2028	-1.0878	-0.1680	-1.2759	-0.4491	1.4763	-0.8511	-0.7531	-0.7136	0.9190	-0.1291	-0.1790	0.0713	-0.8013	-1.8120	-0.8035	-0.7538	0.7328	-1.1085	0.0646	-0.3282	-0.3324	0.2440	-1.7633	-0.9343	-2.2969	-0.7870	-0.1002	-0.1686	-1.3326	-0.2825	1.0047	1.1306	-2.0205	-0.1250
0.0687	-0.7021	-0.0567	-0.2078	-0.0747	-0.2546	1.1438	0.5299	-0.6132	-0.2031	0.2722	-1.4635	0.7131	-0.4999	-1.8407	0.0627	-1.0357	0.2613	-0.1733	0.5495	-0.1373	-1.6321	-0.9734	-1.1353	-0.3321	-0.4919	-1.1577	-0.3845	-0.4661	-0.8169	-1.0514	-0.8414	-1.3475	0.0423	1.1096	-0.3988	0.7039	0.1470	-1.4990	-2.5730	-0.6260	-0.1526	0.2759	-0.8199	0.2611	0.4058	-0.1914	-1.2302	0.3136
0.3175	-1.0245	-0.4797	-0.4379	-0.1917	0.4208	0.1086	0.3589	0.2075	0.8387	0.2882	-0.7113	0.2199	-0.6929	-0.2030	1.6437	-0.7487	0.2069	-0.5712	0.6679	-0.4070	-1.1410	-0.3313	-0.9147	-0.3691	-0.5790	-1.4512	-0.2577	-1.3403	-1.0845	-1.5582	0.6419	-1.1480	-0.3514	0.3188	-0.2325	0.4185	-0.8041	-0.2279	-1.1248	-0.5110	-0.8635	0.0735	-1.6517	-1.1047	0.3360	0.4077	-0.1393	-0.0875
-0.9574	-0.2307	-0.6484	-1.1036	1.7424	-0.0138	1.2134	-0.1041	0.6507	0.4696	-0.2829	-0.7675	0.0174	-1.9222	0.7279	2.4924	-0.2357	-0.5086	-2.7986	1.9590	-0.4965	-0.5853	0.3671	1.1305	0.8436	0.8557	-1.3114	0.9989	-1.9380	-1.1686	-2.3607	1.7544	-0.8381	-1.1718	-1.2404	0.3283	0.6981	-0.6569	0.7919	-0.8683	-0.8391	-1.1428	-0.3286	-1.9972	-2.7426	1.9133	-0.6876	0.5261	0.2466
-2.3285	0.7428	1.4414	-1.5323	1.7140	-1.0693	0.3578	-0.1545	-0.7417	-1.0775	0.7355	-0.7776	-0.1469	-1.1945	1.5858	3.3606	0.1307	0.7720	-2.9029	1.3783	0.0307	1.3818	1.5726	0.7250	2.2873	1.8659	1.0012	2.3144	-2.2590	-1.2211	-2.0931	2.1176	0.6761	-1.0639	-0.5180	2.5684	-0.2443	-1.2732	-0.1347	-0.7617	-1.0458	-0.9751	-1.5802	-1.3672	0.1695	0.6732	-0.6418	0.3877	0.6768
-1.2736	-0.1714	1.5668	-1.3776	0.3381	-1.9487	0.9120	0.1922	0.3036	-0.5910	0.9948	-0.8995	-1.1857	-0.6564	0.2936	2.2140	0.0811	0.1102	-2.5182	0.7881	-1.2403	0.1453	1.7776	0.8427	1.7756	1.7916	1.0302	2.5547	-1.8694	-1.3162	-0.7512	2.3135	0.9249	-0.7012	-1.5255	2.5284	-0.2320	0.8772	0.1860	-0.2711	-0.4168	-0.1624	-1.8965	-0.6167	-0.5996	0.3584	-0.6792	0.4742	-0.5391
-0.4557	-0.9899	1.0546	-0.4247	-0.5159	-0.3035	0.8768	0.3315	-0.0154	-0.6213	1.1635	0.2944	-0.8429	0.2849	-0.5491	1.1567	0.4091	-0.3609	-0.6320	0.9151	0.2517	0.1568	2.3975	0.8639	0.6804	0.7580	0.4666	0.5364	-1.0765	-0.1251	0.4154	1.8589	2.4443	-0.4048	-0.5440	1.7582	1.2412	0.5954	-0.6896	0.4527	-0.9412	1.4954	-1.9327	1.2205	-0.1001	0.4749	0.0435	0.1109	-2.4369
0.1930	-0.8108	-0.4151	-0.7653	-1.0443	-1.0557	-0.1238	1.1764	-1.9849	-0.7945	1.4838	2.0503	-1.6621	0.6118	-1.1972	-1.2493	0.9263	1.2184	1.7896	0.9279	0.7138	1.1503	-0.1384	-0.4401	-0.9510	0.6488	-0.3130	-2.0461	0.0822	-2.6456	0.2664	-0.1325	1.4799	1.7317	-0.0568	0.0279	1.1497	-0.3348	-0.5483	-0.0938	-1.0700	1.2756	-0.8325	1.9046	-1.1473	0.9698	-0.3031	-0.7223	-0.5452
-1.2015	-1.5915	-1.4667	-0.7043	1.0736	-1.2187	0.6140	1.4639	-0.6202	-0.9652	0.4747	1.0036	-0.9635	0.5999	-1.6390	-1.9370	1.6966	1.2323	0.4718	0.6646	-0.1213	-1.2294	-1.6405	-1.3302	-0.4721	1.2008	-0.0248	-0.0400	0.7760	-2.3114	1.4479	0.1898	-1.2167	1.7383	-0.2922	-0.4337	0.2472	-0.5422	-0.1221	-0.0269	-0.3997	1.1325	-0.3469	-0.5220	-0.8658	-0.2628	-1.7242	-0.5118	-0.2337
0.1040	0.4035	-0.4553	0.5798	2.4882	0.1617	0.8482	0.9584	0.8234	0.6776	0.3261	1.8587	1.0261	0.9337	1.0441	-0.4870	1.5472	0.9925	-0.4901	1.1013	-0.0011	-1.6196	1.4065	-1.6696	0.7962	0.7275	1.3108	0.8407	0.0010	-1.6693	2.3407	2.1465	0.4671	2.1914	-0.8508	-0.3981	-0.0972	-0.7182	-0.5709	2.0309	-0.3480	1.1279	-0.0370	0.2335	0.3581	0.4492	-0.9720	-0.0885	0.1164
0.2651	0.9005	0.2912	0.8979	0.6110	0.2637	0.8903	0.6076	-1.1496	1.0021	1.4386	2.6389	1.2840	0.1632	-0.0753	-0.6325	1.8910	0.6947	1.5654	-0.1964	-1.4648	-0.2501	0.2155	0.6811	-1.0070	0.2044	1.1791	-0.6237	-0.4603	-1.4829	2.2465	0.1044	0.3580	1.7016	-0.5843	-0.2368	0.8165	-1.4494	0.9662	1.6857	0.3579	-0.4183	0.2976	1.0168	-0.0693	0.5991	-0.0386	-1.2441	1.5323
-0.4368	0.0567	-0.0516	0.7366	-0.9003	-0.1803	1.4878	1.0848	-1.0859	-0.9123	1.7858	1.1286	2.0853	-0.5440	-1.7106	0.8198	0.7295	-0.6547	1.0646	-1.0328	-1.3677	-1.5928	-1.2598	-0.4938	-1.3853	-1.0733	-0.4414	0.9079	0.5598	-0.5204	1.5327	-0.9360	-1.7490	0.7137	-0.6052	-1.1707	1.8866	-0.6075	0.7429	0.7918	0.4782	0.9023	0.1767	0.8462	-0.2546	-1.0422	-1.8993	-1.2205	2.1686
0.4521	1.8555	-0.1011	1.2751	-1.3197	-0.0524	0.1610	0.7372	-0.1663	0.3366	2.1362	0.7099	0.5408	-1.2299	0.8061	0.9774	-0.9051	-1.6522	-0.1765	-0.0977	-0.4023	-2.7486	0.5021	-2.5328	-0.5807	0.2181	-0.7492	1.4525	0.2208	0.4861	1.1102	0.2305	-1.2639	2.0838	-0.6545	-1.6308	1.6003	1.1200	-0.1531	2.2462	1.6495	0.9480	2.0725	0.1189	0.3394	0.9536	0.6176	-0.1839	1.9852
0.1964	1.1893	0.0498	1.0747	-2.4358	-1.7747	0.9347	0.6450	-0.1242	1.1998	0.8124	0.4656	0.2318	-0.9871	-0.2813	0.5634	-0.3778	-0.4660	1.6106	-0.7577	-1.2551	-2.0867	0.0101	-1.6599	-0.3823	-0.5777	-0.1812	0.9329	-1.0316	-0.7550	1.2157	-1.1089	-0.6369	1.7026	-0.1483	-0.6946	1.1259	0.4906	1.1965	1.4314	3.3481	-1.4204	2.4301	-0.4442	-0.1603	0.2610	1.2113	-0.1655	1.3536
-0.9680	0.3880	1.1827	2.0444	-0.2319	-0.2775	0.2572	2.2294	0.2101	-1.8820	-0.2624	-0.7966	2.5735	-0.8522	-0.4596	2.7994	0.3353	-0.9895	1.4604	-0.8807	-0.6215	-2.6209	-0.1018	-1.6527	0.0578	-1.0684	-0.1415	1.5754	-0.0917	-0.2190	1.4530	0.3616	-0.3908	1.0225	0.0861	-1.0749	0.9852	-0.9228	0.2830	0.1027	1.5372	0.1894	0.5293	-0.0934	0.2354	-0.3668	-0.4045	-1.1572	-1.4178
-0.8684	2.1118	1.8756	2.2332	0.8261	0.2087	-1.4348	0.8739	-0.3020	0.1580	-0.2751	0.9101	1.9188	0.4293	2.5518	2.5705	0.6271	-1.3111	1.8788	-1.0414	-0.4932	-0.0166	1.0636	-3.2938	0.8041	0.2068	-0.0821	1.5053	1.1813	-0.2138	1.2450	1.1460	1.1674	1.7851	0.9815	-0.3263	-0.4837	0.5466	1.1144	1.0777	2.9257	0.7256	0.6975	0.7726	0.9227	1.3210	-0.7032	-1.2849	-0.8903
-0.8495	1.8699	0.9146	1.7440	1.4088	-0.0406	-0.5578	1.0097	0.0897	-0.1070	1.3241	-1.4399	1.2133	-0.3867	0.9677	1.4098	0.3769	-1.0330	0.5978	0.4759	-2.1627	-0.0822	0.7309	-0.5415	0.5779	2.1836	0.5636	2.5221	0.3740	-0.6818	0.9987	1.8837	-1.9931	1.8128	-0.6319	0.2971	1.4224	1.1888	2.5408	-0.2066	2.6062	-1.2892	3.1009	-0.0620	0.8740	1.0947	0.1224	-1.1613	-0.9100
1.0221	2.5312	-0.1290	0.1741	0.6383	-0.2119	0.3773	1.6315	0.3357	0.7718	2.2999	-1.2124	0.5683	-1.0670	0.9045	0.3617	-0.6496	-0.9863	-1.0754	2.2608	-1.7353	-0.0661	1.5681	-0.8051	0.5646	2.6761	1.1408	2.4158	-0.9146	-0.6539	0.9826	1.9010	-0.1983	2.2712	-1.3294	0.1228	1.2656	2.7085	1.2111	0.0626	2.0415	-1.8361	3.9358	-0.1513	1.6069	0.9432	0.7148	-0.6189	-0.5854
-0.1973	1.1751	-0.0915	0.6570	-1.4160	-0.8072	-1.7287	-0.0851	1.1811	0.2385	2.5627	-0.6773	-0.9916	1.3024	0.4741	-0.7022	0.6431	0.1752	-0.0855	2.5604	1.4575	1.0756	0.7973	0.6820	1.6585	1.0625	1.2550	0.4976	0.1292	-0.3357	0.4375	0.7897	-0.4005	-0.0329	1.1838	-0.0750	2.2061	0.4937	1.8102	-0.6413	0.8719	1.9102	2.6962	-0.3376	2.2431	0.4754	-0.1093	2.0089	-1.2710
-0.1166	-1.0979	-1.4906	0.2365	-1.6603	-0.5146	-1.3042	0.9131	1.3000	1.9065	1.4253	-0.5233	-1.2990	0.2096	-0.8356	-1.3480	-0.7935	-0.8850	-0.5262	1.9512	1.4446	-1.0341	0.3814	0.3652	0.1933	-0.9923	0.0849	0.0938	-0.3463	-0.4945	0.4210	0.5947	0.1494	-0.1287	0.9558	-1.0992	2.7843	0.6571	0.4173	-0.2891	0.5736	-0.1010	1.8586	-0.2032	-0.8654	2.3983	-0.0927	1.8254	0.3990
-0.3069	0.0401	0.6242	2.3157	-2.8019	4.9201	2.3967	-3.8694	0.3784	2.0660	-3.1889	0.1837	4.0278	3.7778	1.2320	0.4746	1.6123	0.3220	-0.6034	0.0659	2.3871	1.9518	-0.0586	0.4220	-0.5405	-1.7525	1.8858	1.3144	0.8239	2.9768	2.1302	-0.9092	2.0400	-0.1631	2.4932	1.1171	-0.6094	1.9974	0.6802	1.3915	0.9039	1.7053	-0.0758	0.7254	0.5070	3.4182	-1.0743	2.7501	2.7487
2.2996	0.6478	0.8400	2.0872	0.6810	3.7913	1.7299	-3.3974	-0.0710	2.9252	-2.0097	2.5131	1.2800	3.3449	2.0221	0.1076	1.2408	3.2964	1.9689	1.1326	1.4181	3.4812	0.7232	-0.1065	0.1411	0.8069	1.1993	-0.2681	-0.1047	2.5433	0.4712	-0.5875	1.1353	1.7372	3.0025	0.9101	-1.9095	1.6987	1.1760	1.6052	1.7255	-1.0677	0.1152	0.4756	1.3166	0.8458	0.3565	1.9488	1.8012
2.5733	0.3236	0.3383	1.7074	1.5485	1.4296	0.0362	-1.7292	-0.9376	0.0538	-1.3640	-0.3198	-0.2582	0.8762	1.3693	-2.0083	-0.7453	2.0612	-0.3485	0.2833	0.0553	2.7530	-0.0208	1.8845	-0.2479	-0.4607	1.1337	0.0355	-0.5963	3.1256	-1.0650	-0.9437	-0.2563	-0.9585	0.9369	0.5398	-2.4121	-0.4719	0.0680	-0.0217	-0.0258	0.2598	-0.6715	0.6285	1.1826	-0.9298	-0.3717	1.2027	-0.6759
1.1372	-1.3471	-0.5559	2.3318	0.0578	1.4280	-1.6944	-1.4619	-1.4552	-0.7753	-1.0347	-2.6605	-1.2728	-0.6152	0.0706	-0.6463	-1.7635	0.2561	-1.5529	-1.8723	-0.6280	2.6716	1.0253	1.7443	0.5397	-2.2961	0.2540	0.3281	-0.7610	4.5953	-2.7292	-1.6119	-0.1945	-3.2295	-0.6790	0.7162	-0.4430	-1.1086	-0.3677	-2.2353	-1.2780	1.5967	-2.1056	0.7988	1.9291	-1.4563	0.4580	0.8754	-1.6867
0.3058	-2.5917	-1.6063	0.3644	-2.3853	-0.5533	-1.4428	-1.4782	-1.7428	0.6790	-2.0470	-1.2188	-2.8440	-1.3623	-0.5303	-1.1094	-2.1766	-2.0420	-1.5793	-2.4447	-1.1252	0.6990	-0.0183	1.4036	-0.4821	-1.7908	-0.8763	-1.1988	-0.7822	2.9787	-2.9147	-1.1741	-1.2472	-1.9202	-1.0461	1.2109	1.1625	0.9440	0.0767	-0.9121	-1.3961	0.4808	-2.1453	0.1897	-0.0170	-0.0625	1.7071	-0.0292	-0.9404
0.5596	-2.0991	-0.7919	-1.8120	-2.3537	-0.1969	0.4972	-0.3683	-0.8333	-0.1778	-3.4343	-0.0511	-1.7915	-0.7390	-0.7065	-0.1129	-0.5637	-1.9233	-0.6379	-0.9583	-0.4501	0.4183	-0.8519	0.5335	-0.5759	-1.1095	-1.3382	-1.7014	-0.6915	1.1651	-1.4969	-0.3645	-1.6253	-1.6293	0.4126	1.0609	-1.3274	0.5016	-1.1658	0.4599	-1.2088	-0.7629	-1.7829	-0.0614	-0.1851	-0.5553	1.6122	-0.2710	-1.1840
0.5682	-1.6577	-1.1579	-2.4332	-1.4600	0.4377	1.5004	0.1745	0.5746	-0.9663	-2.9095	0.5162	-0.6515	-0.1849	-1.5257	-0.1148	0.1948	-1.4274	-0.4374	-2.0523	-0.0511	0.2992	-2.1721	-0.7302	-0.7528	-1.3239	-2.3322	-1.8478	-0.1614	1.3326	-0.3146	-1.4115	-1.1557	-1.9265	0.7862	-0.1285	-1.6531	-0.1011	-1.2592	1.0260	-1.0729	0.2579	-1.5912	0.0324	0.0014	-2.2460	0.2958	0.0692	-0.9540
0.6806	-1.9803	-1.2135	-2.1968	-0.5264	0.5460	1.5396	0.2739	0.3566	-1.2325	-3.1082	-0.6227	-1.2042	0.4333	-2.1407	-1.6378	0.6608	-0.3044	-0.4820	-1.9731	-0.0591	0.2559	-4.0234	-0.4815	-1.0204	-0.8130	-2.1028	-1.9367	0.4006	1.5016	-0.5280	-2.4855	-0.8676	-2.5588	-0.1398	-0.5593	-2.0134	-0.0433	-0.7178	-0.2500	-2.5928	1.1126	-1.4214	-0.6726	-0.9148	-2.7003	-0.8097	0.0000	-1.4566
-0.5642	-1.3656	-0.8670	-1.9525	1.1933	0.4421	0.3719	-0.5568	-0.3778	-1.8127	-2.1969	-0.7553	-1.1404	0.5275	-1.8818	-0.8791	-0.0367	0.1060	0.5329	-1.4227	0.4611	0.4982	-3.9115	0.1365	0.0243	0.3127	-1.4826	-1.7471	0.0580	1.2908	-0.7815	-2.4401	-0.1006	-0.8800	-0.3311	-0.1463	-2.3511	-0.8358	0.0346	-0.2910	-2.7424	-0.0909	-1.3347	-1.0915	-1.4142	-1.7007	-0.3911	-0.3420	-1.3944
-1.4387	-0.0539	0.2246	-2.2547	1.8574	-0.1333	-0.4940	2.0589	0.9971	-0.9563	-1.0222	0.1018	-1.2746	-0.0718	-0.5722	-0.4710	-0.5114	-0.5555	0.4554	-0.8359	0.3939	-0.3570	-1.4643	0.3851	1.0677	1.1557	-1.4526	-1.4795	1.2523	1.0859	0.5765	-0.8421	2.6343	0.3415	0.4793	-0.0728	-1.9681	-0.4403	-0.9410	1.1643	-0.9825	-0.9911	-1.7020	0.0163	-0.3162	-0.6134	0.9285	-0.0750	-0.5671
-0.0025	1.2339	0.6461	-1.0510	2.0107	-0.9078	-1.8531	3.1634	0.6554	0.0161	-0.5137	1.5994	-2.4652	1.0484	1.5849	-0.8328	0.5836	-0.4215	1.0570	0.6959	1.5466	0.6088	0.0906	0.1824	1.4432	3.0868	-0.8587	-1.8036	2.1842	-0.0367	1.2201	-0.7947	3.4159	0.6526	0.9974	0.4031	-2.7539	1.1922	-0.9473	1.2560	-0.2408	0.1238	-0.8344	1.8613	-0.6157	0.7854	1.0194	1.5420	1.8580
0.6730	1.8914	-0.3184	-1.1194	0.8999	-1.7713	-2.3382	1.2989	0.3769	0.1804	1.7147	0.2325	-1.9883	1.5319	0.5030	-1.9340	0.8547	0.7664	1.5343	1.7279	1.6144	1.1743	-0.3195	1.0126	0.3865	1.8681	1.0013	-0.4214	1.2369	-0.4343	0.7996	-2.0386	1.6278	0.4563	0.9765	0.9845	-0.3037	1.3075	2.0847	-0.5299	2.0664	0.3523	1.1426	2.4739	-0.4901	0.7234	0.6104	1.8442	2.4552
0.3208	-0.0494	-0.6774	-2.0768	0.7142	-0.6586	-1.2742	0.1861	-0.2636	0.4363	1.4172	0.8610	-1.5986	1.1247	0.5004	-2.6179	0.4867	1.4856	0.6880	0.2518	1.3115	1.7652	0.0617	2.4373	0.1526	-0.3428	0.2823	-0.3192	1.1149	-1.0221	-0.3288	-0.5080	1.8455	-2.0881	-0.0620	1.4360	1.6312	-0.9673	1.7197	-0.7804	0.2531	0.6130	0.0006	1.3843	-0.1058	-1.5337	-2.0463	0.5301	0.2211
1.6573	-0.1565	-1.4518	-0.5876	-0.8963	0.4662	0.3530	0.1628	-0.2084	0.4519	1.3837	1.4081	0.1625	0.3287	0.6879	-1.5537	-0.8301	0.1498	0.1570	0.4838	1.0339	0.5455	0.3231	1.6102	-0.4506	-0.9660	-0.5153	-0.5901	0.2277	-0.1391	-0.7839	0.8489	0.1819	-0.6227	-1.4727	0.4438	0.6152	-0.9628	-0.1742	-1.0340	-0.9958	0.1351	-0.5542	0.6508	0.4337	-0.5987	-1.3527	-0.8519	0.9037
1.0635	0.3361	0.5447	0.1580	-1.7363	0.0791	1.1674	-0.3317	0.6605	2.0054	0.7828	1.2286	1.2029	-0.7159	-0.1031	0.2751	-0.7708	-1.3272	0.5874	-0.4762	1.2641	0.1750	-0.1494	1.1456	-0.5815	-1.0345	-0.6311	-0.8098	-0.0023	-0.4820	-0.4318	0.2373	-0.4475	0.7034	-1.5482	-0.4272	0.0601	-0.1706	-0.7585	-0.3931	-0.4446	-0.5207	0.3018	0.1330	-0.1760	0.1701	0.8240	-1.4313	0.8765
0.3657	0.0483	1.2361	0.1977	-1.5776	-1.2603	-0.0383	-0.6846	-0.4621	1.1431	-0.3189	0.3518	2.2231	-1.4844	-1.0629	0.7330	-1.0383	-2.0593	0.6548	-1.9107	1.0220	-0.8887	-1.3874	-0.3492	-0.6946	-2.0046	-0.7213	-0.4206	0.0344	-0.3734	0.3853	-0.6524	-0.9736	-0.0348	-1.3788	-1.0182	0.0154	-0.3709	-1.4816	-0.6132	0.4134	-0.8419	0.0735	-0.5140	-0.2845	-1.0914	1.6446	-1.5399	-0.3304
-1.6415	-0.7329	0.8995	1.4399	-1.1157	1.1669	-3.5144	-0.4033	-1.3620	-1.5516	-0.9726	-1.9004	2.3484	-0.3846	-1.1453	1.2361	0.1814	-0.1638	0.4088	-2.4651	1.5281	-0.3113	-1.7248	1.0924	0.6800	-2.4714	-0.0616	0.1911	0.5844	-0.0804	-1.4203	-0.9985	-0.7281	-2.4482	0.5144	-0.4966	0.9976	-2.1088	-1.6661	-0.9004	0.5085	0.2975	-0.9574	-0.4031	1.5026	-1.7789	0.8544	-0.7823	-2.3525
-0.4280	0.4730	-0.5372	0.4651	1.1337	0.9049	-1.1796	-0.0684	-0.5910	1.0606	-0.6349	-0.5274	-0.4290	-0.4280	0.2018	0.2247	-0.1041	-0.9413	-0.8463	0.0160	-0.7369	0.0992	-1.3673	0.8934	0.4921	1.2948	-0.4531	-0.6255	-0.2613	-1.6119	-2.3752	-1.7582	0.0450	-0.6720	-0.5758	-0.0990	-0.4012	-1.6121	-0.3364	0.0945	-0.3556	-1.0718	-0.2008	0.5808	0.4150	0.2261	0.7539	-1.1596	0.4272
-1.0403	1.6316	1.1105	-0.5463	2.2079	-1.0963	0.4261	-0.0519	1.4012	0.2647	-0.1440	1.2326	0.0394	-0.0535	1.3556	0.0838	0.5264	-0.4005	-0.3585	1.7114	-1.5673	0.1531	-0.8297	-0.5036	1.1148	1.7536	0.6372	0.5919	-1.8469	-1.0832	-0.4870	0.3010	0.6605	1.6448	-1.0099	0.0196	-2.2723	-1.5628	0.4044	0.4899	0.2021	-0.8066	0.1687	-0.1382	0.1502	0.8853	0.4898	-0.8867	2.1432
-1.4482	1.8119	0.5863	-0.4098	2.1859	-0.6057	1.3194	0.0124	0.3507	1.2048	1.4267	1.2400	0.2026	-1.8180	0.2682	0.5378	0.4376	-0.8932	0.1114	0.7552	-2.0823	0.0628	-0.0250	0.2344	-0.0560	-0.2766	-0.6637	0.1287	-0.8272	-0.5001	0.8968	0.3120	0.6303	0.5387	-1.4767	-0.6140	1.2737	-0.4840	0.3072	-0.2319	2.3398	-0.7644	1.1559	0.0280	-0.6644	0.1876	0.9390	-1.5652	0.5946
0.2974	1.8997	-0.4766	-0.6535	1.3785	-1.6462	1.6658	0.2092	-0.1866	1.7704	0.6660	1.2836	-0.4770	-1.7121	0.7324	-0.4900	-0.6830	-0.2454	-0.3532	2.1169	-2.0403	-0.3973	0.4254	-0.1129	-1.2618	-0.7164	-1.0546	-0.7182	-0.3973	-1.7764	0.7559	1.1498	0.2085	-0.7645	-1.8985	-1.8555	0.0390	2.0568	-0.4143	-1.3569	1.4694	-1.5939	1.6696	0.4361	-0.9390	0.6061	0.6419	-1.2882	-0.2053
-0.1964	-0.2002	1.8726	-0.0152	-0.7802	1.1890	-1.7610	-1.3259	-0.9243	-0.3949	0.0293	1.1249	0.6078	0.0174	0.5044	-0.0634	0.4048	0.3585	-0.9528	0.3304	-0.0642	0.4940	0.2386	0.1221	-0.7140	-1.5059	-1.4895	-0.3704	-0.4490	-0.1962	-0.0173	1.7596	1.0180	-1.3361	-1.6689	-1.2255	-0.2803	0.0915	-0.4443	-0.8004	0.0183	-0.1185	0.3378	-0.0950	-1.1801	0.1896	0.2408	-0.6966	-1.0428
-0.9719	-0.3190	3.0676	0.1387	-1.5765	1.3572	-1.6797	-1.2031	-1.6452	-0.6487	0.2210	-0.2908	0.5800	0.2691	0.5248	0.1493	0.3679	2.0482	-0.3158	-1.8169	0.9258	0.5244	0.5104	0.4061	0.4230	-0.6305	0.3192	1.0570	-0.4725	0.3240	-0.7036	-0.1597	-0.0073	-0.3442	0.0900	-0.0108	0.0324	-0.9106	-0.9058	0.0295	-0.5996	-0.6489	0.8210	-1.8947	0.1322	-1.3565	-1.1231	-1.2796	-1.6126
0.5289	-0.2323	1.6906	-0.8274	-0.5570	0.0669	-0.4978	0.1818	-0.1326	0.0767	0.3164	-0.7134	-0.6015	-0.6536	0.5315	0.4952	-1.2715	1.0020	0.1572	-2.6483	-0.0396	0.2295	1.0211	0.0344	-0.6749	1.1736	0.2402	-0.2617	1.0575	0.4978	-1.5916	-0.5834	-0.4847	0.1162	0.4453	-0.2250	-0.7101	0.3301	-1.0042	0.4399	0.1700	-0.4983	0.2977	-0.1209	-1.4967	-1.8249	-0.0809	-0.6273	-0.8188
1.6434	-0.4125	-0.2716	-1.7683	-0.0474	-0.7992	0.8848	0.2449	0.7772	0.2027	0.2045	-2.2432	-0.2266	-0.9407	-0.9872	0.9085	-0.8195	1.3524	1.0185	-0.5108	-1.3954	-0.6050	1.1392	-0.8225	-2.3529	-0.2305	0.1102	0.5161	2.3505	0.0854	-0.7098	-0.0921	-1.9662	-0.9308	0.1419	0.0344	-0.1915	0.1324	-0.7265	-0.2428	-0.9740	0.3085	-0.4584	1.5851	-1.8456	-1.7712	-1.0385	0.4903	-0.5539
1.2814	-0.9505	-1.0820	-0.4161	-0.0273	-0.9077	0.0512	-0.5221	1.1746	-1.1872	0.0686	-0.7813	-0.3069	-0.0221	-0.5363	0.4555	-0.5573	0.4170	0.8843	-0.8934	-0.8722	-0.5724	1.4652	-1.7545	-1.8704	-1.5707	0.2457	-0.3908	2.8132	-0.8123	-0.3805	1.3223	-0.2563	-1.3446	-0.3062	-0.3512	0.0883	-1.3221	-1.2958	1.0512	-2.0136	0.5005	-1.7422	2.0453	0.0003	-1.4023	-0.9333	1.3526	-1.2647
1.0902	-1.2610	-1.0242	0.5929	0.3134	0.4304	0.5098	-1.1437	1.2095	-0.7387	-0.6922	0.2516	-0.3142	-0.5980	-0.9505	0.0280	-1.6708	-0.8896	0.4590	-1.5946	-1.8486	-1.2798	-0.3163	-0.5733	-2.0390	-1.1949	-1.4040	0.3450	1.1457	-1.9338	0.1896	0.5683	-0.7387	0.1709	-1.6995	-1.6563	-0.6310	-0.5333	0.2072	2.2723	-0.9393	-1.7418	-0.3939	-0.4521	-1.6276	-0.0696	-0.1734	0.7560	0.2439
1.4290	0.2075	0.3849	-0.5815	1.1313	0.1471	0.2587	-0.6192	1.3297	-0.4077	-0.2860	-0.3563	-0.0182	-0.4164	1.4119	0.2510	-1.1622	0.5220	0.4129	0.2286	-0.6334	-0.7807	0.3770	0.1309	0.0246	1.9965	-0.3941	1.3241	1.1882	-0.7480	0.6752	1.5087	0.5239	0.8601	-1.0558	-0.8786	-1.3723	0.6128	-0.3178	1.3839	-1.0037	0.3789	-0.4629	0.0804	-1.0433	1.6182	-0.0424	0.2081	1.3600
1.1370	0.8874	0.1504	-0.1194	0.8239	-0.7175	-0.5880	-0.5058	1.7822	-1.0188	0.7251	0.3037	0.4704	-0.0291	1.4741	0.0216	-0.2900	2.4747	1.4968	-0.6740	0.6572	0.4479	1.4161	-0.2377	1.3952	1.4521	1.9537	0.8276	0.9959	-0.3755	-0.2220	1.4992	1.6987	1.1242	1.0472	0.3868	-0.9110	0.6594	-0.5395	0.9286	0.0531	1.0629	-0.9461	0.9419	0.7075	0.6186	-0.2340	0.3449	0.8452
0.7159	0.7618	-0.8802	0.8783	0.2127	-0.3707	0.8370	-1.7818	1.7932	-1.4006	0.9838	-0.2936	1.0575	-0.5397	-0.7366	-0.5072	-0.6285	1.9018	1.0750	-1.0657	0.1453	-0.7712	-0.1851	-0.4146	-0.2748	-0.2454	1.8345	0.8813	1.7310	0.2218	-0.1376	-0.7292	0.3758	1.0662	0.8115	0.0006	0.0455	0.6382	0.5662	0.3486	0.3143	-0.2793	0.4030	-0.0652	0.4006	0.0696	0.5410	0.6217	0.7887
0.8453	0.9599	0.0944	1.1359	-0.6104	0.1495	1.0190	-1.4021	0.5088	-0.2552	0.0222	-0.8381	0.7751	0.7521	-0.7298	0.8117	0.9543	1.6925	0.4784	0.1782	0.9210	-0.5071	-0.6263	-0.0980	-0.5232	-0.4681	1.9286	0.6237	1.9366	1.0144	0.0251	-0.8831	0.2165	1.4038	0.1710	1.0903	-0.2209	0.8040	0.9900	-0.2478	-0.1023	-0.6899	0.8605	0.1988	0.2046	0.1846	1.3580	1.2376	0.3430
0.8673	0.8569	-0.7980	0.3115	-0.4151	0.2624	-0.3969	-1.0797	0.4639	0.1569	0.5746	0.1118	-0.9547	0.0734	0.3988	0.5544	0.3964	0.0738	-1.1345	-0.0184	-0.2968	-0.7481	0.0437	-0.1625	-1.5446	-0.0522	0.5815	-0.3428	1.5399	1.1619	0.7941	0.7034	0.0172	0.5100	-1.0690	0.8575	1.1329	0.6228	1.1879	0.3858	0.7012	-1.7152	1.9190	0.3444	-1.1604	-1.0152	0.5244	1.2780	-0.5267
0.5010	0.1420	-0.6315	-0.0934	-1.2224	-1.3829	0.2221	-0.1200	-0.1026	-0.1559	0.5382	-1.8572	-0.0163	0.3112	-0.2305	0.9099	-0.2568	-0.2369	-1.3612	1.1973	0.2747	-0.6785	0.8030	-0.6073	-1.4562	-0.1468	1.4489	0.1207	0.5632	-0.1776	-0.0476	-0.1178	-1.4980	-0.9175	-0.3139	-0.2090	0.8893	-0.0291	-0.5107	-1.2202	-0.7820	-0.2880	0.7442	-0.0503	0.3516	-0.1630	-1.1383	1.4107	0.2026
-1.0768	-1.4113	0.1954	0.6623	-1.1414	-0.2744	-0.8773	0.6038	1.1869	-0.7385	0.0388	-0.8580	-0.2201	0.8313	0.8906	1.4578	-0.0223	0.5710	-0.5126	0.7081	1.1153	0.3129	1.8537	-0.1836	0.8742	-0.0248	1.0740	-0.4092	0.1343	-0.2428	-0.6464	0.7144	-0.8758	-1.9947	0.7348	-0.5472	0.6717	-1.1105	-0.9943	-0.7009	-1.0013	1.8985	-1.3745	-1.1633	0.9362	0.4063	-0.3879	1.9390	-0.3489
-1.5841	-1.9870	-0.2955	0.6285	-0.6015	0.0580	0.6317	0.7717	1.3153	-0.8015	-0.5497	-0.7210	-0.8261	0.1365	-0.5021	1.2978	-0.7064	-0.0754	-0.3165	0.9507	0.0151	-1.1640	1.1777	0.2435	0.6962	-0.0466	0.1558	0.5526	-0.7228	0.1288	0.2059	-0.4776	-1.5249	-0.4752	-0.1054	-1.0438	1.2082	0.1475	-0.0674	-0.4204	-0.3353	0.1609	-0.0217	-2.7871	-1.0521	0.7842	0.1260	0.6453	0.9514
-1.2222	-0.3627	0.9889	0.1234	1.2233	-1.6244	1.7655	1.0738	1.3241	-1.2523	-1.5769	-0.0268	-0.4964	0.0677	0.1263	1.2597	0.5536	0.3472	-0.1058	2.0414	0.4625	-1.2427	1.2325	0.2575	1.4807	1.1764	1.8422	0.8697	-1.2371	-0.1763	0.9230	0.9710	-0.1550	0.8710	0.2485	-0.2281	-1.3327	1.0805	0.3693	0.0470	-0.4392	1.0138	-0.5232	-1.5812	0.1355	0.8817	-0.3978	0.3767	1.2563
-0.8057	0.9195	0.4951	1.2582	1.3216	-0.9773	0.2707	-1.1263	-0.5410	-0.7867	0.6915	0.0974	0.1489	-0.1808	-0.2617	0.4561	1.6404	-0.1586	0.2708	1.3053	0.7555	-0.3297	0.9023	0.5889	1.1361	0.9875	1.2735	0.8163	-1.3846	-0.1716	0.7898	-0.1857	-0.4639	1.1236	0.7752	0.2504	-0.0382	-0.5750	0.6785	-0.7514	-0.0761	0.5177	-0.4933	-1.0673	0.8131	0.5794	0.1839	-0.1479	0.8306
-1.8051	0.2805	0.1575	1.6238	1.2719	-0.0223	0.2955	-0.6561	-1.0465	0.4231	0.3904	0.9409	0.7791	-1.2384	0.3366	0.1715	0.2964	-2.0954	-1.4505	0.5855	-0.0753	-0.4197	0.9571	1.2405	1.4365	0.7980	0.2592	0.8209	-2.2661	-0.1068	0.1176	1.3914	-0.3305	-0.2058	0.1080	-0.2208	0.3974	-0.0358	0.2104	-0.2667	-0.4437	-0.2146	-0.2008	-1.1460	0.5551	0.2716	0.4076	-1.3981	-0.2082
-2.2664	0.5765	0.3614	0.3964	0.2024	0.3290	-0.2139	0.2195	-0.1788	0.1392	-0.1940	0.9016	0.0588	-1.1673	0.5783	-0.3299	1.1849	-1.2560	-0.8421	0.3998	-1.0098	0.4344	0.8251	0.2593	1.0827	0.0780	0.1281	0.1304	-1.9321	-0.1060	0.2052	1.3661	0.7657	0.6643	1.0423	-0.2456	0.8424	0.1824	0.1257	0.2881	0.4167	0.9009	0.1100	-0.6432	0.4673	0.2911	0.4522	-1.6737	-0.3410
-1.9836	0.2455	-0.3702	-0.7798	-0.4118	-0.3062	-0.2362	0.1163	-1.2727	0.3385	0.7118	-0.1703	-1.0776	-0.8660	-1.1589	-0.8636	0.9778	-1.3649	-0.9248	0.5953	-1.9721	0.0684	-0.4325	-0.9474	0.2750	-0.3376	-0.9308	-0.8313	-1.5174	-0.3040	-0.2020	-0.9607	-0.8900	1.6914	1.1574	-0.7303	1.7589	1.4052	0.1837	-1.0352	0.9482	1.0793	1.1210	-0.7798	-0.4058	0.7525	0.1993	-1.9136	-0.0251
-1.5437	-0.0181	-0.8282	-0.9092	-0.3402	-0.2784	0.7588	0.8199	-2.2765	-0.3267	-0.2252	-0.3375	0.2490	-0.5057	-1.4748	-0.5031	0.3239	-0.7538	-1.3464	0.9903	-1.1487	-0.6571	-0.1704	-0.7498	0.7293	0.2624	-0.4202	-0.9117	-1.7248	-0.8393	-0.0275	-0.7159	-1.0690	1.3579	1.2596	-0.5611	0.7289	1.2203	-0.7259	-0.8723	0.0327	0.6631	0.9885	-0.8323	0.6274	1.0490	0.3111	-2.1774	-0.3576
-0.8962	-0.6019	-0.5773	-0.9284	-0.1431	-0.2339	0.4201	0.5673	-0.9159	0.0288	-0.3095	-0.1490	0.2837	-0.1651	-0.9513	-0.9064	0.0179	0.0980	-0.2206	0.8725	-0.1763	-1.0795	0.5692	-0.6335	0.7808	0.2085	0.0869	-1.0758	-1.0031	-0.5576	0.7398	0.6697	-0.1230	-0.4196	2.0945	-0.3615	0.2312	0.4511	-0.5892	0.4794	-0.2892	0.7232	0.6314	-1.3369	0.7249	0.6186	-1.1321	-1.0263	-0.9633
-0.4113	-1.3958	-0.0757	-0.6126	-0.2951	0.4106	-0.7358	0.7035	0.6416	0.1110	0.0923	0.1155	0.3567	0.5783	-0.4758	-0.5448	-0.1954	-0.1329	0.3311	0.7502	0.9667	-1.0739	0.4087	-1.3383	0.5809	-0.0750	-0.9275	-1.7822	0.1318	0.5837	0.3149	1.2504	0.3199	-1.0570	2.2864	-0.4973	0.0356	0.0353	-1.2492	0.1588	-1.0529	1.8493	-0.7962	-1.4674	0.3923	0.3707	-0.9839	-0.0331	-1.4929
-0.4370	-1.9103	-0.1865	-1.0952	0.7068	-1.3224	-0.7368	0.5470	0.9411	0.5731	0.4452	0.8650	-1.8200	0.1440	-1.1136	-1.2318	-0.1254	-0.1440	0.7927	-0.2225	0.2445	-1.3617	0.1072	-0.4971	0.6267	-0.1615	-0.5185	-2.0902	-0.9943	-0.2051	0.4000	0.0682	0.9620	0.5984	1.6269	-0.4103	-0.1288	-0.4966	-0.5842	0.4008	-0.6964	-0.4286	-1.2812	-2.5438	-0.9323	-0.5218	-0.9268	0.2106	-1.0987
-0.7742	-2.2597	-0.7483	0.1865	1.0578	-0.7650	-0.2694	1.1662	-0.2284	-0.3585	-0.4911	-0.5194	-0.9674	-0.1013	-1.3993	-0.5807	-0.4990	-0.5738	0.9128	-0.8970	1.3257	-1.1228	-0.3373	1.4030	0.0403	-0.5186	0.0821	-0.8307	-0.8897	-0.4047	-0.4952	-0.1603	-0.2226	-0.2184	0.8056	-0.2211	0.1859	-1.5759	-0.7495	-0.2969	-1.0413	-0.1534	-2.1609	-1.6630	0.0828	-0.6651	0.0556	-0.3496	-1.1660
-1.7037	-1.9736	-0.3849	0.6271	0.9454	1.2034	0.0874	2.0426	-1.1006	-1.7272	-1.0518	-1.2026	0.3366	-0.4400	-0.8567	0.5601	-0.2954	-0.0414	0.6320	-1.8967	0.2008	-0.1094	-1.3179	-0.0711	-0.7220	-0.1694	-1.4167	-0.2385	-0.0217	-0.4093	-0.0565	0.0091	-0.6064	-0.2301	-0.3751	-0.1994	0.0879	-0.2461	-0.3676	-0.5642	-0.3441	0.8623	-1.8107	-1.1023	-0.1715	-0.2411	-0.2224	-0.9157	-0.5911
-1.3935	-1.0097	-0.0503	0.2237	0.7102	0.0919	0.1024	1.3581	-0.9728	-1.6648	-0.9121	-1.6804	0.5848	-0.6960	-0.0077	0.1631	-0.4595	-0.2203	0.8303	-0.9998	-0.3093	0.0169	-1.5154	-1.5402	-0.5235	0.5066	-1.4384	0.0113	0.4771	-1.2768	-0.2376	-0.6502	-0.6533	-0.2262	-0.1720	0.2213	-0.2435	-0.1389	-0.3546	-0.6787	-0.3499	0.7461	-0.9603	-0.8253	0.3988	0.4448	-0.2084	-0.9145	-0.2677
0.8836	0.5731	0.1512	0.5835	0.6712	0.1325	-0.5959	0.5327	-0.2451	-0.5882	-0.5440	0.0079	1.6945	0.2497	1.5069	0.8494	-0.7765	-0.5457	0.4906	0.2820	-0.3638	0.2675	0.4852	-1.7965	0.5564	0.8523	-0.6173	-0.1142	-0.3013	-0.5423	0.1767	0.3831	1.2241	1.3957	0.4451	0.7732	-1.3120	0.3108	-1.1362	0.6329	-0.6173	0.5620	-0.5201	0.9616	1.1410	0.8807	-0.3744	-0.2921	-0.1969
2.0611	0.0927	0.4332	0.7379	0.2723	-0.4545	0.9470	0.0304	1.3329	1.0727	0.2129	1.9887	0.8197	0.4860	1.5550	0.2794	-0.3921	0.5361	0.5489	0.4429	-0.5510	-0.0599	0.4505	-0.1182	0.7760	0.5204	0.6765	-0.6368	-1.2122	-1.2279	0.4734	0.3180	1.9456	0.7915	0.1270	1.2256	-1.8190	-0.3080	-0.4479	1.0735	-0.0694	-0.7619	-0.2724	1.5801	-0.1707	0.4473	-0.9024	0.3812	-0.6906
0.2717	0.1921	0.9580	1.1969	0.0470	0.5804	0.8696	-0.0402	0.4060	1.0847	0.4076	-0.1520	0.9742	0.6917	0.1859	1.2280	0.4723	0.6167	0.2029	-0.0366	1.1866	-0.5349	-1.2849	1.7914	0.7263	-0.4886	-0.1816	0.8587	-0.0033	0.7939	-0.1075	-1.4998	0.0525	-0.3157	-0.1677	1.2887	0.0047	-1.6685	0.3447	0.6338	-0.5012	-0.8163	0.1477	0.5088	-0.2673	-0.7314	-0.0088	-0.1679	-0.9180
0.9844	0.5218	0.4937	1.2314	1.3633	1.2931	0.7765	0.1347	-0.0489	0.6099	-0.4609	0.3393	0.6540	0.0991	0.7678	1.8092	0.0009	0.1384	-0.2440	0.2025	-0.6888	0.4354	-0.1734	1.1761	0.2428	-0.0212	-0.2563	0.8528	-0.3823	0.7686	0.2698	0.0981	-0.1029	1.2006	-0.5220	1.2349	-0.4117	-1.0586	1.5017	0.2372	0.2250	-2.1072	0.7858	0.8791	-1.0116	0.5696	0.6447	-0.1498	-0.4689
1.1382	0.4246	0.5467	0.5455	0.2214	1.5285	0.6770	-0.4438	-0.0415	-0.4101	-0.3406	1.2642	1.7173	-0.8234	0.7033	0.9611	-0.5857	-0.3285	-0.4897	0.6617	0.0679	1.3192	1.1414	0.0490	0.1397	-0.0062	0.5125	1.7463	-0.3498	0.8043	0.0285	1.6814	0.9858	-0.0153	-0.9638	1.3227	-0.7925	-0.3137	0.6989	-0.0378	0.8136	-1.4463	0.3476	1.7569	1.1445	0.6110	-0.2568	0.1841	0.4637
0.7072	1.6576	0.1685	-0.6064	-0.9404	0.8744	-0.0659	-0.8562	0.0666	1.5347	1.0526	2.1468	-0.1973	0.3701	1.2865	-0.7747	-0.1528	0.0219	-0.4549	0.0585	1.1293	2.3149	0.9823	0.3999	-0.3793	0.2609	0.2859	0.7550	0.5933	0.7494	0.0207	0.9510	1.7697	0.1899	-1.5050	1.7441	-0.1070	1.2020	1.8496	0.8489	2.4301	-0.6548	1.1931	1.5443	0.3817	0.0592	0.3283	0.9172	2.0839
-0.3945	0.4974	0.3442	-0.4188	-1.8861	-0.1446	-0.8165	0.2269	-0.0244	1.3563	0.7698	-0.9871	-0.0014	0.5485	0.0127	-0.9570	1.1591	0.6283	-0.5894	-0.9377	0.3565	1.3291	-1.0093	0.9453	-0.4732	-0.6470	0.1451	1.2051	0.8510	0.4619	0.0242	-1.0130	-1.1672	0.0351	-0.8080	0.9471	0.9588	0.2212	2.3152	-1.0826	1.7975	0.5705	1.1800	0.3395	-0.0978	-0.1349	0.3285	1.2332	1.1020
0.3704	1.0781	0.4048	-0.4702	-1.8307	0.0467	-1.1435	0.2902	-1.0322	0.4974	0.4706	-0.9315	-0.2377	1.5109	0.9087	-0.4482	1.5589	1.0416	-0.0611	-0.4370	-0.1605	1.1120	-1.4022	-0.6457	0.1745	-0.4825	0.1592	1.3985	0.6397	0.6799	-0.4586	-1.1431	-0.9706	-0.0488	-0.4363	0.3322	0.5597	1.1561	1.0431	-0.5463	1.5007	0.2696	1.4162	1.6798	0.6684	0.4096	0.8246	0.9325	0.8651
1.7443	1.2592	-1.3640	-1.1057	-1.2209	-0.7694	-0.4037	-0.3047	-1.1510	0.2457	0.5409	-0.6802	-1.4780	0.8064	-0.9532	-1.9512	0.2922	0.4665	0.0251	0.3465	-0.0960	0.5566	-0.8145	-0.1038	-1.0280	-0.2319	0.2161	-0.2190	0.7465	0.2751	-0.4231	-1.2601	-0.7254	-0.8639	-0.5058	-1.3274	1.3743	1.2479	0.2294	-0.0636	0.4060	0.2810	0.8682	1.8573	-0.1637	-0.5426	0.1509	0.8775	0.8320
1.3903	0.6278	-1.4869	-0.3247	-0.3859	1.4529	-0.1285	-1.3136	-0.1315	0.4992	0.4531	0.9524	-1.0359	1.1667	-1.0257	-0.8714	-0.2072	-0.8755	-0.3809	0.1712	-0.1004	0.1774	-0.0694	-0.3693	-1.3822	0.0551	-0.8338	-1.2292	0.7096	0.4905	0.7948	-0.4132	0.0389	-1.8076	-0.7681	-1.6018	0.8356	-1.0200	-0.6357	0.3893	-0.2776	0.1053	0.0559	0.6958	0.2164	-1.1901	-0.1115	0.8941	0.4758