IC05	IC08	IC09	IC15	IC16	IC17	IC18	IC19	IC20	IC23	IC24	IC26	IC27	IC29	IC31	IC33	IC36	IC37	IC38	IC41	IC42	IC43	IC44	IC45	IC46	IC47	IC48	IC49	IC50	IC51	IC54	IC56	IC58	IC60	IC62	IC63	IC64	IC65	IC66	IC67	IC68	IC69	IC71	IC72	IC73	IC74	IC75	IC76	IC77
-2.1660	-0.7906	0.4720	0.4489	1.7711	0.8564	-0.0218	-0.7879	1.1138	1.4158	-0.2375	1.1594	-0.2557	1.6340	0.9681	0.4237	0.2444	-0.2103	2.6487	1.7239	-0.6131	1.2522	0.4109	1.0273	0.8464	-0.9165	0.8656	0.8634	0.9539	-0.1377	0.8048	0.6555	0.9173	0.3769	0.8073	1.3778	0.7584	0.1034	0.6629	-0.7822	-0.6770	-1.3591	0.6698	-0.3867	0.6745	1.0887	-0.1494	0.7807	1.0008
-1.3795	-0.5103	-0.7201	1.5414	0.5718	-0.3162	-0.6340	0.3926	1.4339	0.9028	0.2254	1.5902	1.5919	1.1329	0.3346	0.8389	1.1361	1.2471	1.5035	1.6054	1.1532	2.2436	0.5598	1.6763	0.6558	-0.5195	2.0713	0.6716	0.2278	1.9580	0.5016	1.1985	0.8123	0.3317	1.8642	1.0638	1.4261	0.0533	-0.1846	-0.3196	0.1905	-0.4628	-0.0381	1.3012	0.9172	-0.5485	-0.3662	0.5170	-0.3623
0.2628	0.3736	-0.7334	0.9219	0.1186	1.3253	-0.0437	0.4356	2.8639	1.3025	-0.8702	0.6900	-0.0031	1.1084	-0.5748	0.9359	0.1987	1.2690	1.1121	0.8692	0.8152	0.3280	-0.1133	1.3107	0.4302	0.1524	0.8797	1.5256	0.7814	0.1355	-0.3634	0.4198	2.0024	-0.4599	0.9053	0.1429	-0.4534	-0.8470	-0.1988	-0.2807	0.7524	-0.1527	1.0059	1.6941	0.3253	-0.7892	0.2815	0.7864	1.6137
0.1628	0.2060	-0.5547	1.6774	-0.5986	1.4092	-1.0578	-0.1265	1.7488	1.2771	1.5787	1.0857	1.7668	0.6749	-0.1030	0.0388	-0.2069	1.5352	1.1656	-0.9662	1.3937	0.5768	-1.3984	-0.6186	-0.0389	0.6378	0.9517	-0.6330	0.7127	0.7703	-0.0413	-1.2089	1.6453	0.3630	1.3161	-0.3534	0.7540	0.8469	-0.3106	0.4719	-0.5074	-0.2717	-0.2719	1.6844	0.3620	-0.9581	-0.8839	1.2775	0.7442
0.2934	-0.6624	-0.4380	1.2779	0.1140	0.6349	-0.2155	0.2310	1.0375	0.2284	-0.6270	1.2797	0.6792	1.4318	-0.4943	0.2756	-0.3621	0.1167	0.4379	-0.3408	1.2171	-0.0970	0.2926	0.4393	0.1340	0.1794	1.4627	-0.3658	0.4832	0.0134	-0.5117	-1.2834	0.8727	-1.1780	1.3127	0.7766	0.8281	0.7781	0.0554	-1.0575	-0.0963	0.2004	0.2816	0.5017	0.7751	-1.2328	-1.0894	0.9667	0.5499
0.6601	-0.8151	-0.9199	1.0504	-0.0614	-0.8633	-0.2645	0.8948	-0.3152	-0.3332	-0.4354	1.1400	0.8656	0.2021	-0.5257	-0.3345	-0.1446	0.2723	-0.9181	-0.7260	1.3244	0.5250	-0.7444	0.3562	1.1466	0.2058	0.5177	-0.8735	-0.3174	0.4541	-1.3348	-0.7762	0.4814	-0.7515	1.3855	0.6057	0.9125	0.3613	0.8766	-0.8894	-0.3351	0.2618	-0.9782	0.8038	1.9236	-0.5951	-0.9263	-0.0020	-0.9870
0.1876	-0.2216	0.2960	-0.3930	-0.9492	-0.7302	-1.6717	0.1680	0.1804	-0.4360	-0.7696	-0.3484	0.6599	-0.6199	-0.7998	0.8120	-0.6058	0.2916	-0.9645	-1.3552	-0.7609	-1.4690	0.0419	-0.6664	0.4491	-0.4371	-1.3403	1.0351	-1.3010	0.2388	-0.3083	-0.4217	0.9103	-1.2599	-1.4047	-0.2100	0.7624	0.1656	0.7360	0.2087	0.0186	-0.9783	0.7485	-0.6100	0.3762	0.5581	0.6031	-0.3755	-0.1496
-0.0456	-1.1492	0.0276	-0.4181	-0.7837	-1.2173	-1.0426	0.3891	-1.0948	-1.0628	-0.6947	0.1022	1.0115	-1.4639	-0.9482	1.4078	-0.4355	-0.1165	-0.4166	-0.9568	0.0115	-0.5231	-0.2279	1.1626	0.0579	-0.4636	-0.6387	-0.8017	-0.8772	1.3228	-0.7904	-0.5480	-0.5273	-1.4985	0.0061	0.0854	-0.7823	-0.3083	-0.2119	-1.2807	-0.5302	0.8219	-0.3526	-0.9289	0.4254	-1.0694	-0.5900	-1.2769	-0.8847
-0.6462	-0.2553	0.2134	-0.6990	-0.6713	-0.5572	0.4160	0.4993	-1.0831	1.5592	-0.1497	-0.4070	-0.5816	-0.9102	-0.8950	0.5211	-0.5503	-0.3877	-0.3961	-1.8238	-0.9794	-0.0552	-1.0789	-0.9825	0.1029	-0.3809	-2.4485	-0.5661	0.6535	-1.2914	-0.0123	-1.0293	-0.5519	-1.1834	-0.5035	-1.7610	-1.4787	-0.5915	-0.0688	-0.9166	0.3669	-0.2667	0.3734	-0.9362	-0.6881	0.5026	-0.1054	-1.2499	0.0968
-0.1238	-0.5783	0.4606	-1.5211	-0.2673	-0.7772	1.0350	0.2821	-1.0901	0.7406	-0.4434	-0.2069	-0.9419	0.8297	-0.5320	-0.1840	0.4043	-0.3958	-0.4585	-0.3788	-1.4665	-1.5381	1.1043	-1.5748	-1.0373	-1.1951	-0.9928	-0.5127	0.7768	-0.7915	1.0861	0.6100	0.8568	-1.0484	-0.8721	-1.4257	-0.2654	-1.3939	-0.0863	-0.5831	-0.4918	0.8058	0.2846	-2.0918	-0.8525	-0.4453	0.0677	-0.8144	-0.2902
0.7030	-1.0531	-0.0119	-1.2509	0.6221	-1.5664	-0.3783	0.4451	-1.4070	-1.2238	0.2341	0.4336	-1.4549	-0.0385	-1.2033	-0.7115	-0.2874	-1.3726	-1.8372	-0.2060	-0.6437	-1.3013	0.0638	-0.0622	-0.6171	0.1638	-2.2307	-2.5899	0.2588	-1.8413	1.0775	-0.3336	0.4007	0.1864	-0.2383	-1.0418	-0.0689	-0.8848	-0.2081	-0.7606	-0.3618	1.1146	0.0308	-1.9766	-0.5385	-0.6124	0.3445	-1.4861	-1.5325
-0.8595	-0.0974	0.6750	-0.8011	-0.8431	-0.5076	-1.8338	0.1848	0.0424	-0.8782	-0.7996	-0.3004	-0.4448	-0.2504	-1.3610	-0.5149	0.8979	-0.2255	-1.6332	-0.7131	-0.9596	-1.5173	-0.6731	-1.7891	-0.1628	-0.6338	-1.7390	-0.5410	-1.5830	-0.5942	0.5925	0.2922	0.6987	-0.7343	-1.3850	-1.0873	-0.2333	-0.2085	0.4024	-0.4583	-0.3131	-0.0208	0.7014	-2.7971	-0.3339	0.5780	0.7629	-1.9982	-0.2411
-0.5428	0.4208	0.3270	-2.2149	1.5785	1.0612	0.8703	-0.4128	-0.8024	-0.4058	0.1454	-2.0048	-1.7390	-0.7093	0.3472	-0.3233	-1.7495	-0.5066	-0.4808	0.6880	-1.7214	0.0044	-0.5461	-0.2062	0.3826	0.6439	-1.3078	-0.9917	-0.9964	-1.8751	-0.3959	0.4987	-0.8627	-0.4078	-0.2812	-0.4319	-1.3624	0.0940	0.1712	-0.9502	-0.0756	0.9831	-0.2433	-1.6776	-0.0252	0.5232	1.2089	-1.0999	0.0879
-1.6889	0.3606	-0.6170	0.1388	-0.4126	1.0741	-0.0187	0.6324	-0.2588	-0.7839	-0.8205	-1.3435	1.0740	-1.4102	0.1095	0.5286	0.2653	0.8654	0.1173	-0.0504	-1.1873	0.3622	0.5228	0.3680	0.5188	0.2693	-1.4553	0.5828	-0.8409	-0.4698	-1.0229	1.4446	-1.2403	-1.1090	-0.9442	-0.8113	-0.1598	-0.5299	0.3549	-0.7086	0.8039	-0.5572	0.5000	-1.7068	-0.9979	0.0722	0.2133	-1.1229	-0.9374
0.4102	1.5568	-0.7309	-0.6557	0.9729	-0.5231	-0.1693	0.5932	-1.1792	0.3872	1.0014	0.3024	-0.5245	-1.3147	0.5530	0.0457	-0.3197	-0.0652	-0.9014	-0.5015	-1.2221	0.0072	-0.1565	-1.5525	0.1444	0.0709	-1.5540	-0.5617	-1.0406	-1.9634	-0.4148	-0.2050	-0.0607	0.5459	-0.3970	-0.2953	-0.3275	-0.3155	0.0593	0.7583	-0.4773	0.2759	-0.8891	-0.6896	-1.1826	0.9067	0.5217	-0.7940	-0.3399
-0.0976	0.7059	1.1759	-0.6124	0.3277	-1.2898	0.0162	-0.1327	-0.0262	-0.4960	0.4366	-0.3951	-0.0545	-0.8278	0.0096	0.1205	0.5074	-0.5723	-0.9603	-0.1949	-0.9429	-0.3254	0.7857	-0.3275	0.6790	-0.0073	-0.6367	1.3734	-0.5678	-1.0650	-0.0111	0.6152	-1.1092	0.4427	-0.2828	-0.0509	-0.9848	-0.5430	-0.3248	-0.7393	-0.6066	-0.5411	-0.1740	-1.2184	-1.7181	0.0640	0.6926	-0.0705	0.2134
0.3037	0.3545	-1.2992	-0.6526	-0.3802	-1.4146	0.0571	-0.0721	0.3010	-0.9277	1.4999	-0.6704	-0.0379	-0.5430	0.3807	0.2309	0.3116	-0.6692	-1.1830	-0.6995	0.4056	0.2660	-0.0740	-0.8134	-0.7170	0.4854	-0.1701	-1.3506	-0.3293	-0.0868	0.2827	0.0525	-0.3602	0.8359	-0.9677	-0.5729	-0.0818	1.0453	-0.4639	1.1369	-0.7659	0.5028	0.3295	-0.6027	-0.7266	-0.3261	0.0744	-0.5640	-0.7508
0.3364	-0.0645	-0.6647	-0.3174	0.7451	-0.1017	0.2006	-0.4018	0.5399	-1.4633	-1.1919	-0.6633	-0.1292	0.0895	1.0159	-0.4310	0.7490	-0.7667	-0.3590	1.0528	-0.4326	0.0290	0.7447	0.3182	0.8488	0.4280	0.4111	0.3718	0.1034	-0.3895	-0.4734	-0.1978	-0.3423	-0.3510	-0.6322	0.0179	-1.4956	0.2325	0.3733	-0.0943	-0.0584	0.1520	-0.3352	-0.2296	-0.5955	-0.3056	0.5707	-0.0115	-0.3244
-0.3278	1.1458	-0.5961	-0.1532	-0.0601	-1.7409	0.0654	-0.7818	0.1415	-1.1038	0.6769	0.8722	0.4681	0.5531	0.8503	-1.3899	1.6436	-1.2136	-1.6449	0.3686	1.0268	1.4941	0.6880	0.3819	0.5139	1.6083	1.4184	-0.9843	-0.3421	0.1554	0.3484	-0.2673	-0.2098	0.7063	0.0555	0.2386	0.6939	1.6643	0.0222	0.4461	1.2290	0.7028	0.0202	1.2224	0.5031	1.1045	1.4892	-0.0311	-0.5127
-1.0956	1.6876	0.0847	0.7979	-0.8826	1.3990	-1.0097	-1.0961	-0.5378	-0.3115	0.6490	-1.2954	-0.1030	0.0868	0.5571	-1.4946	1.5796	0.4117	-0.1927	0.6034	0.3365	-0.5007	-0.1367	0.0888	0.2291	2.7389	0.2233	-0.2407	-0.7370	0.0677	0.1144	-0.2064	1.2031	1.6990	-0.5654	0.6493	1.4174	1.8459	1.4796	2.2075	1.3133	-1.1209	0.5108	0.8205	-0.4476	2.5143	1.4039	0.6577	1.4257
-0.0577	1.3037	-0.6064	-0.7140	1.3117	1.0368	0.5734	0.1563	-2.2782	0.8256	0.7983	-1.6749	-1.1839	-0.4702	1.8883	-1.2870	-1.6112	-0.1766	-0.2717	1.9829	-0.1763	0.4728	0.4150	0.8936	0.8353	1.7360	-0.5658	-0.6117	-0.1361	-1.1164	-0.3415	-0.0206	-0.5168	2.1001	0.5294	1.1649	0.0030	0.9738	1.8507	0.2414	1.0162	0.7065	-0.2334	0.7860	1.7092	1.3446	0.6855	-0.0423	0.5000
0.2747	-0.0387	0.3364	0.2789	-0.8450	0.3723	-1.4926	0.2582	-1.4928	0.5293	-0.9000	0.0268	0.6698	-0.1076	-0.3365	0.3039	0.7650	0.7536	0.1730	0.1305	1.0355	0.4000	0.3229	1.2132	0.3954	-0.2481	0.3169	0.7021	-0.5230	1.1877	-0.2378	-0.1290	-1.2848	1.0498	-0.0852	0.6366	0.5653	-0.0932	1.3800	-0.4972	1.4236	0.7403	0.7747	-0.2636	0.7246	-0.3087	-1.0355	0.2361	-0.5689
-0.4570	0.3275	0.8522	0.2058	-1.9568	1.5613	-0.5214	-0.2124	0.5330	1.8872	-0.3491	-0.2680	-0.6839	-0.0502	-0.5019	0.8959	-0.1410	0.3144	0.5887	-0.7512	-0.9212	-0.4230	-1.6172	-0.6740	0.2172	-1.1989	0.1780	0.7042	0.2220	-0.3129	-0.0995	-0.5578	-1.2979	0.9350	-0.0514	0.0801	0.2659	1.4447	0.1231	1.3592	0.0509	-0.6614	0.8754	0.4516	-1.2380	0.5468	0.5741	1.1976	0.6304
0.1779	-0.5997	1.3961	-2.1155	-0.3007	0.2327	0.1812	-1.1709	-0.2683	-0.4331	-0.0401	0.2737	-0.5974	1.3234	0.2214	-0.4033	-0.0421	-0.1860	1.3858	0.6400	1.4415	-0.1130	0.3949	0.1627	-2.0146	-0.6518	1.5301	-0.3713	0.4390	1.6633	-0.0827	-0.2860	-0.6920	0.1771	1.0473	0.8289	-0.0776	0.1264	-1.6032	1.1370	-0.6412	2.0015	-0.9173	1.1775	0.7700	-0.4051	-0.3295	0.8090	-0.1946
0.8207	-0.0724	1.4428	-1.5175	1.2807	0.3975	1.3612	-1.0738	0.1244	-0.3553	-0.2473	-0.0235	-2.1063	1.0038	0.2759	-0.7690	-0.4947	0.0872	1.1137	1.1535	1.4690	0.0282	-0.6191	0.2202	-2.1153	0.0993	0.4268	0.2107	0.3346	0.0203	-0.2003	-0.1681	-0.3298	0.3523	0.8948	0.2233	-1.2882	-0.3171	-1.9248	1.2919	0.1084	1.4086	-0.6416	1.0945	-0.4248	-0.2479	-0.3266	1.2965	-0.2202
0.2205	0.0948	1.5258	0.9720	-0.3883	0.8474	0.5569	-0.7099	0.8595	-0.3808	-0.3743	-0.4502	0.0457	1.0706	1.2280	-0.4270	0.3390	1.3991	1.9016	0.3007	1.5311	0.1913	0.4662	0.1637	-1.0154	1.4205	1.6003	0.9216	1.1487	0.9045	1.3542	0.9297	-0.4042	1.3286	0.8975	-0.1536	-1.6844	-0.0397	-1.1391	1.1371	0.3766	-0.0458	-0.5008	1.2550	-1.0285	0.0769	-0.6971	1.7327	-0.1209
0.4204	0.6086	0.3843	0.9987	-0.0717	2.4911	1.3009	-1.1379	1.5046	1.2264	1.3442	-0.4084	-0.8266	1.2004	0.9471	0.4149	-1.2761	1.3439	1.8936	-0.0469	-0.1470	0.1682	0.4540	-0.0196	-1.0248	0.3099	1.2094	1.7201	1.0294	-0.1776	0.7124	-0.1239	-0.2773	0.9966	0.4506	0.2990	0.7622	0.5680	-0.4717	2.2599	-0.2353	-0.6428	-0.0792	0.9554	-1.1688	0.6985	-0.4671	1.6501	1.0662
0.8757	-0.5947	0.5832	0.7993	0.3715	0.6070	0.8884	-0.7107	-0.0691	0.2055	0.9421	1.0533	0.9265	-0.1730	0.8727	0.0722	-0.1553	1.1105	0.7454	0.2627	1.4481	1.1206	0.1585	0.6621	0.1468	0.2096	1.4172	1.5185	0.2979	1.8743	0.1413	0.2842	-0.6981	0.7266	0.6134	0.8461	-0.2598	-1.1545	-1.0934	0.5455	0.1087	-0.6206	-0.6572	1.5020	0.2057	-0.2452	-1.5567	1.2021	-0.4348
0.5111	0.5781	-0.5976	1.2577	-0.4706	0.7676	1.1671	0.1743	-0.3278	1.0441	0.8115	-0.0369	-0.9251	0.0833	-0.0082	0.5739	-0.0808	0.0181	-0.0356	0.3216	-0.2772	0.2728	-0.8280	-0.2217	0.5902	-0.8020	0.4088	0.8542	0.2316	-0.4028	-0.2738	-0.1950	-0.3732	0.2976	-0.8556	-0.4153	0.2126	0.5738	0.2229	1.7952	0.6649	-1.2054	0.7384	1.7943	-0.0248	1.3952	-0.0288	1.5592	0.3132
0.9727	-0.0986	0.5659	0.7653	0.1345	-0.7092	-0.5532	0.4449	-2.1635	-1.0823	-0.4329	0.5939	1.3027	-1.2693	-0.0241	-0.2554	0.8846	-0.8267	-0.9365	0.3302	0.8270	0.1332	0.2965	1.1846	1.7292	-0.2733	1.4949	-0.5107	0.1173	1.1562	-0.6113	-0.3605	-0.1900	-0.0427	0.3639	0.0884	-0.6436	0.2170	0.8477	0.2230	0.3458	0.3883	-0.5559	0.8286	0.8825	0.4836	0.0081	0.8096	-1.2824
-0.2574	-0.0051	0.0274	0.9646	-1.2036	0.2687	0.0483	-0.2215	-1.2191	-0.2295	-0.1753	-0.0112	0.2889	-1.2382	-0.5530	0.8306	1.3274	-0.4276	-1.0377	-0.2490	-0.9870	-0.0684	-0.1566	0.8291	1.3436	-0.1058	0.3577	1.1748	0.2885	-0.0437	0.0551	-1.0494	-0.3947	-0.0640	-0.5256	-0.7665	1.6117	0.4781	1.0259	0.1111	1.2127	-2.2317	0.2713	1.5049	-0.1516	1.5919	1.0294	1.1976	-0.5997
-0.0438	-0.4101	-1.6774	0.2082	-0.6054	-0.0150	0.3304	0.3688	-1.8034	-0.0835	0.9927	-0.3628	0.5016	-0.8520	0.3586	-0.3426	1.4723	0.6974	-0.7063	-0.3303	-0.1232	0.3263	-1.5355	-1.4297	-0.1824	-0.2712	0.8196	-1.0224	-0.2249	0.7960	-0.0844	-0.5928	0.6894	-0.1232	-0.3363	-0.9925	0.9038	0.7569	1.6427	1.2329	-0.4622	0.5245	-0.7426	0.9297	1.6069	0.0673	0.3245	0.4241	-0.8774
-0.0212	-0.5643	0.1460	-0.4179	1.2732	-0.5893	0.9585	0.3075	-0.5210	-0.2114	-1.1319	-0.2087	-0.2831	-0.4846	0.4129	-1.1486	-0.1350	-0.7468	0.1212	0.9847	-1.9258	-0.1079	-0.1328	0.3753	0.0873	-0.9076	0.6516	1.0925	0.6732	0.4341	-0.0630	1.1421	-0.6475	-0.2858	-0.4609	0.1034	-0.6066	-2.0986	1.4130	0.7076	-0.0556	0.1023	-0.5497	0.3034	0.0802	-0.6065	0.4658	1.1428	0.7099
1.3010	0.2031	-0.6381	-0.6951	0.7489	-1.9896	0.8444	0.3386	-0.5017	-0.7502	0.8552	0.5635	-0.1087	-0.4097	0.2206	-1.8919	-0.7984	-1.6586	-0.5309	0.3216	0.3572	0.9584	-0.3303	-1.0229	-1.2757	0.0915	0.9983	-0.2903	-0.2470	0.6869	-0.3748	0.8863	-0.1386	0.4316	-0.1029	0.2991	-0.1391	-0.4670	-0.7818	0.9959	-0.4937	1.1633	-1.1531	0.6909	-0.1357	-0.1778	-0.7043	-0.3783	0.6917
0.1143	0.0349	-0.8644	-0.1058	-0.5616	-0.3039	0.8233	0.0892	-0.1884	-0.8530	1.2124	-1.2556	0.2476	-0.4003	0.4840	-2.1388	-1.2090	-0.6519	0.6422	-0.0575	-0.1599	-1.3160	0.3825	-1.5188	-1.7876	-1.1509	-0.5977	0.9811	-0.1191	-0.1306	0.3405	0.3277	-0.0999	-0.0793	-0.7091	-1.1038	1.2990	-0.6239	-1.6863	1.1998	-1.0411	-0.5365	-0.9294	0.1584	-1.8646	-1.2814	-0.7062	-0.1208	0.3967
1.4900	0.0037	0.2350	-0.4464	-0.0111	-1.8658	1.6754	-0.1060	0.2851	-0.6406	0.6460	0.0967	0.3097	-0.4937	0.8563	-0.7721	-0.7988	-0.7818	-0.9240	-0.4019	1.0459	-0.0760	-0.0746	0.2470	-1.7892	-1.2493	-0.7057	0.3981	0.5644	0.9289	1.0661	0.6992	-1.3751	0.4597	-1.2140	0.2535	0.0110	-0.6107	-2.5237	0.5726	-0.2058	-0.5484	-1.3141	1.5461	-1.1064	-1.2362	-0.6651	-0.9628	-1.0955
0.8867	-0.0747	1.1534	0.7779	-1.2667	1.1039	0.8093	-0.8255	1.6062	-0.6552	-1.8189	-0.7310	0.9439	-0.7526	-0.6112	0.0238	0.0321	0.5577	0.1304	-0.7685	0.2769	-0.7007	-0.2313	-0.1900	-0.5368	-1.0969	-0.5088	1.7598	-0.3451	1.7014	0.3255	1.6115	-1.0452	-0.0261	-2.2776	0.7877	-2.1158	-1.7850	-1.9710	-0.0410	0.7597	-1.8988	-0.3507	-0.2441	-2.2851	-0.4414	-1.2016	-0.8816	-0.1394
1.1456	0.8751	-1.0626	-0.7576	1.5891	-0.5514	1.2899	-0.6362	-1.0004	0.2755	1.9060	-1.1201	-0.6749	0.0410	1.9263	-0.3947	-2.3482	-0.3469	-0.5286	0.3953	-0.7335	0.3681	1.0582	-1.3410	-1.3520	0.3962	-0.1694	-0.3695	-0.6994	-0.5820	0.2683	0.8559	-0.3125	1.3457	-0.3962	0.3199	-0.5031	-0.7119	-0.9297	-0.0427	-0.1744	0.9449	-2.2579	0.0241	-0.7272	0.1588	-0.0105	0.3048	-0.0655
0.7881	-0.0799	0.7279	0.7251	0.8735	-0.9623	0.4958	-1.5460	0.4282	-1.1385	0.6401	-0.1294	-0.0198	-0.1778	0.5398	0.2010	-1.2854	0.1707	0.5644	0.6866	0.5876	0.0529	1.2360	0.8077	-1.1259	1.3868	1.1510	0.6528	-0.4925	-0.0683	0.2908	0.8142	-0.2100	0.6512	-0.1327	0.6817	-0.0385	-0.2164	-1.5406	-1.0796	0.2556	1.0793	-1.5934	1.0058	-0.6129	-1.1129	-0.0938	0.5151	0.4379
0.2890	-0.1389	0.3809	1.4070	0.5683	-0.9945	1.7026	-0.6781	1.3185	0.8704	1.3050	0.4777	0.3240	0.1512	0.7849	-0.1181	-1.2130	-0.1088	0.6363	-0.4602	1.6707	0.2648	-0.7476	-0.5875	-0.6976	1.7107	1.5180	-1.8638	-0.1316	-0.8277	0.0823	-0.5820	-0.0131	1.1549	0.4231	0.0577	-0.2356	1.1246	-0.9506	-1.0884	0.1182	1.2655	0.1118	1.2417	0.0215	-0.2316	-0.7622	0.2222	1.0703
-0.2255	-0.4910	-0.3917	1.2196	-0.0610	-0.0013	1.4339	-0.5168	2.3760	0.0913	0.1153	-0.5997	0.2393	0.7791	-0.2712	0.4627	-0.1513	0.2934	1.2809	-0.2011	0.7223	-1.6160	1.2156	-0.7107	-1.1785	-0.3911	0.5713	-0.2256	0.2782	-0.3333	0.0612	-0.4439	0.7299	-0.6700	0.0333	-0.6610	1.2495	0.2355	-0.3105	-1.0768	-0.3508	0.4413	0.7915	-1.2798	-0.2403	-0.0418	-1.3024	0.0082	1.1740
1.4509	-0.8103	0.0466	0.1423	0.3287	0.5080	0.5485	-0.4325	2.4755	0.2291	-0.7638	-0.4969	-0.7775	0.0238	-1.5884	0.8853	-0.9870	-0.9492	1.7130	0.3357	-1.1116	-0.7938	-0.7053	-0.0519	-0.6481	-2.0414	-0.2629	0.5279	1.3142	-1.3194	0.7743	0.0169	-0.4517	-0.5470	-0.0710	-0.1430	0.9436	0.0986	-0.9065	-0.8136	-0.4792	-1.4700	0.5112	-0.5006	-0.0917	-0.8014	-0.5023	-0.4978	0.1282
1.4292	-0.5119	-0.6338	-0.8751	-0.6522	-0.3924	-0.7213	-0.0940	0.7840	-0.7727	0.5687	-0.2412	-0.4250	-0.3815	-2.0158	0.2331	-1.1200	-1.1824	1.7198	-0.7446	0.6671	-1.6060	-0.5408	-0.9720	-2.2209	-0.0438	-1.3462	-0.6119	1.9123	0.0707	1.1734	0.8553	0.6209	0.0304	-0.6207	-0.7119	0.9695	0.2003	-0.1390	0.5112	-0.6541	-0.8413	1.1383	-0.3398	1.3538	-1.7144	-0.5752	-1.8865	-0.7350
1.0224	-0.6082	0.3510	-0.3788	0.0096	0.6653	1.1433	-0.7284	0.9641	0.0166	-1.0143	-0.6045	-1.0459	-0.1868	-1.9450	0.9311	-1.4383	-1.5391	2.0350	-1.2361	-0.9550	-2.1032	0.2430	-0.7581	-1.9442	-1.5916	-1.9442	0.0351	3.2504	-1.0531	0.7080	-0.0724	-1.3178	-0.3889	-1.2921	-0.1582	-0.3414	-0.5553	-0.2834	-0.3900	-0.6744	-0.4994	0.7626	-0.2450	0.8203	-1.0005	0.2472	-2.1048	0.2768
2.4884	-1.4279	1.6608	1.2956	-0.3929	-0.4235	0.6469	-0.3781	1.4026	-0.7566	-1.1239	0.0129	2.1358	-1.1362	-1.9647	0.9626	1.4737	-1.1331	1.1179	-0.8029	0.9127	-0.1862	-0.3567	-0.3138	-0.1342	0.0681	-0.7537	-0.1235	1.5188	1.3166	0.8432	0.6786	-0.3668	-0.8611	-1.0957	0.9381	-1.6021	-1.4163	-1.1178	-1.5471	-1.1303	0.0969	-0.5871	-0.8985	0.8064	-2.2201	-0.4386	-2.6582	-0.9049
-0.0195	-0.3428	-0.0578	2.3372	1.1222	0.8828	0.6363	0.6948	2.4054	0.9497	-0.2251	1.5020	0.4016	-0.2438	-0.8712	2.5156	-0.0170	1.5391	0.6124	-0.9239	-0.7534	0.6702	-0.2996	0.3081	1.0014	-0.2333	-1.0404	-0.1265	1.5489	-0.5111	-0.3222	-0.3245	0.4255	0.5919	-1.2124	0.3743	-1.5187	-0.8222	0.2416	-0.3609	-0.1657	-0.7363	0.1591	-0.6207	0.1782	-0.2736	0.0905	-0.5653	0.4547
-0.9469	1.1070	-0.7106	0.9018	1.1508	0.6083	-1.5300	1.9749	0.6031	0.9607	0.1186	1.9988	0.7209	0.2320	0.1628	-0.4168	0.2312	1.9577	-1.1999	0.4080	-0.0085	-0.0258	0.3524	0.7568	0.9236	-1.2407	0.1257	0.4788	-0.1023	0.6923	-0.7375	-0.2940	1.8000	-0.4429	0.4684	-0.3456	0.1852	0.3678	0.4955	-1.3951	-0.1109	-0.4745	1.2512	-2.4466	1.2611	0.0309	-0.3413	-0.5920	0.8531
-0.5288	0.9575	0.5237	-0.2103	1.7927	-1.4709	-1.8702	2.8159	-0.9233	-0.3501	-0.4518	2.0153	0.4088	-0.4045	0.0734	-0.1695	0.5800	-0.2168	-2.0670	0.0926	-0.5105	0.7673	0.2817	1.1725	1.0459	-0.8063	0.1206	0.4551	-1.3375	0.2548	-0.3817	-0.5114	1.4900	-1.4552	0.1818	-0.9076	-0.6918	-1.2977	-0.1514	-2.5777	0.1411	-0.4740	1.5952	-1.4894	0.5295	-0.0218	-0.0171	-0.4903	0.6037
-0.5551	1.5001	-0.3742	-1.2899	-0.3833	-1.0298	-0.9169	2.6036	-1.7603	0.1678	-0.4165	-0.4577	1.0936	-1.5007	0.4967	-1.5067	0.7990	-0.6143	-2.3327	-0.8569	0.2300	1.1515	-0.7000	-0.5424	1.2100	-0.7406	0.1608	-1.5858	-1.5917	0.5501	-1.7768	-0.0292	-0.1522	-1.1061	-0.4337	-0.7792	-1.2630	-0.5119	0.6238	-1.0133	0.1373	0.5280	0.3351	-0.4678	0.2033	0.5626	0.4390	-0.1940	-0.4248
-1.6757	2.0913	0.0764	-1.8843	-1.5483	0.2841	-0.8004	1.3987	-1.6983	0.5904	-0.9212	-2.1871	-0.2717	-1.1232	0.6744	-0.9046	0.7309	0.0544	-1.7949	0.1476	-1.1497	-0.6110	1.2654	-0.0716	1.0078	-1.1795	0.1753	0.7992	-1.8388	0.4835	-1.9485	0.3673	-0.8576	-1.1136	-0.6538	-0.6938	1.2868	-0.0044	1.4896	-0.7938	0.3771	-1.0652	-0.2830	-0.6588	-1.2031	1.9077	1.1202	1.3620	0.4759
-1.6061	2.5141	0.2516	-2.4801	-0.0758	-0.8091	-1.6980	1.0172	-2.1742	-0.0345	0.4850	-1.5914	-1.4217	-0.6348	0.4366	-0.0616	-0.8484	-1.1341	-2.5696	0.5068	-1.9547	0.8138	0.9570	0.6630	1.5717	0.6558	-0.3277	0.0442	-1.5096	-0.3250	-1.3940	0.1822	-1.6593	-0.2009	-0.5995	-0.2149	0.5869	0.8575	1.4076	-0.4637	0.6382	-0.6828	-0.8374	0.2754	-0.9222	3.4054	2.1216	1.3811	0.6845
-2.2095	0.6646	0.5096	-1.1381	-1.3721	-0.3308	-1.8695	0.9064	-2.0798	-0.4070	-1.2012	-0.1913	0.0829	-0.5502	0.2225	-0.9819	-0.2254	-0.0193	-1.9720	0.1827	-0.5256	0.3061	0.5751	0.9253	1.6721	0.1819	-0.3404	-0.4266	-1.3279	1.5058	-1.4762	0.5132	-1.0984	-1.3249	-0.2848	0.4123	1.6015	0.0382	1.7765	-0.9732	1.4081	-0.9022	0.4127	-0.9811	-0.2690	0.3362	0.0762	1.2049	0.0940
-1.0614	0.2139	-0.2658	-1.5244	-1.4494	0.7220	-0.9819	0.4597	-1.4395	1.0110	-0.8916	0.4272	-1.9323	0.2361	0.5706	0.3514	-0.1568	0.2570	-0.8869	0.4909	-0.7854	-0.0805	-0.5654	-1.2355	1.1747	0.1956	-1.2057	-1.1568	-1.4545	-1.5139	-0.8768	-0.2884	0.3336	-0.6624	0.1581	0.5976	0.7751	0.2428	0.3873	-0.1916	-0.1441	0.2133	0.3834	-1.1782	0.4793	0.1499	0.0226	0.1207	0.8008
-1.5969	-1.1875	-1.0594	-0.3062	0.1698	0.5303	-0.3350	1.1554	-0.7187	-0.7894	-1.4243	0.2084	-0.7256	0.3104	0.9738	0.0517	1.6753	1.1171	-0.1783	1.2844	0.9029	0.1103	0.3738	0.0405	0.9894	0.6453	-0.5776	-1.0807	-0.7171	-0.8208	-0.7122	0.1316	0.0450	-0.8536	1.4280	-0.1032	-0.4623	-0.6747	0.1250	-1.4971	-1.1328	2.1992	-0.2329	-1.6496	1.8070	-0.0958	-0.3998	-0.8371	-0.1415
-1.1922	-1.4611	0.5624	0.2582	1.1714	0.1802	0.2541	-0.0293	0.3554	-0.8090	-2.3252	1.7659	-0.9142	0.8421	0.6795	1.0279	2.3408	-0.7207	0.0882	0.3688	-0.9122	0.5451	1.0249	1.3861	1.2210	0.0071	-0.5344	0.1420	-0.2076	-0.6194	-0.2153	0.2182	0.0257	-0.3734	1.1191	0.6535	-0.7241	-1.0435	0.3838	-1.4106	-0.6920	0.7045	0.4936	-1.0055	0.5121	0.8932	0.8796	-0.2930	0.1264
-0.9077	-1.3236	-0.1763	1.3086	-0.0505	-0.0175	0.1269	0.6443	-0.4319	-0.8618	-0.8795	1.5626	1.0691	0.0658	0.3206	1.6818	2.5754	1.1782	-1.3671	-0.3576	-0.0202	2.3002	1.0011	1.1942	1.3934	0.5850	-0.6309	-0.1843	-0.5890	1.0000	-0.8589	0.6064	-0.5349	-0.3607	1.0105	1.7062	0.0069	-0.2296	0.7388	-0.1253	-0.4379	0.8994	-0.0190	-0.5760	1.4087	-0.1153	0.7301	-1.2990	-0.7938
-0.2538	-0.4050	0.3670	1.1860	-0.1677	2.0526	0.3436	1.0657	-0.3523	0.2932	0.0725	0.3625	0.6876	0.5336	1.0254	2.5883	1.1189	0.6016	-0.1296	-0.4891	-0.0585	1.0552	0.5993	1.1519	0.7092	1.4409	-1.2820	0.4643	-0.7483	-0.5680	-0.3123	0.2068	0.2252	-0.8628	0.5439	1.3625	0.7647	-0.5875	0.4515	0.7840	0.0753	-0.2229	1.1132	0.0325	1.2884	-0.0742	1.2271	-0.7957	-0.2965
-0.0690	-1.0324	1.2667	0.5222	0.6049	1.2808	-0.2365	0.2843	-0.0745	-0.6338	1.0865	0.8207	0.0404	2.1437	0.6462	2.2272	0.9402	1.3126	0.6891	0.6490	0.6119	1.3062	1.0500	0.2482	0.4474	1.1480	0.1083	-1.6346	-0.9941	0.8138	0.2412	-0.0568	0.7629	0.9024	1.7771	2.0683	0.5954	0.0185	-0.0663	0.2465	-1.3214	1.4248	-0.5734	-0.4688	2.4390	-0.3395	-0.0819	-0.9806	-1.0571
0.4192	-1.1559	1.3521	-0.0090	0.0166	0.5197	-0.0369	-0.0490	0.6286	-0.5604	-0.8983	0.9116	-0.6424	2.4834	-0.6201	1.4847	0.6230	0.3523	0.8943	1.0941	0.2795	0.3272	1.2343	1.2484	1.1831	0.0758	0.5137	0.5800	-0.6917	0.0024	1.1307	-0.4774	0.8249	0.3144	1.7086	2.1231	-0.2668	-0.2834	-0.0902	-0.2982	0.0806	-0.3337	1.0778	-0.2444	1.2272	-0.0488	0.4056	0.0325	0.5018
0.5511	-1.0248	-0.5566	1.1057	-0.8464	-1.5940	0.6187	0.1403	0.3338	-0.3333	0.8357	2.1938	0.4679	2.6873	0.8445	-0.4190	0.8271	0.3715	-1.0069	0.6588	2.3577	1.3054	0.6607	1.6801	1.0234	1.0994	1.7669	-1.0381	-0.0101	0.6754	1.4623	-0.4807	0.7523	0.6539	1.9041	1.2879	0.7299	0.4816	0.2237	-0.0261	-0.0604	1.6015	0.1041	1.3341	1.3702	-1.2378	-0.5454	0.2956	-1.0353
-0.4795	-0.3256	-0.6131	1.9000	-0.8956	0.9550	-0.8371	0.1045	1.4350	0.2509	-0.7430	0.3332	-0.2608	2.1255	-0.2095	-1.2543	0.9394	0.7606	0.5402	0.8795	2.5533	-0.6474	-0.1964	1.3754	0.2647	1.5252	1.1552	0.3256	-0.0501	-0.1858	0.4347	-0.0966	1.7397	0.1489	1.7971	0.2593	0.0570	0.2842	0.2435	-0.4177	0.8126	0.4858	1.2949	1.3043	0.9006	-0.2203	0.3189	0.7920	0.1655
0.4326	0.1979	-0.8317	1.1172	0.6605	1.7615	0.4177	-0.1854	0.2947	2.5831	0.9236	-1.0100	-1.1504	1.1054	0.4171	-0.1026	-0.5524	-0.1135	1.2438	-0.3583	1.4859	0.5285	-1.8996	-0.6881	0.4528	0.8953	0.2298	-0.9551	-0.1101	-1.1694	1.0900	-1.8322	1.8973	0.9277	1.8032	-0.4195	0.4249	0.7153	1.3675	0.6975	0.1802	0.3657	1.1970	1.4242	0.9933	0.4032	0.9151	1.3636	0.1725
-1.2293	-0.6466	-0.3462	0.7413	0.4034	1.0777	1.0574	-0.9193	0.5836	0.9927	-0.3862	-0.8052	0.1284	1.5034	-0.6420	0.1791	0.5686	0.4160	1.1770	1.0809	0.4345	-0.4544	0.5633	1.2372	0.4045	0.1151	1.7142	0.8089	0.0093	0.3689	0.7270	-0.0705	1.1547	0.1584	1.0891	1.0468	0.6387	0.6987	1.5649	-0.1576	0.5305	0.3865	1.5488	0.4955	1.1789	-0.0854	0.5893	0.8553	-0.2371
0.5613	-0.0151	-0.4444	0.1411	0.4294	0.2088	-0.5652	-1.5755	-0.3809	1.4288	0.7739	0.4738	-0.2240	1.1072	-1.0056	0.0621	0.3056	-0.9726	-0.1814	0.3038	-0.7087	0.2143	-1.1186	2.0433	0.8002	1.1637	-0.4486	-0.2538	-0.2527	-0.5000	0.8317	-0.8442	0.8577	0.7156	0.2808	0.6933	-0.3855	1.9953	1.1345	-0.1051	0.7234	-0.8172	1.7269	0.6454	0.8387	0.4215	0.9579	0.4865	0.3356
0.1627	0.0115	-0.7986	-0.1007	-1.8408	1.0309	-2.0406	-1.3330	-0.1138	0.2167	0.0611	-0.3049	-0.3670	1.7614	-1.0275	-0.3273	0.6635	-0.0348	0.9724	-0.6365	-0.0766	-0.9754	-0.8265	1.1095	0.1130	1.3877	-1.8227	-0.8624	-0.3963	0.7321	0.8502	-1.0237	0.5906	-0.7617	-0.8718	0.0265	0.0079	1.1001	1.3850	-0.1894	1.0816	-1.0669	2.1731	-0.7455	0.7879	0.0396	-0.1809	-0.5981	0.2715
0.8259	-0.1876	-1.0836	-1.1947	-0.7731	1.2282	-0.7697	-0.6587	1.0047	1.5038	0.8886	-0.5391	-0.9016	0.9301	-0.7358	0.3979	-0.6836	0.2552	1.3507	-2.0229	-1.7866	-1.0061	-2.4695	-1.4927	-0.8315	-0.7002	-1.4523	-1.2978	0.4290	-0.5703	1.8450	-2.0231	0.0923	0.0944	-0.3114	-0.6077	0.6805	1.4023	1.0605	1.4175	-0.3554	-0.7682	1.2929	-0.1769	0.5108	-0.5047	-0.3588	-0.5383	-0.1598
0.7637	-0.8725	0.2606	-1.6581	-0.6236	-0.2941	-0.8594	-0.4229	0.4692	-0.6542	-0.7426	-0.0473	0.3474	0.4807	-0.8592	-0.0770	0.0004	-0.0301	1.1984	-0.6034	-0.2012	-1.7766	-0.4165	0.2079	-1.1582	-0.3161	0.6515	0.1362	0.7586	1.2881	1.3556	0.0981	0.3807	-0.9341	0.9997	0.3108	0.3403	0.2831	0.0776	0.3664	0.0097	0.9738	0.5296	-0.4924	1.5991	-1.9762	-0.4141	-1.0319	-0.1062
0.5979	-0.5564	0.4964	-1.2900	-0.6406	0.1565	-0.4294	0.3286	0.7530	0.7449	0.5724	0.2917	0.1389	0.0163	-1.7427	0.3621	-0.0496	-0.2921	1.1918	-2.3537	-1.3891	-0.6064	-0.0712	-0.6427	-0.5206	-0.3149	-0.6457	-0.4431	1.6478	-0.2898	0.8162	-1.2024	-0.0175	-0.1599	0.3455	-0.4432	0.2881	0.8068	-0.5239	1.5955	0.1987	-0.7492	0.7092	-0.0921	-0.0461	-0.2969	-0.3218	-0.4805	1.2073
0.1434	-0.4492	0.3592	0.5844	-2.1717	-0.2425	-0.6770	-0.7306	0.7651	-0.5041	1.0056	-0.3875	1.1290	-0.9278	-1.8889	-0.2538	-0.8722	-0.1493	1.4093	-1.3913	-1.0046	-1.1342	-1.1985	-1.4880	0.0748	-0.5458	-1.0282	0.3693	1.2462	0.4501	1.4308	-1.0840	0.7340	0.6965	-0.8742	-0.7761	0.7138	0.0166	-0.2273	2.5079	-0.4082	-1.4380	0.2691	0.1784	-1.1383	-0.4056	-1.2481	-0.0620	0.2178
0.7657	0.2639	-0.3126	-0.6313	0.8375	-0.4873	1.0341	-1.2414	0.0452	0.1270	1.3989	-2.1942	-1.7071	-0.6795	0.1580	-0.7258	-3.1661	-0.6273	0.5320	0.8997	-0.9996	0.0854	-0.5530	-0.6164	-0.9243	-0.6914	-1.0428	-0.2121	1.3098	-1.0833	-0.2954	-1.2000	-0.9072	0.8939	-1.3109	-0.3282	-0.2670	0.3716	-0.8301	1.1240	-0.1106	-0.6031	-0.7119	0.1409	-1.0149	-0.1592	-0.2061	-0.6700	-0.6128
-0.6679	0.4762	-1.3995	0.1527	-0.3794	-0.5963	-1.3277	-0.6052	0.6197	-0.5696	-0.6165	-1.7152	0.0542	-1.5408	-0.4299	-1.3793	-1.1883	0.7025	-0.2585	0.8744	0.5378	-0.6687	-0.9269	-0.5470	-0.9052	-0.4458	-0.3572	0.2992	-0.0864	0.3826	-0.6268	-0.7189	-0.9466	-1.0290	-1.9939	-1.7314	0.4079	0.0174	-0.9510	-1.6034	0.8437	-0.2244	-1.0746	-0.7597	-1.4941	-0.1261	-0.3460	-0.8448	-0.6709
-0.3023	1.4083	-1.5537	-0.1751	-1.4613	-0.2486	-0.8782	-0.1212	1.5484	1.1808	-0.2211	-0.2085	-0.8424	-1.5902	-1.1185	1.0591	-1.5995	-0.0237	-0.4771	-0.1380	-1.3753	-0.6220	-0.6013	-2.2464	-0.6781	-0.6207	-0.4342	0.7012	-0.3354	-1.4568	0.2693	-0.2035	-0.7360	-0.9509	-1.0667	-2.0590	0.4839	0.7587	-2.0436	-1.1734	0.2507	-0.4657	-0.0551	0.0142	-2.6305	0.3632	0.5446	-0.0841	1.5332
0.4073	-0.3366	-0.9807	-0.7731	0.7072	-1.2611	0.7032	0.1539	0.1019	-1.1605	0.1832	0.8456	0.7549	-1.1189	-0.1215	0.1034	-0.5057	0.8294	0.8994	0.2685	0.1526	0.3805	1.0154	-1.2345	-1.3795	-0.5103	0.6483	-1.2245	0.7211	-0.5108	-1.3975	0.4521	-0.0485	-0.6929	1.6974	-1.3961	-0.9041	-0.6753	-1.7674	-0.0175	-0.8969	1.8892	-1.8084	0.1570	-0.6652	-1.8364	-1.6776	0.1141	-0.1638
0.3755	-0.6353	0.7336	0.1540	1.6255	-1.9787	0.2240	-0.5811	0.6937	-0.9136	-0.5100	1.1792	1.1178	-0.5837	-0.1889	-0.5243	-0.8269	-1.1194	0.5010	-0.4155	-1.5867	-0.1024	-0.4464	-0.1433	-1.4837	-0.3609	0.6958	0.8487	1.8215	-1.1510	-0.3920	0.4298	-0.4277	0.0660	1.2735	-0.8682	-1.3531	-1.6018	-1.4018	0.5479	-0.7580	-0.7821	-2.0965	2.1674	-2.6163	-0.9853	-1.5111	1.5050	0.5164
0.2608	-0.1077	-0.4930	1.0629	0.2385	-1.5048	0.4192	-0.8970	0.8274	-0.6252	1.1295	0.9252	2.5072	-0.2102	-1.1547	-0.4774	-0.2192	-0.3851	-0.1963	-2.1406	0.2053	0.8454	-0.8831	-2.5337	-1.5933	-0.2778	1.1297	0.2590	1.8634	-0.2286	-0.7220	-0.7735	-0.6553	-0.0814	1.3879	-0.8377	-0.3745	1.0932	-1.9655	0.8982	-0.9562	-0.7100	-2.0477	2.1844	-2.4163	-0.2440	-1.9038	0.6086	0.3532
-0.2612	-0.1504	-0.3117	0.1892	0.1490	-0.7469	1.0515	-1.7364	0.4942	-1.4092	1.2164	-0.4498	0.4524	-0.1519	-0.3770	-2.2273	-1.5218	-1.4918	0.9780	-2.1818	-0.3947	-1.9842	1.3409	-2.4079	-2.2088	-0.8214	-0.2438	0.7294	2.3688	-1.8177	0.1681	-2.0513	0.5756	0.0319	0.8824	-2.2397	0.8153	0.2672	-1.0879	2.0633	-1.4707	-1.3425	-2.2616	1.4367	-2.6808	-0.5029	-0.7432	0.9679	0.9330
0.7628	-0.8997	1.3548	-0.3406	0.7760	-2.0356	0.0990	-1.4015	-0.5951	-1.8041	0.4018	-0.3637	0.5233	-0.7101	-0.2899	-1.0589	-1.3084	-1.5149	0.5635	-1.7900	0.2370	-0.2472	1.5041	-0.5343	-1.4880	-0.5932	0.4836	-0.3849	2.2902	0.1555	-0.1375	-1.1566	-0.4804	-0.1600	0.4568	-1.8980	-1.0789	-0.1229	-1.0294	1.0123	-1.6498	-0.0865	-2.4200	0.7812	-1.2376	-1.3637	-0.9798	-0.3506	-0.2726
0.8594	-0.3776	1.2650	0.5751	-0.2667	0.2958	-0.3740	-1.1738	0.1170	-0.5219	-1.0680	-1.5913	1.1351	-1.6125	-1.8426	0.4765	0.3291	-0.7307	-0.1786	-1.8295	-0.5478	-0.1277	0.2607	-0.9180	-0.0985	-1.1963	-1.1400	1.5397	1.8209	-1.1960	-0.2516	-0.5327	-0.7095	-0.8524	-0.8530	-2.1454	-0.9694	-0.2839	-0.1577	0.7313	0.0951	-1.9779	-0.4700	-0.2254	-1.9851	0.0564	0.0356	-0.3678	0.0997
1.2709	0.5208	0.1789	-0.8271	-0.2338	0.0903	-0.5033	-0.1865	-1.4379	-0.2010	0.0306	-0.4418	1.5268	-1.5210	0.2544	-0.7261	0.6128	-0.2429	-0.5299	-0.8006	0.4305	0.8057	-0.3021	-2.2156	0.2366	-0.3308	1.1982	-0.2128	0.0928	-0.0992	-0.5056	0.8735	1.2530	0.3734	-0.2835	-1.0027	-1.1189	0.3094	0.0276	0.6856	-0.6709	0.2288	-1.6562	0.0125	0.1028	0.9422	-0.3910	-0.5631	-1.2063
-0.7099	0.0124	-0.7519	0.0377	0.7812	0.9854	1.2045	-0.6764	-1.2473	-0.5012	-0.9144	-0.0969	-0.0320	-0.3649	0.4851	-0.2595	0.0749	0.0090	0.1238	0.7170	-1.0979	-0.6481	1.5591	1.3243	0.2045	-0.7858	1.2594	-0.0132	-0.1984	-0.9375	-1.1820	0.3272	0.6022	-0.1699	-0.1988	-0.1961	-0.3827	-0.6539	1.2839	-0.0378	-0.1088	1.3022	-1.0674	-0.9260	-0.2185	0.9079	-0.3384	0.9139	0.2441
0.3420	0.1107	-0.0428	-0.5337	0.7639	-1.7589	0.5539	-1.1739	-1.4796	-0.5896	-0.2080	0.6452	0.8850	-1.3541	0.6485	-0.0374	0.6597	-1.1088	-1.6248	0.5755	0.5930	0.6002	-0.1534	1.4814	1.0851	0.2543	1.2592	-0.7070	-1.0380	-0.2956	-1.2785	0.4342	-0.1397	-0.2716	0.3096	0.0296	-0.3739	-0.8131	0.3425	-0.5440	-0.0253	1.6061	-1.2062	-0.3227	0.0469	0.9142	0.6314	0.3529	-0.4575
-0.4053	0.3433	0.6329	-0.9218	-0.9221	-0.2961	-1.3980	-1.4528	-0.4852	0.2470	-0.5166	0.0199	0.5705	-0.4933	-0.3737	-0.0582	1.4395	-0.1160	-0.9228	-0.4670	0.5755	-0.3033	0.2808	0.5084	0.9748	0.8072	0.8737	0.6233	-1.0343	0.6715	-1.5596	0.3884	-0.1360	-0.3907	-1.3193	-0.1883	-1.2521	-0.6915	0.5843	0.2061	1.1522	-0.8727	0.5547	-0.1176	-0.4656	1.8185	0.8897	0.6024	-0.1956
-0.6014	-0.1401	-0.5529	-0.7700	0.1283	-0.3192	-0.0570	-1.2692	-0.8252	1.8655	1.2787	0.9910	-0.9384	0.3383	1.1861	0.1864	-0.2664	-0.3325	-0.6248	0.3550	0.4370	-0.2147	-1.0836	-1.6404	0.8850	0.5342	0.2472	-1.0430	-1.1138	-0.7159	-0.6026	-1.0280	1.3587	-0.7976	-0.7596	-0.3024	0.8318	0.7995	1.5553	1.1872	0.0842	0.9156	-0.0579	0.2213	-0.4282	1.0954	0.3211	1.3032	-0.3367
-1.9551	-0.3094	-0.5460	-1.7000	-0.8536	-1.1924	-2.4789	0.8995	-1.1641	-0.2125	0.5160	-0.6292	-1.2229	2.2273	1.5521	-0.7350	0.7447	0.0549	-0.3103	2.7011	-0.8845	-1.1923	-1.7777	0.6607	-1.8459	0.6324	0.2671	0.7155	0.0147	-0.5168	1.1389	3.7812	-1.4648	2.7778	-0.0370	0.6024	1.7723	3.0014	1.5554	1.6356	0.2049	0.7841	-0.0824	-0.0691	-0.0421	2.2659	1.8377	0.5011	-0.6125
-0.1116	0.4009	-0.3864	-2.0317	0.9827	-0.0694	-1.2447	2.2070	-0.4844	0.5657	1.1664	0.2843	0.4872	0.5229	0.8217	-1.2395	-0.6628	0.2756	-0.3117	0.6871	-1.0662	-0.5586	-0.6890	0.2082	-0.0947	-0.0352	0.5452	-1.6351	-0.2360	-0.3056	2.4850	1.4267	-0.8906	2.8007	0.6558	1.2736	-0.5923	1.9550	-0.1329	1.0669	0.7869	-0.5286	0.7664	-0.5415	-0.8710	3.0800	0.4550	-0.0054	0.3587
-0.3807	0.4721	-0.0799	0.3077	0.6452	1.9709	0.2482	2.7682	-0.7074	0.8961	0.5679	-0.1912	0.0176	-0.1190	1.4641	1.8321	-1.1997	1.1769	0.6033	1.5495	1.0446	-2.1191	-0.2510	-1.0284	1.1639	1.1882	0.4095	0.4434	-1.4375	2.9116	-0.1478	2.6461	1.5852	-0.4649	0.5451	0.7684	0.9397	0.6641	1.3820	-0.1329	0.5264	0.7703	1.2928	-1.7431	-1.0936	0.4644	0.0163	0.5795	0.6951
-0.2626	0.2898	-0.2166	-0.2420	2.1755	1.4696	1.0518	1.0453	1.0113	1.7613	0.6975	-0.1317	-1.9765	-0.7480	1.2242	0.0545	-1.1626	0.1698	-0.0865	1.5246	-1.3759	0.6598	1.1757	0.0859	1.0156	-0.8153	-0.6940	2.2138	-1.8788	0.4067	-1.6072	1.8339	-1.3087	0.6143	-1.6106	0.5781	-0.0815	0.3800	0.4317	-0.7332	-0.0673	-0.9511	0.9874	-1.0700	0.0502	0.8658	0.3790	-0.2848	0.8894
-0.5313	-0.3569	1.3621	-0.4771	1.0463	-0.9669	-0.1206	0.7511	-0.5798	-0.3525	0.0644	0.5469	0.6223	-2.5268	1.2994	-0.4624	0.4535	0.2666	-1.1804	0.8584	0.5091	1.9519	1.0669	0.9216	1.3782	-0.0227	-1.5174	2.4554	-2.0390	2.2630	-1.0474	2.3494	-1.3188	0.0687	-2.2806	0.8410	-0.3270	-0.9743	-0.3970	-1.5493	0.4327	-0.6087	0.0458	-0.3157	0.8167	-0.3147	-0.7619	-0.8812	-0.7848
-0.8870	1.2142	0.9110	0.7019	0.0237	0.6389	0.5865	1.3018	0.9305	0.6761	-0.6995	0.1407	-0.3335	-1.7841	0.6135	1.9495	1.0424	0.3074	-1.0104	-0.2502	-0.7136	1.5771	0.7771	0.0391	1.7795	-0.1023	-1.7074	2.3871	-1.4068	0.0171	-0.5206	1.1022	-0.3885	0.5874	-2.1570	0.4344	-1.1484	-0.2118	-0.1720	-1.5267	0.8388	-0.8312	0.9180	0.3679	-0.3134	0.5479	0.7959	-0.3313	0.4647
-0.7024	1.4594	-0.3495	0.4925	0.3370	1.8683	0.0779	1.3822	-1.4025	1.1456	0.8997	0.2505	0.7292	-2.3639	0.5331	1.2524	0.3795	1.2382	-0.3394	0.1545	0.1833	1.7518	-1.0343	-0.0777	2.0120	0.0484	-0.3178	-0.9240	-1.6075	0.4900	-0.8901	0.9765	1.0568	1.1987	-0.5269	0.5011	0.7223	0.2372	0.9658	-0.5081	-0.6395	1.3894	-0.6142	-0.0475	1.0731	-0.6627	0.0701	-0.4941	-0.8319
-1.2779	1.0266	0.0536	0.3139	0.2390	-0.0511	1.0511	1.1116	-0.9527	0.8718	-0.0683	0.3303	0.3472	-1.1187	-0.1524	0.3544	0.0415	0.5698	-0.0749	0.3941	-0.6685	0.7247	0.0993	1.0119	1.7272	-0.6062	0.2425	0.0148	-1.5210	-0.5495	-0.2285	0.1603	0.0806	0.1199	-0.1769	0.2609	1.0278	-1.4806	0.8427	-0.7468	0.0461	0.1856	0.4411	-0.5929	-0.0895	-0.1825	1.0736	0.3560	0.5977
-1.4102	-0.0865	0.1970	0.8298	-0.8980	-1.7642	-1.0329	1.3004	-0.7694	-0.8258	1.3274	1.0793	1.1353	-0.8516	-0.7110	0.2384	1.1877	0.9812	-0.0297	0.3151	1.1736	1.2933	-0.4664	1.5362	0.6662	-0.4690	0.5444	0.6345	-1.2548	1.0397	-0.0749	0.1843	-0.0722	0.2824	0.1495	0.2027	1.0809	-0.5374	0.0700	-1.2262	-0.4336	0.6260	0.3797	0.3523	0.8296	-0.8670	-0.4884	-0.3536	0.4206
-1.4353	0.0990	-0.3685	0.2389	-1.2645	0.4743	-0.0327	1.2928	0.4531	0.0257	0.3450	-0.0993	-1.1545	-0.4620	-0.9170	-0.3351	-0.3277	0.8986	-0.3627	0.4790	0.8009	-0.7163	-1.0454	1.4309	0.7239	-0.7689	-0.9006	1.5527	-0.0561	-0.6141	-0.3490	0.5774	-0.0643	-0.3983	-1.0429	0.3736	0.4906	-0.9650	-0.2519	-0.6715	-0.1823	-0.7406	1.1905	0.3841	0.6165	-0.9088	-0.4335	-0.3882	0.9784
0.0179	-0.4582	-0.9963	-0.4036	-0.3387	0.1303	-0.4721	0.8462	-0.6060	-0.7126	-0.3862	-1.2975	-0.4611	0.2767	0.3332	-0.5398	0.2924	1.1407	-0.2321	0.2096	1.0944	-0.4344	0.3834	0.6440	-1.2127	-0.9995	0.1201	0.2207	-0.5278	0.9595	-0.6652	0.2959	-0.2729	-0.5329	-0.7997	0.2179	0.5627	-0.5473	-0.5776	-0.1804	-0.3687	0.4471	-0.6664	-0.1540	1.0017	-1.6537	-0.3859	-0.7511	-0.7769
0.4254	-0.6988	0.3574	0.7551	0.2285	-0.2946	1.1592	0.8161	0.2140	-1.3197	-2.1651	-1.5702	-0.2305	-0.0231	0.1852	-0.2836	0.8296	-0.2029	-0.5303	0.8801	0.5166	-0.3599	-0.4565	1.0953	-0.6265	-0.4981	-0.6383	0.7858	-0.5785	0.4459	-0.4287	-0.8969	-0.4302	-1.6919	-1.2706	0.6098	-0.8563	-2.0585	-0.8065	-0.9548	0.8512	0.0136	-0.7160	-0.1440	0.3400	-0.9016	1.0139	-0.3637	-0.5582
-0.2058	0.2753	0.1513	1.6680	-1.5887	0.0068	0.8394	1.4720	0.1777	-0.6957	-1.4142	-0.2894	0.4504	0.3802	-0.3250	0.1951	0.4525	0.8409	-0.4220	-0.0725	0.9231	0.9645	-1.2480	-0.4194	-0.2102	0.1539	-0.1145	-0.1048	-0.3430	1.5274	-0.5564	-0.5534	-1.2783	-1.1575	-1.5894	0.5362	-2.2837	-1.1456	-0.9229	-1.1776	0.9935	0.3254	-0.0775	0.1905	0.4748	-0.2104	0.4774	-0.9752	-0.5453
0.1779	0.7220	0.2012	-0.0578	-1.3684	1.9278	0.5489	0.9381	0.1912	0.7764	-1.1352	-1.0201	-1.5067	0.8289	-0.5292	0.4310	-0.4234	-0.0848	0.5976	-0.3270	-1.1743	0.4513	-0.9707	-1.0270	-0.8499	0.1547	-0.0068	0.3575	0.3006	-0.2287	-0.1970	-0.1455	-1.2334	0.0504	-1.9609	0.0960	-1.1677	-0.9698	0.3149	0.1784	0.6707	-0.3722	0.4747	0.6415	-0.4391	1.2820	0.5221	0.4042	0.6234
0.6627	0.4059	-0.7955	-0.0707	0.4352	-0.0954	1.7744	1.1978	0.1506	0.1019	-0.2941	-1.6000	0.5735	0.5867	1.6554	-1.4202	0.7975	0.0449	-0.0166	0.8691	1.1996	0.6430	-0.0187	-0.1103	-1.1328	1.0476	1.4223	-1.1172	0.6832	0.7555	-0.5788	0.9383	-0.3744	-0.2406	-0.4729	-0.6749	-1.1161	0.0428	0.1510	-0.5825	-0.0469	1.3347	-0.7520	0.0891	1.1916	-0.1213	-0.7218	0.4073	-0.6380
0.7597	-0.3939	0.9232	0.0782	1.6177	-0.4671	0.9750	-0.3851	1.0399	-0.9325	-0.8449	-0.6144	-0.6295	1.4120	0.0845	-0.4127	0.4645	-0.6892	-0.2851	0.1260	1.2155	-0.2171	1.2479	1.3781	-1.2116	1.1178	0.4459	-0.8358	0.7359	-0.5812	0.4737	-0.7098	1.2772	-0.8800	-0.4947	-0.4145	-0.1667	-0.4703	-0.6520	-0.9754	-0.4515	-0.0520	0.2038	-0.6979	0.2383	-0.7479	-0.4121	0.5879	-0.3930
0.0590	-1.1145	0.7753	0.6924	0.8211	-0.9643	0.2638	-0.3803	0.6710	-1.1115	0.0702	0.9307	0.1242	0.6365	-0.1932	-1.5123	-0.1479	0.1022	-0.5723	-0.1686	1.8664	1.0114	0.2311	0.2770	-0.6831	0.4914	0.8251	-1.4255	0.5615	0.0857	1.6810	-0.8334	0.5550	-0.0176	1.2724	0.0510	0.7775	-0.4386	-1.0269	-0.2424	-1.2286	0.2018	-0.7457	-0.0126	0.3032	-0.8711	-1.0465	-0.2558	-1.3654
0.5474	-0.6359	-0.2616	0.6255	0.4962	0.4934	-0.5482	-1.3184	1.3732	-0.0978	0.5356	-1.1025	-0.7445	1.3980	0.4856	-0.5946	-0.8941	-0.1224	0.7742	0.4431	0.5801	-0.9063	0.4623	-0.9630	-1.9627	1.0156	0.1415	0.5790	0.1184	-1.6205	2.4925	0.4666	1.2593	-0.1375	0.7267	-1.4043	0.6905	-0.6075	-1.4296	0.4738	-0.5673	0.3053	0.5642	-0.8845	-1.0402	-0.0135	-0.1312	-0.0869	-0.5158
1.0561	-0.3648	-0.5493	0.4056	0.6236	-0.3557	1.1880	-0.8561	0.3693	0.1186	0.2364	0.6339	0.5711	1.3883	0.8547	-0.3649	0.1057	0.2449	0.7613	0.1396	1.4194	-0.3608	0.0640	-0.9195	-1.2067	-0.8409	0.7763	-0.5213	0.4866	-0.9296	0.9946	-0.5350	-0.0059	0.1619	2.1010	-0.5799	-1.0186	-0.2511	-1.0613	0.0656	-0.2040	2.5885	-1.1075	-0.5678	0.9940	-0.3491	0.0990	-0.6328	-2.0875
0.8473	0.5370	1.6684	-0.4269	-0.0928	-0.4802	1.0354	-0.9724	0.1261	-0.5883	-0.8724	0.7538	-0.2094	1.4672	-0.0986	0.4229	0.0023	-0.7044	0.7341	0.7539	0.9713	-1.8393	0.5229	-0.1858	0.0021	-0.0326	0.0285	0.6959	0.6354	-0.6281	1.0145	-0.2852	-0.4378	0.3618	1.5475	0.8173	-0.1546	-0.7055	-0.2694	0.3105	1.0682	0.3986	0.1269	-0.3043	0.0170	0.0955	0.8420	0.3257	-1.6334
-0.2006	1.6275	1.0772	0.7916	0.0477	-1.1200	1.3312	-0.7541	0.3817	-0.3052	-0.2935	1.7329	0.5859	1.0690	0.0609	0.6658	0.8525	-0.3213	-1.2517	-0.0360	1.6654	0.3000	0.1151	-0.8532	0.2821	1.2334	0.0480	-1.5101	0.4137	-0.1128	0.4730	-0.4106	-0.9861	0.8855	1.3215	1.7228	0.1417	0.2865	0.0823	0.6860	1.9034	0.8677	0.5253	0.1997	0.4875	0.9747	1.3628	-0.1018	-1.2392
1.0791	2.3239	2.2980	1.1084	0.4515	2.2376	-0.0659	-2.3269	0.5065	0.2707	-1.2524	0.3709	-0.3554	0.9766	0.9415	0.8449	0.7365	-0.6216	0.3189	-0.2915	0.0250	-0.4231	0.7126	0.0518	0.8238	2.0608	-0.8754	-0.0823	0.2233	-0.7167	0.6484	0.0111	-0.0145	0.8071	0.6816	1.0008	-0.9087	-0.2404	0.2406	-0.0680	2.8048	-0.9786	1.0781	-0.0135	-0.5521	1.5626	2.5201	0.5445	0.0450
1.7855	2.3448	1.2420	0.7692	0.2414	1.1344	-0.4420	-1.6355	-0.3128	1.3349	0.9202	1.4093	0.4420	0.7433	2.4963	0.8755	1.3049	-0.3572	-0.1651	-1.0251	-0.1586	1.0220	-0.1706	-0.0067	0.7669	1.0095	-0.4110	-1.6649	-0.5378	-0.1741	0.8326	-0.3627	-0.0839	1.5131	0.6342	0.5661	1.7111	2.1887	0.7837	1.3938	1.9679	0.2527	0.8148	0.0904	0.6330	0.0569	1.6767	-0.0629	-1.2722
0.6292	2.1653	0.2873	0.5475	0.3923	1.2531	0.0879	-2.1024	-0.2104	0.7468	-0.4660	-0.2286	-0.3891	0.4705	0.8239	-0.2310	0.3386	-0.3215	-0.1181	-0.0276	-1.6549	-0.6240	0.9803	1.7609	0.7461	0.4832	-0.5014	0.1803	-0.0202	-0.6011	-0.4033	-0.4589	0.2306	0.5866	0.3748	0.1046	1.5437	2.0462	2.0818	0.0736	2.0021	-0.9962	1.4270	-0.4434	0.7595	0.9801	1.8510	-0.0209	0.1625
1.0301	1.3766	0.2701	-2.3227	1.3586	-1.1905	0.7294	-1.6557	-1.4773	1.3667	1.5546	-0.2025	-1.2619	-0.8006	0.6324	0.0467	-1.9686	-1.8015	-0.6373	0.3988	-0.6789	0.8035	0.4995	1.5122	0.1930	1.5359	0.1799	-0.3689	-0.2951	-0.9115	-0.3772	0.1019	0.5395	1.4932	0.5261	0.8888	1.0514	1.6453	0.8265	-0.6586	1.4162	-0.2167	1.2153	0.2862	0.8651	1.2935	1.1431	0.1126	-0.0944
-0.0339	-1.1719	0.7395	-1.4040	0.6699	-0.6496	-0.2707	-0.5347	-0.7086	0.1085	-0.2896	0.9150	0.5346	-1.4766	-0.6981	-0.4938	-0.4436	0.0734	-0.4789	0.6121	1.0362	0.5221	1.1072	1.8607	0.0231	0.8765	0.3306	-0.0727	-0.1013	1.8529	-0.6807	1.0664	0.7455	0.0026	-0.1290	1.3449	0.7082	-0.8686	0.6532	-0.7852	0.4584	-0.0600	0.9031	-0.3906	0.5848	-0.4504	-1.4257	0.2320	0.1720
0.6101	-0.7493	0.2507	0.1488	-0.3286	0.6492	-0.8222	0.1922	0.1530	1.3923	-0.2535	-0.0144	-0.0011	-0.6819	-0.8674	-0.1323	-1.5089	0.0799	-0.5243	0.7104	-0.4017	0.6647	0.7428	0.9740	1.4987	-0.5475	0.2600	1.0517	-0.2252	0.2531	-0.2782	1.0252	0.4992	-0.2801	-0.6425	1.1087	0.1624	-1.4472	-0.3192	-0.4398	-0.9974	-1.9167	0.4207	0.6846	-0.3908	-0.2009	-1.0203	0.4249	1.3587
0.2250	-0.9197	-2.1592	-0.3594	0.0407	0.7728	-0.7285	0.8686	-1.2061	-0.0531	1.3884	-0.9740	-0.3686	0.1719	0.9620	0.0279	-0.8301	1.8960	0.1852	0.2634	0.6246	0.6237	1.5622	-0.3140	-0.4191	-0.4968	-0.4837	-1.0573	-0.0475	1.2417	-0.6126	1.2431	0.8938	-0.2251	-0.3451	0.6445	0.2897	-0.2369	-0.1453	0.7925	-1.6984	0.3602	-0.5472	0.0152	1.8257	-1.2545	-1.1944	0.1891	0.3385
-0.7418	-1.6476	-0.0952	0.0030	0.4958	0.0654	0.8382	0.0793	-0.2564	-0.5635	-0.8451	-0.0520	-0.9197	0.0975	1.1121	1.2083	-0.5430	0.6645	-0.3540	0.2915	-1.2619	0.0783	1.7821	1.6604	0.2445	-1.6970	-1.2998	0.3055	0.3994	0.9817	-0.2517	0.0554	-0.2024	-1.5530	-0.4014	1.3781	-0.5281	-1.1789	-0.0146	-0.1134	-0.8042	-0.3363	-1.0416	-0.3972	1.2138	-0.6460	-0.0282	0.3138	0.4430
-1.4799	-1.3222	-0.0547	0.9489	-0.9925	-0.1581	0.5450	0.4669	-0.5211	-0.7198	0.4141	0.8308	-0.0043	0.2171	0.1195	0.6389	0.4733	1.3311	-0.5838	-0.6581	-0.0614	1.1480	-0.5128	0.0633	-0.1487	-2.1831	-0.7890	-1.2139	0.0568	2.2644	-0.0270	-1.0483	-2.3302	-0.8084	-0.2170	1.2055	-0.2170	-0.2855	-0.8501	-0.2266	-0.3745	0.4453	-1.7322	0.1861	1.4276	-0.7494	-1.1536	-0.5818	-1.1466
-0.6674	0.1080	-0.8438	1.5906	-0.6987	0.1580	0.4398	-0.1696	0.3139	-1.0472	-0.4270	-0.6981	-0.1119	0.6842	-0.0420	0.2364	0.6550	0.4349	-0.9603	-0.2792	-0.6577	-0.9696	-0.2693	-1.0243	-0.5387	-1.4086	-1.6425	-0.1992	-0.4181	0.0761	-0.0084	-1.3331	-1.3392	-0.8433	-0.8825	0.4236	0.4992	-0.4533	0.5459	0.6195	0.5713	0.1622	-0.1219	-0.8860	0.5014	0.0678	-0.0955	0.2850	-0.0915
0.3072	0.3282	-0.3081	1.1009	-0.5023	-1.5899	0.8202	-0.1970	-0.1061	-0.4295	-0.3058	-0.1159	0.2364	-0.4553	0.0575	0.4871	0.8964	0.0536	-1.7501	0.2472	0.4487	0.1004	-0.6203	-0.3644	0.9484	0.1223	-0.0984	-0.8009	-1.2621	1.5366	-0.3040	-0.6116	-2.0818	0.9544	0.1405	1.6008	-0.3200	-0.0388	0.6035	0.2282	0.9244	-0.5108	-0.7535	0.4090	0.7885	0.8489	0.8575	0.0800	-0.8462
-0.2064	0.5310	-0.6505	1.4492	-0.1844	-0.7225	0.4626	-0.6094	-0.2449	-0.3637	-0.7143	-0.3991	-0.2439	-0.3907	0.0217	1.4085	0.3630	0.7126	-0.3558	0.6683	0.0929	0.3826	1.0801	0.4596	0.2524	0.7409	-0.0762	0.0635	-0.4461	0.5977	-1.2064	0.2337	-0.2410	0.6963	-1.0724	0.1288	0.4378	0.0540	1.0636	-0.2191	1.6075	-1.1001	0.8930	0.6387	0.2797	1.4141	0.6336	0.5672	0.0602
1.1441	0.9354	-1.4356	-0.7616	0.6591	-0.2165	-0.0675	-0.0587	-0.1925	0.9438	1.2029	-0.0604	-0.8906	-0.4749	0.7170	0.7680	-1.6519	-0.5764	-0.4645	0.5259	-0.0611	0.4889	-0.1046	-1.0581	0.2580	1.4719	-0.3444	-1.7704	-0.7334	-1.1534	-0.7310	-0.3678	1.8101	0.6218	-0.1618	-0.6488	0.1315	1.2142	0.0568	-0.3839	0.0051	0.4834	0.5229	0.2578	0.1305	0.6139	0.6149	1.0276	0.9979
-0.8671	-0.6319	-1.1201	-0.8555	-0.0027	0.4824	-0.3202	-0.4555	0.7629	-0.4843	0.9407	0.2959	-1.1601	0.9010	-0.7052	-0.6185	-0.6561	-0.1934	0.5475	1.0391	-0.6226	-1.2665	0.9904	0.3808	-0.3897	0.6785	0.7026	-0.5813	-0.0870	0.2238	0.1623	-0.2028	0.9695	0.3248	0.4024	-1.0242	0.7615	0.0796	0.0565	-0.8644	-0.9373	0.4406	-0.4591	-0.4100	-1.0229	-0.2589	-1.0511	1.4177	1.2907
0.2406	-1.3300	0.1562	-0.4896	1.5122	0.6693	-0.0912	-0.1414	1.4659	0.4237	1.0844	0.6976	-1.0917	0.6667	-0.7660	-1.1319	-0.4328	-1.1021	1.2586	0.9091	-1.1600	0.3449	-1.3251	0.6876	-0.4308	-0.0208	0.8474	-0.7790	0.4677	-0.9571	0.1023	-0.5092	0.4552	0.9056	0.8237	-0.9501	-0.2802	0.1045	-1.1834	-0.0857	-1.5016	-0.2678	-0.2603	-0.0324	-1.9010	-0.1833	-1.6812	1.1509	1.2077
0.6470	-1.5375	0.6987	0.3927	-0.3607	0.6668	-0.9299	-0.4377	1.7133	-1.0691	-0.2471	0.6377	0.7297	0.6272	-0.5850	-0.9028	1.3217	0.4911	2.3136	0.9800	0.8255	0.6827	-0.0469	0.2405	-0.1210	0.3669	0.2245	0.3040	1.2912	0.1535	0.6161	0.3651	0.5830	-0.1876	0.8543	-0.8150	-0.7323	-1.2897	-2.2079	-0.4495	-1.1622	0.4306	-0.3392	-0.5340	-0.7368	-1.2168	-2.1844	-0.6842	0.1833
0.8875	-0.6770	0.1873	1.1361	-1.4377	2.2561	0.1288	-0.4381	1.9882	0.9750	0.0850	0.5413	0.0138	0.9532	-1.7582	0.8498	0.3616	0.1892	1.9257	0.2619	-0.9393	-0.6103	-0.5752	-1.3760	-0.2413	-0.3906	0.5533	1.2490	1.3502	-1.9430	1.7082	0.2212	0.5392	0.4522	-0.1533	-0.7829	0.0358	-0.1812	-1.5753	0.3944	-1.7024	0.5095	0.3503	0.6046	-1.3989	-0.6889	-0.6536	-0.4496	1.0110
1.7394	-1.7378	0.6008	0.2690	0.5456	0.6720	1.7045	0.1106	-0.0752	0.3422	0.9580	1.1017	1.7639	1.1843	-0.2271	-0.4627	1.2297	1.1185	2.3069	0.8905	0.6563	0.0897	-0.2303	-0.2120	-0.2846	0.5296	2.5771	-0.0660	1.7063	-0.2632	1.3874	0.6830	0.6798	0.5996	1.6269	-0.7617	-1.2956	-0.8066	-0.9517	0.6382	-2.0842	2.4870	-0.4450	1.0519	0.4099	-1.7078	-1.4427	-0.1657	-0.1249
1.9624	-1.3562	0.9498	0.5555	-0.0095	1.3429	1.1340	0.1109	1.0180	0.0494	-0.1749	0.7050	-0.6627	1.7713	-1.9057	0.5876	1.2836	-0.0390	2.6508	-0.5429	-1.1657	-0.2203	-0.7991	0.5174	-0.1529	-0.7859	1.2425	1.3578	2.3219	-1.2682	1.8192	-1.3813	-0.9440	0.8016	0.6894	-0.7477	-1.4179	-1.1480	-0.7845	0.9434	-1.2131	-0.5006	0.7083	1.3051	-0.6836	-0.3647	-0.6867	0.1647	1.2002
1.1247	-1.2360	-0.1285	1.1416	0.0025	0.2309	0.5037	0.8258	1.1696	-0.0791	-0.7440	0.5399	1.0053	0.6319	-1.3491	-0.7613	1.2654	0.7320	0.9577	-0.7921	0.8318	1.5183	-1.1213	-0.8564	0.5481	-0.1256	1.7392	-0.2597	1.0663	0.1634	1.1565	-1.1790	0.1757	-0.0821	1.4472	-0.4608	-1.2181	-0.1526	-0.6913	0.2898	-1.4246	0.2841	-0.0259	1.3439	0.3181	-1.8642	-0.5380	-0.1670	0.0929
0.6498	0.0344	0.0323	0.0539	-0.2400	0.9779	-1.0500	0.6835	0.6353	0.7383	0.1926	-0.3844	0.3484	0.6797	-0.3896	-0.7806	0.0426	-0.8302	0.7498	-0.7556	0.2204	-0.0468	-0.4041	-1.0048	-0.3879	1.6316	1.1095	-0.1798	0.8168	-0.1807	1.1499	-1.1237	1.6305	-0.9574	0.8887	-0.7141	-0.1722	0.2911	-0.3569	1.2674	-0.6793	-1.2800	1.1194	2.9394	-0.6041	-0.7588	0.6619	0.9939	1.3745
-0.6611	0.6892	-1.6239	0.5639	0.2288	1.0033	-0.5385	0.2642	0.0907	0.4213	1.4147	-0.2661	0.6627	0.5220	0.3685	-0.9739	0.2745	0.5777	0.6344	-0.8653	0.6902	0.6092	-0.2328	-0.8663	-0.3302	0.2757	1.1152	-1.6061	0.5518	0.4015	-1.5346	-1.4912	1.4140	-1.2599	2.1375	-0.4944	0.3670	2.2046	1.0243	1.5521	-1.3485	-0.1153	-0.4011	1.7924	-0.1161	-0.4406	-0.3259	1.3184	1.6916
-0.3706	0.4375	-1.7393	-0.4458	-0.0763	0.1676	0.3440	-0.7900	0.8339	0.1486	0.2186	-1.7988	-0.5875	0.3505	-0.9027	-1.2915	-1.9118	-0.4217	0.8482	-0.6122	-1.2452	-0.8736	0.4891	0.6326	-1.1763	-1.1053	1.4206	0.0921	1.4192	-1.0334	-0.0177	-1.3986	0.7971	-0.3353	1.6020	-1.7054	0.9010	0.7984	2.0130	-0.0941	-0.4467	-2.0106	0.6904	2.1641	-0.5295	0.2982	0.0372	2.0062	2.4673
1.9948	-0.2257	-0.9236	-1.4860	0.6506	-2.3120	-1.0108	0.1541	-0.6943	1.3471	1.0092	-0.5957	-0.9314	0.1934	0.0021	0.1491	-1.1256	-1.9345	-0.4639	-2.1984	0.0189	-0.1096	-0.4620	0.6736	-1.0505	0.0877	0.3701	-1.1994	1.5148	-1.3599	0.9949	-1.7226	0.9453	0.0047	0.5138	-1.5874	0.0917	0.7001	1.0434	-0.9316	-0.4248	-0.8770	0.2604	1.8867	0.0892	-0.7775	-0.4562	1.4671	0.8832
-0.0795	-0.7131	-0.4303	-1.9408	-1.1761	-1.2762	-2.6474	0.3836	0.2475	0.0443	-0.6145	-0.5726	-0.6985	-0.2734	-2.3977	-1.2256	-0.2562	-0.4254	0.5702	-1.8523	0.3153	-1.9392	-0.5044	0.4829	-0.6246	-0.3925	-0.3494	0.3802	1.3139	0.3878	0.9027	-1.3254	-0.0756	-1.6081	-0.7153	-1.0104	0.9685	1.0721	0.4408	-0.8932	-0.0389	-1.5991	0.9626	-0.8522	-0.8446	-0.8691	-1.6931	0.2152	1.7471
-0.8211	-0.2757	-0.5711	-1.9808	-2.0102	-0.7113	-2.3870	0.2042	0.1377	0.4372	0.8084	-0.2296	-1.8168	0.1742	-2.1474	-1.0567	-1.5082	-1.6344	0.5085	-1.6622	-1.9930	-2.5386	-1.7240	-0.9580	-1.1230	-1.6254	-0.4137	0.8294	0.4737	-1.3673	0.6908	-1.4159	-0.1384	-0.8015	-0.5221	-1.3590	0.9912	1.0871	0.0045	1.2902	-1.2484	-1.2315	1.3112	-0.5809	-1.8375	-0.5677	-0.6911	-0.7460	1.9122
0.3848	-1.2383	-0.1984	-1.5696	-0.7923	-1.0530	-1.4067	0.2417	-1.5826	-1.7993	-0.6713	-0.5415	0.4183	-1.1443	-1.3475	-0.4939	-0.2393	-0.4962	0.8222	-1.0840	0.0071	-0.6239	-0.7629	-0.5446	-1.0302	-2.0174	0.0891	0.0819	-0.1619	0.4875	-2.2156	0.0670	-0.4446	-1.4625	1.1351	-0.5657	-0.9367	-0.6830	-0.7120	0.7035	-1.3885	0.8617	-0.1929	-1.0877	0.1641	-2.1329	-1.4261	-2.2649	-0.0360
-1.6117	-0.7819	0.4609	-1.2744	-1.2866	-1.5207	-1.2842	0.1509	-1.2997	-1.2645	-2.4611	-0.1680	-0.5693	-2.2563	-1.5463	0.3984	-0.8577	-0.7797	-0.6469	-1.5036	-1.9313	-1.1229	-1.0780	-0.5386	-0.0108	-2.5015	-1.8323	0.9941	-0.9395	-0.1279	-1.2959	0.4429	-1.4724	-1.7423	-0.3907	-0.3460	-0.8005	-1.9937	-1.1054	-0.5635	-0.1589	-1.0421	-0.5841	-0.7638	-1.0347	0.7122	-0.2520	-1.9323	0.1711
-3.0411	-0.3505	-1.3295	-0.9447	-1.8215	-1.0084	-0.0009	1.8159	-1.8108	-1.0537	-1.0311	0.4874	0.4397	-2.0637	-0.3886	0.2276	-0.2868	0.8597	-1.1108	-2.0135	-0.4363	-0.0884	-1.6952	-2.3382	-0.1157	-1.7424	-1.4495	-0.4979	-0.5774	0.3344	-2.7225	0.4354	-1.9146	-1.8743	-0.8695	0.2741	-1.2120	0.3991	-1.0525	0.4461	-0.2891	1.3455	-1.2606	-0.0565	0.6658	0.9064	-0.6451	-1.9387	-1.2381
-2.0806	-0.0904	-0.4401	-0.5859	-2.3537	-0.3976	-0.0361	1.6228	-0.2520	-0.8555	-1.4704	-0.1689	-0.9495	-1.0460	-0.5675	0.0421	0.5055	0.2205	-1.4753	-2.3321	-1.6082	-2.0455	-0.6783	-1.8925	0.1993	-1.5747	-2.1042	1.0102	-0.3820	-0.6747	-1.5759	-0.9670	-2.4692	-0.8639	-1.4468	0.5239	-0.9744	-0.6394	-0.4120	1.2596	0.4357	-0.4293	-0.8086	-1.7751	-1.0458	0.8025	0.5187	-0.7977	-0.1982
-1.1257	-0.2565	0.2257	-0.5331	-2.3737	-2.3456	-0.7206	0.9408	-1.2046	-2.0799	-1.0871	0.5537	-0.1532	-1.2948	-0.3070	-0.1311	1.4298	-0.6098	-1.8051	-1.6400	-0.3820	-0.2905	-0.7418	-0.4023	-0.0021	-0.8093	-1.1279	-0.0444	-1.1860	1.8747	-0.5457	-0.4304	-2.8611	0.1461	-1.5944	1.0942	-1.0645	-0.1665	-0.9013	0.5348	0.6034	-0.3599	-1.4544	-1.0976	0.2280	0.6584	0.5739	-1.7950	-1.2032
-1.8406	0.5107	-0.4671	0.2248	-1.9520	-0.3371	-0.4810	0.2471	-0.2321	-1.0568	-1.8970	-0.4249	0.4106	-1.7607	-1.3211	-0.6592	0.7877	-0.6064	-0.7618	-0.9692	-1.1042	-0.5498	-1.3937	-0.2916	-0.8715	-1.1107	-1.5330	1.0069	-1.2574	0.2474	-0.7162	-0.0591	-1.2393	-0.8836	-1.9123	-0.5279	1.2705	0.7410	-0.3342	-0.1740	1.3252	-1.2159	0.5791	-0.8610	-0.1967	0.7322	1.4524	-1.3778	0.4770
-1.0480	0.5529	-1.7787	-0.2227	-1.8836	-0.1498	-0.8362	1.4088	-0.1544	-1.7080	1.0792	-0.1844	0.7953	-1.3378	-0.3305	-1.4438	0.1513	-0.0638	0.2422	-0.7539	-0.5072	0.0056	-1.3244	-1.1825	-1.2789	-0.2218	-0.6614	-1.3744	-0.5430	0.2738	-0.1415	0.1696	-0.0877	0.5706	-0.9337	-1.5198	1.0053	1.2566	0.4813	0.2679	-1.2128	1.0131	-0.5809	-0.2582	1.1321	-0.5332	0.0935	-1.2990	-0.0162
-0.1848	-0.2951	0.0004	-0.1053	-0.3505	-0.1864	0.0177	0.1808	0.3879	-1.5293	-1.0609	-0.4101	-0.0375	-0.8533	-0.8298	-0.0577	-0.2793	-1.3626	0.7019	0.1798	-1.8346	-1.5004	1.5131	-0.4181	-0.9385	-1.2010	-0.4153	0.4250	0.1545	-0.2140	0.3090	0.5856	-0.4304	0.5097	-0.9222	-0.7041	0.3247	-0.9451	1.3959	-1.1141	-1.0484	0.1191	0.6931	-1.0450	0.3280	-0.7956	0.3411	-0.9638	1.4522
0.9392	0.0296	0.8650	1.4612	-0.1868	-1.3689	0.2911	0.4601	0.3984	-1.1946	-0.4508	0.6928	0.9893	-1.2734	-0.2908	0.5242	0.8537	-1.1558	-0.7799	-0.3922	0.0729	0.3812	-0.5533	-0.6193	0.4475	-0.5029	-1.0617	0.0682	-0.4500	-0.2698	1.3076	0.2879	-1.0142	1.3082	-0.2045	0.1872	-1.0862	-0.8199	0.6687	-0.6725	-1.0410	-0.0232	-0.6778	-0.5661	0.7302	-0.5765	0.3994	-1.9109	-0.4586
0.0626	0.5804	0.2262	2.0249	-0.6104	1.1564	0.0055	0.7378	1.0573	-1.1493	0.1127	-0.0639	-0.1686	0.3593	-0.4478	1.4383	0.5189	-0.4252	0.5867	0.1641	-0.0401	-0.5526	-0.5894	-0.5452	0.4742	1.2458	-1.2812	0.6212	-0.3615	-1.4575	1.0072	0.3826	0.4693	0.4133	-0.2336	-0.4225	-0.2522	-0.4399	0.6708	0.3929	0.0522	-1.0002	0.2585	-0.7078	-0.2713	0.4206	0.8238	-1.5884	-0.4052
1.5772	0.7084	0.3781	0.6228	0.7677	0.0093	0.3584	2.2252	0.3757	0.2921	0.5772	2.4403	0.6212	0.5740	1.2770	1.0200	0.4773	-1.1572	0.3431	-0.0642	0.2486	-0.0091	0.1170	-0.6776	0.7565	-0.1064	0.0642	-0.6755	-0.2702	-0.4218	0.5287	-0.8156	0.9875	0.7876	1.6224	0.4182	0.5523	1.2382	1.0618	0.8603	0.1760	0.7077	-0.8840	-1.0221	0.8999	0.1724	1.0504	-1.8745	-1.6638
1.4910	1.0761	1.2772	0.7249	0.6203	0.1634	0.0812	1.9903	0.5356	-1.4342	-0.3593	1.1181	0.4589	0.7186	0.5098	2.0562	0.8785	-1.2750	0.3703	-0.3326	-0.7513	-0.9217	1.1188	0.8747	0.5048	0.2199	-0.4342	1.3057	0.0859	0.3964	1.3248	-0.5345	0.0328	0.7301	0.5820	0.0540	0.6931	1.2583	1.1733	0.1669	0.8402	-0.4483	-0.8276	-0.7497	0.4602	0.7994	1.6225	-1.6738	-1.8260
1.5783	1.8169	1.4466	0.1723	0.5022	0.3871	1.3057	1.9961	-0.2034	0.2241	-0.0064	0.6777	1.5012	0.2252	0.8298	2.4339	1.5795	-0.3243	-0.3974	-0.8003	0.7400	0.6502	0.6873	-0.2180	1.3511	0.2804	-0.5265	-0.2447	-0.6358	0.8536	0.8253	0.2348	-0.6820	0.6315	0.0405	1.1097	-0.1560	1.9681	0.0523	1.0874	1.3239	0.3536	0.1611	-1.3129	0.8400	0.3008	1.4743	-1.8622	-1.3649
1.3223	1.9018	0.8695	-0.1503	0.4779	1.2119	-0.4984	1.6573	-0.1697	0.5617	0.5167	-0.8669	0.7429	-0.2878	1.7435	1.7893	1.2568	0.1633	-0.1258	0.6056	0.2621	-0.0642	1.6339	-0.7358	1.1310	1.7952	-0.4722	1.4509	-1.1946	0.3670	1.0484	0.7256	0.3082	1.5874	-0.3201	0.7308	0.3545	1.8968	0.3018	1.7390	1.4644	-0.8558	0.8847	-0.7563	-0.4044	1.2437	1.4279	-0.5018	-0.0991
-0.2873	2.1843	-0.2739	-0.6584	2.4716	-0.0062	0.3510	0.4265	-0.6968	2.4447	2.9337	-1.3512	-1.0457	0.6298	2.5035	1.0423	-1.9956	-1.2030	-1.4562	1.2207	-1.2119	0.5832	2.0146	0.3721	0.4273	2.5240	0.2631	1.3604	-0.3148	-0.5414	0.6050	0.6207	0.4293	3.2379	-0.3709	0.8900	1.4942	3.5688	0.9663	1.6400	1.0270	0.7112	0.4611	0.4225	-0.6511	3.9629	1.2850	1.5414	0.8613
-0.1092	-0.0571	1.8962	-1.6673	3.0178	-0.3089	1.1151	-0.8713	-1.7054	-0.2274	1.7173	0.0124	1.8511	0.2576	2.4942	-0.3268	-1.4662	-0.3454	-1.0044	1.1186	1.4230	1.5530	2.9142	2.0694	1.2478	2.5609	1.5713	0.5604	0.0065	1.8360	0.0486	1.5105	2.3290	2.1746	0.8746	1.9054	1.1597	0.6955	0.5549	-0.5234	0.4367	3.1971	-1.7799	0.3510	2.0872	1.1428	-0.3380	1.7976	-1.7006
-2.0988	-0.2568	2.6460	1.3907	1.6017	3.1493	0.5280	-2.2464	1.0114	1.0589	-1.5197	-0.9123	2.3409	0.7396	1.3033	1.9626	0.5641	0.5516	-0.2475	1.9086	0.5220	1.0393	2.9568	1.4871	1.5892	-0.3826	0.8361	3.6259	0.7840	1.5219	-1.5107	2.5931	1.5653	-1.3172	-0.7935	1.7709	3.0621	-0.7676	1.0934	-1.7490	1.5246	-0.2478	-0.3344	0.1364	0.8206	-0.7782	0.1966	1.4829	-1.8216
-1.4038	-0.8609	0.9619	0.6137	2.7785	0.9769	-1.5483	-3.1060	-0.7908	0.6967	-0.6054	-1.0490	2.5737	-0.9411	2.3211	1.2418	-0.1606	0.4049	-0.5800	3.3752	1.1860	1.3093	2.3520	0.4462	2.5303	0.0142	-0.6871	2.4894	0.5336	0.0612	-1.9370	4.1532	1.6072	-2.3245	0.0867	1.6028	2.2872	-0.2407	0.8337	-0.9255	1.5867	-0.1402	-1.1550	-0.3862	1.2284	-0.8949	-0.5679	0.9208	-3.2586
-2.3817	-0.6155	0.8859	-2.0068	1.4990	-1.5298	-2.5950	-3.6473	-1.6536	1.5039	0.0511	-0.8500	2.4760	-0.7240	1.8538	-0.3136	-0.7764	-0.5971	-1.7770	2.3690	0.7875	0.9182	1.8176	1.4148	1.7274	1.3991	-0.6285	1.2337	-0.8024	0.4287	-0.6898	2.7101	1.6351	-0.8177	0.1137	1.6547	0.9357	-1.1744	0.6126	-0.9501	1.3414	-1.0833	-0.9485	0.3433	0.4750	1.6602	0.6762	0.8589	-1.9539
0.0604	0.0281	2.3036	-1.8382	3.1681	-1.0248	0.2359	-3.2424	-1.4605	2.9849	2.5938	-0.5429	2.5302	0.1538	2.1714	1.1170	-0.7315	0.7696	-2.2285	0.7908	0.9083	2.1638	0.0000	0.8721	1.2421	2.6805	-1.1314	-0.4239	-0.6135	0.5721	-1.2638	0.8753	1.7491	0.6763	-1.1857	2.6698	0.1407	-0.4588	1.5694	-0.0384	1.0900	0.3523	-0.4829	0.3138	0.5588	1.7347	1.1684	1.2808	-1.3226
-0.9997	0.2509	2.7848	1.5377	1.6296	0.4634	-1.7380	-1.9667	-0.2000	2.6709	0.5295	0.5106	3.7092	-0.7465	1.6182	0.5236	0.1040	3.3961	-0.7300	0.3636	1.0692	1.2532	1.2854	2.0663	2.8192	2.0578	0.3691	0.9222	-1.3086	2.1257	-2.1514	2.1778	1.4822	-0.2656	-0.9728	1.1154	-0.8562	-1.2355	2.1057	-1.5180	1.3822	-1.3754	0.7661	-1.0737	-0.7095	0.9990	-0.4170	1.9147	0.3818
-1.7987	0.5963	1.0630	0.2706	0.4168	0.6788	-0.4533	-1.3873	-0.0330	3.0762	2.4273	0.0047	0.0014	-0.4365	0.5049	-0.5489	-2.2691	1.7967	-0.5754	0.3441	-0.8375	1.0791	0.7860	1.4891	1.5807	2.1307	1.0282	-1.0684	-1.3831	-0.2186	-1.8614	0.7648	0.4416	-0.2955	-0.5357	0.0548	1.0291	1.8783	0.1917	-1.4678	0.8303	-1.6941	1.7177	-0.0401	-0.3759	1.3421	0.3056	1.7974	1.6523
-1.3984	-0.2766	-1.3548	-0.4547	-0.3526	-0.0883	0.2005	-0.0856	-1.8135	1.4864	1.7991	-0.4104	0.0783	-0.7980	0.4254	-1.6112	-2.1655	0.5990	-0.5047	1.4246	0.5112	-0.2403	0.5121	0.2962	0.4377	1.7756	0.1804	-1.7017	-1.5682	-0.3917	-1.3921	1.6502	0.9522	-2.0571	0.0730	-1.1963	1.3020	-0.6120	-0.6775	-1.6227	-0.2781	0.0975	1.3739	-0.7308	-0.7648	-0.4952	-1.2681	1.7463	1.2487
0.6267	0.0873	-2.5163	-1.2821	0.9000	-0.7619	2.4009	-0.2955	-1.0876	1.6386	1.2355	-2.4052	-3.0915	0.5137	0.4929	-0.3211	-2.3757	0.0120	-1.0118	1.2205	-0.1906	-0.2929	0.0693	-0.9435	-0.9109	-0.2831	-1.3708	-0.6373	-0.8605	-2.2185	-0.9060	0.3968	0.3746	-1.9259	-0.2932	-1.6492	0.0890	-0.0405	-0.7967	-1.1695	-0.2359	1.2869	0.5524	-2.1388	-0.7561	-0.1744	-0.3190	0.6368	0.4102
0.8609	-0.7237	-0.3073	-1.3204	0.4739	-1.1442	1.0298	-0.9885	-0.4947	-0.8718	-2.7441	-1.7489	-1.5814	0.0756	-0.6009	-0.2320	0.2525	0.9231	-0.5970	1.4409	1.6267	-0.4933	0.1568	-0.0563	0.4855	-1.4997	-0.4179	-0.6875	-1.1756	0.2365	-1.1625	0.4193	-0.1641	-2.9189	-0.8223	0.1692	-2.1658	-0.9940	-0.8971	-1.5478	0.5313	2.0487	-0.2290	-2.6719	0.2105	-0.4552	0.0505	-0.6782	-1.7114
0.1499	-0.3275	-0.7774	0.2055	0.7951	0.0407	1.5268	-0.4521	1.0857	1.2586	-2.2180	-0.8918	-1.3380	-0.0936	-0.5479	-0.3760	0.0271	0.6325	-0.3879	-0.0297	-0.7627	1.0416	-1.6020	-0.1851	1.2361	-0.6181	0.4350	-1.4036	-0.9583	-1.0409	-0.4641	-0.0130	-1.1730	0.0742	-0.7178	-0.1927	-3.3902	-1.2877	-0.3705	-1.8836	0.5180	0.5011	-0.1787	-0.1711	-0.3416	1.0731	0.8673	0.3569	-0.8225
-0.6858	0.1184	-1.7168	0.3098	-1.0106	0.2270	0.0886	0.2151	0.5128	0.2357	0.0329	0.4186	-0.8527	-0.2759	-1.7654	-0.0897	0.0332	0.8411	0.3388	-0.7699	1.3483	0.3721	-1.9733	0.2891	0.0419	0.8911	1.2765	-2.0976	-0.6352	-0.1058	-0.5284	-0.3158	-0.1419	0.2140	0.8976	-0.7604	-1.7709	-0.7621	-0.8172	-1.1065	0.0266	0.9521	0.6353	0.3887	-0.1390	0.6161	-0.2465	0.1684	0.0927
-1.5834	0.1043	-2.0278	-0.3483	-1.5492	-0.0302	0.8850	-0.2397	0.9361	1.1114	0.1642	-0.8426	-2.5076	-0.0808	-2.2987	-0.9672	-1.5899	0.2174	-0.1123	-0.4027	-0.3278	-1.2411	-1.3679	0.0974	-1.1701	0.0025	0.3513	-1.3125	-0.2617	-1.8032	0.5661	-2.6966	0.4446	-0.4055	1.6352	-2.2653	0.5452	-0.4335	-0.6058	-1.0209	-0.5996	0.1128	1.7919	0.3783	-2.5258	0.7049	0.3362	1.5756	2.7372
0.0340	-1.9842	-1.8935	0.0274	-0.0803	-1.5831	0.2249	0.7286	0.3575	-1.4065	-0.2948	1.0268	-1.7790	0.4146	-0.5413	-1.8926	-0.6823	1.6462	0.4492	0.5611	2.0498	0.7349	-0.7026	1.0013	-2.1958	0.3110	1.1775	-2.0466	-0.0705	-0.1009	0.7728	-1.2834	0.9998	-1.0227	1.7091	-2.0562	-1.2326	-1.3567	-1.9612	-1.8123	-1.8819	2.3267	0.0034	0.4517	-0.8983	-1.9296	-2.1664	0.6125	1.2485
-0.0999	-1.5463	-2.1855	1.0087	-0.7080	1.1568	-0.5555	0.8234	1.4750	-0.2031	-1.3654	0.8059	-2.0389	0.7283	-1.6490	-1.4305	-0.0957	1.3320	1.2129	-0.0570	1.1770	0.0301	-1.8018	-0.1695	-1.9673	-1.0742	0.7955	-0.6003	0.8694	-1.5733	0.9286	-1.1755	0.1593	-0.6814	0.5419	-2.1315	-1.8048	-1.5839	-1.9334	-1.0142	-1.1483	0.5515	1.0441	0.6813	-1.8199	-1.3777	-1.2630	0.8579	2.4876
0.3344	-1.4393	-3.3316	0.7445	-0.8659	0.1870	-0.9628	0.9086	0.9891	-0.3101	-0.0242	1.7902	-0.2379	0.4853	-0.8219	-1.5715	1.5540	1.6509	0.6816	0.4523	2.2317	0.4536	-2.0568	-1.4794	-1.6376	-1.1937	2.0207	-1.5359	0.4139	-0.7516	0.7142	-0.5854	0.5205	0.2066	1.3457	-1.9140	-1.3234	-1.0064	-1.3088	-0.1419	-1.8949	1.6993	0.6044	0.7442	-0.4886	-2.1038	-1.6070	0.1393	0.6578
0.4357	-0.8322	-1.4475	0.4119	0.7768	1.7434	0.9439	-0.0816	0.6248	-0.6761	-1.3376	0.4265	-1.9270	1.9648	-0.1990	-1.3040	0.4295	1.2332	1.9432	1.2979	-0.1623	0.0367	-0.0031	0.4339	-1.7559	-1.3060	1.7441	0.0242	1.2473	-1.8268	0.8875	-0.9263	-0.3988	1.4090	0.8265	-0.8423	-2.4159	-1.9724	-0.3494	0.0378	-0.5717	0.7924	0.6110	1.1461	-0.9906	0.1523	-0.5564	0.7721	1.2593
0.0208	-0.4393	-0.1321	1.5615	-0.5022	0.3918	1.5180	0.4639	0.6865	-0.5637	-0.3414	2.0455	0.5323	1.6703	-0.6452	-1.2022	1.4676	1.9333	1.3593	0.0892	1.4435	1.5884	-1.4096	0.4900	-0.2210	-1.1075	1.9348	0.0245	0.2112	0.0189	0.1229	-0.6666	-0.1840	1.1210	1.3579	0.2319	-0.8280	-1.2553	-0.6460	0.1616	0.1945	0.7261	-0.5467	1.1911	0.2212	-0.5390	-1.2520	0.4103	-1.1251
-0.2707	0.2723	-0.7928	1.0707	-1.2786	0.6026	0.1674	-0.2053	2.0550	-0.0653	0.6639	1.0842	-0.9370	2.0684	-1.1027	-0.0776	1.0400	0.9113	1.0878	0.4726	0.7535	-0.8780	-1.5718	-0.8102	-0.7973	0.1681	0.4426	0.7302	-0.7426	-1.0310	0.9286	-0.4471	1.5216	0.2506	0.2562	-0.2555	0.8910	-0.3271	-0.8657	1.1396	0.1875	-0.6590	-0.1671	0.6550	-1.0408	-0.9885	-0.3086	0.7003	-0.6567
1.0061	-0.2263	-0.6082	-0.1322	0.1170	0.4729	0.4300	0.1228	0.2070	-1.5146	0.4815	1.3661	-0.9251	1.3617	-0.3316	-0.4945	0.4265	1.2032	2.3257	1.3783	1.6283	-0.0775	-1.8733	0.0758	-1.2215	-0.4405	1.0024	-1.2214	0.5183	0.3988	1.0833	0.0054	0.3085	1.3007	1.8654	0.0207	-0.6645	-0.6565	-0.8203	0.8869	-0.7784	1.7011	-2.2682	1.5270	0.9042	-2.1792	-0.9912	0.0504	-1.5346
0.9515	0.6947	0.8110	0.3757	0.1391	0.8402	-0.9353	0.1943	1.8041	-0.3479	-1.3896	0.6403	-1.0587	0.7878	-0.8989	-0.5239	1.1083	0.2646	1.4753	0.3770	-0.0606	-0.7056	-1.2700	0.5667	-0.9401	-1.4784	-0.9740	0.6016	1.4635	-0.6775	2.3466	-0.3987	-0.8094	-0.0121	-0.5863	-1.6676	-0.3127	-0.6697	-1.1924	0.9182	0.8318	-1.6274	-0.2937	0.4501	-1.2342	-1.2764	0.4708	0.2603	-0.8450
1.0380	1.5578	0.0965	0.5398	-0.2278	-0.1490	-0.9789	0.1760	1.5448	-1.0623	-0.8304	0.7071	0.1768	0.3656	-0.2045	-0.2522	2.7320	0.4078	0.6576	0.2441	0.1815	0.2347	-2.1848	-1.5297	-0.8547	-0.9813	0.0818	-1.0464	1.2496	0.0499	1.5390	-0.2942	-0.7414	0.1399	-1.1129	-0.8384	-0.5098	1.3424	-1.2128	1.6283	0.1037	-0.4291	-0.4136	0.1185	0.3756	-0.9732	0.6947	-1.3139	-1.5926
-0.4731	1.7196	0.4005	1.6341	0.2447	0.7019	-0.4254	-0.5448	0.8560	-1.0139	-0.8321	-0.5013	-0.5188	0.7392	0.7229	0.1916	1.4472	-0.4684	1.1998	0.0852	-2.3093	-1.6506	-0.1733	-0.4929	-1.0344	-0.9593	-0.6350	0.8131	1.8668	-1.0874	1.7311	-1.2266	-1.5384	1.6490	-1.3520	-0.9130	0.4079	-0.0153	0.9148	1.2365	0.8470	-1.6546	-0.1219	0.2305	-0.7283	0.1226	1.5264	-0.6958	-0.8975
0.8006	1.8130	1.2662	0.6319	0.5062	-1.8348	0.1664	-0.5017	-1.1084	-1.0746	-0.2031	1.9081	-0.3253	0.6472	1.2582	1.2898	1.4617	-1.7835	-0.5246	-1.1072	-0.4485	0.5020	0.2200	0.5877	-0.3788	-0.7261	-0.6755	-0.9588	0.7526	0.7316	1.9750	-1.4552	-1.5166	1.9027	-1.9571	0.5574	0.8564	-0.0924	0.4907	0.1869	1.6157	-0.0778	-0.2217	0.4233	0.8726	0.5794	1.2359	-1.3017	-1.4865
-1.0757	1.8417	1.8166	0.7909	-0.6850	0.6167	-0.8494	-0.4920	-0.4083	-0.2295	-1.4013	-0.0827	0.0001	0.1380	1.0514	1.0395	0.4155	-1.8678	0.1544	-1.0832	-0.6985	-1.2500	0.2643	-0.1470	0.4520	0.9550	-2.2927	-0.1391	1.1325	0.0838	0.5924	-0.3797	-1.1126	1.1103	-1.8475	0.5453	0.6482	0.2871	0.9930	0.1806	2.2933	-1.8165	1.3556	-0.5053	-0.3913	0.4551	1.7393	-0.8551	-0.0452
-0.0030	2.6924	1.1200	0.4979	0.0332	-0.0750	0.7876	-0.0893	-0.7117	1.4078	1.0325	-0.5248	-0.3269	1.2065	2.6633	1.5353	0.7308	-2.0208	-0.7107	-1.3547	-0.7016	-0.0487	-0.2268	-0.8826	-0.2844	0.5208	-2.0600	-1.0652	1.1828	-0.5590	1.2866	-1.9939	-1.4485	2.6355	-1.3561	1.2092	1.8326	1.8530	1.3883	1.5144	1.6787	-0.2460	0.9360	0.9159	1.3860	0.7841	2.7357	-0.7113	0.1729
0.5698	2.1590	3.2193	0.7787	-0.6564	-0.0389	0.8227	-0.0215	0.3186	-0.4856	-1.0087	0.0460	1.1374	0.9401	0.3310	2.7962	1.3045	-1.9490	0.1074	-0.8124	-1.2452	-0.4222	0.9760	1.5895	0.6793	-0.3297	0.1036	1.4787	0.9720	1.2687	2.5329	-0.6173	-1.3900	2.2862	-1.1086	2.1406	1.5480	0.7338	1.8659	1.4075	1.8387	-1.0609	1.4642	0.9239	1.1334	-0.0072	2.3849	-0.0824	0.1566
2.1743	1.1421	1.3643	-0.0155	-0.4347	-0.6884	2.8500	0.3458	-0.1038	0.2082	0.5581	0.3849	0.2170	-0.3267	0.5623	1.8723	0.0916	-1.4962	-0.5333	-1.7990	0.1349	1.4343	-0.4200	1.1493	0.3613	1.0204	0.7732	-0.8233	1.1169	0.8591	1.4445	-0.5428	-1.3227	2.4200	0.3598	2.0299	1.1164	0.8622	1.5561	2.0415	1.6663	0.1186	0.5108	2.0502	1.6830	-0.0303	0.7186	0.9103	-0.4234
1.3409	0.4020	1.1632	-0.1060	-0.9783	0.1783	0.1440	-0.5216	0.7592	0.0401	0.7216	-0.9976	0.4181	-0.7128	0.4072	0.0892	0.0701	-0.1194	-0.5005	0.2211	0.1219	-0.6907	0.9869	0.0250	-0.0467	1.2021	0.6171	0.7443	-0.1454	2.6156	-0.4394	0.4289	0.7239	0.4366	-0.8810	1.4449	1.2904	1.4333	1.5921	2.3513	0.7714	-1.0471	0.5568	1.1047	-0.0475	0.7790	-0.5668	1.5575	-0.1994
2.2639	-0.0196	0.3429	-0.7666	1.2699	0.9100	2.1020	0.5390	-0.3759	2.2140	2.1640	-0.6812	-0.8307	0.0521	1.6540	-1.9938	-2.7266	-0.5205	-0.2932	1.7354	-1.0658	1.2190	1.0499	0.0417	0.1832	0.3046	1.3069	-0.1737	-0.6741	0.7916	-2.0911	-0.2141	0.3723	0.5835	0.2098	1.4433	-0.5273	1.4475	1.1240	0.6332	-1.0341	-0.1293	-0.2585	1.8369	1.1080	1.2759	-0.4832	1.8014	-0.0038
0.8415	-1.8981	0.1508	0.5492	-0.0652	-0.0713	0.2485	0.9599	-0.5633	-0.5770	0.7350	0.8292	0.2250	-0.4005	-0.0388	-1.2882	0.0215	1.6275	-0.6591	0.3259	0.7759	2.3585	1.3295	1.0450	-0.1585	-0.0308	0.4121	0.6702	-0.9065	2.4970	-1.6297	-0.1479	-0.4681	-0.8526	0.1797	1.0521	-1.2979	-0.8021	0.0149	-0.9448	-1.9795	-0.0811	-0.9636	1.3065	1.3777	0.1282	-1.8414	1.0169	0.8875
0.5671	-1.4913	-0.7105	0.9599	0.0895	0.7862	-0.1150	1.4877	-0.5314	-0.4069	0.0330	0.6048	0.0390	-1.2156	-0.0722	-1.7285	-0.9199	0.6182	-1.2734	-0.0085	0.7654	0.1753	0.3177	0.5544	-0.0502	0.5517	0.0172	-0.1297	-1.7160	1.1085	-1.3434	0.2159	0.3762	-1.3713	0.3885	1.1250	-0.9815	-0.7161	-0.4417	-0.4604	-1.7171	-0.7286	-0.4682	0.4924	0.2664	0.1411	-0.6894	0.5811	1.7491
1.3123	-1.6784	-1.3104	0.6142	0.5041	0.5788	0.5906	1.5857	-0.2746	-1.1092	1.7470	0.4522	0.4665	-1.9076	0.4968	-0.6632	0.0911	2.2811	-0.7644	-0.4432	-0.0580	0.8418	0.7280	-0.9276	0.6985	-1.0187	0.6604	-0.2309	-2.6596	1.7063	-1.5262	0.5738	-0.2166	-0.5673	0.7234	0.7403	-0.0057	-0.5457	-1.3128	0.3710	-2.3627	0.0856	-2.6161	-1.0185	0.7751	-1.2446	-1.2351	-0.1985	-1.2767
-0.1686	-1.1613	0.0514	-1.2747	0.4297	-0.3279	-0.4461	0.4116	-0.7229	-1.0366	-0.1091	-0.3911	-0.3660	-1.5662	0.2147	-0.9640	0.6709	-0.0727	-0.7855	0.6238	-0.5695	-1.1785	1.9586	0.5702	0.1288	-1.3944	-0.0602	1.5819	-1.2420	0.8206	-1.0358	1.4731	-0.2130	-1.4137	-0.1366	1.0333	-0.2498	0.6641	-0.8232	1.0996	-0.4912	-0.1392	-1.1819	-1.6537	-0.4578	0.5932	-0.3559	-0.3333	-0.7068
0.4904	-0.3905	0.0259	-0.8697	-1.0703	-0.2976	0.4123	0.7577	-0.9179	-0.1995	0.8204	-0.2698	0.4300	-2.3199	-0.4285	-1.9139	-0.4239	0.2149	-0.4730	0.3891	0.3327	-0.1877	-0.8693	-1.0119	0.3699	-0.2968	0.4172	0.3209	-1.4849	0.4254	-1.4297	1.7190	-1.0387	-0.4220	0.3629	1.3951	-1.1201	0.8548	-1.0376	0.8125	-0.7340	0.3262	-1.1146	-0.0266	0.6984	1.0910	-1.1144	-1.9410	-0.4058
-1.2156	-0.7657	-0.5361	-1.5086	-0.9410	-0.8722	-0.4912	0.0091	0.5430	-1.2554	0.9638	-0.0654	-0.1275	-0.7931	-0.0120	-1.1432	-0.4225	-1.6416	-0.0556	-0.2019	-1.8153	-1.1370	1.3496	-0.6445	-1.2694	0.4177	-0.0504	1.6357	-0.8772	0.0690	-1.4835	1.7443	-0.5017	-1.1857	-0.6706	0.0705	0.5607	-1.5649	-0.2356	1.2644	-1.9460	0.7773	-1.7341	0.0815	-0.5463	1.2549	-1.2027	-0.4985	0.8854
-0.0476	-2.0009	0.8353	-1.0524	0.0065	-1.4491	-0.3998	0.6560	-0.5595	-2.7126	0.1604	1.2694	-0.1348	-0.8041	-0.3921	-0.7882	-0.5481	-1.0586	0.7584	0.1813	-0.0384	0.2390	1.1948	0.5331	-0.0510	0.7009	0.1034	0.2377	0.5172	1.1969	-1.7569	1.5708	0.0121	-1.6238	1.4350	0.5528	-1.2188	-1.4990	-1.6164	0.5444	-3.0872	1.9050	-2.7467	-0.3924	0.4487	-0.9249	-2.4466	-1.2158	0.6546
-0.1181	-1.1287	0.2682	-0.4664	0.4888	-0.0922	-0.5946	0.7058	-0.0798	-0.5351	-0.7148	-0.3013	-0.9540	-0.5985	-1.6407	-0.2735	-0.8015	-1.1413	0.2212	-1.0912	-0.1545	-1.1642	1.6058	-0.3376	-0.6343	0.0221	-1.5954	1.5351	1.7439	-1.1506	0.2281	0.8108	0.8410	-1.2843	0.6062	-0.8559	-0.2103	-0.8745	-1.8304	0.1835	-1.0828	-0.3814	-0.1111	-1.3754	-1.1589	-0.3665	-1.3621	-0.8530	1.9729
1.0464	-1.0956	-1.0411	-0.2876	-0.3524	1.0425	-1.9503	-0.0888	-0.3816	-0.7329	1.4369	-0.5392	0.6010	0.2565	-1.6480	-0.4449	-0.3955	0.0844	1.1269	-1.9538	0.1772	-0.7472	-0.4393	-1.8635	-1.0939	-0.0015	-0.7962	-0.2963	1.5863	-0.8554	1.4443	-0.3149	1.0503	-0.2376	0.8896	-1.7721	-0.0813	-0.4956	-1.6060	0.9082	-2.1321	0.8901	-0.7710	-0.8306	-0.2262	-2.0439	-1.3076	-1.0740	0.8687
0.4405	-0.6704	0.5156	-1.5214	0.1674	-0.1029	-0.5419	-0.8542	-0.8269	-1.4126	0.2236	0.0125	-0.2268	0.3465	-1.3358	-0.6390	-1.2930	-2.4588	0.9169	-1.1276	-0.6067	-2.6536	0.5185	-0.4598	-0.6995	-0.2723	-0.4588	0.2245	1.8882	-0.9726	1.0210	-0.9485	0.0913	-0.1145	1.0868	-0.8086	0.4621	-0.6262	-0.8955	0.5111	-0.3981	0.6969	-0.3736	-0.2413	-0.2038	-0.2505	0.2388	-1.0223	0.1632
-0.3839	0.2040	0.2371	-0.1224	-0.5918	-0.9021	0.9887	-0.4314	-0.5765	-1.3541	-0.3742	-0.2201	1.0377	-0.5857	-1.0043	0.1786	-0.0746	-1.1618	-0.1427	-1.6098	-0.2643	-0.4322	-0.3379	-1.3342	-0.6858	-1.6771	-0.2050	0.3344	1.7348	1.0455	-0.2137	-0.8657	-2.0108	0.5470	0.6208	-0.1073	1.1526	0.7504	-0.5398	-0.1010	0.6912	0.7116	-0.3010	0.1831	1.3480	-0.1806	-0.1662	-2.0998	-0.3175
0.2521	1.8480	-0.7356	0.4614	-1.8831	0.4127	0.1071	-0.4571	-0.5872	-0.1346	0.1508	-3.5152	0.9679	-0.5664	0.3727	1.0514	-0.6822	-1.4999	-0.2319	-2.2050	-2.0606	-1.9260	-0.4829	-1.9289	-1.1428	0.3571	-2.3547	0.4551	0.8736	-0.6708	0.7021	-1.7705	-1.2007	0.7200	-1.7581	-1.8603	0.7795	1.5104	1.2191	0.9999	1.1946	-1.8297	0.9541	-0.0589	-0.9360	0.6606	1.3480	-1.1217	1.0859
1.5814	1.9459	0.0009	0.0450	-1.4764	-1.3536	1.2937	-0.1850	-0.8941	0.3422	-0.5287	-2.1549	0.6296	-0.0754	0.4654	1.7130	-0.0283	-1.4931	-0.6854	-2.0209	-1.1065	-0.0019	0.4248	-1.3157	-0.7901	0.1246	-0.3887	-1.2625	0.1604	0.5029	0.3578	-1.4837	-2.2061	0.6276	-1.2443	-0.7002	0.5086	1.6692	0.5856	-0.0756	1.0275	-0.8332	0.2756	0.1862	0.5963	0.2929	2.1018	-1.8026	1.0798
1.2246	2.2721	2.0524	-1.0144	-0.8943	-0.6401	1.1717	-0.8989	-0.9020	-0.1142	-1.9746	-1.9266	0.0214	-0.9253	-0.4529	2.2156	-0.2861	-2.0120	0.4948	-0.5751	-0.9488	-0.6169	0.5225	0.0798	0.6701	0.5371	0.9335	1.0026	-0.1583	-0.0459	-0.4274	-0.0446	-1.2942	0.0379	-1.3051	-0.0129	0.6869	0.9212	1.1214	-0.9874	1.7190	-2.0836	1.6192	0.3485	-0.2781	0.9901	2.6042	-0.0692	2.4012
1.4418	1.1673	0.4668	-0.2442	-0.4639	-1.1380	2.9461	-0.0108	-1.0290	-0.2371	0.1349	-0.5564	0.5486	-0.8378	0.4809	1.7089	0.1133	-0.9003	-0.2343	-0.8008	0.1434	1.9374	-0.3797	-0.2016	0.7214	1.1490	1.1983	-0.7531	-0.2075	0.5935	-0.5645	-0.2087	-1.3953	-0.6017	-0.4143	0.1779	1.2059	1.5069	1.1977	-1.4387	1.3254	-1.0748	1.7567	0.1622	0.8100	0.1651	0.4925	0.4079	1.3112
-0.2302	-0.1369	-1.2649	-0.6838	-1.1334	-0.0031	-0.5176	0.1476	-0.6174	0.2312	1.0632	-1.8373	-0.3864	-0.7296	-1.3715	0.6409	-0.1721	-0.5598	-1.1927	-0.2927	-1.0660	-1.2407	0.5582	0.1020	0.3904	0.9081	-0.8756	0.0925	-0.5765	-1.0861	-0.4560	-0.6817	1.1886	-0.7835	-0.9444	-1.1907	2.1534	0.9969	1.8849	-0.7325	0.0286	-1.2243	2.7269	-1.1070	-1.5571	-0.1464	-0.2319	1.2177	1.4708
0.1142	-1.3853	-0.8521	-1.1462	-0.0418	-0.1218	-0.9317	0.3648	-0.6443	1.7494	0.5013	-1.5662	-1.2327	-1.0245	-0.8273	-0.1139	-1.2450	-1.2913	-0.9701	0.0204	-1.5213	-0.3035	0.0986	0.4065	0.8471	-0.2809	-0.6000	-0.3869	-0.6339	-2.1746	-0.6657	-0.4515	-0.5583	0.1971	0.2169	-1.0361	-0.2685	0.0410	0.4630	-1.3615	-1.1504	-0.7046	2.3528	-1.5867	-2.1820	-0.1209	0.2965	1.0853	1.7038
-0.4832	-1.9495	-0.4028	-0.8301	0.4904	-0.3911	-0.9529	-0.0985	-0.4836	-0.3017	-1.1110	-0.7868	-0.3395	-0.2599	0.0810	-0.7337	-0.8743	0.4142	-0.1081	1.4184	1.0965	0.4921	1.3461	1.1466	0.0072	-0.4481	0.4575	-0.2248	0.0414	-0.9383	-0.8668	1.4185	0.3391	-1.2877	-0.1598	-0.8450	-1.4419	-1.4712	-0.7586	-2.4337	-1.1083	1.3423	1.5515	-1.6126	-0.4144	-1.3400	-1.6250	0.4401	0.2399
-1.9501	-0.8601	0.0554	0.3969	-1.1065	1.7811	-1.4712	-0.2469	0.7837	0.8527	-1.5218	-0.3067	-0.5895	-0.2749	-0.9661	0.6684	-1.0698	0.9231	-0.6194	1.8130	-0.4066	-0.1742	-1.4028	0.0408	1.6372	-1.2691	0.4423	1.6017	0.3389	-2.0724	-0.0724	1.1576	-0.2562	-1.6567	-0.9219	-0.7230	-1.0341	-1.0245	-1.3095	-1.3157	-0.7354	-0.7535	0.2151	0.9193	-0.8527	-0.4153	-0.7517	0.3103	-0.8507
-0.4210	-1.6653	-0.0761	-0.2158	0.1340	0.4386	-0.8617	-0.5775	-0.2109	0.1918	0.1625	-0.0438	0.5844	0.7910	0.2951	0.0700	0.7723	1.1198	-0.6717	0.2833	0.5409	0.4604	-0.3634	-0.9665	0.7435	-0.8278	0.2599	-0.3632	0.6045	-0.1135	0.6853	0.2864	0.1841	0.1459	0.6641	-0.2687	-1.3901	-0.6987	-0.6548	0.5025	-1.0627	1.0450	-2.3334	0.8880	0.9283	-0.7664	-1.8084	0.4232	-2.3414
-0.6228	-1.4598	0.7780	-0.0353	1.6933	0.7238	-0.5836	-0.5036	0.0895	-0.4294	-1.4666	-0.0114	0.2854	1.4092	0.0843	-0.3239	0.3732	-0.3020	0.7115	0.8029	-0.3190	-1.1407	1.1122	0.8445	0.2406	-1.3455	-0.0360	0.2202	0.7303	-0.4194	0.3405	0.2498	0.9300	-0.2450	0.2602	0.1556	-1.4504	-1.2848	0.0080	0.5047	0.0176	0.5293	-1.2779	-0.6481	0.0046	0.2582	-0.5791	0.6142	-1.2387
-1.3615	0.0520	-0.3141	1.6181	0.3620	-0.0983	-0.5359	-0.0063	0.0522	0.2492	-0.5834	1.3155	1.7968	-0.5204	-0.2061	0.1025	0.7002	0.3792	-0.4394	-1.1312	0.3873	0.3472	-1.2592	-0.1796	0.6115	-0.8603	-0.6868	-0.8474	0.4762	0.3017	0.4600	-0.2075	-1.0326	0.6898	-0.0184	0.3900	-0.2772	0.7085	0.1737	-0.5739	1.0609	0.0503	-0.1273	-0.4167	0.7740	0.7040	0.5243	-0.8243	-1.4421
-1.8787	1.1334	-0.4891	-0.5819	-0.6322	1.0246	-1.2351	-0.0783	-0.4775	0.7818	-0.7592	-0.3128	-0.0767	0.2116	0.2217	0.6374	0.7523	0.3337	0.3372	0.1789	-0.2237	-1.7547	-0.1812	-0.8917	-0.5437	0.2981	-1.3352	-0.2974	-1.0099	-0.4224	0.6701	1.1062	0.6390	0.5373	-0.6754	0.7050	0.9995	0.5337	0.2466	0.0238	1.3081	0.1601	0.8730	-1.3893	0.1608	0.7069	1.2516	-0.8129	-0.3942
0.4581	1.1057	0.6511	-1.3993	0.8737	-0.5221	1.2556	-0.1840	-0.3906	1.4094	-0.4135	0.2760	-0.5094	1.1321	1.8477	0.6384	0.5031	-0.1612	-0.3897	1.1025	0.2300	-0.0239	-0.3176	-0.7122	0.0503	0.0800	0.0077	-0.7242	-1.3872	-0.4863	0.6507	-0.1161	0.2250	0.6036	0.9267	1.7286	0.8006	0.5174	0.0760	-0.4286	1.3031	1.2958	-0.2844	-0.9623	1.5345	0.3307	1.7754	-0.6900	-0.2337
-1.0599	0.6996	1.8655	-0.6176	-0.2385	-0.1048	-0.3780	-0.0090	0.5391	-0.1559	-1.1515	0.5938	-0.3444	1.3837	0.4444	1.7875	0.6449	0.2171	0.3595	1.0496	0.4673	-0.6527	1.0849	1.6780	0.6700	0.7629	0.8585	1.3874	-1.4283	1.3017	-0.1452	-0.0251	0.7633	-0.2670	0.2009	1.4106	0.9644	-0.1374	0.4279	-1.6921	1.3919	-0.1761	0.3791	-0.6709	0.8089	0.3149	0.8497	0.2266	-0.1265
-0.8318	0.9538	-1.1083	0.5197	1.0363	-0.2009	1.0299	0.2419	0.5484	0.8787	1.0275	0.5233	-0.4097	1.0325	0.5547	0.1564	-0.1059	0.5498	-0.2708	0.4840	0.7445	0.8711	-0.7303	1.1751	0.5166	1.9063	-0.5569	-0.5287	-0.6379	-0.3083	-0.0487	-0.6234	0.6856	0.3291	1.2705	0.1657	0.1156	0.6167	1.1660	-0.3100	1.1624	-0.3583	0.5261	0.8978	0.1943	0.8510	1.4788	1.0195	-0.0625
-1.0682	-0.1430	-0.9686	0.4556	0.1273	-0.1299	-1.4985	0.1457	1.1964	0.1332	0.1412	0.4625	-0.7873	0.6896	-0.2175	-0.4653	-0.6670	0.1406	1.0346	0.4321	0.1737	-0.2598	0.8222	1.5573	-0.1779	1.8096	0.3588	1.0444	0.1185	0.0955	-0.1658	0.4998	2.1244	0.1488	1.0948	-0.6525	-1.0953	-0.8075	0.9905	-0.7150	0.1592	-1.2520	0.8958	1.1011	-1.0992	0.1030	-0.1737	1.8422	0.6898
0.9361	-0.3033	-0.9920	1.4821	0.7443	0.0156	-1.3503	0.0493	1.2347	0.9208	1.2368	2.3445	0.6798	0.5965	-0.1393	-0.3842	0.5450	1.6161	0.9944	0.1407	1.1399	2.2660	-1.1326	-0.0128	-0.6908	-0.4684	1.2888	-1.0440	-0.2193	0.6182	0.1095	-0.1630	2.2584	0.1776	0.7177	-0.2667	0.2806	0.2212	-0.2819	0.7800	-1.0645	0.5913	-0.1821	0.5343	-0.6671	-0.8557	-1.4531	0.5571	-0.2717
-0.7942	-0.1507	-0.4856	2.5196	1.8931	0.2636	0.4304	0.3955	2.5068	0.8341	1.2036	3.6168	1.5001	0.1989	0.0611	-2.0243	0.9710	4.3474	0.5603	0.7352	1.9568	3.4093	-2.1059	0.4505	1.1779	-0.7494	0.5402	-1.3669	0.4679	0.6277	-0.5287	-0.5703	1.5288	-0.7160	-0.0072	-0.7161	0.0902	-0.4615	-0.3192	1.3272	-0.6904	1.6102	-1.9633	0.8724	0.1548	-0.3852	-0.7152	-0.2930	-2.2142