IC05	IC08	IC09	IC15	IC16	IC17	IC18	IC19	IC20	IC23	IC24	IC26	IC27	IC29	IC31	IC33	IC36	IC37	IC38	IC41	IC42	IC43	IC44	IC45	IC46	IC47	IC48	IC49	IC50	IC51	IC54	IC56	IC58	IC60	IC62	IC63	IC64	IC65	IC66	IC67	IC68	IC69	IC71	IC72	IC73	IC74	IC75	IC76	IC77
-0.1670	0.6124	-0.6083	-1.0672	-1.1235	0.8430	-1.8119	0.0160	0.1831	-1.2771	-1.0719	-1.6957	-0.5630	-0.0199	-0.4364	-0.2797	1.6073	-1.0639	0.2233	-0.3534	-0.0454	0.7498	0.3840	1.2897	-1.3234	-0.2419	-0.6714	-1.5178	0.9197	0.9137	1.4797	1.0294	0.2280	-2.0576	-0.2498	-0.6925	1.5631	-0.2664	0.5317	-0.5757	0.3645	0.2965	-1.4191	-0.8459	-1.3230	-0.3217	-0.4100	-0.3848	-1.3361
-0.2452	1.1268	-0.6761	-0.8389	0.2609	-0.6795	0.1613	0.3218	0.3841	-0.5739	-0.5347	0.0077	-0.4033	0.4116	0.5122	-0.2619	0.5427	0.3307	-0.0032	-0.5334	-0.7463	0.5150	1.2451	-0.2680	-1.5842	0.6017	-0.4128	-0.7885	-0.0938	-0.6810	0.7372	0.4309	0.3810	-0.7466	-0.8999	-0.5543	-1.0120	-1.0276	0.1849	-0.9777	-0.0135	-0.5890	-0.4255	-0.0243	-0.8997	1.0994	0.5605	-0.6506	0.5132
-0.1037	1.0189	-0.2113	0.4664	-0.3661	0.3048	0.4163	-0.1360	1.3078	-0.0194	-1.5393	-0.1168	0.8741	0.6592	-0.1085	0.7449	0.2034	0.4741	0.0007	-0.1857	-1.0742	-1.1503	0.3834	0.0585	-1.1236	-0.7885	0.1238	1.0808	-1.0282	-0.2829	0.3104	1.0691	1.4499	0.1558	-0.3195	-0.0945	-0.7021	0.0976	-1.8145	-0.6656	-0.1862	-1.1590	-0.6740	-0.6163	-0.7692	-0.5040	-0.5161	-1.3038	-0.5070
1.2879	1.8015	-0.2176	-0.2867	-0.3348	-0.0687	1.2768	-0.3385	0.5213	0.2025	0.1481	0.3905	0.8162	1.1720	0.0931	0.4341	-0.8771	0.5414	0.3308	0.6862	-0.1635	0.3911	-0.9575	0.4090	-0.4388	-1.2358	0.4487	0.5638	-0.5928	-1.0372	0.7892	-0.0639	0.3512	0.2117	0.1720	0.0496	1.0076	-0.4720	-1.4336	-0.6590	-0.1854	-0.7963	-0.2714	-0.2391	-1.6136	-0.2247	-0.8975	-2.2323	-0.1872
1.0776	0.7873	0.6125	-0.4063	-0.3375	0.0569	-1.9529	-0.4901	-0.5813	-0.8191	0.6026	-0.2097	-0.1409	0.2915	-0.6608	-0.3285	-0.2602	-0.1196	-1.1266	-0.2373	-0.4082	0.6545	-1.0673	1.3414	-0.3080	-1.1053	-0.5348	-1.1866	0.1088	-0.8695	-0.6576	-0.1265	0.1104	-0.7871	0.0217	-0.0799	1.3559	-0.2812	0.0208	0.1086	-0.2100	0.1180	-0.7244	0.3634	-0.8416	-0.2256	-0.8907	-1.1019	-0.6837
0.3370	-0.0741	-0.2557	-0.6678	-1.1858	0.5141	-1.1541	0.4237	-1.6894	-0.0540	-0.6291	-0.7395	0.1424	0.4819	-1.5115	-1.4358	0.9242	-0.6922	-0.8469	-0.4205	0.1681	1.0758	-0.8549	0.6065	-0.3308	-1.0695	-0.1449	-0.1236	0.4508	-0.0625	-1.9904	-0.6003	-1.7384	-0.3255	-0.2767	0.2079	0.7612	0.6098	0.9126	0.0854	-0.5553	0.2257	0.2414	0.6018	-0.9997	0.1371	-1.5582	0.3417	-0.1612
-0.6595	-0.9106	-0.7911	-0.6960	-2.2020	0.1765	-0.5035	0.4451	-0.3530	-1.2875	-2.5994	0.3385	0.4374	0.1618	0.0104	-0.6727	1.4688	0.1268	-0.2501	-1.2772	0.5082	0.7353	-0.4103	-0.1453	1.1992	-0.1150	-0.1068	0.3382	0.1372	-0.7044	-1.1014	-0.1041	-0.4366	-0.9679	-0.2175	-0.0429	-0.0778	0.1554	0.4280	1.6702	-0.7644	0.4557	-1.2442	0.9832	0.0991	0.3328	-0.4260	-0.0030	0.0584
-0.2453	-0.4759	-0.6776	-0.8616	-1.8002	0.5727	-0.2829	-0.3630	0.9441	-0.4992	0.2060	-0.8057	-0.4482	-0.0766	-0.4298	-0.3443	1.4095	-0.2413	0.0714	-0.0858	-0.6395	-0.9765	0.2708	-0.8110	-0.1292	0.4851	-1.2302	-0.6095	0.8201	0.1595	-0.4173	0.3748	0.7304	0.8092	-0.9658	-0.3498	-0.4157	2.1649	0.7598	1.7164	0.8340	0.9447	0.3796	0.4720	-0.3266	0.5225	0.9277	-0.1187	-0.3721
0.8490	0.0847	-0.5293	-0.3456	-0.8871	1.0114	0.2019	0.2199	1.3471	0.9371	0.7569	0.1584	0.3436	0.7262	0.5500	-0.2475	0.4000	0.2766	-0.1427	0.4883	0.0257	-1.4590	-0.0352	-0.9272	0.1001	-0.8646	-0.5656	-0.1700	1.1586	0.0767	0.7400	0.0809	1.2436	0.5915	-0.4646	-0.4763	-1.4800	2.0884	1.2328	3.0602	1.0667	0.8333	1.4989	0.9995	0.4301	1.1128	0.5025	-0.3534	0.0037
0.6873	-1.4743	0.0370	1.4267	-0.5426	0.7145	0.3153	-0.2240	-0.0703	0.0430	0.0195	-0.9658	0.4734	-0.5155	-1.8391	0.8956	-1.0249	-0.9153	0.0022	-0.5885	-0.1257	-1.7148	-2.1432	0.6206	0.0547	-1.7315	1.0666	-0.8013	0.9135	0.2794	0.1102	-0.7408	0.1118	0.4967	0.4809	-0.7169	-0.3726	-0.4142	0.4130	2.7639	-0.5581	-0.3487	0.1772	1.1015	0.8373	-0.3523	-0.2698	-0.4880	-0.3128
-0.4294	-2.1730	-0.7289	0.5672	0.0857	0.3720	1.1037	-0.5585	-0.4392	-0.8288	0.9492	-0.4628	0.5925	-1.6348	-0.9805	-0.4012	-1.8651	-1.8321	-0.1589	-0.4111	0.1845	-0.7704	-2.1457	-1.1193	-0.6544	-0.6798	-0.0324	-1.4553	1.1360	-0.1302	-0.5250	-1.1650	-1.4566	1.3576	-0.4059	-1.3601	-0.2339	0.5040	-0.0834	2.0157	-0.9618	-0.2391	0.6356	0.7019	0.1856	0.2979	-2.0247	-0.6401	-0.6484
-2.0820	-1.3138	-0.4523	-0.6242	0.6833	-1.6043	0.5545	-0.3605	0.6112	-1.7356	-2.2783	1.0897	0.4262	-1.7059	0.6340	-0.3772	-1.0422	-0.8595	-0.5547	-0.7619	0.0029	0.0181	0.2299	-2.0334	0.1041	0.8134	-0.4844	-0.6638	0.2617	-0.4604	0.9028	-0.7668	-0.0780	0.8887	-0.6341	-1.6723	-0.6726	-0.4957	-0.6037	1.1392	-2.2121	0.1681	-0.9961	0.1532	0.5703	0.9839	0.7353	-0.6757	-0.7986
-0.5190	-0.3637	1.3378	-2.2351	1.4256	-5.9939	1.1288	-0.6383	-0.3777	-1.2191	-0.1198	-0.1309	-0.4988	0.0286	-0.1840	-1.9514	1.4602	-1.2270	0.7630	0.7189	-0.4297	0.6330	0.1272	-2.2860	-1.5093	0.5608	0.9291	0.9564	0.0444	-1.5445	1.2065	-1.0342	-0.9277	1.5602	-0.4306	0.1668	-0.9805	-1.0601	-0.1664	-1.8062	-1.4644	0.3844	0.2180	0.2146	-0.0404	1.0044	1.9469	0.8601	1.5684
0.7824	-0.1249	1.8684	-0.1005	1.5745	-2.0906	-0.4708	0.2554	-0.5155	-0.5460	1.1224	0.0265	0.4921	0.3887	-0.8168	0.3686	0.8215	-1.1080	1.4264	-0.0126	-0.6108	0.3211	-0.1444	-0.3913	-1.3254	0.8178	0.1065	0.0565	0.6247	-0.0670	1.0682	-1.2323	-2.2984	2.0586	-0.0316	-0.0837	-0.2809	-0.5960	-0.6936	-2.3336	0.8496	0.5142	0.8093	-0.4152	-0.6320	0.8600	1.6104	0.9309	1.0233
0.3731	-0.2926	2.2741	0.0291	1.6363	-0.2348	0.8529	0.9837	0.7942	-0.2639	1.1737	0.3465	0.3619	0.3541	-0.1142	0.5691	-0.6584	-1.0116	0.9924	-0.8358	-0.4098	-0.5408	0.2117	0.0345	-1.1721	0.4669	-0.5944	-1.3600	1.5963	-0.0565	0.6558	0.7263	1.0771	1.5591	-1.0243	-0.7116	-0.0654	-0.8672	-0.4843	-0.5804	-0.3395	0.9972	-0.0821	0.4726	-2.9799	0.1436	0.3757	0.6417	1.1288
-0.0198	0.0985	2.1693	0.1409	-0.0527	1.1463	-0.0106	0.4084	-0.1458	0.3597	0.1564	0.2970	1.2575	-0.7785	-0.6235	1.2414	-0.9885	-1.4930	0.1364	-0.5851	-0.4834	-1.0754	0.2333	0.6021	-0.4888	-0.6360	0.8127	0.5917	0.3772	1.0028	1.6540	0.5922	1.5527	0.8939	-0.1138	-0.6144	-0.3463	-1.3917	-1.4073	-0.2357	0.1241	0.3222	-0.6011	-0.2205	-1.1634	-0.2875	-0.4393	1.1897	0.6737
-0.0148	0.9205	1.5054	-0.7804	0.4714	-0.2053	1.2404	0.5296	-0.3647	0.6862	0.6911	0.5415	-0.2386	-0.9142	-0.2706	0.4194	-0.7406	-0.6335	0.7092	1.1688	0.4809	-0.2165	-0.0668	-0.7238	-0.8488	-0.4152	0.6083	0.6397	0.4136	-0.7931	1.7359	-0.5545	-0.3620	0.5217	-0.2297	-0.1936	-0.3644	-1.8979	-2.3062	-0.4448	-0.2577	-0.5320	0.0607	-1.4325	0.2960	-0.1935	-0.4470	0.8956	1.2955
-0.8951	-0.2456	0.7386	0.4224	0.1873	1.0235	-0.2012	-0.6711	0.1754	-0.2172	-0.8444	-0.9365	0.3884	-0.6373	-0.3417	1.5325	0.5626	-0.8154	1.0690	1.5743	0.9576	0.2675	-0.8193	-0.9282	-0.3355	0.0859	0.5966	0.9417	0.2106	0.1624	0.5791	-1.0856	-0.6735	-0.6045	0.7364	0.3074	0.7431	-1.8186	-1.7084	-0.1674	-1.2921	0.7819	0.3266	-1.5760	1.9196	-1.4282	-1.6395	0.4105	-0.8761
-0.2187	-0.2822	-0.1157	-0.4486	0.4898	-0.1434	0.0974	0.2105	0.2930	0.8939	-0.2257	0.4905	0.5050	0.0646	1.1814	0.4921	0.7838	0.5068	1.1431	0.6422	0.8326	0.9168	-0.3002	-2.1121	-0.0057	1.6137	0.6929	0.4413	0.2500	-0.1830	0.6932	-1.6730	-0.3086	-0.6170	0.8510	0.2188	-1.0551	-0.0300	-0.0261	-0.2307	0.1958	0.8867	0.5943	0.0306	1.6498	-0.2725	-1.1744	0.4903	0.0094
0.0730	-0.0567	-0.5760	-0.3679	1.1498	-0.4209	-0.7198	-0.2273	0.9817	-1.3671	-1.4089	0.4927	0.6260	-0.0956	1.5218	0.3843	0.7135	1.1430	0.0079	-0.7732	0.2176	1.3051	0.3256	-0.6848	0.5244	1.7657	1.0602	-0.0267	-0.1267	-0.3334	-0.1360	-0.0257	0.1644	-0.1208	0.5504	0.5192	-1.1874	0.0229	-1.0717	-0.3607	0.0722	1.7208	-0.3801	0.9428	2.4402	1.0139	-0.2408	0.7370	-0.4158
0.2036	-0.1552	-0.5080	1.0923	2.1719	0.5233	1.7455	-0.1897	0.6815	0.6728	1.0927	0.2820	0.8472	2.1490	1.0855	-0.8981	0.8967	1.2609	0.1909	0.7706	0.4462	1.2735	0.6559	-1.3130	1.0855	1.2589	0.9674	0.2049	-0.0321	-0.1620	-0.5819	0.0426	-0.6013	0.8734	0.3818	0.9298	-0.6342	1.3493	0.3753	0.4047	0.2717	0.6370	0.8258	0.8477	1.7606	0.7655	-0.4697	1.0972	0.4660
-0.2008	0.2704	-0.6464	2.5499	1.8988	2.4927	0.3190	0.0845	0.2601	0.8058	1.0340	2.2057	1.0052	1.8381	0.9180	1.6637	-0.0062	1.3531	0.1180	0.2713	0.1041	0.9308	-0.1925	-0.7200	1.8376	0.2387	0.4617	0.5455	-0.3640	0.7790	-0.1797	0.1637	-0.1758	0.3964	0.9476	0.3160	-1.5344	1.2763	1.5555	0.1456	1.5421	0.1576	1.1341	0.4335	1.8470	0.3269	0.6513	0.4637	-0.8086
0.1992	0.2950	-1.0003	2.6968	0.9873	2.7499	0.2651	0.3539	0.2088	2.2415	1.1632	2.0727	0.9261	0.7596	0.7844	1.3017	-0.9472	-0.1865	-0.0666	0.5344	-0.7321	-0.8043	-0.0912	-0.4323	0.9712	-0.4750	-0.9987	0.2995	-0.6429	1.3360	0.1884	-0.0348	1.3395	-0.1808	-0.1546	-0.2521	0.1223	1.4262	0.9757	0.5345	1.0164	0.0041	2.0903	-0.7853	1.5533	-0.2874	0.5663	-0.0724	-0.8860
2.0799	2.0443	-0.8407	2.4375	2.2130	1.7632	0.2553	0.1193	-1.3823	1.3415	1.9688	2.4721	0.9178	-0.0231	1.3137	-0.0704	-1.1495	0.2295	0.1813	1.6081	-0.9796	-0.2423	0.3692	1.0728	0.9977	0.0473	-0.4604	0.6970	-1.8660	2.1771	-0.0856	-0.3199	-0.9311	-0.1782	-0.2929	1.0998	1.1955	0.0658	0.8584	-0.0905	0.7476	-1.2287	3.2679	-1.2257	1.5195	1.1833	1.4965	-0.2717	0.9284
1.4910	0.2888	-1.4525	-0.9198	0.8951	-1.2595	0.0387	-0.3306	0.1822	0.0499	2.5420	-0.4342	-2.1053	-2.0566	-1.2298	-1.6496	-0.3968	0.0846	-0.5203	2.6075	-1.5459	-1.8170	1.8092	3.0609	1.0076	0.6907	-0.7400	0.7976	-2.3869	0.7637	-1.3974	2.0318	0.7140	-0.3974	-0.1300	1.3357	1.2586	1.2841	0.0338	-0.6936	1.5110	-2.8962	0.0963	-1.0185	1.1434	-0.4754	0.0206	0.4253	-0.6362
-1.2431	-0.6623	-1.0020	-0.6559	-0.1469	-0.5089	-1.6102	-0.0795	-1.8684	1.4166	1.2570	-0.9679	-1.6429	-2.1370	-0.3046	-1.4879	-0.4127	0.2333	-1.9532	0.1779	-0.2940	-0.7181	0.8777	0.5127	1.2443	0.1671	-0.6042	0.9435	-1.8731	1.4703	-2.0720	0.6783	-0.8863	-0.8726	-0.2267	1.2393	0.3997	1.4557	1.5004	-1.3571	1.0878	-0.9754	0.9949	-0.7871	0.9559	-0.1312	0.0661	1.1599	0.1883
-3.5141	-1.8209	-0.4760	0.0880	-0.5331	-0.2983	-2.8200	-1.5396	0.0378	-0.1778	-0.9616	-2.6696	-1.3479	-1.8542	0.3227	-1.8891	0.5704	-0.2637	-2.0226	-0.6883	-1.0250	-1.5158	1.8467	0.8274	2.0732	0.6147	-0.6786	2.6165	-2.5485	2.7814	-2.9518	2.7313	2.3743	-2.1937	-0.7715	1.9533	1.2328	-0.0086	1.2893	-1.6005	0.7263	-0.4863	-0.3169	-0.5694	-0.0621	-1.8146	-0.6276	2.0486	-0.4591
-1.7556	0.0170	-0.7207	-0.7293	-1.4752	0.1890	-1.0645	-0.3565	0.1151	0.2506	-1.3734	-1.3164	-1.6083	-1.6412	0.6431	0.0702	0.1734	3.1899	-1.4129	-0.5629	-0.0988	0.3730	0.4791	0.3088	3.7275	1.9232	-0.6157	1.8859	-2.0706	1.9446	-2.4585	0.1870	0.6574	-2.1097	-0.4900	1.9448	0.3405	-0.0154	0.9186	-0.9725	2.0917	0.1575	-0.2434	-0.5435	1.3448	-1.6726	0.4375	1.0972	-0.9733
-0.7955	0.7104	-0.5277	-0.1624	0.9352	-0.6284	0.5658	0.0171	-1.1605	1.7213	-1.1059	0.3742	-1.5142	-1.4378	2.0172	-0.9686	0.3662	2.6342	-0.7943	-1.1923	0.4160	1.0369	1.4192	0.1929	2.4569	2.5697	0.2619	0.6462	-1.3334	1.5951	-1.4305	0.7684	1.3175	-1.4438	-1.2124	1.9891	-0.6653	0.3442	2.4150	-0.6484	0.4321	0.8190	0.1834	0.5872	1.9782	1.1115	2.4549	0.2555	0.9895
-1.2590	0.2780	-0.6132	0.9583	0.9663	0.9869	-0.4601	-0.4284	-0.4527	0.7259	-0.8310	0.8594	-1.6111	-1.2391	2.1990	-0.3007	0.8219	2.0152	-1.5946	-0.1635	0.2071	0.6885	2.1175	1.8041	1.9976	1.6455	-0.2089	0.7924	-1.6658	1.8441	-0.7134	0.9767	0.6577	-0.7760	-1.0053	1.5254	-0.5094	1.2083	2.3358	0.2975	0.4175	0.6512	0.3521	0.0986	2.0016	0.7115	2.0544	1.1531	0.4389
-1.7473	-0.1911	-1.3505	0.5380	-0.3084	1.3001	0.0598	-0.9224	-0.1047	1.7273	0.7053	-0.9880	-1.4021	-0.3584	1.1195	0.2937	0.1086	0.5227	-2.0012	0.6397	0.2623	-0.8311	1.5271	0.8722	0.3711	0.1505	0.3817	1.0365	-1.1239	2.0540	-1.0153	1.4275	1.0699	0.3574	-0.6069	1.2617	0.7127	2.3606	1.9385	0.3556	1.6230	-0.2549	0.8723	0.4971	0.9791	0.1983	0.7438	2.1935	-0.2299
0.1038	1.0120	-0.9506	0.1311	-0.0068	0.4470	0.3789	-0.3568	-0.5281	1.9341	0.9834	0.4169	0.1622	0.6453	-0.0637	0.2651	-0.1829	1.3836	-0.2200	1.3057	1.7791	0.7708	-1.1423	1.5408	-0.7451	-1.5073	1.7329	-0.2410	-0.5742	0.7886	-1.5696	0.1207	-1.7187	2.1159	0.6819	1.2397	1.0249	0.2067	0.9414	-0.4879	0.8527	-0.1311	0.6629	0.2635	0.4785	0.6090	1.2575	1.8432	0.7397
1.0810	0.5847	-0.3693	0.4630	-0.2885	-0.6895	-0.5020	-0.2098	-0.2667	0.6356	0.1435	-0.0196	-0.1219	-0.4992	-1.4098	0.2462	-0.1264	0.1143	0.0707	-0.2157	1.8938	-0.0338	-0.7857	3.0604	-0.3349	-1.9791	0.8734	-0.4273	0.1875	-0.6049	-0.7148	-0.1869	-1.4298	0.9977	0.5420	-0.2995	1.7662	-1.3001	-0.8324	-1.2368	-0.2254	0.8855	-0.6139	-0.3314	0.0861	-1.1062	0.2812	0.2872	0.2761
0.2766	-1.4782	-0.3704	0.4207	-1.1199	-0.6365	-0.0992	-0.3019	-0.7316	0.6051	0.8228	-0.5913	-0.7739	-0.4848	-1.1602	-0.3735	-1.2831	-0.7205	0.8010	-0.6403	1.4558	0.7334	-0.1296	1.2839	-0.3278	-1.0549	0.0811	0.2470	0.5338	-1.5221	-0.0955	-0.0734	-1.3593	-0.6675	-0.1478	-0.5552	0.3242	-0.8068	-1.3831	-0.9158	0.1647	0.5441	-0.1976	-0.6679	-1.5502	-2.5324	-0.3502	-0.6606	0.1549
0.4686	-1.0311	-0.7969	0.0210	-0.6965	0.7512	-0.4683	-0.2433	-0.4785	0.5241	0.3233	0.3066	-0.9877	-0.5814	-0.3136	0.9200	-1.9520	-0.3462	0.8371	-0.5302	1.3951	0.8084	0.2144	0.3375	-0.3707	0.2597	-0.7043	1.0589	0.6875	0.3276	1.1604	-0.0523	-2.0094	-1.4377	-0.3504	-0.3180	-0.5641	0.7468	-1.4681	0.8220	0.7445	-0.5616	0.0121	0.0242	-1.3579	-2.3890	0.3878	-0.3944	0.3457
0.7645	-0.3881	-0.7894	-0.3243	-0.8265	0.7876	0.6061	-1.3792	0.5954	0.3173	-0.7496	-0.3902	-0.1284	0.0805	-0.3777	2.4431	-1.5468	-0.6132	1.6990	-0.1486	0.0962	-0.7754	0.6770	0.3276	-1.1026	0.8212	-1.2269	0.7928	1.8780	1.3767	1.5264	0.5599	0.2394	-0.4950	-0.3181	-0.5230	0.6776	0.0787	-0.8044	0.3903	0.1880	-0.4659	-0.0720	1.6532	0.0200	-1.9954	0.5544	0.2877	-1.1527
0.8790	0.1254	0.1654	0.1195	-0.1404	-0.3133	0.6833	-0.4281	0.5718	0.1096	0.0719	0.5630	-0.1107	1.5083	0.1606	2.0314	-1.1284	0.7120	2.4423	-1.0250	0.5722	0.4526	0.1033	0.1501	-0.8546	0.0783	-1.2852	-0.6206	3.3302	-0.1134	1.0170	0.1933	0.4255	-0.2371	0.7558	-0.1418	-0.0881	-0.2619	-0.1055	0.3882	0.1997	-0.0783	-0.2103	1.5254	-0.4423	-0.9275	0.4045	-0.0535	-0.9519
0.1470	-0.5944	1.2408	-0.8106	-0.2053	-1.3259	0.0273	0.0520	-0.3219	-0.6100	1.0487	-0.8387	-0.6338	2.1903	-0.5003	0.4262	0.1185	0.6011	1.7775	-1.8319	1.0554	1.4205	0.2485	0.6798	-0.2429	-0.6390	-0.4187	-0.3944	3.3783	-1.3234	1.0917	0.2838	0.3089	-2.2158	1.0531	-0.0864	-1.4185	0.4854	-0.4812	0.6089	0.3602	0.2236	-0.9744	1.0836	-0.7066	-0.8718	-0.3269	0.1235	-0.9175
0.5680	-0.9514	1.8629	-1.0697	0.0729	-1.2497	2.2657	-0.0566	-0.7898	-0.0057	0.6812	-1.0244	-0.7676	2.2797	-0.6787	-0.5845	-0.9101	0.1226	0.7485	-1.6947	0.1009	0.4641	1.0045	-0.0755	-0.7075	0.7833	0.4485	-0.7710	1.8411	-1.9509	-0.6006	1.2827	1.1447	-1.2962	0.3002	0.3563	0.0016	-0.7496	-0.4828	0.6911	-1.6356	-1.1903	-1.6797	0.3786	-1.4782	-0.1240	0.0610	-0.4408	0.6417
0.4926	0.0212	1.8141	-1.4578	0.8946	-0.2135	1.5549	0.4328	0.3514	-0.9972	0.2375	-0.3195	-0.5593	1.1774	0.3492	-0.9448	0.0438	1.3633	-0.1336	-0.3942	-0.2343	0.5397	1.2884	-0.2096	0.0451	0.4600	-0.7603	-0.2691	0.1419	-1.9384	-0.4124	0.9223	-0.3852	-1.0140	-0.2878	0.7944	-0.6765	-1.3657	0.0122	0.8716	-2.5650	-0.2738	-1.6808	-1.6928	-1.5959	0.4695	-0.5056	-0.6911	1.6078
-0.7552	0.7500	0.9818	-1.9916	-0.1879	0.4580	0.0452	0.1041	0.6023	-0.6813	0.8595	-1.2101	-0.6529	-0.1746	0.2072	-0.2916	0.2104	-0.7354	-0.6912	0.4805	-0.7878	-1.5735	2.2038	-0.5615	-0.2598	0.5147	-0.5416	0.6057	-1.5426	-0.1198	-0.0183	1.8923	1.1056	-0.1994	0.2006	0.4007	-0.7204	0.7935	-1.5024	-0.0278	0.0793	-0.4816	-0.9503	-1.7224	-1.5485	0.3901	-0.1382	-0.3084	0.4782
0.5363	1.0719	1.2910	-0.2054	-0.4893	0.6430	0.9742	0.6953	-0.8710	0.6197	1.9806	-0.5619	-0.1994	1.0789	-0.0922	-0.4007	0.1010	0.6230	0.7523	1.9980	0.4657	0.8366	0.3508	-0.8701	-0.1090	0.5129	0.9011	0.6335	-0.8848	-0.6075	-0.3059	-0.9159	-0.4461	0.9794	1.2588	1.2394	-0.5904	-0.4615	-0.9635	-0.5440	-0.3787	-0.3573	0.2127	-1.2249	-1.0957	-0.7106	-1.2748	-1.2784	0.5436
-0.0033	0.2064	0.1295	1.3481	0.4430	0.7009	-1.2285	1.1890	0.2207	-0.0903	0.1111	-0.2612	0.3187	0.1095	0.5377	0.0854	0.4877	1.0798	0.2077	1.2391	1.0633	1.7792	-0.4609	0.8829	0.4921	-1.5291	0.5295	-0.7206	-1.0194	-1.3582	0.0794	-1.1386	-0.1048	-0.3328	1.6175	-0.1213	-0.6536	-1.3635	-0.2431	-0.6285	-0.9812	0.7843	-0.6998	-0.6449	-1.4447	-0.8664	-2.1824	-1.2365	-0.0506
-0.1868	0.4983	-0.8601	1.4162	-0.2668	0.8125	0.8028	0.4729	0.6513	-0.3599	-0.0265	-0.5947	0.6495	-0.4169	0.0494	0.2748	-0.0656	0.1129	-0.1978	0.6774	-0.1277	0.2279	-0.6555	0.6583	-0.0587	-1.6251	-0.0198	-0.4900	-1.5848	-1.0936	-0.4857	-0.0227	1.1619	1.0087	0.8878	-0.7954	0.2123	-1.0430	0.7798	-1.0368	0.1999	-0.7729	-0.7844	0.5710	-1.7666	0.4028	-1.6635	-2.0103	-1.0133
0.0893	1.9213	-0.5821	0.7912	0.3845	-0.8527	0.5187	0.5208	-0.5121	-0.6180	0.1522	0.9677	0.3595	-1.4893	1.0040	-0.0745	-0.9430	1.0360	-0.9740	0.0108	-0.9833	0.2550	-0.3666	-0.2519	0.7845	-0.5178	-0.6577	-0.5750	-1.4912	-0.9415	-0.3817	-0.5989	-0.3518	0.6385	0.8443	-1.1528	0.9028	-2.1029	0.4423	-0.7516	0.3113	-1.3257	-0.6013	0.7445	-0.8333	1.4962	0.1039	-2.0559	0.9392
-0.2402	1.2558	0.5269	0.8964	-0.5968	-0.3003	-1.4264	0.7677	-0.4019	-0.9620	0.0779	0.3291	-0.5165	-1.1826	0.1717	-0.3108	-0.2034	0.0607	-0.8046	-0.2453	-1.9552	-0.0613	-0.7431	-0.1589	0.4659	-0.7127	-0.6159	-1.4580	-0.6886	-1.0846	-0.4052	-0.6266	-0.6543	0.3496	1.0404	-1.3409	0.9830	-0.1023	-0.0386	-1.1094	0.4038	-0.3568	-0.6077	-0.5305	-1.6669	-0.5281	0.0865	-1.0751	0.1227
-0.3261	-0.5001	1.1400	1.2319	-1.3705	0.0244	-0.7414	1.1685	-0.6384	0.7134	0.2009	0.1257	0.5016	0.0147	0.7882	-0.7808	-0.3979	-0.3862	-0.6350	-0.3087	-1.9084	-0.6343	-0.6659	-0.5832	0.6238	-1.1761	-0.0849	-0.7478	-0.6872	-1.9468	-0.3782	-0.6258	0.7650	-0.1880	1.2119	-0.6673	-0.5293	0.8789	0.2761	-1.5626	-0.3531	0.1468	-0.4754	0.0511	-2.3763	-0.5405	-2.0512	-1.3094	0.0534
0.6021	-0.1500	1.1188	0.2701	-0.3680	-1.4296	-0.8314	1.2598	-1.3845	0.3791	0.0696	0.7648	-0.1982	-0.2711	0.6334	-0.6744	-0.4060	0.7539	-0.2351	1.6933	1.3270	0.8815	-1.4168	-0.4025	0.9416	-0.4238	0.7358	-0.5945	-0.7681	-2.6177	0.4244	-2.0528	-1.1209	-0.0378	1.8049	-1.0444	1.1623	-0.0661	-0.3816	-0.9863	-0.1908	-0.5701	-1.1774	-0.3304	-0.7631	-0.2749	-0.5942	-0.6895	1.5655
-0.1186	-0.1939	1.2620	0.4184	-1.4549	0.1320	-1.1642	1.2303	-0.3770	-1.6298	-0.6542	0.2657	-0.3481	-0.3643	-0.7907	1.1237	0.8619	-0.7641	0.5477	-0.4230	0.9191	0.3626	-0.8211	-0.3028	-0.1284	-0.1898	-0.1025	-0.5910	-0.1309	-0.7475	0.2153	-0.1995	0.3071	0.6534	1.1309	-1.2117	0.6765	-0.3368	-0.0366	-1.3511	0.8426	-0.1813	-1.1273	-0.0566	-0.1224	-0.2158	0.5249	-0.8634	-0.6779
-0.4398	1.4797	1.3839	0.0928	-1.5348	-0.3169	0.5696	1.2584	0.0095	0.2013	-0.3521	-0.0860	0.8409	1.4905	0.2431	0.6876	1.2581	-0.3459	0.6125	-1.9582	1.0431	0.3323	-0.8341	-1.0753	-0.4464	1.0265	-0.9756	-1.0126	1.0659	-0.6090	0.4562	-0.1597	0.8608	0.9142	0.5725	-0.9256	1.0081	0.1834	0.7861	-1.4280	-0.2563	-0.0491	-0.1757	0.7229	0.1803	0.1970	0.2446	-1.1209	-0.5463
-0.1231	0.1069	1.3398	0.7238	-0.7927	-0.6539	-0.5711	0.5114	0.1207	-0.7516	-1.4730	0.6558	1.1533	2.1576	0.2757	0.8854	0.4273	-0.1930	0.0190	-1.7708	1.2515	0.5322	-1.3610	-0.7468	-0.6249	0.8956	0.1880	-1.8513	0.4096	-1.3973	0.5948	-0.4246	-0.0715	0.3404	1.2972	-1.2710	1.3807	-0.3992	0.0627	-1.4759	-1.0901	-0.3075	0.1647	0.1525	0.8868	0.8900	0.6026	-1.5176	-0.3426
-0.0110	-1.1803	1.6665	1.2842	-1.1878	-0.3313	-1.4365	0.4426	0.5088	-1.8653	-1.9827	0.0337	0.9340	2.0681	-0.9160	0.9806	1.2826	-0.2996	0.1609	-1.3730	0.2591	0.4133	-1.0507	-0.1093	-0.0554	-0.0149	0.5105	-2.1352	0.4339	-2.2303	0.9271	-0.2171	0.1855	-0.2632	2.4148	-1.3537	1.0723	-1.4357	-0.9432	-1.1828	-1.6749	-0.4585	-1.7124	0.1092	0.5321	0.3923	0.3748	-0.1487	-0.1718
1.7455	0.1524	0.9894	0.8192	0.4636	-1.3524	0.9533	0.7885	0.4094	-0.3066	-0.5537	0.1551	1.8394	2.7115	-0.2877	0.0371	0.5169	-0.0685	0.4240	0.1436	0.9695	-0.2477	-1.4405	-1.9784	-0.6395	1.0608	-0.3701	-1.7818	1.4811	-1.8574	1.6954	-1.4722	0.2563	0.9018	2.0114	-0.6400	0.5823	-1.4417	-0.4499	-0.4221	-0.9780	-0.6839	-0.4509	-0.1587	-0.9422	0.1489	0.8262	0.2741	0.8298
1.6118	0.7529	-0.1259	-0.7827	0.6832	-0.1751	0.2369	0.6683	0.4464	-0.2808	-0.8629	0.9996	1.6681	1.5368	0.5227	0.4739	0.6843	0.4814	-0.1607	0.2727	0.8666	-0.0080	-0.1450	-1.1398	-0.5405	0.7095	-0.6729	-0.8232	1.5439	-0.5466	1.2356	-0.4157	-0.1652	0.4081	1.0470	0.1937	-0.3737	-0.6813	0.2664	0.6763	-0.4127	-0.0925	0.2908	-0.9841	-0.6791	0.4797	0.9258	0.7224	0.9432
0.8711	-0.0439	-1.2412	-1.0573	0.1006	0.0237	-0.3408	-0.1079	-0.4985	1.4459	-0.0799	0.3932	1.0680	1.6797	0.6462	0.6446	1.0165	-0.6729	-1.0553	-0.7786	-0.2860	-1.2781	0.1088	-0.2781	-0.5796	-0.0981	-0.5830	-0.9083	0.6719	0.6892	0.2748	0.4548	-0.6904	-0.1266	-0.3891	0.6344	-0.3756	1.2388	0.3126	0.1435	0.2336	-1.8059	0.8248	-0.1165	0.0967	1.3867	0.9705	0.9000	1.2393
1.4037	0.2447	-1.7409	-0.1227	0.7181	0.1838	0.0638	1.1851	-1.2443	-0.8372	1.2942	1.0252	-0.6351	1.6664	0.0059	0.2698	-0.1271	-1.3031	-2.7307	-0.4726	0.0990	-1.2439	-1.7804	-0.2607	-0.7603	-0.2090	-1.0416	-1.2362	1.0518	0.9923	-0.4563	-0.6755	-1.9508	-0.4614	-0.7887	0.0408	-0.2815	-0.1194	1.5164	0.8003	0.4858	-2.0396	1.8202	0.2791	0.2370	1.7609	0.8885	0.4263	0.8364
0.5828	-0.0058	-1.1028	-0.4318	-0.8474	-0.2428	0.3307	1.0977	-0.6941	-2.2261	0.1648	0.1842	-1.2141	-0.4593	-0.6590	-1.0509	-0.2221	-2.9068	-3.4220	-1.0960	-0.6701	-1.5034	-0.3078	0.2461	-0.2487	0.0138	-0.2985	0.2651	0.2445	0.3504	-0.1084	0.2862	0.5031	-1.3535	-1.3212	-0.9107	-0.4944	0.5702	1.4737	1.2118	-0.6179	-1.3150	0.0169	1.6188	1.2287	0.4390	0.0343	-0.6156	-0.5678
1.7042	0.0510	0.1603	-0.3694	-0.3677	-0.2130	1.6984	0.9451	-0.7318	1.2662	0.2684	1.2278	0.4505	-0.1147	0.1644	-1.9374	-0.2241	-2.4269	-0.8264	0.2411	-0.6650	-1.1616	0.2739	-0.0278	-0.7264	0.5969	0.5985	0.3247	-0.0967	-0.2927	0.0596	0.2846	0.5799	0.2283	-1.8384	-0.9938	-1.4008	0.3934	0.2833	1.1390	-0.9660	-0.8553	1.0165	1.1869	0.6979	1.4142	0.8558	-0.1099	0.9491
1.0808	-1.0607	0.8513	-0.4043	-0.5195	1.2713	0.0365	-0.1569	-0.1360	-0.4722	-0.9551	1.6987	1.1337	-0.7644	0.0085	-1.2485	0.1919	-0.8429	0.8948	0.9816	-0.5135	-0.4718	-0.6742	1.0980	-0.7841	-1.2101	2.1019	0.3261	0.0935	-0.5607	1.3114	-0.3200	-0.1518	0.1205	-0.9823	-0.7457	-0.6514	-1.5105	-1.4482	1.6695	-2.2158	0.6665	-0.4932	0.1429	0.7041	0.5229	-1.4918	-1.0441	0.1493
1.2489	-1.6612	0.9288	-1.6076	-0.7606	-0.1085	-1.1445	0.5324	0.4407	-0.8611	-0.8886	-0.3045	0.2435	-1.9249	-1.8235	-0.6098	0.4871	-1.5740	1.4482	1.7743	-0.7623	-1.3810	-0.3239	-0.1278	-1.4487	-0.7835	1.7304	0.4353	-0.0907	-0.3314	1.5148	-0.9630	0.2532	2.0059	-0.8242	-0.8556	0.1067	-1.4644	-2.2126	0.1350	-1.0168	0.9625	-0.8094	-0.2688	0.2301	-0.3828	-1.1165	-0.8744	-0.3178
1.4448	0.5565	0.1222	-1.2876	0.9578	0.9465	-0.0348	-0.0204	1.1096	0.4231	0.1641	2.1950	0.3999	-0.3761	0.2422	0.4456	0.2235	-1.0485	1.4782	2.1426	-0.5404	-0.4780	-0.5798	-1.8603	-1.4244	0.5370	-0.5462	0.1176	0.1933	0.4872	1.9894	-1.0842	-0.2298	1.9431	-1.8730	-0.6723	-1.4275	1.2148	-1.3830	2.3694	1.1959	0.4584	1.2859	-0.4444	-0.7538	0.1830	0.1639	-1.1461	-0.3611
-0.3354	-0.3769	0.8919	0.1151	-0.5923	1.2215	-0.4395	-1.3561	0.6748	-0.0368	-1.4616	1.1471	1.4978	0.0851	0.0444	1.2544	1.1827	-0.1893	2.2189	0.1411	-1.9266	-0.5082	-0.6329	0.2471	-0.0872	-0.4218	-0.3989	0.9455	-0.2718	0.8986	2.0677	-0.1557	0.0027	0.0391	-1.2038	-0.0060	0.3399	0.1436	-1.0758	1.6305	-0.5092	1.0082	-1.3352	-0.2822	-0.0669	-0.1929	-0.0743	0.1817	-0.3968
0.1022	-0.0728	-0.0161	0.2224	-0.3797	-0.9965	1.7795	-1.3007	-0.3152	0.7667	0.4864	0.5246	1.4142	0.9440	-0.2121	-0.4691	0.3281	-0.1007	1.7254	0.2169	-1.3200	-0.0080	-1.3749	-0.4901	-0.9409	-0.5560	0.3407	0.8603	-0.0675	0.9737	0.5954	-1.2792	-0.9718	-0.4901	-1.2741	1.4177	0.7841	-0.1798	-0.3195	1.4729	-1.0101	0.1965	-0.0946	-0.0490	-0.1004	-0.4944	-0.3530	0.9893	0.3874
-0.7362	-0.4245	-0.6640	-0.4734	-1.2073	-0.1892	-0.1287	-1.9625	0.0978	-1.3216	-0.6856	-1.2897	0.1905	-0.0737	-0.5099	0.0173	1.1732	0.1878	0.0394	-0.2622	-0.3097	0.5651	0.0591	0.7603	-0.0628	-1.2833	-0.0359	0.4396	0.1001	1.3150	-0.1185	-0.4915	-1.1809	-1.3545	-0.8121	1.7864	1.6495	0.1590	-0.0906	1.1010	-0.4722	1.7611	0.7291	-1.7211	0.5046	-0.7664	-0.2891	0.4955	-0.3381
0.5326	-0.7374	-1.2232	-0.7132	-0.3094	-0.9580	0.5451	-1.9099	0.7657	-0.5044	-0.2569	-0.1846	-0.5817	-0.6400	0.3479	0.2344	-0.2735	-0.6243	-0.1186	-0.0780	-1.6807	-1.4758	1.4538	0.3130	-0.7586	-0.9026	-0.4251	0.0616	-0.4510	0.1984	-0.1651	1.1744	0.3593	-0.7738	-1.4465	0.3774	-0.0910	0.3110	-0.4542	0.1281	0.8493	0.8753	0.5590	-1.1395	-0.3562	0.7514	1.1154	-0.7805	0.7624
0.5983	0.0606	-0.8379	0.3280	-0.1796	-0.5535	0.2154	-0.6979	1.3106	-0.1041	-1.5348	0.7913	-0.6244	-0.8021	-0.0152	0.8998	-0.6086	0.8167	1.2785	0.6689	0.3498	-0.8291	-0.4413	0.3730	-0.0149	-2.1754	0.5055	0.3907	-0.3974	-0.4737	0.2109	-0.2404	0.1252	0.2424	0.1126	-0.4596	-1.3320	-0.9224	-0.9177	1.2173	-0.3690	1.7832	0.0916	-1.1739	0.8988	0.5815	0.3398	-1.4031	0.1667
-0.6137	-0.8430	-0.2379	0.8535	-1.2787	1.0677	-0.5091	-0.7484	1.6238	-1.0028	-0.9592	-1.5684	0.0803	0.1607	-1.6028	0.3069	0.1290	0.1484	1.6344	1.0752	0.7485	-0.4046	-0.9486	-0.1270	-0.2156	-2.5264	0.1740	0.2910	1.2434	1.0078	0.3788	-0.1933	0.7000	1.0416	1.1548	-0.6747	0.2889	0.6236	-0.2968	0.9972	-0.2561	2.3079	-0.5605	-0.8207	0.4605	-1.1991	-1.9744	-0.0005	-1.5591
0.5907	0.0492	-0.8719	0.5980	-0.1768	1.0170	0.8295	-1.0393	2.4165	1.0656	-0.0095	0.4865	0.1098	1.3787	-0.7356	0.4125	-1.0991	1.1544	1.8575	1.8786	0.8142	0.6105	-0.2422	-1.2164	-1.4049	-0.0076	1.5365	-0.5288	1.2482	0.6175	0.4049	-0.4033	-0.3531	2.9688	0.7056	-0.6056	0.8611	1.7282	-0.1266	0.8952	0.2563	0.7243	0.6738	0.5425	-0.0900	0.1472	0.2032	0.5896	-0.0513
-0.0246	-1.6480	-1.0640	0.7948	-1.6291	1.2679	-1.1074	-1.3141	2.1045	0.1246	-0.7008	-0.1451	0.2806	-0.3240	-1.4870	1.4013	-0.5351	1.4092	1.9107	0.7955	1.6118	1.0090	-1.3227	0.0128	-0.2312	-2.2620	1.5620	-0.9933	1.7266	0.6930	0.5485	-1.7509	-0.3892	0.4533	0.4482	-0.7009	1.2987	1.6241	1.0081	1.6179	-0.0888	1.4350	0.9494	0.3876	1.2731	-1.2209	-0.9692	-0.1905	-1.2989
-0.7410	-2.8418	-1.3032	1.2338	-2.8595	0.8999	-0.8222	0.6331	2.0475	-0.7666	-0.4908	-1.7602	0.4352	-2.2476	-2.7010	1.7778	-1.0378	0.2769	0.7825	-0.5279	0.5196	-0.3292	-1.0835	-0.0132	-1.0283	-1.8576	1.2063	-0.9061	1.5648	1.5312	-0.7855	-2.3076	-0.2893	0.1146	0.2385	-1.5861	-0.0416	1.4964	1.1720	0.0938	-0.4920	0.9695	-0.4098	2.1149	1.0545	-0.5766	-0.9651	0.5913	-2.0653
-0.3194	-1.1917	-1.3959	-0.5652	-1.1525	-0.2085	1.3298	1.1941	2.8588	-1.1158	-1.2300	-0.0599	-0.3751	-2.0666	-1.1681	0.2476	-1.8944	0.5954	0.3100	0.3217	0.3021	-0.5231	-0.6397	-2.3207	-0.0798	0.3425	1.0708	-0.8906	0.8912	-0.0195	-1.1757	-1.8919	0.0509	0.1703	0.0782	-1.6295	-0.3501	0.9330	1.2515	0.9256	-1.7352	0.6292	-0.3684	3.2867	0.7604	0.2013	-0.8219	0.1066	-0.7132
-0.1260	-1.5467	-1.4558	-0.9690	-0.3842	-1.0789	1.4529	0.1973	2.4988	-0.6073	-1.2673	0.1047	-0.0206	-0.6648	-0.6253	-1.0610	-0.7275	-0.1344	0.4073	0.0666	0.3501	-0.3776	-0.1125	-1.9642	0.0109	0.9604	1.0559	-1.5790	0.4284	0.0010	-0.4623	-1.2918	1.2367	-0.5609	0.3696	-1.0930	-0.5295	1.1176	0.6260	1.1750	-1.7311	1.2812	-1.8834	3.4651	0.5500	0.3037	-0.8835	1.0343	-0.0512
-0.7183	-0.5656	-1.8169	-1.0226	0.3676	-1.1274	1.4099	-0.2162	1.9551	-0.3362	-0.7781	0.3061	0.6695	0.7925	-0.6718	-1.7665	-1.1058	0.1387	-0.1104	-1.0598	0.5291	0.2982	-0.1537	-0.1493	0.3550	0.0478	1.2021	-1.6266	-0.7150	0.3931	-0.6769	-0.5867	0.5380	-0.7995	0.9994	-1.1459	-2.5534	0.5809	1.1686	0.5896	-1.2894	1.7437	-1.9542	2.2372	0.7475	1.0842	0.9791	0.5840	-0.6386
-2.6790	0.7397	-1.2871	-0.2040	2.0394	0.3837	1.4430	-0.7877	1.0656	-0.6277	-0.3152	-0.1059	0.9838	0.3627	-0.8539	-2.1420	-2.1510	0.1297	-1.3778	-0.0689	-0.3862	-0.1929	1.1720	2.4591	0.4591	0.5257	2.0228	-0.7394	-0.6786	1.0334	-0.3352	0.4412	-1.4247	-0.9200	-0.2916	-1.2977	-1.8809	-1.0962	0.9904	-0.9806	-2.3138	-0.3384	0.6159	-0.5317	0.2541	2.6592	2.3560	-0.2757	0.3077
0.6545	1.6034	-1.7250	-1.8918	4.0299	-2.3634	0.9403	-1.0404	0.6376	0.2939	1.0647	0.6048	-1.5540	-1.4750	-0.2274	-3.0483	-3.3926	-2.2628	-3.9202	2.0373	-1.6368	-2.1027	2.4509	0.8866	-2.2821	2.9854	-0.4569	-1.8465	-1.0519	0.5409	-0.1385	3.1309	1.4832	1.1395	-1.4539	-2.3168	0.9670	0.1586	-0.6509	-1.1252	2.8757	-2.6509	1.5699	-0.5772	-0.5523	5.3360	1.3454	1.6476	1.7628
-2.4840	0.4133	0.7469	-0.5640	1.2006	-0.3371	-1.0386	0.4169	-3.0184	-0.3645	-2.0822	-3.5678	-0.5806	-1.2351	0.1877	-1.0704	0.8919	0.1131	-1.2767	-1.6328	0.0684	1.6559	-0.5519	-1.2222	1.0035	0.1804	0.4320	2.1658	-1.3705	-0.8777	-2.0967	-0.3708	0.1852	-1.8545	-0.0030	-0.7064	-1.2973	-2.7756	1.0027	-2.1415	1.4527	2.7296	1.2450	-1.1961	0.4428	0.9396	-1.3277	1.7914	-0.3837
-2.8206	3.4093	1.5398	0.6837	2.7629	0.5483	-0.4442	0.1720	-0.2195	0.5812	0.3027	-1.7784	-0.0933	-1.8968	2.8988	-0.7396	0.8103	-0.3159	-1.2842	0.1090	-0.1663	1.0100	2.0932	1.0638	1.3642	2.6472	0.6398	3.4592	-0.9425	0.3338	-0.6651	1.1426	-0.3259	-0.0884	0.0339	0.1867	-0.1596	0.0979	-1.0145	-0.6490	1.9849	0.9570	-1.1904	-0.7600	0.1520	0.2870	-0.1485	2.2148	0.0543
-2.1896	2.3154	1.5842	0.3195	2.7527	0.8266	-0.3556	0.1077	0.4408	3.2411	0.5688	-1.9047	0.0507	-0.4633	2.6266	-1.1494	0.6349	-0.6627	-0.2633	1.2453	0.5093	1.0813	1.4496	1.5077	0.6633	1.5795	0.6432	2.8025	-0.4992	1.7560	-1.0901	2.0452	0.9317	1.0893	-0.6338	1.2759	1.0643	1.9244	-0.8517	0.9149	2.0914	0.6485	-0.5955	-1.0271	-0.1118	-0.6893	-0.7922	2.1410	-1.3213
-1.7835	0.7141	1.1175	-0.1652	1.6339	0.7812	-2.3607	1.1585	-1.1491	1.1730	0.4203	-0.7774	0.3025	0.0824	0.5827	-0.5775	0.5287	1.3879	-0.1203	0.1011	1.0139	2.7239	0.9513	2.7174	0.9389	-1.1641	2.1622	0.4164	-1.2359	0.6386	-1.2894	0.2209	-0.9416	1.0297	0.2269	1.3278	1.3321	1.2150	0.3436	0.7092	2.5396	0.5099	0.2185	-1.2547	0.6164	-1.2813	-0.7866	2.0926	-1.0217
-1.6104	-1.2969	-0.6400	0.1394	-0.0176	0.9160	-2.2692	1.2057	-2.2785	0.1243	0.8721	-1.9757	-1.9044	0.1631	-3.0190	-0.5988	-0.7565	0.0570	-1.8722	-1.1357	-0.1160	-0.3707	-0.0354	2.2581	-0.8709	-0.5050	0.1540	-1.6667	-1.1484	0.1477	-2.3976	-0.1003	-1.0904	0.4417	-0.3577	0.4396	1.5336	0.7142	-0.8610	0.1899	2.1726	-1.7926	1.0184	-2.4316	-0.7616	-2.3821	-1.0952	1.6120	-1.5033
-1.1867	0.0441	-0.2375	-0.8232	1.7016	0.5220	-0.8701	0.4015	-1.6202	0.3522	0.6471	-1.2275	-1.6751	0.3647	-1.6201	-1.2907	-0.0977	0.5301	-1.6415	-0.8076	0.1450	0.1267	0.0591	-0.8216	-0.1728	0.1976	-1.0988	-0.5040	-0.6484	-0.8231	-2.4932	-0.3225	-2.1144	-0.0699	-0.1869	1.3122	-1.0423	-0.1725	-0.2375	0.3756	0.5925	-1.0793	0.8591	-1.1841	-1.4387	-1.3604	-1.2370	0.5194	-0.0867
-1.3450	0.2776	1.6068	-0.4701	0.9278	0.2691	-1.1970	0.0142	-0.4175	-0.5676	-1.3654	-0.4202	-0.3144	0.0816	0.8380	-0.0850	1.0661	1.3089	-0.6416	-2.0182	0.2099	1.2147	1.0510	-0.6181	1.5539	-0.3905	-1.0459	1.5355	0.1923	-0.0306	-1.5502	0.7459	-0.1274	-1.7383	-0.4043	2.3610	-1.6576	-1.0466	-0.0623	0.5346	-0.4696	0.4799	-1.0004	-0.1401	-0.7779	-1.3202	-0.7370	-0.2546	-1.4024
-0.8053	1.0282	1.4231	-0.8565	0.2999	0.1716	1.0800	-0.0630	-1.0134	1.1892	0.5432	-0.0698	-0.5050	-0.2773	1.5512	0.3364	-0.1715	0.7718	-0.7427	-2.3602	-0.9332	1.1352	1.7761	-0.0070	1.0541	0.9139	-0.5969	1.8079	-0.9554	0.9704	-2.2048	1.3071	0.3509	-1.0442	-0.9773	3.6438	-0.1152	0.8130	0.1549	-0.1402	0.0198	-1.0738	-0.4412	0.8121	-0.4006	-0.4431	-0.1062	-0.2288	-0.9598
-0.2955	1.2592	1.0277	-0.0732	1.2446	-1.4299	0.6196	0.2495	-1.4509	1.0677	1.1435	0.6447	-0.4528	-1.0915	1.8486	-0.3601	-0.2428	1.5094	-1.6652	-2.3035	-0.7542	1.5307	1.9736	1.1275	1.3214	0.9949	-0.3171	0.9277	-1.8587	0.4794	-2.1931	1.6115	0.3799	-0.8013	-1.1490	3.8972	0.8649	-1.1984	-0.1318	0.3791	-0.2168	-1.1717	-0.8744	0.1436	0.2198	1.1662	0.2314	-0.3275	0.2895
-1.4081	0.7607	1.1224	-0.3133	0.6461	-1.8302	-0.9219	0.0889	-0.7960	-0.7234	1.3250	-1.3831	-1.6671	-1.2974	0.5543	-0.3531	1.0550	0.7660	-1.6069	-2.5994	-0.6932	-0.0559	1.8296	0.2167	0.8002	-0.5965	-1.1116	0.2643	-0.3881	0.4260	-2.0060	2.9002	1.7172	-0.8113	-0.8481	2.3060	0.2930	-0.1566	-0.2243	0.2915	0.4680	0.3598	-1.8065	0.2347	-1.0140	-0.0397	0.1649	1.3547	0.0803
0.1747	1.0808	0.2085	-0.7523	0.7166	-0.4833	1.2556	0.5517	-0.8507	-0.7544	2.2889	-0.8278	-0.8722	-0.8413	0.4388	0.2617	0.2558	-0.7713	-0.2193	-0.2914	-0.9457	-1.3358	1.3321	-0.9211	0.5948	-0.2374	-1.7929	0.5211	0.8527	0.4076	-0.9100	1.3301	0.8714	0.1840	-0.4202	0.5422	0.9072	-1.1158	0.0007	-0.4011	0.6920	0.2074	0.4945	0.3461	-2.0544	0.1109	0.9486	1.3121	1.8308
1.0016	-0.2305	-0.3075	0.4399	0.1976	0.0362	-0.0439	0.7147	-0.2215	-2.0212	1.3497	1.4328	-0.4945	-0.5850	-0.0348	0.9888	0.2775	-0.7989	0.9112	-0.2443	-0.9108	-0.7864	0.6460	0.4212	1.3271	-0.0998	-1.8090	-0.1443	1.2531	-0.4323	0.8509	1.0171	0.5608	0.1246	-0.8060	-0.9652	-1.7501	-1.7357	-0.4752	-0.8944	1.0155	0.7833	1.2013	1.1575	-0.3824	0.2044	1.1109	-0.3433	1.1895
1.0537	-0.1902	-0.9427	-0.4374	-0.4729	-0.6273	0.4340	0.3062	-0.4089	-0.2095	1.1614	-0.4901	-1.1460	-0.2108	-1.3579	0.6936	0.4311	-2.5823	0.4792	0.5886	-1.7571	-2.2354	0.9936	1.0003	0.5853	1.8445	-2.2929	0.9833	-0.3264	-0.1913	1.3682	0.7582	0.9814	0.1695	-1.2726	-0.4485	-0.0352	0.4354	-1.1739	-1.5078	0.7518	-1.3069	2.3559	-0.9257	0.7650	-0.0179	1.1513	-1.3551	0.4107
0.1873	0.1817	-1.1486	-0.1153	-0.7821	0.5485	0.3125	-1.2322	-1.3530	1.3963	0.9360	-0.0842	-0.1427	-0.0227	-1.5150	0.7453	1.5657	-1.2294	1.1268	1.5542	-0.5329	0.1014	-0.8093	-0.9210	1.3287	1.3495	-2.6543	1.6458	-0.8019	-0.2566	1.7492	-1.4212	-0.1943	0.2457	-1.1235	0.5125	-0.4664	1.5054	-0.6984	-0.8750	1.5152	-1.6684	3.7830	-2.4718	2.5578	-1.7685	0.6575	-3.0195	-0.9428
-1.5164	-0.1055	-0.5433	0.9243	-0.7454	1.4198	-1.0211	-1.4894	0.1887	0.4462	-1.3391	0.3555	0.6323	-0.7752	-0.3941	2.3403	2.2697	-1.1630	1.3730	-1.2819	-0.9863	-0.5468	-0.3728	-0.4451	1.0441	0.9680	-2.6192	0.7564	-0.1272	0.7667	1.5411	0.9390	1.9200	0.4591	-0.9593	0.1811	-1.6053	0.2938	-0.3295	-0.9056	0.5610	0.4201	0.9184	0.0667	3.1908	-0.8402	1.0748	-2.1308	-2.4567
1.3453	0.7385	-0.2095	1.2567	0.8235	-0.2708	0.4751	-0.6124	-0.0909	1.1510	0.7767	0.6959	0.3125	0.2007	0.7058	1.2507	2.2636	-0.4703	1.6933	0.1465	-0.6217	-1.2808	0.4958	-1.6904	1.3604	1.5045	-2.7342	1.1268	0.6368	1.7009	1.6747	0.1279	0.7331	1.5479	-0.8096	0.9083	-0.1587	-0.3758	1.7301	-0.8603	0.1444	0.3793	2.0293	0.0465	1.9953	0.5776	1.2589	-0.6967	-0.8343
0.6831	0.2307	-0.7352	1.3400	-0.5153	1.3939	-1.5618	-0.4504	-0.4475	-0.0340	0.4645	2.7047	-0.9554	-0.1659	1.2217	2.9453	0.9661	0.2621	0.5366	-0.7259	-0.9791	-1.4965	0.5861	-0.4269	1.3402	0.9258	-1.9013	1.0621	0.0635	1.9327	2.0649	0.9107	1.0846	0.4607	-1.1291	0.5366	-0.0254	-0.2616	1.2111	0.5483	0.1961	-0.2514	2.2061	-0.1335	2.0385	0.2351	1.8254	-1.2269	-1.0211
0.0069	-0.1620	-1.2060	1.1526	-0.4567	0.3313	-1.4706	-1.0573	-3.1277	1.1427	0.4464	1.5335	-1.2040	0.1935	-0.0288	1.5452	1.0826	-0.9650	-0.2029	0.0329	-1.0588	-1.0448	-0.0756	-0.1173	-0.8023	0.7531	-1.1381	0.8064	-0.1557	0.5295	1.6305	0.1181	0.7946	0.8439	-1.5751	0.3336	1.0002	0.4280	-0.0179	-0.7919	0.0147	-1.2029	2.4025	-0.7830	0.5581	0.7954	0.9710	-1.3297	0.5639
-0.2776	-0.7894	-0.9246	1.0331	-1.2603	0.7194	-2.9240	-1.0148	-3.4368	-0.6953	-0.5734	1.4281	0.0115	0.4587	0.2421	1.5008	2.3507	0.1842	0.5328	1.1166	1.1080	1.4981	-1.9400	-1.3957	-0.0861	-0.9718	-1.2566	0.9797	0.9236	-0.6294	1.7556	-1.9295	-1.5875	0.0144	-0.5572	0.3056	-0.2016	0.3626	0.1684	0.4577	0.5946	0.5217	2.2081	-1.4941	0.8802	-1.5611	-0.8568	-1.0872	-0.5577
-0.3388	-0.6038	-0.5235	0.3713	-1.2745	0.6815	-0.3944	-0.1611	-0.5098	-1.5598	-0.9145	0.2311	1.4394	0.5961	1.1097	1.3096	1.9777	-0.1348	1.2660	-0.0974	-0.0609	0.1567	0.1132	-0.3643	-0.8492	-0.5304	-1.7609	0.0817	1.2414	0.5144	1.2449	1.2401	0.0532	0.1799	-0.2424	0.3896	-0.6143	-0.5533	-0.4345	-0.0632	-0.4599	1.3687	-0.8670	0.5928	-0.2457	0.3658	0.2155	0.4726	-0.1389
2.2721	0.3376	-0.6786	-0.4713	0.9451	-0.4272	1.4767	-0.3739	0.1579	-0.3181	1.3337	1.0950	3.0888	1.1637	1.8269	0.1300	1.1650	0.4603	1.4870	1.3941	0.0548	0.6338	0.4372	-0.5927	-0.4832	0.6980	-1.1190	0.7511	0.4043	0.7948	1.3099	0.6607	-1.5666	0.4906	0.0541	1.5858	0.5465	-0.3141	-0.5333	0.2566	-0.3808	-0.7215	-0.2789	0.6727	-0.6913	1.0423	0.6502	0.9246	1.5195
2.4233	-0.9715	-0.4140	0.3942	-0.3261	1.0816	0.3225	-0.7433	0.0450	-0.8049	1.0151	1.3955	2.8518	0.2482	1.6274	1.0061	0.2809	-0.0758	0.6192	0.7767	0.8946	0.6534	-0.0335	0.2414	-0.4298	-0.0646	-0.2298	0.8252	0.0913	0.7130	0.7084	0.9822	-1.1180	-0.2095	-0.0383	1.5793	1.0041	1.0725	-2.1346	0.3964	-0.7170	-1.0525	-0.5875	0.8054	-0.4662	-1.3536	-0.1056	-0.3001	0.1675
1.7469	-1.5307	-0.2264	0.7750	-1.3681	1.1895	0.7346	-0.9796	-0.9759	1.5411	1.3641	-0.7954	2.1228	0.5157	0.2480	-0.2340	1.1301	-0.0894	0.4561	0.7340	1.8277	1.3807	-2.4009	-0.3372	-1.3517	-0.6273	0.2631	0.4151	0.7299	0.3016	0.0265	-0.7479	-2.5921	0.2037	0.3645	0.7802	0.4279	1.6640	-1.6898	-0.8181	-0.8505	-0.9896	-0.2693	0.6938	-0.5375	-1.6556	-1.3686	0.1954	-0.0308
1.5411	0.2596	-0.2756	1.0666	-0.6197	0.0977	0.9335	-0.7403	0.6499	0.0833	-0.1501	0.4757	1.8868	1.1462	1.6734	-0.5720	0.6741	1.3198	0.3923	0.4032	1.6650	1.4149	-1.8461	-1.1854	-0.1798	-0.1594	0.4596	0.8007	0.3094	-0.7575	0.4346	0.6935	-0.4522	-0.2716	0.6576	0.0702	-1.0584	0.4546	-0.7810	-0.2919	-0.4381	0.2513	-0.2081	1.1976	-0.1986	-0.1398	0.1497	0.6103	0.3084
1.8750	0.8528	-0.1359	0.7741	0.5868	-0.5931	0.8026	-0.8913	0.3846	-0.7155	1.3581	-0.2801	-0.6504	1.5150	1.2698	-1.5908	0.9367	-0.3792	0.3172	1.2829	0.6541	0.1555	0.2145	-1.0907	-1.1559	0.7188	0.0359	1.1169	-0.0047	-0.5993	0.9184	0.6607	-0.4922	-0.0709	-0.2132	0.0187	0.4513	1.9281	0.8958	-1.4025	0.1388	0.5779	0.3635	0.8455	-2.1564	0.5217	0.3007	0.1209	0.9110
1.7106	1.5878	-0.2392	-0.0478	0.3888	0.0140	-0.0139	-1.3565	0.4539	0.8912	0.4085	1.7955	-0.1741	0.9402	1.7728	-0.9497	-1.3750	0.2730	-0.2123	1.1035	-0.4960	-0.3089	0.8261	0.9463	-1.0849	-0.0739	0.6065	0.8808	-0.7995	-0.1501	1.2847	0.7911	-0.2364	-0.0019	-0.2930	-0.5258	0.4499	0.6103	1.0783	-0.6390	-0.2718	-0.9009	-0.8008	0.6347	-1.8099	0.9348	0.4150	-1.0330	1.3712
0.9134	-1.0114	0.7763	-0.4863	-0.7039	-0.0222	-1.4844	-2.4261	-0.3922	-0.5956	0.9425	-0.8110	-0.2775	0.5645	-0.9578	-1.0992	-1.2232	-0.4349	-0.2332	0.9827	-0.4597	0.4676	-0.4666	1.4527	-1.1813	-0.2359	0.6921	-0.3817	-0.1360	-1.1238	0.5218	0.1717	-0.9045	-0.4728	0.6289	-0.4197	0.6483	0.3578	0.1995	0.0922	0.6111	-2.1668	-0.4737	0.0455	-0.8849	-1.0963	-0.7068	-0.5099	-0.3607
0.0435	-1.0755	0.9102	0.6768	-0.9751	0.4873	0.3391	-2.1555	-0.5988	0.5892	0.1941	0.1824	1.7012	1.1907	0.0165	-1.6510	-0.7357	0.2285	0.6410	0.1586	-0.0520	0.2008	0.2914	-0.1347	-0.2417	0.4677	0.9492	-0.6801	-0.4444	-1.3029	0.3003	-0.4340	-0.7456	-0.0598	1.0528	-0.2957	-0.4596	-0.5163	1.0878	0.0023	0.2171	-1.4029	-0.0693	1.4172	-0.7813	0.5647	-1.2192	0.1006	0.7009
0.9119	-0.2754	0.4820	-0.3459	0.4453	-1.0678	0.1483	-3.2181	0.4638	-0.4294	-0.6963	2.0871	1.0101	-0.3014	0.2484	-1.0914	-2.0128	0.9199	0.5409	0.3389	-0.0470	-0.0907	-0.2456	0.4353	-0.0077	0.3895	-0.1411	-2.3634	0.7490	-1.3080	0.7791	-0.0365	-1.1849	-0.6723	0.4835	-1.3708	-0.1116	-2.1437	0.3457	0.3463	-0.8196	-0.7250	-0.5674	0.6649	-0.5449	1.3690	-0.4386	-1.0568	2.1843
-2.0348	-2.0401	0.8423	-1.1343	-3.2870	-0.4806	0.8217	-0.8973	0.8843	-0.4801	-1.7332	-0.7357	-1.9163	-0.1522	0.2244	0.1995	-0.8036	1.7853	1.8549	-1.4084	0.8907	-0.0807	-3.2944	1.6491	1.1626	-4.5780	0.4443	0.5570	1.9738	-1.1402	0.2509	1.1882	0.4543	-4.1299	1.9469	0.1099	0.0994	-1.4360	2.7332	0.6131	-2.7454	2.3261	-3.3260	-1.1195	-0.8736	-1.5309	-4.9026	-0.0608	-0.2909
1.8315	0.6807	1.1505	-1.1306	1.0235	0.4794	2.7723	0.4815	0.5585	1.4900	2.4304	0.0679	-1.3841	0.1898	0.4847	-0.0060	-1.6723	0.8041	0.3993	1.1892	0.7057	-0.4075	-0.3627	0.8245	-0.4178	-0.6334	1.0108	-0.6098	0.3748	-0.3019	1.2496	-0.3412	0.9696	-0.3044	1.1496	-0.3761	-0.5995	-0.2086	1.4306	-0.2247	1.0310	-1.1829	0.5308	0.7776	-0.9367	-1.1977	0.5161	0.1475	2.5775
1.4709	-0.5326	2.0321	-1.2756	0.2941	0.0834	0.2613	0.9471	-0.2401	-0.7161	1.8740	-2.2356	-0.9389	-0.2368	-0.9310	-0.0738	-1.6716	0.0298	-0.7001	0.1914	0.9170	-0.1448	-0.3332	1.6550	-1.2063	0.5997	0.4157	-1.0902	1.5351	0.9591	-0.2150	-1.1164	1.0730	-0.7671	1.4410	-0.7275	1.4418	-0.3856	1.6340	-0.9479	-0.0983	-0.6575	-1.0856	-0.0242	-1.1285	-2.2557	0.3750	0.5491	1.0429
0.0940	-1.2632	1.8901	0.1714	-0.1833	-0.2317	1.2306	1.8724	-0.0357	1.3493	-0.2312	-1.6108	1.4745	1.1067	1.6061	0.7411	-0.6774	1.1798	-0.8056	-1.6091	0.8304	0.7768	0.7393	1.3460	-0.7756	1.4417	1.8577	0.3711	0.4460	0.6377	-1.2868	-0.7600	1.7020	-1.3876	2.2393	0.2912	-0.2269	-1.7792	1.8023	-1.3875	-1.6157	-0.4392	-1.9036	1.0183	-0.5765	-0.4505	-0.8593	1.3030	1.0338
0.4696	-0.3669	1.3024	-0.9159	0.2788	-2.4248	0.2574	3.1800	1.0141	-0.1624	-0.4309	-0.6171	-1.2679	0.2026	1.1739	1.1546	0.1158	2.9811	-0.9860	-1.1007	0.7968	1.8295	0.3828	1.2208	-0.1246	0.4823	2.0801	-1.7493	-0.5925	-2.6633	-0.3657	-0.3441	2.4794	-2.0844	2.1733	-0.2259	-1.1691	-2.4913	0.7426	-1.5241	-0.2460	-0.4724	-1.3210	0.8691	-0.0816	-0.3939	0.3963	1.2678	1.7780
-0.5351	0.1340	0.3343	-0.5549	-1.0772	0.3301	-0.2676	3.8264	0.9766	-0.3732	0.5588	-2.2131	-2.1847	-0.3283	-0.4606	0.9921	-0.1734	0.9237	-1.8259	-0.4083	0.1225	-1.2013	-0.3255	0.7595	-1.4311	0.3735	1.1142	-2.0432	-0.4625	-1.1810	-0.6327	0.2436	2.2271	-0.9345	1.8671	-1.4699	2.4999	0.1385	0.9230	-1.7253	-1.0145	-1.6331	-2.0577	0.2008	-0.8391	-0.6473	0.1365	1.3637	1.7322
0.3389	0.5799	-0.8795	0.3989	-0.0261	0.2280	0.2739	4.3890	0.3386	0.3190	0.8247	0.2292	-1.0315	0.1925	0.6889	0.3193	-1.4293	0.6657	-2.6058	0.0892	-0.1213	-1.0274	-0.6238	-0.6237	-0.5241	0.6472	1.4522	-1.3027	-1.6384	-1.5789	-0.6220	-0.4669	0.8666	-0.2036	2.2781	-1.5784	0.1978	-0.2835	0.3939	-1.5622	-0.3089	-1.6347	-0.9203	0.6435	1.0584	0.1123	0.6161	-0.2859	1.5486
0.0470	0.4909	-0.2386	1.1301	-0.2341	-1.0111	-0.6166	3.6482	0.0931	-0.1610	-1.1679	0.3571	-1.4658	-0.2497	-0.7553	0.1261	-0.5208	1.1665	-1.1146	-1.1966	1.4859	0.4202	-1.2825	0.7236	0.0761	-1.1686	1.6143	-0.9204	-0.8269	-1.9759	-0.0955	-0.7417	0.0015	-1.0823	1.6221	-1.6070	-0.2433	-1.9684	-0.3906	-2.1268	-0.7607	-0.3243	-1.5452	-0.1508	1.7391	-0.2008	0.5561	-1.5889	0.5921
0.2035	0.5191	-0.4464	0.4380	-0.6347	-1.2635	-0.2577	2.1124	0.0904	2.1032	0.4241	-0.8456	-1.2901	-0.3039	-1.2946	-0.0273	-0.4070	-0.3541	-1.0485	0.2198	1.6267	-0.4375	-1.8675	0.2098	-0.7509	0.2221	0.2798	-0.9358	-0.6300	-1.1120	-0.7778	-2.5066	-0.4739	0.1217	0.0692	-1.4997	0.9807	0.4573	-0.5328	-1.5516	0.8837	-2.0247	0.0246	-1.4063	0.8431	-0.4402	-0.2197	-1.0078	-0.1200
-1.5306	0.7706	-0.9987	0.6071	-0.1648	-0.2190	-1.0923	0.9285	-0.4531	0.9257	-0.1831	0.7585	-0.3772	-0.0854	-0.9944	-0.1434	-1.1472	-0.3473	-1.2956	0.6142	1.8992	1.0984	-1.9128	-0.5312	0.6018	-0.5555	0.9202	-1.0256	-1.0056	0.1850	-2.1141	-2.5878	-1.0907	0.2497	0.9661	-1.4305	-1.3440	1.9963	-0.0577	-0.6128	1.4561	-0.9707	0.3129	-1.3984	1.0461	-0.0978	-0.0121	-0.5830	-1.3797
-2.3188	-0.6173	-0.2597	-0.7062	-0.5996	-0.4625	-0.0086	1.6630	0.4858	-0.2579	-1.9657	-0.4500	-0.7752	-0.2963	-2.1448	0.1469	-1.0312	-0.9636	-1.1318	0.3175	1.0296	0.2720	0.4441	-0.5831	1.7116	-1.3356	1.6219	-0.9586	-0.4236	0.6474	-2.1025	-0.6756	1.2146	0.4599	0.8619	-1.5191	-0.2817	1.0659	-0.1255	-1.0986	0.4512	0.6191	-1.1288	-0.4062	0.6186	-0.1248	0.2013	0.7829	-0.9877
-1.1381	-0.7790	0.2679	-1.4574	-0.3504	-1.1468	1.2966	1.0078	1.2745	1.4855	-2.1835	0.7840	-0.4854	0.3951	-1.4447	-0.8509	-2.2801	0.1121	0.2002	1.3050	-0.5046	0.5222	0.4795	-2.1787	2.0564	0.0692	1.6467	-1.9249	-0.3401	-1.2848	-1.1598	-0.6046	1.1601	1.3485	0.1423	-1.8256	-1.3885	0.1505	-0.6179	-0.4579	0.5851	0.8523	-0.2376	0.3440	-0.5760	0.4618	0.2698	1.2620	0.1823
-0.2494	-1.0428	1.0690	-1.1715	0.7024	0.0585	0.0659	0.4652	1.6557	-0.3999	-2.4267	1.4373	-0.0271	-0.2852	-0.8152	-0.5841	-1.9123	0.4925	1.4420	0.5572	-0.3644	1.3521	0.2672	-1.0991	1.5521	0.2144	0.8561	-2.9757	1.0707	-1.1371	0.4441	-0.6676	0.2252	-0.2755	0.0130	-2.1112	0.3161	-1.2139	-1.6029	1.5132	-1.5902	1.4897	-0.9942	-0.4790	-0.8668	0.5422	0.4399	0.0863	0.2910
0.3142	-0.9975	1.8787	-1.5101	1.0698	-2.0121	0.2487	0.3799	1.7602	-1.6474	-1.6292	-0.0756	-0.7986	-0.2859	-1.9248	-1.1639	-1.3977	0.0051	1.3753	1.6605	-0.9690	0.2410	1.8394	-1.1884	0.4071	0.9159	0.9468	-2.6730	0.7151	-2.1815	0.8772	-0.5242	0.3948	0.7721	0.4648	-1.4974	1.4014	-1.5549	-1.4201	1.4252	-1.5729	0.8705	-1.7400	-1.1020	-1.1065	-0.0574	1.5517	0.5021	0.3251
-0.5191	0.3720	1.1018	-1.0843	0.7366	-0.5189	1.3113	0.8540	1.6183	0.5241	-0.3188	1.5538	0.2225	0.2494	-1.1924	-1.4089	-0.7715	1.2441	1.5879	2.7008	-0.9508	0.8230	1.0056	-1.6943	0.8790	-0.3718	0.4632	-1.8702	-0.4502	-2.0193	-0.0396	-0.0565	-0.4520	2.4280	0.8282	-0.4369	-2.0793	0.1910	-0.5628	1.1815	0.5189	1.6296	-0.2452	-1.7554	-0.9324	0.7433	1.5167	0.9529	0.5128
-1.0579	0.0569	0.8031	-0.0985	0.3753	2.2149	-0.7979	0.1881	0.8228	-0.0908	-1.1837	1.6101	0.8539	-0.7001	-0.4103	0.4445	-0.4590	1.2349	0.1938	1.1281	-0.3276	0.4108	0.5515	0.6899	2.7194	-1.5282	1.0076	-0.4020	-1.8356	-0.1926	0.2890	0.2627	-0.0538	0.4743	0.5045	0.0288	-1.4846	-0.5166	-1.2719	1.5176	-0.0729	2.8246	-0.5634	-1.2630	0.2542	0.2367	0.2119	-0.5743	-0.4803
-0.2679	0.9340	0.9335	-0.8932	1.2480	2.1486	0.3658	0.2555	-1.1375	0.9686	0.3875	-0.5531	-0.9430	-1.0952	-1.2501	0.2067	-1.4119	0.4269	-1.0631	1.4591	-0.0689	-0.2237	0.5146	0.4035	1.9224	-0.7759	0.9540	0.2559	-2.6378	1.0515	-1.3551	0.5107	-1.0570	1.2269	-0.7737	1.4497	0.1115	-0.1289	-0.7798	-0.2679	-0.2076	0.4711	0.9464	-1.5022	-0.3650	1.3689	1.1103	-1.2133	0.4227
-0.6099	1.4535	1.3020	-0.5819	0.7806	0.6817	-0.3690	1.0765	-0.7078	-0.3545	-0.3749	-0.8320	-0.7919	-0.1383	-0.1736	-0.6572	-0.0624	1.4178	-0.6326	0.6395	2.1294	1.4835	0.1143	-0.2359	2.0180	-1.1569	0.2091	0.8988	-1.6874	0.9448	-1.7705	-0.7436	-3.1425	-0.5429	-0.7764	1.8271	0.3338	-0.1565	0.7975	0.5093	0.1192	0.5471	0.6731	-1.4320	0.8475	0.4383	0.5631	-0.0885	0.1831
0.3322	0.7883	0.2675	0.2211	1.0258	-0.0568	-0.2561	0.7727	0.6302	-1.7104	0.5386	-0.6505	0.0298	-0.5307	-0.4776	-0.3326	0.4912	-0.9985	-0.6912	-0.8878	1.4734	-0.1540	0.5486	-0.3021	0.1430	0.3242	-0.0587	0.2043	-0.4189	1.4143	-0.8347	-0.1796	-0.8973	-0.4762	-1.1420	0.7756	1.7881	1.1721	0.8106	2.1721	1.5955	0.1033	0.5934	0.6020	1.4394	-0.8619	1.6297	1.2620	-1.0997
-0.0406	-0.0188	-0.5944	0.7950	0.6570	0.5988	0.4247	-1.6289	-0.1435	-0.2218	-0.1528	-0.6771	0.9774	-0.1170	-1.8433	-0.4030	0.7933	-1.8548	0.4900	-0.6854	0.4390	-0.8264	0.4227	-1.1892	-1.2671	0.0154	0.8848	0.9138	0.3729	0.7185	-0.8989	-0.7327	-0.2681	1.4448	-1.1756	1.4858	1.2223	1.0920	0.2346	1.5402	0.7109	0.0551	1.3448	0.4519	0.8968	-0.7439	-0.0224	0.2067	-1.7026
0.1125	1.6432	-1.1403	0.7859	-0.1017	0.2307	-0.6537	-1.2342	-0.4807	-0.3939	-1.4863	0.3951	1.2725	0.3154	-0.1945	-0.5715	1.0459	-0.1730	0.6006	-0.7429	0.2022	-0.3242	0.2538	-0.2509	-0.2815	-0.7530	-0.1784	1.2242	-0.2856	0.4336	-0.4639	-1.0033	-1.8394	0.2615	-0.9011	1.6103	0.3648	-0.4548	-0.2269	1.3004	0.4783	1.5595	0.8434	-0.4884	0.0068	1.2845	-0.9886	0.4794	-0.6683
-0.0544	0.6668	-0.1801	1.5424	-1.2241	1.1497	-1.0387	-2.5435	-0.0364	-1.8529	-1.1228	0.2421	1.1618	0.0189	-0.0888	0.8228	0.8744	-0.8900	0.3321	-1.3714	-0.6944	-0.8825	0.1335	0.9154	-0.1145	-0.4636	-0.1021	0.9094	-0.9619	0.2844	0.1530	0.4786	-1.0724	0.5081	-0.1582	0.9426	0.0910	-0.0361	-1.3917	1.1010	0.8633	1.8321	0.2772	-0.0658	0.7068	0.7500	-1.0639	0.5192	-1.8529
0.4867	-0.1761	0.2530	1.8094	-0.2882	-0.8286	1.1684	-1.4671	0.5917	-0.7212	-0.3033	0.3113	0.6708	0.8352	0.5066	-0.7738	0.7134	-1.2068	1.3941	-0.1258	-1.3065	-1.9179	1.0542	-1.0906	-0.9686	0.4309	-0.7565	0.7435	1.0757	0.4705	0.7987	0.9744	0.1112	2.2575	-0.8165	0.1929	0.6638	-0.1694	-0.0478	0.4557	-0.6391	0.9740	0.2048	1.2071	-1.1915	1.0238	-0.0829	-0.3215	0.1687
0.7065	-0.0143	-0.9055	1.4902	0.7936	-1.0642	1.7289	0.0398	1.1642	0.2867	-0.1155	1.6920	0.7616	0.2815	2.2277	-0.3826	-0.5577	-0.0093	0.8336	-0.2920	-0.6197	-1.2690	0.8520	-0.3564	0.0290	0.5859	-0.9964	0.8248	0.8779	0.3223	0.7395	0.7115	-0.5222	1.0029	-0.2568	-0.2802	-1.6331	0.7244	-0.0969	1.4717	-0.0148	1.1084	0.1120	1.5139	0.0606	0.7946	0.9635	-0.1144	1.0153
0.6349	-0.0797	-0.5692	1.7134	-0.3345	-0.1269	-0.3860	-1.8672	-0.0740	1.4751	0.5628	0.1584	0.1214	-0.8073	0.1981	0.7689	0.4783	-1.7137	0.1060	-0.5952	0.4131	-1.7485	0.2355	1.8254	0.6171	-0.3724	-1.1518	1.1384	1.3462	1.3464	0.3590	-0.1388	0.3971	0.2724	-0.3213	-0.6415	0.2468	1.8121	-0.6003	1.1307	0.2329	0.4148	1.2504	0.7084	1.1354	0.1712	-0.0109	-0.7676	-0.1462
-0.2163	-0.5486	-0.8337	1.7828	-0.5467	-0.8162	-0.6412	-1.6402	-0.1937	0.7246	1.3437	-0.3634	-0.1246	0.1467	-0.4071	-1.2768	1.2793	-3.1232	0.3276	-0.4711	0.0725	-1.1635	0.2665	0.9237	-1.3862	0.3862	-0.8578	0.9051	0.3116	0.7973	-0.8204	-0.3598	0.6794	0.8358	-1.0642	-0.1279	1.9944	0.8326	-0.8028	-0.1379	0.0538	-0.7968	0.4257	-0.1268	0.3136	0.6886	-0.7947	-0.6345	-0.8803
-0.7372	0.6975	-0.9944	1.3031	-0.7946	-0.0063	-0.9762	-0.0032	-0.2312	-1.7336	-0.2010	1.4334	0.2984	1.0157	0.4369	0.0332	1.2144	-0.5776	0.0983	-1.1810	0.5554	0.3350	-1.4024	0.4672	-1.9815	-0.2364	-1.1495	-0.5197	-0.0407	0.2663	-0.3887	-0.7837	-0.8681	-0.3285	-0.7140	-0.2759	0.0902	-0.9908	-1.1218	0.9497	0.9671	0.3095	0.3460	-0.9081	0.3817	0.8725	0.3776	-0.0839	-1.6885
-1.3806	0.0654	0.4801	0.9768	-1.5357	-0.0567	-0.8473	0.3559	0.3543	-2.3322	-1.6331	-0.5489	0.8490	1.4386	0.7314	0.9267	1.9608	-0.2071	0.1794	-2.2449	-0.8957	-0.3284	-0.2879	1.5189	-1.5353	-0.7992	-0.2670	-0.1462	0.3501	-0.2635	-0.3050	0.4354	0.1232	-1.0699	-0.7663	0.0870	0.8569	-1.1108	-1.3166	0.3502	-1.4656	0.9663	-1.1348	-0.1137	0.5819	0.5406	-0.5779	0.7399	-1.8116
-0.6327	0.4811	0.5381	1.3973	-0.2323	-0.4932	1.1137	-0.6401	0.4362	1.1029	-0.0643	-0.0868	1.1867	2.0418	1.3789	0.0298	1.4376	-0.4093	0.5782	-0.9584	-1.5492	-0.6113	-0.2573	-1.2663	-2.3990	0.3880	0.6025	0.6455	0.8484	-0.1847	0.6174	-0.4509	-0.2891	1.1203	-0.9796	0.5112	-0.2017	0.0680	-0.4115	0.2102	-0.3988	0.6590	-0.5728	1.7518	-0.4005	-0.1070	-0.6812	0.9562	-0.2489
0.3767	0.1767	-0.6684	0.5772	0.7173	0.9237	-0.2972	-0.5634	0.5682	0.0418	0.4791	1.9380	0.9038	0.6918	2.0947	-0.6708	0.4739	0.2772	-0.0483	-0.0012	-1.7942	-0.6874	0.4628	0.0393	-1.4141	0.3407	-0.0219	-0.2102	1.2476	0.5133	1.2917	0.3027	0.5935	0.1169	0.1971	-0.0324	-0.7191	0.8624	0.7236	1.9087	0.5923	0.0789	-0.4601	1.6210	-0.2935	0.9630	-0.2894	-0.0547	0.7004
0.3405	-0.6788	-1.3247	-0.2588	-0.5944	1.7674	-2.2745	0.2651	-0.8292	-0.2176	-0.4399	-1.4070	1.3271	-0.2683	0.1565	0.8219	-0.0246	-1.4911	-1.0446	-0.1774	-1.6869	-1.6139	0.9114	1.0126	-1.8242	-0.0420	0.6285	0.8815	0.7211	3.2534	0.8011	0.5983	2.6141	-0.4011	0.7345	0.2011	1.9287	1.6967	1.7654	0.0162	-1.7159	-0.6652	-0.8532	1.3233	-0.1348	1.7080	0.0061	0.2107	0.3009
0.5153	0.0709	-0.8713	-0.6327	-0.9704	0.7106	-0.9533	-0.1673	-0.9733	1.7373	0.3085	-1.1032	0.9708	1.2357	-0.0006	0.8828	0.0404	-0.3121	0.1374	1.1520	-0.3306	0.1372	-0.5018	-0.5349	-1.1135	0.1376	0.8839	-0.0405	0.4472	1.3212	0.5260	-0.9617	0.5263	0.6070	1.0811	1.1802	0.7290	0.4419	1.5737	-0.7473	-0.6411	-0.2208	1.2150	0.6418	-0.1900	1.1218	-0.2445	0.1261	-0.4883
-1.1676	-1.3140	-0.1901	0.4444	-1.1134	1.1933	-1.3695	-0.6028	-0.4894	-0.2220	-0.3542	0.2800	0.7698	1.7524	0.1528	0.7760	0.9062	0.5246	1.1548	-0.6758	1.2763	1.0818	-2.3642	0.1459	-0.3994	-0.5865	0.7178	-1.0345	0.4226	0.6182	1.2454	-1.1525	-0.4984	-1.6557	1.5030	0.6783	-0.6053	0.0079	0.1600	0.6024	-0.2019	-0.5076	0.9977	0.3520	-0.3708	-0.6668	-1.8011	-0.4467	-1.4577
0.8548	-0.4955	-0.1829	-0.0855	0.1023	0.0665	-0.2462	-0.2359	-0.1050	-1.2303	-1.0155	-0.2642	0.5534	0.1921	-0.6572	1.3816	-0.6328	-1.3356	-0.2203	-1.4994	-0.9194	-1.4562	-1.2252	1.3176	-1.0154	1.9006	-0.7263	-0.8898	0.6504	0.7892	0.2001	0.6544	-0.0221	-0.5071	1.7809	-1.1143	1.2276	-0.0545	-1.0173	-0.8031	-2.1566	-1.9935	-1.6544	1.1216	-0.5143	1.4259	-0.5769	-1.1268	-1.2282
1.6318	0.7882	0.4552	-0.7875	0.5568	-1.1932	1.9669	-0.4183	-0.5932	0.5735	0.7305	-0.7331	0.9701	0.1724	0.1769	-0.1936	-0.5109	-1.0262	0.3496	-0.8125	-1.7870	-1.2032	-1.2149	-1.3699	-0.5986	0.9907	-1.7365	-0.3989	2.1243	0.0898	-0.0788	-0.7850	-0.9835	0.6466	0.7901	-0.2544	0.0172	-0.2709	1.0797	0.1476	-0.8947	-1.6376	0.3636	-0.3782	-1.2117	1.0104	-0.4958	-1.0836	0.0075
0.7831	0.0324	0.2873	-0.1857	0.2397	-1.2727	0.6301	0.3485	0.0527	-1.2960	0.5239	0.9287	0.5909	-0.8861	1.9502	0.2395	-0.9738	-0.3404	0.5368	-1.3009	-2.1136	-1.1399	-0.4267	-0.9840	-0.2991	0.1105	-1.6718	-0.4925	1.3687	-0.0406	0.0674	-0.1193	-0.6398	-0.0115	0.2570	-0.3010	-1.2291	-0.4664	1.0770	1.1941	-0.3245	-1.0234	0.6921	-1.1760	-0.8626	0.6865	-0.1491	-1.1651	0.3816
-0.0407	-1.2966	-0.7692	-0.9303	-1.2017	-0.5866	-0.0524	-0.0086	0.1754	-1.5105	-0.2897	-0.2186	-0.3292	-1.7249	-0.2132	-0.2363	-0.0823	-1.4637	-0.2711	-0.2690	-2.2726	-1.6454	0.1692	0.3263	0.0583	-0.8601	-1.2602	-0.0103	0.6526	-0.2878	0.0194	0.5005	0.1455	-0.1730	-0.0168	-1.3365	-0.3039	-0.0286	-0.1715	0.3154	-1.4590	-0.8476	0.0859	-0.7739	0.0722	-0.7964	-0.5153	-0.9057	-0.4268
0.9861	-0.4213	-1.7840	0.1419	-0.5284	0.9333	0.4876	0.1673	-1.4639	1.9627	0.5226	-0.4904	0.7545	-0.5456	-1.3936	0.1432	0.2199	-0.4623	0.1791	1.6835	-0.6995	-0.1805	-0.6957	-0.0482	-0.1372	0.0192	-1.6220	-0.0129	0.3231	0.5546	0.3380	-1.4880	-0.6308	1.3386	-0.3974	-1.5495	-0.0750	-0.3269	-0.3468	-0.8891	-1.3290	-0.4921	0.9239	-1.1243	0.4123	-0.4884	0.0373	-1.1401	-0.0417
-0.8909	-0.2106	-1.0216	0.4988	-0.8093	1.1227	-0.7449	0.2046	-0.3983	0.4869	-0.2080	0.0724	0.5193	-0.7044	-0.7159	1.5830	1.2255	0.8980	0.0709	-0.5301	0.9839	1.0089	-0.8828	-0.4614	0.4501	-0.1294	-1.4344	0.2309	-0.3922	0.1058	0.7018	-0.8212	-0.4844	-0.1753	-0.8240	-0.9306	-1.2620	-0.0942	-0.7670	1.0056	-0.2384	1.1269	0.0502	-0.9974	0.9888	-1.5861	-0.4189	-1.2437	-1.9062
-0.5340	0.0950	-0.2605	1.1537	-0.6726	0.1500	0.2985	-0.1672	-0.2571	-1.0433	0.1147	-0.5117	0.4388	-0.5415	-1.2198	1.1672	0.8456	-0.3354	0.3510	-0.8797	-1.2226	-0.1003	0.2448	-0.9427	-0.0247	-0.0287	-1.2820	1.1631	0.2986	-0.1315	1.4519	0.1538	-0.1099	1.6803	-1.6546	-0.3158	0.6847	-0.4350	-0.2650	0.4006	-0.4926	-0.2257	0.3548	-0.6310	-0.1495	-0.9852	-0.7148	-1.6441	-1.9183
0.3227	0.7616	-0.8049	0.3423	0.4659	-0.8846	0.4041	0.0033	0.2135	-0.3235	1.2248	0.9211	-0.0702	-0.6374	0.2974	-0.2074	-0.7037	0.0376	-0.5571	-0.0006	-1.3696	-0.0822	0.7053	-0.2451	0.9946	-0.0495	-1.0097	0.7175	-0.4720	-1.3994	0.9537	0.8974	0.0957	1.4677	-1.1936	-0.4339	-1.4752	-0.2831	-0.5732	-0.0615	0.1648	-0.6505	0.8151	0.2234	-0.2605	-0.1357	0.8570	-0.9682	0.3160
-0.0808	-0.4226	-1.3187	-0.9998	-0.2275	-0.2042	-0.8832	-0.8214	0.1755	0.1081	0.5829	-0.9260	-1.2151	-0.8139	-0.5016	-0.6756	-0.5359	-0.5036	-0.7039	0.5359	0.8778	-0.0776	0.3026	0.8770	1.2218	-0.5910	-0.2867	0.7298	-0.1596	-0.7215	-0.5944	0.6493	0.6934	0.3216	-0.3588	-0.3741	0.7988	0.6152	-0.7783	-0.5625	0.3301	-0.3094	0.6243	-0.5552	-0.1328	-0.4599	-0.3713	-0.9389	0.4347
0.2054	-0.9834	-1.5014	-1.0592	-0.8888	0.5661	-1.2326	0.2119	-0.9714	-0.1816	1.2503	0.3911	-0.8578	-1.1545	-0.8808	0.2564	-0.8069	0.6910	-1.1280	0.2760	1.2802	1.0422	0.3457	1.0346	0.7824	-0.9583	-0.8069	-0.3121	0.3045	-0.2892	-0.6600	-0.1868	-1.0520	-0.3551	-0.7908	-0.6691	0.3296	1.0506	-0.4300	-0.1321	1.6555	0.2569	1.4455	0.2204	-0.2027	-1.2240	-0.5317	-0.5913	-0.5854
-1.0527	-1.7180	-1.0944	-1.4888	-0.3942	0.1175	-0.5493	0.0598	-1.1465	-1.3620	-0.4607	-0.7540	-0.5643	-1.6309	-1.6207	0.5722	-0.2560	0.1797	-1.1124	-0.9673	-0.8506	0.9138	0.6464	1.2288	0.2135	-0.8268	-0.4917	1.3153	-0.4484	-0.1395	-0.9330	0.9881	-0.4412	-1.3221	-1.6990	-0.2695	-1.4217	-0.0083	-0.3948	-0.9822	0.2978	0.0007	1.1806	-0.1539	-0.1607	-0.7607	-0.4774	0.4045	-1.8786
-0.9690	-0.6803	-0.8717	-3.1706	-0.3260	0.0052	-0.1820	0.4936	-0.8696	-0.6411	-0.8294	-0.9865	-0.3350	-1.8922	-1.2776	0.5138	0.2626	0.6530	-0.3747	0.2210	-0.1877	1.7278	0.7009	0.0964	1.4847	-1.1634	-0.8488	1.5705	-0.6609	-1.1496	-0.3534	0.2878	-0.7307	-1.3643	-1.3417	0.5714	-0.5254	-0.1092	-1.4212	-0.5422	0.4563	0.5907	1.0057	-1.3949	-0.0890	-2.1015	-1.1641	0.2077	-1.8891
-1.4099	-0.5326	-0.7071	-2.4529	0.3095	-0.6134	1.2309	-0.5340	0.0115	-0.0576	-1.4331	-0.6780	-0.8404	-0.9006	-0.5089	-0.8884	-0.4603	-0.5500	-0.6112	0.2075	-0.2991	0.6136	1.6689	-1.2766	1.1313	-0.0038	-0.9389	1.2807	-0.6341	-1.1472	-0.8496	1.7070	0.9698	-0.3762	-1.8274	0.6673	-0.6164	0.8620	-1.7269	-0.6670	0.9785	0.7555	0.5999	-0.7994	-0.6439	-1.6237	-0.5070	-0.0555	-1.5079
-1.3350	0.6723	-0.7152	-2.1624	1.6991	-0.4637	0.9446	0.1666	0.7657	0.4071	-0.9426	-0.4217	-1.1128	-1.2281	0.6566	-0.2499	-0.0997	0.7847	-0.3847	-0.0612	0.2244	1.2313	1.9781	-0.0785	1.8320	-0.1091	-0.8019	0.9462	-0.3478	-1.0105	-0.3311	2.8438	1.0009	-1.5998	-1.0701	0.7806	-1.7106	-0.7148	-1.9512	0.4372	1.3660	1.5194	-0.1339	-0.4855	-0.0841	-1.0208	0.4024	-0.2261	0.0927
-0.9397	1.7405	-0.4984	-2.6222	1.1682	-0.7046	0.5505	0.0082	0.9743	0.0357	-0.0216	-1.0682	-1.8127	-0.6285	0.4007	-1.0671	0.7644	0.0212	-0.1022	0.9223	-0.7908	0.5088	2.1887	-0.2412	0.1938	0.5098	-0.3758	1.1039	0.0787	0.0381	0.0797	2.6607	0.7301	-0.2061	-1.6448	1.1589	-0.7756	-0.1600	-0.4335	0.4027	1.2697	0.7460	-0.0680	0.3296	-1.2801	0.5090	0.7951	0.5762	0.7891
-0.3825	1.3687	-0.5555	-1.5329	1.2278	0.8960	0.8373	0.8514	1.8995	0.7457	0.3921	-0.3241	-1.8807	-1.2416	0.6455	0.1659	0.8491	1.1451	-0.2455	1.7802	0.2208	0.5269	1.1947	0.4102	-0.0084	0.8269	0.0928	1.1067	-0.4656	0.2297	0.4546	1.6075	0.0708	0.0789	-0.8943	1.3372	-1.0556	-0.7306	0.3377	0.5288	0.0396	0.9616	-0.3100	0.6413	0.2970	0.5232	1.1759	1.4205	1.1838
-0.0802	-0.8751	-0.6229	-0.3969	0.9447	1.7021	-0.4901	-0.6794	0.2344	1.0411	0.9773	-0.7245	-1.0427	-0.9410	-0.5793	0.4104	1.1452	-0.0699	0.2578	0.9724	1.2448	-0.0081	-0.2737	-0.3631	-1.8746	-0.3621	0.2171	0.3477	-0.2391	1.0562	1.1317	0.8043	0.8134	0.7246	-1.1868	0.5932	-0.1979	0.6272	0.9605	-0.3570	0.1672	-0.1216	0.2985	1.1472	1.4208	0.7107	0.7287	0.7455	1.2543
-0.3736	-1.2310	-0.1242	0.5063	0.4988	0.4395	-1.5634	-0.4258	0.1689	-0.4517	1.4700	0.0075	-0.9840	-0.1191	-0.6005	-0.5156	0.8531	1.1311	1.7175	1.0498	2.6440	1.0404	-1.6878	-1.0183	-1.4608	-1.5885	0.5893	0.0152	0.8361	0.1538	0.5928	-0.1024	-0.7170	0.5626	-0.8713	0.4212	-0.9493	0.3491	1.0044	-0.1925	0.9316	0.5281	-0.0728	0.3771	1.1152	-0.6557	0.1946	0.7573	1.1832
-0.2418	-0.5215	1.2137	0.0109	1.3604	-0.0395	-0.1705	-0.9550	-0.7956	-1.1549	0.6532	-0.5222	-0.0891	0.3980	-0.4667	-1.3354	0.7785	-0.4317	1.0903	-0.0164	1.0000	0.3021	-0.0446	-0.8384	-1.0758	-0.0305	0.9177	1.5016	-0.3855	0.4224	0.0107	0.0396	-1.2777	-0.8632	-1.0979	1.5766	0.8496	0.5643	0.0580	-0.9334	0.3520	-0.7046	0.0325	-1.5355	0.0578	-0.6650	-0.9878	-0.3641	0.5262
0.6647	0.3102	2.4311	-0.2992	1.4853	-1.2231	0.6726	-0.5639	-0.5389	-0.5455	0.8282	0.4835	0.1972	-0.0542	2.0579	-0.4224	1.0598	0.6243	-0.1258	-0.8359	0.2741	0.9708	0.5516	-0.6550	0.6521	1.3742	0.1945	0.6467	-1.5710	-0.5282	-0.2738	0.8721	0.1218	-1.8596	-0.7598	1.7321	-0.0000	-0.0827	-0.2778	-0.2341	0.4516	-0.1094	-0.1022	-0.3039	0.3505	-0.0184	-0.1145	-0.7339	0.7204
1.1039	-0.9546	3.0270	-0.3333	0.9689	-1.4789	0.8308	-0.9234	-0.4059	0.6520	0.6443	-0.7386	-0.3556	0.6539	1.1223	-0.6344	2.3922	-0.0584	0.2057	-0.1430	0.2610	0.5524	-0.0939	-0.3195	0.3143	1.8571	0.0146	0.2627	-1.1192	0.5375	0.1527	0.0531	0.9590	-1.7180	-0.0748	1.4082	0.4778	-0.0316	0.4475	-0.0591	-0.7419	0.3934	0.2349	0.1931	-0.4144	0.2986	-0.0336	1.3666	2.3325
1.1874	0.9310	2.3533	-0.1421	0.9356	-0.9025	1.4636	-0.3634	-0.0099	-0.4238	0.7750	0.2111	-0.4947	0.4693	0.9886	-0.7577	0.4789	0.1184	-0.6364	0.3246	0.2748	0.6816	-0.0864	0.4048	0.5547	2.5735	0.4969	-0.1456	-1.6041	1.4352	0.4973	-0.8426	0.9465	-1.3152	0.3289	0.7768	0.1256	-1.4480	1.3729	-0.5949	0.7264	-0.5964	0.3857	0.4018	0.2574	0.8734	1.4986	2.2185	3.3358
-0.3255	2.4957	1.1735	-1.3486	0.1026	-1.0056	-0.1706	-0.6747	0.5790	-1.8325	0.5403	-1.3977	-1.2732	-0.3878	-0.1843	-1.0089	0.5297	-0.5981	-1.1427	0.1156	-0.0618	0.1836	0.6417	0.1350	0.4420	1.6423	1.4978	0.1958	-1.1445	0.8225	-0.8218	0.8654	2.2244	-0.8896	0.0645	1.1492	0.1656	-0.5697	1.3919	-0.6861	1.5017	-0.2211	-0.8407	0.8577	0.7889	0.2175	1.0527	2.7989	1.5290
-0.1192	2.3737	-0.6421	-1.4827	-0.0614	-0.4378	0.6062	0.1218	0.8079	1.3245	1.6611	-0.3922	-0.7103	0.8676	0.6911	-1.3491	0.5082	-0.2568	-0.5415	0.4146	0.2967	-0.3574	-0.1650	-0.8260	0.5618	0.3166	1.2750	-0.4092	-0.6442	0.3626	-0.4918	0.8349	1.3145	-0.6272	-0.3429	0.8231	-1.6175	0.7734	1.9361	-0.2430	2.4162	0.1647	-0.0485	2.4549	0.7500	0.9671	0.4027	2.9524	2.0004
0.2333	0.6673	-0.4864	-0.2214	-0.9358	1.1799	-0.1483	-0.4298	0.6769	0.3064	-0.1068	-0.6016	-0.8578	0.8497	0.2983	-0.5931	0.7008	0.2547	-0.3333	0.2239	0.7789	0.0010	-1.9496	1.1021	0.5916	0.8004	2.0777	-0.4699	0.0896	0.4756	-0.0321	0.0075	0.4881	-0.2327	0.5443	0.1523	-0.0929	-0.5524	1.1917	0.3451	0.0132	0.8026	-0.5228	2.3397	1.2399	0.4237	-1.1805	2.1609	0.4587
0.4061	-1.7257	-0.3174	0.1569	-0.3007	0.9292	0.4897	-0.8370	0.3779	1.6395	0.4602	-1.3812	-0.6079	1.4041	-0.6939	-1.8233	0.6469	0.5089	0.3075	0.4502	0.5254	0.2414	-1.3644	-0.4068	-0.6375	0.9330	1.4930	-0.1664	0.9919	0.1549	0.0252	0.2686	0.9499	0.6237	0.1519	-0.1469	-0.2226	1.0124	1.4988	-0.3838	-1.1266	0.1578	-1.0815	1.6034	0.2950	0.1022	-2.3385	0.5755	0.3282
-0.1415	-0.6880	0.3514	1.1320	0.2137	2.0285	-0.5801	0.4130	0.4682	0.1667	-0.3811	-0.7697	-0.2013	1.5907	0.1683	-0.3795	0.8588	1.9881	0.5053	-0.4076	2.0805	2.0329	-0.6696	-0.8945	-0.8534	0.0437	1.2541	0.1364	1.0161	1.1659	0.9428	-0.1960	0.3455	-0.5467	0.8611	0.0757	-2.0823	0.5264	1.9908	0.4102	0.2169	0.1129	-0.9095	0.7366	0.5356	-0.4389	-0.5035	0.6907	-0.2307
0.3597	0.0821	0.9533	1.3392	0.1991	0.2985	-0.4012	-0.7960	0.4571	-0.7920	-0.8407	-0.2494	0.1619	2.4549	0.9125	-0.1106	0.2020	1.1169	-0.1737	-1.1223	0.8696	0.8921	0.9481	-0.3535	-1.1355	0.4700	1.2967	-0.7859	1.5985	0.0297	0.4938	0.8447	0.6992	0.4152	0.9640	-0.1673	0.4372	-0.0759	0.9851	-0.6020	0.0150	0.4612	-1.2301	1.7073	-0.0835	1.4662	0.2109	0.4221	0.5176
1.3179	1.1512	0.2212	0.3661	0.9956	-0.3903	0.8902	-0.3666	0.1355	2.3789	1.2427	0.9265	0.8087	1.4304	1.6715	-1.0588	-0.7106	1.0437	-1.3125	0.7953	1.2876	-0.7578	0.0295	0.7139	-0.7460	0.3454	-0.1633	-0.8168	0.7661	-0.9580	0.0461	-0.1453	-1.1217	0.7066	1.7544	-0.1567	2.2414	0.7722	0.5971	-0.1200	1.2342	0.0130	-0.4957	0.0706	-0.8194	0.9126	-0.1586	1.1580	1.2102
0.2860	0.1795	0.6804	0.5077	0.2466	-0.8479	-0.3369	-0.5867	-0.4597	2.2647	1.2235	-0.6592	0.3235	0.2139	-0.3523	-1.3405	-0.4120	0.9035	-0.8286	1.1680	1.2498	-0.6760	-1.4006	1.2105	-0.6072	-0.7069	0.3957	-1.1476	-0.5481	-0.8942	-0.6598	-0.9915	0.2453	1.3485	1.8136	-0.1870	2.1859	0.9598	0.2222	-2.2238	0.9194	-2.7240	-1.2013	-1.9729	-1.2892	-1.3560	-0.1439	-0.0976	0.0527
-0.9168	-1.0798	1.3167	1.9016	-0.6083	-0.1463	-0.5730	1.7387	-0.1560	0.2693	0.2156	1.0472	1.4102	0.1132	0.5215	0.0137	-1.4419	1.5558	0.5828	-0.3650	0.4803	1.8973	-1.5074	0.3813	0.6501	-0.6810	0.9111	-1.5600	-0.2426	-0.3292	-0.7334	-1.8750	-1.0073	0.1672	1.0343	-0.6642	-0.7043	-0.3629	1.5779	-2.0987	0.6333	-2.1504	-0.0809	-0.3177	-0.3545	-0.5032	0.3919	-0.3481	-0.0665
-0.0210	-0.2686	1.9653	2.1729	1.1218	0.8312	-0.6334	0.8136	0.8136	-1.3884	-1.6391	0.8696	1.2071	-0.3189	0.7438	1.9223	-2.0936	0.6458	0.2311	-0.4732	-0.3825	0.6930	-0.0595	1.3865	1.2823	1.1154	-0.3508	-1.6098	0.8788	0.8162	0.0485	-0.2955	0.3314	-0.4324	0.1823	-1.8126	0.8957	-2.1502	0.0048	-0.3520	-0.8545	-1.0169	-0.2484	-0.2776	0.7615	0.6709	2.1772	-1.0077	-0.6549
1.7678	0.4121	2.0824	0.9030	1.3462	-0.9558	0.2895	-0.3068	0.6405	1.4676	0.6680	0.9453	0.7142	-0.1212	-0.4592	0.5674	-1.3270	-0.6574	1.1345	1.0160	-0.5751	-0.6441	0.1594	-0.9856	0.6409	0.7759	-0.3645	-1.0471	0.4565	-0.4566	0.2136	-0.8167	0.0016	1.0599	0.8045	-1.0773	-0.0731	0.7417	0.5009	-0.4346	0.9180	-0.9189	0.6807	-0.6829	0.5312	0.9366	1.8437	0.5303	0.7929
1.4936	0.1780	1.7581	2.3268	0.0636	1.0403	-0.6254	-0.0466	0.4220	0.9095	-0.2363	2.8524	1.9225	-0.1082	0.3483	2.1295	-1.6516	-0.1999	0.2939	-0.1462	-0.7073	-1.3401	-0.0835	-0.2396	1.1504	-0.3869	0.1143	-0.5128	-0.9016	-0.1723	0.5710	-1.0572	0.2930	-0.1530	1.2481	-0.9172	-1.5637	-0.4247	-0.7744	-0.6061	0.3850	-0.3212	-0.3496	-0.3018	0.0159	0.4954	0.5125	-0.2083	0.1587
0.3002	0.0285	0.8342	2.4985	-0.0576	0.2172	-1.3337	-0.0457	-1.1009	-0.4087	-0.2355	0.8966	0.8244	-1.3867	-1.0541	2.9273	-1.3786	-1.8341	-0.0164	0.1002	-0.5595	-2.2347	-0.6379	0.1426	-0.0387	-1.1757	-0.3443	-0.3256	-0.2318	0.0966	-0.8660	-1.1963	1.0500	0.6919	0.8608	-0.7120	-0.2234	-1.4697	-1.4384	-0.8080	-0.0158	-0.7985	0.0182	-0.1898	-0.6366	-0.8885	0.1018	-0.7357	-1.1213
-0.3904	0.4699	-0.1372	1.1724	0.2031	-0.8286	-0.1362	0.5359	-1.2859	1.1520	-0.7969	0.5998	0.9198	0.2464	0.3766	1.6172	-0.5109	-0.3673	1.2016	0.4580	0.3201	-0.0672	-0.5973	-0.2636	-0.0304	-1.3405	-0.3551	0.3696	0.3158	-0.6455	-0.4607	-1.8035	-0.8344	0.7208	0.4404	0.1327	-0.7983	-1.0930	0.1316	0.4812	-0.1498	-0.7149	0.8653	0.1281	-0.2860	-1.4152	-0.4746	0.1648	-0.4639
-0.4193	0.6247	-0.7970	1.0222	-1.1524	0.7046	-0.5703	0.0622	-1.7258	-0.0213	-1.6122	1.4088	1.0098	-0.0360	0.4017	2.5941	-1.6585	0.5808	0.3869	-0.6961	-0.7384	0.6085	-0.1736	0.2597	1.3821	-0.2418	0.2455	0.5714	-0.1093	0.2151	0.0857	-0.9065	-0.8703	0.4378	0.7259	-0.1546	0.7367	-1.1534	-0.7971	0.6002	0.1015	0.0409	0.7967	-0.4910	0.3534	-1.6270	0.0381	-1.0679	-1.6301
-0.3764	1.4092	-0.6830	-0.5198	0.1401	-0.8961	0.0818	-0.0115	-2.1627	-0.3806	-0.4556	0.5662	0.0931	-0.6797	0.0303	0.0685	-1.5071	0.4950	-0.2204	-0.2577	-2.7655	0.2338	1.2929	-0.8208	1.2826	-0.0907	-0.7112	0.5730	-0.2301	0.7057	0.0404	0.5754	-0.6716	0.0387	-0.3781	-0.1005	1.4519	0.4327	-0.5112	-0.6545	0.2465	0.5729	0.7744	-1.0723	-1.1150	-0.2096	1.1966	-0.8688	0.1945
-0.9120	1.1961	-0.8467	-0.2236	0.7571	-0.5019	0.1448	0.9713	-1.4882	0.8764	0.1507	1.6312	-0.5943	-1.1823	0.7192	-0.1699	-1.1332	1.3648	0.1384	-0.0004	-2.4417	0.2553	1.3333	0.6778	0.7981	-1.2684	-1.7980	-0.5771	-0.5737	0.4024	-0.0010	1.4164	-1.1431	-1.2352	-1.2326	-0.5766	-0.3239	0.0933	-0.1693	-1.1149	0.2338	1.2039	0.7806	-0.8109	-1.4786	0.7372	2.4819	-0.4844	1.5784
-0.2187	0.5239	-0.7003	-0.5036	-0.3381	-0.8365	-0.7098	0.8517	-1.3611	-0.0758	-0.2561	0.2003	-0.6639	-2.0411	-1.1164	0.5232	-0.7508	-0.2564	0.5651	1.3623	-1.2337	-0.6650	0.6746	2.2033	-0.0590	-1.1430	-1.0292	-0.2590	-0.6463	-0.0139	-0.9518	0.1022	0.4119	-0.2409	-0.1273	0.0595	1.1176	-0.7961	-1.1512	-1.3952	-1.5781	-0.1059	0.2525	-0.9755	-0.4580	-0.4299	1.1767	-1.0249	0.2866
-0.9878	0.6928	-0.6198	-0.5246	-0.3457	0.3143	-0.4504	1.0047	-1.6658	0.8515	1.0008	-0.1720	0.3488	-0.7532	0.0421	-0.8190	-0.2795	0.4602	0.2492	0.6199	-0.0670	1.2721	0.2853	0.3726	0.4767	-0.3303	-1.1711	-0.3370	-0.6458	-0.0365	-0.8723	-0.3700	-0.9482	-0.4663	-0.0978	0.9844	-0.3560	1.3010	-1.2281	-0.3534	0.1570	-0.3224	0.9368	-1.1432	-0.5185	-1.1802	-1.0017	-0.6613	-0.6277
-0.9392	-0.2167	0.0265	-0.0566	-0.4832	-1.1640	-0.6148	0.6470	-1.3603	-1.3988	-0.7630	0.9516	-0.3018	0.4560	0.3749	-0.3802	0.1720	1.4400	0.6511	-1.7470	-0.0742	1.6277	0.9987	-0.3211	1.6471	0.2386	-0.1157	-0.0715	-1.3740	-1.8324	-0.3578	1.1745	-0.2732	-1.3645	-0.0577	0.9603	-0.6483	-0.4065	-1.1357	-0.1571	-0.0055	0.7761	0.1353	-0.3636	1.4258	-1.1151	0.5814	-1.7341	-0.7140
-0.4020	-0.2241	-0.2430	1.1483	-1.4182	0.2801	-1.0270	0.7083	-1.3805	-0.2329	-1.0446	0.4329	0.0628	1.1162	0.5054	0.4324	0.4698	-0.3986	0.2432	-1.8593	-0.9540	-1.2100	1.9230	-0.1412	0.2360	0.1897	-1.5244	0.5810	-0.3246	0.2890	0.1558	0.7583	-0.6922	-0.4153	-0.5072	0.0516	1.9132	1.2648	0.5103	-0.4984	-1.0289	0.5514	-0.2055	-0.7559	0.7764	0.3285	1.3740	-1.5605	0.0531
1.1862	0.5522	-0.4192	0.5517	-0.4830	-0.2703	0.9940	1.0766	-0.2508	1.0910	1.2659	1.2450	0.4386	1.4391	1.3357	0.1148	-0.1918	-0.9786	-0.4273	0.0330	-0.3340	-1.4720	0.9191	0.3265	-0.1589	0.4115	-1.1586	-0.3658	-0.8391	-0.4495	0.6157	-0.1901	-1.4043	-0.1286	0.0068	0.1713	0.2763	1.4140	0.8756	0.1180	-1.1836	-0.7080	0.7949	-0.2920	0.5738	1.5799	1.2910	-0.2069	1.0598
1.4624	-0.7705	-0.2370	0.9243	-0.9891	-0.3283	0.9639	0.9803	-0.1629	-0.7792	0.4765	0.6054	0.6021	0.7164	-0.9875	0.6438	-0.3592	-1.4809	-0.8839	1.1738	0.5011	-0.9057	-0.2133	1.4433	-0.4974	-0.4492	0.5865	-0.1452	-0.9962	-1.4488	1.0208	-0.9941	-0.7385	-0.0082	1.3264	-0.2304	2.0625	-0.1078	-0.7226	0.4953	-2.2443	-1.7484	0.1531	-0.8275	1.4594	0.1341	-0.3320	-0.4859	-0.2201
0.3102	-2.2555	-0.9325	1.0300	-0.9487	-0.2465	0.5214	0.8720	0.3006	0.1276	0.4042	-0.1108	1.1931	0.1323	-0.7733	0.1685	-0.4159	-2.0015	-0.6202	0.5852	1.2241	-0.6676	-1.3207	-0.2226	-0.8031	-0.0880	0.4952	-0.0804	-0.0387	-1.1181	0.0045	-1.2566	-0.6065	1.0860	1.3988	-1.1091	1.5615	0.8917	-1.0781	0.1162	-0.6058	-0.6850	-0.2304	-0.1234	0.4626	-0.4568	-1.6606	-0.4047	-0.7199
-0.5028	-2.4912	-0.3434	0.6612	-0.5563	0.7614	-0.6226	1.2776	1.5280	-0.0008	-0.0329	0.2833	0.7191	-0.2980	0.8153	1.7702	0.3232	0.2256	-0.3728	-1.1624	2.7084	-0.0204	-1.3664	-0.8919	-0.0230	-0.2553	0.8242	-0.3400	0.6870	-0.2235	-0.9624	-0.5000	0.0783	-0.0118	2.2051	-0.8360	-1.1726	0.1733	-0.8113	1.5033	-0.1849	1.1135	-1.6888	0.2443	0.2476	-0.4226	-0.9648	-0.0199	-0.6986
-0.2227	-1.5921	0.2978	-0.0303	-1.3307	-0.4162	0.7713	0.2377	1.4235	-0.3526	-0.3552	-1.0718	-0.5424	1.1128	0.6505	1.1038	0.4652	0.3075	0.0764	-0.7081	1.2407	-0.8712	-0.0492	-0.3982	0.0441	0.5656	1.0663	-0.5104	1.6619	-0.0981	-0.8424	-0.2548	0.4574	0.7559	1.6667	-0.2582	1.3315	-0.6406	0.0138	0.7418	-1.7758	0.7598	-1.8483	0.8321	-1.3809	-0.0582	-0.5801	0.8433	0.6055
1.1033	-0.6404	-0.3065	0.4115	0.5521	-0.5069	1.4720	0.7024	1.5460	-0.2401	1.3112	0.5302	-0.6158	0.8384	0.6379	-0.2527	-0.2529	0.0519	-0.9076	0.9533	0.7136	-1.1240	0.0227	-0.7139	-0.3551	0.8308	0.5985	-0.6829	0.9132	-0.6993	-0.5869	-0.7147	-0.5292	1.3825	1.8832	-0.0689	-0.5375	-0.4838	1.1489	0.6254	-0.4436	0.8749	0.0644	0.9251	-0.7464	0.8390	-0.1146	0.9665	1.2758
0.5667	-1.8398	-0.5055	-0.3006	-0.4828	0.2144	0.0356	0.1699	0.9376	-0.2741	0.6056	-1.1047	-1.0324	-0.7677	-1.5114	-0.7158	-0.4768	-1.0768	-0.9407	1.2412	0.9453	-1.5466	-0.3726	0.4739	-0.0105	-0.6029	0.7376	-0.6216	0.4651	-0.2096	-0.5960	-0.7807	1.0689	0.5627	1.9135	0.0690	1.2258	-0.2533	-0.2655	0.9435	-1.1621	-0.0696	-0.4412	-0.9991	0.2427	-0.4868	-1.0026	-0.0451	-0.5233
0.5491	-2.1119	-0.7012	-0.4266	-1.3092	0.7761	1.6255	0.8394	0.8237	1.1190	0.5606	-0.2220	0.2009	-0.0390	-0.7426	-1.7855	-0.4456	-0.1391	0.8947	1.5561	1.5825	0.5354	-0.6524	-0.4294	0.3023	-0.2073	1.2520	0.2413	-1.0986	-0.3093	-0.6531	-1.0079	-0.9076	1.1083	1.4444	0.9165	-0.0794	0.4807	-1.6361	1.2030	-0.2302	0.3585	-0.1435	-0.8188	0.5272	-0.1972	-1.4136	0.3660	-0.7911
-0.9364	-1.3403	-0.9066	-0.8482	-0.7541	0.6613	0.6675	0.0418	1.6180	-0.2677	-2.1824	0.8682	-0.4331	-0.9580	0.4508	-0.3459	-0.1968	0.8206	0.4861	-0.4912	1.7151	0.0480	0.1595	0.2629	0.6526	0.1824	1.4118	0.5013	-2.1298	-0.8362	-1.4407	0.0605	-0.0506	0.0208	1.3354	0.4090	0.0850	-1.5439	-1.6213	1.9443	-1.2556	1.7494	-0.6681	-0.3912	1.4025	0.7152	-0.6536	-0.1393	-0.9151
-1.3528	-0.1879	-0.2925	-0.2293	-0.4365	1.4611	-0.0164	-0.5851	1.0899	-0.4515	-0.7828	-1.1344	-0.7939	0.3714	-0.2417	-0.1619	0.0505	0.1432	0.1265	-1.2886	-0.5604	-1.6855	0.7968	0.1362	-0.0352	-0.8576	0.8571	0.7675	-0.3912	0.9250	-1.6189	0.8670	0.4270	0.5658	0.4586	-0.1350	0.3949	-0.7202	0.2688	1.0322	-0.4851	1.2439	-0.4749	-0.8226	0.2643	0.6102	-0.4671	0.7606	-0.9795
0.5992	1.6515	-0.7329	-0.2764	0.1535	0.8026	1.5401	-0.6620	0.2089	0.5994	0.4037	-0.1299	-0.5189	1.2529	-0.1799	-0.9252	-1.1260	0.6873	-0.6278	0.1253	-0.4619	-1.0162	0.3454	0.0399	-0.1478	-0.6797	0.0361	0.5528	0.3158	1.1694	-0.0761	0.3023	-0.1214	0.9617	0.0173	-0.3311	-0.7447	0.0173	0.5188	0.3464	1.1045	0.0356	0.5746	-0.0138	-0.4686	0.1435	0.9569	0.3832	-0.3427
0.3758	0.4934	-0.8163	-0.1748	-0.0266	0.8067	0.0011	-1.3109	-0.2815	-0.7867	-0.7286	-0.6629	-0.6446	0.5922	-1.3253	-0.3905	0.1068	0.8224	-0.4217	0.1887	1.0174	0.7001	-0.7251	0.6033	1.0280	-0.4957	0.2174	-0.2341	0.7292	0.3132	0.9760	-1.3732	-0.6338	-0.8437	0.7350	-0.8012	0.4928	0.0770	-0.3953	0.2473	0.4513	-0.2039	-0.3279	0.3130	0.7346	-1.6937	-0.4052	-1.5296	-0.9584
-0.4924	-0.0305	-0.8244	-0.4383	-1.0757	-0.6017	2.4193	-0.5761	1.2597	0.6782	-0.8830	-0.6277	-0.4900	1.7389	-0.4963	-1.1861	0.5218	-0.0446	0.4636	0.0855	0.5384	0.1099	-0.0634	-0.9551	0.0347	1.2638	0.3807	-0.6416	0.8046	-0.7918	0.1310	-0.8762	0.7889	0.0033	-0.3707	-0.5464	-0.2417	1.4699	0.3187	0.4239	0.0800	-0.6918	-0.4594	2.5212	0.0333	0.1134	-0.3241	-0.6396	-0.1753
1.1433	-0.1635	0.5899	0.1755	0.2336	-0.5722	0.9536	0.3221	1.9102	0.0199	0.6011	0.0896	-1.5498	1.1212	0.7259	-0.7442	0.9174	1.4128	0.6846	0.0275	0.3792	0.3049	0.2508	-0.8231	-0.3359	0.7734	0.0991	-0.6076	1.6822	-1.0088	0.7048	-0.3625	0.5052	-0.5679	-0.3078	-0.5648	-1.1103	0.0262	1.4344	1.0962	-0.4927	-0.1051	-0.1161	1.1006	-0.9488	0.3481	-0.5073	-0.6540	1.2049
0.2113	0.5266	0.8189	-0.2630	0.1934	0.3342	-0.7487	0.3006	0.9594	-0.2234	-0.2742	-1.0440	-0.7505	-0.4687	-0.6455	-0.4446	0.6651	-1.0518	-0.1655	0.3036	-0.8756	-0.7086	1.4496	0.6441	-1.6069	-0.2387	0.7688	1.4350	-0.0935	1.0242	1.2156	0.8771	1.8554	0.8062	-0.9146	-0.2444	0.4473	-0.1159	-0.1911	-0.4927	-0.3660	-0.4870	-0.6841	-0.3173	-0.7733	-0.2138	-0.2317	-0.5837	-0.1036
-0.9882	1.0564	-0.0633	-0.5833	-0.2200	1.6425	-0.7716	0.5196	0.3259	1.1845	0.2209	-0.5222	-1.0280	-0.4194	-1.5552	-0.1615	-0.3231	0.4153	0.5860	0.5159	0.5122	2.2261	-0.8030	1.8534	-0.9896	-0.2130	0.5351	-0.4807	0.5783	0.6855	0.8704	-0.3785	-0.8870	1.4002	-1.1462	0.1563	-0.4442	-1.1982	-0.5429	-0.1448	0.9185	0.1312	-0.4548	-1.4415	-0.2989	-0.9266	-0.0037	-0.4273	-1.2639
-0.6799	-0.1321	0.6134	-0.3685	0.0889	-1.2094	-1.2932	-0.2609	0.6072	-1.6084	-1.3046	0.2656	-0.7249	-0.2663	-0.7700	-0.8024	0.8001	0.9832	1.2084	-0.7978	0.0264	1.5505	-0.0569	1.1290	0.7367	0.1866	0.7856	-0.3550	-0.1381	-1.4297	0.3157	-0.3192	-0.9614	-1.0126	-0.2891	0.2459	-1.4088	-1.9233	0.1548	-0.4789	-0.5965	1.2619	-0.8260	-0.4950	0.3618	0.7659	-0.3151	-0.0279	-1.0233
0.2413	0.7980	1.5324	-0.3394	-0.0474	-0.9644	-0.2701	-0.5541	-0.0250	-1.7054	0.3767	-0.5113	-0.7298	0.1858	-0.6193	-0.2421	0.2555	-1.0327	0.7148	-1.0205	-1.2181	-1.9604	-0.0950	-0.2433	-0.4644	-0.1393	-1.0661	0.2727	0.8479	-0.0501	0.0646	0.1993	-0.7769	-0.9492	-0.5387	-0.2588	0.6125	0.6361	1.0147	0.3189	-0.6540	-0.1429	-0.7952	0.0926	-1.8068	0.8576	-1.0279	0.1104	-0.8593
0.3185	1.7468	0.6936	0.2548	0.9030	-0.1690	0.1797	-0.5143	-0.7507	0.0617	0.8239	0.8485	-0.3640	-0.5896	0.4118	0.4156	-0.8216	-0.8878	-0.3709	-0.5993	-1.2249	-1.8286	-0.4327	-1.1893	-0.5440	-0.8757	-2.2012	0.7286	0.2637	0.2725	0.6601	-0.0762	-1.3653	-0.7588	-1.4965	-0.2370	-0.4659	1.7966	0.5411	0.6634	0.6147	-0.6101	0.7743	0.9028	-0.8942	0.3352	-1.0660	0.0206	-0.4354
-0.6308	0.0048	0.4323	0.2002	0.8710	-0.0978	-2.8325	-0.8863	-0.1991	-2.1203	-0.7231	-0.6247	-0.5611	-1.0809	-0.0002	1.3459	0.2118	-0.1318	-0.4584	-1.3496	-0.8324	1.0001	-0.0269	-0.5763	-0.2723	-0.4388	-1.1391	0.5224	0.0880	0.5074	0.9321	-0.2424	-1.1336	-1.6766	-1.5017	0.2623	-1.7567	1.1110	0.1476	0.8002	1.5312	0.4547	0.1751	0.9354	0.8582	-0.8606	0.1115	1.0149	-1.4741
-0.1890	1.4882	-0.5343	0.0231	0.9691	-0.7182	0.5470	-1.2936	0.2629	0.4248	-1.5479	-0.3732	-0.1032	0.0066	0.8944	1.4292	0.1572	-0.1096	0.6286	-0.8816	-1.1997	0.5844	0.5288	-0.7487	-0.9197	1.7055	-0.2239	0.7151	0.5643	0.7235	0.5640	0.7160	0.6493	1.0484	-2.0843	0.2050	-0.5407	-1.0939	-0.0911	-0.4503	0.5844	0.2239	0.2632	1.0779	0.1428	1.0853	1.9044	0.9353	0.5981
0.2364	1.2205	-0.5229	-0.6349	2.0068	-0.8321	0.6768	-0.2465	-1.2179	0.4760	0.9140	-0.2941	0.2278	-0.5488	0.6353	-0.2831	1.8592	0.2615	0.2456	0.8562	-0.2714	0.8377	-0.3384	-0.5834	0.1337	0.9974	-0.9972	0.1449	0.4048	0.3306	0.8544	0.3689	0.3414	-0.2646	-1.7176	0.5894	0.9397	-0.7611	1.1015	-0.1219	0.9362	-0.1949	1.5972	-0.6875	-0.6760	0.6983	1.0401	0.6913	2.3500
-0.3626	-0.7717	-0.3160	-1.6036	-0.3754	0.4178	-1.0979	-0.5755	-1.1709	-0.7295	0.0613	-0.8733	2.2699	-0.8876	-0.1606	-0.2683	1.5188	-1.5772	-1.5811	0.4098	-0.6497	-0.0517	-0.4035	0.6833	-0.7617	-0.4653	-0.7984	-0.3698	-0.3072	0.8509	-0.0709	1.9433	2.7298	-0.8855	-1.3805	0.0230	1.2430	0.9985	-0.2912	-0.8046	0.1467	-0.6626	0.4423	-0.0193	0.1558	-0.4307	-0.0800	0.0029	0.4571
0.0277	-0.7039	-0.4617	-1.1405	-0.4179	0.5206	-1.1425	-0.1838	-1.4860	0.5925	0.7291	0.3422	3.9548	-0.7255	0.4514	-0.8719	0.6526	-0.9771	-0.6164	0.7979	-0.9851	1.6818	-0.5584	-1.0439	-0.5191	-1.1993	0.2603	-0.2956	-0.9636	0.3079	-0.8223	1.6130	0.9855	0.7390	-0.7072	0.4036	-1.8185	0.5412	-1.0811	-1.7675	0.7587	-0.0918	1.4825	0.2799	0.4495	0.7554	-0.5935	-0.4338	0.8291