IC05	IC08	IC09	IC15	IC16	IC17	IC18	IC19	IC20	IC23	IC24	IC26	IC27	IC29	IC31	IC33	IC36	IC37	IC38	IC41	IC42	IC43	IC44	IC45	IC46	IC47	IC48	IC49	IC50	IC51	IC54	IC56	IC58	IC60	IC62	IC63	IC64	IC65	IC66	IC67	IC68	IC69	IC71	IC72	IC73	IC74	IC75	IC76	IC77
0.3474	0.0266	0.1307	-0.5722	0.5253	0.2538	-1.0284	1.8117	0.6996	-1.0645	-0.7519	0.6115	-1.2749	0.0922	0.4838	-0.6336	-0.1432	-0.3119	1.1498	0.8545	-1.3629	-0.2799	0.8644	-1.2101	0.9856	1.3414	-0.1702	0.9189	-0.3019	-1.0472	0.3952	1.0396	-1.4258	0.5366	0.3690	0.6005	1.0553	0.5445	-0.3650	0.7956	-1.1937	0.4219	0.3064	-0.3304	-0.7368	-0.4332	0.8026	1.0304	0.7413
-0.4071	-0.3081	0.5208	-0.4311	0.6826	0.0389	-1.0217	1.1820	0.6075	-1.0321	-1.1627	0.6330	-0.2254	-0.0957	2.9106	-0.5772	0.8868	-0.0395	0.8624	-0.6314	-0.4127	0.7220	2.6790	-2.6771	1.0848	1.2532	1.1091	0.4219	0.4678	-0.6067	0.6806	1.8062	0.7022	-0.0381	1.3081	1.2842	-1.8305	0.0312	-0.0319	1.3350	1.3608	1.3810	-0.4250	0.8723	-0.2088	1.1023	0.0423	1.3267	-0.2715
-0.5175	-0.2932	0.2662	1.1896	0.1708	1.2969	-0.3040	0.0749	0.1845	1.1067	0.7716	0.0063	1.7191	-0.4963	1.4946	0.6427	1.2482	-0.1282	0.5570	0.0568	1.2077	1.5097	2.2432	-0.9042	0.8794	2.1751	1.8802	0.9474	0.8202	1.0938	0.6880	-0.4971	0.5103	-0.0046	1.3989	1.1849	1.0989	0.6944	-0.3779	1.1673	0.4920	1.4249	-0.3951	1.2162	0.0693	-0.4895	-1.5440	0.8700	-0.5523
0.1824	1.5607	-0.1496	1.6606	0.1982	0.7825	-0.3484	-0.3787	-0.0151	1.6775	1.5044	-0.6356	0.9993	0.0717	-0.1766	-0.0006	0.1794	0.4293	0.7613	0.9574	2.3883	0.6470	-0.0920	-0.7723	0.7471	1.6813	1.7231	1.7998	0.8251	0.2251	0.7804	-0.7474	0.9806	1.5147	0.5495	0.9061	1.8599	1.7592	-0.2571	0.7365	0.9834	0.6854	2.0495	0.1544	-0.0265	-1.0072	-1.3194	0.0990	0.1074
0.3306	2.5599	0.0149	1.5348	1.6424	-0.6427	-0.3209	-0.2888	0.4927	1.5694	0.7007	1.3690	0.2291	0.4852	-0.1591	0.1875	-0.4071	1.1559	0.6923	0.4315	1.3162	-0.1795	0.1158	0.1904	0.3252	1.3549	0.5382	0.7141	1.7463	-0.1589	1.3517	1.3459	1.0356	1.7010	-0.2902	-0.2238	0.8605	0.5811	0.3059	0.0630	1.2507	1.5278	1.7206	-0.7439	-0.4803	1.5943	0.3223	0.1559	0.8275
0.4067	0.6663	0.3462	1.5039	1.3218	-0.5969	-0.3293	-0.4662	0.3676	1.2780	-0.0626	0.8556	-0.2389	0.7903	-0.8212	1.0037	-1.2780	0.7395	1.2717	0.5319	-0.2479	0.2428	0.0213	1.8760	-0.4664	0.9942	-1.2334	0.1519	0.6638	-0.8402	1.6580	0.8783	0.1638	0.5022	-0.9312	-0.9828	2.3689	-0.8878	0.2649	-1.3392	-0.0837	0.9084	0.7022	-1.8550	-0.6226	-1.2928	0.3132	0.1234	0.3734
-0.5657	-0.4278	0.1730	0.7145	-0.2508	-0.8327	0.4481	-0.5748	-0.0382	-0.0707	0.1742	-0.0259	-0.6373	-0.2462	-0.8647	0.1900	-1.0906	0.7420	0.6059	-0.2197	0.4380	0.1320	0.0411	1.3176	-0.8174	-0.9768	-1.8266	-0.1657	0.2042	-1.2475	0.8430	-0.3021	0.2127	-0.2277	-0.6141	0.0157	1.4219	-1.5152	-0.0079	-1.3984	-0.3110	0.6555	1.0100	-2.0978	-0.4961	-1.2258	-1.1978	-0.9171	0.2089
0.0631	-1.3062	-0.1725	-0.7182	-1.3066	-0.9865	-0.4869	-0.1149	-0.6149	-0.4306	0.5550	-1.4145	0.1349	-1.6863	-1.7647	0.8245	-0.1377	-0.2020	-0.1658	-0.1043	-0.2126	-0.7131	-1.2293	0.9055	-0.2563	-1.1860	-0.2546	-0.8359	-0.1956	-1.3060	0.0661	-2.2354	0.1819	0.6684	0.2796	0.6264	1.0843	-1.2545	-1.3823	-2.4120	-1.1989	-0.1568	0.6562	-1.4094	0.0498	-0.1561	-2.0279	-1.7384	-0.7319
-0.3718	-1.7526	-0.9379	-1.1557	-0.8254	0.0938	0.2332	-0.3759	-0.3335	0.5945	0.0195	-0.3175	-0.0841	-0.9623	0.2113	1.6128	-0.0392	-0.9447	-0.6045	-1.1352	-0.4663	-2.2255	-1.5681	0.8844	-0.5012	-0.7150	0.0440	-0.8385	-0.5465	-0.9002	-0.1765	-1.0720	-1.1582	0.1626	0.7898	-0.3777	0.7441	0.5086	-1.6133	-0.3509	-1.7261	-0.9635	0.5911	-0.6158	-0.1229	0.3607	-0.1413	-0.6408	0.5049
-0.6517	-1.1993	-0.1454	-0.5496	-1.4743	-0.1351	-0.4251	-0.7653	-1.5647	-0.3306	-0.8436	0.5211	0.3750	-0.2954	0.0498	0.5335	1.0507	-0.6642	-0.9011	-1.2652	-0.3253	-1.7270	-1.7667	1.0422	0.1583	0.3975	-0.2462	-1.1230	0.3855	1.1740	-0.8568	-1.1585	-0.6365	-0.8295	1.4927	-0.4689	1.2325	-0.1109	-0.7167	0.9354	-1.9365	-0.0943	-0.9315	0.3886	-0.0345	0.4677	-0.3985	0.4657	0.4830
-1.2051	-1.2451	-0.2164	-0.6307	-1.3160	0.1996	0.1865	-0.9437	-1.9658	-1.6666	-0.1518	0.0790	-1.8613	0.2636	-1.5018	-1.1280	0.2457	-1.1243	-0.4219	-1.2275	-0.2221	-0.7876	-1.0338	-0.5601	0.4392	-0.1794	0.0323	-1.4172	-0.0411	-0.2429	-1.9445	-0.1705	0.1574	-0.7227	0.9237	-0.5760	-0.8485	-0.5250	-0.3020	0.3421	0.7334	-0.6698	0.4181	0.6329	0.4119	0.2946	-0.8319	0.8252	0.3861
-0.4621	0.1198	0.4189	-0.3705	-0.9502	-0.1057	0.5711	-0.9160	-1.0904	-0.5571	0.2054	0.2797	-1.1502	-0.8497	-1.7446	-0.1497	-0.1900	-1.3155	-0.2457	0.6550	-0.1357	-1.0759	-1.2257	-0.2741	0.8657	0.3626	0.9493	-0.0479	-0.8327	-0.8100	-0.4874	-0.1224	0.4923	0.3502	0.0421	0.0202	-1.6605	-0.7860	-0.5642	0.4757	0.3223	-0.5318	0.4302	0.1286	0.8896	0.4081	-0.9150	-0.0839	0.8088
-0.7060	-0.5556	0.2024	0.3579	-0.2975	1.3216	1.8372	-1.0571	0.3194	1.9906	-0.8011	0.6618	-1.0436	-0.6605	-0.2047	0.5742	-0.5621	-1.0354	0.5392	1.1464	-0.3842	-0.7940	-0.3590	1.5921	1.1569	0.5339	0.0318	-0.1038	-1.4730	-0.8733	0.0106	0.4285	-0.7504	0.9200	-0.3400	-0.0336	-1.1887	0.1230	0.4236	0.3162	-0.3126	0.0767	-0.5915	0.0147	0.2746	0.5270	-0.1295	-0.1173	2.2231
-1.1270	0.5678	-0.2137	-0.0283	0.2579	0.3911	0.2545	-1.2319	-0.1163	0.2530	0.0201	0.3703	-0.7975	-1.0037	0.0354	-1.2462	0.4981	-0.2748	0.1243	0.0262	-0.1557	-0.2071	-0.6523	-0.4897	1.1210	-0.2470	-0.1059	-0.4942	0.0625	0.3556	-0.3367	0.5415	0.2982	0.7251	0.2340	0.8497	-1.9182	-0.3791	1.5527	1.4718	-0.0343	1.4313	-0.7157	-0.8147	1.2869	0.6071	0.5977	-0.5585	1.5510
-0.0792	0.3503	-0.8135	0.0549	1.4185	0.0577	0.6203	-1.6123	0.2571	0.8466	-0.0621	0.4007	-0.5529	-0.4123	-0.0046	-1.8972	0.0302	-0.2272	0.4791	0.3746	-0.7309	0.4393	0.1544	0.5819	0.3958	0.9806	-0.1907	-1.0777	0.6630	0.1598	-0.0652	-0.3175	0.7560	1.0991	-0.3437	0.7135	-0.3944	-0.1701	1.8220	0.6937	1.2175	0.0302	0.5743	0.1488	0.5589	0.3647	0.8938	-0.3681	0.2582
1.2137	0.5624	-1.0039	-0.8506	-0.7843	-0.8816	-1.6410	-0.8401	-0.5644	1.4729	1.1160	-1.2596	-0.1037	-0.0087	-1.4310	-0.6601	0.9583	0.5694	1.1341	0.4950	0.2776	0.7567	-1.1218	0.3893	-0.0696	-2.2131	1.0148	-1.1115	0.8799	-0.4216	0.4362	-0.7196	1.2016	0.5007	-0.4549	0.4947	-1.1041	0.6270	0.7890	-0.7954	1.2163	-0.8252	-0.0857	0.0007	0.5189	1.2357	1.3330	-0.8359	0.3565
1.2817	-0.8094	-1.1736	0.1454	-0.4446	-0.1396	-0.2236	-0.5277	0.7920	1.1464	0.0599	-0.1416	-0.4938	0.0493	-0.8143	0.5462	-0.0096	-0.7423	0.7730	0.1123	-0.9066	-0.9337	-0.4124	1.1614	-0.6188	-1.8958	-1.4703	-1.2872	0.9031	0.3188	0.2692	1.1011	-0.9900	0.6705	-1.4708	-0.6108	0.2781	1.4947	0.8687	-0.3017	0.2895	-1.2156	-0.0935	-0.4761	-0.2384	0.3269	0.8758	-0.8375	-0.7971
0.6721	-0.6653	-0.5972	-0.9793	0.4164	-0.6365	-0.2750	-0.1238	0.0927	-1.6509	-0.8270	-0.1908	-1.0470	0.5031	-1.0577	-0.2234	-0.5602	-0.1462	0.4708	0.0907	-1.9192	0.4662	-0.9553	1.7147	-0.1754	-0.7875	-1.2957	-0.8977	0.7590	0.1797	0.2716	0.5663	-1.1355	0.0227	-1.4466	-0.0970	0.7403	0.3709	0.3313	-0.1790	-0.4920	-0.5564	-0.4620	-1.2438	0.3088	-0.8504	1.1727	-1.2780	-1.2889
-0.2442	-1.0862	-0.8651	-1.1324	0.2114	0.3978	0.9826	-0.3545	0.0865	-0.7276	-0.3559	-0.4256	-1.1849	0.1682	-0.8350	0.0491	-0.3358	-0.5120	0.4088	-0.3085	-0.8304	0.4383	0.0577	0.7443	-0.1381	-0.8228	-1.1601	-0.9658	-0.1282	-0.6144	-0.7504	0.9734	-0.9887	-0.5240	-1.3920	-0.4861	-0.8500	-0.9662	-0.0687	-0.6882	-0.7017	-0.3588	-0.4757	-0.8333	0.1872	-0.5936	0.5238	-1.5335	-1.4408
0.4051	0.2556	-0.8534	0.1143	-0.5440	0.2192	0.0960	0.4559	0.4277	0.0789	0.1613	0.1953	-0.3445	0.5792	-0.6740	0.6608	-0.3006	0.4264	0.0955	0.8237	0.1961	-0.0091	-0.6063	-1.0404	-1.0365	-0.7021	-0.2152	-0.5058	-1.2183	-1.4207	0.2571	0.4880	-0.1306	-0.1482	-0.9795	-0.8397	-2.1030	0.2759	-1.0170	-0.1427	-0.4421	-0.4974	0.5944	-0.6055	0.1242	0.6571	1.0455	-1.1416	-0.0274
0.6415	-0.4195	-0.1408	0.4709	-0.0354	0.0049	1.9324	0.2324	1.0414	0.1285	-0.8142	0.4079	0.0326	2.3575	0.1902	-0.6370	0.4100	1.3406	0.8143	1.0538	-0.4681	0.0292	-0.4632	-0.3968	-1.3232	0.4529	-0.1168	-0.4359	-0.7496	-0.6200	-0.0560	0.3216	-0.6453	1.0453	-0.1896	-1.3123	-0.3219	1.4871	-0.2704	-1.0609	-0.6157	0.9872	0.2333	0.0464	-0.2105	0.4359	1.4886	0.9411	0.9512
0.1896	-0.4736	0.4140	0.8796	-1.5743	0.9294	0.3228	-0.4582	0.7246	-1.6453	-1.8887	0.3924	1.2387	1.1070	-0.6655	-0.0664	0.4725	1.7792	0.5293	-0.2701	0.9057	1.0299	-1.5456	0.3751	-1.9551	-0.7257	1.2619	0.1812	0.2081	1.7837	0.1953	-1.2509	0.8585	-0.4988	0.2173	-0.7934	0.1513	-1.4222	-0.7554	-0.7313	-1.1002	1.8977	-0.3233	0.6222	0.0460	-2.0429	-0.7814	0.9200	-0.7775
-0.1439	0.4790	0.8059	-1.0104	-0.4185	-0.1137	-0.4517	0.4421	0.8555	-0.6501	-1.4500	0.6011	-0.9232	1.6531	0.1048	-0.5015	-0.0013	1.9055	0.9266	-0.0075	0.8087	0.7454	-1.8325	-0.5750	-1.5144	-0.4690	1.8123	0.0051	1.0169	0.0027	0.2234	-0.7602	1.5869	-0.9763	-0.0493	-0.9144	-0.9649	-1.3808	0.3569	-0.0112	-0.6063	0.4235	-1.1468	2.1803	-0.0088	-1.3829	0.2606	1.1996	-0.5736
-0.3726	0.4595	1.6934	0.2482	-0.3788	0.4479	0.1913	0.9176	-0.3153	-1.7031	0.6800	-0.2948	-0.5933	0.8843	0.0045	-0.2806	0.3547	1.3379	-0.5205	-0.2774	1.7245	0.0550	-0.4484	-1.7318	-0.9519	-0.3318	1.4812	0.7118	-0.1898	0.6169	-0.8136	-1.1655	0.7067	-0.9673	-0.9756	-0.4582	0.1362	-1.4805	1.2353	0.0104	0.2615	0.0723	-0.7908	1.1174	0.3367	0.4488	-0.0561	1.0436	0.4090
0.1812	0.8161	0.7622	-0.9754	-0.2059	0.2976	-1.4702	0.8465	-0.7465	-0.8241	1.1879	-0.8217	-0.2243	0.2784	-0.1452	-0.4565	0.4770	0.5483	-2.3756	-0.1127	0.5452	0.4214	-0.1402	-0.3569	-1.1187	-2.7293	1.6293	0.0071	-1.5592	0.6194	-0.5687	-1.1149	0.5460	-2.2021	-1.3933	0.2539	-1.1969	-0.4729	0.5459	0.1110	-0.0095	-0.7634	-1.4044	0.4200	0.8785	-1.0207	0.2210	0.0467	-0.6685
-0.0132	0.5917	-0.2771	-0.1214	0.4504	0.6411	0.1668	0.5240	-0.2455	-0.4226	-0.3171	-0.2279	0.0310	0.7127	0.1101	-0.2090	1.3860	0.0693	-2.8297	-0.5447	-1.2952	-0.7075	1.0898	0.1172	-0.3898	-1.3301	0.1636	0.4834	-2.1841	1.5830	-1.3445	1.0056	-0.7161	-3.0797	-1.0655	0.0110	-1.7404	0.9975	0.7199	0.7720	0.0399	-0.3734	-1.2609	0.2240	0.3418	-0.8675	1.3458	-0.1551	-1.4442
-0.7061	1.0585	-0.3569	-0.7767	1.1416	-0.2884	0.1645	0.9561	-1.3633	-1.9042	-0.7168	-0.6256	-0.1756	0.5558	-1.0537	-1.4551	1.6329	0.0667	-2.4399	-0.8002	-1.5890	0.5434	0.6847	-0.2168	-0.2125	-0.3951	-0.5127	0.2678	-2.0805	0.6312	-1.4152	-0.3125	-1.4472	-2.2935	-0.4248	0.9214	-1.3975	0.3793	1.6359	0.9155	0.5584	-1.0056	-0.2496	0.1158	0.8811	0.1033	1.4133	-0.3329	-0.4828
-1.2602	-0.4416	-0.3671	0.0894	1.4421	2.0927	0.8801	1.4874	-1.9342	-0.8574	0.5159	-1.7436	0.5441	0.6728	-1.7051	0.7257	1.6200	-0.1817	-2.3534	-0.4867	-0.8268	1.1437	0.2843	-0.1998	-0.1776	-0.2058	-0.3647	0.3593	-1.5974	1.6329	-2.3880	-1.1159	-1.2945	-1.9813	-0.5382	0.7774	-0.9195	0.2937	0.9892	-0.0765	0.3749	-0.8490	-0.0490	-0.4403	0.7634	-1.0187	-0.9540	-1.0608	-0.5301
-1.0539	0.7630	-0.0436	0.6873	1.5715	1.2580	0.6744	1.2553	-0.4722	1.1924	-0.2795	0.1972	0.5372	1.1701	-0.1225	0.5151	0.3109	0.8584	-2.0003	0.2325	0.0432	0.6178	0.1148	-0.4788	0.5162	-0.5566	-0.7253	0.9359	-1.7432	0.4016	-1.2356	0.7893	-0.6190	-0.1935	-1.5484	0.3037	-0.5983	0.6058	0.9772	1.0582	0.6632	-0.6908	1.2825	-1.0135	1.0476	-1.1473	-0.3488	-0.6046	-0.0840
-0.3232	-0.1756	0.7371	0.5235	1.3967	-0.4381	-0.4643	1.5702	-0.2568	0.4154	-0.8853	-0.0820	1.1370	0.6769	0.7167	0.2629	0.1056	1.2117	-1.6568	0.5191	-0.8535	0.5731	0.8471	-1.0823	1.9987	0.4157	-1.2047	0.6417	-1.0431	-0.3300	-1.7290	1.1140	0.8710	0.3320	-1.4964	-0.0762	-1.1050	0.0017	0.7898	-0.0714	1.3498	-0.0348	0.6061	-0.4017	0.7174	0.1839	0.6995	-0.3520	-0.9613
-0.9239	0.5636	0.0273	0.2832	1.0373	0.2984	-0.1812	1.2309	-1.5446	-0.6405	-0.9061	-0.5681	1.3989	-1.2930	1.1783	-0.6293	0.1309	0.9818	-1.6084	-0.3822	-0.1901	1.4414	1.9501	-0.7954	1.6676	-0.3938	-0.4780	-0.4020	-0.3896	0.1619	-1.5190	1.2008	1.4339	-0.3028	-1.0324	0.4185	-0.5409	-1.4374	1.0934	-0.5257	1.1779	-0.0732	0.3459	0.3209	0.9109	1.9272	1.1740	-1.1725	-1.8109
0.1207	0.8032	-0.0446	-0.2944	-0.0258	-0.6567	-0.3962	1.4658	-1.1391	0.7679	0.5045	-1.9488	0.8928	-1.7169	0.0810	-0.7958	0.8041	0.0088	-2.0522	0.2730	1.1918	0.9410	1.1031	-0.0879	0.9651	0.0719	-0.7545	0.1316	-0.3916	0.2186	-0.9105	-0.6130	0.8172	-0.3777	-0.7156	0.4452	0.6194	0.3230	1.5972	-0.6556	0.0147	-0.9940	0.1541	0.5499	0.7269	0.7509	0.0669	-1.3784	-1.8704
0.7167	1.7044	-0.5265	-0.8616	-0.6524	-0.4894	0.3266	0.7197	0.6432	1.8350	-0.4486	-1.2615	1.3662	-0.1374	0.5427	0.5791	-0.1415	-0.3702	-1.4275	0.4879	-0.0519	0.2588	0.4222	1.3623	0.6829	-0.2492	-0.7487	0.6320	0.1213	1.3380	0.3700	0.8428	-0.0190	-0.1788	0.0176	0.2264	0.5312	1.2366	1.2862	0.4816	0.0723	-1.8514	-0.4877	1.4308	0.8504	2.5495	1.4120	0.3939	-0.6245
1.3760	0.6467	-0.1953	-0.5528	-1.1811	-0.5171	-0.2671	-0.1293	1.8663	-0.0620	-0.1034	-1.5491	1.8296	0.9610	0.4156	0.0625	0.0831	-0.4849	0.0275	0.0804	-0.2273	0.3024	0.5052	-0.2247	0.6160	-0.2631	-1.1607	0.1099	0.9883	0.8015	0.3797	0.4271	-0.5168	0.5080	1.4915	0.2513	0.3206	0.9236	1.1124	0.3100	0.5267	-1.0302	-0.6342	1.5769	0.3009	1.3729	0.4129	1.4852	-1.5688
1.2181	0.4114	-0.5073	-0.4680	-0.2444	0.4909	-0.6098	0.0160	1.2878	-1.0481	0.5106	0.0026	1.4438	0.8083	0.7318	-0.4562	-0.6995	-0.1926	0.4573	-0.6147	0.4037	1.0957	1.3212	-0.3602	0.8273	-0.7985	-1.0423	-0.6627	1.8281	-0.4433	0.1231	1.1399	0.5951	0.3379	1.2183	0.2908	-0.1251	-0.2006	0.1827	0.1708	1.5845	-0.7124	-0.2999	1.7716	-0.0004	0.3061	0.7197	1.3592	-1.4446
1.4610	-0.6640	-0.2760	0.7816	0.0648	1.3877	-0.7207	0.3892	0.6813	0.3135	1.6046	-0.4657	0.9097	0.1213	-0.4644	-0.0953	-0.0618	-0.7335	0.0829	0.6175	1.0516	0.6900	1.2978	0.5636	0.9512	0.8282	-0.4804	0.2694	1.5454	-0.8596	-0.6597	0.1746	0.1733	0.5312	0.8271	0.2522	1.2935	0.1977	0.1197	-0.0904	1.0261	-0.9953	-0.0428	0.5578	-0.3823	-0.7476	-0.6921	0.9386	-0.9038
0.7847	0.3812	0.2898	1.4996	-0.3989	0.5912	-1.6675	0.0418	0.6738	0.4555	1.2270	-0.2187	0.7213	0.2248	0.4939	0.5582	0.0440	0.1612	-0.1731	1.2630	2.0105	0.9315	0.4854	-0.3088	1.2904	-0.1847	0.5622	1.0598	0.5159	-1.3007	0.4202	0.0774	0.6022	1.1914	1.2557	0.2587	-0.8833	0.3852	0.2333	0.0098	1.2935	-0.5550	0.9877	-0.1362	0.0488	0.0921	-0.0161	0.8290	-0.1345
0.9217	0.6074	-0.1257	1.1408	0.2296	0.6482	-0.1096	-0.3765	1.5736	1.1733	0.8385	0.8728	1.3863	-0.0385	2.1103	2.9055	-0.5430	0.4667	-0.8796	0.8923	1.6161	0.3753	1.1053	0.6313	1.1079	-0.0386	0.5444	0.9520	-0.3510	1.8849	-0.1532	0.8012	0.4319	1.3270	1.9796	-0.9409	0.0461	0.5393	-0.8025	-0.1700	1.0263	-0.3906	1.3198	-0.1960	-0.0515	-0.5929	0.1236	1.1626	-0.0379
0.9279	1.0462	-0.0120	-0.2839	0.0813	-1.3013	0.4985	-0.8817	1.3142	-0.3066	0.5824	1.8324	0.1030	-0.4207	2.3920	0.0924	-0.7688	0.3850	-0.4901	0.7555	1.2224	0.4416	1.2841	-0.0526	0.3743	1.4037	-0.3158	0.2367	-0.1573	0.5071	0.0656	0.2215	0.7656	1.8500	2.3669	-0.7359	0.7822	0.5973	-0.4374	0.1354	1.0830	0.0985	0.8428	0.1711	-0.5283	1.4148	1.1565	1.7817	1.4806
1.4915	0.3091	0.3127	-0.7219	-0.7651	-0.9754	-0.0849	-0.7564	1.0151	-0.8495	-0.5637	1.2132	1.0213	-0.5988	1.4348	-0.1102	-0.6633	0.4048	0.0756	-0.3862	0.8915	1.2016	0.2685	0.7685	0.4857	1.3300	0.7084	0.4720	0.8460	1.6632	0.2353	-0.4365	1.0639	0.0250	2.1358	-0.5788	1.6251	-0.7956	-1.1405	-0.4094	-0.2016	0.2925	-1.0113	1.4274	-0.4726	0.0451	-0.0491	1.8372	0.5772
0.4464	-0.6676	0.1413	0.2049	-0.7476	-0.1678	1.0775	-1.0558	0.3206	-0.5665	0.9593	0.8178	-0.1702	-0.1816	0.9126	-0.7298	-1.3071	-0.6482	0.1226	-0.8837	1.1363	0.6975	0.8725	0.6546	-0.4996	0.3030	0.4441	-0.3359	0.7260	0.7759	0.5034	-0.3984	0.1226	-0.6428	0.4512	-0.4165	1.3791	-0.5894	-0.9503	-0.8850	-0.0625	-0.0066	-0.3971	1.7316	-0.8458	-0.4937	-1.1640	1.0258	1.0900
0.8177	-0.2773	0.5351	-0.9782	-0.3803	-0.9357	0.0400	-0.7734	0.0273	-0.3369	0.8107	-0.3562	-0.1739	-0.6170	0.4378	0.0298	-0.8804	-1.0437	-0.5617	-0.2720	0.6027	0.2381	0.0463	0.6627	-0.8520	-0.4701	0.5790	0.4161	-0.4413	0.3765	1.1601	-0.9105	-0.5239	-1.3343	-0.2395	0.6183	0.3001	-0.2567	-1.0017	-1.3134	-0.9126	-0.4202	-0.7040	0.9789	-0.2044	-1.6004	-1.2350	-0.1109	0.8103
0.0440	0.3789	0.1548	0.0437	-0.1705	-0.6353	-0.1547	-0.3712	0.3670	1.0046	0.4755	0.3462	-0.1937	-0.7565	1.1781	0.8074	-1.3279	-1.2910	-0.3650	-0.4843	-0.5856	-0.6711	0.1916	1.0534	-0.7698	-0.6936	0.1263	1.0687	-1.2986	0.6432	1.3457	0.1281	-1.4485	-1.2614	-0.1667	0.3750	0.3461	0.8950	-0.8390	0.0728	-0.9245	-0.9598	-0.5257	0.7965	-0.3745	0.3075	0.0059	0.4567	1.7651
-0.2707	0.1649	0.7635	0.8373	-0.4487	-1.0296	0.8192	-0.8468	0.2134	-0.0797	0.0974	0.0894	-0.1680	-0.4413	1.1465	0.1840	0.4554	-1.0913	0.0339	-0.2684	-1.0990	-0.9383	-0.0700	0.2029	-0.5428	0.2622	-1.4759	0.0670	-1.1055	0.1109	0.8960	-0.3708	-1.5203	-1.0621	0.1835	0.6859	0.1060	0.1281	-0.5059	-0.1557	-0.6256	-0.4034	-0.6763	0.2176	-0.7571	0.7025	0.0492	0.4738	1.4623
-1.0011	0.2173	0.3703	0.2646	0.0575	-0.8710	1.6327	-0.5751	-0.6675	-1.3884	0.2062	0.6299	-0.5999	-0.2883	0.8704	-0.6107	0.5262	-1.2549	0.9015	-0.7266	0.0797	-0.0537	-0.2874	-0.6477	-0.8287	0.3933	-1.3562	-0.6402	-0.5077	-0.9581	0.8081	0.1021	-0.6291	-0.6955	0.2414	1.2819	1.4345	-0.7893	-0.9367	-0.7062	-0.1162	0.1714	0.5267	-0.4438	-0.4341	0.3199	0.1265	-0.1703	1.8947
-0.3850	-0.1788	-0.1413	0.2576	0.2047	0.0818	0.0876	0.1004	-0.1263	0.0388	0.8982	1.7157	0.1922	-0.9149	1.3446	1.4501	-0.2454	-1.4361	0.2170	0.2125	-0.4951	-1.0671	0.0677	-0.3889	-0.4563	0.5186	-0.7858	-0.6672	-1.1124	-0.1960	0.8451	0.6903	0.1853	0.3589	-0.7289	0.8630	0.1644	-1.4889	-2.1476	-1.0199	-0.5122	-0.2196	0.4379	-0.4055	-0.4432	-0.5103	-1.0802	-1.8401	0.5782
-1.2655	-0.5803	-0.0380	0.2308	0.5015	0.2610	0.8135	-0.4599	0.1797	0.3459	-0.2364	1.4698	-0.5661	0.4239	2.0201	1.1734	-0.2963	-0.8587	0.8200	0.0594	-1.3567	-1.1012	-0.4371	-0.4408	-0.3099	0.9073	-1.8400	-0.4171	-0.7086	-0.3273	1.1451	0.5638	-0.4600	0.2350	-0.4077	0.2128	0.1784	0.8055	-1.3410	-1.1483	0.0440	0.7151	0.0624	-1.0036	-1.4444	0.3452	0.4858	-1.0397	1.2256
-0.8557	-1.5852	0.6525	0.1897	0.6578	0.1517	0.7973	-0.4912	-0.1651	-0.8343	-1.3595	1.1687	1.4875	0.1659	1.2522	0.9376	0.4198	-0.9744	0.8653	-0.3046	-1.0915	0.0718	-0.8113	0.7153	-0.4057	1.3198	-0.8484	0.0795	-0.6839	0.2991	0.9795	0.0538	-0.7016	-0.4923	-0.0308	0.9235	0.2967	-0.5869	-1.5541	-1.4029	-1.3645	0.1911	-1.3182	-0.7995	-0.6489	-0.3093	0.0458	-1.0228	-0.5530
-1.2301	-1.8177	0.3906	-0.9408	0.0328	-0.8005	0.2219	-0.0016	-0.3753	0.4520	0.5789	0.0963	0.0167	-0.2144	0.4375	-0.1792	0.5013	-0.2467	0.4962	0.3601	0.9153	0.4326	-0.5460	-0.0489	-0.8122	-0.1517	-0.0790	0.3149	-0.7193	-1.1953	1.5486	-0.8198	-0.3458	-0.2751	-0.3100	1.5155	0.2008	-0.2668	-1.0765	-1.1395	-1.5306	-0.0276	-0.2183	-1.7901	-0.5436	-0.8388	-2.0433	-0.7378	0.6616
-0.7870	-0.8092	-0.0817	-1.5444	0.1589	-0.6839	0.1372	-0.1069	1.2208	1.5546	-0.5001	0.6808	1.3699	-0.6076	0.6753	0.9425	-0.1675	0.1158	0.4319	1.1470	0.3979	-0.9370	0.3597	-0.1548	-0.9348	-0.2747	-0.0848	0.1841	0.3499	1.1025	1.6486	0.5969	-0.5213	0.7533	-0.9954	0.0750	0.2066	-0.6925	-1.7444	-1.2827	-1.8988	1.2335	-0.5660	-1.4335	-0.7244	-0.5999	-1.1354	-0.6413	0.0063
0.3047	-0.0083	-0.0934	-0.3852	1.0903	-0.4860	-0.4030	-0.7669	1.5076	0.0002	0.4114	1.5328	1.1815	-0.3227	0.6420	-0.4044	-1.1276	1.0658	1.2059	1.9216	-0.2840	-1.3701	0.2837	-1.3424	-1.2206	1.3558	-0.6010	-0.1225	0.7184	-0.0230	1.2248	0.5298	0.2129	1.7982	0.1628	-0.6896	-0.1338	-0.5899	-1.3112	-0.3678	-0.5452	0.4375	-0.2701	-0.7238	-1.0639	0.7536	0.2573	-0.2962	0.9892
0.0415	-0.9711	0.1172	-0.0221	0.5768	-0.0918	0.0298	-0.2589	0.7719	-1.2893	0.7134	0.5022	0.7575	-0.1253	-0.3161	-1.0966	-1.0693	1.1309	1.4650	0.1958	0.2936	-0.1481	0.1962	-0.5517	-0.3332	-0.0804	0.3371	0.0397	1.6934	0.5407	-0.1817	-0.3286	0.7493	0.0213	0.7686	-0.1532	0.9975	-1.1503	-1.1663	-1.0864	-0.7525	1.4774	-0.9838	-0.4598	-0.6644	-0.1636	-1.4476	-0.2738	0.6112
0.1838	-0.7655	-0.1108	-1.1380	0.2237	-1.4711	0.0357	0.3493	1.0971	0.2975	0.1752	-0.0296	-0.6519	-0.1182	-0.1260	-1.5340	-1.6056	0.2796	1.1727	0.1759	0.6438	-0.9831	0.1718	-0.3166	-0.3585	-0.6498	0.4555	0.1291	0.3614	-0.7605	-0.4754	-0.0280	0.4508	0.6503	-0.2862	0.2891	0.0616	-0.6401	-0.8893	-0.5246	-0.5739	0.3712	-0.4531	-0.0795	-0.6524	-0.0769	-2.2557	-0.4755	0.5962
0.0734	-0.5796	0.5332	0.6427	0.3236	-0.3639	0.8195	-0.4852	1.4977	-0.2614	0.1140	0.0138	-0.2839	0.0029	-0.7087	-0.9386	-0.8664	0.6946	1.6538	0.0683	-0.1570	-2.0374	0.2145	-0.2098	-0.2439	0.5915	-0.3465	0.7598	0.7508	0.0515	0.7124	-0.6194	-0.3966	0.2146	-0.2377	0.2620	-0.2893	1.0180	-0.7164	0.8950	-0.2602	-0.0900	-0.3367	0.3250	-1.4386	-1.6436	-1.4375	-0.5964	0.1566
0.6761	-0.9856	0.8928	-1.1020	1.6703	-1.5083	-1.5198	-0.2603	0.8615	0.2026	0.2961	-0.1635	-0.2480	-0.1138	-0.0035	-1.9162	-0.5994	0.8665	1.8464	0.0503	-0.9992	-0.2254	-0.4556	0.5997	-0.7020	0.1424	0.2064	0.1157	1.8128	0.2977	1.5572	-1.2740	0.2139	0.3297	0.9933	-0.2023	0.3855	0.3868	-0.5880	0.8603	-2.4919	-1.0709	-1.4734	1.8202	-1.6083	-0.8995	0.7709	-0.5960	-0.4163
1.4572	-0.6196	0.9496	-0.4477	2.0309	-0.4155	-0.9466	-0.5719	1.0041	0.7621	0.2232	0.3755	-0.4212	0.4393	1.2914	-0.9072	-0.4866	0.0678	1.5936	-0.0018	-0.7946	0.3360	0.6373	0.0674	-1.2364	0.9645	0.4531	0.0860	2.4507	0.2914	1.2416	-0.5028	1.2971	0.1976	0.7463	-1.6497	-1.3266	0.9180	0.4250	0.7629	-0.2547	-1.0633	-1.2585	3.3772	-2.1006	-0.4849	0.0992	-0.0930	-2.1658
2.4212	0.3656	1.1700	1.1294	-0.3128	-0.3405	1.3737	-0.0086	-0.2152	0.5726	1.4249	-2.1445	0.2986	0.7360	-0.5153	0.5142	-0.1673	0.8916	2.2196	-0.6415	0.6087	0.7084	-1.1115	0.4658	-1.9653	-0.4453	2.0675	2.2773	2.3213	0.7016	0.3928	-1.7909	0.7894	-0.8802	0.8202	-1.4207	-0.0506	0.9339	0.8311	0.2161	0.2956	-1.2744	-0.0794	1.3507	-1.4762	-1.4115	-1.6114	1.5992	-1.2001
1.3364	0.9758	2.4638	1.0364	0.3130	0.0259	0.1607	0.5620	-1.0107	1.3962	1.3633	-1.0553	0.2232	0.7389	0.2317	0.1929	-0.7121	-0.1163	1.3326	-0.8982	0.9438	-0.1562	-0.7619	0.8791	-1.4927	0.0077	2.1399	2.3272	1.0932	0.1520	0.6795	-0.6720	0.6058	-0.4613	0.6883	-1.3896	0.4505	0.3467	-0.3691	0.0500	0.5080	-1.5971	-0.2953	1.0748	-0.9467	1.3374	-0.2977	1.6265	0.0338
0.6610	1.1173	2.4332	1.8868	-0.3140	0.9522	0.4691	0.6534	-0.1959	1.5017	0.8974	0.1751	0.2153	0.5793	1.8374	1.4607	-1.6180	-0.4566	0.0912	-0.9792	0.7247	-1.9451	0.8011	0.9707	-1.2145	0.5766	2.0059	2.0071	0.1891	1.0287	0.0495	0.5885	0.6848	-0.3611	-0.0626	-1.6307	1.5553	0.7057	-0.7376	1.9413	0.8596	-1.0306	-0.0147	0.2028	-0.4169	-0.0645	-1.3149	1.0994	-0.7449
-0.3468	0.5800	1.3341	1.2994	-1.4760	-0.5525	-0.1208	1.6322	-0.4537	-0.6585	0.8846	-0.7467	-0.3274	-0.9514	0.1536	-0.1161	-2.0974	-0.3210	0.0571	-1.4114	-1.4149	-2.1226	0.6743	-0.2526	-1.2630	0.3436	1.2424	0.0577	0.1274	-0.2667	-0.6210	-0.2349	-0.0350	0.1697	0.3842	-1.5270	1.2149	1.5426	0.0131	2.3755	1.0163	0.4260	0.1310	-0.5567	-0.5911	1.6675	-0.6483	1.2559	-0.2643
-0.7160	-1.2064	-0.9293	1.1193	-1.4561	-0.3989	0.2425	2.6436	-1.0929	-0.7833	-1.1827	-0.9349	0.1866	-2.9067	-2.0377	-0.3156	-2.4067	-1.2918	0.2040	-2.3954	-2.7750	-1.6418	0.3152	-0.0955	-0.9252	0.6519	-0.0655	-1.6014	-0.6266	0.8300	-1.5700	-1.5739	-0.9024	-0.7292	0.1308	-2.6274	0.8044	0.1498	0.2774	1.7733	0.4657	1.5342	-1.3378	-0.8298	-1.0377	0.2397	-0.7622	-0.0580	-0.2217
-2.1407	-1.7713	-2.0286	-0.5267	-2.4445	-1.1076	0.3961	2.0370	-1.7235	-0.3536	-0.5900	-2.0081	-1.6895	-3.0114	-3.0898	-0.3999	-1.8215	-1.8769	0.3750	-2.7221	-0.7920	-1.7616	-0.6863	-1.0956	-1.1293	-0.9754	-0.5917	-1.2535	-0.3860	-0.3287	-1.8561	-1.5670	-1.6960	-1.3083	0.3020	-2.4741	0.2803	-1.0822	-0.3596	0.8640	-1.1077	1.1019	0.0535	-2.5586	-1.0534	-0.7361	-1.1060	-1.2872	0.7314
-0.9333	-1.3025	-1.6593	-1.1606	-2.4390	-0.4374	0.9276	1.2770	-0.6387	0.3341	-1.3328	-1.0986	-1.8719	-2.6941	-2.8006	1.3149	-1.8179	-1.6909	0.1955	-1.7351	-1.3158	-2.5690	-0.4487	-1.0497	-1.0741	-0.8603	-0.6013	-0.8439	-0.2718	0.3003	-1.1086	-0.1153	-2.3877	0.2568	-0.0814	-2.9427	0.6948	-0.9252	-1.0049	1.3866	-1.6831	0.4170	0.2282	-2.0687	-1.1444	-0.9461	-1.4156	-1.0291	0.0015
-0.7697	-0.8449	-0.7007	-3.2057	-0.8297	-3.0713	-0.3006	1.9632	-1.1890	-1.5265	-1.3216	-1.1682	-3.5773	-1.1017	-2.1761	-0.7371	-1.4936	-1.3755	0.5539	-1.1612	-1.5814	-1.8306	-0.9076	-2.4965	-0.8863	0.3480	-0.4324	-0.6652	0.4926	-1.7473	-0.9542	-0.0858	-2.4351	0.8628	-0.4318	-2.1996	-0.3585	-0.2117	-0.7937	1.4763	-1.4099	0.0494	-1.1085	-1.0150	-0.8636	0.6103	0.4992	-0.0589	0.3048
-0.6211	-1.2389	-1.1446	-1.2069	0.1782	-0.7876	-0.3578	1.8949	-0.8979	-1.9396	-2.3440	-0.5130	-1.7233	-0.2448	-1.4974	-0.1536	-0.6429	-1.6429	0.9697	-1.5663	-1.1323	-0.8136	-0.1293	-2.2444	-0.4663	0.1008	0.0935	-0.4653	1.0248	-1.2620	-1.3854	0.4311	-1.5287	0.4479	-0.5741	-1.3263	-2.3104	-1.0134	-0.4415	1.1671	-0.7943	0.8086	-1.3513	-0.3344	-0.6449	-0.2014	-0.1561	0.4295	-2.1232
-0.4734	0.9387	-0.7537	-0.4294	-0.7760	-0.4289	-0.4829	0.3102	-1.9050	0.0430	-0.1487	-0.4554	-1.6577	-0.0320	-1.7296	-0.1189	-0.2206	-1.5423	0.9034	-0.3364	-0.4475	-0.8371	-1.5113	-2.1048	-0.8016	-0.4274	0.1919	0.2089	1.1253	-2.0975	0.6622	-1.1966	-0.9822	0.9623	-0.9437	-0.3457	-0.8798	0.9168	-1.2392	1.1798	-0.8423	-0.0705	-0.1796	-0.6693	-0.6719	1.2609	0.8839	-0.3106	-0.7484
-0.8913	0.2936	-0.5185	-0.6178	-0.6596	-0.7592	0.8531	-0.5441	-0.7483	0.8423	-1.4145	-0.7503	-1.3562	0.6131	-0.8273	-0.3795	0.7874	-1.3220	0.5044	-1.0000	-1.0438	-2.1081	-1.1518	-2.0848	-0.6511	0.0182	-1.2600	-0.4079	2.0603	-1.8513	0.3530	-0.4395	-1.4610	0.8171	0.4527	-0.6761	-0.0348	1.8790	-0.2811	0.9333	-0.4935	0.6205	0.0602	-0.3184	-1.0410	1.3936	1.6803	0.4772	-0.0564
-0.3845	-0.3578	-0.1778	-0.8197	-0.4206	-1.2139	-0.0737	0.3439	-1.5127	-0.8597	-2.2372	0.5755	-0.5600	0.1367	-0.4722	-0.7562	1.1291	-0.6428	0.9162	-1.6654	-1.1860	-0.6994	-0.5928	-1.3031	-0.1500	-0.0377	-0.4719	-0.9930	2.1149	-2.1751	-0.5134	-0.3647	0.1068	0.5033	1.8444	-0.3237	-1.8463	0.0883	-0.2063	1.3359	0.5337	0.5746	-0.5059	0.6835	0.1929	1.1442	1.4292	-0.1274	-0.5097
0.1280	-1.4497	-0.3596	-0.2214	-0.8314	1.6528	0.1622	0.7462	-2.0387	-0.1797	-0.6678	-0.6081	-0.4529	0.3550	-1.8086	1.2207	1.0537	-1.3312	0.5600	-0.3686	-0.1396	-0.2956	-1.5403	-1.2769	-0.3117	0.5062	0.2583	-0.0849	1.1961	-1.5298	-1.1693	-1.3759	-0.8772	0.8335	1.3954	-0.1720	-0.7440	0.6681	-0.3077	0.4291	-0.7407	0.2023	-0.1385	-0.1084	0.3771	-0.3714	0.1955	-0.0997	-0.4364
0.5520	0.9252	-0.7777	0.8039	0.8602	3.3768	1.4886	0.7066	0.2110	1.1322	-0.0676	0.7182	-0.4032	0.6215	0.3091	1.8169	0.1617	-0.0392	-0.0607	1.4131	0.4127	-0.6047	-0.0098	-1.3364	0.9654	1.7914	0.4627	0.5660	0.4576	-0.9727	-0.1900	1.1313	-1.3810	2.7527	0.3203	-0.1699	-0.7020	1.3431	0.0232	1.0778	-0.2085	-0.2395	0.9107	-0.4833	0.3051	1.1804	1.1670	0.3754	1.0806
0.3582	1.3686	0.1849	0.1790	-0.2138	0.4220	-0.5237	0.7744	0.8336	1.3060	-0.7488	0.1634	-0.3543	1.6928	1.3887	0.1394	0.9927	1.4826	0.2449	1.4358	0.4636	0.4832	0.6310	-0.4221	2.5079	1.5129	2.0129	0.5802	-0.5265	-1.2763	0.1580	1.1580	-0.0474	1.9771	-0.0603	0.9178	-1.7627	0.6382	0.5902	0.4298	1.5729	1.2766	0.7987	-0.5620	1.3365	0.0527	0.8817	0.8105	-0.1934
-0.6335	1.0554	0.1954	1.6091	-0.6366	1.7599	-3.8351	0.1556	0.8501	-1.0942	1.0197	-0.3929	0.4264	0.6456	0.1962	0.1203	1.9522	1.7602	1.4798	1.5371	2.1838	2.2533	1.0413	0.5614	2.6215	-0.4813	1.1263	-0.5754	0.0948	0.5971	0.6100	1.0551	1.4361	0.6169	0.2697	2.1351	0.6798	-1.8970	1.2413	-0.8965	0.4983	3.6617	0.1479	-1.6551	1.8736	-1.1820	0.2080	0.1337	-0.4828
1.8000	0.0162	1.7648	2.6520	2.4638	3.1237	-4.4367	-3.8505	1.3956	-3.5698	0.7921	-0.8433	2.3429	-0.1064	0.8930	1.7572	2.9726	1.4140	0.7879	1.2353	1.8116	3.1513	2.0213	0.3878	3.1255	-0.5071	0.7487	1.2057	-0.6018	-0.6972	1.9120	3.4980	2.3938	0.5572	0.1208	2.6944	2.0414	-3.6348	0.6524	0.0092	-1.8390	3.5596	-1.3981	0.7006	1.6461	-0.9759	0.1402	-1.7282	-0.2639
1.6722	0.4235	0.5387	1.4970	0.8825	2.8457	-2.4285	-0.2252	1.5048	-0.1385	-1.2559	0.4657	0.9504	0.7136	-0.8528	1.2772	2.4018	3.4871	1.3451	0.6621	-0.1477	2.7703	-0.3578	1.4429	1.8446	-3.7995	0.6845	1.1408	-0.9383	-0.4668	0.5687	1.5612	-0.5616	-0.4073	0.2678	1.1060	-1.6568	-0.9040	0.9157	-0.4992	-0.5905	1.7887	1.1401	0.0611	1.6773	-1.7346	1.3896	-0.6521	0.2753
2.3636	1.3655	-0.0345	-0.0617	4.5994	0.3565	1.1893	-1.6044	1.0394	-1.2059	1.0142	2.7439	0.1553	0.1993	0.3800	-1.0596	1.8510	2.6275	-0.8523	2.8144	0.1264	1.0971	2.6987	-0.6060	1.8621	2.3604	-0.8354	1.0771	-1.0462	0.0580	-0.4021	1.7875	0.7875	1.1544	-0.6446	0.2250	-0.5270	0.5974	1.5555	0.3649	1.2713	-0.5778	0.2832	0.5949	0.5348	0.3651	0.8328	-0.2828	-0.1079
-1.0460	1.3506	0.0708	1.2882	1.8748	0.4670	-1.1670	-0.9109	-1.5229	0.1046	0.5684	0.2397	-1.0920	0.8082	1.1375	-0.2927	1.1465	1.4899	-2.4660	0.2832	0.3520	1.5855	1.1955	1.9281	1.9099	0.8276	0.0648	1.3004	-2.0420	-0.2637	-2.0249	0.1957	1.1907	-0.8202	-1.2824	1.3818	-0.5095	-0.0060	2.3230	0.2363	1.6398	-0.7552	3.2964	0.3426	1.4552	0.1265	0.9887	-0.3313	1.5768
-1.1786	2.3029	0.0917	0.6532	-0.0787	0.6342	-1.0620	-1.0522	-1.6380	1.0551	-0.3063	-0.8072	-0.3589	0.9386	-0.1797	-0.4735	1.4485	0.7461	-1.9416	0.2126	0.9721	2.1049	-1.0188	2.1298	1.7117	0.3573	1.0273	0.5594	-1.2176	-0.2432	-2.0113	-1.3185	1.4071	-1.4012	-0.4536	1.5991	0.5775	1.1478	1.9976	-0.2986	1.7404	-0.0290	3.8923	0.0459	1.9394	-0.4472	0.4677	0.3545	1.5833
-0.9219	2.4093	0.9535	0.9334	-0.0978	1.4710	-1.5982	-1.3533	-0.1420	1.4469	1.1499	0.2444	1.2256	0.7892	-0.5464	1.0089	1.9155	-0.2723	-0.8280	0.3936	0.8497	2.0353	-0.4296	1.1781	1.3755	0.7580	0.3502	-0.4938	0.3143	2.1020	0.0068	-1.2150	2.5003	-2.0269	-0.8057	1.0060	0.1879	0.8494	2.1249	-0.3521	2.8452	0.0710	2.3444	0.8415	1.4622	-1.9396	0.4105	-0.1198	1.5347
-0.1326	2.3185	0.8626	-0.0039	0.2640	-0.2727	-0.8221	-1.7784	-0.2364	2.2918	1.5676	0.5344	0.3027	-0.1190	-0.9342	-0.3171	0.7379	-1.1005	-0.3106	0.7894	0.8866	1.0975	-1.1246	2.2211	0.1927	0.3945	-0.6077	-1.0605	0.6097	1.2193	1.2348	-1.6646	2.0308	-0.7039	-1.5931	0.5726	1.7830	0.5867	2.6179	-1.1436	3.0061	-1.2031	2.8465	0.2883	1.6607	-0.3114	0.7555	-1.0201	2.6413
-0.7659	1.6807	0.2828	-1.8343	-1.4464	-1.1529	-0.2226	-1.3566	-0.1608	1.4841	0.6717	0.2187	1.2133	-0.9466	-0.8949	0.1802	0.3020	-1.1793	-0.9143	-0.1965	-0.0193	0.3807	-0.4635	2.8109	-0.1545	-1.8111	-0.8701	-1.7384	0.0431	1.9758	1.2648	-0.4291	0.8386	-1.0799	-2.2969	0.2331	2.2097	-0.3218	1.5868	-1.4358	1.0403	-0.6767	1.1722	-0.3695	2.1753	0.6384	0.5285	-1.1174	0.6320
-1.5497	-0.3672	-1.2687	-0.9911	-1.4981	-0.6104	1.2816	0.3392	-1.0664	-0.8554	-0.3729	-0.7224	-0.5985	-0.5256	-0.7851	-0.9937	0.4505	-0.8817	-1.1337	-0.4726	-1.6670	-0.2336	-0.9419	0.9581	-0.0831	-1.9759	-1.2569	-2.4831	-2.6514	-0.2041	-0.7469	0.9127	-0.7418	-1.1816	-1.5163	0.1801	0.4944	0.3556	0.5412	-1.5666	1.0936	-0.7045	0.6035	-1.0045	1.7764	1.1458	1.3075	-1.4583	-0.6306
-2.1157	-1.5372	-1.3708	-0.6514	-0.4472	-0.1803	0.5979	0.2300	-2.3174	-1.5247	-1.9447	-0.9788	-0.1757	-1.2657	-1.2082	-0.9465	0.5652	-0.8191	-2.3598	-0.6987	-1.8293	0.2614	-0.7961	0.7067	1.0702	-0.6780	-1.7140	-2.1368	-2.4837	0.4650	-1.4101	-0.0901	-1.5037	-0.1120	-0.3904	0.4702	1.3135	-1.0898	0.4151	-0.8968	-1.0660	0.8179	-0.6865	-1.3318	1.2328	1.5495	1.6713	-1.2798	-1.3194
-2.3467	-2.0453	-1.2617	-1.0019	-0.3704	0.5076	1.4760	-1.3088	-1.6222	-0.3470	-1.9303	0.1098	-1.1474	-0.1636	-0.0903	-0.8691	0.1600	-0.4961	-2.1583	-0.8728	-1.2543	0.6954	0.5671	0.6331	1.6048	-0.2273	-0.5086	-2.0151	-2.2894	-1.2927	-1.7839	0.0779	-0.9052	0.2520	-0.2335	0.7512	-0.8274	-0.8570	0.5244	-0.0922	0.4562	0.8422	0.1531	-0.9381	1.3188	0.3165	0.5659	-0.4265	-2.0179
-1.8922	-1.3925	-0.4524	-0.0932	-0.7750	1.5636	1.2020	-1.4522	-1.9222	-0.0007	-0.4491	-0.0042	-0.7417	-1.2197	-1.1107	0.7194	1.5147	0.1969	-1.8723	-0.0632	-0.5938	1.2588	-0.3809	1.0093	1.4508	0.0519	-0.0673	-0.7086	-1.8826	-1.4784	-1.1794	-1.3065	-0.1004	-0.1911	0.2963	1.5285	-0.4338	0.2774	-0.7159	-0.3352	-0.1534	1.4495	0.4670	-1.2696	1.4740	0.4101	-0.2832	-1.3080	-0.8752
-1.5883	-0.3394	-0.2796	0.5288	-0.5148	1.3010	1.6522	-1.2732	-0.5789	1.4505	-1.1500	1.5018	-0.8815	0.1711	0.0912	0.7225	0.9962	-0.2304	-1.5265	0.8266	0.2574	0.5472	-0.2593	0.3470	1.2824	0.3677	0.0786	-0.4606	-2.4918	-1.9409	-0.3714	0.4933	0.0446	0.1362	0.1555	1.7721	-0.1834	-0.1692	0.1769	-0.3627	-0.3432	0.6123	0.7546	-0.4439	1.9109	0.8275	0.2432	-0.5907	0.6148
-1.2993	1.0031	-0.4071	0.0759	0.1828	0.1017	0.9398	-1.4772	0.1803	-0.0439	-0.5115	1.7017	-0.9034	0.2696	0.2739	-1.0428	1.6920	0.4438	-1.3687	0.4961	-0.1572	0.4139	-0.3706	-1.5553	1.5606	0.5772	0.1118	-1.0451	-1.6343	-0.7402	0.2693	1.7833	1.1678	-0.6623	0.1173	1.4428	-1.0692	1.2476	1.1771	-0.3544	1.7282	0.3539	1.3313	-0.0655	1.6179	1.2858	1.1207	-0.5060	1.5673
-0.4735	0.2597	-0.2645	-0.9619	-0.1150	-0.3443	0.3786	-1.3649	0.4358	0.7455	-0.9017	0.3073	0.1780	0.9790	-0.0419	-1.6128	1.4767	0.6955	-0.9821	0.5589	0.2672	0.7483	-1.3326	-0.0601	0.9863	1.1018	0.6265	-0.8654	-1.2915	0.0003	-0.0511	0.8530	0.1528	-0.3023	0.1773	1.8418	0.1448	1.4748	2.1914	0.1168	1.2793	0.4749	1.1079	0.4241	1.9729	-1.0260	-0.3870	0.3697	0.6376
-0.5458	-0.4899	-0.5426	-0.1981	-0.0527	1.1197	-0.0934	-1.0866	-0.2792	-0.3959	-0.6400	-0.0081	-0.0708	0.7081	0.7227	-1.0814	0.1938	0.9341	-1.1471	-0.3211	0.7701	0.7822	-0.9217	0.0575	0.8245	-0.3201	0.5342	-1.2677	-0.1020	1.1656	-0.0819	0.3908	2.3029	-0.7880	0.1412	1.2130	-0.3315	-0.0575	1.5549	0.1846	2.0254	0.0114	0.3914	0.6418	1.4061	-0.3668	0.1807	0.1512	0.1893
0.1674	-1.3134	-0.5363	0.6294	-0.3226	1.1353	-0.4670	-0.9099	-0.5197	1.3385	1.0322	-0.7765	-0.0424	0.4318	-0.4310	-0.7033	-0.0068	-0.3558	-1.1214	-0.7135	1.8027	-0.1683	-0.9377	0.2505	-0.1593	-0.3094	-0.6652	-0.7080	0.6636	1.1003	-0.8713	-0.8463	1.5621	-0.8020	0.1964	0.2867	1.4615	0.9243	1.3415	0.1198	0.5538	-0.8833	0.0280	-0.3041	-0.1535	-1.2340	-1.4338	0.1095	0.1471
0.3075	-0.3378	-0.7946	0.8583	-0.0757	0.8755	-1.4425	-0.4459	0.5239	0.8322	0.8618	1.1047	1.0145	1.0971	-0.0565	-0.0228	-0.7934	0.8884	-0.7126	0.1327	1.4734	-0.0070	0.1720	-0.0924	-0.0160	-0.8279	-0.2114	0.8292	0.5388	0.5282	-0.0628	0.5215	1.0547	0.3589	0.1445	0.2431	0.3758	0.4727	0.0283	0.7618	-0.2305	-1.2301	-0.2675	0.2020	-0.3415	-0.1884	-0.1708	1.0650	0.5049
0.5045	-0.2972	-0.8800	0.9365	-0.2296	0.9758	-0.3574	-0.3605	1.0088	0.9796	-0.1972	0.5584	0.7330	1.5444	0.3321	0.1352	0.1832	1.6155	-0.8076	0.6186	1.0571	-0.7428	0.2761	0.2197	0.4595	-0.8058	0.0678	0.3057	0.1976	0.6539	-0.2886	0.5030	0.5326	-0.3687	1.1016	0.6075	-0.2728	1.5248	0.9182	0.3713	-0.3985	-0.1960	0.1304	0.4839	-0.1321	-0.0294	-0.4119	1.6414	-0.9957
0.4324	0.0988	-0.5153	-1.0716	-0.5706	-0.9246	-1.1245	0.2802	-0.2179	-0.3958	-0.7813	0.2279	0.0552	0.6953	0.1302	-0.6864	0.5015	1.9335	-0.7598	0.0546	0.7330	1.0321	0.4949	0.9387	0.5119	-1.3848	0.7698	-0.8241	0.4424	1.0781	-0.3244	-0.1943	1.5856	-0.6054	1.5073	1.7186	-1.4690	0.4461	1.4271	0.1086	0.6789	0.3102	-0.7640	1.0604	1.0534	1.0458	-0.4500	1.5953	-2.1666
-0.0501	-1.3068	-0.8841	-0.3382	-1.3633	0.3168	0.7479	0.0253	0.0519	0.5083	0.6741	-0.4607	-0.0932	1.6435	-0.0925	0.2447	0.3926	1.3471	-1.0866	-0.1827	2.0666	0.5975	0.6413	1.1140	0.5579	-0.1569	0.8022	-0.4065	0.0228	0.9813	-1.1623	-0.0341	0.3580	-0.2326	0.7071	1.9626	-0.4270	-0.4327	1.1493	-0.1505	-0.0812	-0.4517	-0.9237	0.4117	0.9995	-1.1932	-1.9768	1.6777	-1.8442
0.5402	0.3586	-0.3212	1.1219	-1.0115	0.2392	0.3305	-0.1554	-0.3017	0.5007	0.9366	-0.1365	0.1394	1.5736	0.1079	-0.5746	0.2951	1.8916	-0.6849	0.4550	2.0940	0.6598	-0.2915	-0.4710	0.2056	-0.2014	1.1195	0.2610	-0.6574	-0.4613	-0.5668	-0.0778	0.8315	0.4662	0.5346	2.2576	-0.8567	-0.1596	0.1390	0.3938	-0.4363	-0.9597	-0.0740	0.1541	0.6511	0.6625	-0.5976	1.8058	0.3011
0.8787	0.1154	-0.6118	2.2983	-0.2699	0.7650	1.7201	-0.4126	1.2823	1.7133	0.5677	0.8045	2.1099	2.5316	1.4486	1.7730	-0.8858	0.8050	-1.0172	0.9612	1.4828	-0.2965	-0.0065	0.2898	0.0059	0.7978	0.1743	0.0518	-0.2144	0.8625	-0.0036	0.6327	0.2171	1.0909	-0.2263	1.1344	0.5051	-1.0622	-1.1383	0.0972	-1.1724	-1.7680	0.0237	0.0170	-0.2284	-0.3814	-1.3518	2.1527	0.7594
0.8304	-0.1978	-0.2226	1.0943	0.3507	-1.6319	0.6315	0.4074	1.3129	0.2792	1.8621	1.2714	1.3817	1.9699	1.3920	-0.0883	-0.2852	0.6025	-0.3115	0.9404	0.1349	0.2357	-0.3904	0.4001	-0.8445	0.1639	-0.3722	-0.5510	0.0005	-0.8011	0.6422	0.6961	-0.2100	1.4395	-0.0571	0.5900	-0.4098	-0.3063	-1.2526	-0.9104	-0.2831	-2.2833	0.4400	-0.0826	-0.5899	0.5221	0.1979	1.7522	0.9865
0.5890	-0.9579	-0.8248	0.9410	-0.6717	0.1000	1.3264	0.7552	1.3035	-0.6920	1.2412	1.5949	1.2513	0.3599	0.4136	0.8369	0.2665	-0.4767	-0.4882	0.4471	0.9341	0.3329	-0.4719	1.9265	-1.4431	-0.5459	-0.4807	-0.6950	0.4602	0.2165	0.9820	0.5179	0.0854	0.5686	-1.5970	-0.2220	-1.1061	-2.1793	-0.8935	-2.2088	-0.4945	-0.7396	-0.0321	0.5842	-1.1318	-0.5183	-1.4549	0.7400	-1.1079
0.9646	-0.2443	-0.6682	-0.3317	-0.5219	-1.0128	0.4329	1.1369	0.4587	-0.0382	1.5437	0.0008	-0.9447	0.1148	-1.3895	0.4192	0.1086	-0.1433	0.5057	2.0966	0.8298	0.2929	-2.0440	1.1348	-1.9506	-1.7277	-0.6161	-0.2654	-0.0308	-0.1666	1.3717	-0.8288	0.3252	0.9482	-2.2137	-0.5952	-0.1290	-0.5873	-1.3334	-2.5442	-1.6474	-1.4056	0.7767	-0.2605	-1.3595	1.3753	-0.3083	-0.0006	1.1737
0.8692	-0.3507	-0.7753	0.2932	-0.7242	-0.3488	1.2799	0.5119	1.7839	0.8007	-0.0033	0.3245	-0.2264	0.5945	-0.2711	1.7598	-0.9372	-0.3616	0.6458	1.7595	-0.0370	-1.0240	-0.6962	0.6090	-1.6656	-1.1905	-1.7396	-0.6297	0.0122	1.6198	2.1502	0.2874	-0.5105	0.5745	-1.8143	-1.6658	0.3443	-0.6625	-1.4299	-2.3721	-1.7869	-0.9795	0.0086	-0.5303	-1.9759	0.1884	-0.2679	0.2002	0.3821
0.1469	0.9661	-0.5904	1.0847	0.4406	-0.2189	0.0279	0.4363	1.3388	-0.6505	0.5640	1.0923	-0.1998	1.0148	0.6236	0.6721	-1.6247	-0.0723	0.8097	1.9160	-0.5772	-0.4383	-1.1903	-0.2773	-1.6429	-0.3784	-1.6613	-0.8337	0.8767	0.6285	2.7575	0.1604	0.2541	0.8260	-1.4495	-1.4341	-0.6306	-0.7103	-1.4137	-2.6466	-0.8638	-0.5917	0.4755	-0.7400	-2.0363	0.9229	1.7404	-0.0972	1.1658
1.4098	1.8489	-0.3703	-1.2008	-0.0814	-1.4624	-0.2163	-0.0680	1.3959	0.1120	-0.3679	1.1923	1.6589	0.8404	0.9274	-0.1027	-0.8759	0.0131	1.4396	1.1839	-0.0513	0.4721	-2.3872	-0.4040	-1.4140	0.3670	0.7839	-0.3025	1.1016	0.4835	2.6202	-0.1101	-1.0029	0.4964	-0.7504	-0.9523	0.6536	-0.4349	-0.3360	-2.0150	-0.4885	0.0778	-0.3255	0.0791	-0.3689	-0.4486	1.3963	0.8544	0.5911
2.5568	1.8433	-1.3322	-2.3558	0.6363	-1.7515	3.7338	0.7855	2.7636	-0.7213	2.5021	-0.3342	-0.2293	-0.8504	0.2479	-2.9132	-0.0121	1.2955	2.9227	2.2894	-0.0813	0.3094	-0.6330	-1.6267	-1.9130	-0.0087	0.8083	-0.0375	1.4797	-0.5471	1.6001	1.0382	-1.7861	-0.3353	-0.7673	-1.9255	0.6660	0.0047	-0.3863	-1.2805	0.9902	-2.0315	-0.4955	0.4190	-0.7593	0.4226	0.0732	1.1278	0.3481
2.3780	-1.4594	-0.2475	-1.8208	4.9714	0.4605	2.8985	0.2378	3.3870	-1.9715	2.8358	-1.9513	-0.4518	-2.0005	0.3567	-2.8260	0.9753	1.5058	2.8167	3.2980	0.2012	-0.3160	4.2774	-0.0938	-1.4008	2.0721	0.2171	2.7426	0.8961	0.9044	0.3325	2.9711	0.1635	0.4521	-0.2878	-1.8821	1.4786	-0.2143	-2.8913	-1.5496	-1.3707	-3.3038	-3.2119	0.9276	-1.6864	-2.8918	-0.8972	0.0521	0.0358
2.7798	0.1345	-0.1365	-1.8978	3.5053	-0.8659	0.7818	2.3041	2.9195	-1.0360	-1.1899	-0.7387	0.4092	-0.1046	0.6606	-1.3372	0.8625	0.8938	2.4103	0.2564	0.0436	-0.4548	3.2581	0.7963	-2.1450	-0.0701	-0.4274	1.5760	1.0895	0.8589	-0.4503	1.7986	-1.3446	0.0050	-0.8338	-2.4865	-3.2120	0.3366	-0.9064	0.3854	-0.5143	-0.4866	-2.4355	1.2867	-1.0439	-0.1167	0.3072	0.3767	-1.1709
2.6555	0.9677	-0.0839	-0.5923	1.5932	-2.3571	-0.7703	4.5014	1.0346	-1.4002	-0.4689	-0.3351	-0.1941	0.6641	0.3547	0.2368	-0.3690	-0.4685	0.7884	-0.2354	-1.1752	-2.0034	0.3966	-1.6796	-0.7573	1.1453	-0.4314	2.6415	1.0914	1.1200	0.5760	0.7382	-2.5983	-1.3273	-0.8335	-1.0990	-0.9724	-0.5209	1.3674	0.7061	0.9938	-0.6094	1.4439	0.1377	-0.4732	2.2501	1.2785	0.7146	1.0378
1.5318	0.1418	0.7236	0.2518	1.0135	-1.3243	-2.0961	3.8581	-0.4146	-1.7278	-2.1769	-0.8510	2.6696	-0.0490	1.8876	0.4073	-0.1320	-1.5567	0.0749	-1.3168	0.5652	-0.1943	1.1749	-0.6297	-0.1422	1.2150	0.7557	3.0657	0.5507	2.0938	0.3268	0.5020	-0.1575	-1.1636	-0.3736	-0.0960	-1.0990	-1.5397	-0.1709	-0.6329	-0.1587	0.8186	-1.5204	0.8373	0.0351	0.4429	0.9372	-0.3577	-2.2009
1.2451	-0.1267	1.2019	-0.5978	1.1582	-0.9298	-0.7787	3.2882	0.3886	0.5613	-0.8883	-0.6577	0.7669	0.5967	1.5888	-0.9080	-0.5209	-1.4028	-0.0029	-0.4851	1.2104	0.2339	0.6651	-0.2599	-0.9929	2.1146	0.4599	2.3997	0.2177	-0.2193	0.9164	-0.5309	-0.6737	-0.5719	-0.3802	0.0154	-0.2111	0.7295	-0.3104	-1.0103	0.1253	-0.4647	-0.6497	1.2387	-0.4569	-1.2601	0.1047	-0.0106	-1.2065
1.4448	-0.4052	1.0399	-0.1851	-0.1986	1.0459	-0.1170	2.0813	0.6106	-0.1756	0.7232	0.7243	1.2989	-0.1252	1.8543	0.0548	-0.1537	0.6041	-0.3476	-0.3221	0.7858	0.9373	1.5053	-0.7845	-1.3006	0.8245	0.9108	0.2979	0.6709	-0.2849	0.4476	-0.2764	1.4908	-0.7874	-0.5847	-0.2465	-1.7984	0.1686	-1.3422	-0.1216	0.9614	0.4257	-1.0478	2.4287	-0.5144	0.6100	-0.2983	0.2798	-0.4250
2.4096	-0.9921	0.0164	0.4307	-2.1692	0.2422	-1.7954	-0.0703	1.1047	0.4503	2.2065	2.2847	-0.7507	-0.7442	-0.6599	0.5234	-0.8033	2.0887	0.8036	-0.1206	-0.3602	0.1593	0.3599	-0.7056	-0.6834	-0.7818	-0.3162	-0.6827	0.0437	-0.1475	-0.7316	-2.6164	1.3208	-0.5265	1.1038	-0.7023	2.3198	-0.2323	-1.0417	1.3932	0.4021	0.7509	0.8028	1.3728	-1.3289	-0.3166	-0.9042	-0.7585	3.0421
0.9180	1.1098	-1.7570	0.2387	-2.0618	-0.6142	0.8710	-0.4139	1.5681	0.9136	-0.8592	1.0026	-0.6577	-0.3225	-1.2352	-0.5945	-1.8877	0.0638	1.7460	-0.8426	-1.3269	-1.8415	-0.1564	-0.2694	-1.4718	-3.2693	0.8764	-0.9075	0.0142	2.0692	-1.2593	-1.6847	-1.4051	0.9615	1.4311	-2.1980	0.6977	-0.7383	-0.3614	2.6033	-0.6102	0.2074	-0.6386	1.0019	-0.2805	1.3979	-0.0002	-1.1101	1.3297
-2.2237	-0.7451	-1.0081	-0.9223	1.3614	0.1383	0.9264	-0.4178	-0.4342	-0.2924	-0.3417	-1.5298	-1.6487	-1.4807	-0.7219	-0.8123	-2.1739	-2.2106	0.5449	-0.2157	-2.4010	-2.4406	-0.2463	-0.6672	-1.4870	-0.6246	-0.8077	-0.0058	-0.6075	-0.2284	-1.0305	-1.0213	-3.6024	-0.0632	0.2879	-2.0686	-0.2087	-1.0646	-0.8467	1.7338	-0.9271	0.6018	-1.7190	-0.9094	-1.5013	0.8512	0.3983	-1.1953	-0.1722
-2.3725	-1.9460	0.7484	-0.9430	-1.2517	-0.0595	-1.3737	0.6493	-1.7537	-2.1399	-0.7351	-2.7588	-0.5451	-2.0012	-0.5948	1.4140	-1.6282	-1.2961	-0.9697	-2.1686	-0.7714	-0.7328	-0.7891	-0.9065	0.1155	-1.9447	-1.5505	1.7071	-0.2653	-0.2716	-1.7734	-1.8874	-1.3040	-2.5997	0.6924	-0.6705	-0.8295	-2.0758	-1.8001	0.7950	-1.3544	2.3073	-2.3022	-1.8777	-1.0325	-2.3553	-0.9890	-2.4428	-2.3451
-1.3070	-0.3945	0.9126	-0.5056	-0.8553	-0.1122	-1.2684	0.6522	-1.7183	-1.1569	-1.0156	-2.3412	-0.1659	-2.0363	-0.4186	2.0058	-1.7431	-1.4063	-0.9417	-1.1660	-0.8008	-0.8672	-0.8208	-1.5216	-0.0629	-0.5311	0.6081	2.5556	-0.9300	-0.0537	-1.2944	-1.3356	-1.1205	-1.3626	0.7988	0.2685	-0.8779	-1.3831	-1.0695	0.3314	-1.2904	0.4915	-1.3861	-0.9838	-0.7714	-0.7588	-0.8129	-2.3824	-2.6519
-0.8772	0.9560	2.5078	-0.2132	-0.0245	-0.7618	-0.8641	-0.2146	-0.2471	-1.1500	-0.6462	-0.8503	1.0170	-1.5387	0.6833	1.4102	-1.2861	-0.5033	-1.2361	-1.2614	-1.6026	-1.3017	2.3486	-1.6479	0.2612	0.6961	-0.0810	1.7134	-0.0590	1.2524	-0.6067	-0.4621	-1.0734	-1.3656	0.9425	0.0703	-1.0532	0.6340	-1.0413	0.8080	-0.4262	0.3917	-1.4188	0.6026	-1.4396	0.3818	0.2280	-1.9437	-2.2681
-0.4107	0.5664	3.1726	-0.6348	1.1322	-0.8774	-0.6646	-0.2861	-0.8052	-0.6289	-0.6006	-0.9891	-0.0963	-0.7714	0.7676	-0.1458	-1.6255	-1.4600	-0.0823	-1.2103	-2.2507	-0.2477	1.6199	-0.0406	0.2330	1.0738	-0.4435	0.2388	0.1082	-0.4737	-0.8478	-0.5481	-1.1564	-0.8229	2.1435	0.0678	1.2088	0.7161	-1.3510	1.4493	-1.4563	-0.7106	-1.5471	1.4070	-1.3656	0.8597	0.3696	-1.6213	-1.6013
-0.9937	-0.8310	3.1300	0.3517	-0.4825	0.7051	0.2813	-0.4566	-1.9369	0.3190	1.5095	-1.2896	-0.5542	-1.6037	-0.6144	1.4912	-0.9849	-2.0653	0.4973	-2.1317	-1.7573	-0.0587	0.6270	-0.2687	-0.1983	0.5567	-0.9659	-0.2687	0.9930	-0.7670	-1.5822	-1.4940	-0.3424	-1.5477	2.3732	-0.3806	1.8047	0.6149	-2.0161	1.2535	-0.4160	0.0059	-0.7303	-0.1451	-1.8295	-1.0560	-2.3426	-1.5152	-0.7528
-1.3641	-0.6689	2.4315	-0.2368	-0.3261	0.2423	0.4940	-1.2999	-0.9314	1.9686	0.6035	0.2556	-0.9149	-0.6307	0.4791	1.4001	-2.1153	-1.9079	-0.1717	-1.2030	-1.9842	-0.9250	0.2858	-1.2066	0.3392	0.3761	-1.3381	0.3322	0.2282	-1.5175	0.3928	-0.3516	-0.0406	1.0780	1.9650	-1.1414	0.5837	1.4425	-2.1456	1.9890	-0.1678	-0.9043	-0.6194	0.1678	-1.7133	-1.0661	-0.1280	-0.9966	0.1230
-1.2431	-1.2146	2.6652	0.9407	0.3088	-0.2749	-0.8900	-1.9142	-0.8185	0.3188	-0.3206	0.1263	-0.6696	-0.8099	0.2761	0.3759	-0.6366	-0.8136	0.4062	-1.3372	-2.3355	-1.4132	0.5183	-1.7136	1.1363	0.9846	-0.3351	0.2034	0.2154	-1.6195	1.0368	-0.8272	0.0702	1.1636	2.3453	-0.6493	-0.2557	-0.2543	-1.4592	1.2920	-0.2409	-0.2557	-0.9937	-0.0652	-1.2810	-1.3880	0.1521	-1.0047	-0.4277
-1.7272	-1.2014	1.9768	1.4321	-0.2663	1.7387	-1.0039	-1.8371	-1.3651	0.5051	-0.3250	0.2668	-0.5625	-0.3698	-0.4710	0.4402	-0.8761	-1.1692	0.8325	-1.5236	-1.3751	-0.5504	0.6242	0.1101	0.5478	0.7567	-0.4873	-0.6553	0.3053	-2.1965	0.8843	-1.1317	0.4990	0.7505	2.3133	-0.1707	-0.3056	0.1216	-0.8042	0.6067	1.6066	0.7183	-0.2216	-0.3885	-0.4995	-2.4408	0.0051	-1.4691	-0.7616
-1.6975	0.3737	2.2903	-0.0409	-1.2430	1.2307	0.8424	-0.7166	-1.4776	0.6329	0.2057	-0.2841	0.9832	-1.4206	0.1192	1.3785	-1.1570	-1.4897	-0.3485	-0.6582	-0.9190	-0.9058	0.4113	0.8007	0.1287	-0.1233	-0.5867	0.6426	0.4923	-0.2988	1.2986	-0.8531	0.1117	1.7348	0.6803	-0.6940	0.7089	1.2156	-1.7216	1.0770	-0.4870	0.9026	-0.5590	-1.1184	-0.1735	-0.6832	-0.1731	-2.3914	0.2468
-0.8437	0.3659	2.7044	0.2958	0.7836	-0.5252	0.1821	-0.9094	-0.4142	0.6378	-0.7885	-0.1799	0.3149	-2.1195	0.9587	0.7874	-0.7781	-1.7632	0.6804	-1.3003	-1.6656	-0.9813	1.6364	-0.1590	0.0541	0.2286	-1.5013	0.9454	1.4717	-0.1261	1.4122	0.9113	-0.0729	2.4221	-0.4218	-1.0571	0.2009	2.0869	0.0416	1.5697	-0.1944	0.7483	-0.4373	-1.2327	-1.3949	0.1996	-0.4405	-1.4269	0.9092
-0.0789	0.3149	2.5771	0.7854	0.1887	-0.1150	0.5010	-1.4257	-1.2473	0.8726	-2.4241	-1.6062	1.9694	-2.2354	0.0455	2.6378	-0.8050	-1.7762	2.2756	-1.9518	-1.3376	1.1422	0.6782	0.8479	0.3235	-0.3691	-0.8833	1.2623	2.0690	1.4563	-0.0817	1.7318	0.2618	1.8209	0.0440	-0.3150	1.1342	0.9469	1.1101	1.3922	-0.6296	0.5479	-0.4007	-1.6464	-0.5368	-0.5091	-1.5004	0.4500	1.3897
-0.8994	0.5507	1.7804	-0.1030	0.4647	-1.2145	-0.3382	-1.3714	-0.9085	1.3744	0.3715	-1.4055	1.3444	-1.3893	1.5296	0.8863	-0.7272	-1.1982	1.3211	-0.6838	0.4016	1.9512	0.8405	0.9334	1.1111	1.0140	1.1556	0.3913	1.5744	0.5796	-0.3213	1.2932	1.4332	2.2119	0.2959	0.5784	0.5707	0.1183	0.8102	0.0240	0.7685	0.1021	-0.3881	0.2838	-0.0693	1.0957	-2.0236	1.3433	0.9162
-0.4644	0.1654	0.4409	0.8489	0.1266	0.0627	-0.4188	-1.2550	-1.0629	1.3968	2.3791	-1.8759	1.1831	-1.0685	1.6770	0.5698	-0.1755	-0.7518	-0.9313	-0.1257	1.2863	1.9231	0.4045	1.7402	1.4661	0.8266	1.5374	0.4880	0.2202	1.5693	-0.9882	0.1697	2.7537	0.8408	0.1737	0.8934	1.9339	0.5674	0.1291	-0.4021	1.4928	-0.8319	0.4070	0.1602	0.7156	-0.0513	-2.8559	1.6357	-0.0466
-0.3481	1.3092	-1.2584	0.1704	-0.3367	-0.6293	-0.6226	-0.2861	-0.6970	0.5015	0.6581	-0.5342	0.6592	-0.2350	0.7769	-1.8254	0.4646	-0.5032	-1.8165	0.1566	0.1860	0.8179	0.2452	1.3459	0.5733	-0.2660	0.7829	-0.9019	-1.3155	0.5415	-1.1440	0.3896	0.9329	0.0414	-0.3498	-0.2514	1.3069	1.9171	0.7406	0.0870	1.5116	0.1185	0.5400	0.3538	0.8848	2.8644	0.6302	2.3491	1.3525
-0.3624	0.0319	-1.4014	-1.1870	-1.2130	-0.7422	-1.0817	-0.6908	-0.9887	-0.5657	-1.2267	-0.1193	0.2051	0.6195	-0.7380	-2.8500	1.5813	-0.1909	-1.1939	-0.0136	0.4695	1.0173	0.4926	1.6219	0.3301	-0.3954	0.2574	-2.6830	-1.3490	-1.0468	-2.1648	-0.2287	-0.5194	-1.7515	0.6061	-0.1312	0.9809	0.3057	1.2352	0.1968	-0.0208	1.4679	-1.0423	0.1167	1.5325	0.5151	-0.1781	2.4408	0.0303
-0.8685	0.2708	-1.8738	-2.0591	-1.8714	-1.1965	-1.4533	-0.2066	-1.6792	-0.9981	-0.3557	-0.0779	-1.3137	0.6819	-1.5639	-1.9275	1.2906	0.4736	-0.3319	0.1197	1.0861	0.7557	-0.6644	0.3830	0.0708	-2.1733	1.0519	-1.8561	-0.8710	-1.5055	-1.8318	-0.8520	0.1351	-1.2803	0.3025	0.5482	-0.4280	-0.6545	0.0031	-0.3607	-1.5422	0.8695	-0.6359	-0.2337	1.5767	0.4004	-0.5340	0.7721	-0.0247
-0.6671	-0.9517	-1.6993	-0.6585	-0.7427	-0.2927	-0.3905	0.2259	-0.1274	-0.2402	-0.9349	1.3367	-1.8297	1.8321	-0.4936	-0.4355	0.6916	-1.0596	-0.0205	0.2269	0.9807	-1.4016	-0.2559	-0.0579	-0.4236	-0.2238	0.1706	-1.5641	-0.9529	-1.5004	-1.1910	0.6617	-1.8739	-0.2875	-0.3909	-0.4739	-0.4237	-0.5430	0.4270	-0.3177	-1.6479	0.3648	0.2135	-0.2588	1.2196	0.6424	-0.5074	0.7103	0.0933
-0.5799	-0.1285	-1.1483	1.3495	0.5675	-0.7940	-0.1637	0.5533	0.2282	-1.5967	0.3093	1.4387	-1.9885	1.9713	0.2512	-0.3608	0.2189	0.2239	0.3949	0.6678	0.6274	-1.4045	-0.8696	-1.9499	0.2774	1.9066	-1.3814	-0.9970	0.4475	-1.5497	0.1102	0.4269	-0.5377	0.2207	-0.3061	-0.2222	-0.5154	0.5501	0.8381	0.1215	-1.0636	-0.0237	1.4265	-0.8425	0.4703	0.7195	1.1525	0.1972	0.9175
0.3229	-0.2780	-0.8540	-0.2883	1.1495	-1.5727	0.6597	0.3738	0.2824	-0.2458	-0.5516	1.1742	-0.6405	1.4166	0.2425	0.3886	0.1618	1.1263	1.3541	0.0907	0.2754	0.4669	-1.1927	-0.5497	0.9298	2.1427	-1.0090	-0.3343	0.6816	-0.9999	0.8704	-0.7807	-0.6885	0.0134	0.4293	0.3256	0.1949	1.2144	0.9731	-1.1905	-0.4583	-0.5465	1.2403	0.0130	0.2798	0.1715	2.1022	0.1386	0.2342
-0.0579	-0.8080	-0.7359	0.8084	0.0682	0.2330	1.4584	0.0049	0.2701	0.4772	1.3911	0.4323	-0.2238	-0.7844	-0.1837	1.4781	0.1007	2.0607	0.7744	-0.6091	1.3480	0.9281	-0.9617	0.1139	0.8939	-0.0573	-0.7719	-0.2229	0.6281	0.1649	1.8653	-2.2194	0.9871	-1.2276	0.3786	0.3109	0.8714	0.1916	1.3653	-1.2058	-0.6429	-0.8817	1.8894	-0.4416	0.1230	-1.4614	0.5468	-0.4643	0.2242
0.4765	-0.1285	-1.7736	0.8747	-0.6897	0.2633	0.9642	0.0504	1.0221	0.6540	0.1654	0.4509	-0.8096	-1.2221	-0.0460	1.6855	-0.6632	1.1576	0.1135	-0.7851	1.8068	-1.0750	-1.9038	-0.3941	-0.0744	-1.6169	-0.4171	0.1464	-0.6022	-0.0459	0.8368	-0.9896	0.6248	0.1091	-0.1704	-0.6404	0.7116	0.1807	1.3313	-0.4507	-0.7302	-0.8710	2.8326	-0.1523	1.0710	-1.0015	1.4107	-0.2444	0.0925
0.5395	0.4180	-1.0178	-0.1045	-0.1826	-0.3793	0.3691	0.5440	0.0949	-1.0763	-0.2726	-0.6652	-0.5521	-1.6412	-0.6276	0.3442	0.1664	0.1348	-0.3918	-0.8639	0.7540	-0.3385	-1.5947	0.2269	-0.3180	-0.6116	-0.0740	-0.6493	-0.2838	0.9382	-0.5858	-1.0567	-0.0885	-0.3193	-0.3355	-0.2713	0.3586	-0.1949	1.4186	-0.2273	-0.3429	0.4291	1.0343	0.0286	1.0578	-0.3134	1.4241	0.6249	-0.7043
-0.1674	0.2752	-1.2045	-0.3596	-0.2519	0.4255	1.1721	0.3672	-0.2931	-1.1745	-0.7086	-0.7354	-0.7173	-0.9608	-0.5492	-1.5223	-0.0333	0.1863	0.1608	-1.7881	0.7649	-0.2889	-0.8573	-0.0556	-0.4350	-0.7324	0.8837	-0.9215	-0.2583	0.2912	-1.8873	-0.0532	0.3133	-0.8347	-0.4832	-0.1076	-0.7492	-0.7440	1.2683	0.3890	1.2976	0.5740	0.3566	0.9022	0.8304	0.1569	0.3573	1.1239	-0.9231
0.5413	0.5847	-1.3106	0.3680	-0.6754	-0.0270	-0.0839	0.4907	0.6070	-0.7586	-0.8096	0.3945	0.8378	-0.0058	-0.5849	-0.4305	1.0087	0.6685	-0.2413	-0.9964	1.1788	-1.5945	-0.5647	-0.4927	-0.4484	-0.6914	1.1863	-0.7887	0.2664	0.5317	-0.5189	0.5104	0.5723	0.1469	-0.5252	-0.2725	-0.0658	-0.0131	0.7939	1.2463	-0.1095	1.0343	-0.6502	1.2908	0.2210	0.4193	-0.0939	1.5457	-0.5197
0.4129	-0.5916	-0.6232	0.2943	-0.5564	-0.5645	-0.3614	1.0168	0.4009	-0.7496	0.3562	0.2618	-0.1911	2.4245	-0.3702	-1.1415	1.0223	0.7968	0.3672	-0.2191	0.4774	-1.2620	-1.1155	-0.4644	-0.7264	0.0407	0.6961	-0.9199	0.3168	-1.2014	0.1729	-0.3974	-0.2739	0.2774	0.1152	-0.0358	1.4233	0.9997	1.0267	0.6396	0.1084	0.3103	-0.1391	0.1948	-0.0232	-0.3707	0.7363	2.6992	0.8487
0.0510	-1.6141	-0.3827	0.8443	-1.1541	1.0621	0.1747	0.9253	-0.5916	-1.1532	1.2287	0.0328	0.3441	1.0540	-1.1494	-0.3980	1.5285	-0.0590	0.2015	-0.6107	1.1936	-0.2205	-0.3136	-0.2607	-0.6613	-0.2975	1.0328	-0.6360	0.6673	-0.6488	-0.0163	-0.5818	0.1435	-0.6986	0.2805	-0.0715	1.5505	0.1735	-0.3291	-0.6020	0.3289	0.6940	0.1626	-0.9285	0.2491	-0.4776	-0.0775	1.4914	0.1962
0.4688	-0.2871	-0.8877	0.9623	-1.1102	0.7684	0.1218	0.2163	0.4386	-0.3201	0.1279	1.6908	0.0881	0.5984	-0.5500	-0.0842	0.6820	0.0104	-0.1205	1.1951	1.0048	-0.9061	-0.5890	-0.7168	-0.8854	-0.1449	0.6251	-0.7251	0.0799	-0.8130	0.9968	0.2254	0.0197	-0.1222	-0.8043	-0.6640	-0.6536	-0.2698	-0.5799	-0.0933	0.1109	-0.5753	1.6275	-0.5766	-0.1377	-0.0198	0.3216	-0.2671	0.3662
0.1661	-0.4088	-0.1040	0.3450	-0.4249	-0.5281	0.2319	-0.6654	0.8383	-0.9525	-0.6969	1.4728	-0.2262	1.4768	0.0380	-0.8996	1.3481	1.3018	0.3769	1.3089	0.0834	-0.3073	-0.8688	-1.2147	0.2955	0.2964	0.1769	-0.4502	0.5605	-1.1985	1.0494	1.0462	0.1389	-0.4843	-1.2152	0.1304	-2.6434	-0.7109	0.8296	0.1999	-0.5844	0.3644	0.7348	-0.0567	-0.0310	0.2001	1.5433	-0.6028	0.4656
0.2157	-1.9219	-0.3897	-0.9307	-0.1720	-0.1689	0.4921	-0.5983	0.0554	0.5018	-0.9982	1.1426	-0.2665	0.8876	-0.9001	-1.2147	1.2180	0.7096	0.7849	0.4685	-0.0748	1.2972	-0.1086	0.1442	0.4945	0.5150	0.8406	-0.3793	0.1850	-1.1845	-0.0704	0.8115	0.1116	0.3643	-0.8810	0.6010	-2.2725	-0.2277	1.1350	-1.0615	1.3509	1.1836	0.6257	1.1429	0.2469	0.5990	0.9320	-0.0700	-0.4126
0.2035	0.5223	-1.3635	-0.1011	0.5633	1.5688	1.4846	-0.4632	0.0368	1.1197	0.2336	1.8822	-0.5226	0.6691	-0.7427	-0.8281	0.3506	0.6313	-0.3076	1.1219	0.1572	-0.2389	-0.0599	-0.2962	-0.1698	0.2524	-0.1255	0.7759	-0.5641	0.1058	0.9588	2.1373	-0.4491	0.6496	-1.8042	0.5534	0.0597	0.9613	0.9116	0.1101	0.8457	-0.3089	1.4834	-0.1196	0.1387	2.0525	1.7984	-0.0392	1.0336
-0.2895	-0.1016	-0.8162	-0.7771	0.9612	2.2142	-0.8708	-0.1883	-0.5295	-0.1112	-1.5596	0.0780	1.0021	0.7566	-0.6730	0.4349	0.9765	1.1025	-0.6572	0.0470	-0.9113	0.7052	0.1070	-0.3770	0.3966	0.1833	0.4758	1.1334	-1.2153	0.9602	0.1476	1.7575	-0.7718	-1.1394	-1.7441	1.0607	-0.6323	-1.0500	0.5348	0.1685	0.0616	0.3188	-0.0980	-0.5673	-0.0945	-0.1683	1.1443	0.0263	-0.2850
-1.3165	-0.1034	-0.4736	-1.9399	0.5237	0.4397	-0.6739	-0.1807	-0.7495	-0.1368	-1.5092	0.1627	0.1342	0.5078	0.6535	0.1562	0.4219	1.1512	-0.7034	-0.3495	-0.3043	1.4170	1.4172	-0.4948	0.1286	0.2180	0.5178	0.2152	-0.4462	-0.4946	0.3703	1.0483	0.0648	-1.5229	-1.5997	1.5635	-0.7717	-1.6139	0.4057	0.3858	0.6123	0.9878	0.1984	-0.8620	-0.3208	-0.3478	0.4759	-0.2095	0.7776
-0.0888	2.2397	-0.7327	-1.4945	-0.3743	-0.4255	-0.4921	-0.1729	-0.0407	0.5064	-0.5971	-0.0996	0.1023	0.3981	0.5315	0.7437	0.5588	0.4373	-0.7267	0.5109	0.2405	0.3447	0.9601	-0.9876	0.3926	0.3775	1.2433	1.1619	-1.2594	1.2989	0.7371	1.1662	0.3678	-0.2709	-1.6658	1.7012	-0.9854	0.3487	0.0535	0.0853	1.4162	0.4578	0.9014	-0.2487	-0.1217	0.2506	0.7573	-0.2030	1.3202
0.0073	3.4634	-0.5208	0.2820	-0.0673	0.6596	-0.6073	-0.0456	0.2495	-0.0115	-0.6100	0.9923	-0.2630	1.2031	0.5096	-0.1105	1.7346	0.8041	0.0019	0.7122	0.0084	0.3768	0.0981	-1.1051	0.0707	0.7885	0.2995	0.2226	-0.5961	1.0463	0.7391	0.7390	0.4738	0.9757	-1.0123	1.5536	-0.9047	2.1748	1.2037	0.2520	3.0011	1.6805	1.5268	0.1945	-0.0342	1.8413	1.6724	0.7566	2.2580
0.1956	2.5982	-0.2938	1.1175	0.4754	2.0286	-1.7820	0.6986	-0.0814	-0.2729	-1.6968	1.6756	0.2934	1.6376	0.5662	0.3076	1.2420	0.4995	0.4881	1.0850	-0.0908	0.7838	-0.4242	0.3831	0.5992	1.6644	1.2450	-0.3425	-0.4212	1.9059	0.2707	0.6830	1.3595	0.1927	-0.0219	1.3232	-0.2508	0.5277	0.5359	0.5559	2.5466	1.9348	-0.0437	1.2372	0.7467	1.4640	0.7166	1.1744	0.5368
-0.7714	1.1534	-0.4862	1.5130	-0.3099	1.5044	-1.8531	0.8854	-0.5429	0.8043	0.4956	0.7989	-0.8107	0.7409	-0.2948	-0.8177	0.8023	0.8242	0.4416	0.9788	1.1369	0.4536	-0.1441	0.0618	-0.0409	0.3562	1.6293	-0.8631	-0.3441	0.9712	0.3539	-0.2180	0.9907	-0.4463	-0.2794	1.2560	0.5516	0.1235	0.6511	0.9251	1.8092	1.6227	0.8178	0.3354	0.4481	0.9582	-1.3038	0.9592	1.3707
0.0244	-0.0242	-0.5430	1.1373	-0.1253	1.4424	-1.4022	0.2567	0.7126	0.6900	0.4246	1.2378	-0.1504	0.8458	-0.6358	0.5013	-0.2860	1.0674	-0.0794	1.4098	0.8917	-0.6885	0.2036	-0.7531	-0.0607	0.1576	1.1619	0.1316	-0.5372	1.4395	0.6692	0.1292	0.4855	0.7322	-1.2369	0.2426	0.1569	-0.0142	0.6229	1.0991	0.5953	0.7060	1.0880	0.3432	0.3841	-0.2539	-1.1060	0.2749	0.1426
0.6457	0.1619	0.2942	1.3528	1.1350	0.0454	-0.1260	-0.7128	1.2664	-0.0605	1.0497	1.5261	-0.3724	1.0845	-0.5575	-0.5766	0.3975	1.0519	0.8123	1.0512	0.4413	-0.0521	-0.2810	-0.3423	-0.0220	1.0239	1.1410	1.4881	-0.0901	-0.0740	1.3352	-0.0036	-0.8774	1.8607	-0.8708	0.4084	0.5481	1.7410	1.1930	0.8262	0.4627	0.5626	1.1199	0.3700	-0.0382	0.2944	-0.0179	-0.1284	1.7010
1.7581	-0.0289	0.8657	2.4636	0.9078	0.3963	-1.2514	-0.8317	1.3523	0.1776	0.9887	1.3726	1.4978	0.5460	-0.9192	0.3206	1.0790	0.7166	0.2212	1.2517	0.2597	1.4738	-1.0466	1.0687	0.6638	1.8300	0.8640	1.6358	0.2426	0.1124	1.1262	-0.4084	-0.3540	1.3525	0.1018	0.6161	0.4674	0.0349	0.2182	0.0276	-0.0451	-0.3077	0.7255	0.9112	0.4490	-1.0141	-1.6762	-0.9623	0.0272
1.3042	-0.7218	-0.3552	1.4533	0.6718	0.8088	-0.1331	-0.5357	0.4184	0.8629	2.4442	0.3152	0.1833	0.4781	-0.6023	-0.5473	0.6039	0.6613	0.1422	0.7619	0.8314	1.5557	-0.8798	1.2332	0.5688	0.0112	-0.4025	-0.2874	0.4083	-0.5208	0.7729	-0.0441	1.0114	0.6020	0.9286	0.7333	0.8894	-0.4473	-0.1974	-0.7554	0.5653	-1.6015	1.2441	0.6645	0.4438	-0.5947	-1.8001	-0.9880	0.1034
1.6799	-0.3393	-0.6941	-0.0931	0.2157	0.2231	0.8122	0.1247	0.2557	0.7511	1.6637	-0.5529	-0.2072	0.3275	-1.2715	-1.6210	0.4418	-0.3189	-0.7334	1.1280	0.3400	0.3642	-1.7522	1.1745	0.2535	-1.2627	0.1265	-0.8192	-0.4720	0.1406	0.4517	0.0881	1.0004	1.0352	0.4220	0.4155	-0.0326	-1.3326	-0.3547	-0.8534	0.0598	-1.9241	0.1870	0.5062	1.7035	-1.0204	-2.1992	-1.0716	-1.1467
1.1329	-0.3034	0.2529	-0.0846	0.3612	-0.4610	0.9089	-0.1207	0.2310	2.0354	0.2120	-0.5386	-1.3012	0.8856	-0.2376	-1.2424	-0.0442	0.0883	-0.8202	1.0267	-0.0180	1.2037	-1.4762	1.7404	1.1436	-0.9772	0.0993	-0.4438	-0.5801	-1.4555	0.6449	-0.2914	0.7258	0.8651	0.3956	0.6895	-0.4404	-1.2495	0.0111	-0.9103	-0.5883	-1.0990	-0.7422	0.2936	1.5154	-0.8428	-0.4222	-0.4606	-0.2628
0.7408	-0.0882	0.8536	0.9147	0.3537	0.6954	0.9382	-0.5838	-0.2998	2.0831	0.8933	-1.7186	-0.7260	0.2694	-0.4544	-0.4411	0.5927	-0.1079	-0.5037	1.4278	0.2945	0.8897	-1.4631	1.4232	1.1694	-0.1908	0.2126	0.7455	-1.5940	-0.8861	0.2886	-1.2333	0.4570	1.1035	0.6525	1.0140	0.3667	-0.8480	0.0123	-2.1850	-0.4289	-1.7124	-0.0462	-0.8179	1.1563	-0.6728	-0.3951	-1.1284	-0.5905
0.3260	0.7959	-0.1318	0.8770	0.5646	0.5915	-0.8555	0.0149	0.3397	0.2808	1.2568	0.0936	-0.0743	0.2082	0.9315	-0.8999	0.1515	-0.6721	-1.0844	0.5856	-0.9380	-0.0682	0.1885	1.1101	0.3054	-1.2031	-1.4855	-0.5478	-1.9165	-0.4337	0.2912	1.1343	0.2705	-0.2457	0.5794	-0.1857	0.4807	0.4740	-0.0856	-1.3653	0.6801	-1.3335	0.4307	-1.0371	0.4483	1.4104	-0.1145	-0.6669	-0.0329
-0.3894	-0.6355	-0.2265	-0.7385	0.0923	-0.6458	0.4512	0.1297	-0.4614	0.1242	-0.9983	-0.6743	0.0389	-0.3641	-0.2287	-0.7921	0.6783	-0.2020	-0.6684	0.3447	-1.5689	-0.1180	-0.1517	1.8954	0.5055	-0.0495	-1.5179	-1.2298	-1.1795	0.0234	-0.9844	0.2511	-0.1614	-1.4043	1.3879	-0.6718	1.8342	-0.7155	-0.8935	-1.2359	-0.7220	0.1657	-0.4120	-1.4588	0.5088	-0.8311	-0.6223	-0.4522	-0.7266
-1.8168	-1.8037	-0.9299	-0.5855	-0.3716	0.6476	1.0878	0.0198	-1.4392	-0.6657	-0.5564	-1.2532	-0.9646	-0.8026	-0.8866	-0.4717	0.5883	-0.2455	-0.5674	-0.4302	-0.5612	0.1486	-0.5463	0.6797	0.1404	-0.5226	-1.5072	-1.7790	-0.7507	-1.4190	-1.7084	-0.4691	-0.0904	-0.9180	1.6066	-0.1903	-0.5062	-1.7021	-1.2384	-1.0946	-0.3755	-0.3851	0.3397	-1.3091	0.5584	-0.8417	-1.8372	-0.5725	-0.6509
-1.3225	-1.8191	-0.3096	-0.9569	-0.1521	0.9992	-0.8280	0.4092	-1.5039	0.0562	-0.4977	-1.6663	-0.9183	-0.7724	-1.2208	1.5275	0.1620	-0.6074	-1.1580	0.2961	-1.0311	0.3743	-1.3840	0.3768	0.7308	-0.4797	-0.6660	-0.8063	-0.4417	-0.7128	-1.6100	-1.4489	0.4084	-0.3457	1.4573	0.2131	-1.1246	-1.6094	-2.1253	-1.4217	-1.1544	-0.8146	-0.0463	-1.3846	0.6066	-0.8700	-2.0265	-0.5007	-0.7799
-0.9347	-0.9013	-0.1906	-1.6939	0.4822	-0.0606	0.3029	0.7854	-0.6617	0.5806	-1.1382	-1.6369	-1.4140	-0.5174	-0.5051	1.2363	-0.4262	0.2782	-0.3828	0.7512	-0.9549	0.5271	-0.5276	-0.3550	0.7873	-0.2686	0.2406	-0.2393	-0.5929	-0.8834	-1.9133	-1.0690	-0.1310	0.6022	0.6731	0.4304	-0.9748	-1.7988	-1.2887	-1.2808	-1.3744	-0.9854	0.0125	-0.9302	0.4587	0.6156	-0.1924	0.1311	-0.4909
-0.5579	0.7512	-0.2047	-0.0359	0.6821	0.6084	1.4615	-0.9773	0.6932	0.7840	-0.6005	-0.9905	0.3955	-0.6327	0.3036	1.9419	0.3239	0.3982	-0.9157	0.9298	-0.3644	-0.2129	0.2661	-0.0461	0.9227	0.5552	-0.2592	0.2097	0.3164	0.8909	-0.5934	-0.5951	-0.0539	0.0963	-0.7066	0.5428	-0.5015	-0.6327	-0.2693	-0.7417	-0.5185	-0.8006	0.0671	-0.9468	0.1153	-0.2377	0.6396	-0.3978	-0.6323
-0.1498	0.8141	0.2948	0.0116	1.1639	-0.5838	0.9822	-0.8907	0.9004	0.8986	-0.4955	-0.2810	0.2467	-0.0230	1.1183	0.3460	0.3021	0.4197	-0.0128	1.3302	-0.4924	0.1788	0.4229	0.6315	0.4886	0.1298	-2.0264	-0.6993	0.8796	-0.2310	-0.4105	0.7657	0.0951	0.2928	-1.4487	0.2119	-0.1437	-0.0100	0.2414	-0.6383	-0.7614	-0.0313	0.1517	-1.4354	0.0372	0.5695	1.8260	-0.6153	0.6723
-0.5301	-0.1490	0.5396	0.0034	0.6778	-0.9861	1.2560	-0.0783	0.1303	-0.2005	-0.4319	0.1010	0.2276	-1.6043	0.3499	0.4070	-0.2019	0.2305	-0.6115	-0.0220	-0.3070	0.9540	1.1827	1.8865	0.3769	-1.4060	-2.4539	-0.8185	1.4775	0.0463	-0.2049	0.7035	0.8793	-0.5988	-1.9742	-0.0549	1.0522	-1.6897	-0.1135	-0.7982	-0.7682	1.1875	-0.0739	-1.9979	-0.0772	0.0179	0.4722	-1.9524	-0.1100
0.0599	-0.5476	-0.3453	-0.3398	0.5097	-0.7783	0.3870	-0.5574	-0.1911	0.8587	1.0877	-1.2318	-0.7017	-1.3694	-0.9853	1.1123	-0.7162	-0.9394	-1.0260	1.0052	-0.0455	0.2388	0.6087	1.2161	0.3227	-0.9117	-1.0920	0.0356	-0.4297	-1.3207	-0.5750	0.5918	0.3001	0.0671	-1.2911	0.2503	0.4629	-1.3857	-0.7902	-1.9712	-0.5440	-0.6405	0.5341	-1.8158	0.2666	-0.4710	-0.6825	-2.0667	-0.4625
-0.4423	0.0460	-0.6128	-0.4255	-0.3038	0.2651	0.4305	-0.2000	0.3295	0.8214	0.1574	-1.1531	0.0235	-0.5272	-0.3102	1.0605	-0.2451	0.1062	-0.7553	0.3064	-0.6286	-0.1463	1.1840	1.3520	0.6354	-1.8277	-1.4505	-0.3060	-0.1175	-0.0601	-0.7831	1.3652	-0.5893	-0.1144	0.3136	0.0046	-0.3306	-0.4559	-0.2522	-1.7537	-1.1855	-0.0741	-0.5238	-1.3937	0.1649	0.7838	1.0381	-0.1088	0.2045
-0.8704	0.0176	-0.0455	-0.7691	-0.6366	0.2357	0.3180	-0.7459	0.2616	-0.1393	-0.5633	-0.8417	-1.2263	-0.3757	0.5766	0.3517	-0.3604	0.1277	-1.0922	-0.3926	-0.7724	-0.1994	0.7656	0.8308	0.6699	-0.8577	-1.6684	-0.2345	0.0482	-1.0739	-0.3255	1.1433	-0.7336	-0.9374	0.6161	0.3788	0.0631	-0.8878	0.0771	-0.5930	-1.5115	-0.1684	-0.6771	-1.3303	0.4559	-1.6679	0.5312	0.2657	-0.9789
-0.2862	0.0897	0.4396	-1.4593	-0.0170	-0.9640	-0.6155	-0.9444	-0.2346	-0.8369	-1.6768	-0.1798	-0.1390	-1.0485	0.4181	0.6038	0.1279	0.2676	-0.3197	-0.5263	-0.7541	0.9674	1.5624	0.1859	0.8982	-0.1394	-0.5692	-0.2163	0.3620	-0.7157	0.0592	0.9206	0.6299	-0.6032	0.9727	0.7584	-1.4524	-1.3102	-0.4127	0.2379	-1.0350	0.1253	-2.0447	-0.1133	0.5911	-0.3401	0.3530	0.0618	-1.6199
-0.8874	-0.4635	0.3248	-1.7242	-1.2665	-0.5429	0.0371	-0.7753	-0.0584	-0.2668	0.6760	-0.8818	-0.3729	-1.1486	-0.2500	0.4401	-0.7942	-0.4378	0.4316	-0.5996	0.9505	1.1772	1.6307	0.0238	0.0541	-0.3855	-0.7589	0.1059	0.9508	0.2713	0.1187	-0.1228	-0.6750	-0.5064	0.0982	0.8302	0.4280	-0.4519	0.6050	-0.1359	-0.3064	0.3642	-0.8049	-0.9326	0.4541	-1.6503	-0.4520	-0.1865	-1.5264
0.1470	0.8555	-0.1484	-2.0004	-0.9336	-1.5680	-0.0656	-0.1729	0.5147	-0.8662	0.9181	0.1251	0.6333	-1.2208	-0.0472	0.5134	-1.4641	-0.7040	0.4223	0.2660	0.4958	-0.0026	2.1658	-0.1629	-0.6517	-0.3213	0.0163	0.6164	0.5770	2.4718	0.6029	1.9275	-0.3351	1.0847	-1.5492	-0.2314	-0.1897	0.4439	0.2121	0.7065	-0.3213	0.4485	-0.6988	0.0097	0.7691	-0.8182	1.2880	-1.1200	-1.4921
0.5339	1.0780	0.1440	-0.6229	-0.1185	-1.1854	-0.1195	0.2898	0.7457	-0.8565	0.1884	-0.0868	-0.0389	0.0278	-0.3583	-0.7989	-0.7386	-0.3530	0.8512	0.6603	0.2770	-0.7002	1.7636	-0.2341	-1.2277	0.5162	-0.3812	0.7045	-0.2854	0.7162	0.2426	1.9467	-1.4473	1.5306	-1.9544	-0.6391	-0.2966	1.4647	1.3718	0.6543	0.5787	0.6914	-0.4524	0.6821	0.2643	0.7934	1.8856	0.1019	0.2761
0.2826	0.9605	0.7925	0.3078	-0.2085	0.2951	-1.0403	0.5594	-0.0962	-1.8936	-1.7439	-1.1245	1.2306	0.4985	-1.0215	0.2566	-0.0893	-0.0322	0.4005	0.3508	0.6126	0.4485	0.2110	-0.5543	-0.2779	1.2297	0.3686	1.1336	0.4381	1.4377	0.0344	0.1620	-0.7241	0.1217	-1.1659	-0.8534	-0.8851	0.5355	0.5845	0.6555	0.0637	1.0410	-1.3776	1.3958	0.3867	1.1278	1.1915	0.5366	-0.4993
-0.1296	1.1502	0.1901	0.1374	0.4486	0.7110	0.5045	-0.5595	0.0383	0.1116	-0.4006	0.5411	0.1425	0.7972	0.2461	-1.2589	-0.3146	-0.5438	0.8686	-0.1304	0.5505	0.1098	0.6650	-0.6374	-0.3284	1.4524	1.3078	-0.5572	0.9268	-0.4665	-0.7478	0.3154	-1.0985	-0.1212	-0.3987	-0.8802	-1.1486	0.9953	0.9185	1.2207	1.5715	-0.0312	-0.0800	2.4327	0.1397	0.7625	0.9457	1.1453	-0.6519
0.4870	1.7509	0.4168	0.8738	-0.4355	0.3487	-0.0077	-0.0789	0.2935	-0.0165	1.4550	0.5296	1.5504	0.5938	0.1513	0.0238	0.3737	-0.9827	0.1709	-0.3809	1.0281	-1.0219	-0.0096	-0.5860	-0.1783	0.2982	2.1050	0.6372	1.3111	1.0155	-0.1446	-0.9427	-0.4468	0.1224	0.3128	-0.1887	0.1748	2.3574	0.4851	2.5458	0.6286	-0.3224	-0.1556	1.8624	0.6072	-0.8868	0.1668	0.8874	-0.4763
0.1486	-0.0248	0.3943	1.2621	0.0398	-0.0686	-0.1389	0.7900	0.4463	-0.0015	1.2440	1.1399	0.7677	1.9954	-0.3636	-0.9102	0.4240	-1.0940	0.7415	-0.8184	-0.0050	-1.4724	-0.1908	-1.1105	-0.2566	0.2971	2.0702	0.5076	1.4430	-0.6993	-0.2482	-1.1878	-0.2263	1.1865	1.5644	-0.5167	0.5028	3.6433	0.3154	2.5420	1.3466	-0.6573	0.0182	2.0958	0.0148	0.8065	0.6622	1.6573	0.6734
0.1896	-1.9235	0.7828	0.5179	-0.5598	-0.0374	-0.5063	0.6546	-0.0640	-1.2969	-0.6598	0.8786	0.9251	0.9190	-0.9171	-1.3619	1.2974	-0.6681	1.3440	-1.1332	0.3689	-0.3475	0.2562	0.1638	-0.0779	0.0663	2.4842	-0.1820	1.6943	-0.4078	-1.1215	-1.6126	0.5524	0.7793	2.1671	-0.1817	-0.5090	1.1265	-0.2745	2.3411	0.4074	0.7772	-1.6660	2.1884	-0.3779	0.7203	-1.5227	0.7794	-0.7422
-0.0210	-2.0172	-0.1139	-0.1697	0.0849	0.9367	0.3319	0.7587	-0.2804	-0.3102	0.4705	0.5558	0.1856	0.4164	0.0274	-0.9311	-0.3471	-0.3050	0.7204	-0.8434	0.9307	-0.4563	-0.0297	0.1208	-0.8885	-0.6447	1.3737	-0.6405	1.9645	0.7648	-1.4238	-1.2953	0.4293	0.0559	1.8718	-0.9004	-0.2984	0.9722	-0.6679	1.6397	-0.4195	0.2586	-0.9075	1.1630	-1.3131	0.3726	-2.0129	-0.2302	0.5369
1.0822	-0.4571	0.4203	-0.0314	1.2344	0.0679	0.4939	0.1174	0.9671	-0.4965	0.4949	0.5952	1.5437	0.7161	1.0545	-0.3129	-2.1182	1.0942	0.5544	0.6612	0.7617	-1.1232	0.6651	-1.4686	-0.5628	0.7299	1.9993	0.9571	0.8973	2.4920	0.2000	-0.5798	0.5367	0.7235	1.0746	-1.2555	-0.6896	0.6118	-1.0949	0.6959	-0.9613	-0.7165	-0.6643	1.8357	-1.4515	0.9458	-1.1234	0.1934	0.3662
0.5320	0.9652	0.8734	1.0814	0.4411	-1.0097	0.5361	-0.0599	1.7191	-0.4509	1.2824	0.5739	2.0989	1.3183	2.4273	0.2266	-2.3826	1.8638	1.2707	-0.4913	0.0849	-0.4620	0.4520	-1.4686	-1.2896	-0.0991	0.4548	1.3804	1.1208	2.1306	1.9217	-0.7063	0.4938	-0.7205	0.8510	-0.8314	0.8772	2.0843	-0.2313	0.6397	1.1329	-0.9249	-0.2418	0.8199	-2.2335	-0.5889	0.1749	0.9562	0.6520
1.1057	0.2361	0.2702	1.6044	-0.4187	-1.0909	0.8127	-0.0024	1.4694	-0.1220	1.1525	1.0176	2.6368	-0.4087	2.4231	0.8697	-1.9768	0.1588	0.3122	-1.3562	-0.0255	-0.3432	0.2823	0.0285	-1.6245	-0.3450	-0.4852	0.6086	0.4948	1.8602	0.8910	-1.3910	0.6630	-1.4959	0.2374	-0.8063	1.2861	0.1802	-0.8056	-0.3154	1.0798	-1.4298	-1.0295	2.0660	-2.5847	-1.4595	0.6547	-0.0555	-1.1035
1.1836	-0.5130	0.4601	-0.0602	-1.6569	-2.3758	0.5924	0.7092	0.7915	-0.6138	1.3081	0.6347	-0.0399	-1.2692	1.2767	0.3919	-2.2491	-1.0341	-0.3079	-0.7886	0.1209	-1.3059	-0.3550	-0.4126	-2.2233	-1.4089	-1.4729	0.3386	-1.0100	-0.3261	0.5266	-2.0391	0.1621	-0.1242	0.2386	-0.6606	1.2422	-0.1118	-1.3978	-0.0171	-0.3553	-1.6045	0.0136	1.3263	-2.2151	0.1778	0.7753	-0.8500	0.5354
0.7392	-1.6117	0.4982	-1.0274	-0.3885	-2.4915	1.1022	0.7815	0.6572	-1.5882	-0.8419	0.3022	-0.6049	-0.3072	1.2884	-0.9016	-1.4915	-1.1865	-0.4481	-1.5177	-1.7168	-2.2817	-0.3515	-1.2363	-1.4648	-1.1366	-2.2108	-0.2593	-1.2713	-0.3577	-0.8894	-0.8206	-1.5381	-0.5216	1.0683	-1.3726	-0.2099	-0.2872	-0.9332	-0.3879	-0.6992	0.4298	-0.8778	0.2706	-2.0837	0.8134	0.1794	-0.4359	-0.0565
-0.0828	-1.0889	0.1401	-1.0132	0.9290	-0.5633	0.0356	1.2291	-0.5591	-1.2119	-0.8580	1.3708	0.5397	-1.4287	1.9015	-0.0408	-1.8523	-0.6350	-0.2197	-2.0560	-1.9861	-0.8744	1.4286	-0.8948	-0.5934	-0.0215	-2.4330	-0.8401	-0.5445	0.4470	-1.6174	0.2269	-0.6582	-0.3860	1.0205	-1.7435	-1.2670	-1.4702	-1.3686	-0.3768	-0.9099	0.9035	-1.6970	0.4733	-2.5461	1.6782	0.3252	-0.5607	-0.0309
-0.3504	-1.2157	0.3514	-1.9520	0.3423	-0.7548	-0.5746	0.9739	-0.9590	0.3210	0.7780	-0.7049	0.5421	-0.5868	1.8025	0.2837	-1.3982	-0.0304	-0.4661	-2.1057	-0.5018	-0.0882	0.8280	-1.5447	-0.3165	0.5069	-1.6297	1.5565	-0.1672	0.1803	-1.0590	-0.7123	-0.7795	-1.1522	0.5492	-1.0859	-0.2407	-0.0041	-1.0725	-0.4477	-0.7195	-0.3267	-1.3384	0.2259	-1.8685	-1.0849	0.0761	-0.1984	-0.6005
1.1568	-0.2180	0.8279	1.8467	-0.8093	0.7592	1.5981	0.1620	-0.5875	1.0980	-0.2332	-1.5934	2.7323	-0.2006	1.1167	2.6275	0.2075	0.8796	-0.3886	-1.2715	0.1099	0.6027	-1.0995	-0.4736	-0.5230	-0.0408	-0.7702	3.4386	-0.4914	1.1701	0.3128	-1.6340	0.3069	-1.4167	0.5676	-1.1700	0.2086	1.1928	0.0867	0.8128	-0.7768	-0.9956	-0.1838	-0.0153	-1.2837	-0.7419	-0.8547	1.3213	0.1386
0.6049	0.2955	2.4477	1.5401	0.8614	0.3240	-0.1040	0.6017	-1.0280	1.1237	0.3803	-0.5331	2.4858	-0.7087	1.5107	1.0899	0.1995	-0.1467	-1.0928	-0.7286	0.0849	0.8638	-0.4610	0.4808	-1.1338	0.9545	-0.1725	2.3578	-0.4668	0.6568	1.3280	-1.5178	1.5715	-1.5209	0.4506	-1.3098	0.9042	-0.5411	0.3606	0.2769	-0.5014	-2.0004	-0.5368	1.0376	-1.1803	0.8718	-0.1966	0.8568	1.4802
0.9090	0.7725	3.2581	-0.4542	-0.4193	0.0777	-0.6843	-0.0343	-0.4279	0.9229	1.1795	-2.4984	0.9786	-0.1200	0.9257	1.0237	-0.4157	-0.2018	-1.0876	-0.7658	0.2736	0.3003	-0.9205	0.4770	-2.0999	-1.0209	0.1333	0.7034	0.5221	0.8739	1.0638	-0.7086	1.7249	-1.9395	-0.1007	-1.7414	0.9233	-0.9560	0.0453	-1.0664	-0.3901	-1.9862	-0.3246	1.3869	-1.6691	-0.3715	-0.8264	1.5093	0.5184
1.0734	0.8723	2.6212	-1.5424	-1.4210	-2.4639	-1.6689	1.3532	0.3650	-1.1770	0.4152	-1.6696	-1.2447	-0.1978	0.6840	-0.1085	-0.8435	0.2653	-0.0857	-1.8190	-1.3420	-0.4544	-0.3549	-0.2758	-2.6325	-2.1382	-0.9911	-1.2369	0.6883	-0.7676	0.4987	0.0129	-0.0659	-1.7221	-0.8890	-2.0387	0.6277	0.4253	0.0648	-0.5266	0.5991	-1.5221	-0.4337	0.7848	-1.6507	0.5758	-0.1384	1.1996	-0.0254
1.3216	-0.0527	0.6308	-1.4246	-0.2891	-1.3315	-1.1984	0.6053	0.0755	-1.8959	-0.9202	-1.1957	-1.5652	-0.8315	-0.4476	0.3560	-0.6187	-1.3601	-0.2580	-1.3362	-0.9789	-0.6091	0.5014	0.1098	-1.2924	0.0619	-0.8339	-0.5738	-0.7045	-0.2920	-0.6116	0.6318	-1.8282	-1.3977	-1.6536	-1.2614	-0.1645	-0.0375	-0.2629	-0.5939	0.1226	-1.5923	-1.2740	0.2806	-0.3432	-1.1356	0.1366	-0.0931	-1.1640
-0.4652	-1.0145	-1.0952	-1.6547	-0.5552	-1.1462	-1.1451	0.7481	-0.4583	-0.7528	0.1847	-1.5588	-2.3283	-0.9587	-1.0352	-0.5161	-0.3343	-1.1347	0.3387	-0.7306	0.1985	-0.0040	-0.0628	-0.6733	-0.5912	-1.4179	-0.5625	-0.8645	-0.9897	-0.9199	-0.6906	0.2622	-1.2869	-1.4939	-1.3701	-0.2983	-1.1574	-0.1685	-0.4374	-0.6505	0.1671	-0.1217	-0.7496	-1.1704	0.1620	-0.7713	0.1286	-0.2737	-0.1997
-0.1450	-0.9463	-1.1229	-0.7132	-0.2778	-0.1009	-0.8970	0.3440	-0.0374	-0.5536	-0.2545	-0.8533	-2.4098	-0.8620	-1.0957	-0.5048	-0.4132	-1.5652	0.2884	0.6109	0.3444	-0.1735	-0.9539	-1.2769	-0.3742	0.0426	0.1667	-0.2690	-1.5021	-1.5800	0.6651	0.1853	-1.1867	-1.2046	-1.6193	0.1926	-1.1680	-0.0126	-0.2546	-0.6473	-0.8799	0.4544	-0.2460	-1.2433	0.3036	-2.0242	-0.1066	-0.6568	-0.4987
-0.4438	0.1503	-1.0191	0.1994	0.4178	1.8837	1.0276	0.6885	0.7156	0.4196	-0.7124	0.8446	-0.6090	-0.5566	0.4028	0.7021	0.0027	-0.7862	-0.2410	0.9939	0.2130	-0.4547	0.2519	-0.9571	0.2893	1.1754	0.0879	0.1090	-1.1108	0.4163	1.4704	1.4291	-1.6307	-0.3800	-1.1201	0.2387	-0.5220	0.6245	-0.0298	0.2434	-1.8168	0.7599	-0.4322	-0.3712	-0.1739	0.2326	0.7416	0.0572	1.4625
-0.5885	0.5094	-1.0613	1.4525	0.3845	1.7247	1.3235	0.0518	0.9298	-0.4447	0.1138	0.9482	-0.3553	0.3617	0.0285	0.1615	0.7913	-0.7793	0.5444	0.4937	0.7507	-0.6093	-0.4799	-1.5841	-0.3024	1.9535	0.1767	0.6074	-0.8617	0.6822	1.7814	0.5588	-1.7187	0.3058	0.0752	0.6410	1.4849	1.2326	1.2459	0.7206	0.0309	0.5611	1.0016	-0.6675	0.0394	-0.1764	-0.5943	1.0780	1.4638
-0.6411	0.0603	-0.6957	0.2498	-0.0793	0.3255	-0.3213	-0.0701	-0.6503	-1.0545	-2.0159	0.2359	0.9689	0.4832	-0.4506	0.0762	1.6671	-0.2636	0.7368	-0.8731	0.6353	0.7439	-1.2185	-0.6922	0.1903	1.0829	1.3270	0.2977	-0.2151	1.2635	0.6253	0.1182	-0.1217	0.1168	1.0950	0.7416	0.0472	-1.1766	0.3520	0.6495	0.0279	1.1319	-0.7845	-0.0347	1.1258	0.6080	-0.2581	0.8291	-0.0547
-1.6204	-0.2685	-1.1527	-0.1735	0.3628	0.5190	0.5771	-0.6612	-1.0487	-0.3724	-0.9234	1.5927	-0.2517	0.8185	0.0960	-2.2207	0.5413	-0.7818	0.6467	-0.9998	0.9088	0.1304	-0.3766	-0.5534	-0.1799	-0.3787	1.0988	-1.3131	-0.0754	-0.4289	-0.4401	1.0552	-0.5985	0.2088	0.1778	0.0854	-0.1317	-2.0544	0.4771	0.7046	1.0055	1.0820	0.8911	-0.1238	1.2088	-0.2355	-1.0792	0.3158	-0.0709
-1.2106	1.3869	-0.6862	-0.3395	-0.1039	0.5091	0.1876	-0.2041	-2.4524	0.6567	-0.6385	0.6844	-0.2620	0.3132	-1.1371	-1.2905	0.8757	-0.0327	0.6409	0.6432	0.1217	0.6009	-1.2290	0.6637	0.5512	-0.9965	1.8886	-0.4787	-0.6106	-1.2058	-0.2361	-1.0402	-0.4328	1.5419	-0.1103	0.4151	-0.3294	-0.5475	-0.7711	-0.5680	-0.8663	0.8974	0.1918	-0.0238	1.3275	1.5623	0.4385	-0.6404	0.7892
-1.0639	1.2329	-0.9873	0.6164	0.4424	0.5848	0.3433	0.0524	-0.5951	1.3570	-1.1564	1.1845	-0.2428	-0.1698	0.1766	1.2257	0.2471	-0.8808	-0.0593	0.2767	-0.8750	-0.4333	-0.1626	-0.2821	0.8663	-0.1800	0.3666	-0.2259	-0.7831	-0.7737	-0.7478	0.7017	-0.3138	1.5284	-0.6382	0.4353	-0.4024	-0.1753	-0.2838	0.0989	-0.1193	0.4963	0.7605	-0.5694	0.9871	1.4103	0.1374	-0.8742	0.3655
-0.8675	1.2518	-0.2501	1.4963	0.5114	-0.7659	-0.6537	-0.2864	-0.3178	-0.4346	0.1732	1.2414	0.0169	-1.1114	0.1539	-0.3436	0.6187	0.2649	-0.7324	0.1717	-1.7431	-0.9954	0.2773	-1.1940	1.6181	0.7668	-0.2844	-0.3517	-0.4735	-0.3342	0.2171	0.7379	0.9125	1.0041	-0.2567	0.9016	-0.4113	-0.0459	-0.0064	0.4644	1.0906	1.0378	1.2943	-1.2363	0.4182	2.3779	1.0464	-1.2234	0.6262
-0.4132	0.4398	-0.1078	-0.0967	1.2966	-0.5184	-0.4067	0.1238	-0.9716	0.1877	-0.9660	0.6633	0.0158	-0.5830	-0.3593	-1.5857	0.7824	0.5678	0.2141	0.1745	-1.2877	0.0245	-0.0097	0.9048	1.2539	1.1935	0.2210	-0.2673	-0.9799	-0.7032	-0.6002	0.5616	0.4003	1.0882	0.8299	0.9636	0.6080	-0.1869	-0.5331	-0.2674	1.0961	0.9827	1.3512	-0.9567	0.9111	0.7383	0.8235	-0.9032	0.2610
-0.9428	-0.4457	0.2171	0.6645	-0.4935	1.2526	0.2204	0.3015	-1.4355	0.8351	0.3272	0.1183	-0.2157	-0.3455	-1.8530	-0.7670	1.0317	1.2335	0.2916	0.4240	-0.0230	0.8095	-0.1254	1.3391	0.8010	-0.2583	0.5477	-0.2502	-0.1605	-0.3189	-0.8243	-0.8691	0.5326	0.1359	0.8927	1.3784	0.9531	-0.7559	-0.5333	-0.8431	0.4810	1.3639	1.2456	-1.1154	0.5097	-0.0911	-1.3657	-0.5139	0.2685
-0.3864	-0.4652	-0.4592	0.8663	-1.3481	1.1555	0.1118	-0.2121	-0.0356	0.8038	0.0269	1.2634	-0.9706	1.3366	-0.6237	0.5106	-0.7313	0.8063	-0.3462	0.5446	0.4269	-0.5721	-0.3827	0.5351	0.8397	-0.2839	0.2969	0.0248	-0.2382	-1.0599	-0.3828	0.3623	0.3432	1.1163	0.5553	0.5152	0.3497	-0.6320	-0.5805	0.0424	0.5905	-0.6002	0.9569	-0.1305	1.0871	-0.8717	-0.8754	0.0573	-0.9958
0.1090	-0.3430	0.0037	0.6844	-0.7098	-0.3319	-0.1526	-0.6674	0.1710	-0.0171	0.4116	0.7437	-0.4357	1.0634	-0.3692	-0.7997	0.6957	1.4571	-0.7862	0.7457	-0.0792	-0.5476	-0.1799	0.0212	1.1823	0.6319	-0.3946	-0.5135	0.7091	-0.9927	-0.0699	0.1436	0.6596	0.5173	0.7503	1.0422	-0.6717	0.2960	0.3855	0.3344	0.5553	-0.3717	0.6769	0.4531	0.7318	0.3235	0.8044	0.3575	0.2219
1.0160	-1.0827	-0.3255	-0.3099	0.3955	0.0787	-0.2014	-0.5496	1.1039	-0.0580	-0.6604	0.1437	-0.2368	1.4415	0.1134	-0.1614	1.0041	0.5097	0.2826	0.6882	0.0437	0.3099	0.5471	1.1820	1.2462	1.3505	-0.7787	-0.9055	1.1482	-0.6476	-0.0084	0.5255	0.4960	0.0001	0.4336	0.9998	-0.1875	-0.0388	1.3519	0.0337	0.2195	-0.2566	0.2945	0.3784	0.8678	-1.0740	1.0973	0.3722	-0.6226
0.0365	-0.5002	-0.1020	-1.2828	-0.2932	-0.2758	-0.6236	-0.8350	0.8406	-0.4897	1.5420	-1.3644	-0.5367	0.4143	-0.4087	0.3669	1.4307	0.5820	0.3086	0.6190	1.4575	1.2179	0.2238	0.3315	1.0437	-0.5534	0.1198	-0.2942	2.0319	0.2585	0.6343	0.2425	1.5699	-0.3054	-0.5718	1.6340	-0.1321	-0.5016	1.4463	0.0999	-0.0108	0.3499	0.6085	-1.0264	1.0909	-1.4397	0.2732	-0.1704	-0.5513
0.5009	0.3142	-0.5635	-0.2980	0.4190	0.7019	-0.4608	-1.1943	0.6357	1.0847	0.5373	-0.9545	-0.5525	-0.1692	-1.4487	0.4364	0.6900	0.5011	0.3772	2.2777	1.3155	1.7070	-0.3973	1.1636	0.8721	0.0774	0.9143	-0.3531	0.8172	-0.5747	0.2080	-0.1570	1.2832	1.5154	-0.9730	0.8322	0.3943	0.1470	0.9596	-0.7768	-0.4848	0.8749	0.8441	-0.5828	1.1043	-0.3121	-0.9203	-0.4191	-0.7109
0.0626	0.8157	-1.0849	1.3731	1.0917	1.6888	-0.0171	-1.4119	0.8585	2.1954	0.3308	-0.1366	-0.2001	0.0336	-1.0641	1.2724	0.2427	1.1736	0.4584	1.8427	0.4208	0.6500	0.7199	1.8904	1.0056	0.4135	0.2653	-0.0846	0.1924	0.3378	0.4205	1.0506	0.4108	1.2960	-0.6676	0.0505	0.8781	1.6277	0.4906	-0.1346	0.3141	1.2003	1.2311	-1.2416	-0.0223	0.0131	-0.4416	0.0925	1.4367