IC05	IC08	IC09	IC15	IC16	IC17	IC18	IC19	IC20	IC23	IC24	IC26	IC27	IC29	IC31	IC33	IC36	IC37	IC38	IC41	IC42	IC43	IC44	IC45	IC46	IC47	IC48	IC49	IC50	IC51	IC54	IC56	IC58	IC60	IC62	IC63	IC64	IC65	IC66	IC67	IC68	IC69	IC71	IC72	IC73	IC74	IC75	IC76	IC77
0.0149	1.2226	-0.5103	-0.5026	0.3778	0.7770	0.0591	-0.8410	0.5462	0.8139	1.0498	-0.7714	1.2133	-0.9464	-0.1404	1.2490	-0.1655	-0.5290	-0.3488	-0.0546	0.0389	0.1632	0.2348	0.2998	2.2732	0.0986	-0.0016	2.0707	0.1665	1.0257	-0.7948	0.5828	0.7149	0.0619	2.1879	0.4798	0.1391	1.0194	1.5518	-0.5698	1.7990	-0.6948	1.6308	-0.1497	1.1633	-0.5404	0.8036	0.4867	0.1055
-0.0009	0.8987	-1.1661	-0.5217	-0.3039	0.5321	-0.2708	0.2356	0.5068	0.1250	1.0233	-0.2069	0.1930	-0.6367	0.6120	0.9032	-0.4597	-0.3028	-0.6273	-0.5928	-1.0829	0.1590	-0.1208	-0.4968	0.7121	-0.4109	-0.9057	1.0918	0.3410	1.5510	-0.8416	0.8282	1.7875	-0.1959	1.2173	0.7278	1.9815	1.4646	1.8359	0.4837	1.6964	-0.7684	1.5516	-0.6795	0.5576	0.2318	1.0696	0.6213	1.1365
-0.3723	0.1794	-0.4390	-0.6165	-1.0202	-0.6119	-0.4074	0.9367	0.3688	0.8650	0.2403	-0.4967	0.0444	-0.8296	0.9503	-0.3208	-0.8490	0.5870	-0.9685	-0.2868	-0.4727	-0.2851	-0.2482	0.6690	0.5435	-0.9067	-0.5931	0.5912	-0.4655	0.9631	-1.3820	1.5711	1.0477	-0.4656	1.4871	1.4491	0.6128	1.4266	0.2055	0.2291	-0.2540	-0.7914	0.5127	-0.5466	1.1964	-0.6730	0.5578	-0.3661	0.8847
-0.2754	-0.1602	-1.3155	-0.6350	0.0109	-1.2422	-0.4660	-0.1908	-0.3902	-1.0865	-0.4927	0.2249	-0.7626	-0.5170	-0.4613	-0.3774	-0.6244	1.4642	-0.5090	-0.7705	-1.0098	0.0786	0.5382	0.7721	1.4187	0.3931	-2.2185	0.5176	-0.7723	-0.1242	-0.9840	0.8591	-0.2768	-0.5269	0.5467	1.3483	-0.1317	-0.3080	0.9283	0.3351	-0.0246	-0.3980	-0.0611	-0.7791	1.2534	-0.7263	0.1299	-0.4483	0.6962
-0.2192	-0.1854	-0.9526	0.0262	0.0197	0.3789	-0.3349	1.0717	-1.1781	-0.0557	-0.4456	-0.6007	0.9473	-1.2437	-0.1934	0.8535	-0.1709	1.5225	-0.3089	-0.7644	-0.7842	1.1325	0.0152	1.2958	1.7434	1.8984	-1.0947	1.3692	-1.0287	0.9012	-1.2857	-0.1441	-0.5866	-1.0693	-0.0492	1.6210	-1.2018	-0.5551	0.7309	0.6446	-0.3506	-0.2482	-0.5188	-1.0408	0.1000	0.0065	-0.5162	-0.5116	0.3182
-0.0846	0.3816	-1.2688	0.9260	0.7597	0.4760	-0.5991	0.3978	-0.8485	0.6466	-1.3302	-1.0759	2.7312	-0.8502	1.1439	1.6790	-0.9322	0.6855	-0.3736	-1.2976	-0.0614	0.5614	-0.0517	-0.5184	0.3708	0.0745	0.2949	0.6104	-0.8847	2.0004	-1.2245	0.8522	0.9986	-0.5379	-0.2457	0.6606	-0.6742	0.2538	0.4715	0.2193	0.8301	0.1390	-1.2784	-0.0253	-0.1273	1.1335	-0.2836	0.0577	0.0509
0.5888	0.1922	-0.7866	0.1392	0.2098	-0.6510	0.7150	-0.1002	0.3883	0.9247	-0.7955	-0.1769	2.2108	-0.9843	1.3686	1.2282	-1.5868	-0.0714	-0.6619	-0.0785	-0.1830	-0.6022	0.1104	0.7194	-1.0300	-0.3830	-0.6926	0.4528	0.9181	2.3269	-0.1063	1.1887	0.4365	0.2790	-0.6219	-0.2143	0.2695	1.0017	-1.1101	-0.1014	-0.6074	-0.0391	-0.9639	0.3558	-0.4122	0.6309	0.2537	-0.0733	0.5304
0.3632	-0.0472	-0.4159	-1.6753	-1.5352	-1.6944	2.1493	-0.1586	0.5686	-1.2833	-0.1603	-1.4157	1.1798	-0.7854	-1.4325	0.2190	-0.1422	-0.2425	0.5568	1.0093	1.0552	-0.0270	-1.5352	-0.8765	-1.3045	-0.1243	0.4212	0.5929	1.1603	0.9568	0.5129	-1.6150	-1.2686	0.7573	0.1801	0.4564	0.3413	-0.8771	-0.0853	-0.7008	0.3252	0.0215	0.4489	-0.6868	0.0386	-0.6968	-0.1087	0.2991	-0.0903
0.3478	-0.0773	-1.0508	0.6466	-0.9949	-0.6002	1.2416	-0.3476	0.2651	-0.9932	-1.1087	-0.3367	-0.5957	0.1977	-1.9245	-0.0940	0.1851	-0.2303	-0.5917	-0.4635	1.4461	0.5977	-1.4449	-0.3919	-0.8282	-1.3557	0.0580	-1.0173	1.5499	-0.9824	0.3081	-0.5114	0.7613	0.8104	-0.0323	-0.9246	-0.3856	-0.4690	0.3316	-1.1245	0.1845	1.5599	0.3524	-0.5511	0.9355	-0.0081	-1.3289	0.5577	-0.7198
-0.0349	0.3083	-1.5804	0.3010	-0.5039	0.3552	0.4649	-0.9894	0.7954	-0.0858	1.2008	0.9584	-1.5043	-0.4172	-0.1206	-1.6993	-0.2102	-1.2281	-1.0651	-0.1539	-0.1172	-1.3475	-1.0487	-0.3223	-0.3991	-1.1503	0.1133	-1.3697	0.9478	-1.0280	0.2021	0.8067	-0.0707	1.1329	-0.4271	-2.1026	0.0242	-0.0292	0.5061	0.5076	0.0479	0.3019	0.9543	-0.1530	0.4691	1.9151	0.6925	0.2809	0.0956
0.2000	-0.6201	-0.5883	1.1464	-0.7155	1.2598	0.4608	1.0182	-0.8308	-0.3201	-0.4373	0.2131	-0.3762	0.0948	-0.7802	-1.2155	0.8801	0.1819	0.2039	-0.5087	0.4783	-0.1580	-0.3857	-0.0948	1.1089	0.7043	1.5846	-0.4840	-0.2990	-1.1122	0.2228	-1.3406	-1.9155	-0.2434	0.5747	-0.5086	-0.7499	-1.2151	0.3267	0.9982	-0.1635	-0.4108	0.0156	0.1015	0.2572	0.2880	0.3326	-0.2667	-0.0991
1.1314	-0.4533	1.0929	1.1670	-1.3642	-0.6601	1.1723	1.1450	-1.8052	-0.2519	-0.9905	-0.5369	-1.5670	0.5759	-0.3224	-1.3989	1.0308	-0.1432	0.9319	-0.7440	0.7234	-0.8085	-2.0680	-0.2468	-0.3278	-0.2493	1.1764	0.2435	-0.7455	-0.9901	-0.1932	-2.4117	-1.0913	0.1019	-0.0676	-0.1053	0.9014	-0.8945	0.3790	-0.0969	-0.0117	0.6553	-0.0732	-0.1000	0.0025	-1.0490	-0.2403	-0.5184	-0.3238
0.3882	-0.6431	1.8382	0.0782	-1.2316	-2.1332	0.8603	-0.4876	0.7324	0.9911	0.3091	0.0058	-0.3696	0.7059	-0.2225	-0.9710	1.0286	-0.6595	0.6699	-1.0332	0.1417	-1.3223	0.1468	-0.6303	-0.8788	-0.5446	0.1606	0.0289	0.8040	-1.4859	0.1167	-0.9823	-1.2140	1.1623	-0.2648	-0.1531	-0.4658	0.7854	0.3753	0.4828	-0.5971	0.3915	-0.8120	0.8210	-0.6205	0.0401	-0.4435	0.3128	-0.1185
1.0751	-0.0684	1.2433	1.4031	1.2925	0.3549	-0.5126	0.8278	0.6470	-0.5478	-1.0568	0.7083	0.2089	1.2114	-0.0592	0.8409	-0.7780	-0.9809	1.4469	-0.4000	1.0348	-0.3697	0.9610	-0.0998	-1.0887	0.6695	-0.4303	-1.8808	0.9964	-0.7299	0.1970	0.6932	-0.7119	1.6118	-0.4279	-0.8323	-0.6596	-0.0396	0.0155	0.9264	0.0680	-0.8564	-1.0895	1.1572	-0.4928	1.0099	0.1819	0.7884	-0.9627
-0.3968	0.1371	1.0819	0.8645	0.9303	0.9013	-1.0984	0.4373	1.5350	0.1547	1.3651	1.4150	-1.3657	1.1092	0.7790	-0.1173	-0.1734	-0.8951	0.4609	0.2127	-0.0967	-1.5469	0.4477	-1.0197	-1.3842	0.3210	-1.4792	-1.4861	0.7832	-0.4001	1.6909	0.6450	0.2785	0.7387	-0.9241	-1.4484	0.2594	1.3524	-0.9840	0.7048	-0.7915	-1.2571	0.0021	1.3518	-1.8929	0.1582	-0.4710	0.0843	-0.6341
-0.7087	-0.2902	1.2468	0.4728	1.0815	1.2118	-2.7630	0.2943	0.1905	-1.2688	1.3172	0.2841	-0.8069	1.9206	-0.2028	-0.6909	-0.3277	-1.2710	0.9686	0.5219	0.5402	-0.3867	0.0161	-0.9278	-0.2360	1.4064	0.5512	-0.6951	0.2481	-0.5104	1.9114	-0.1759	-0.4939	-0.0970	0.2180	-0.2467	0.0284	-1.8439	-1.2754	0.3483	-0.5867	-1.6547	-0.4421	1.4124	-1.0584	-0.4643	0.4036	0.6179	-0.8942
-0.3052	-0.1394	2.6448	0.0801	0.9590	0.2762	-1.8248	-0.1670	-1.1694	-0.1072	0.3996	-0.1585	-1.1036	2.1968	0.4909	-0.3361	-0.0592	-0.6904	0.1715	0.7680	0.7121	-0.0173	-0.0613	0.5291	-0.0955	0.2042	0.6563	-0.2285	-0.3650	-1.1017	0.2620	-0.2256	0.5967	-0.4314	-0.2649	0.5482	0.5574	-1.1093	-1.2589	-0.5587	-0.6030	0.2145	-0.2616	0.4684	0.3585	-0.5994	-0.3905	0.2270	-0.7688
-0.2980	-0.5523	2.8204	-1.7542	1.1524	-2.1156	-0.0604	-1.5344	0.9564	0.5689	0.3739	0.0904	-0.4043	0.3918	1.5670	-0.6635	-0.0845	0.0112	-0.5626	0.8491	-0.1297	0.1702	1.9619	0.6947	0.0357	0.5096	0.5582	-1.0442	-0.1295	-1.6489	0.5601	0.2292	0.3415	-0.8429	-1.6314	0.3657	0.2013	-0.5932	-0.8254	-0.2525	0.1352	-0.4284	-0.1294	0.0881	0.0625	1.2026	-0.2063	-0.1086	-0.5673
-0.2806	-1.6313	2.2318	0.2013	1.2520	0.5948	-0.5158	-0.2510	0.2353	0.0192	-0.7764	0.1442	0.2062	-0.6008	0.3360	1.0682	-0.3766	0.0633	-0.4755	0.1231	0.1072	1.2588	1.7973	0.3667	0.3950	-0.0970	-0.0340	-0.6441	-0.8311	-0.3230	-0.1983	0.0861	0.1156	-1.9084	-1.6213	0.3790	-0.8847	-1.4430	-1.0273	-1.1877	0.1577	-0.1180	0.1611	-1.1010	-0.6036	-0.9186	-0.8734	-1.3579	-0.9912
0.3845	-0.7188	0.6801	0.0443	1.0569	0.8172	0.4325	-0.5465	0.6763	0.5677	0.6810	0.7109	-0.5894	-1.7560	1.3368	0.9370	-1.4777	-0.3766	-1.0023	0.8484	-1.6785	0.2372	1.2675	0.7372	-0.6999	-1.1040	-1.0619	-0.2278	-1.4194	1.3457	-0.3039	0.9250	0.1328	-0.9490	-1.7471	0.2267	0.1231	-0.0055	-0.5535	-1.0445	-0.8802	0.4298	0.3117	-0.9272	-1.2390	-0.9369	-0.0788	-1.4895	0.1941
-0.1159	-0.3680	-0.5180	-0.7579	-0.2961	0.1624	1.1244	-0.9588	-1.0011	-0.3762	0.0453	-0.3266	-0.9226	0.0985	-1.1720	0.8345	0.9206	0.9164	-0.1621	0.8755	-0.3331	2.1951	0.0520	-0.8474	0.3991	0.2166	1.1622	0.5333	-0.8327	0.5639	-1.0668	-1.5362	-0.9993	0.7701	-0.4917	1.1605	-0.9575	-0.4091	0.0233	-1.3511	-1.0167	0.8350	-0.3368	0.2946	-0.7782	-0.3210	-0.1858	-0.6251	0.2274
-0.0088	0.4415	-0.5444	-0.3887	-0.7091	0.8911	0.9509	-0.9098	-0.1775	-0.6777	0.0395	0.2168	-0.6677	0.1064	-0.1888	0.4883	1.2132	0.9731	0.3343	0.6301	-0.0989	0.7187	-1.4925	-1.0477	0.2287	-0.9180	2.0518	0.0002	-0.8507	0.6652	-0.6339	-0.6942	1.2191	1.5638	0.3005	0.2894	0.2306	0.0599	0.3809	-0.1121	-0.0442	1.2739	-0.1921	1.0785	0.2830	-0.0674	-0.7486	-0.8509	-0.4155
-1.0220	0.6444	-0.7144	-0.9394	0.2981	0.6723	0.4529	-0.3719	0.9334	0.5766	-0.6576	1.0789	-0.1978	-0.2417	0.1460	0.6457	2.1728	0.8143	0.3801	0.2716	-0.4459	0.2917	-0.5691	0.3942	1.4173	-0.5204	2.1024	-0.2674	0.3017	0.7357	0.3127	-0.1921	0.8129	0.8669	0.1188	-0.4821	-0.6610	-0.1591	0.0714	1.3069	-0.3408	1.0272	-1.1557	2.0924	0.3090	1.7782	-0.7960	-0.4721	0.0468
-1.0589	0.3283	-0.2885	-0.8818	0.0239	0.8254	-0.0792	0.7736	-0.9218	-0.9433	0.4055	0.4487	-1.6460	0.5816	-0.7720	-0.1113	2.5359	-0.5877	1.2182	0.4644	0.0523	0.3767	-2.6723	-0.5280	-0.3306	-0.2484	1.7134	-0.7030	0.6545	-0.4697	-0.0539	-1.1086	0.2455	1.3930	-0.1129	-0.5874	1.8631	-0.3285	0.1907	0.8753	-0.3505	0.6045	-0.8574	0.9867	-0.6749	0.9213	-0.0209	0.1310	0.0735
-0.9787	-0.5071	0.4133	0.5350	-0.3488	1.5851	-0.3899	-0.2778	0.3646	0.0224	1.0066	1.0165	-0.8376	-0.2850	-0.3439	0.6521	1.0234	-0.7240	0.3855	0.4394	0.0682	-0.9808	0.2530	-0.0923	-0.9629	-0.3280	0.1859	-0.3801	0.5674	-0.3641	1.4685	-0.0667	-0.7040	1.1642	-1.1059	-0.8332	-0.3234	0.4330	0.3083	1.1207	-0.0720	0.3148	0.1965	0.5234	-1.2224	0.2177	-0.2041	-0.1155	-0.2278
-0.7415	-1.3205	0.4711	0.5311	0.1357	1.2823	-0.1404	-0.1354	-0.1017	-1.8456	0.3774	-0.0973	-0.4180	-0.1332	0.2241	1.3842	-0.8259	-0.0153	0.2501	-0.2755	-0.1068	-0.7346	0.7256	-1.0390	-1.0361	-0.3313	-0.2011	-0.5580	-0.3699	-0.2303	0.5714	0.4210	-0.6811	-0.8689	-1.3248	-0.6096	-0.1332	-0.7502	-0.4576	0.1276	-0.0001	0.3936	0.1045	-0.6762	-0.2241	-1.0943	-0.6312	-0.0902	-0.2746
-1.0725	-1.1665	1.2708	-0.3831	-0.4146	-1.0704	0.7472	-0.5721	0.5902	-0.2254	-0.0698	0.1580	-0.5649	0.4561	1.1796	-0.1529	0.5889	0.5682	-0.3775	0.2087	-0.5084	-0.0139	2.1726	0.4023	0.0805	0.2868	0.0644	-0.0151	-0.6707	-1.1182	0.0404	1.0177	-1.0290	-1.1467	-0.3768	0.8511	-0.8098	-0.1917	-1.0345	-0.0433	-1.5651	0.8126	-0.8839	0.0947	0.3361	-0.7765	-1.0749	0.4192	0.3247
-1.1124	-0.6719	0.6094	0.0339	0.0823	-0.4207	-0.7520	0.7500	0.1102	-1.0161	-0.4422	0.9388	0.2263	1.8181	0.1113	0.4983	0.4960	-1.0782	0.1765	0.4311	0.4011	0.1050	1.4519	-0.0927	-1.1552	0.4744	-1.4768	-1.6772	-0.0563	-0.9692	0.2232	0.3240	-0.5554	-0.9741	-0.8265	0.7606	-0.8814	-0.5765	-1.2687	0.1856	-0.3501	-0.1789	-0.6785	-0.6313	-1.4694	-0.1501	-0.7345	-0.1224	-0.5090
-0.0418	-0.4234	0.6293	-0.2268	0.4833	-0.6930	-0.6228	-0.2029	1.0865	-0.2742	0.5340	1.5659	-1.3044	2.3885	0.8015	-0.0373	1.0144	-0.9667	0.7362	0.2857	-0.5069	-1.2955	0.5782	0.0467	-1.2163	-0.5050	-1.5426	-1.1137	0.8972	-1.3868	1.9068	0.7039	0.0120	-0.2287	-0.8041	-0.2258	-1.0884	1.1038	-1.9006	0.7419	-0.9130	0.2038	0.3592	0.7887	-2.4952	-1.4140	1.0639	-0.1875	-0.4575
0.7378	-0.2452	0.5721	0.0778	0.1104	0.8853	-1.9833	-0.5449	-0.2886	-0.6262	0.1354	-0.2265	0.2154	1.6483	-0.1681	0.2903	0.4599	0.0284	1.7279	0.1314	0.8645	0.3603	-0.3518	0.0869	0.2835	-0.0823	-0.1219	0.1590	0.7111	-0.4604	2.5393	-1.3690	-1.1280	-0.7309	0.1656	0.4310	-0.8437	-0.6759	-0.4323	0.3313	0.0622	0.6824	0.8352	0.2693	-0.5390	-1.9956	0.9030	-0.2096	-1.0705
1.4609	-0.0761	0.5447	0.2027	0.4901	0.6064	-0.2795	-0.5781	-1.7340	1.0133	0.4438	-0.4707	0.7217	0.5366	0.3643	0.6650	0.4224	0.3697	0.3963	-0.1110	0.3611	0.9861	0.3092	-0.0290	0.2489	0.2593	0.1505	0.7051	0.7523	-0.4124	0.8856	-1.0132	0.1801	1.1620	-0.3888	0.2338	0.3048	1.4013	-0.3100	-1.2734	-0.3771	1.0967	1.2611	-0.1592	0.0567	0.3797	0.8931	-0.0493	-0.6802
-0.0209	-0.1800	-0.1460	0.3646	0.0518	-0.8341	1.0167	-0.8801	0.2702	1.5966	0.2145	-0.1918	0.7605	-0.6009	1.3818	-0.5579	0.4360	0.0919	-0.4231	-0.8753	0.3152	0.5947	0.6326	0.4977	-0.1861	0.5413	-0.3545	0.9889	0.9672	-0.0537	1.5466	1.1349	-0.1800	0.0540	-0.4030	0.6999	1.2150	1.3006	0.1391	0.0049	0.0970	0.3863	1.0827	-0.9165	1.0906	-0.2296	-0.0256	0.4885	-0.3778
-0.4651	0.0736	-0.2813	0.1374	-0.0679	-0.1026	1.1213	-0.5562	-0.7486	0.4413	-0.6390	-0.3808	1.5158	0.0585	-0.1752	-0.2156	-0.5202	-0.1936	-1.1081	-0.8651	0.9623	0.8520	0.6549	-0.5892	-0.7602	-0.4210	-0.4581	0.5492	-0.4908	1.1286	0.5790	0.5263	-0.3567	-0.8675	-0.3959	0.4557	0.0636	-0.5075	0.3503	-0.7540	0.3387	0.9427	0.0601	-1.1520	0.6040	-0.6074	-0.5523	-0.3652	0.1081
-0.1488	0.6871	-0.0924	-1.7748	-0.7509	-0.8734	1.6451	-0.6516	0.8023	0.5290	-0.1393	-0.1769	-0.7201	0.4144	0.5239	-2.5170	-0.1793	0.3342	-0.4659	-0.0431	-0.7934	-0.1948	0.6805	-0.1074	-0.1463	-1.1300	0.0097	-0.4561	-0.8401	-0.0016	-0.3886	1.8362	0.0797	-0.4301	-0.3734	-0.9940	0.3010	0.2453	0.2024	-0.8894	0.0881	1.7091	-0.5777	-0.7136	-0.5692	1.2806	1.4934	1.0920	0.5584
1.0354	1.8321	-0.1361	0.1864	-0.4620	0.1177	0.5990	-0.7219	0.7331	0.3573	-2.2924	-0.6816	0.7342	-0.5790	-0.8552	-1.4535	-0.6203	0.9507	0.3346	1.3255	-0.2513	0.1375	1.0172	1.7108	0.7369	-0.3988	0.1375	1.2146	-1.2312	0.3406	0.1908	1.2927	-0.6743	-0.0680	-1.1225	-0.0912	-0.5161	-0.4894	0.0326	-1.0548	0.8806	-0.8083	-0.1423	-1.1362	0.3725	0.9212	0.4249	0.2454	0.0383
1.4138	2.0884	-0.5882	0.5847	0.1383	0.2734	-0.4697	-1.1281	-0.8268	0.2622	-0.1577	0.2043	1.4133	-1.6925	-0.2276	0.8704	-1.1910	1.5636	0.9136	1.1861	-0.4615	-0.2807	0.9848	0.9082	0.3024	-0.3036	-0.9056	1.6151	0.0903	0.9600	0.0149	0.1511	0.1755	1.0246	-0.5536	0.2010	0.0251	-0.1846	0.5993	-0.8825	0.4605	0.2319	0.4990	-1.4744	1.8052	-0.4251	0.0282	0.2110	0.3662
0.0326	1.4483	0.0829	1.7341	1.2653	-0.9088	1.4444	-0.9503	0.4765	1.5473	0.5255	0.1989	1.5818	-1.2304	0.4741	0.1753	0.4912	0.7029	0.1038	-0.1437	-0.1628	0.5805	1.4196	1.3238	1.0234	1.4945	0.5528	2.5630	-0.1073	-0.0356	-0.4025	0.9995	-0.3180	0.4414	0.2802	1.1211	-0.5982	0.8859	0.9162	0.1907	0.9324	-0.2240	0.2479	-0.9978	1.2525	0.4693	0.4869	1.1218	0.3109
0.0922	1.0228	0.0101	2.4508	1.8708	-0.1509	1.6872	1.3643	-0.7740	1.4234	-0.0077	-0.0206	3.3613	-0.7376	1.2283	1.2436	0.4118	0.8982	0.4842	0.2979	0.3276	2.7847	1.3784	2.8801	1.1991	2.7883	1.2874	1.9119	-1.2540	0.9421	-1.6907	0.1423	0.6189	-0.2347	0.8199	1.3633	-0.1732	0.1521	0.3537	0.1428	1.6169	-0.4702	0.3586	-0.5434	0.7735	0.4394	2.3971	1.4996	0.8487
-0.4073	1.2191	0.4330	-1.0660	0.8476	-0.2482	0.7124	0.9427	-1.7652	2.0563	0.7186	-0.1899	2.7250	-0.3026	0.4833	0.5706	1.2432	0.0298	-0.2359	-0.1138	0.2008	1.1833	-0.0475	0.4451	0.0203	0.3421	1.6128	0.6064	-1.0061	0.6973	-2.6567	-0.4826	1.8685	-1.2365	0.8248	0.8325	1.0240	2.3369	0.8515	-0.2094	2.2714	0.1707	1.1515	-0.1087	1.0329	0.5858	2.3013	0.6738	2.0908
-1.1513	0.4086	0.1161	-1.7926	0.1391	-1.7053	-2.0102	1.7017	-0.6191	0.6930	0.6402	1.7984	0.4874	1.1241	0.4345	-2.0496	1.3823	-0.2140	-1.0470	-0.5804	0.5310	0.0147	0.4062	0.6176	0.2003	0.7493	-0.1067	-2.0853	-0.1575	-1.3791	-0.8076	0.8428	0.7148	-1.6777	0.5763	0.1860	2.2284	2.0603	0.8410	1.3303	2.0992	-0.3377	0.3649	0.5203	0.9092	1.4942	2.1946	1.2844	2.3139
0.0756	0.1856	-0.2927	0.7503	-0.9345	0.4425	-1.1312	2.1801	-1.3149	0.4849	-1.0464	0.7554	0.0404	1.4217	-0.2033	-1.4525	0.6759	-0.0568	0.1489	-0.3629	0.9542	0.1868	-0.7279	1.8984	1.1756	1.1760	0.6519	-0.8176	0.4204	-0.5557	-0.1129	-0.7415	0.0837	-1.6668	1.7392	-0.9316	0.2944	0.7263	0.1625	0.6870	1.3614	-0.4515	0.2722	0.5382	1.6700	-0.1321	0.9443	0.0994	1.2173
1.5060	1.9974	-0.6090	1.0918	-1.1082	1.0389	-1.5806	0.7199	-2.0126	0.0863	0.0934	-0.0323	-0.5850	0.8547	-0.2769	-0.9437	-0.7774	-0.4415	0.5314	0.5825	-0.4155	-0.9531	-1.1610	-0.2888	-0.9840	0.1362	-0.0103	0.6166	0.0267	0.5594	1.2279	-2.0067	0.3478	0.4921	1.9027	-1.8836	1.2784	0.3578	0.2783	-0.2143	1.4469	-0.8267	0.6713	0.4351	1.8453	1.0025	-0.1611	-0.4961	0.6587
0.9119	2.0080	-0.4585	-0.2480	-0.4906	-0.8028	-1.6163	-0.0052	0.2256	1.0741	-0.5967	0.0933	-1.0928	1.4707	-0.1593	-1.2458	0.4293	0.2229	0.2829	0.0611	-0.7529	-0.9328	0.2618	0.3327	-0.8199	0.6290	0.1551	-0.8267	1.0635	-0.2369	0.8726	0.0589	-0.2213	1.0291	1.1812	-1.5541	-0.0136	0.6902	-0.1434	0.3239	0.5902	-0.4966	-0.0946	1.3222	1.0427	2.2152	-0.7359	0.7066	-0.5835
1.1807	1.1344	-0.3723	0.7084	-0.6212	0.9183	-0.7267	1.3976	0.0605	-0.2411	0.3777	-0.3948	-0.6363	0.8862	-0.8521	-0.4920	0.5529	0.6913	1.2708	0.5058	1.1109	0.6348	-0.8108	1.0463	-1.0108	1.3113	0.9992	-0.5786	1.1037	-0.1801	0.6859	-0.6404	-1.2552	0.8234	1.0877	-0.2314	-0.0785	-0.4554	-0.3295	0.7808	-0.1194	-1.2840	0.4226	0.7836	1.0488	0.0306	-1.6174	0.9379	-1.3815
0.3040	-0.6750	-0.4231	1.1102	-0.2391	0.6510	0.0873	0.5385	0.0930	0.1656	0.4164	-1.0215	-0.5008	1.5761	-1.1228	-0.1823	0.1076	1.2058	-0.3995	0.2009	1.5749	1.0767	-1.5795	-0.6767	-1.7681	0.1246	0.9193	0.7816	0.4661	0.1760	-0.1828	-0.6641	0.1394	0.2914	-0.3865	-0.0098	0.4824	-0.0120	0.1137	-0.5332	-1.1740	0.5219	0.2764	0.5114	0.4095	-1.1397	-2.8658	0.2923	-0.4852
0.1079	-1.3083	-1.3221	-0.0112	-0.0118	-0.2196	-0.1279	-0.3317	0.9908	-0.2941	1.1785	-0.2261	-0.8215	-0.1842	0.6894	-1.4969	-1.8332	-0.1830	-0.7125	0.6789	-0.5975	-0.0128	0.9225	-0.8002	-1.9496	-0.2328	0.3625	0.6242	-1.0908	1.2520	-0.2555	1.0791	0.3017	0.0818	-1.3173	-0.9610	0.4685	-1.0018	-0.6188	-0.5437	-1.4532	0.4296	0.1587	-0.0428	-1.1002	-0.0521	0.0717	1.0401	0.7446
-0.3360	-0.2535	-1.1895	0.2064	0.2187	-0.1629	0.6642	-0.3392	0.0612	-0.1266	-0.3990	-0.4270	0.3178	-1.5810	-0.4225	-0.0587	-0.9841	0.0998	-0.6713	0.3778	0.7550	0.6458	1.0966	-1.3574	-0.0127	0.6337	0.0167	1.0136	-0.6493	-0.1503	0.2887	-0.6195	0.3900	-0.3937	0.6137	-0.6122	-0.9438	-1.4440	-0.9202	-0.6956	-0.1523	0.0945	-0.4587	-0.0705	-0.5418	-1.2315	-0.7880	1.1363	1.1335
-0.3554	-0.1186	-1.0695	-0.2282	-0.4729	-0.6253	0.8794	0.9745	-0.4348	-0.9331	-0.4000	-0.0237	-0.3474	-1.0746	-0.6298	0.3311	-0.6916	-0.3102	-0.9315	0.1172	0.7555	-0.0284	-0.0421	-0.5235	0.6343	-0.8943	-1.1832	-0.6750	-0.2642	-1.4325	-0.2822	-0.6979	1.7471	-0.7657	1.9392	-1.1277	1.1517	-0.7099	-0.4149	-0.6069	0.9727	0.3187	-0.4358	-1.5406	-0.2937	-1.3631	-1.8862	0.6084	1.4954
-0.9488	-0.6885	-0.6474	-0.1800	-0.8831	0.0452	0.7072	0.5072	0.4822	1.5682	0.0339	0.5998	-0.5086	-1.0317	-0.3890	-0.7322	0.0452	0.0791	-1.3336	0.1600	-1.0995	-0.9171	0.3123	0.6677	1.3138	-1.6243	-1.0984	-1.4678	-0.4731	-1.9638	-0.1543	0.8686	1.5159	-0.0255	3.3923	-2.1350	0.3847	0.3125	-0.0044	-0.9475	-0.2865	0.8236	-0.6974	-0.8131	-1.1020	0.0645	0.0982	0.3809	2.0299
-0.1019	-0.9742	-0.8259	-0.9985	-0.7109	0.5061	-0.2390	1.1771	-0.6098	-0.2455	-0.7883	-0.5928	-0.4772	-1.1161	-1.9899	-0.7310	-0.3361	0.6972	-0.6296	0.0872	-0.6537	0.1317	-0.2440	-0.9581	1.3630	-0.7558	-0.1345	-2.2408	-0.6335	-1.8347	-1.5259	0.1375	-0.1294	-0.2768	3.7725	-1.6149	-0.0410	-1.1327	0.6837	-1.2728	-0.4337	0.5065	-1.3537	-0.2535	-0.2894	0.0448	-0.5749	0.3870	0.9056
0.8653	-1.1211	-0.7061	-0.6674	-0.0767	0.3815	0.1615	1.1899	-0.5579	1.0118	0.4893	-0.4127	-0.6171	-2.3543	-0.8929	-0.4151	-1.4355	0.6529	-0.9304	0.9866	-1.6900	-1.0173	-0.7378	-1.0248	0.7839	-0.6337	-1.0763	-0.3478	-1.0936	-0.9625	-2.6257	-1.0341	0.7443	-0.0271	2.4553	-1.6807	0.3106	0.4774	-0.2124	-0.9163	-0.3395	-0.1116	-0.5545	0.2395	-0.3043	-0.0053	-0.4790	-1.0447	1.2423
-0.8905	-0.8168	-0.5702	-0.4958	-1.1648	-1.8223	-0.1419	0.2673	1.8738	0.1770	0.8486	-1.2637	-0.4443	-1.4535	-0.3563	-0.7522	-1.3842	0.1651	-0.7876	0.1243	-0.4423	-1.6688	-0.5346	-1.0865	1.9150	-0.7688	-0.1903	0.2781	-1.0564	-0.3814	-2.1629	-0.8315	-0.5981	-0.7865	1.8118	-0.9968	0.5335	0.4819	0.1920	0.7839	0.1142	-0.6424	-0.9213	0.3330	-0.1136	-0.5459	-0.9697	-0.7306	0.1832
-0.6194	-1.0113	-0.7534	-0.8320	-0.4093	-1.9525	-0.8718	2.2342	1.1434	-1.7743	-0.3049	-0.4887	-0.9332	-1.0739	-0.4149	-0.6909	-2.2030	-0.0674	-0.3845	0.3962	-0.3245	-0.8445	-0.7474	-0.5096	1.0578	-0.1602	-0.2040	-1.2989	-0.7701	0.1310	-1.2676	-0.7640	-0.3016	-0.8367	0.4145	-1.1499	-0.4450	-1.4590	-0.2566	0.2327	-0.8953	-1.0806	-1.3376	0.2930	-1.0874	0.4140	0.0114	-0.3560	-0.3619
0.1269	-1.3444	-1.0964	-0.5922	0.0075	-0.2032	0.4059	0.9962	1.2708	-0.3269	-0.2895	0.0293	-0.5967	-1.2866	-0.0801	-0.3488	-2.6793	-0.9564	-0.0280	0.3306	-1.1434	-1.6177	-0.0420	-1.2063	-1.7834	-0.4475	-1.0969	-1.5699	0.2105	1.1266	-0.0604	0.9580	0.2375	0.0326	-0.4671	-1.9088	-0.5142	-0.6950	-0.7809	-1.0322	-2.1365	-0.5572	-1.0705	0.2849	-0.5592	0.1361	-0.0670	-0.0878	-0.8584
-0.0408	-1.7656	-0.3902	-0.7026	0.4889	0.2776	0.0125	0.4163	0.7423	-2.0085	-0.2815	-2.0295	0.2835	-0.7585	-1.7989	0.3449	-1.4008	-1.1070	2.3387	0.5513	-0.2333	-1.2348	-0.7508	-2.2999	-0.7088	0.2321	-0.9655	0.0413	0.4468	0.5521	-0.2693	-0.2832	-0.1132	0.2678	-0.8025	-0.4684	-1.2426	-1.9563	-0.9347	-1.3843	-1.6507	-2.3210	0.5909	-1.4376	0.3916	-1.0084	-0.1854	-2.1542	-2.0115
0.1489	-1.7893	0.0200	-1.2765	1.4045	-0.3743	1.2594	-0.5580	0.4426	-0.8842	-0.4444	-2.2883	-0.6600	-0.7740	-1.7426	1.3977	-0.8901	-1.3750	1.7493	1.4855	-1.0813	-1.4375	-1.3979	-0.7396	-0.9307	-0.2174	-2.6104	0.5884	0.7041	0.6382	-0.9346	-1.3063	0.3428	-0.1475	-0.8362	0.0170	-0.6542	-1.1032	-0.4648	-1.5664	-2.2119	-1.7737	1.3787	-1.8749	-0.1369	-0.8119	0.3968	-3.4599	-1.4458
-0.2690	-1.1911	-0.5258	-1.5899	0.4758	-1.6621	-0.2992	-1.7011	1.7435	-1.7175	0.1058	-1.1868	-0.8850	-0.0601	0.0512	0.4928	-1.0068	-1.5885	0.4243	0.3973	-2.1029	-1.4295	-0.9712	-1.4151	-0.0707	-1.4103	-2.3221	0.5515	1.1150	0.6394	0.3507	0.4082	0.4988	0.3322	-1.1981	0.3883	-1.6781	-1.0666	0.6886	-1.0940	-1.7587	-1.0510	1.0052	-0.8292	-1.4153	0.3179	1.3314	-2.8831	-1.6392
-0.3795	-1.2032	0.2136	-0.0240	0.1730	0.4229	-1.2012	-0.1205	0.1454	-1.4409	-1.3920	-1.7282	0.8367	0.4025	-0.5568	0.6021	0.1014	0.0620	0.5148	-0.6738	0.8511	-0.2131	-1.8751	-0.5794	0.8063	-1.1375	-0.6683	1.0708	0.9456	0.3098	0.7139	-0.2527	0.0286	-1.0032	-0.9648	1.0613	-2.1656	-1.0729	0.9942	-0.3522	-1.6508	-0.8073	-0.4198	-0.3251	-1.6979	-1.5667	-0.0624	-2.0906	-2.4115
-0.4330	-0.5625	0.3001	-0.0239	-0.3211	0.6653	-0.4243	-0.5996	-0.8681	-0.9625	-0.5499	-2.1177	1.6820	1.3299	-0.9975	0.4227	0.8156	-0.2875	0.5799	-0.6993	1.4391	-0.7036	-2.4440	-0.4451	0.3015	-1.0325	-0.8595	1.4002	1.2100	-0.5645	1.4257	-1.8942	0.2441	-1.0764	0.3961	1.1688	-0.0878	0.1578	1.1032	-0.6713	-0.0495	-0.5343	0.1755	-0.0247	-0.2408	-1.4417	-1.2573	-1.2107	-1.0676
-0.4043	0.3209	-0.5902	-1.0435	1.8012	0.4205	-0.7136	-2.1940	0.3973	-0.0961	0.0931	1.3824	2.1429	-0.1425	1.2382	-1.1658	1.5743	-1.2771	-0.3329	-0.6767	0.0832	-1.2453	0.2610	0.2334	0.2640	0.6117	-0.8759	1.2924	1.9684	-0.6436	1.8656	1.0420	1.4476	0.3430	-0.1163	0.6319	-0.2735	0.8272	-0.8854	1.3912	-0.6219	-1.1579	-1.3089	2.1632	-1.4832	0.0208	0.4408	-0.0733	0.7283
0.1851	0.7425	-0.3767	-2.4548	0.7486	-0.3880	-1.2237	-0.9657	0.1064	-0.2224	0.2086	0.3122	2.2011	-0.1034	-0.0875	-0.9256	1.2602	-0.5115	-0.2726	-1.1048	1.7043	0.1389	-1.1023	-0.1709	0.5680	0.6558	1.2905	1.8221	1.4104	-0.0476	0.7079	0.3433	0.1157	-0.2365	0.3492	1.9061	-0.2524	-0.4340	0.4503	1.6945	1.0338	-0.4261	-1.3964	1.8082	-0.5285	-1.1359	0.5565	0.4460	0.1845
0.1060	0.0217	-0.3554	0.3430	0.0902	1.4193	-0.5055	0.1807	-0.2251	-0.1768	-0.7541	0.3036	0.7895	0.4303	-0.6529	1.2418	-0.3880	-0.0645	-1.0523	-1.5837	1.6230	0.5357	-1.5643	0.5796	-0.6108	-0.5249	0.6219	1.4919	0.6899	0.5167	-0.1162	0.6687	0.9027	0.0119	-0.6827	1.5678	-0.2092	-0.0175	-0.3762	1.1906	0.9063	0.2099	-0.0321	0.8143	-0.0917	-1.2228	-1.2039	0.3944	-0.3865
0.8428	-0.1607	0.1288	0.6485	0.3894	0.9038	-0.6958	-0.7842	-0.2861	-0.3577	0.6265	-0.2060	-0.0751	-0.8418	0.7409	0.4916	-1.9457	-0.3072	-0.9014	0.4322	0.5812	-0.7290	-1.8652	0.2342	-1.4405	-1.1072	0.3542	1.0491	-0.3780	0.5057	0.4301	-0.4587	0.7829	1.3543	-0.6515	0.5891	0.7365	-0.4049	-0.9146	0.2146	-0.9252	-1.3355	1.1870	1.1181	0.4273	-1.0784	-0.6857	-0.6609	-0.2819
1.3073	-0.7597	-0.1144	0.7940	0.4043	0.1966	0.2724	-3.0950	1.8963	-0.6344	0.1985	0.8740	-1.4502	-0.0497	1.0845	0.9776	-0.4747	1.5504	0.9872	-0.4223	-0.6483	1.0847	1.5514	-1.1063	-0.1382	-0.2913	-0.9633	-1.0932	0.5060	-0.6954	1.8204	0.3737	0.2151	0.8339	-0.7220	-0.0900	-0.5750	-0.4222	-0.5845	0.9284	-1.6097	0.8314	-0.2009	1.9549	-1.3016	-0.6530	0.2108	-0.4195	-0.2403
-0.7139	0.2625	-0.0418	0.5803	0.1870	-0.1035	1.1894	-3.2792	-0.2196	-0.0900	0.4874	-0.7348	-0.9103	-0.8965	-0.3366	1.2726	-0.4757	0.7182	0.3586	-0.4102	-0.9618	0.1921	-0.2657	-0.5570	-0.3606	0.4638	-0.6971	1.5818	-0.2928	0.4138	0.9509	-1.1960	-1.1002	0.8724	-1.4964	0.6905	-0.3969	1.1123	-0.7589	-0.3324	-0.2661	-0.7692	0.8388	-0.1111	-1.1773	0.2555	-0.1161	-0.4504	-0.0651
-1.4113	0.8379	-0.0178	3.1949	1.1107	0.9642	0.3819	-2.1782	-0.7269	1.5801	-1.4770	0.2113	1.5191	-1.2114	0.5193	1.7701	-0.6073	0.2603	-1.5531	-0.6175	0.2393	1.1500	0.6974	3.6850	0.3776	0.0538	0.7976	1.5881	-1.1803	1.6666	-0.2030	-0.2377	-0.2858	0.5694	-1.1238	0.5572	-1.5453	-0.1564	-0.0248	-0.8075	-0.4099	0.8100	-1.1356	-0.4419	0.4189	0.5215	-0.8783	0.5611	-0.8251
-1.9604	1.1512	-0.5948	1.7446	-0.9600	0.4400	0.3678	-1.3321	-0.4345	1.4858	-1.2151	0.1049	0.6964	-0.1363	1.3178	-0.1341	0.4671	0.8263	-1.4154	-1.8655	0.1670	0.3630	0.3285	1.8667	0.1470	-2.5405	0.8718	0.0786	0.2261	1.7525	-1.4228	1.2841	1.6537	-0.2540	-0.9352	-0.1780	0.3962	0.7537	0.7427	-0.6436	-0.2523	3.0314	-1.6017	-0.6381	1.1924	-1.0501	-1.5276	0.7966	-2.1652
-1.5515	2.3263	-0.7617	-0.8138	-1.0441	0.0072	0.6131	-0.5826	-1.2894	1.4512	0.0100	-0.5340	-0.9510	-0.6565	-0.5504	-0.7763	1.0426	-0.5997	-1.8978	-0.0553	0.0078	-0.5004	0.0506	-0.3705	-0.1733	0.2095	1.1474	-0.3915	0.2362	0.9614	-0.7069	0.0282	-0.2866	0.9572	-1.1307	0.5581	-0.3402	2.3850	1.1164	0.3520	1.6311	-0.5103	1.1008	-0.3972	0.9910	1.4240	1.3113	0.4759	-0.2579
-0.3674	2.0241	-1.1671	-0.5182	-1.6171	0.8134	0.0904	-1.1323	-2.1283	-0.4190	0.8227	-1.7000	-1.1878	1.1814	-2.3471	0.0226	1.2532	-1.2998	-0.5785	0.3959	-1.1175	-0.4148	-1.8767	-0.0192	0.3138	0.0035	1.7310	-0.3026	-1.2208	0.0986	-0.8434	-2.9413	-2.5605	-0.2697	0.1017	1.1531	1.2933	2.3488	1.7106	-0.6376	2.1094	-2.5224	2.1274	-0.7260	1.7767	2.2030	2.0312	0.1702	1.4011
4.1370	0.8040	-2.0990	0.5810	-1.9780	1.2476	1.1673	1.9191	2.0807	-3.1308	0.3214	3.3987	-3.2076	2.1888	-0.4020	-0.2543	1.9835	3.0710	1.8101	-0.6695	-3.0038	0.3232	-0.2395	0.4423	3.7048	0.0730	-0.3935	-2.0423	-0.8067	0.6349	-0.7484	-0.3446	-1.4600	-1.9420	-2.4904	-0.0937	2.0441	1.8850	2.2488	3.2711	1.3040	-0.0848	1.8349	0.3938	0.5153	4.6489	3.6371	1.7683	2.7491
1.8173	0.3901	-0.7904	0.1908	-1.6390	1.4352	-0.0619	2.6171	-0.4543	-0.1719	-1.5933	0.7596	-0.3976	1.1634	-0.7504	-0.4536	2.6095	0.8984	1.1561	-2.0403	-0.3498	1.2906	-1.0853	-1.3160	2.4097	1.4741	1.4216	-0.9584	-0.6624	2.1031	-0.4740	-0.7167	-1.9388	-2.0317	-1.3389	1.4625	0.9276	0.4127	4.2562	1.8402	3.1561	1.0714	1.1543	-0.4544	2.3212	2.4172	1.6326	0.7427	0.8414
1.3577	1.5188	-0.5019	-0.5063	0.1063	-0.1356	-0.1465	1.2782	-2.3368	1.7527	0.2755	1.7703	0.0987	-0.0898	-0.5196	0.5131	0.7143	-2.8251	-1.8436	-1.4477	-0.1134	0.0503	0.6115	-0.4213	-0.6345	1.8856	-0.2550	-1.3216	-0.5160	1.5659	-0.0537	-0.5664	-1.7173	0.8285	-1.4784	0.8936	0.7965	1.3659	1.7528	1.5370	2.3091	-0.7679	2.2594	0.1014	0.8608	3.7132	2.1458	-0.2325	0.5652
1.4496	1.3466	0.0629	-1.5287	-0.4789	-1.3394	-0.6046	1.4080	-1.3287	-0.2673	1.8610	2.1640	-0.2871	-1.5308	0.6966	-0.6450	0.6154	-1.2809	-1.0875	-0.9056	-0.9047	-0.3044	0.2384	-0.8682	-0.6241	0.5562	1.3506	-1.3574	-0.8042	0.1846	0.2594	0.2623	-0.2850	1.1529	-0.0871	-0.2104	0.8187	1.3990	-1.2305	2.3017	-0.0239	-0.1311	0.0505	2.0045	0.0413	1.5935	0.3862	-0.3302	-0.3811
1.7712	-0.2784	-0.1839	0.6109	-0.3405	0.8397	-0.2210	1.9873	-1.2705	-2.3482	-0.3202	2.3388	-1.3091	-1.3555	-0.9136	-0.0260	0.8223	0.6667	-0.1241	-1.6121	-0.0813	1.3692	-0.7890	-1.5693	0.0394	1.5085	2.3939	-1.7722	-0.3928	-0.2146	0.0149	0.4095	-0.3327	1.7642	0.2175	-0.1907	-0.6296	-0.4855	-1.7007	3.1594	-1.7850	1.6460	-2.0114	2.1608	-0.6341	-0.4121	-0.9514	0.1639	-1.7250
1.4637	-0.1854	-0.7781	0.9566	-1.7970	1.0603	2.2474	1.6278	-0.7346	-2.2360	-0.0136	0.7625	-1.1172	-0.3526	-0.9249	-0.2160	-0.6730	0.2866	-0.3031	-1.0376	0.0350	-0.0051	-1.4167	-1.9205	-1.6337	-0.2698	1.8907	-1.0952	-0.5326	0.4270	-1.2033	0.1476	0.0291	1.4097	0.1324	-0.5302	1.3580	-0.0185	-0.9559	1.9772	-1.2418	2.0280	-1.4163	0.3422	-0.0764	-0.4503	-0.6003	0.1388	-1.6502
-0.2945	0.0943	-0.3725	0.4692	-1.6395	0.5958	0.4197	1.0893	0.8390	-0.5180	-0.6743	-0.1101	-0.1025	0.0250	-0.6455	0.4817	-0.0591	0.7579	-1.3834	-0.9818	0.2493	0.0495	0.5063	-1.2055	0.9169	0.3042	1.7240	-0.0894	-0.6443	0.9100	-0.5297	0.1420	-0.7784	-0.3917	0.3427	-0.4426	-0.4097	0.1134	-0.6075	1.1937	-0.0919	2.4657	-1.3752	-0.4855	0.5948	0.7556	-0.5268	0.1943	-0.7068
-1.4507	-0.3269	0.2153	1.4845	-0.6647	0.0448	-1.6351	0.8868	0.6706	-1.8543	-0.4126	0.4311	-1.6974	0.6941	-0.0695	1.0818	-0.3228	0.9198	-0.1915	-0.8171	1.0817	0.8369	0.3591	-1.0503	0.5675	0.8773	0.9737	-0.9698	-1.3521	-0.0342	-0.1337	-0.4698	-1.1865	0.4639	0.6856	0.0160	-0.4022	-1.4946	-1.7991	-0.4360	0.2975	1.1620	-1.1815	-1.3543	0.3946	-0.6765	-0.3277	0.8057	-1.6257
-0.6219	-1.2590	1.2291	1.8154	-0.3844	-0.3768	0.5386	-1.0227	2.1365	0.4317	1.6466	2.0981	-1.6797	0.3075	0.8211	-0.1162	0.3245	1.2350	0.3495	0.7709	1.1817	1.0247	1.9452	0.8936	-0.5611	1.3712	-0.7107	-1.3985	-0.5238	-0.8668	0.6013	0.6900	-1.1508	1.0039	0.3913	-0.0184	-0.8701	0.2165	-1.6985	-0.4447	-0.8238	2.0162	-0.9258	-0.7438	-0.7823	-1.5792	-0.8694	1.0451	-0.5191
-0.9775	-1.2483	2.3041	1.3467	0.5555	0.4637	-1.0871	0.1361	0.8960	-0.4347	2.3588	1.6275	-0.9891	0.2314	0.0647	0.6981	0.3549	0.4403	1.7030	2.4758	2.8378	2.1864	1.9064	0.1329	-0.5356	3.1926	-1.5769	-0.6338	0.2023	-0.6775	1.2825	0.1453	-1.5125	0.5188	0.4110	1.0861	-0.3181	-1.3767	-2.9124	0.0906	-0.0502	0.3850	-0.4823	-1.5145	-0.7248	-2.1241	0.0445	-0.1846	0.1594
0.1951	-0.7406	3.3604	0.3823	0.8530	0.0346	-0.3843	-0.2204	-0.8168	1.1148	1.8571	1.0662	-1.4332	1.0883	-0.3209	1.3666	0.8378	-0.0719	2.2626	2.0968	1.8709	1.2003	1.4700	0.5557	-1.6999	1.5259	-1.9346	-0.3520	0.7853	-1.8823	0.7033	-0.0189	-0.0173	0.6885	0.8633	0.6846	0.7995	-0.3614	-2.5566	-0.6403	-0.4274	1.0794	-0.0406	-1.4396	-0.6120	-1.2027	-0.8975	-1.8478	0.8910
1.3316	-1.0936	2.5749	-1.2469	1.0886	-1.4864	-0.3838	-1.7594	1.5337	-0.7413	0.5981	0.2802	-1.2297	2.8596	0.7116	0.6950	0.1012	-0.1031	3.4601	-0.3330	0.1388	0.5839	1.3304	0.9006	-1.3672	-0.4866	-1.3515	-2.0697	1.0177	-2.2275	1.5362	1.9472	0.0444	-1.2213	0.3836	-0.1845	-0.5486	-2.2817	0.8740	0.6342	-0.7465	2.1128	-0.5854	0.4531	-0.3852	0.0742	-0.9810	0.5422	1.2794
2.4416	0.1336	3.2502	-1.1076	2.2667	0.0062	1.3509	-1.9358	1.0212	0.7267	0.1261	0.3138	-0.5942	0.9902	0.4461	2.0166	-0.4229	-0.5312	2.2924	0.2458	-1.2285	0.3460	0.4047	1.5696	-0.2860	0.6449	-2.1061	-0.5772	1.2330	-0.4840	1.3049	0.7680	0.1449	-0.7355	-1.0608	-0.3937	-2.2034	0.8603	-0.2459	1.3205	-0.1536	-1.1419	0.7420	0.9746	-1.9138	1.0226	-0.2012	0.3763	1.8604
2.6326	0.4811	3.5278	-0.3043	2.7739	0.7906	3.8764	-2.3068	1.2956	1.6152	-0.3185	-0.9290	1.1223	0.8682	1.1052	1.2625	-0.2803	0.5427	3.3368	0.2913	-1.4527	0.0579	-0.0554	-0.6761	-0.9189	-1.2725	0.7069	1.4159	0.9714	0.1240	0.5394	1.6256	-1.0290	-0.9551	0.1524	-0.3205	2.4106	-0.1003	1.8327	0.2510	2.1089	-2.4148	0.4234	-0.0211	-0.0943	0.5165	-1.3027	0.5250	0.4942
-2.4910	-0.0379	3.9467	0.4510	2.0791	0.0889	-3.8938	-0.3729	0.6978	1.5996	1.3266	-0.6276	1.3493	2.0729	1.8868	0.5946	0.2070	-1.3838	-0.2089	0.8399	0.3556	-0.6522	0.8966	-0.1974	-0.8069	-0.5431	-0.8071	1.1106	1.5554	0.5650	0.4595	0.2963	0.0584	-0.1614	-1.0551	0.0546	1.2530	0.2129	-0.0495	0.5628	0.1036	-1.2613	0.0449	0.5905	-2.1873	-1.0311	-1.4568	1.0343	0.7952
-1.2275	0.9470	3.6582	-0.5159	0.7275	-0.8641	-3.4966	1.1739	-0.5909	1.8532	3.8388	1.1492	1.8544	0.2674	2.9500	-0.7440	-0.1727	-1.9738	-1.8908	1.5245	-1.0974	-0.4904	0.9265	1.6210	-0.7991	0.8245	-1.4523	1.4541	0.3412	-0.2088	0.3513	0.8209	2.2053	1.7631	-1.8895	0.5991	0.9451	0.9417	-0.4454	0.0017	0.5134	-1.2841	1.1792	1.1864	-1.8134	0.5131	0.0028	0.7771	1.6201
-1.7573	0.1658	3.0848	-2.9298	0.6630	-3.2160	-0.2117	0.7606	-1.1703	1.3336	-0.5630	-0.2890	1.8937	-0.5224	2.7030	-1.2219	0.2484	-0.7215	-1.5561	-0.8118	-0.6804	-0.0857	1.1261	0.2354	0.4362	-0.2695	1.3022	1.0653	-1.5013	-1.5492	-1.0878	2.0447	1.1033	0.1940	-0.1678	0.8523	0.0876	-0.8557	0.2661	-1.8894	0.9942	0.3501	-0.3473	-0.1903	1.1106	-1.0016	-1.1872	0.1111	-0.0273
-1.5315	-0.3254	2.2290	-0.5199	1.1212	-0.7820	0.0354	0.8490	-0.8802	0.3128	-2.2966	-0.3572	1.5624	-0.7658	3.2957	0.2786	-0.0311	-0.1507	-1.5451	-1.1594	0.1362	0.9164	1.8700	1.8614	2.0846	-1.7640	1.8232	0.6561	-1.7468	-0.4659	-1.3925	2.4337	-0.4172	-0.7966	-0.9312	0.9233	-1.7121	-3.0083	0.4917	-2.4298	-0.4768	1.5461	-2.1022	-1.4197	1.5177	-0.9082	-0.9628	-0.9302	-1.5275
-1.4381	0.6514	-0.0285	0.2924	-0.7565	2.1320	0.4618	0.5245	-0.9894	1.0246	1.1238	0.1887	1.8296	-1.5130	2.0051	0.6341	-0.2858	-0.3432	-2.4136	-0.0084	-1.8242	-0.3546	2.1197	0.5648	1.1903	-1.5382	-0.1080	0.9381	-1.4308	1.2109	-1.1061	1.2931	-0.4087	-0.4093	-1.2798	0.2917	-1.4705	-0.3349	0.7959	-2.0627	0.1825	0.7896	-0.2565	-0.9488	0.2517	0.6102	0.2338	-0.8579	-0.6118
-2.2822	0.2766	-0.6118	-1.5130	-1.8279	-0.7635	0.1032	0.8033	-0.5052	-0.1298	-0.2173	-1.5586	0.5097	-0.8326	-0.2613	-1.0710	0.0620	0.2833	-1.7095	-0.5023	0.0111	-1.0708	0.0473	-0.5801	-0.0595	-0.7510	0.3162	0.2261	-0.3226	0.3064	-1.6691	0.7529	-0.9665	-1.0569	-0.3611	0.4126	0.0936	-1.1379	2.0245	-2.1769	0.4607	1.1812	0.2754	-1.4174	1.0032	-0.7024	-0.2389	0.6078	-0.6230
-1.5673	-0.8162	-0.6480	-1.0342	0.6280	-2.4092	0.1919	-0.7490	0.3854	0.2826	-0.7664	-0.5017	0.1606	-1.0299	0.2320	-1.0777	-0.2679	1.4409	-2.0884	0.5898	2.0984	-0.2271	0.5938	0.3413	-0.0010	1.6972	-0.4964	0.5675	0.1914	-0.8338	-0.1217	0.0288	0.1222	0.1316	-0.1623	1.6118	-1.1810	-0.1313	1.2346	-0.4443	-0.9951	-0.2017	0.8684	-0.6226	1.0597	-1.3960	-0.4499	0.4521	0.1896
-0.9715	-0.5342	-0.9642	1.0741	1.5577	-0.1190	1.4237	-1.1632	0.5811	1.0267	-0.6036	-0.8014	2.2728	-0.9542	0.7843	0.3038	-0.1349	1.4513	0.2761	0.7095	2.4838	0.9323	0.7143	3.3406	-0.1501	1.5378	-0.1210	0.2561	0.8108	-0.3476	0.2109	-0.4187	1.5429	1.0272	1.0762	1.1177	-1.4321	0.7091	1.2632	-0.4076	-0.2633	-1.5207	1.6195	-0.0812	0.9724	-1.1965	0.2347	0.3029	0.8457
-0.9215	0.0472	-1.0376	0.6235	0.2591	-0.7109	1.8425	-0.4547	0.6955	1.1871	1.0173	-0.9479	3.1865	-1.0123	1.2796	-0.1683	-1.7217	-0.7706	0.2081	0.3964	0.1598	-0.9764	-0.4691	0.6984	-0.7425	-1.5558	-1.0843	0.6082	1.1608	0.3602	-0.1361	-0.0719	3.4107	0.7927	1.2631	-0.1464	0.8270	0.2327	-0.0457	-1.0658	0.0864	-1.3566	2.8827	0.3986	-0.2100	-0.7865	1.3133	-0.6883	1.7196
-0.7880	0.0804	-1.4127	-0.0083	0.4095	-2.2390	1.1179	0.2108	-0.6794	1.4109	-1.3097	-1.6494	1.2866	0.9057	-0.4509	-0.3214	-0.3523	-1.1473	0.3963	-0.3819	0.0619	-0.8437	-0.7832	1.8870	-0.8702	-1.4388	-1.5036	0.3952	2.2306	-0.5690	0.2407	-0.9374	1.5941	-1.2142	1.7806	-0.3080	2.0001	-0.3837	0.2583	-1.7994	0.5072	-0.1467	0.8567	0.9075	-0.1139	0.1105	1.6181	0.4606	2.6889
-0.2208	0.1171	-1.5642	2.1298	0.2989	0.3559	-0.5274	1.0621	-0.6642	-0.3745	-1.6423	-0.3286	0.0371	1.2666	0.0724	0.9197	-0.0991	-0.6282	0.9220	-0.6967	-0.2716	-0.2019	-0.2436	0.3804	-0.5263	-2.3699	-1.3951	0.3103	1.1930	-0.6731	0.3660	0.3899	2.6310	-0.4634	-0.0584	-0.1737	1.2180	-0.0522	-0.0542	-0.6126	1.2152	-1.0344	0.8851	1.0195	-0.7852	-0.0293	1.8511	0.1468	2.0595
0.7313	0.5046	-1.2985	2.9651	-0.9022	0.9634	-1.0449	-0.0320	-1.3654	0.2617	-0.9769	-0.8583	1.2161	0.3894	0.2468	1.1664	-0.5945	-0.2015	1.0718	0.3255	-0.8659	-1.5982	-0.2639	0.3045	-0.9009	-3.0956	-0.3968	1.5962	0.2765	0.7171	0.9791	-0.3236	1.8431	0.9977	1.3647	0.5999	0.9652	0.5905	0.4447	-0.3453	0.2551	-1.0289	1.4115	1.7000	1.2147	-0.2087	0.9532	-0.5237	2.1781
-0.6477	0.9073	-1.4438	0.2399	-1.3995	-1.1321	-0.8855	0.8753	-0.2668	1.5645	-0.7532	-0.1272	-0.1949	0.3423	0.4284	0.2964	0.6868	-0.6335	0.8157	-0.7010	-0.7851	-1.4316	0.4751	0.4630	-0.0732	-0.6636	-0.8994	0.8201	0.7494	0.8215	0.2770	0.3656	0.5565	0.6382	1.2109	0.0033	0.6903	2.8157	0.7976	1.1035	1.1311	-0.3748	0.7536	1.3662	-0.0943	0.0127	0.3963	0.3048	1.2153
-0.4595	0.8411	-1.5617	0.3691	-1.5611	1.5982	-0.8038	1.5958	-0.3166	0.5949	-0.8883	-0.7371	-0.4068	0.2771	-0.3451	0.9344	0.5714	-2.0489	0.1792	-0.7574	-0.1232	-0.7280	-0.7300	0.0541	0.3039	-0.5455	-0.5732	0.1058	0.2323	2.0891	-1.0526	0.0312	-0.7595	-0.6417	0.4587	-0.1969	-0.0998	1.3231	1.0292	0.6902	1.0457	-0.1931	-0.2940	0.8543	-0.4875	0.0468	0.1339	0.7017	-0.7895
-0.9480	-0.1229	-1.4569	-0.7802	-1.3468	0.3079	0.8589	0.4691	1.3407	0.8471	-0.6352	-0.9565	-0.0973	0.9246	0.3802	-0.6364	0.5184	-0.3592	-0.5160	0.7209	-0.6395	-0.7643	0.1092	0.1053	1.4596	-0.6992	0.2240	0.9260	0.0954	0.2901	0.3611	0.3659	0.1011	-0.1683	-0.1376	0.0203	-1.1186	1.5334	0.0593	-0.1734	0.0520	0.5407	-0.1886	1.3686	0.0513	-1.0630	0.4492	0.8535	-1.6959
-0.5186	-0.3362	-1.4129	-0.5518	-0.7907	0.2752	0.9232	1.9457	0.3358	0.0423	-1.2964	-1.8701	0.5975	0.2170	-0.4442	-0.9231	-0.4902	0.2460	0.2698	2.1852	0.5513	-0.1182	-0.6854	1.0156	0.6762	0.8757	0.9333	-0.1788	0.1976	0.6376	0.1324	-0.6259	-1.5026	0.3201	0.2324	-0.3571	0.1691	-0.7925	0.2066	-0.7755	-0.2415	0.3095	-0.5422	-0.1318	0.1275	-0.1665	0.5747	0.9212	-1.9152
-0.9711	-0.1973	-1.2957	0.3829	-0.6190	1.1940	1.1339	1.1921	1.1530	-0.0141	-0.2867	-1.3339	0.7381	-0.5171	0.0633	-0.8883	-1.5043	-0.2818	-0.6221	2.2288	-0.3972	-1.3879	0.1168	-0.4252	-0.3335	-0.4113	0.3595	0.0288	0.0843	-0.2624	0.7415	0.4169	0.2599	0.7598	-0.3534	-1.0577	-0.9565	0.0456	-0.4923	-0.4753	-0.6645	-0.3320	0.0225	-0.1139	0.1296	1.1193	-0.5847	-0.1343	-0.7557
-1.6301	-0.3689	-0.9282	-1.1046	0.1856	-0.1208	0.6956	1.0020	0.8632	-2.1396	-0.8261	-2.2235	-0.1562	-0.6660	-0.4916	-1.7557	-0.5096	0.1772	-0.1278	1.6983	1.3238	-0.7305	-0.7132	-1.7436	-0.0255	0.3437	1.5933	0.3991	0.3397	-0.8570	-0.0914	-0.1537	-0.0292	0.3064	-0.0539	-0.5975	-1.2133	-0.6852	-0.0882	-0.3923	-0.2823	-0.2394	-0.7524	-0.6341	-0.1716	-0.0580	0.2417	-0.3185	-1.1681
-0.8919	0.0578	0.0071	-0.8984	0.0791	-0.0829	0.9872	-0.9855	0.3882	0.6617	-0.5311	-2.2043	-0.4046	-0.5301	-0.6671	-0.8994	-0.6055	0.2232	0.4477	1.6391	1.1375	0.1844	-0.6823	0.5018	-0.6562	-1.2143	1.9272	0.1336	-0.4468	-0.3099	-0.9364	-1.8536	0.5024	0.7799	1.5854	-0.9464	-0.3366	0.3766	-0.4806	-1.7860	-0.5030	-0.6622	-0.0628	-0.9459	1.0366	-0.6963	0.2303	-1.2067	-1.1794
1.2883	-0.5750	-0.1342	-0.0669	1.8437	2.2981	-0.3081	-2.9254	2.5032	-1.7563	-0.8498	1.9122	-1.4516	0.9240	-0.9196	-0.6302	1.6970	5.2684	3.6523	1.5358	-0.1979	3.4742	2.2933	0.7219	2.1615	0.0540	-0.2079	-1.6856	-0.4920	-1.5816	-1.8101	0.0108	-0.0562	-0.6380	0.8492	-1.4785	0.3812	-0.5274	0.2950	0.0780	-1.5220	1.0079	-1.9226	-1.0366	1.5807	-1.2224	0.1884	1.6710	-0.6808
3.1108	-0.0015	0.1651	-0.2374	1.6944	0.9699	-0.1356	-0.3245	1.0266	-2.8243	-0.4166	1.1478	-1.4078	0.1864	-0.2058	-1.0486	1.4181	4.2006	2.5048	1.2724	-0.6105	2.9047	-0.0718	-0.8015	3.2716	1.7966	1.8960	1.2311	0.3059	-0.1321	-2.0495	-0.2151	-1.3419	0.1048	0.2188	0.3007	0.7331	0.2291	0.3585	1.3164	1.1012	2.1135	-0.5418	-1.6566	2.3000	0.3988	-0.6472	3.1951	-0.1382
1.9260	1.0556	0.0129	1.4837	1.2260	1.0018	0.5863	-1.0767	-1.7561	1.2943	2.2154	0.1767	-0.0232	-0.2314	-0.8636	0.3864	0.5534	0.7778	-1.0065	0.2235	1.8856	1.3838	-0.4680	-0.0998	0.5240	1.2379	2.2254	2.1776	-0.4225	0.9059	-0.7892	-3.2105	0.1394	1.6905	1.5803	0.6088	1.7075	1.2621	1.0967	-0.4604	2.2018	0.3166	1.6881	-1.4724	2.4233	2.0450	-0.8189	1.0501	0.4738
0.7941	-0.8527	-0.0226	0.3881	2.0873	-0.9832	-0.7066	-0.5675	-0.2958	1.4215	0.4531	1.4463	-0.6273	0.4931	0.4715	0.2482	0.6003	0.7213	-0.6296	-1.2982	1.6175	1.3358	-0.1187	0.1261	1.0186	0.4645	0.9315	0.7164	0.0114	-0.3234	0.6187	0.1984	2.3188	0.1164	1.4545	-0.2962	0.6583	-0.1136	-1.0620	-0.0716	1.1068	0.4760	-0.1279	-0.2282	0.8890	0.3540	-0.1874	0.3949	-1.0124
1.1397	-1.0044	-0.0816	2.0956	0.3143	1.2032	-0.5466	0.6683	-0.8782	0.4668	-0.2827	1.4622	0.3551	0.4881	-0.6273	0.8736	0.8116	-0.5792	0.3318	-0.4942	1.7124	1.6377	-0.3107	1.0275	0.7984	1.5455	0.7925	-0.3406	-0.0529	-0.5861	1.7871	-1.0708	0.8911	-0.0087	1.8892	-0.3880	-0.5457	-0.8002	-1.3880	-0.1657	0.0398	0.6854	-0.6085	-0.7345	-0.1750	-0.3286	0.2401	-0.3976	-1.3101
1.4605	-0.2100	-0.5753	0.0139	-0.9200	0.5252	0.8125	-1.1958	0.0838	1.6891	2.0756	2.1708	-0.4853	0.1858	-0.2427	-0.2008	1.6783	-0.3617	0.6967	0.4276	-0.4720	-0.2163	-0.4791	0.1876	0.0445	0.6330	-0.0181	-0.7484	0.7382	-1.9516	2.8434	-0.7480	0.3641	1.1600	-0.3102	-0.9794	1.1907	1.3215	-1.2992	0.5830	0.2126	-0.1727	0.7061	-0.8749	-0.8065	0.2982	0.8478	-1.3189	-0.4096
0.8860	-0.2112	-0.1477	-0.3650	-0.7623	0.4704	-0.6697	0.9427	-1.0420	0.9336	-0.5782	0.5161	-0.5482	0.2383	-1.3115	-0.1914	0.5185	-1.5871	0.4348	-0.3076	-0.5148	-0.4241	-1.4911	0.8784	-1.9677	0.1506	-0.5647	-2.1638	1.0790	-0.5404	1.8775	-0.2897	-1.4620	-0.3704	-0.9889	-1.0769	1.7201	-0.3031	-0.9606	0.2082	0.5497	-0.7269	0.0876	-0.6644	-1.1527	0.2085	1.1038	-2.0609	-0.5611
0.2214	-0.1738	-0.0836	-1.4231	-1.5792	-0.8611	0.5987	0.9256	-0.3375	0.1746	-0.6024	0.4767	-1.3555	0.4306	-0.6621	-0.6548	0.3856	-1.9738	-0.2565	-1.6242	-1.5106	-1.5939	-1.1921	-0.4588	-2.1432	-0.9275	-1.6815	-1.5586	0.4697	-1.0028	1.6240	0.1863	-1.2453	-0.8969	-1.5097	-1.7987	1.2739	0.9969	-1.4331	-0.2662	-0.3782	0.2367	0.2586	-0.4979	-1.7600	-0.2388	0.7211	-2.1991	-0.0978
0.7982	-0.4715	-0.3652	-0.9197	-1.3734	-0.3681	-0.7556	0.6150	-1.5582	-0.8806	-0.9909	0.1724	-0.7127	-0.6707	-1.3711	-0.0891	0.2797	-1.1865	0.3481	-1.5464	-0.4642	-1.6032	-1.3773	-1.1457	-1.6450	0.0573	-1.4739	-1.5363	-0.2033	-0.3212	1.0593	-0.1940	-2.4260	-0.6002	-1.0634	-1.4497	0.7990	-1.4366	-0.9219	0.5641	-0.7351	0.4492	-0.0751	-0.6884	-1.6480	-0.4590	0.4476	-1.7879	-1.1631
1.3876	-0.0681	-0.4019	-0.0688	-1.1800	-0.2802	-0.3705	-1.0253	-2.0255	-0.4393	0.3475	0.3851	-0.4701	-0.9889	-1.8697	-0.0501	-0.8040	-0.1909	-0.7032	0.3317	-1.0646	-1.8267	-0.5442	-1.9307	-1.6666	-0.0337	0.0480	-0.3050	-1.3351	-0.3756	0.7533	-1.3941	-2.3329	0.9874	-0.4466	-0.0134	-1.0190	-1.0302	-1.5604	-0.3998	-1.7426	-1.2684	-0.3562	0.5051	-0.2666	1.7368	-0.3567	-1.7444	0.1103
0.5683	-0.4009	-0.3114	-0.6646	-0.1494	-1.7347	0.6021	-0.1476	0.1776	-0.1520	-0.1037	0.3361	-1.3973	0.4417	-0.4039	-0.5080	0.4823	0.3709	-1.2483	-0.3705	-0.3648	-0.3321	-0.0183	-0.0650	-0.8774	0.6292	1.1594	-0.6361	-0.8112	-0.6356	0.2852	-0.0665	-1.6478	-1.1827	0.0408	0.5562	-1.2505	-0.9779	-0.3781	-0.0336	-1.4962	-0.1230	-1.6443	0.7641	0.2107	1.0312	-1.9237	-0.4547	-0.5252
-0.1071	-1.0845	-0.6007	0.6672	-0.3934	-0.0954	0.5076	0.4531	-1.0431	-0.7101	-0.0092	0.1331	-0.7840	0.2110	-0.8284	0.3172	1.4120	-0.2889	-2.5435	-1.3723	0.8111	0.5126	-0.4481	-0.8194	-1.1909	-0.4018	-0.2006	-0.1552	-1.2359	0.7894	-1.3489	-1.1031	-0.3115	-2.5936	-0.7975	0.9443	-1.2549	-1.3160	0.8927	-0.6731	-0.8521	0.1737	-0.9816	-0.3667	0.1467	-1.3072	-2.9272	-0.3423	-1.0251
-0.7723	-1.2420	-0.8991	-0.7784	-1.1685	-1.1908	0.6837	-0.6780	-0.4004	-1.4296	0.2019	0.5022	-0.1307	0.2621	0.1338	-0.7599	1.7193	-1.1084	-2.5552	-0.6726	-1.3553	-0.2884	0.1820	-1.4147	-0.0877	-0.9674	-0.8751	-0.3436	-1.3796	0.5920	-0.7632	0.2756	-0.7145	-1.9628	-2.0017	1.1785	-0.5936	-1.5339	0.3225	-0.4299	-1.2369	-1.2763	-0.4266	-0.3742	0.4308	-0.5718	-0.8105	-0.3988	-0.2533
-1.8900	-1.2390	-0.7767	-0.2577	-1.4218	-0.5052	0.5324	0.2914	-0.6739	-1.7305	-1.2368	-0.9568	-0.7458	0.9266	-0.1678	0.4056	0.8578	-1.1467	-1.3043	-1.3899	-1.4452	-0.4295	0.0472	-1.9873	-0.7051	-1.4131	-0.3908	-0.9875	-1.2134	0.9246	-1.3505	-0.1907	-0.9517	-2.7235	-1.0186	0.3968	-0.7073	-1.3895	-0.3654	-1.0089	-1.0132	-0.2742	-0.8712	-1.4942	-0.0097	-0.7114	-1.3065	-0.2217	-0.3773
-0.8249	-0.4045	-0.2388	-1.2165	-1.7979	-1.5736	1.1395	0.1658	0.9673	-1.7106	0.0909	-1.1304	-1.3795	0.6273	-0.4040	0.2892	-0.3755	-0.0856	0.1522	0.5340	-1.7724	-0.7202	0.5581	-1.8373	0.3217	-0.8658	0.6690	-0.7796	-1.2277	0.0142	-0.0912	0.5313	-0.3465	-1.3927	-0.0960	-0.7565	-1.2428	-0.2663	-1.2119	-0.7746	-1.4935	-0.3092	-1.3989	-0.9314	-0.7493	0.4955	-0.5952	0.2597	-0.2161
0.1327	-0.1165	0.0735	-0.7220	-0.8130	-0.7455	-0.0226	0.9038	0.4829	-2.5998	-1.3314	-1.0941	-0.4405	-0.0238	-1.3123	0.9728	-1.1733	-0.2370	0.3267	1.3141	0.2945	0.1481	0.5149	-1.0772	0.2763	0.4414	0.0669	-1.2053	0.1694	0.0313	0.2593	-0.4154	-0.8933	-1.3667	0.1915	-1.6175	-2.1966	-1.7414	-1.1891	-1.1892	-1.9100	0.4811	-2.0744	-0.0075	-1.1434	0.4132	0.8804	0.3505	-0.7696
1.1183	-0.4060	-0.1082	-0.9053	0.5080	-0.5952	-0.0600	-0.3336	1.7746	-2.0929	1.2494	0.2096	-0.7915	0.2277	0.1946	-0.0189	-1.9392	0.4895	0.6032	1.8965	0.1734	-0.0126	0.8846	-0.2723	-0.3421	1.1989	-1.1835	-0.5580	0.8096	-0.7066	1.4563	-0.0854	0.3724	-0.6634	0.5394	-1.4551	-0.9663	0.1062	-1.3545	0.4315	-2.4601	1.0500	-0.9362	0.4302	-1.4591	0.7164	0.3054	0.5489	0.3707
1.0810	-0.4906	-0.1033	-0.1086	1.0189	0.0069	-1.1065	0.1370	0.3792	-1.0134	0.6666	-0.3822	0.7435	0.9344	0.0909	0.2061	-1.3366	1.2340	0.8068	0.0902	2.0896	1.3527	1.0848	-0.1434	0.6247	1.1848	-0.6003	-0.4417	1.3167	0.0856	0.1202	-0.5193	0.1110	0.2852	1.3047	0.0109	-0.9784	-0.3208	-0.3686	0.5909	-1.2239	0.6103	-0.9743	0.5994	-0.5313	-0.2627	-1.1652	0.8615	0.7170
0.9669	-0.2772	-0.9042	-0.3006	1.9993	-0.2682	-0.4374	-0.7505	0.0238	0.5897	0.6945	0.6613	1.6448	0.0476	1.2452	-0.1150	-2.4658	0.8556	0.3269	0.3436	0.7471	0.3345	1.8763	0.2744	0.6696	0.8047	-0.0468	0.0143	0.1977	-0.1056	-0.6386	1.3988	1.7941	1.8816	1.3003	-0.1101	-1.7163	0.0094	-2.4734	0.0928	0.0232	-0.4972	-0.1068	1.0300	0.1222	0.8109	-0.3647	0.5375	0.7625
-0.3209	-0.3753	-0.7018	-0.3650	1.8853	-0.9647	0.0025	-0.8454	0.3696	0.5240	-0.4366	-0.1130	0.3428	0.5092	-0.4257	-1.2556	-1.4161	1.2955	0.3190	1.0946	1.8196	0.6822	0.0758	0.5194	0.3145	1.0758	0.5759	-0.5159	0.2978	-1.3087	0.2735	0.2366	0.5661	0.2486	1.0910	0.0550	-0.3022	-1.2189	-1.2855	0.6077	0.4859	1.2856	0.6036	0.2885	0.2847	-0.1645	-0.2063	1.6390	0.4877
-0.0793	-0.0272	-0.7015	-0.0278	0.7627	0.6425	-1.2403	-1.0546	1.1788	-0.4949	0.8848	0.1756	-0.1198	-0.7037	0.0849	-1.8093	-2.4267	1.7595	0.7041	1.4999	-0.2179	-0.4848	-0.0586	-0.1642	-0.2179	-0.2865	0.2548	-0.6004	-0.5182	-1.7893	0.8290	0.8124	1.9312	1.0705	-0.2018	-1.6399	0.1995	-1.4095	-2.1909	0.2261	-0.0259	0.9138	0.8623	0.1607	-0.2582	-0.1158	0.1393	1.1178	1.0836
-0.8418	1.3450	-0.6022	-1.0242	-0.5554	1.2181	-1.4279	-0.9497	0.8319	-0.4872	0.0483	-1.7084	0.2598	-1.4291	-1.8596	-1.4910	-0.4504	-0.0019	1.2523	1.1578	0.5201	0.1793	0.2216	-1.2410	0.8983	0.0950	0.4893	0.4362	-0.5544	-0.4029	0.1112	-0.6015	0.8871	0.0952	-0.5021	-1.8620	-0.6761	0.1401	0.5483	-0.2404	0.4199	1.2672	0.0777	-0.4477	-0.7041	-0.8586	0.0550	1.0132	1.0537
0.1856	2.7203	0.1650	-1.0698	-1.2854	0.9024	-1.9596	0.0223	-0.7568	-1.2141	0.1102	-1.1742	-0.5387	-0.5535	-1.9807	-0.8014	0.5789	0.1844	1.2978	0.4006	-0.6252	1.4347	-0.5639	-0.7148	0.8764	0.3378	0.2497	0.8982	-2.2260	-0.0780	-0.6913	-1.2615	0.3725	0.1596	-0.6672	-0.3923	1.4326	1.0587	1.5116	-0.4713	1.4472	0.0499	1.0730	-0.3595	-0.2245	-0.1014	0.2446	0.5314	2.0214
0.4064	3.1344	0.3749	-0.6752	0.0941	0.2305	-0.8566	-0.5023	1.2613	0.5241	0.1880	1.0675	-1.4324	-0.6706	-0.2848	-1.3559	1.0986	-0.5294	-0.4665	0.1402	-0.9529	0.5173	0.2301	0.6561	1.0942	1.2333	0.0401	-0.2257	-1.6637	0.1520	-0.6556	1.0272	0.1298	-0.5964	-0.1757	-0.3654	0.8177	2.4415	2.4703	0.7189	1.0396	-0.0629	0.7762	1.6316	0.5780	2.5195	0.6668	0.1683	2.2958
0.8121	2.4430	0.1582	1.2174	0.8079	1.9482	-1.7358	0.5370	0.9591	-0.3355	0.8790	1.9272	0.0835	-0.0465	-0.1266	-0.0003	0.0161	-0.9465	-0.9868	-0.8585	0.2688	1.3771	0.0268	0.1227	1.5843	2.0641	-0.2433	-0.9251	-1.7122	0.7604	0.5267	1.2779	-0.1511	-0.5517	0.0345	-0.2824	-0.4736	1.4068	2.2752	1.3689	1.5768	-1.6812	0.7461	1.7499	1.1201	1.2368	1.2349	-0.6594	0.6200
0.4655	1.1785	-0.1294	0.9529	-0.1415	2.8159	-0.7509	-0.5309	1.2106	0.7815	1.5977	1.8406	-0.0663	0.3805	0.6964	-0.1994	-1.4314	-0.8112	-1.1245	-0.7498	-0.3251	-1.3323	-0.4493	-1.4343	0.2100	0.5056	-1.7713	-0.1773	-0.0968	2.4526	-0.0783	0.8062	-0.0441	-0.5105	-0.9196	-1.4498	0.2838	2.1833	1.4630	1.5651	0.3475	-0.9803	1.0314	2.0908	-0.1253	0.9668	0.7269	-1.3624	0.6340
0.5557	-0.1299	0.4666	0.3042	0.6770	1.2813	-0.9649	-0.5307	0.1681	0.1684	0.1875	0.9534	-0.1805	0.5011	0.0447	-1.3804	-0.7972	0.5789	0.7110	-0.2823	-0.7167	-0.0842	-0.4793	-1.4731	0.4488	1.3338	0.7708	1.0267	-1.3474	0.6461	0.7173	0.2935	-0.7643	0.1402	-0.3229	0.0692	-0.2234	0.6805	0.6910	2.0263	0.2452	-1.3093	0.6986	0.9125	-1.2041	0.4276	0.5603	-1.6946	-0.5336
0.4120	0.1598	-0.1849	0.1472	0.3576	0.2858	-0.5060	-0.0884	-1.4857	0.3776	1.3117	-0.2366	0.7243	-1.2737	-1.3525	-1.6363	-0.3965	0.1448	-0.4057	-0.1782	-0.4616	-0.8329	-1.3011	-1.0932	-1.0705	0.1358	1.5373	1.8504	-1.6017	0.6352	-0.9254	-1.0538	-0.8739	0.8561	-0.5351	0.5144	0.8805	0.2823	1.2142	0.6406	0.3912	-0.9143	0.2032	0.1204	-0.6260	-0.8681	0.5414	-2.0621	-0.3638
0.0347	-1.0273	0.0825	-1.0669	0.8580	-1.6436	-0.4032	0.8495	-0.2980	0.2320	0.5421	-0.0810	0.2979	-3.4576	-0.3142	-0.8891	-0.1060	0.9500	-1.4646	-0.7301	-2.2947	-0.7585	-0.1027	0.0645	0.0331	0.3656	0.2624	1.3838	-1.3554	0.6949	-1.5025	0.4852	-0.3556	-0.1841	-1.8417	0.1322	-0.1059	-0.0803	0.6967	0.6464	-0.1020	0.1539	-0.6941	-0.5293	-1.6527	0.0406	0.1671	-1.6436	-0.2233
-0.2975	-0.3729	-0.0166	1.7274	1.3087	-0.3810	-1.0980	2.1222	-1.5255	-1.0249	-1.1260	-0.4062	0.4620	-2.1583	-0.7179	0.6246	-1.0385	-0.3196	-1.2101	-1.1876	-0.7719	0.3584	-0.2524	1.1810	0.6571	0.7138	0.0304	0.3870	-1.1184	1.7410	-1.0960	-0.0132	-0.9174	-0.5595	-1.9081	0.8476	-1.9400	-0.3083	0.7509	-0.2435	0.5039	-0.6612	-0.1329	-0.3640	-1.6160	0.1065	0.6903	-1.5768	-0.3312
0.6114	0.9679	0.7671	1.0712	1.2311	-1.3300	0.5528	-0.5134	-1.2215	-0.6708	1.2332	0.2007	0.2795	-1.0949	-0.1021	0.8672	-1.3352	-0.8423	0.3077	-0.0935	-0.7964	-0.8776	-1.1926	0.1325	-0.2323	-0.7562	-0.2938	0.5171	0.5739	0.1130	-1.0901	-0.5957	0.4359	1.5079	-1.6048	0.2183	-1.0354	0.5412	-0.2030	-0.4046	0.1902	-1.2581	1.2857	1.4331	0.3341	0.4410	1.4469	-0.8767	0.0359
-0.6640	0.4668	0.5384	2.1685	1.0428	0.3244	0.6614	-1.2780	1.0665	1.3544	0.2231	-0.1484	1.2908	-0.1506	0.3719	1.4599	-0.3827	-1.4289	-0.2088	-1.6812	0.5276	-0.3422	-1.3188	1.1544	0.4587	-0.6751	-0.0960	1.2067	2.3678	0.4375	-0.4895	-0.2474	1.2473	-0.3932	-0.1631	0.2243	0.6106	-0.0920	0.5752	1.6163	0.1658	-0.7154	-0.1055	1.8202	1.7131	-2.3073	-0.8085	1.3719	-0.1232
-0.0254	0.4169	0.6745	0.7214	0.6825	0.7447	0.6709	0.0233	-1.5927	1.9608	2.9205	0.0722	0.4406	-1.1391	-1.2070	1.6201	0.0254	-2.4024	-0.8859	-0.1989	-0.0135	-0.2444	-2.2247	0.8184	-1.0757	-0.0201	-1.7257	0.7617	1.7240	0.6794	-0.7351	-2.7980	1.2289	0.8452	1.1594	0.1195	3.5182	1.4061	0.4526	0.4008	0.3503	-3.1002	0.8255	-0.0886	-0.4625	0.1602	0.6073	1.3652	1.1043
-1.1097	-0.7305	0.9768	-0.6743	-1.0663	-0.6877	0.0988	-0.0266	-0.5548	2.0959	0.5024	-0.9209	1.1202	-1.2098	-0.6943	0.9363	0.7974	-1.2686	0.0417	-1.9470	0.1523	-0.9980	-1.0425	0.7206	-0.0920	-1.5984	-0.6244	0.7494	2.0567	0.6059	0.2636	-0.2458	1.0751	-1.3037	2.4177	0.2996	0.9423	0.9459	0.0707	0.6276	0.1645	-0.6928	0.0572	-0.7927	0.6236	-0.4580	-0.6204	1.1053	-0.2851
-0.7812	-0.3701	0.3333	-0.0046	-0.0384	-1.2914	0.5544	0.0823	-1.3929	-0.2014	-0.2007	-0.5230	0.9625	-1.5672	-0.7695	1.4749	-0.9349	-0.9052	-0.0595	-1.2941	-0.6225	-1.1204	-0.5843	-1.0737	-0.7014	-0.9453	-1.2427	1.1662	1.1492	0.8622	-0.2779	-0.5973	0.6677	0.4333	0.9053	0.6867	1.6527	0.3806	-0.8028	-0.1153	0.0058	-1.6826	0.1417	-0.4292	0.2759	0.7177	0.3898	0.1945	-0.2725
-1.0609	-0.4924	0.8424	0.0624	-0.5459	-1.5532	0.5645	0.2120	-0.7877	1.2012	-1.1563	-0.7977	0.0301	-0.8672	-0.6217	1.3356	-0.3401	-0.3281	0.5879	-1.6173	0.1980	-1.5988	-0.6703	1.1891	-0.6835	-1.3482	-1.1545	0.5768	1.7142	0.3317	-0.9222	0.2615	-0.8017	0.3054	0.8393	1.1494	0.5757	0.7158	0.4274	-0.0906	0.0863	0.4400	-0.2730	-0.2961	-0.1675	-0.5240	-0.2625	0.8514	-0.4608
-0.7250	-0.0680	0.0987	-0.9529	-0.2146	-0.9226	0.0402	-0.0047	-0.4219	0.8342	-1.1602	-0.5234	0.6536	0.0090	0.0325	0.8014	-0.5354	0.3260	-0.0526	-1.1789	0.1847	-1.5963	-0.5872	0.1386	-0.0848	-1.5962	-0.3196	0.1855	1.2550	-0.0636	-0.8719	-0.0042	-0.0504	1.1356	0.7542	0.8007	0.3706	-0.0456	1.4863	-0.3109	0.5019	1.0701	-0.3250	0.7056	0.3999	-0.5746	0.9399	0.6156	-0.7484
-0.8039	-0.1181	0.2502	-0.9538	0.3271	-0.9207	-0.0204	1.5181	0.3562	0.6796	-0.8690	0.9614	-0.1402	-0.8572	1.0635	0.4706	-0.4086	0.5203	-0.6623	-0.4966	-0.0799	-1.8178	0.1987	-0.1335	0.1937	0.5269	-1.1644	-0.8633	0.4082	-0.1072	0.0505	1.5613	0.1048	1.7561	-0.3897	0.4096	0.6342	0.2988	1.4339	0.9324	0.4341	0.4863	0.3358	-0.1371	-1.3954	0.7091	1.2947	0.4812	-0.3783
-1.0186	-0.9027	0.2386	1.1931	-0.5851	1.7609	1.1685	0.5601	-1.5379	0.6874	-1.4360	-0.5213	0.5443	-0.9285	0.4403	1.6192	-0.9368	0.3624	-0.0654	-1.0094	-0.8908	-0.9532	-0.8312	0.2022	-0.9636	-0.6353	0.6107	0.3174	-0.5801	1.2017	0.6816	-0.0981	-1.6797	1.0805	0.7504	1.1571	0.3733	0.1347	0.6468	-0.0706	-0.3218	-0.3490	0.2842	-0.1516	0.2389	-0.1964	-0.2652	-0.1060	-0.8163
-0.6351	-1.2739	0.0629	0.5532	-1.3584	1.1320	0.4620	0.2816	-0.0987	-0.1475	-0.7882	0.2378	0.0381	0.2880	1.0858	1.2789	0.6754	1.3151	0.0210	-1.3258	0.1541	0.2849	0.6341	0.4943	-0.0650	-0.8377	-0.0592	-0.1819	1.0657	1.1615	0.2256	0.6303	-0.7317	-0.0623	-0.4997	0.7960	-0.4018	0.7105	0.2857	0.4924	-0.6086	0.7352	-0.8879	-0.1432	-0.2158	-1.4469	-1.0567	0.5387	-0.5957
0.7221	-0.8546	0.0010	-0.6915	-1.3394	-0.5620	1.0334	0.3266	-0.7446	0.1318	-0.4331	0.0135	-0.7250	0.1976	0.2998	-0.2678	0.1732	0.1153	-0.4841	0.5401	0.0269	-0.2812	-0.5474	0.5797	-1.7156	-0.4222	-0.2468	-0.3112	1.0236	0.4366	-1.2053	-0.9697	-0.6091	0.7540	-0.4122	1.0707	1.4403	-0.0421	0.3503	-0.8201	-0.8424	0.6798	-0.7431	0.2828	-0.1413	0.9826	-0.1070	0.0164	0.2277
-0.8479	-1.4606	0.2821	1.1012	-0.8878	1.2289	-0.8307	0.2409	1.2651	-1.2660	-2.3615	0.1392	0.7571	1.0734	0.9043	0.9978	1.3118	0.5016	0.0989	-1.5984	0.3370	0.5999	0.3917	-0.3910	0.3962	-1.2804	0.4634	-0.4237	0.7856	-0.4150	-1.5613	2.2721	0.9688	-1.2707	0.1273	1.4481	-1.9133	-0.9025	-0.2085	0.7210	-1.0679	1.9144	-2.0696	0.5863	0.3497	-2.1577	-2.2521	-0.4767	-1.3568
-0.4755	-0.6743	0.1949	0.4168	-0.8801	0.6053	0.5720	0.4293	-0.2932	-0.0969	-0.0228	-0.2467	-0.3591	1.1926	0.5384	0.3819	0.7464	-0.4243	0.2137	-0.6559	-1.6193	0.3014	-1.0684	-0.9182	-1.0749	-1.1633	0.0001	-0.3648	-1.0174	-0.1584	-0.6105	1.0483	0.0561	-0.5353	-0.1066	1.9223	0.7230	-0.4117	-0.9041	0.0034	-0.4986	-0.1002	-0.1389	-0.8192	0.1253	-1.4757	-1.4403	-1.5879	-0.5967
-0.1996	-0.7836	0.6963	-1.7135	-0.7391	-1.3065	0.8106	-0.0172	0.9926	0.8626	-0.7988	0.4302	-1.4365	1.6834	1.3672	-0.9204	2.1277	0.9549	0.1031	-0.1474	-0.9947	0.9543	0.9568	0.5948	0.2129	-0.4029	-0.8138	-0.9015	0.0686	-1.2589	0.6950	0.7988	0.1147	-0.7571	-0.2269	1.6897	-0.1855	-0.2212	-0.7063	0.7752	-0.8688	1.4593	-0.8107	-0.8115	-0.0667	-0.2619	-1.2299	-0.9993	-0.1654
-0.4357	-0.4233	-0.1159	-0.5933	-0.8469	1.6661	1.1038	0.2297	0.2246	-0.7816	-1.1625	-0.8280	-0.7623	2.2565	0.2124	0.3333	1.4591	-0.3059	1.0270	0.7954	0.4265	0.6751	-0.1671	0.3303	-0.0441	-0.2071	-0.8885	-0.3425	0.5937	-0.0938	0.9765	-0.8657	-0.4465	-0.0549	0.6627	1.2578	0.0559	-1.5954	0.2386	-0.3852	-0.7985	0.4976	-1.0129	-0.9946	-0.2020	0.1832	-0.0654	-1.4124	-0.3557
0.6997	-0.0818	-0.2573	0.5279	0.4525	1.4495	1.5249	-0.8034	1.6023	1.0757	1.0200	1.8650	0.0409	1.1669	1.3073	-0.9649	1.0986	-1.0316	0.2240	1.5992	-0.5943	-0.2657	1.1372	1.4534	-1.3555	0.0592	-1.5442	-0.4528	1.0147	-0.4586	2.2084	1.4212	0.2110	1.4649	0.7813	1.0140	-0.8928	0.9479	-0.8080	1.0711	-0.4920	0.4058	0.3774	0.7401	-0.7345	0.2717	-0.5548	-1.0474	-0.0403
0.7122	-0.3984	0.1703	0.1088	1.0405	0.1260	-0.2771	0.4441	1.2757	-0.6595	-0.3188	0.7481	0.2438	2.0149	2.1571	-0.6479	1.4552	0.6182	1.0804	0.1234	1.4207	1.6657	1.0049	0.7137	-0.7974	0.3506	0.5389	-0.4019	1.4515	-0.2783	0.6448	1.2346	0.4469	1.5802	0.9445	2.1237	-1.5990	-0.6320	-0.0270	1.1143	1.1271	1.3838	0.4556	0.7602	0.1004	-0.9902	-0.4457	0.4168	-0.3914
-0.1510	-0.3087	1.0221	1.3175	-0.1660	1.1106	-0.4018	0.4801	1.2444	0.0004	-2.2860	0.2960	0.4147	2.2329	2.0355	0.9723	2.3934	2.3686	1.5308	-1.4799	2.7574	2.1062	0.5220	2.7165	0.2600	-1.0114	1.1310	-0.4597	0.8359	-0.7014	-0.8784	0.5918	0.7262	1.0804	0.4152	2.1020	-1.6966	-0.7072	-0.4859	0.2708	1.6133	1.8689	0.3654	-0.0867	0.9673	-1.9113	-1.0257	0.7339	-1.0441
1.1950	0.8262	0.2867	0.6127	0.2644	0.5095	2.0787	-0.6247	1.6961	1.5657	0.4258	0.8050	0.7951	1.3850	1.9107	-0.2775	0.4778	0.2988	0.1586	1.3439	1.7372	0.6314	-0.2738	1.6971	0.4859	-0.4296	0.6517	-0.4274	0.7650	-0.3324	0.5781	-0.4194	0.8513	3.0277	0.2280	1.1985	1.5486	-0.4423	-0.1898	0.1959	0.8906	-1.0190	1.2915	0.2215	1.0675	0.5686	0.5571	0.1580	1.1037
0.8143	0.2451	0.8825	0.5514	-0.3386	0.4872	1.0516	-0.0326	0.1657	0.7166	0.0159	0.9649	0.7389	0.5593	1.5149	0.9559	0.9212	-0.6814	-0.0571	0.5606	1.6426	0.9764	-0.3788	0.4236	2.0096	-0.3552	0.6913	0.6097	1.0020	0.4825	0.5309	-1.1055	0.4296	2.8942	0.0669	0.4649	0.6889	-0.8317	0.7112	0.5622	0.6978	-0.6586	1.5898	-0.2066	0.8025	0.3052	1.2283	0.7780	0.2019
0.8390	-0.1944	0.7735	0.8436	-1.3830	0.5132	1.2104	-0.4708	-1.1124	-0.2833	-0.4701	0.3578	0.4907	-0.3134	1.4591	1.5455	-0.2385	-1.0587	0.3807	0.2874	-1.3178	0.2300	-0.1680	0.5891	0.4357	-1.3501	0.6334	1.1871	-0.3370	0.6750	-0.0384	-1.5887	0.1806	2.2962	0.6996	-0.2152	2.0407	-0.7290	0.6610	-0.9759	1.0364	-0.1681	1.1154	-0.3509	0.6321	1.2319	1.1336	1.0643	0.1350
0.4550	1.4401	0.9666	0.4468	-0.6564	-0.5038	-0.1806	0.4303	0.6930	-0.1164	-0.0223	0.1916	0.2859	-0.0803	1.7906	1.0826	1.2939	-1.1524	-0.2282	1.4971	-0.6920	0.9103	2.4879	0.5704	0.2953	0.6048	0.5221	0.5841	-0.1054	-0.3342	0.1177	0.7027	0.3875	0.3731	-0.3008	-0.4221	0.5695	0.3846	-0.1034	0.0532	0.5971	0.2611	0.0782	0.0496	-0.2355	1.4177	1.0275	0.6301	-0.0132
1.0475	2.9608	-0.0758	0.2878	-0.8042	-0.6474	-0.5006	0.7047	0.6416	-0.8796	0.7965	-0.8402	-0.7632	0.1372	1.9589	0.5246	0.7141	-0.3903	0.6346	1.6990	-0.5046	1.9803	1.4625	0.0977	0.7135	0.7946	0.9265	0.1878	-0.5770	0.3458	-0.0773	0.2582	0.4815	-0.3880	-0.5164	-0.8938	1.4442	0.0263	0.5780	-0.3282	1.1757	0.6693	-0.5870	0.0407	0.6725	1.1796	0.9531	0.7117	0.0631
0.1166	2.9371	-0.0114	0.2091	-1.0311	-0.9472	0.2383	-1.2306	1.6164	0.4256	1.5964	-0.4434	-0.8259	0.5216	0.9964	0.1315	1.3643	0.3011	0.0742	1.7556	-0.2821	1.1913	1.4101	0.8095	1.5288	1.0246	1.4501	1.1888	-0.3416	-0.0675	0.1460	1.1522	-0.7281	-1.0665	-0.4091	-0.0243	0.9433	1.8364	0.4605	-0.2066	0.9866	0.4666	0.0326	0.6782	2.6332	-0.0784	0.4429	0.9026	1.0176
-0.9065	1.7353	0.4051	0.8842	0.1841	1.0044	-1.6251	0.4754	0.9705	-0.8348	1.1672	-0.4734	-0.1391	0.4926	0.3245	0.9875	0.2324	-0.2033	0.9604	0.6905	0.7028	1.3484	1.1995	0.3015	1.0047	1.4800	1.4342	-0.0667	-1.3493	0.2556	-0.1416	1.6557	-0.5007	-1.9087	-0.6910	0.6811	-0.4997	0.9225	0.7571	0.0786	2.2866	-1.0305	0.5121	-0.3278	1.5185	-0.5134	0.7352	0.2523	0.7949
-0.0717	1.0852	0.0911	-0.1993	0.1867	0.2152	-0.8227	-0.8924	0.2654	-0.5038	0.8754	-0.8254	0.4331	0.4369	0.7041	1.1413	-0.5175	0.5724	0.7502	1.8119	0.2173	0.4863	2.0359	-1.0603	0.6745	1.2542	0.8065	0.6135	-1.0693	-0.8320	1.2833	0.4747	0.9795	-2.2818	-1.1278	0.2807	-1.8312	0.4660	-1.0881	-1.4488	0.1717	0.0420	0.2294	1.0731	1.2065	0.0066	-0.0207	-0.9148	2.3973
-0.2415	0.7786	-0.1930	-1.0385	0.3430	-1.2044	-0.6958	-0.3872	1.1622	0.2636	0.9004	-0.5392	-0.4674	1.5160	1.2866	0.0905	0.6056	0.4891	1.0265	1.5142	0.8399	0.3949	0.8991	-0.1016	0.7157	2.1941	-0.0760	-0.0868	0.6168	-0.9000	1.7717	0.7068	0.4564	-2.6577	-0.9972	-0.6409	-0.2627	-0.2221	0.3110	-0.6766	1.3539	1.5610	0.3492	-0.5154	0.3564	0.5332	-0.3469	0.3938	2.3763
0.2710	0.6983	-0.0832	-0.5791	1.8019	-0.2491	-0.4666	-0.2367	-0.2265	0.9326	0.7513	-0.3559	0.1063	1.5627	-0.4276	0.1152	1.0980	0.7169	0.0944	0.7738	2.3467	1.6353	-0.3779	1.5310	1.2263	2.3907	1.4174	-0.3143	0.8414	-1.0737	0.9706	-0.4347	-0.0224	-0.3508	-0.0837	-0.7890	-0.8428	0.1326	0.9135	-1.2687	1.4033	0.9342	1.4632	-0.2185	1.4853	1.3377	-0.4469	0.2008	1.9704
-1.0714	-0.4917	-0.1807	-0.2848	1.6449	-0.2546	-0.0264	-1.3669	-0.6450	-0.0703	1.2105	-1.3067	-1.0667	1.3945	-1.2589	-0.6903	0.4004	1.0679	-0.5337	-0.2400	1.4512	1.2166	-1.0878	0.4005	0.8474	0.9132	1.0011	-0.0275	0.4448	-1.8094	-1.1182	-1.2423	0.4569	-0.0114	0.1011	-1.1021	1.1070	0.3937	0.7843	-2.2463	1.1648	-0.5996	3.2148	-1.4904	2.4088	-0.0785	-1.6292	0.5767	1.2137
-0.6748	0.2513	0.5690	-1.1952	1.1572	-0.8404	0.8992	-1.3042	0.2358	0.4469	1.2637	-0.6770	-0.3719	-0.4881	-0.3949	-2.1130	-1.8260	-0.1428	-1.5425	0.0427	1.2293	-0.4302	0.5619	-0.4173	0.7062	-0.4046	0.1169	0.4225	-0.5958	-0.3600	-2.6153	0.0490	0.6064	-0.4922	-0.1372	-1.6242	-0.0703	0.7286	0.4236	-1.9277	-0.0916	-0.8591	2.9531	-1.2260	2.0078	1.2945	-0.8990	0.5000	0.7947
-1.3316	-1.0209	0.0388	-2.5803	0.5382	-0.9906	-0.2787	0.3972	-0.8507	-0.6639	-0.0733	-0.5750	1.0973	-0.2718	-1.2667	-1.4467	-2.1700	0.2498	-0.1942	-0.6989	0.5124	-0.1406	1.1388	-1.7067	1.2144	-1.0286	0.4364	-0.8856	-1.5093	-0.8076	-1.3381	0.0852	0.3309	-0.4563	0.5977	-1.7380	-1.2456	-0.8412	-0.0918	-1.5527	0.6902	0.0013	1.9364	-1.5896	0.6248	-0.0978	0.3793	1.4099	-1.1698
-2.2026	-1.9735	-1.1694	-1.3873	0.7821	-1.1942	0.7742	0.7927	-1.7860	-1.2845	-1.5522	-1.7486	-0.1143	-0.3012	-2.1422	-0.8722	-1.6501	-0.1896	0.3817	-0.5865	0.5186	-1.4251	-0.0772	-1.8430	-0.9823	-1.1373	-0.7673	-2.4032	-0.5524	-0.8515	-0.1682	-0.1970	-0.7048	-0.6487	0.7203	-2.5434	0.7828	-2.1701	-0.8483	-2.0813	-0.0147	0.8724	0.5311	-2.6987	-0.0256	-1.5174	0.6059	1.8566	-1.2688
-1.3182	-2.0283	-0.9007	-1.5264	0.1060	-1.4633	0.9668	-0.6808	-0.1605	0.0357	-1.0167	0.1421	-0.4591	-2.1117	-0.3250	-1.9100	-1.1330	0.8990	-0.4912	-0.1399	-0.4419	-2.6501	1.2946	-0.2993	-0.3561	-0.8028	-1.5899	-1.9873	-0.5913	-1.6816	1.2204	1.3250	-0.7380	-0.3593	0.3998	-2.6570	0.0330	-0.3716	-1.7088	-1.2532	-0.5510	1.0456	-0.2759	-2.5420	-0.7295	-0.2489	1.0447	1.6283	-0.9430
-1.0521	-1.5974	-0.2878	-1.6578	-0.5235	-0.4488	-1.2651	0.4572	-0.7509	-0.2378	-2.4586	-1.2480	0.2196	-0.8078	-0.8907	-0.8470	-0.4031	0.9331	-0.5539	-0.3333	0.3450	-1.4240	0.5968	-1.0264	-0.5103	-0.2750	-0.6281	-1.6377	0.4584	-0.3468	-0.2861	0.0214	-2.3583	-0.7062	0.4664	-1.5976	-1.1376	-1.5304	-0.3984	-1.3041	-0.4060	0.6321	-0.7975	-0.6717	-0.5573	0.2678	1.3244	1.4344	-2.1122
-0.3334	-0.6511	0.5949	0.3298	0.3583	0.3513	-1.1167	1.3294	-1.5424	-0.6648	-0.6738	-1.0274	-0.6957	-0.2939	-1.0925	0.6847	0.2266	0.7953	0.2359	0.0407	-0.7652	-0.4052	-0.7765	-0.6812	-1.3640	0.0708	-2.1620	-1.1519	0.7035	-1.1084	-0.7030	-1.3204	-1.3378	-0.4790	0.2086	-1.6498	-0.8701	-0.5169	-0.7286	-0.7449	-1.4852	-0.7756	-1.2125	0.5298	-1.2822	0.5301	1.5468	1.4308	-1.5145
1.2792	0.3198	0.2167	0.5647	0.6306	0.0926	-0.2424	0.1643	-1.2471	-0.3237	0.5127	-0.8092	0.1087	-0.0168	-0.5823	0.9261	-0.0158	-0.5900	0.3474	0.7913	0.0343	-1.5658	-0.8370	-0.5754	-1.9255	0.3691	-1.5842	-0.8659	1.1754	-0.4828	-0.3619	-0.7070	-0.8893	-0.6231	0.4938	-1.4352	-0.6941	0.4740	0.2076	-0.4428	-1.5099	-1.2714	-1.5051	1.8967	-0.6469	-0.2863	1.4061	0.4463	-0.6996
2.3302	0.1268	0.3748	0.2279	1.4073	0.2060	0.1955	-1.4537	1.2248	0.4375	1.3419	2.1684	1.1332	-0.6001	1.1451	1.1457	-0.6927	-0.2673	-0.4783	0.3116	0.0954	-0.8712	0.9541	-0.6920	-0.4513	0.7972	0.2731	1.0626	0.6985	-0.1854	1.5855	1.3968	-1.2139	-0.0602	-1.3295	-0.8601	-1.5410	0.1998	-0.5825	1.7413	-1.3193	-1.2250	-1.1965	2.6164	-0.7100	-1.0693	-0.2641	-0.1060	-0.7501
1.9154	0.2536	0.5297	0.8106	1.5366	-0.5541	0.9590	-0.4716	1.0649	1.5167	1.0983	1.5185	-0.5437	-0.2261	0.1752	0.0428	-0.5251	-0.3005	-0.6809	0.5619	0.3560	0.5903	0.7536	0.5196	-0.0337	0.9240	1.1800	0.8959	-0.2718	-0.0547	1.6865	-1.0223	-0.7978	-0.0876	-0.9102	0.1835	0.6287	-0.2200	0.7148	0.8479	-0.7209	-0.9451	-1.8726	2.0898	-1.6200	0.0942	-0.6946	-0.4104	-0.1193
0.9288	-0.3884	-0.3939	2.5436	1.6094	-0.0805	-0.3029	1.0694	-0.4316	0.1603	0.7996	2.0886	-0.2446	-0.9839	-0.6095	0.1252	-0.6587	-1.2482	-1.0145	-0.6006	-0.0572	1.1931	1.5316	0.5304	0.1258	0.2980	-0.6829	-0.1762	-1.6035	1.1506	0.7132	-0.4806	1.3134	-0.9123	-2.0956	0.0516	0.4065	-0.6231	-0.0476	0.0133	-0.4539	-0.3953	-1.8874	-0.2770	-2.2440	0.5893	-0.5343	-0.7396	-0.9912
0.1822	-0.6763	-0.5645	2.2362	-0.0105	-0.9950	0.6694	0.1152	-1.7690	-0.0496	1.3284	0.8468	0.7750	-0.9569	-0.5917	-0.1203	-0.9436	-1.0726	-1.2502	-0.4887	-1.1923	-0.7694	0.1288	-0.9065	-0.8425	-1.6121	-0.2482	1.9729	-2.8504	2.0545	0.4131	0.3270	1.8273	-0.7360	-1.3650	1.3267	-0.2150	0.1716	-1.5752	-0.4317	-1.2851	-0.2447	-1.2726	-1.0803	-1.2372	0.0837	-0.8913	-1.8302	0.0621
-0.2505	-0.9128	0.1993	-0.2177	-0.3243	-1.3717	0.3801	0.6979	-0.8009	0.2178	0.3253	0.0404	-0.3616	-0.0451	-0.6039	0.3746	0.6154	-0.0972	-0.7370	-0.1034	-1.9671	-0.1921	-0.1744	0.1095	0.0122	-0.8136	0.1665	2.2878	-2.2686	1.5023	-0.0893	0.5401	0.5353	-1.0932	-0.9682	1.4479	0.1791	-0.2281	-0.8973	-0.3359	-1.3559	0.1175	-1.9724	-1.6424	-1.4405	0.7045	-0.2831	-1.2541	-0.0911
-0.0190	-1.2166	-0.1930	1.0386	0.0166	0.6396	-1.4575	1.5683	-0.7847	0.0042	-0.9703	0.4026	0.1136	0.2463	-0.8196	0.2426	0.9160	-0.0837	-0.3865	-0.6457	-0.1273	0.4796	-0.7202	1.8546	-0.2050	0.7356	0.8885	0.9111	-1.8176	1.6337	-0.1224	0.5771	-0.6043	-1.7632	-0.7516	1.6978	-0.4447	-1.1340	-1.0907	0.5128	-1.1743	0.3737	-1.7883	-1.0481	-0.9737	-0.9395	-1.0598	-1.2141	-1.4631
-0.0015	-1.2580	-1.0437	0.2612	-1.4805	-0.0289	0.0641	-0.2760	-0.6378	-0.4792	-0.2277	-0.1897	0.0719	0.8198	-0.7898	-0.1163	0.3942	1.1541	0.1904	0.3644	-1.5124	-0.7128	-0.7498	-0.6512	-0.0491	-0.3820	0.6815	0.6306	-1.9270	1.0110	-0.6510	-0.2823	0.2462	-0.1112	0.0106	1.9501	-0.0280	-0.1585	-1.3020	0.2568	-0.8956	0.4866	-0.2386	-0.7308	-0.8753	0.0459	-1.6643	-2.0200	-0.5713
-0.6404	-1.1580	-1.4200	-0.2059	-2.1317	-0.2340	0.4984	-0.9870	0.5307	0.2531	-0.0685	0.6433	0.2489	0.8351	-0.5424	-0.5766	0.3241	0.0963	-0.5367	0.9888	-1.5992	-1.5654	0.2469	-0.3734	0.8379	-0.1194	0.3997	0.3838	-0.3269	2.3770	-0.2972	0.0507	-0.8955	0.4394	-0.1360	1.0610	-0.2559	0.9430	-0.5152	0.6196	-0.9517	0.9607	-0.2300	-0.2497	-1.1092	1.2779	0.1295	-1.9667	-0.3312
-0.2010	-0.8430	-0.5626	0.1707	-1.3473	-0.3268	-0.8330	-0.7170	0.3859	-0.6537	-0.3351	0.9684	-0.1068	-0.0858	-0.3157	-1.2643	0.1301	-0.5187	0.5584	-0.1335	-0.4681	-0.8935	-0.1610	0.0922	0.4815	0.4560	1.1858	-0.9122	-0.2263	0.5074	1.1159	-0.3082	-0.9761	0.6530	0.9068	0.2673	-0.1944	0.3496	0.1036	1.8986	-0.5756	0.9803	-0.6635	0.2408	-0.7203	-0.0627	-0.2752	-1.6379	-0.6204
0.4612	-1.1963	-0.0528	0.0009	-1.3473	0.4372	-0.1536	0.5935	-0.5326	-0.9811	-1.1152	0.1226	0.6760	-1.9942	-1.7406	-0.6426	-0.3739	-0.6218	1.1642	-1.2967	0.6970	-0.4231	-0.3167	1.6502	0.3022	-0.1140	0.6969	-1.4338	1.1244	-0.8650	1.0615	-0.5805	-1.3585	0.8879	0.9461	-0.9177	-1.5606	-0.4972	-0.5070	1.8523	-1.3805	0.8475	-1.1362	0.3330	-1.0031	-1.1999	-0.7030	-1.1943	-0.6439
-0.1075	-0.5661	-0.1065	0.5084	-0.4141	0.8624	0.0428	1.9613	0.2705	-0.6655	-1.9707	-1.1209	-0.2480	-2.0305	-1.2051	-0.5591	-1.3399	-0.5793	0.8354	-1.1428	-0.0438	-0.3881	-1.3758	0.7263	-0.3021	-0.8466	0.6065	-1.0155	1.1766	-0.0182	0.1846	-0.2247	-0.8929	1.3217	0.7669	-1.2017	0.1487	-1.7831	0.0084	1.1132	-0.5903	0.3111	-1.5405	-0.1580	-0.9850	0.4702	0.0444	-0.8496	-0.4652
-0.9409	-0.4910	-0.6708	1.0151	-0.2784	1.8156	-0.4035	0.3975	0.0993	-0.2933	-2.0702	-1.3727	0.1757	-0.8900	-0.9178	0.4023	-1.6998	-0.0949	-0.6217	-1.6313	-0.8185	-0.3824	-1.5407	-1.4790	0.2045	-1.0993	0.3715	0.3453	1.4455	1.8735	-0.0584	-0.7790	0.4456	1.1850	0.7958	-0.0817	-0.2886	-0.7756	0.7175	0.7037	0.0496	0.3641	-0.2785	-0.1988	-0.7490	0.2544	0.4004	-0.7828	0.0459
-0.1945	-0.7916	-0.1701	-0.8048	-0.6234	-0.4349	-0.3989	0.0539	-0.0889	-0.9568	-0.0170	-0.7788	-0.3288	-0.0646	-0.0336	-0.3348	-1.6624	0.4384	-0.1292	-1.1519	-1.6333	0.0756	-2.0316	-1.4378	0.0194	-0.5702	1.1270	0.3864	1.7412	0.9834	0.1334	-0.4789	0.1273	0.5546	0.9637	-0.4643	1.5563	0.0468	-1.1455	1.1050	0.4320	0.3560	0.5179	-0.9252	-0.5185	0.3644	-0.0200	0.2194	0.1368
-0.2784	-0.8135	-0.1374	-0.5836	-1.1642	-0.0108	0.0114	-0.0863	-0.8349	0.1548	0.0090	-0.1484	-0.4600	0.7047	-1.0517	-0.8179	-0.0150	0.4465	-0.2855	0.2848	0.5603	0.3013	-0.2479	-1.2039	-0.1657	-1.1363	0.1554	0.2816	0.7253	-0.2897	0.4013	-1.2675	-0.2984	-0.1013	0.6802	-1.5282	0.5237	0.5006	-1.5890	0.3586	-0.2029	1.3411	-0.0530	-0.7859	0.1618	-0.6975	-0.6104	0.7839	-0.1295
0.3789	0.2887	-0.9354	-0.2166	-0.5271	-0.7878	0.0084	-0.1616	-1.6518	-0.6864	-0.3950	-0.0966	-1.3076	0.6364	-0.9517	-1.7496	0.5221	-0.2973	-0.6996	1.1509	0.9539	-0.0889	-0.5698	-1.6040	-1.9092	-0.5127	-0.7437	-0.0176	-0.1617	-0.9521	0.8249	-1.3045	-1.0926	0.9313	-1.1528	-1.3143	0.7700	-0.6561	-0.1139	-1.5394	-0.3930	-0.9502	0.2931	0.3904	0.4195	0.3783	-0.3180	1.5362	-0.1112
1.1484	0.2372	-0.1296	-0.7911	-0.3683	-1.0205	-0.5631	0.3033	-0.8894	0.1917	0.7510	-0.0558	-1.2702	0.0783	-1.1712	-1.7029	0.7740	0.4404	-0.4830	0.7047	-0.1853	0.0859	-0.3228	-1.2027	-1.4486	-0.1414	-0.5933	0.1147	-0.1459	-3.0511	0.3510	-0.7801	-0.2776	0.3386	-0.4115	-0.9124	-1.0594	0.6462	-0.4014	-1.1118	-1.1771	-1.9113	0.0989	1.5884	-0.7544	-0.5522	-0.0237	-0.0101	0.0830
0.8079	0.8722	-0.3155	-0.9377	0.5546	0.1973	0.0213	-0.1779	0.1599	-0.1098	1.1491	-0.6998	-0.6685	0.2124	-1.1595	-1.3749	0.0683	-0.1270	0.6697	1.7157	0.0740	-0.0170	-0.5234	-0.6904	-1.6067	0.4484	-0.5768	-0.0289	-0.0233	-2.2071	-0.2907	-0.5866	-0.2687	0.1605	0.1956	-0.9220	0.5491	0.8379	0.3543	-0.9046	-1.0494	-1.4797	-0.4555	1.0017	-0.9086	-0.7915	0.4169	-0.7136	0.4085
1.5897	1.7640	-0.3237	-0.6324	1.1565	0.8403	0.0707	0.3587	1.4070	-0.4770	1.4273	1.5925	-1.0233	-0.2718	0.8519	-1.1744	-0.5439	-1.1525	0.8556	2.2629	-1.2894	-0.2066	0.4440	0.2319	-0.7427	1.2880	-1.2889	-0.4545	-1.4457	-0.1223	0.5848	1.0220	0.8860	0.6935	-0.1775	-1.8406	-0.0036	1.0547	-0.7680	-0.5061	-1.5305	-0.8509	-0.8385	1.0318	-1.1274	0.8943	1.8005	-0.4192	1.0810
0.5317	2.9754	-0.3478	-0.4607	0.9069	0.7122	0.8614	-0.6092	1.9455	0.0668	1.1966	1.2768	0.0647	0.0626	0.7884	-1.6078	0.4221	-1.9399	1.0473	2.1968	-0.2118	-0.2793	0.5292	0.0580	-0.7198	0.9605	-0.3379	-0.1555	-1.8822	-0.0594	1.6138	0.6523	1.2702	-0.1594	-0.1396	-1.1895	-0.7306	1.7307	-0.5016	-0.6404	0.4654	-1.6408	0.2835	1.2109	0.3333	-0.8972	1.1479	-0.5301	1.1197
0.9690	2.4188	-0.3144	-1.8593	1.7860	0.6013	-0.1255	-0.9253	-0.0687	-1.1369	0.9779	1.5365	0.7871	-0.3562	0.1488	-1.3832	0.2653	-1.4870	1.0465	2.2792	-0.7261	0.0902	-0.6858	-0.6447	-0.6486	1.4755	-0.0757	-0.1863	-1.4033	-0.6178	0.5740	-0.5860	0.7879	1.1480	-0.4214	-0.7068	-1.0619	1.0864	-0.0284	-0.9278	1.1303	-2.5299	1.2459	2.0130	1.0286	0.2314	1.2112	-0.6810	1.5148
0.1815	0.9534	1.0019	-0.5056	1.4769	1.0866	-0.0353	-1.9311	-0.4211	1.5060	0.1369	1.0802	0.7475	-0.1529	-0.3764	-0.6918	1.8180	1.1072	0.5397	1.0738	1.0424	1.7768	-0.5767	1.2054	-0.3914	1.7257	-0.2373	-0.3840	-0.0418	-2.1660	-1.2111	-1.8204	0.2878	0.2296	-0.0854	0.3398	-0.2785	1.8931	1.0165	0.2154	0.1838	0.4719	0.6887	2.0669	0.9889	0.2979	-1.7110	-0.4255	0.6758
-0.7581	1.0985	-0.2710	-0.1074	1.2195	0.8535	-0.3376	-1.3292	0.9642	0.7281	0.6572	0.4058	-0.0110	0.7371	0.0502	-1.1334	1.0157	0.9936	-0.1184	-0.4485	1.9022	1.3817	-0.8465	-0.1852	-0.5057	1.3385	-0.1032	-0.4646	0.3171	-0.2556	-2.1165	-1.2593	1.2467	-0.4575	-0.0257	-0.0575	0.6984	0.4519	2.7522	1.1151	0.5997	1.1724	0.9111	1.6213	0.5960	0.7094	-1.9502	0.7463	0.9064
-1.0440	0.2659	-0.1046	-0.0809	1.1792	1.0885	-0.2998	-0.5968	1.8358	0.9303	-0.2292	1.2393	-0.8680	0.1119	0.0369	-0.7945	0.8335	1.8811	0.2038	-1.0565	0.8543	1.4519	0.1507	0.7167	-0.0799	0.1674	0.2682	-0.8068	0.4012	-1.3418	-1.8636	-0.3092	2.1807	-0.8273	0.6999	-0.5694	-0.1620	0.3088	0.1211	1.7413	0.2739	0.7904	0.5285	1.4080	0.5252	-0.1653	-1.3311	1.6135	1.0417
-0.3796	0.3416	-0.0431	-0.2585	0.3478	1.1102	-0.8223	0.3805	1.5801	0.0789	-0.5077	0.1974	-0.2294	0.0654	-1.0021	-0.6417	-0.0593	0.9997	0.1508	-0.5054	0.7508	1.0886	-0.3407	0.6159	0.6992	-0.1207	0.2501	-0.8440	0.9405	-2.0437	-0.1129	-0.5127	1.7784	-0.8129	1.3451	-0.4772	0.4084	-0.7759	-0.6766	1.6680	1.6743	-0.4963	1.4428	0.7782	1.4005	-0.1358	-0.6299	1.8638	1.0458
-0.8553	0.6197	0.3532	0.6652	-1.4806	2.3329	-1.3435	-0.6352	-0.2601	0.4137	-0.0723	-0.7713	0.3501	0.2068	-1.2050	0.2509	-0.3855	0.5086	-0.1562	-1.7274	1.0961	0.2648	-0.4777	-0.4161	1.0683	-1.1649	-0.2429	0.7126	0.8458	-0.6258	-0.6453	-1.2312	1.7812	-1.7490	0.9001	-0.2492	0.4199	-0.5404	0.1701	1.2090	1.7999	0.6019	2.2675	0.0359	1.9260	-1.7333	-1.6859	1.8185	1.1477
0.1669	1.4460	0.5908	0.3567	-0.3626	0.9957	-0.5209	-0.0832	-0.8761	-0.0028	-0.1234	-0.7068	-0.8501	0.6240	-0.4796	0.0814	-0.2906	-0.3193	0.5401	-0.9040	-0.3181	-0.0723	-1.3255	-0.7182	-1.3204	-0.1504	-0.2313	-0.1229	0.1158	-0.0217	0.2348	-0.6967	0.3290	-0.6108	0.4122	0.4178	2.1750	-0.4929	0.5180	-0.0713	1.2147	-0.0584	1.3110	0.1529	0.8066	-0.1411	0.2607	0.9542	1.0406
1.4247	1.0874	0.3364	0.4146	-0.2946	0.2229	-0.9919	1.1309	-0.8879	0.0766	-0.4163	-0.6242	-0.2531	1.0404	-0.5612	1.5597	0.6180	0.7441	0.2735	-0.8069	-1.0603	-0.4320	-0.4413	-0.4089	-0.8650	-0.7049	-0.2040	-0.2919	0.4668	0.2375	-0.9483	-0.2248	0.2600	0.0672	0.5693	1.2735	0.7076	0.2241	-0.2528	-0.1354	-0.1743	-0.0245	-0.0203	1.0382	-0.0517	0.0496	1.4818	-0.7455	0.2050
0.8634	0.2449	0.7312	0.4431	-0.6901	0.0987	-0.7330	0.8335	-0.7867	0.6529	-0.0826	-1.9181	0.8158	0.2482	0.1149	2.4456	0.4044	0.4115	0.2179	-0.6986	-0.9224	-1.0899	-0.8541	0.3666	-0.4423	-0.7705	-0.7052	-0.0286	1.6253	0.7954	-0.9162	-0.7158	-0.5954	-0.4038	0.8594	1.3862	1.4679	-0.0516	0.7734	-0.3990	0.2106	0.0725	-0.1044	-0.0959	-0.1898	0.6609	1.8649	-0.7446	-0.6177
-0.8064	-0.5446	0.7610	0.5878	-1.7932	-0.1895	-0.9308	0.5055	0.5531	0.6550	-0.8422	-0.3705	1.5533	0.2017	1.3055	2.5845	-0.0383	-0.4436	-0.2433	-2.4002	-0.8405	-1.0301	0.0007	0.1817	1.4305	-1.4882	-0.5957	-0.2821	1.5188	0.5862	-0.1648	1.1869	-0.3127	-1.3283	0.8506	1.4206	-0.9648	0.5570	-0.1875	0.4719	1.0304	0.0026	0.2734	-0.3515	0.2885	-0.4549	0.2677	-0.0082	-0.6905
-0.9104	-0.3298	-0.1285	1.1029	-0.6137	-0.1260	0.1460	0.3787	0.8849	0.7715	-0.9046	0.3870	0.7963	-0.3858	1.5699	2.5102	-0.9936	-1.0167	0.6641	-1.1603	-1.3153	-1.1309	-0.1370	0.1562	1.0895	-0.0851	-0.7191	-0.9667	1.0077	1.7371	0.0934	1.6887	-1.2038	-0.3602	0.7927	0.5398	0.1237	-0.7338	0.2967	0.6652	0.6801	-0.1695	0.0861	-1.0241	0.1995	0.1352	0.3903	-0.1113	-0.5053
-0.2454	-0.7956	0.5354	0.7276	0.4281	-1.5686	1.2777	0.3002	-0.0771	1.2031	-1.4218	0.3078	-0.3110	-0.4352	1.5032	1.8686	0.4841	-0.0856	0.5404	-0.4874	-0.8181	-1.1452	0.8831	1.4412	1.5894	1.1838	-0.8226	-0.4801	0.5261	-0.0343	1.1370	0.7507	-0.3808	0.5072	0.1506	0.5761	-0.3189	0.1805	-0.1098	0.9765	0.1122	0.3687	0.1099	-0.9373	-0.7980	0.0930	0.7132	-0.5251	-0.7640
-0.2564	-0.9337	0.6181	0.0288	0.2778	-1.0090	0.5848	0.7837	-0.5754	-0.7548	-0.8688	-0.2038	0.3413	0.1929	0.4647	2.1260	0.2124	-0.1490	0.1614	-0.9981	0.2391	-1.2474	0.5509	-0.2581	1.2741	0.4604	-0.3312	0.7595	1.0798	1.4489	0.5686	0.8400	-0.7844	0.7187	-0.1662	1.0831	-0.2139	-1.5667	0.3686	0.1723	-0.1770	-0.4423	-0.7861	-0.6951	-0.5667	0.0906	1.6615	-0.9914	-0.7041
-0.1678	-1.3867	0.5376	0.9069	0.3996	-0.9491	-0.6413	0.7903	-0.2115	-0.7285	-0.8708	0.6891	-0.0617	-0.4030	0.8230	1.2300	-0.5513	-0.0798	-0.8098	-1.2553	1.1701	0.5888	1.7499	1.0413	0.7558	-0.2357	-0.6690	-0.4904	0.7347	0.6250	0.5099	1.2958	-0.6260	0.1172	-1.2732	-0.0998	-1.0727	-1.9387	1.4445	-0.6479	-0.4719	1.4885	-1.6991	-0.4819	-1.0526	-0.0455	0.7647	-0.8333	-0.8227
-0.3230	-0.4401	0.0193	0.2008	-1.3173	-0.4453	0.9369	-0.6746	-1.0369	-1.4525	1.7459	-2.1841	-0.6995	0.0079	-0.6313	-0.3593	0.6010	-0.2562	-0.6703	0.9368	1.3632	0.8103	-1.2135	-0.7875	-0.1989	-0.7234	0.5599	1.6822	-0.8239	0.8018	-0.5846	-1.7112	-1.3564	0.1833	-1.0964	0.6493	1.2219	0.9370	1.1890	-1.7062	0.2438	-0.0483	0.2735	-2.0372	0.3500	-0.7910	-1.4358	-0.5035	-0.4041
-0.1925	-0.3415	-0.2057	-1.5296	-0.1154	-1.0217	1.3991	-0.1067	0.6311	-0.3812	1.4006	-0.1953	-0.0481	-0.8784	1.2193	-1.1868	-0.0316	0.2604	-1.3600	1.1682	0.0689	0.6541	1.1688	0.4851	1.0759	-0.6523	0.7788	1.3238	-1.7194	0.7920	-1.2239	1.2777	0.3330	1.0569	-1.1584	0.4510	-0.7269	1.1978	-0.0920	-1.4422	-0.3167	-0.1122	0.3185	-1.2379	0.7682	1.1435	-0.4846	0.6118	0.0007
-0.1011	-0.7466	-1.3614	-0.4355	0.8291	-0.9351	2.0204	-0.6507	0.5471	0.2971	0.7058	0.4517	1.4611	-0.1397	1.9435	-0.7387	-1.4571	-0.1203	-1.0790	1.3013	0.3791	1.1702	2.0827	0.9550	0.1759	0.4865	1.5622	1.3048	-1.5291	1.2242	0.1960	3.2879	-0.0151	1.4150	-0.3069	1.5789	-0.5563	0.1239	-0.2612	0.1084	0.1461	0.1176	-0.1294	-0.9765	1.5195	0.4104	-0.6039	1.7336	-0.2861