IC05	IC08	IC09	IC15	IC16	IC17	IC18	IC19	IC20	IC23	IC24	IC26	IC27	IC29	IC31	IC33	IC36	IC37	IC38	IC41	IC42	IC43	IC44	IC45	IC46	IC47	IC48	IC49	IC50	IC51	IC54	IC56	IC58	IC60	IC62	IC63	IC64	IC65	IC66	IC67	IC68	IC69	IC71	IC72	IC73	IC74	IC75	IC76	IC77
-0.6917	-0.0783	-1.2920	-0.3368	-0.4222	2.3671	-0.6306	0.7365	0.6230	0.9227	-0.1954	0.1713	-0.3194	0.2990	-0.4420	0.3026	-0.7887	-0.3658	0.1148	1.3896	-0.7409	-0.4203	1.7984	1.0354	-1.0954	-0.8523	0.6300	0.2015	0.5924	0.8528	-0.6799	1.0127	1.4168	0.1843	0.6845	-0.4814	0.8590	-0.3547	0.0698	-0.0055	-0.4619	0.4546	-0.4377	-0.6575	0.7321	0.2959	-2.3108	-0.0899	-0.5658
0.0019	-0.3473	-0.5746	-0.2975	-0.1074	1.3811	0.5902	0.4135	1.3048	2.0011	0.3620	1.0858	-0.4805	0.9241	0.0802	-0.9230	-0.2533	1.4725	0.2361	1.5249	-0.6418	0.3494	1.0022	-0.4812	0.1002	-0.4736	-0.1228	-0.2874	-0.1610	-0.1514	0.3236	1.2004	0.4039	0.5254	0.4334	-0.0903	-0.8315	0.7508	-0.4027	-0.1719	0.5290	-0.1030	-0.0143	0.3286	-0.0907	0.4281	-0.6259	-0.1065	-0.3527
-0.6179	-0.5924	-0.0252	-0.2946	-1.5071	0.4534	0.5354	0.7394	1.4535	-0.2082	-0.6280	0.4073	0.0629	1.1391	-0.3915	0.1012	2.0118	1.9932	0.2590	1.1572	0.4964	1.0538	0.2439	-0.4311	1.3158	-1.5424	0.4442	-0.0322	-0.1795	-0.5354	-0.2418	0.9119	0.4919	0.1980	0.9246	0.2222	-0.6288	-0.1695	-0.4538	-0.3713	0.1043	1.9304	-0.7794	0.3931	-0.1333	-1.1327	-0.6965	0.0897	-2.0341
-0.6946	0.0110	-0.1168	-0.0067	-0.6387	0.8025	0.9497	1.5273	1.2678	0.8128	-0.8796	-0.2837	0.2025	0.9687	-0.5062	0.4180	0.9033	1.4833	1.3867	1.3694	-0.9225	-0.2359	0.7020	-0.0353	0.5485	0.4548	0.3570	0.5538	-0.6379	0.0770	0.5379	0.2650	0.1657	0.3765	0.8348	0.6115	-0.1932	-0.1480	-0.4483	-0.1212	-0.1121	0.6291	-0.1581	0.2096	-0.7027	-0.3641	-0.2264	0.4117	-1.2826
0.5946	0.8793	0.3930	-0.0472	-0.0529	0.9418	1.1148	-0.0631	0.3443	0.7864	0.2989	0.3799	-0.3434	0.9387	0.1788	-0.1476	0.0287	1.7510	0.7041	0.8965	0.0320	0.0785	-0.3427	-0.6382	0.1562	0.5429	-0.6985	-0.3508	-0.2120	-0.3853	1.4072	0.0725	-1.0095	0.4409	-0.1124	-0.0133	-0.7881	0.7243	-0.7419	0.7826	0.6609	-0.2048	0.3831	-0.1402	-0.9852	-0.0691	0.5746	0.1487	0.1828
0.1664	0.6690	0.1992	0.3916	0.3797	1.4228	-0.3943	0.3927	0.7070	-0.4963	-0.4745	0.7499	0.3408	0.1726	0.0303	1.1595	0.7230	0.6319	0.1445	0.3271	0.3040	-0.0494	-0.4226	-0.3035	0.0487	-0.1715	-0.6254	-0.0910	0.2133	0.3894	1.0748	0.6079	-0.2412	0.8614	-0.3728	-0.2451	-0.3822	-0.2771	-0.7727	0.7596	0.5723	-0.0838	-0.1517	-0.0030	-0.5476	-0.2018	0.1737	-0.0859	-0.3015
-0.0498	0.3844	0.4376	0.4397	0.6064	-1.4283	0.4669	-0.8000	0.0611	0.3075	-0.6460	0.9460	0.1962	1.1594	0.1210	0.7271	0.0411	-0.5164	2.1845	0.6998	-1.5271	-0.6165	-1.3860	-0.0768	-1.1767	0.5632	-0.4205	0.0392	0.6684	0.0459	1.8240	0.0400	0.0449	1.0007	-1.3270	0.1071	0.0176	-0.2545	-0.2058	0.8429	0.2089	-0.8152	0.4338	-0.1683	-1.5670	0.1550	0.3626	-0.1236	-0.2142
0.6690	0.3862	1.1885	0.2577	0.5047	-2.2065	0.5313	-1.1267	-0.4992	-0.6803	-0.2066	0.9046	0.4749	0.3465	-0.2083	0.2577	0.4809	-0.5784	2.3062	0.3434	-1.6164	-0.1056	-2.4073	0.2537	-1.2678	-0.4137	-0.4076	-0.3301	0.2914	-0.4041	2.4582	-1.7849	-0.8266	0.7932	-1.5386	0.7991	-0.1299	-0.3697	0.3206	0.5336	-0.0968	-0.5249	0.3174	-0.8446	-1.1092	0.0662	1.1136	-0.6130	-0.5719
-0.0606	0.2005	0.9137	0.5514	-0.3556	-0.5620	-0.5397	-0.1660	0.3572	-0.8209	-0.4051	0.4930	1.0010	-0.7111	-0.1282	1.1047	0.7210	-1.1138	0.1819	-0.4686	-1.1432	-0.1563	-0.1757	0.4801	-0.1626	-0.6480	-0.4154	0.1554	-0.1898	0.3337	1.6344	-0.7791	-0.0711	0.3558	-0.8870	0.8494	-0.0359	-0.9327	-0.0581	-0.0321	-0.2354	-0.8580	-0.0882	-0.3353	0.4834	0.4816	0.7337	-0.4888	-1.0385
-0.1321	-0.0414	0.5234	0.4961	-0.8849	-0.7470	0.1792	-0.2227	-0.3954	0.9603	0.5365	-0.7585	0.3951	0.1470	0.5361	-0.5149	-0.0164	-0.2108	0.4409	-0.1323	-0.3911	-0.1462	-0.2853	0.5673	-0.2003	0.2157	-0.0173	0.6271	-0.0751	0.0195	0.1061	-0.2655	0.2090	0.3817	-0.3876	1.1641	0.1640	-0.1142	-0.0357	0.3906	0.1718	-0.2593	0.3309	-0.0981	-0.1625	-0.6208	-0.4308	0.6228	-0.0090
0.4884	0.0584	0.0700	0.0386	-0.5042	-1.1815	-0.3851	-0.6486	-1.0747	0.6267	0.6979	-0.1872	-0.4160	0.5983	0.3390	-1.0356	-0.0646	0.9623	-1.4740	-0.2851	0.8971	0.7706	-0.2919	0.9488	-0.0543	-0.0762	0.3244	-0.4861	-0.2629	-0.0565	-0.2513	-0.8070	-1.1660	0.0876	0.6795	-0.0592	0.1245	0.7215	0.2314	-0.0468	0.5952	0.1860	0.1638	0.2733	0.3473	0.0803	0.7742	1.1422	0.8886
0.0167	-0.0062	0.4615	0.3885	-0.2305	-1.1285	-0.8934	-0.1553	-0.5572	-0.5206	-0.4118	0.0371	0.1009	0.2686	0.0967	-0.1496	-0.0289	0.4391	-1.3571	-1.5510	1.2632	0.0157	0.5825	0.6893	0.0851	-0.7919	0.3984	0.0456	-0.1077	-0.0170	-0.4242	-0.0710	-0.7813	-0.2519	0.2380	-0.4180	0.6551	0.0269	-0.0205	-0.0678	-0.0508	-0.1584	-1.0613	0.7309	0.4038	0.2437	0.8283	0.5794	0.0652
1.2510	0.4898	0.6035	0.6573	-0.1830	-0.8238	-0.3266	0.2924	-1.3290	-0.2818	0.5451	-0.5213	0.9651	0.1112	0.3106	0.1448	-1.2748	-1.1884	-0.6983	-1.4010	0.6365	-1.2520	-0.1081	-0.3243	-0.5449	0.4941	-0.3193	1.3090	0.9688	0.5652	-0.1649	-0.3237	-1.1527	0.0835	-0.0839	0.0736	0.3621	0.2492	0.4448	0.7017	-0.2824	-1.0830	0.0519	0.9467	-0.6611	-0.2791	0.8497	0.5033	-0.1555
1.0456	0.4799	0.9152	0.6917	-0.8995	-1.1166	-0.8043	-0.0625	-1.4839	-0.6117	1.1213	-1.1737	0.3770	0.6669	0.3834	0.0638	-1.5906	-0.5381	-1.1594	-2.9266	0.5055	-0.7047	0.6218	-0.9011	0.0009	-1.0247	-0.8275	0.7184	1.4189	0.4848	0.8731	-0.3948	-1.3596	-1.0145	-0.0488	0.1966	-0.4391	1.1375	0.7126	0.7284	0.1593	-0.4734	0.1014	1.2807	-1.2707	-0.5419	0.1801	0.5778	-0.1441
0.3663	0.7547	0.4460	0.2989	-0.9710	-0.9297	0.5264	-0.0245	-0.9310	-0.5939	1.1919	-0.9385	-0.0060	-0.2266	0.7441	-0.1316	-2.6954	-1.4826	-1.0497	-1.0927	-0.2697	-1.0823	1.2795	-0.8353	-0.5664	0.7445	-0.1257	1.2309	0.6506	0.7606	-0.1887	-0.0825	-0.9087	-0.3561	-0.3746	0.4493	0.5491	0.4690	0.6526	0.5204	-0.2940	-1.6731	0.7252	1.0492	-0.7980	0.4929	0.0859	0.8225	0.8791
0.7709	0.3436	-0.1498	-0.7492	-1.5815	-1.8228	0.1104	0.3609	-0.4237	-1.0006	0.8146	-1.3740	-1.2898	-0.2442	0.7664	-0.9955	-0.9299	-0.2394	-1.1963	-0.8648	1.2499	0.3161	0.3002	-0.5210	0.4956	0.8399	0.4591	-0.0320	1.0567	0.5711	-1.3548	-1.2161	-0.7025	-1.6622	-0.0329	0.3363	0.7262	0.8903	0.8995	0.3364	-0.2042	0.0170	0.4527	0.3545	-0.2005	-0.4158	-0.0701	0.9803	1.3134
-0.0912	-0.2648	-0.8781	-1.0712	-0.9475	0.2244	-0.3348	0.1334	0.2618	-0.3660	-0.0603	-1.0145	-1.2281	-0.1151	-0.4710	-0.3359	-0.0218	-1.1034	-1.4766	-0.1458	0.1842	-0.0836	0.0579	-0.0693	0.3990	1.0208	0.9538	-0.3179	0.0740	0.3221	-1.7057	0.2062	0.1921	-1.2478	0.0343	-0.2251	1.0238	0.3552	0.8764	-0.6731	-0.0054	0.6388	0.2888	0.0485	0.8475	0.5506	0.9218	0.6848	1.3778
0.7307	-0.5785	-0.5140	-0.9558	0.3195	0.8284	-0.0311	0.4434	0.0542	-0.0006	0.0035	0.1064	-1.2314	-0.1441	-0.6349	-0.7086	-0.0131	-0.3843	-0.1200	0.5950	0.2897	0.7722	-0.7338	-0.0014	0.8586	1.2073	0.4368	-1.1273	-0.5899	-0.4547	-0.4655	0.2270	-0.1982	0.0102	-0.5031	-0.3164	0.2404	0.7085	0.4031	-0.6908	0.4392	-0.0215	1.1126	-0.2609	0.5204	1.2696	1.5199	0.0994	1.3672
-0.7891	-1.0106	-0.1828	-0.4743	0.0327	1.9145	-1.7670	0.0094	0.3943	-0.3431	-0.5362	-0.3803	-0.5444	-0.0032	-0.8075	0.3007	1.5323	-0.2118	-0.1699	-0.0544	0.6647	0.3601	-0.7412	0.2998	1.0916	-0.1339	0.0214	-0.8101	-1.1522	0.0727	0.7412	-0.2247	0.0196	-0.7007	-0.5453	-0.1963	0.3607	0.1969	0.1892	-0.5385	0.4732	0.3384	0.3553	-0.9799	1.1604	0.0350	0.3035	-0.6902	-0.1311
-0.7081	-0.3728	-0.2098	-0.3006	0.3763	0.5108	-0.1397	0.0031	-0.2985	0.1211	-0.3388	-0.1465	0.2289	-0.7679	0.2299	0.2029	0.5428	-0.7927	-0.6881	-0.0912	-0.2414	-0.7972	-1.6223	-0.2023	-0.1440	1.3726	0.0546	-0.2039	-0.7743	0.1406	-0.0277	-0.5585	-0.9046	0.1529	-0.8030	-0.5419	0.2804	0.2565	0.7773	-0.2566	0.1780	-1.0643	0.8098	-0.3621	1.5032	0.1980	1.0943	-0.6508	0.6778
-0.2756	-0.2905	0.2309	0.0253	1.3656	-0.9329	0.2269	0.1782	-0.1169	-0.7794	0.1357	-0.1094	0.2838	-0.2612	0.8870	0.3382	0.8395	1.1198	-0.6601	-1.3061	1.0721	0.8513	-0.1997	-0.6318	0.3942	-0.1067	-0.1279	-0.0855	-0.1054	-0.3181	-1.1766	0.0834	-0.9881	0.1554	-0.2687	-0.3475	-0.4535	0.7413	1.0800	-0.0499	0.6100	-0.7633	0.2924	0.4043	0.9020	0.2112	0.6609	-0.3818	0.3293
-0.7381	-0.0862	0.3533	0.6968	1.3003	0.0424	-0.6019	0.0801	-0.1777	-1.6428	-0.7761	-0.2317	0.7287	-0.7123	0.5152	1.3638	0.2655	0.0655	-0.3998	-1.6206	0.9602	0.3382	0.0882	-0.6139	-0.6482	-1.0427	-0.4185	0.4053	0.3326	-0.0559	-1.2136	0.5785	0.1934	-0.0174	-0.7257	-0.7553	0.0674	-0.3866	0.6700	-0.1031	0.2102	-0.4085	-0.7027	0.6058	0.3710	0.1509	0.4169	-0.2552	-0.1171
-0.9252	0.5126	0.1837	0.5742	0.4204	-0.5355	-0.4015	-0.3745	-0.6645	-0.9325	-0.4509	-0.3894	0.7453	-1.2223	0.5846	0.6904	-0.0601	-1.4588	-0.0937	-0.7377	0.2790	-0.0152	0.0607	0.4824	-1.5630	0.2848	0.5653	0.2110	0.3669	0.3549	-0.5584	-0.8895	-0.4024	0.9057	-0.4289	-0.4581	0.1685	-0.5888	0.4598	-0.3639	0.2642	-0.3786	-0.3704	0.4648	0.1839	-0.3845	0.5642	0.4109	0.5461
-0.2489	0.4520	-0.3516	0.0095	0.3362	-0.0578	0.5380	-0.3277	-0.1099	-0.0607	-0.6859	0.1977	-0.2827	-0.5968	0.5160	-0.1358	0.1649	0.3428	-0.6192	-0.2691	0.3478	1.0512	0.3375	1.0886	1.1214	-0.4830	0.7890	-0.6766	0.0839	0.5230	-1.2427	-0.1614	0.2451	-0.2086	-0.0333	-0.9916	0.0160	-0.6644	0.9521	-0.1005	0.4295	0.4434	-0.5756	0.3710	0.8974	0.5125	0.0680	0.3866	1.2226
-1.1150	-0.0483	-1.1507	-0.5187	-0.5133	0.4044	0.4033	0.8397	-0.5321	0.4280	-0.5247	-0.6434	-0.0475	-0.8672	-0.9118	0.0369	0.4302	-0.7817	-1.2304	0.1632	-0.1774	0.1763	-0.3773	1.0722	0.5735	-0.5086	0.7822	-0.0996	-0.5047	0.3407	-1.9457	-0.0063	0.7519	-1.1074	0.3246	-0.5239	1.0796	-0.7582	1.0342	-0.4457	0.1077	-0.3089	-0.3433	-0.1198	2.8939	-0.5449	-0.6037	0.1287	0.8872
-0.1171	-0.4969	-0.6063	-0.6070	-0.3707	-1.5843	0.4551	0.2215	-0.3738	0.0584	0.3194	-0.2606	-0.6589	-1.1007	-0.9872	-1.1095	0.2793	-0.3341	-0.1679	-0.9437	0.8487	0.5460	-0.2075	-0.1070	-0.1628	-0.2421	0.1050	-1.3120	-0.2612	0.0557	-1.6016	-0.9090	0.0489	-1.0351	-0.3411	-0.9801	-0.0243	0.5125	1.2429	-1.1550	0.3240	-1.2349	0.6570	0.0546	1.3475	-0.0682	0.4114	-0.3785	1.0926
-0.0988	-0.8006	-0.0178	-0.5123	-0.2110	0.2181	-0.3153	0.0337	-0.1182	-1.2848	-0.3478	-0.5779	-0.4537	-1.7625	-0.9322	-0.4709	-0.4766	-1.0334	0.3239	-1.3878	-0.2304	-0.1101	0.5186	-1.0163	-0.9454	-1.1155	-0.4450	-0.4135	0.0949	-0.0086	-0.9438	0.2159	0.7832	-1.1871	0.4473	-0.5606	0.3191	0.4099	0.2852	-0.9407	-0.0026	-0.3948	0.2945	0.0431	0.2795	0.4050	-0.1302	-0.6336	-0.2135
0.9842	-0.6819	-0.1948	-0.2505	0.2176	0.0252	-0.4549	-0.0195	-0.9693	-0.2282	0.0994	-0.4409	0.1197	-1.0989	-0.3295	-0.0889	-0.9445	-1.1851	0.3738	-0.6365	-0.3718	-0.0846	-0.3407	-1.1211	-2.1861	-0.4246	-0.4020	0.4923	0.7986	-0.4337	0.0235	-0.5576	0.1715	-0.2981	-0.5193	0.2457	-0.3513	0.6275	-0.1435	-0.1373	0.0903	-0.7472	0.6703	-0.1193	0.0660	-0.3660	-0.0268	-0.6184	-0.6024
-0.2137	-0.2080	0.2591	0.2616	0.1963	0.9854	-0.2522	-0.7125	-0.8506	-1.3588	-0.2119	-0.2446	0.7409	-0.7576	0.2938	0.9430	-0.0711	-1.1314	-0.6288	-0.9463	-0.2844	-0.6770	0.4206	-0.9740	-1.2048	-1.1178	-0.8011	0.7965	0.2526	-0.0305	-0.0099	0.7512	0.1436	-0.0717	-0.9973	-0.0918	-0.5827	0.0580	-0.2993	0.5604	-0.4292	0.5618	-0.1831	-0.1054	-0.3756	0.2640	-0.3221	-0.6057	-0.9309
0.4049	0.2446	0.3235	0.2974	0.3895	-1.1109	1.0060	-0.7986	-0.4964	-0.3917	0.8220	0.6924	0.4514	-1.0397	1.3063	-0.1824	-0.7699	-0.4658	-0.1682	-0.4689	0.2899	-0.5136	1.2368	-0.4652	-1.2207	1.0817	0.3344	0.7088	0.0654	-0.2388	-0.4550	0.6456	-0.2897	0.6930	-0.6222	0.0031	-0.1753	0.7831	-0.3389	0.7372	-0.4269	0.8293	0.2285	0.1009	-0.4282	0.7247	-0.2320	-0.1961	0.1919
0.4228	0.2352	-0.5075	0.0537	0.2566	0.4267	0.3871	-0.6533	-0.0189	1.1436	1.0695	0.9374	0.0865	0.0023	0.6094	-0.4359	-0.4281	-0.4456	-0.1828	1.1773	1.0433	-0.3394	0.3518	0.9310	-0.3606	1.4202	1.1699	0.2530	-0.2120	-0.1322	0.5138	0.0430	0.0523	0.9239	0.4608	-0.4642	0.5682	0.3517	-0.8041	0.3107	-0.7069	0.0796	0.1642	-0.6141	0.6984	0.2941	-0.8356	-0.1114	0.1982
0.4586	-0.7814	-0.9361	0.1027	1.2021	1.0450	0.6099	0.2776	1.1122	1.1543	-0.4044	0.8981	-0.3964	0.4029	-0.1321	-0.5840	-0.8305	-0.2133	0.7016	1.5333	-0.7612	0.1433	0.2721	0.2821	0.1184	0.7429	0.5617	-0.2243	-0.8588	-0.2552	0.2022	1.4808	1.2221	0.4278	1.1352	-1.0830	-0.7238	-0.2041	-1.2499	-0.7926	-0.9829	0.1802	0.0125	-0.6226	-0.2956	0.4204	-0.6334	-0.7361	0.6811
0.7494	-1.1145	-0.2898	-0.0152	1.3632	0.6782	-0.1904	1.0643	1.7180	0.9541	-1.3016	0.5202	-0.4910	0.1328	-0.4203	-0.2700	0.9560	1.2487	0.9553	1.4596	-0.6059	1.2406	0.5288	0.2980	1.3029	-0.7621	-0.6773	-0.5864	-0.5508	-0.5228	0.3741	1.0104	1.5405	-0.7017	1.0783	-0.9886	-0.9914	-0.1873	-1.3515	-1.4360	-0.9694	1.9161	-0.6394	-0.5533	-1.0303	0.0350	-1.0127	-0.5170	-0.4495
-0.0821	-1.0766	0.2854	-0.4804	1.0332	0.7339	-0.0439	0.4725	0.9486	-0.1340	-0.4858	0.1059	-0.4173	0.3164	-0.9563	-0.2214	1.1940	0.3467	1.4683	1.9753	-0.4872	-0.4120	0.1134	-0.3853	0.7382	-0.8485	-1.0179	0.0161	0.1102	-0.5423	0.5275	0.2856	1.8958	0.2778	0.9194	-0.4190	0.0650	-0.6438	-1.0047	-0.9442	-0.7889	1.4110	-0.8176	-0.9009	-1.4043	-1.2791	-1.6469	-0.3907	-1.1128
0.8741	-0.7230	0.3835	0.1126	1.2769	-0.0187	0.9478	-0.4285	-0.6770	0.3315	0.0127	0.6318	0.1083	1.3098	-0.2437	-0.4736	0.7975	0.3380	1.5808	1.0132	-0.3522	-1.0137	-1.3251	-0.4786	0.1617	0.8640	-0.7976	0.0711	-0.1212	-0.4927	-0.0042	-1.2887	0.5645	0.3574	1.0567	0.4130	-0.5914	-0.0782	-0.8846	0.1256	-0.4176	-0.2255	0.1749	-0.9046	-1.3969	-1.5123	-0.8885	-0.3317	-0.5407
1.9019	-0.1739	0.3663	0.6429	2.2621	0.0462	0.6185	0.0028	-0.4717	-0.2775	1.0437	1.0724	0.5843	0.7103	0.1853	0.0688	0.1550	0.5622	0.7148	0.9278	-0.3175	-0.3999	-1.0314	-0.2840	0.7072	1.2764	-0.9653	-0.0855	-0.4919	-0.3797	0.3200	-1.3213	0.1755	0.3885	0.8630	0.0840	0.0314	-0.3010	-1.1451	0.6066	-0.1897	-0.3309	0.6330	-0.8451	-0.9445	-0.4584	0.0417	-0.3655	-0.4535
0.2317	-0.0359	0.4219	0.8574	1.6389	0.7441	-0.3871	0.7576	-0.1669	-1.3783	0.8523	0.0797	1.3654	-0.9885	-0.0132	0.8848	0.4362	0.3941	-0.3293	-0.0092	0.4912	-0.1844	-0.4329	-0.7848	0.4852	-0.1252	-0.5970	0.9410	-0.5238	-0.2508	0.6813	-0.9633	-0.2084	0.4860	0.2265	1.0265	0.3091	-1.0635	-1.1582	0.4693	-0.2164	-0.1551	-0.0909	-0.5004	0.6222	-1.0603	0.0871	-0.7105	-1.8781
-0.1125	0.2291	0.6872	0.7558	2.2510	-0.9344	-0.8445	1.1389	-0.1903	0.1291	-0.7976	0.4115	1.5901	-1.2652	0.9555	0.8817	-0.6081	0.0689	0.4346	-1.0255	-0.3666	-0.2885	1.2396	-0.4735	0.8566	0.3663	-0.1182	0.5982	0.2102	-0.3424	1.1721	1.0990	-0.4499	0.2098	-1.0082	0.3494	-1.0197	-0.2785	-0.3106	0.2516	-0.1452	-0.1126	-0.2841	1.1560	-0.4147	0.8629	1.4611	-0.7626	-1.0173
0.4393	0.8665	1.0397	1.1998	1.3786	-0.2085	-0.9166	0.5811	-0.6346	-1.6024	-0.1899	0.8282	2.1896	-1.7378	1.8417	1.0973	-1.0806	-0.3746	0.4484	-1.0579	0.3220	0.3002	1.2719	0.2812	1.0672	0.3737	0.5421	0.5817	0.2910	0.0941	0.5938	1.4593	-0.3549	0.7479	-0.9344	0.4736	-0.3767	-0.6684	0.0338	1.2327	0.3092	0.6093	-0.4814	1.2735	-0.1146	1.7150	0.3763	-0.2189	-0.4642
-0.7912	0.7834	0.2507	0.8332	-0.2641	-0.4848	-1.0948	-0.1295	-0.4974	-0.8282	0.4465	0.0010	1.0884	-0.0682	1.1416	0.2455	-0.3083	-0.2800	0.8684	0.2544	0.1453	0.6093	0.7312	0.4960	1.0701	0.4758	1.8796	-0.0229	0.1608	0.5542	-0.1112	0.5500	0.1961	1.1219	0.3854	0.6641	0.8022	-0.9816	0.2206	0.6163	0.1953	0.5211	-0.5092	1.1345	0.4960	1.1240	-0.3222	0.8303	0.5241
-0.3362	0.9724	-1.1813	-0.2022	-0.7909	-1.2940	0.0390	-1.0242	-0.3827	1.0547	0.7347	0.4146	-1.0511	1.7919	0.2095	-1.1800	-0.3466	0.5842	1.2312	0.6639	0.1495	1.4461	-0.6174	1.3188	0.8880	1.6437	1.4803	-1.0990	0.2513	0.2307	0.4603	-0.8578	-0.0654	0.5394	1.2076	0.0255	1.1851	-0.4267	-0.1447	-0.1201	0.1891	0.3970	0.5351	0.2533	0.6504	0.6150	0.3640	1.0161	1.7832
0.0411	-0.0318	-1.3371	-1.0489	-1.3346	-1.1922	0.1518	-0.7044	-0.7804	0.9357	1.4742	-0.1685	-2.4883	0.6115	-1.4752	-1.3936	1.4974	0.7335	1.3369	-0.2183	0.9081	1.2051	-1.2233	2.0683	0.1543	-0.1586	-0.0352	-1.7838	1.0081	-0.5222	-0.0299	-2.0406	1.1686	-0.9087	1.8028	-0.4920	1.2874	-0.3131	-0.5761	-0.6700	-0.2112	1.5167	-0.0107	-1.5434	-0.0061	-1.4318	-1.4253	0.5101	1.3703
0.0127	-1.2787	-1.5717	-1.2152	-1.0693	0.7323	-0.4367	0.5407	0.1649	0.6538	0.1531	-0.0170	-1.6217	-0.4486	-1.8643	-0.2350	0.4577	-1.0473	0.8054	0.1819	-0.4377	-0.8696	-0.6180	1.3968	-0.8447	-0.7761	0.2296	-1.0439	0.3289	-0.3380	-0.6055	-1.8544	1.5754	-0.6454	1.4277	0.2908	0.3779	-1.3546	-1.1383	-1.3763	-1.3871	-0.0568	-0.9097	-1.2934	0.0661	-1.4821	-2.0926	-0.8542	0.1358
0.9484	-0.4022	-1.0061	-0.6002	-0.2279	0.2622	0.6564	-0.6689	0.4169	1.2239	-0.1362	1.3100	-0.4308	-0.8055	-0.7184	-0.1740	-1.7844	-0.7598	-1.1335	-0.5146	-0.1142	-1.8347	0.1656	-0.0691	-0.6906	0.0153	-0.9453	-0.6207	-0.6470	-0.7264	-0.8071	-0.4723	0.3221	0.4261	0.5361	-0.3333	-0.8809	-0.7223	-1.2037	-0.3856	-1.2612	-0.7852	-0.2980	-0.8547	-0.5023	0.0718	-0.9828	-1.2628	0.3193
-0.2399	-0.0673	-0.1851	-0.2996	0.2948	-0.2038	-0.5125	-0.2478	0.8902	0.7812	-0.2088	0.2072	-0.1797	0.2874	-0.0363	-0.2021	0.1362	0.2385	-0.4397	-0.2708	-0.0363	-1.0361	0.0712	-0.3702	0.7114	-0.7717	-1.0644	-0.4956	-0.4649	-0.9783	0.3618	0.4035	0.6813	-0.3048	0.8550	-0.4706	-0.8517	-0.0482	-0.6532	-0.0942	-0.6685	0.2845	-0.7175	0.1012	-0.9416	0.4216	-0.2419	-0.8341	0.1678
-1.3255	-0.1299	0.1120	0.0558	-0.3712	1.2377	-0.4028	0.2460	1.0128	1.2159	-0.7172	-0.2688	0.0689	0.8984	0.5468	0.3461	0.1896	0.4941	0.2408	1.2554	-1.4270	-1.6544	0.0056	-0.7607	1.1375	-0.0733	-0.6411	0.4949	-0.7205	0.0962	0.3877	0.5374	0.7397	0.2494	1.1294	-0.2103	0.1281	-0.1332	-0.6701	0.5623	-0.1377	-0.0879	-0.2032	-0.1718	-0.6555	-0.0788	-0.9359	-0.3450	-0.0611
-0.0950	0.3747	-0.0613	0.0883	-0.0621	0.7000	0.3359	0.0416	0.9305	1.2570	-0.4809	0.3932	-0.2000	1.1759	0.8515	0.1694	0.0448	1.5513	-0.1678	1.2757	-0.6301	-0.5810	0.6776	-0.9008	1.0226	1.5396	-0.5955	-0.1254	-0.5890	0.2760	-0.2371	0.7362	0.4384	0.5291	1.1699	-0.3071	-0.6209	0.6099	-0.1995	0.7014	0.5719	0.0210	0.3106	-0.1308	-0.6284	0.5697	-0.1861	0.3096	1.0091
-1.1843	0.0360	0.2506	-0.4174	-0.5681	-1.6020	-0.0980	-0.1326	0.3660	0.2489	0.5896	-1.0819	-0.6059	0.9102	-0.0267	-0.1646	0.7438	1.1480	0.5177	0.2448	0.5350	-0.3628	-0.9154	0.0413	0.8938	0.1421	0.3823	-1.1082	0.3453	-0.0157	-0.1572	0.7572	1.1626	-0.7902	1.8144	0.3712	0.2374	0.4029	-0.0023	0.6380	0.3003	0.9450	-0.4108	-0.8395	0.1453	-0.7423	-0.2494	0.4371	0.2034
-0.6502	0.1971	-0.2133	-0.3033	-0.6858	-0.4473	0.0640	-0.9967	-0.2900	0.9780	1.1917	-0.4783	0.2269	0.8785	-0.5859	0.0044	-0.6697	-0.5990	-0.0476	0.6910	-0.8632	-1.0083	-1.2696	-0.1007	-0.9091	0.4293	0.2240	-0.2739	-0.1134	-0.2477	0.0783	0.3365	0.3975	-0.0216	1.2956	0.2427	0.2663	-0.2813	-0.3050	0.2627	-0.0134	-1.3598	-0.0162	-0.2506	-0.0895	-0.1806	0.2104	0.3260	0.5891
-0.4751	0.4871	-0.4747	-0.3679	-0.6299	-0.4206	-0.6302	-0.7808	0.4866	-0.7058	0.3313	-0.2655	-0.2372	0.4489	-0.5848	-0.8013	-0.8961	0.4098	-0.4083	-0.4334	-0.8991	0.4497	0.5473	-0.1275	-0.1988	-0.5702	0.1249	-1.0514	-0.0786	-0.4264	-0.2517	0.7817	0.3746	-0.0657	0.2592	-0.7723	-0.0540	-0.6969	-0.2520	0.0655	-0.0715	0.1909	-0.4710	0.5546	-0.4315	1.2018	-0.3572	0.3625	0.5212
-1.1108	0.6150	-0.3447	-0.7045	-1.3256	0.5963	-0.3421	-0.7731	0.0722	-0.9768	0.1626	-1.2015	-0.8142	-0.7908	-1.7698	-0.5543	-0.2732	-0.4844	-0.6403	-0.2958	-0.7600	0.2660	0.0114	0.4034	-0.9545	-1.0062	0.1236	-0.1562	-1.0844	-0.2772	-1.4580	-0.0461	0.4489	-1.1912	-0.6147	-0.0762	-0.0778	-0.4958	0.0829	-0.4924	-0.2793	0.9015	-0.5710	-0.2878	0.4232	-0.5058	-1.0794	0.1201	-0.4074
-0.6971	0.5599	-0.5308	-0.6602	-0.6581	0.7365	-0.2491	-1.3801	0.3071	0.9479	0.4411	-1.1702	-1.0924	-1.2364	-1.0770	-1.0308	-1.0708	-0.0089	-0.0435	0.4128	-0.5547	0.6873	-0.0909	-0.0194	-1.4332	-0.3163	0.2503	-0.0041	-1.4829	-0.8108	-0.6928	-0.2120	0.3795	-1.9791	-1.9639	-0.0959	-1.4572	0.2647	0.1653	0.0406	0.4486	0.2903	-0.1759	-0.3642	-0.0277	-1.3985	-0.6114	0.0137	0.2890
0.2608	0.8268	-0.6725	-0.5976	0.5434	1.3103	-0.5473	-0.9068	0.9644	0.1212	-0.1759	-0.9372	-0.6974	-0.7613	-1.0727	-0.8150	-0.5009	0.4262	0.4979	1.1920	0.5639	1.4764	-0.4604	-0.5580	-0.8763	0.9418	0.3523	0.2538	-0.8293	-0.3690	-0.0038	-0.3289	0.8186	-0.9993	-1.1444	-0.3674	-0.9437	-0.2375	-0.0099	-0.4551	0.2905	2.0870	-0.8485	-0.1331	-0.1976	-0.2591	0.1599	-0.1722	0.2229
-0.1745	-0.3475	0.1123	-0.2435	0.1961	1.1778	-0.1784	-0.3798	0.7210	-1.1426	-0.1439	-0.9208	0.2872	-0.7044	-0.8933	0.2549	-0.4147	-0.1112	1.0634	1.1099	0.7124	0.2855	-0.6954	-1.1228	-0.7357	0.4672	0.3372	0.7742	0.4225	-0.0265	0.0686	0.1580	0.5761	0.3482	-0.1776	-0.1927	-0.5185	-0.3351	0.6496	-0.4504	-0.0749	1.4515	-0.4077	-0.2726	-0.2263	-0.7483	-0.6964	0.2074	-0.0428
1.1338	-0.1134	0.4410	0.4072	0.4631	0.7348	0.9635	-0.1013	0.5333	0.2909	0.0248	0.2939	0.5099	-0.9966	0.1719	1.1128	-1.5118	0.1030	-0.2125	0.7448	2.1773	0.0876	0.1332	-0.0275	0.5089	0.5982	0.3538	0.8236	0.4549	-0.4657	0.3860	-0.0189	0.0206	0.2874	-0.7669	0.1067	-0.4794	-0.2548	0.2608	-0.9833	-0.2009	-0.3121	0.7307	-0.8298	0.3265	0.0284	-0.5728	0.0969	0.5276
-0.2266	0.5757	0.3118	0.1902	0.2363	1.7892	1.0080	-0.3662	0.9223	1.0816	0.2165	-0.1055	0.6526	-1.2610	0.2989	0.7839	-0.4228	0.0568	-1.5400	0.4117	2.1095	0.1139	0.0185	0.9885	0.9948	-0.9887	-0.2907	0.9138	-0.0647	-0.1988	-0.1945	1.2392	0.0499	-0.8045	-0.2506	0.6054	-0.3191	-0.3173	-0.3071	-0.3019	-0.1785	0.2622	0.2195	-0.7503	0.0492	-0.0012	-0.3800	0.3638	0.2526
-0.7935	-0.1446	0.7151	0.8427	0.3915	2.0029	0.9829	-0.5375	0.7677	0.8387	-1.0157	-0.1186	0.5781	-0.2783	0.5740	0.6012	-0.1252	0.3172	-1.3250	0.1904	-1.4642	0.3127	0.9222	0.6611	1.2566	-0.5532	0.1349	1.5415	-1.4116	0.0170	-0.9581	1.8486	0.0108	-0.4502	-0.2915	1.1387	-1.2959	-0.0346	-0.2742	-0.2802	-0.1564	0.3382	-0.1525	0.0396	-0.0349	0.6011	-0.4228	0.5782	-0.0101
0.3921	0.9180	0.5615	0.1781	0.2515	0.6309	0.9876	-1.1447	0.2238	0.0698	-0.0069	0.6541	-0.4239	0.3884	0.8912	-0.7781	0.6408	1.5667	-1.9951	1.3058	-1.5818	1.4525	0.9366	0.7197	2.0291	0.5545	-0.4936	0.4482	-1.3426	-0.2044	-1.3984	1.4799	-0.4126	0.0838	-1.3423	1.5568	-0.4547	0.2953	-0.1791	-0.0254	0.7604	0.3042	0.0276	0.2196	0.0451	0.7441	0.3370	0.6154	0.0520
-0.6887	1.1677	-0.0859	-0.6409	0.4952	0.5047	-0.1577	-0.5217	-0.2413	0.1837	0.7879	0.0896	-0.3180	0.1013	0.1883	-1.0927	1.6295	1.4490	-2.3006	0.8252	-0.6555	1.1831	0.7883	1.4235	1.8966	0.0427	-0.3238	0.5169	-0.6862	0.4277	-1.3242	1.1972	0.3472	-0.0265	-0.7901	2.2497	0.7718	-0.5756	-0.1947	-0.3560	0.5098	0.5848	-0.5401	-0.1072	0.9323	-0.0513	0.5189	0.1847	-0.3735
-1.2372	0.3020	0.3626	-0.0538	0.0356	0.4005	-0.3630	0.8402	-0.7300	1.1690	-0.3424	-0.5321	0.6166	0.5928	0.3135	0.1061	1.7585	0.6949	-1.7719	0.7689	-1.4062	0.6811	1.2937	0.9798	1.4054	0.3054	-0.5670	1.3071	0.2783	0.5316	-0.7335	1.0515	-0.5309	0.2529	-0.5038	2.5559	0.7009	-0.2870	0.1528	-0.5009	-0.0838	-0.0484	-0.3917	0.0599	0.5092	0.4597	0.2354	0.1974	-1.2202
0.3199	-0.0838	0.3531	0.2494	0.0858	0.5601	-0.6286	1.0092	-0.0764	-1.0459	-0.5478	0.6191	0.6494	-0.1713	1.1151	0.2651	1.1618	0.6269	-2.0113	-0.3142	-0.0865	1.7902	1.1970	0.4851	2.1374	-0.5208	-0.3676	0.1919	0.2543	0.1110	-0.5018	1.2674	-1.0770	0.6080	-0.1949	2.1384	0.1592	-0.2797	0.4059	0.3689	0.8993	0.2747	-0.0177	0.7745	1.1030	1.2994	0.1412	-0.4744	-1.8016
-1.3400	-0.5005	0.7960	0.4767	-0.5785	0.5490	-0.6091	1.0972	-0.1163	-1.0012	-1.2609	0.3063	0.7978	-0.0211	0.2375	0.6754	1.8800	-0.3221	-0.7445	-1.5571	-0.3156	0.2256	1.9063	-0.2940	1.3385	-2.0524	-0.2679	0.2109	0.1207	0.3721	0.7321	0.8572	-0.2581	0.9396	0.4003	1.2204	0.3179	-0.2705	0.9211	1.0453	0.7664	0.8935	-0.4392	1.2771	0.8738	0.5745	0.0841	-0.3780	-2.3997
-0.5311	0.7705	1.0979	0.9156	-0.4588	-1.0684	0.6626	0.4534	-1.7386	0.2044	-0.2496	0.5454	0.6430	0.7869	0.5268	0.2796	0.5018	-1.3881	0.0372	-0.9098	-1.0012	-0.2408	0.8886	-0.1678	-0.9442	0.1675	-0.2057	0.2399	1.2712	0.3512	0.7895	0.3445	-1.5162	1.9900	-0.2231	0.5770	0.6718	0.7729	1.7289	1.2603	0.5139	-0.1622	0.9884	1.0054	0.3601	1.0367	1.1847	-0.0454	-1.0510
-0.7194	0.7910	0.8776	1.3392	-1.2994	0.8082	0.6690	-0.1267	-1.0387	0.4116	0.2200	0.4109	0.8951	0.7976	0.8304	1.3006	0.8351	-0.6986	-0.0048	-0.7474	-0.3657	0.7617	0.2203	0.5986	-0.9085	0.1976	0.4063	0.3938	0.5951	1.3510	0.0498	0.2026	-1.2518	1.4080	0.0398	0.3092	0.2647	0.9593	1.5875	1.1164	0.6854	0.1763	0.9939	1.2142	1.1116	1.3879	1.1915	0.4291	-0.7767
-1.5537	0.5949	0.1488	0.6079	-2.1804	0.2428	0.1241	-0.7627	0.2104	1.0220	0.2436	-0.8241	0.2719	1.8007	0.5548	0.1437	0.0667	0.3410	0.7178	-0.2237	1.0216	1.2791	0.0964	0.6350	-0.4609	0.8323	1.6005	0.0885	0.5504	1.2796	0.3324	-0.2497	-0.0834	-0.2917	-0.2323	0.1398	0.7163	0.5568	1.5420	0.3854	1.0541	0.2429	0.9616	0.8647	0.8513	0.3733	0.7848	0.8554	0.5008
-0.6526	0.6947	-1.1710	-0.3126	-1.1360	-0.3744	-0.2195	-0.3852	0.1474	0.4162	1.1295	-1.2136	-0.5145	1.5923	-0.4130	-1.0417	-0.6073	0.4422	0.1958	0.8978	1.8522	1.9571	0.1282	1.6040	-0.5114	1.2959	1.8000	-0.6119	0.2399	0.6649	0.8809	-0.5980	0.4547	-1.0964	0.5342	-0.6255	1.5845	-0.0768	0.0323	-0.8534	0.5180	0.5255	0.8043	-0.6060	1.5202	-1.1993	-0.0660	0.8179	0.7246
-0.9793	-0.6833	-1.5065	-1.2095	-0.1129	-1.8755	-0.3135	0.1408	0.8488	0.2127	0.7712	-1.0051	-1.5236	1.2479	-1.0987	-1.4061	-0.4398	0.7051	0.9046	0.1460	1.1326	0.8375	0.9834	1.0803	-1.0260	0.6022	1.2425	-1.5186	0.3399	-0.6057	1.2181	-0.2288	1.0310	-1.6029	0.2337	-1.3901	1.1924	-0.3848	-0.8326	-1.7515	-0.6706	0.5855	-0.6328	-0.3466	0.4708	-1.3060	0.0200	-0.0907	0.5335
-0.5340	-0.8126	-1.2798	-1.5582	-0.0368	-0.8024	0.3860	-0.2827	0.0886	0.0533	0.8523	-0.1884	-1.3998	1.1973	-1.7056	-1.0922	-0.0309	0.8759	0.5646	-0.1938	0.6403	0.0442	-0.7050	0.3309	-1.4761	-0.7230	-0.2287	-1.6254	0.1189	-1.1212	0.4640	-1.3034	0.4394	-0.6059	0.6213	-1.2620	0.5673	-0.9186	-1.2850	-1.1765	-1.3365	0.5155	-0.5242	-0.6961	-0.1328	-0.9461	-0.1939	-1.0177	-1.2657
-1.8014	-1.6850	-0.7893	-1.7818	-0.6254	-0.1526	0.3726	-0.5998	1.1433	-0.8931	0.0974	-0.6210	-1.1921	0.9443	-2.3305	-0.4325	-0.3356	0.3421	1.2378	-1.4787	-0.1592	-1.1711	-0.2320	-0.8195	-1.9500	-1.9300	-0.9266	-1.3764	0.4781	-0.8805	0.7238	-0.9200	0.3167	-0.9997	1.5975	-1.2394	-0.3703	-0.7834	-0.8223	-1.5233	-1.3698	0.3011	-0.7542	-0.3498	-0.5931	-1.7281	-0.2035	-1.1600	-1.7538
-0.5545	-1.4654	-0.5877	-1.5438	-0.2613	-0.7908	1.2064	-0.4156	0.8663	0.2483	-0.8184	-0.5397	-1.1083	0.4650	-1.5601	-0.6265	-0.9070	0.0003	2.0352	-1.1621	1.4407	-0.9342	-1.7917	-1.5603	-2.1775	-0.0716	-2.4266	-2.1167	1.6733	-0.9379	1.3327	-1.5585	-0.3921	-1.6135	-0.1379	-1.8041	-1.3904	-0.0792	-0.0087	-1.4443	-1.5461	0.9092	-0.4588	-0.5209	-1.6172	-1.1525	0.6352	-1.3079	-0.8648
0.5965	-1.6022	-0.7703	-1.3129	0.0320	-0.1587	0.6783	-0.5293	1.0098	-0.1401	-0.2943	0.0630	-1.0335	-0.7349	-1.5389	-0.4819	0.5574	0.0029	1.7012	0.1685	0.8596	-0.2507	-2.0688	-0.7432	-1.6654	-0.7276	-1.9086	-1.3874	0.1620	-0.9427	1.2028	-0.9692	0.2847	-0.7064	-1.4158	-0.4410	-1.4051	-0.9696	-0.2882	-1.2429	-1.2911	0.2186	-1.0747	-0.9244	-0.6169	-0.7904	-0.3463	-1.4696	-1.3119
-0.9380	-2.1482	-0.6193	-0.9942	-0.2852	0.1338	0.8642	-0.8866	1.0438	-1.2567	-0.8238	-0.3772	-0.4859	-0.5542	-1.0628	0.2706	0.6887	-1.2546	0.6529	0.3102	-0.4227	-1.6626	-1.1193	-1.6486	-1.8813	-1.3900	0.0196	0.3881	-0.5145	-0.9166	1.5540	-0.2996	0.0280	0.0156	-1.9474	0.6228	-1.8831	-1.3680	0.0487	-0.8564	-1.4639	-1.6111	-1.3552	-0.7818	-0.0525	-2.0323	-1.0769	-1.3042	-1.8853
1.1324	-1.1171	-0.1878	-0.2422	0.5683	-0.0048	2.3656	-0.0826	1.0642	-0.6557	-1.0237	0.7744	0.3974	-0.5072	0.2858	0.2699	0.5750	-0.2528	0.3542	0.1294	0.7302	-1.0559	-0.6499	-2.0688	-1.7077	0.2923	-0.7354	0.9270	-0.9462	-1.4408	0.5347	0.7265	-1.2361	0.1860	-2.2738	-0.0345	-2.5576	-0.1158	-0.2510	-0.1839	-1.1329	-1.6347	-0.7160	0.0489	-1.3520	-1.1818	-0.0222	-0.6911	-0.4643
1.6403	0.0280	0.5879	0.0930	1.6935	1.9928	1.6738	0.6164	1.0967	-1.1514	-0.8452	0.7788	0.8506	-0.0367	0.5755	1.1019	1.7442	0.0955	-0.1712	0.5903	1.4718	-0.7840	-0.2778	-1.3273	-0.2394	-0.0951	-1.5190	1.3920	-0.5920	-0.2534	0.9760	0.7065	-1.2959	0.1854	-1.4843	-0.3426	-1.2485	0.0198	-0.2070	0.2827	-0.4668	-0.5340	-0.4455	0.3696	-1.8711	-0.3200	0.0120	-0.1963	-0.3224
0.4680	-0.4381	1.0935	0.5805	1.4973	0.7156	1.2645	-0.4019	0.9935	-1.6551	-1.4990	0.2195	1.0624	0.9729	1.3431	0.9507	-0.0166	-0.6164	0.2368	1.0242	-0.0685	-1.5250	0.0749	-1.8949	0.1209	-0.3331	-0.1869	2.6413	-0.6098	0.6012	1.8364	0.4792	-1.1100	0.8561	-0.6801	0.3857	-0.2519	0.3661	0.2186	0.6366	0.0145	-1.0422	0.0414	0.6871	-1.4861	-0.4953	-0.2021	-0.0011	-0.1220
2.6182	0.1466	1.0766	1.0255	1.1323	-0.5659	-0.4394	-0.1171	0.8497	-0.4140	-2.3645	1.0691	1.2026	1.1417	1.4219	0.7369	-0.5108	0.3596	-0.4691	0.6508	1.4236	-0.0334	-0.4892	-0.8857	0.3088	-0.2384	-0.7546	1.1255	0.3828	0.5554	1.4757	-0.7711	-1.7689	1.1688	-0.4939	-0.0374	-0.4172	1.1524	0.2703	0.9655	0.4939	-0.6005	0.4851	1.1539	-1.2609	0.9069	0.7079	0.1146	0.5401
1.6474	0.7650	1.1360	1.4269	1.1511	0.1207	-1.8846	2.5174	0.1938	-0.3626	-1.6180	0.8882	1.1957	0.3009	1.3859	1.7199	0.1343	-0.7757	-0.9595	-0.1805	2.2217	-0.9015	-0.0795	0.2924	0.6576	0.2983	-0.6098	0.8912	0.8205	1.2062	1.2422	-0.4549	-0.7162	1.2578	-0.6680	-0.1208	0.4790	0.5104	0.5769	1.5924	0.2075	-1.0517	0.4463	1.8696	0.1462	1.4738	1.2839	0.0855	0.8587
1.4769	0.7563	1.4301	1.9777	0.6514	0.0873	-0.9088	1.9185	-0.3787	2.3915	-2.0654	1.1880	0.7800	1.0542	1.6922	1.1048	-0.4848	0.4521	0.5742	-0.4463	0.8001	-0.3097	-0.3645	0.4573	0.6221	0.6944	0.2519	0.6570	0.4529	1.2710	0.7078	0.5936	-0.9925	1.8202	-0.4923	-0.0349	0.2418	2.0687	1.4272	2.1544	0.9958	-2.4698	2.1126	1.5017	0.0867	1.6893	1.5340	0.8923	1.7932
3.1373	0.8429	1.4187	2.0527	0.3844	-0.7398	-0.5805	2.4598	-2.2031	1.2004	-0.4541	1.3706	0.5353	1.0412	1.2215	0.8534	-0.8863	-0.0820	0.0624	-1.0619	-0.7793	0.9042	-0.7998	0.9460	1.8185	-1.2516	1.1992	-0.0716	0.9366	1.1806	-0.5477	-1.3057	-1.8592	1.3775	0.1167	0.2306	0.6456	1.7404	1.7555	1.9758	1.7117	-1.9884	1.8509	0.5224	0.7763	1.9802	2.2418	1.4855	1.2510
0.5730	0.5991	1.1880	1.5634	-0.7785	-1.7333	-0.7279	1.0137	-2.2016	-0.2559	0.6905	-0.1839	0.4314	-0.9741	0.7171	1.2255	-0.3206	-1.6043	0.1009	-0.5987	-2.0869	-0.0468	0.2927	0.7304	0.6921	-0.6102	0.8934	0.0954	1.2807	1.3117	-0.5527	-0.4985	-1.1994	0.5877	-0.0300	0.6095	2.4312	1.0763	1.1144	1.3581	2.1184	-0.9841	0.6012	0.4679	0.2298	1.7527	1.7526	1.0585	0.0926
0.8295	0.3784	0.6447	1.2690	-1.4677	-1.0725	1.2651	1.3652	-2.1178	0.9264	0.2169	1.1932	0.7605	-0.8158	1.3083	1.5943	-0.7299	-1.2703	-0.0838	-1.5050	-1.5117	-0.0662	0.0990	0.9259	-0.1349	-1.4450	-0.5520	0.0220	0.9378	0.9610	-1.2013	-0.2834	-1.8070	0.4558	-0.2373	0.4407	1.1426	0.9716	0.4387	2.3609	1.4941	-2.1839	1.5022	0.5145	0.1148	0.8704	0.5048	0.6643	0.5719
-0.3029	-0.0827	1.2968	1.2752	-1.9851	-0.0439	0.5145	2.9926	-1.9327	-1.2842	-0.4500	-0.4459	1.1990	0.2617	0.2088	1.3275	1.0218	-1.7028	-0.2700	-1.6684	-0.5738	-0.5661	1.1949	-0.6557	-0.3374	-2.2744	-0.3359	1.1372	1.3134	1.5819	-0.8200	-1.5794	-1.8499	-0.1229	0.4579	0.7802	1.0827	0.7986	1.4183	0.6264	0.8469	-0.4566	0.2535	0.0652	-0.1006	-0.7508	-0.4844	0.9684	-0.4236
2.7155	0.8234	1.2644	1.4198	-1.1077	-0.9212	0.6235	1.2445	-1.2626	1.1706	0.1815	0.7515	1.2632	0.2083	1.2821	0.5152	0.4512	-0.0323	0.2255	-1.2685	-0.1872	0.8084	-0.2194	-0.3225	0.0685	-0.7822	-0.8526	0.1997	1.1063	1.3704	-0.9711	-1.4528	-2.4289	-0.3449	-0.8153	0.2419	0.2729	1.6747	1.1726	1.5195	1.3506	-1.9364	1.1692	0.4261	-0.4864	-0.0572	1.5876	0.8380	0.7879
0.3376	1.1482	1.8623	1.0313	-1.2907	-1.5563	-0.8407	0.0679	-1.0622	-0.3830	1.0862	-0.2401	2.2027	-0.3203	1.2191	1.0324	1.7792	-0.8644	0.2563	-0.6825	-1.0029	-1.2513	1.7886	-0.8910	-0.1661	0.2238	1.5427	2.1133	-0.2763	1.9808	-0.6029	1.1622	-0.2104	-0.6422	0.0936	1.5974	1.2094	2.2819	1.2200	1.7496	2.3206	-1.6882	1.0297	1.2181	0.1785	0.1293	1.2578	1.4523	0.9399
2.0434	2.1153	1.1958	0.7238	-1.4942	-1.9459	-0.2799	1.1380	-2.2631	-1.1063	-0.0901	1.2198	1.3023	-0.5046	1.6281	0.2071	0.9184	0.2631	-0.8512	-1.8203	-0.4441	0.3951	-0.8677	0.0351	-0.3304	-0.2626	0.2511	-0.2127	0.6796	1.5607	-2.3845	-0.5526	-1.2418	0.1611	-0.8738	-0.0746	0.6611	1.6472	0.8966	1.4648	2.0077	-1.1129	1.3877	1.1266	0.4719	1.9285	1.9632	1.1074	1.4248
0.4095	1.1909	1.2998	0.9123	-1.3583	-2.9943	-1.0342	1.0706	-2.4445	-1.9570	1.0092	-0.3897	1.0246	-0.6489	0.8119	0.2213	1.6148	-1.5127	-0.0474	-0.2952	-2.1443	-1.8439	1.1479	-1.2051	-0.6361	-0.1269	0.7338	1.2884	0.4565	2.1026	-1.5369	-0.1075	-0.1719	0.3575	-0.6458	0.3637	2.0767	1.6659	1.0473	0.6772	1.8432	-1.6959	1.5598	0.3646	-0.4743	-0.0980	0.8784	1.3391	1.2114
1.6312	1.1837	0.7683	1.5654	-1.9271	-1.1272	-0.6951	-0.1478	-2.4305	-0.6998	-0.3438	0.5612	0.9715	-0.2668	1.2045	0.6251	-1.1068	-0.6948	-1.0081	-2.6443	-0.7038	-0.7189	-0.8711	-0.1930	-0.5315	-0.9003	1.0877	0.2323	0.5465	1.3786	-0.6495	-0.4550	-2.0804	-0.0087	-1.5441	-0.3750	0.8490	1.8045	0.5312	0.6997	1.2732	-1.2341	1.4392	0.0056	0.2939	1.1463	0.0621	1.1656	1.0599
0.0295	0.6443	0.7029	1.2983	-2.6877	-0.3947	-1.1151	-0.2516	-2.3610	-1.7059	0.1022	-0.3131	0.5180	-0.5763	0.4656	0.8695	-0.6410	-1.2900	-1.3265	-2.9332	-1.0646	-1.2582	-1.9760	-0.0652	-0.3824	-1.2454	1.3156	0.1613	0.4130	1.2711	-1.4290	-1.2736	-1.8565	0.2281	-1.0358	-0.2452	0.3159	1.6491	0.9825	1.1376	1.1886	-1.2996	1.3128	0.2994	0.8528	0.6903	-0.2316	1.3993	0.5040
1.2275	1.3163	-0.3041	0.1916	-1.6455	-0.4882	-1.1644	-0.5424	-0.2948	-1.4230	1.5886	0.0375	-0.4158	-0.3878	0.8706	-0.1956	-0.6950	0.6911	-0.9400	0.4085	0.1739	0.8866	-0.4413	0.0056	0.8160	0.8149	1.7019	-0.0560	0.3751	1.1120	-0.9264	-0.6517	-0.4055	1.2890	-0.2415	-0.1961	0.2764	1.8099	0.7371	1.0105	1.5969	-0.9466	1.2144	1.3614	1.0608	0.9248	0.8143	2.0432	1.5918
0.4457	1.5796	-1.5078	-0.6770	-1.3553	-0.0544	-0.3130	-1.5593	0.5219	-0.0656	3.2653	0.1584	-0.7919	0.7206	0.3362	-0.3174	-1.5979	0.8487	0.8934	2.3257	0.1923	1.6647	-0.0925	1.0473	-0.1906	2.3410	3.0333	0.1644	0.5514	1.1759	0.2833	0.2196	1.1475	1.5036	1.0490	-0.3623	1.7685	1.3678	0.3027	0.3724	1.6644	0.2940	1.1859	0.1916	2.2110	-0.0263	-0.2571	1.9833	2.4621
-0.1422	0.4453	-1.8074	-0.6243	-0.4939	-1.2726	-1.6084	-1.7592	1.1466	2.3924	1.8194	0.8149	-1.7786	1.7309	0.3281	-0.7061	-2.0588	1.8153	1.3193	1.1490	-0.4317	2.0778	0.2630	2.1479	0.0727	1.8649	2.5575	-1.2283	-0.3997	-0.1468	0.7578	0.4380	0.7300	0.3247	1.8779	-1.4100	1.5056	0.8520	-1.3209	-0.9190	0.3130	0.6229	-0.2458	-0.4506	1.6571	0.1219	0.0667	1.6053	2.5923
-1.3330	-1.5565	-1.6577	-1.4425	0.2445	-0.9502	-1.6644	-0.4611	0.5613	1.0919	1.1640	-0.3559	-2.2175	-0.8296	-1.2267	-1.3306	-1.0898	1.2238	0.5814	0.9647	-1.0142	0.2855	0.7097	0.8139	0.5849	0.3755	0.8894	-1.3851	-1.0935	-0.9985	0.0239	-0.1819	1.1090	-0.4049	1.5081	-1.5514	1.4198	-0.9297	-1.9551	-1.1821	-0.9516	1.0812	-1.4203	-1.8296	-0.5584	-1.3674	-1.1024	0.2298	1.2043
-0.2234	-1.9635	-1.6992	-1.9410	1.5065	-0.5204	-1.7063	-0.0423	0.1548	0.3628	0.6645	-0.1159	-1.8404	-1.9477	-1.3915	-1.8808	-0.4978	1.2383	0.6576	2.1767	-1.7049	-0.4540	0.4944	0.0251	0.7815	0.7916	-0.5608	-1.1768	-1.3329	-1.8783	-0.1282	-0.1683	1.3996	0.3988	2.6568	-1.3665	0.3891	-1.8789	-1.9353	-1.0247	-1.6436	1.3176	-1.7210	-1.8599	-1.8814	-0.6114	-1.3101	-0.5742	0.3692
-1.0353	-1.0322	-0.2441	-2.1803	0.1326	-0.5203	-1.8252	-0.8730	-0.2051	-1.3937	-0.2628	-1.2597	-1.8282	-1.4077	-1.5653	-1.3312	1.0149	0.9544	1.2595	0.8100	-0.4820	-1.0985	-0.1780	-0.0323	0.9361	-0.4319	-0.2984	-1.2679	-0.1938	-1.6412	0.3259	0.3408	2.0173	-0.2639	2.7347	-1.3917	0.0526	-1.7893	-0.9056	-1.2114	-1.5133	2.8937	-2.1529	-1.6606	-0.9038	-0.2393	-1.1192	-1.3232	-0.7051
-1.7610	-1.0513	-0.1115	-1.8904	1.8349	0.3528	-1.4233	-0.6571	-0.1389	0.7897	0.2867	-0.9340	-1.7802	-2.1278	-0.9472	-1.2987	-1.0166	0.1964	1.1057	1.2269	-0.9471	-0.9758	0.7685	0.7477	0.6702	0.9183	0.5336	-0.2670	-1.1537	-1.1279	0.1309	0.7627	1.7958	0.5516	1.7964	-1.1721	-1.0476	-1.2873	-0.6861	-1.8463	-1.5967	2.7034	-1.2119	-2.2006	-0.5356	-0.4978	-1.3041	-1.5967	-0.7326
-0.4564	-0.9990	-0.3120	-1.4693	2.1878	0.4451	-0.2407	-1.1195	0.3174	1.4122	2.0186	-0.2982	-1.8169	-2.3176	-0.1962	-2.0431	-1.9940	0.4889	-0.7607	0.1413	-0.0124	-0.2299	2.3121	0.2322	0.5222	0.9677	-0.1608	-0.5153	-2.0692	-1.6740	-0.2949	1.2196	1.5610	0.3498	0.2590	-0.7070	-1.9894	-1.6381	-1.2614	-1.3671	-1.4936	1.4172	-0.7969	-1.5146	-0.8837	-0.2353	-0.4531	-1.4807	-1.2506
-0.7927	-0.8734	-1.1407	-1.5094	0.6759	0.8938	0.2567	-1.3273	1.4768	0.2703	1.1105	-0.0051	-1.4564	-1.5219	-0.6286	-1.2933	-1.0972	0.0227	-0.9635	-0.1469	0.0931	-0.8983	1.5202	0.6959	-0.3346	0.3874	-0.9186	-1.3415	-1.7179	-1.8454	-0.1102	1.6657	1.7543	-0.9548	0.0381	-1.3158	-0.5494	-2.2946	-2.1124	-0.9925	-1.9087	1.8571	-2.0070	-1.2224	-0.7331	-0.2449	-0.5395	-1.4766	-1.9601
-1.3441	-1.5415	-1.8234	-1.7457	1.5586	0.2158	0.0306	-0.4056	2.0954	-0.2771	-0.4031	-0.7159	-1.7607	-1.3713	-1.3507	-1.3640	-1.3835	-0.9000	0.2896	0.9576	-1.5111	-1.5406	-0.0519	-0.5260	-1.3720	1.3781	-1.3000	-1.2276	-0.7403	-1.8539	0.8762	0.6438	1.2675	-1.2721	-0.2445	-1.1436	-1.2994	-1.3919	-1.7945	-1.9676	-1.8263	1.1639	-0.9441	-1.9292	-1.1845	-0.9290	-0.7676	-1.5062	-1.3087
-0.6808	-1.0618	-1.9675	-1.5791	2.6550	0.5811	0.4563	-1.1585	2.6507	-0.1598	-0.8504	0.3140	-1.3683	-1.4290	-0.7291	-0.8402	-2.3111	-1.2146	-0.2069	0.3298	-1.0683	-1.3254	-0.1200	-1.9676	-1.3806	2.4295	-2.1188	-1.2654	-1.3606	-2.3352	1.6180	1.0977	1.0254	-0.5299	0.1255	-1.7928	-2.2491	-0.7039	-2.4534	-1.5748	-1.4264	0.2179	-0.2936	-0.8990	-1.2628	0.3251	0.9365	-1.8283	-0.6494
-0.5359	-0.6937	-1.4864	-1.4281	2.6398	1.9572	1.0143	-0.0669	2.9188	-1.1210	-0.1142	-0.1276	-0.5527	-0.6605	-0.7859	-0.2680	-1.0329	-1.2048	0.3142	1.2320	0.5648	-0.7246	-0.3134	-1.0649	-0.2961	2.2653	-1.2745	-0.4213	-1.2417	-2.0597	0.7755	1.0556	1.5857	-0.3726	1.1873	-0.5205	-1.6856	-1.1735	-1.8780	-1.5373	-2.1089	0.9130	-1.2773	-0.6933	-0.7317	0.0771	-0.5604	-1.5673	-0.5314
-1.2800	-0.6863	-1.1069	-1.4328	2.9302	1.4850	1.0176	0.8001	2.9819	-0.5610	-0.0118	-0.5799	-0.3813	0.1921	-1.0543	-0.8644	-0.5382	-0.2218	1.3004	1.9492	1.1755	-0.4390	-0.3002	-0.9584	-0.3390	1.2104	-0.2357	0.0226	-0.1823	-1.5462	0.7701	1.0191	2.3432	-0.0986	1.6590	0.5231	-1.3873	-1.1934	-0.8624	-1.4408	-1.8771	1.5560	-1.2803	-0.4137	-0.2522	-0.6235	-2.1256	-0.8724	-0.5897
-0.0363	-0.8103	-0.7228	-0.6753	2.0934	1.1095	0.9072	-0.3359	1.8526	0.6218	-0.7918	-0.4917	0.0445	1.1166	-1.2451	-0.9646	0.7718	1.5196	1.9541	1.0525	3.5838	0.8825	-2.8438	-1.0642	-0.4529	0.4769	-0.5661	-0.1114	0.6342	-1.1253	0.5324	-1.2176	1.6669	-0.1336	1.0676	0.9778	-1.3247	-0.7218	-0.1208	-1.0702	-0.9575	0.8517	-0.1953	0.0528	0.1970	-1.6278	-1.8572	-1.3499	-0.3406
-0.1891	-0.5465	-0.4185	-0.0394	1.1922	1.6810	0.5490	-0.3194	1.0560	-0.9062	-0.8200	-0.9829	0.5411	1.6406	-1.5437	-0.2567	2.5462	2.0200	1.1603	-0.5378	4.3487	1.7192	-3.4004	-0.1234	0.4095	-0.8354	-1.2178	-1.2486	2.3638	-0.1549	0.0039	-3.2233	1.3404	-1.6541	0.4100	0.5761	-0.6642	-0.8324	1.0491	-0.7714	-1.0434	1.4415	-0.0856	0.4148	1.1762	-1.9762	-1.2621	-1.3073	-1.3089
-2.0245	-0.7966	-0.6138	0.4227	0.6475	1.7496	0.6185	-1.3983	0.1765	-0.5609	-0.4282	-0.2938	0.6399	1.8823	-1.5339	-0.1945	1.9726	0.1424	-0.0180	-0.5559	1.3669	0.1755	-1.7239	0.2247	-0.1522	-0.9046	-0.8994	-0.9294	0.8362	0.1548	-0.6689	-2.4166	1.7022	-1.4565	0.2917	-0.0356	0.3087	-1.0907	0.8935	-0.7988	-1.0606	0.1279	-0.2398	1.2056	1.9133	-2.0796	-1.2282	-0.8881	-1.8220
-1.9589	-0.6386	-0.5981	0.4611	0.8920	1.0219	0.3194	-1.3188	-0.1485	1.0800	-1.3614	0.6987	0.7766	1.8963	-0.4210	-0.1332	0.9303	0.0307	0.1048	-1.6943	-0.1605	0.2410	-0.8635	0.5488	-1.0816	-0.5760	-0.0168	-1.0276	0.3870	-0.4504	-0.7827	-0.8022	1.5628	-0.7709	0.2868	-1.1437	-0.5004	-0.5788	1.0022	-1.0633	-0.7586	-0.6208	-0.1702	2.5425	1.4049	-0.0149	-0.4401	-0.7793	-0.3652
-0.7171	-0.0972	-0.6889	0.5911	0.8195	1.0048	0.1290	0.0786	-0.0249	-0.6031	-0.8530	1.4217	0.8474	1.2136	0.0378	-0.5928	0.2037	0.7205	-0.6498	-1.6141	0.4371	0.5347	-1.2961	-0.1758	-0.4401	-0.6766	0.4612	-1.4167	0.1419	-0.6911	-1.0885	-1.2046	1.1419	-0.8497	0.6905	-1.7726	0.1639	-1.2682	0.7095	-0.1325	-0.8913	-0.4875	-0.9909	2.9275	2.1353	1.0163	-0.3453	-0.7377	0.1947
-1.4041	-0.6845	0.0206	0.5947	-0.1119	0.2856	0.1195	0.0194	0.2276	-1.2487	0.1916	0.2108	0.7810	0.1634	-0.3831	-0.4920	1.3833	1.0119	-0.1660	-0.6782	0.4843	0.1517	-0.7360	0.0914	0.0832	-0.2389	0.6053	-0.7238	-0.3332	-0.5080	-0.7904	-1.4665	0.7560	-0.2800	0.8162	-0.8261	1.1852	-1.1775	0.3964	0.2832	-0.2048	0.0792	-1.0397	1.2675	1.0318	-0.1508	-1.1146	-0.0925	-0.2131
-1.4843	-0.3834	0.3950	0.7089	0.3559	0.8949	0.5120	-0.1352	-0.0861	0.7156	0.4390	-0.9181	1.0698	-0.0714	-0.3229	0.7936	0.0423	0.0570	-0.4006	0.4430	-0.5443	-0.4836	0.4728	0.1834	0.6054	1.3117	0.7101	1.0402	-0.5943	-0.1708	0.1334	-0.5881	0.2848	0.1476	0.4469	0.6646	0.3795	-0.4282	-0.1970	0.1564	-0.4382	-0.6285	0.1242	0.2600	0.3476	-0.2960	-0.6214	0.1585	-0.0814
0.9562	0.3822	0.5480	0.8370	1.1878	0.1193	0.8804	1.1853	-0.7239	0.1751	-0.0387	-0.1600	1.0067	-1.2213	0.6518	0.0899	-0.9455	0.9511	-0.7074	-0.3292	0.0692	0.8238	0.0970	-0.1927	2.4245	1.2922	-0.9637	0.2316	-0.0095	-0.0154	0.0172	0.5293	-0.2535	-0.2048	-1.3001	0.4818	-0.6294	-0.0834	-0.2406	0.6401	-0.0195	0.0299	0.5887	0.0913	-0.1218	1.2767	0.9792	-0.3358	-0.0274
0.3608	0.0944	0.8111	1.2535	-0.6747	0.5299	-0.3521	0.5915	-1.1520	-0.8952	0.9830	-0.7269	1.1130	-1.4218	0.5125	0.6800	0.1257	-0.2487	-1.4895	-0.8166	0.1229	0.2630	0.3880	0.0369	2.3836	0.5581	-1.3720	0.8106	0.2597	0.2005	0.2146	0.3374	0.0065	-1.0079	-1.5866	0.6705	-0.4223	-0.5338	-0.3178	0.8155	0.3214	-0.4898	0.4771	-0.4597	0.1647	0.0782	-0.3246	-0.3231	0.0681
-0.0752	0.6862	0.4891	1.3316	-1.6099	-0.0821	-0.6314	-0.0611	-1.2214	0.2073	0.3401	-0.5711	0.9106	-0.3894	0.5123	0.8524	-1.0566	-0.9911	-1.9439	-0.2400	-0.7197	-0.1100	0.8113	-0.2455	0.5749	1.1940	-0.8768	1.6509	0.4963	0.3099	-0.1276	-0.2322	-0.0795	-0.4212	-1.1675	-0.0394	-0.1651	0.0911	0.3513	-0.1549	0.5353	-0.9536	1.0599	-0.2623	-0.3117	0.9363	-0.1503	0.3469	1.0307
1.5172	0.9437	0.2223	1.1604	-0.9259	0.6505	0.5909	0.3968	-1.1192	0.0936	0.2136	-0.4638	0.4559	0.4769	0.3259	0.5549	-1.2540	0.1145	-1.5250	0.6589	0.4184	1.5761	0.8495	0.8597	0.8896	0.1892	0.2476	0.9883	-0.2803	0.6134	-1.4028	0.0719	-0.2538	-0.1529	-0.2502	0.5480	-0.6776	-0.1591	0.2635	-0.7699	0.2205	1.0395	0.5134	-0.3813	-0.2319	0.9518	0.1240	0.5943	1.3207
0.0212	0.8013	-0.1905	0.2936	-0.3500	1.1687	0.9892	-0.7429	-0.6110	-0.3400	1.4669	-0.5858	-0.8041	0.9489	-0.3489	0.3588	0.7636	-0.0775	-1.0874	1.3553	0.3193	1.6359	1.4215	0.3710	0.0159	0.0284	0.5039	0.7035	-0.8411	0.6334	-1.4344	0.7949	1.1758	-0.5172	-1.3319	0.6096	0.0499	-0.7097	-0.3601	-0.8424	0.4789	0.7694	0.2438	-0.9996	-0.3128	-0.0373	-0.2189	0.4662	0.8775
0.1292	-0.0254	-0.6741	0.1185	-0.4654	-0.2242	1.2901	-1.6375	-0.2742	2.1392	0.4674	0.6292	-0.6974	1.1233	-0.2463	0.2092	0.0854	-0.7710	-0.2793	0.8214	0.1085	0.8960	1.0723	1.2573	-0.9068	0.2528	1.0161	0.9017	-0.6560	-0.6632	-0.5352	0.9754	0.6591	0.0952	-1.4193	0.4751	0.1239	-0.6448	-0.8487	-0.2792	0.0406	-0.2339	0.6335	-1.4341	0.1246	-1.3607	-0.1997	0.0417	0.6368
0.6873	0.4051	0.3455	0.4934	0.2175	0.3437	-0.0555	-0.4250	-0.1340	1.2249	-0.6119	0.0978	0.3292	-0.0474	0.2660	0.6947	0.0810	-0.5365	-0.6319	-0.4202	-0.2154	0.3086	1.0393	1.9789	-0.2442	-1.9592	-0.3612	0.2238	-0.3073	-0.2262	-0.1241	0.7939	-0.5122	-0.4480	-1.4125	-0.0078	-0.2697	-0.7664	-0.7177	0.5340	-0.4739	0.7133	-0.4691	-1.0775	-0.2531	-0.3710	-0.3797	-0.2904	-0.5357
0.1788	0.5524	1.2945	0.2095	0.5103	-1.5190	-0.7008	1.6011	-0.0281	-2.0346	-0.6828	-0.5450	0.0428	-1.8594	0.6705	0.4670	0.1406	-1.5581	0.3331	-0.5727	-0.1789	-0.4507	1.4690	0.0605	0.6153	-2.6778	-0.7544	0.6834	0.0730	-0.5471	0.2269	1.8248	-0.3461	-0.5866	-1.6588	0.6605	-0.0379	-1.1301	-0.5595	0.5065	-0.3472	0.4345	-1.2516	0.1432	-1.1230	0.1268	0.2130	-0.3187	-0.9335
-0.3206	0.4070	1.7449	0.3992	-0.4732	-0.2929	1.1140	0.4247	-0.0121	0.3109	-1.6330	-0.6296	0.9080	-1.3832	0.8487	1.0879	1.0901	-1.7037	0.9527	0.2474	-0.8139	-0.7532	1.8130	-0.7414	0.2723	-1.0212	0.1774	2.1293	-0.9576	0.0251	0.8779	2.0036	-1.4460	0.4621	-0.8664	2.0881	-0.8404	0.0962	-0.2245	0.6043	0.2943	-0.1022	-0.5520	0.2794	-1.6011	-0.8105	0.0157	0.1994	-0.7500
1.7623	1.4130	1.6381	0.4412	0.8659	-0.1920	1.3802	0.3362	-0.5742	0.5907	-0.9685	0.5746	0.9998	-0.3901	1.8213	0.5411	0.7205	-0.5920	0.3031	0.2716	0.3401	-0.1566	1.5876	-0.6856	0.4082	0.7719	-0.7385	0.8795	0.2665	0.0083	1.3986	2.1740	-2.2796	1.2414	-1.0752	1.2710	-0.8516	1.0072	0.1155	1.6798	0.6561	-0.3068	0.2054	0.5615	-1.9694	0.2983	1.5461	0.1203	-0.1805
0.6803	1.7119	1.7530	0.9365	0.3333	0.5404	0.2340	1.0040	-0.5130	-0.2464	-1.3097	-0.0039	1.8446	0.1847	1.5332	1.5193	0.8822	-0.9305	0.0166	-0.1445	0.3821	-0.1694	0.9368	-0.3640	0.6991	0.1239	-0.2865	1.3549	0.2343	0.6207	0.8716	2.3876	-1.6348	1.7090	-0.5153	2.0739	-0.0752	0.4971	0.1237	2.0350	0.7362	-0.1295	0.0468	0.8836	0.1874	0.4949	1.0557	0.6249	-0.5619
0.2123	2.0216	1.7407	1.0189	-0.6748	0.0924	-0.5290	1.7779	-0.8853	2.1105	-0.8680	-0.1073	1.6835	0.6620	1.4193	1.2407	0.5999	-0.6384	0.5423	0.1079	-0.6118	0.2939	0.3264	0.4685	0.2367	-0.7642	0.2576	1.6656	0.1551	0.8669	-0.0473	1.2537	-1.3244	1.9062	-0.4086	2.8926	0.2493	1.8029	0.2636	1.9133	1.6861	-1.0876	1.2923	0.7374	0.8539	0.7304	-0.0079	1.0339	-0.1077
1.0024	2.3266	0.4230	0.9833	-0.9544	1.8045	-0.8519	2.4659	-0.5254	1.5401	-0.4061	0.1057	1.3502	0.5068	0.4782	0.8413	1.1949	0.3420	-0.1459	0.7934	0.2143	1.3660	-0.2209	1.8074	1.4620	-0.6946	0.6946	-0.1016	0.8595	2.4530	-1.5300	0.2324	-0.4546	0.9261	0.3358	1.6221	0.8439	2.2019	1.3256	0.6563	1.9005	1.1111	1.2660	0.5625	1.5543	1.7572	0.7708	1.3597	0.4231
0.3831	1.4872	-1.3632	-0.2305	-0.7667	-0.2056	-0.2318	0.8543	-0.5059	1.7085	1.6290	0.4855	-0.8804	1.5005	-0.1525	-0.5558	0.7574	-0.1129	-0.4149	1.9324	-0.6194	1.2285	0.7603	2.3774	0.1724	0.5481	1.0697	-0.6163	0.2438	2.5530	-1.5881	0.0412	0.9073	1.0040	0.2817	0.4885	2.1530	1.2468	0.8349	-0.0323	1.5675	-0.4980	2.0120	-0.5496	1.6114	0.9450	0.6613	1.4580	1.8601
0.6919	-0.2437	-1.2648	-1.4020	-1.0750	-2.9318	-1.0835	-0.0906	-0.1257	1.7581	0.5278	0.8553	-2.9451	2.0633	-0.7257	-1.4984	0.8331	1.5406	1.5723	0.1250	-0.4024	1.9952	-0.1540	1.8556	-0.7582	-1.1833	0.0633	-2.2684	1.4235	0.8026	-0.1662	-1.1930	0.7028	-0.2123	0.1644	-0.6248	1.3055	0.8525	0.3927	-0.3315	1.1857	-0.5721	1.4603	-1.1960	0.1397	-0.7379	1.2329	0.6024	1.0724
-0.2572	-1.5714	-0.4389	-0.9054	-0.9698	-0.5001	-0.8866	-0.6086	-0.3378	0.4522	0.6754	0.0990	-1.3498	-0.3260	-1.5332	-0.0443	0.3024	-0.2979	0.3420	-0.3605	-1.1786	0.1975	-0.7496	0.9980	-1.6923	-1.8865	-0.5102	-0.9246	0.0900	-0.4315	0.3116	-1.0858	-0.3838	-0.6853	-0.1223	-0.5290	1.2431	-0.6447	-1.0213	-0.9149	-0.2351	-0.9206	-0.7763	-1.4559	0.1343	-0.9920	0.3078	-0.4454	-0.8209
-1.1297	-1.6831	0.1192	-0.3087	-1.2669	0.3977	-0.1987	-0.9078	0.2178	0.0343	-0.3388	-0.5304	-0.1509	-0.3404	-0.6882	0.8869	-0.4894	-0.8042	0.5466	-0.9055	-2.2189	-0.7334	0.2062	-0.1661	-1.5204	-1.7165	-0.5725	-0.1414	-0.0701	-1.0273	0.9301	-1.2087	-1.6621	-0.3614	0.3178	-0.4555	-0.0607	-1.1716	-0.9692	-0.2777	-0.7636	-0.9436	-1.2782	-0.2484	-1.1726	-0.5649	-0.3783	-1.0562	-1.5987
0.2001	-0.3218	0.7577	0.2460	-0.4393	-0.2860	-0.1778	0.5351	0.5696	-1.3708	-0.9524	-0.3049	0.1783	-0.5119	0.5110	0.8070	-0.5715	-0.4633	0.7108	-0.9201	0.0186	-0.3045	0.3734	-1.0520	-0.4578	-1.5865	-0.6310	0.0312	0.5711	-0.5028	1.2055	0.1384	-1.1938	-0.3546	0.6934	-0.0381	-0.6377	-0.8510	-0.0799	1.0807	-0.6770	0.8412	-1.4967	0.9933	-1.2619	-0.3156	0.1610	-0.8714	-1.2499
-0.4173	0.6329	0.5051	0.3369	-0.4567	0.7795	-0.5155	0.9133	0.0703	-0.8955	0.3112	0.0321	0.5155	-0.4555	0.4768	1.5092	0.7200	-1.0185	-0.1131	0.4132	0.2343	-0.5100	1.0881	-1.1892	-0.0358	0.7975	0.2412	0.5848	-0.0140	0.3779	2.4538	0.0954	-0.3558	0.3982	1.2233	0.3886	0.6009	-0.3798	0.7708	0.6705	-0.0291	0.0299	-1.0830	1.6318	-0.1365	0.1173	0.4816	0.1268	-0.5978
0.6357	1.2512	-0.1524	-0.5466	-0.6786	-0.1967	0.2904	-0.3960	-0.5402	0.7234	1.1530	0.7266	-0.3815	1.8883	0.3166	0.0756	1.1897	0.9376	0.5113	1.4169	0.9723	0.8202	-1.0702	0.3862	0.8018	2.7545	0.8106	-0.1361	0.3434	0.3942	1.8315	-1.0564	-0.5776	0.8244	1.5847	-0.1954	1.1786	0.8933	1.3404	0.2764	0.7571	0.5338	0.5641	0.5862	0.0837	0.3065	1.0265	1.0851	1.3095
0.4685	0.4369	-1.0055	-0.5117	-0.3970	0.0707	0.1791	-0.4626	0.2973	0.9702	1.1059	0.2797	-0.6037	1.9666	-0.4563	-0.5479	0.9305	1.8916	0.3827	0.0095	0.5578	1.5826	-0.7446	1.6058	0.8648	1.0136	0.9009	-1.1848	0.6295	0.0622	0.2268	-0.3344	0.3236	-0.2584	1.7731	-1.0318	1.1684	0.1527	0.3592	-0.2176	1.0737	1.3030	-0.0014	-0.1762	1.3877	0.2185	1.2401	1.0568	1.1536
-0.3706	-0.8255	-1.7951	-0.9611	-0.5715	-0.9885	0.0937	0.0789	0.2768	0.9345	1.0873	-0.6648	-0.8102	1.0363	-1.3803	-1.2435	-0.9690	0.9192	0.6022	-0.6617	-0.1468	0.5338	0.0521	0.3394	-0.5488	0.1272	0.7025	-1.1902	0.3907	-0.4679	-0.2489	-0.2263	0.6581	-0.9700	1.0313	-1.1967	0.9616	-0.3271	-0.4675	-0.9906	0.1686	0.1890	-0.1437	-0.4711	0.8932	-0.0460	0.7739	0.2371	0.6704
1.2318	-1.3405	-1.6851	-1.9975	-1.2280	-2.3531	-0.3079	0.4694	-0.1438	-0.7282	0.4870	-1.2582	-1.2685	-0.4783	-2.1397	-2.5970	0.0169	0.4668	-0.1082	-0.5159	0.9081	0.6187	-1.5263	0.0370	-1.8530	-1.7900	-0.5684	-2.1593	0.7638	-1.2013	-1.4302	-1.1309	0.4099	-1.9791	-0.0539	0.2073	-0.2061	-0.3697	-0.3797	-1.2878	-1.1955	0.5914	-0.6593	-1.5784	-0.1975	-0.8617	-0.7055	-0.7414	0.1416
-0.3473	-1.9551	-1.3533	-2.1703	-0.5135	-0.0094	0.2295	-1.1279	1.5307	-1.4273	-0.1035	-1.0947	-0.4073	-0.6817	-1.6458	-1.4877	0.3193	-0.9408	-1.6921	0.3630	-0.2033	-1.3873	0.3791	-0.6923	-1.6911	-1.1070	-0.9076	-1.1692	-0.7656	-0.7185	-0.6533	0.4803	0.3938	-1.3487	-0.0587	0.4212	-0.2879	-0.8276	-0.8135	-0.6893	-1.6904	-0.8213	-1.0281	-1.7811	-0.6674	-0.5424	-1.7915	-1.0726	-0.7124
-0.1758	-1.3574	-0.2469	-1.1996	0.7190	0.0502	-0.3488	-1.1023	1.2011	-0.8898	-1.2984	-0.3023	-0.0844	0.3217	-0.4368	-0.8868	-0.1181	0.1408	-1.8151	-0.5622	-0.3469	-0.9742	-0.4428	-2.1060	-1.1556	-0.0752	-1.5024	-0.4737	-1.1366	-1.1301	-0.3811	0.6723	-1.0676	-0.1758	-0.2466	0.2006	-2.0483	0.0443	-0.9054	-0.4590	-0.8697	-0.6122	-0.2992	-0.9069	-1.4623	0.5537	-0.2812	-1.3635	-1.0066
-0.8427	-0.6373	0.3398	-0.6106	0.8271	0.6882	-0.1248	-0.6984	0.7634	-1.4535	-1.4657	-0.0036	0.2639	0.0343	0.3654	-0.3355	0.1488	-0.1481	-1.6132	0.0621	0.9650	-1.5460	-0.9033	-1.8927	0.5731	-0.0434	-0.9407	0.3156	-0.6209	-0.9875	0.6619	1.2014	-0.3654	-0.2024	0.3557	0.4838	-1.7667	-0.4005	-0.6439	0.0179	-0.5879	1.1553	-0.5112	-0.4468	-0.8881	0.5143	-0.8875	-0.7605	-0.8739
-1.0325	-0.6074	0.1173	-0.0491	-0.4434	0.4474	2.1215	-0.7346	0.3437	0.0866	-1.6032	0.2654	0.7722	1.2974	0.7156	0.9881	-1.0146	-0.1791	0.0698	0.6413	0.8334	-1.9110	-1.9594	-0.7411	1.7105	1.1660	1.2884	1.0902	-0.6108	-0.0832	0.7929	0.1352	0.0293	-0.4111	1.4053	0.8056	-1.0413	0.3796	0.5707	-0.0342	-0.5782	2.1605	0.0955	-0.4162	0.7155	-0.2575	-1.7459	0.3240	0.3469
-0.6915	-0.7730	-0.0167	0.3074	-0.7299	0.3203	0.8764	-1.1505	0.6588	-0.4240	-0.9033	0.8495	0.5360	-1.5484	-0.5974	0.0584	-0.6460	1.2610	-0.3850	-0.3620	0.3400	-0.7126	-2.0411	-1.5040	1.0959	-0.1310	0.8068	-0.2257	-1.1388	-0.2387	-1.8370	-0.1609	0.7765	0.3211	1.5654	-0.2216	-0.8920	0.3427	0.3148	-0.8034	0.4049	1.1025	0.2566	-0.3693	1.3562	1.2914	-0.9975	0.2694	0.0285
-2.3740	-0.5024	0.4686	0.2106	-0.0399	0.5562	1.4195	-1.9895	0.6620	0.1333	-0.2217	0.2236	-0.1071	-2.2160	-0.4783	-0.5179	-1.5174	0.3731	-0.1978	0.1953	-1.1315	-1.8128	-0.7849	-1.6717	0.6570	-0.1557	0.2044	0.5433	-1.4597	0.2010	-2.4162	0.4202	0.8505	0.3526	0.5919	-0.2683	-0.2603	0.0123	0.5507	-0.7216	0.0696	-0.5468	0.1145	-0.8167	-0.0635	2.3866	-0.7446	0.3378	0.3343
-1.0475	-0.3168	0.1439	0.1279	-0.0497	-0.5421	0.9567	-1.4998	-0.0927	1.1715	0.3062	-0.2807	-0.7050	-1.2466	0.4003	-0.9685	-0.7204	0.5030	-0.7869	-0.7160	0.3043	-0.5031	-0.1159	0.2616	0.5371	-0.0429	-0.6624	-0.3137	-0.5700	0.5876	-2.3956	0.1384	0.1517	-0.8434	-0.2895	-0.0386	-0.3790	0.4195	0.8916	0.0419	0.1513	-0.5312	-0.0606	-0.7446	-1.0437	1.1577	0.1402	0.2392	-0.2151
-1.5573	-0.5549	-0.3618	-0.7427	-0.5699	-0.5402	0.2701	-1.5127	0.0295	-0.1798	0.9613	-1.2613	-1.1045	-1.0088	-0.5353	-0.8431	0.9359	-0.3253	-1.7539	-0.6768	1.6137	-0.2428	0.4141	-0.2199	0.2881	-0.7827	-0.3813	0.4284	-0.4640	0.8656	-1.5664	-0.2370	0.8438	-2.1297	-0.9007	1.2804	0.2895	-0.1824	1.0396	-0.4346	0.0758	-0.1918	-0.5914	-0.5490	0.1582	-1.5297	-0.7783	-0.2500	-1.1509
-0.5562	-0.6658	-0.2251	-0.7967	-0.4880	-0.6075	1.1671	-2.3221	-0.4194	1.0587	0.7667	-0.3652	-0.6815	0.4579	-0.3891	-1.2343	-0.0194	-0.5002	-1.4529	0.3798	0.7259	-0.3089	-0.8414	-0.7735	-0.7149	1.0750	-0.0618	1.2588	-1.9054	0.2651	-0.4786	-1.0142	-0.0281	-1.1086	-1.8768	1.1401	-0.0099	0.1911	0.8039	-0.6822	0.2220	-1.0191	0.5580	-0.7420	0.4634	-1.2890	-0.5003	-0.5341	-0.5301
1.2638	-0.6935	-0.1237	-0.2783	1.0733	0.3434	0.2203	-1.0530	0.8860	0.2224	-1.8586	1.0286	-0.1438	-0.3474	0.3285	-0.7538	-0.0913	1.0199	-0.5902	-0.6073	0.2505	0.3866	-0.3789	0.2811	-0.0015	0.0592	-0.7528	-0.8301	-1.6306	-0.4189	0.0104	0.4145	-0.5711	-1.0907	-1.5039	-0.0326	-0.9370	-0.6637	-0.3250	-0.5010	-0.4841	0.1448	-0.9319	0.4311	0.0237	0.6273	0.4784	-0.8688	-0.7299
-0.6904	-0.6457	0.4037	0.5149	0.5987	1.7082	0.8139	-1.0884	0.6774	-0.8773	-1.7396	0.6505	0.5071	-0.9547	0.1086	0.7827	0.4026	-0.4899	-0.7385	-0.0919	-0.2577	-0.6150	0.5861	-0.7491	0.5091	-0.4088	0.0146	0.7537	-2.1360	-0.2373	0.2717	0.8249	-0.5901	0.0103	-1.1281	0.5485	-0.5755	-1.3216	-0.5030	-0.1386	-0.0136	-0.6557	-1.1707	1.1083	0.2716	0.4164	-0.3435	-0.3368	-1.2499
-0.7357	0.2947	0.8093	0.8472	-0.0189	0.6562	2.3306	-0.7002	-0.4519	-0.9757	-0.4943	0.3998	0.5447	-0.3765	0.3210	0.3937	0.6148	-0.4776	0.4013	0.6912	0.7591	0.3123	0.1042	-1.2221	-0.3687	0.1141	-0.3603	1.0876	-0.5242	-0.1013	0.4543	0.3351	-1.4582	1.6748	-0.4620	0.4886	-0.6828	-0.2124	0.5693	0.3605	0.1094	-0.4921	0.1497	0.9622	-1.2659	-0.3326	-0.7845	-0.2021	-0.2166
0.8510	0.7528	1.0478	1.2003	0.0334	0.7930	1.2301	0.3123	-0.8148	-0.6333	0.2948	0.4346	0.8996	0.4391	1.0124	0.8696	0.5647	-0.2600	0.6271	-0.0031	-0.4251	0.6990	0.2297	-0.8291	0.2361	-0.9711	-0.7605	1.1354	0.1580	0.6986	1.4237	0.1067	-1.5175	1.7006	-0.2448	0.6822	-0.8063	0.8670	0.2404	1.1788	0.9780	0.7342	0.5641	1.3785	-1.0299	0.0639	-0.6380	-0.3081	-0.4467
-0.3961	0.5020	1.6501	0.8902	-0.8489	-0.7594	0.6654	0.2206	-0.1763	-1.8144	-1.1385	-0.6880	0.5493	0.8545	1.2841	1.6588	0.7878	0.1611	2.3225	0.7482	-1.7761	-0.5635	1.6607	-1.5183	0.7675	0.0186	0.9678	3.0086	1.2655	0.6538	1.1997	1.2871	-0.6667	1.7105	-0.0677	1.5295	-0.0501	1.1548	1.3850	1.3790	0.6054	1.6845	0.2979	2.0948	-1.0680	-0.1650	0.1649	0.5623	0.0419
1.0373	1.6886	1.4463	0.9786	-0.3100	-0.7924	-0.2150	0.6303	-0.3363	-0.9332	-0.9326	0.5898	0.4154	0.0380	1.7358	0.8038	0.5285	1.6858	1.2131	0.8800	0.6835	1.2467	1.3448	-0.3983	0.1088	-0.2363	0.6576	1.6812	1.0427	0.2056	0.7419	1.7244	-1.6912	1.9110	-1.2434	1.1928	-0.1486	1.7402	0.5740	1.6906	1.1312	-0.0747	1.0057	1.6172	0.1350	1.0331	1.2785	0.5025	0.7722
-0.1412	1.5868	1.6447	1.5524	0.2420	0.3665	-0.8502	1.5392	-0.7383	-1.5673	0.1722	0.7444	0.8686	0.2479	2.1167	1.3483	-0.0805	0.2502	0.1189	0.2947	-0.5178	-0.2781	1.4291	0.2020	0.3198	-0.7974	0.5659	2.1056	0.4135	1.9982	1.1182	0.7817	-1.4485	1.8585	-1.4671	1.3911	0.5829	1.9875	0.3667	1.9158	1.1948	-0.9248	1.4155	0.6826	0.8281	0.6696	-0.7131	0.5260	0.4596
1.7840	2.1568	1.2950	1.6749	0.3141	-0.9802	-1.5198	1.8739	-0.7010	0.5095	-0.6139	1.6921	1.2770	1.3651	2.2379	1.0586	-0.5002	1.1911	0.2431	-0.0069	0.3956	0.6508	0.1118	1.0365	0.5316	0.2002	0.8660	0.6955	1.8754	2.1134	0.0691	-0.2598	-1.7454	2.0614	-1.0326	0.3806	0.8448	2.7661	1.2173	1.9329	1.1823	-1.1076	1.9237	1.1979	0.8460	1.1758	0.8988	0.6503	0.7291
0.3404	1.2779	0.7639	2.0223	-0.2712	-0.0927	-1.8117	0.9787	-0.8105	-0.2339	-0.2901	1.6220	1.9838	1.0140	1.2199	2.1985	-1.1441	-0.6880	0.2340	0.1393	-0.8916	-0.9090	0.5965	0.7157	-0.0540	-0.2293	2.2873	1.4652	1.0784	2.4713	-0.4971	-0.3132	-0.5382	2.0575	0.1120	-0.4868	1.3748	2.0226	1.3436	1.5970	1.1027	-2.8945	2.2645	1.4319	2.1161	0.3893	0.1927	1.2491	0.8692
2.3042	1.7410	0.6253	2.0673	0.0490	-1.2987	-1.4270	0.5589	-0.7456	1.0522	-1.1264	2.3533	0.8521	1.5316	1.4178	0.8394	-1.9228	1.3013	1.6654	-0.0253	-1.2414	1.0500	0.2440	1.3528	-0.4203	-0.4627	1.5066	-1.0465	1.9627	1.7265	-0.4577	-1.1402	-1.2903	2.3090	-0.3573	-2.2365	0.9279	2.4611	1.2339	1.1872	1.3893	-2.4226	2.6497	1.5987	0.6249	1.2802	2.0794	1.8023	1.9175
1.1631	0.9912	0.8653	1.2340	1.0933	-1.1947	-1.2699	1.7431	-1.2902	0.0921	1.3272	1.7111	0.1807	0.4956	0.6983	0.5631	-0.3858	-0.3246	0.6147	-0.7412	-2.1967	-0.0015	0.3540	1.6898	-0.5397	-0.9558	1.2119	-1.4718	2.5953	1.1470	0.2744	-1.9011	-0.7028	1.7196	-0.3181	-2.1687	1.8358	1.3007	1.3734	1.2967	1.4384	-1.7268	1.9824	1.1114	0.8300	0.6810	2.8564	1.8542	1.2356
-0.0494	-0.5964	0.9944	0.8936	-1.1382	0.6936	-0.4091	2.3903	-0.8488	0.5142	0.1180	1.0857	1.1155	1.2398	0.2711	2.3579	0.5832	-0.7632	1.8593	-1.5012	-1.8870	-0.1795	-0.3155	0.8119	-0.1817	-0.7799	1.9134	-0.2376	2.7376	1.7934	0.0961	-1.7351	-0.5412	1.1543	1.1612	-1.7631	1.1789	1.6832	2.3919	0.7400	0.9836	-0.8110	1.5193	1.7835	1.2031	-0.2322	1.8578	2.1941	0.1966
1.5204	0.2564	1.0559	0.6656	-1.3386	0.3879	-1.7251	1.7312	-1.1668	-0.4509	0.6920	1.3576	0.6079	-0.5236	0.4620	2.5471	-0.2215	0.1192	1.2310	-2.0278	0.1998	0.2303	-1.0457	0.4136	-0.3834	-1.0152	-0.0849	-1.0086	3.2437	0.6441	0.7448	-2.6385	-0.7730	0.8294	1.2084	-2.9750	0.5043	1.3531	1.0913	1.5862	1.4900	-1.1989	1.2743	1.1873	0.6621	-0.2705	2.6772	2.3953	0.6357
0.6369	0.8391	1.0624	0.5639	-1.0244	-1.7926	-2.6594	2.0551	-1.6187	-0.1881	1.6604	0.9297	0.0521	0.0758	0.2908	1.8658	-1.3473	-0.8381	0.0262	-1.9034	-0.5671	-1.2230	0.9741	0.1870	-1.1483	-0.1007	0.1996	-0.2167	2.9075	-0.0301	1.7519	-2.2954	-0.5983	0.2803	-0.3332	-2.3867	1.4587	0.9222	0.2942	0.4420	1.4987	-2.7591	0.9357	0.9336	-0.0458	-0.6216	2.7457	1.7919	0.4845
2.0798	0.9896	0.5792	1.3067	0.0949	-1.0867	-1.6374	1.7728	-0.9208	-0.0024	1.7572	0.8127	-0.0671	-0.2112	1.1278	1.3831	-1.7083	0.0429	-0.2431	-0.0933	-0.5673	-0.0073	0.6331	0.1872	-0.7862	1.7302	0.1679	0.5560	1.2423	0.2420	1.9805	-0.9704	-0.6180	0.3273	-1.3152	-1.9687	0.3457	0.6412	0.0791	0.3494	0.6550	-2.1057	0.3634	1.2797	-0.4010	-0.7889	2.4254	1.6936	1.2528
0.8246	0.9207	-0.3871	1.1084	-0.5830	0.0616	-1.8002	0.6839	0.6513	-1.1309	2.7996	-0.4295	-1.0482	0.1379	1.0780	0.2606	0.0871	0.8212	0.7660	1.7189	0.8005	0.6740	0.6937	0.8858	0.0217	2.0968	0.4373	0.3880	0.1648	0.5437	2.7940	-0.3111	0.9433	-1.1196	-0.4069	-1.1860	1.0808	0.0195	-0.1897	0.1751	-0.2204	0.4207	-1.2753	0.9098	-0.2738	-1.9001	0.4620	1.8212	1.0093
0.8046	0.2100	-1.5838	0.3206	-0.2374	-0.3937	-0.8310	0.2694	1.2721	1.2671	2.9093	0.4610	-1.6542	0.8977	0.4708	-1.5596	-0.8268	1.4974	1.7509	1.7732	1.3242	1.3659	0.5927	1.1090	0.0167	2.1094	1.6375	-0.0620	-0.6465	-0.0247	1.4463	0.7323	1.8687	-0.9852	-0.0210	-1.1075	1.4573	0.0100	-0.2344	-0.7846	-0.8382	0.5971	-1.0211	0.3080	-0.2847	-1.5074	-1.1533	0.4297	1.1527
-0.5271	-0.8278	-1.8142	-1.0848	-0.5162	-1.1394	-1.6870	0.0149	1.5834	0.4419	2.1454	0.3698	-1.5943	-0.9951	-1.4196	-2.5064	-0.3890	2.0073	1.2763	0.6369	2.1718	0.8558	-0.1943	0.1483	-0.8081	0.4627	1.2119	-1.5029	-0.3411	-0.6743	-0.4291	0.2154	2.2419	-1.1201	1.0210	-0.8771	0.8529	-0.4175	-0.9636	-2.0104	-1.0531	1.3360	-1.1058	-0.8377	0.7318	-2.0615	-1.1905	-1.0701	-1.1147
-0.6265	-2.1616	-1.8755	-1.4772	-0.1435	-1.4772	-0.6719	0.0528	1.5131	1.2891	1.3414	0.6347	-1.5499	-0.8772	-1.6627	-2.4393	-0.9958	1.4059	2.0739	0.4204	0.8426	0.1187	-0.0271	0.3832	-1.1976	0.8249	-0.5144	-2.3164	-0.3911	-1.4483	0.5134	-0.0390	1.8360	-1.1515	0.4240	-1.9766	0.2227	-0.8209	-1.6237	-1.7984	-1.9192	0.5315	-0.8366	-1.5384	-0.9108	-2.2622	-0.6975	-1.5861	-0.5346
-0.5861	-1.8784	-2.0905	-1.9615	0.6043	-0.0261	-1.8568	0.0845	1.6704	-0.2384	-0.2965	0.0030	-1.3048	-1.3213	-2.2311	-2.3020	-0.8574	1.3680	1.6451	0.3891	1.0428	-0.5761	-1.0841	1.1001	-1.0095	-0.3232	-1.0736	-2.3392	0.3794	-1.4855	1.6879	-0.4072	1.0634	-1.0299	0.7505	-1.7712	-0.0381	-1.6470	-1.7839	-1.4242	-1.9768	0.8742	-2.0509	-2.0045	-0.9319	-1.9006	-0.4800	-2.0044	-0.8223
-1.4747	-1.5110	-1.9432	-2.3591	0.3257	0.0770	-1.6633	0.8124	1.8815	-0.6009	-0.3279	-0.0992	-1.6269	-1.1947	-2.1500	-2.0382	-0.7968	0.6094	1.2588	0.6388	0.0135	-1.7450	-0.7897	-0.3986	-1.5852	0.5260	-1.2334	-0.9830	-0.0966	-1.4907	1.1687	-0.4495	0.9253	-0.7355	-0.1419	-1.0139	-0.6736	-1.9320	-1.8689	-1.6840	-1.9414	-0.6692	-1.5751	-0.9786	-1.6623	-1.3770	-0.6743	-2.3090	-0.7705
0.4351	-1.1694	-1.8460	-2.2530	1.2732	0.0646	-0.9087	1.2101	1.6233	0.1874	-0.3984	0.5542	-1.1641	0.5503	-1.7506	-1.7620	-1.5188	0.2680	-0.3865	-0.3025	0.2286	-1.4027	-1.9176	-1.2018	-1.6553	0.8172	-2.2060	-1.7250	-1.2181	-2.2605	-0.5455	-1.2624	-0.1950	-0.7409	-0.6113	-0.9023	-1.9387	-1.3211	-2.1596	-1.8303	-1.6162	-0.5879	-0.6390	-0.6689	-1.7313	-1.0492	0.6252	-2.3064	-0.8560
-0.0581	-1.7048	-1.3353	-1.3719	0.8608	1.2412	0.5534	-0.2884	0.9639	-1.0030	-0.8413	-1.8421	-0.6044	0.9118	-2.0641	-1.2641	0.6764	-1.1969	-0.7620	-0.2041	-0.1495	-1.5815	-1.2096	-1.0845	-1.4027	0.3976	-1.8564	-2.3356	-1.7266	-1.5764	-0.5208	-1.5699	0.1526	-1.5291	0.5732	-0.4434	-0.8256	-2.4760	-2.3596	-1.1466	-1.7002	0.3685	-1.0151	-1.9586	-1.7251	-1.2199	0.0702	-1.8589	-1.2291
-0.3072	-1.2879	-0.4006	-0.8465	1.6788	0.6570	0.8738	-0.2081	1.2749	0.0630	-1.5034	-1.2564	-0.3677	0.4830	-1.1600	-1.0229	0.1482	-0.4658	0.1426	-0.9809	-0.5590	-1.6613	-1.2875	-1.0420	-0.3750	0.8587	-1.6362	-1.1542	-1.8477	-2.1499	0.5450	-0.0956	0.5711	-0.8846	1.0194	-0.2116	-1.6703	-2.1254	-1.8232	-0.8406	-1.8068	-0.2212	-1.1266	-1.0562	-1.9982	0.1194	-0.4703	-1.9707	0.1125
0.9946	-0.5343	-0.1212	-0.9306	1.5366	-0.9916	1.5604	0.6300	-0.1443	-0.5913	0.2734	-2.7491	-0.0902	0.0406	-1.0417	-1.0644	-0.5189	-1.6475	-0.3862	-1.3152	-0.2703	-1.0147	-2.0458	-0.9339	-0.3910	0.7052	-1.3328	-0.4206	-0.6463	-1.8628	-0.6666	-1.2803	-0.2573	-0.1349	0.6477	-0.1196	-1.3525	-0.9250	-0.7485	-0.8249	-0.8249	0.8477	-0.4489	-1.6335	-1.3512	0.4678	-1.4730	-1.3081	0.3890
0.9570	-0.2208	-0.3752	-1.1565	1.9888	-0.4095	1.6040	0.0639	-0.8234	-0.6396	0.2814	-4.4478	-0.2553	-1.1071	-0.8599	-0.7916	0.5368	-3.4248	-1.7459	-0.7103	-0.9731	-0.2206	-0.3193	-0.0720	-0.1246	0.7735	-1.4597	-0.3469	-0.8092	-0.6388	-0.9484	0.3417	0.6898	-0.4984	-0.6097	0.2658	0.0129	-1.2889	-0.9748	-0.8857	-0.4825	0.5646	-0.7774	-1.9102	-0.5340	1.0393	-1.3548	-0.8707	-0.4769
1.7892	-0.3950	-0.2238	-1.3117	2.0499	0.1949	3.8768	-0.8025	-1.9540	1.6371	-0.7791	-4.8615	-0.7742	-0.9460	-0.4405	-0.9456	1.0018	-4.4642	-2.3301	-0.8479	-2.0926	0.9116	-0.6197	0.7690	0.0740	1.4574	-0.7546	0.3044	-1.8990	-0.7279	-1.6042	2.0459	1.0971	-1.6851	-1.1861	1.4644	-0.3833	-1.1000	-0.6662	-1.0748	-0.9154	-0.2776	-0.3875	-1.6040	-0.0593	0.9572	-0.4784	-0.4768	-0.0150
1.5756	-0.7296	-0.1419	-1.0383	0.9271	0.4591	2.9294	-0.1388	-1.8394	1.0549	-1.2695	-4.8946	-0.6990	-0.1553	-0.2309	-1.2936	2.5038	-2.2856	-2.5216	-1.3139	-1.4106	2.3270	-0.3590	1.2435	1.1819	-0.3333	-0.7371	-0.0115	-1.3446	-1.0387	-1.4670	0.6448	1.0370	-3.4409	-1.0968	2.0602	-0.7816	-1.3032	-0.4931	-1.1235	-1.3500	1.5817	-1.6616	-1.8521	-0.1278	0.7697	-1.0621	-0.5604	-0.7979
0.0279	-0.9966	-0.4155	-0.5074	-0.0698	1.9392	1.9620	-0.0617	-1.3257	-0.5366	0.4863	-3.9114	0.1932	-0.4673	-0.3974	-0.3627	1.8149	-2.8776	-3.0301	-0.8168	-1.1394	0.6041	0.7344	0.0261	1.3034	-1.5534	-1.2174	0.1352	-1.7595	-0.3252	-0.7969	0.5555	1.1321	-2.6025	-0.4326	1.8846	0.2550	-1.8105	-1.1560	-0.3267	-0.2902	1.6777	-1.5001	-1.7120	0.3253	0.4593	-1.3654	-0.7345	-1.4453
-1.2060	0.0588	0.2352	-0.1226	0.3050	1.3964	0.3812	-0.6213	-0.6510	0.7687	-0.4239	-2.1908	0.8967	-0.4279	0.0639	0.5893	1.4044	-1.6983	-1.5662	-0.0842	-0.8012	-0.4761	1.7963	-0.8353	0.6729	0.3846	-0.3143	1.2374	-0.5925	-0.0383	-0.1344	1.6421	0.7478	-0.5140	0.2700	2.3084	0.1422	-0.8867	0.0003	-0.2100	0.8294	1.0079	-0.1467	-0.1124	0.4866	1.2892	-0.2767	-0.4441	-0.6302
-0.8316	0.5890	0.7035	-0.1858	-0.0423	0.5629	0.8971	-0.1554	-0.0057	-0.6639	-0.5412	0.7775	0.8939	-0.8662	0.5488	0.0758	1.2343	0.9259	-0.9194	-0.1001	0.0988	0.6360	1.6245	-1.5939	1.5377	-0.7475	-1.1712	1.0869	-0.7502	-1.0395	-0.8574	1.2193	0.1636	0.4308	0.1753	1.4041	-1.0496	-0.3557	-0.5534	0.7349	1.1252	1.2229	0.0432	0.3473	-0.3799	1.6585	-0.4989	-0.3319	-0.8798
-2.1319	0.3744	1.1078	0.6098	-0.8289	1.9259	0.7619	0.6954	-0.4768	-1.0131	-0.9860	0.7590	1.7794	0.0123	0.1157	1.0820	1.6226	0.2494	-0.8358	-0.4822	0.3354	-0.2843	1.5569	-1.2235	1.6182	-1.9878	-0.8372	1.7949	-0.4502	-0.1420	-1.1759	0.7133	0.1442	0.5440	0.5125	1.4976	-0.8935	-0.6177	-0.1282	0.8790	0.3159	1.0575	-0.5496	0.6018	0.3185	0.4094	-1.3102	0.2330	-0.7287
-0.8685	1.0252	1.4822	0.8168	-0.7434	0.6865	0.4735	0.2802	-0.8282	1.0496	-0.7661	1.3507	1.8598	1.0720	1.2056	1.0693	0.5931	0.6403	0.4811	0.1268	1.6692	-0.4948	0.3007	-0.9876	0.8683	0.0670	-0.1284	1.6855	-0.0891	-0.1671	-0.4148	0.0358	-1.0262	1.7728	-0.1706	1.4342	-1.2399	0.7846	0.4047	1.3180	0.5131	-1.4529	0.6407	1.4627	0.4088	0.5680	0.0646	0.7806	1.1391
-0.4507	1.3763	1.7967	1.0749	-1.6749	0.2515	-0.2642	-0.2400	-1.3733	-0.4518	-0.6803	0.9736	1.7717	1.1478	1.1238	0.7973	2.7815	1.6381	0.8332	-0.7607	2.5185	0.9207	-1.5327	-0.5330	1.0950	-1.1621	0.5048	0.6201	1.3045	0.1479	-0.2962	0.1261	-0.2875	0.9945	0.2998	0.7208	-0.2403	1.0473	1.3700	1.7719	1.0605	0.6210	0.1963	1.4978	1.2785	0.9357	0.3994	1.1155	1.0647
-1.2739	1.6340	0.7861	1.4821	-0.5322	0.5841	-1.0982	-1.1878	-2.0219	-0.9037	-0.7026	1.6439	1.6629	0.6266	0.7939	1.8122	1.7204	0.0665	-0.0066	-0.2657	0.0160	0.2663	-1.0137	0.2285	0.2687	-0.2600	1.1401	0.6095	2.1597	1.9804	0.1297	0.2132	-0.3709	1.4175	0.3384	0.4120	0.8911	1.0148	2.1006	0.9694	1.3205	0.4659	1.7775	1.1720	1.8922	2.0784	0.3874	1.1045	0.7327
-0.5964	1.7867	0.3272	1.7109	0.3157	0.3542	-1.4502	-1.4070	-1.2455	-1.0893	-1.4047	1.8949	1.6697	-0.1329	1.3199	2.0440	-0.0298	0.3894	-0.7655	-0.5903	-0.3481	1.5075	-0.2364	1.5099	0.2999	0.0123	1.3378	0.4106	1.7088	1.8047	-0.5286	0.3899	-0.1759	1.1239	-0.2389	-0.2142	0.9725	0.8196	1.7675	0.8698	1.1466	0.2615	2.0322	1.0271	2.4550	3.0571	0.6093	1.5289	0.9220
-1.0271	1.5900	-0.8089	1.3231	-0.5571	-0.9857	-1.4914	-1.8362	-0.4062	0.2237	1.1590	1.1222	0.8890	0.2985	0.6577	1.2734	-0.3412	-0.1147	-0.2338	1.4359	0.0272	1.6195	0.5734	1.7931	0.1368	1.6640	2.7088	0.7073	0.2759	2.0132	-1.6796	0.6338	1.0581	1.2485	0.3005	-0.1390	2.4574	0.7772	1.1253	-0.0339	1.8327	-0.0072	2.2495	0.5710	2.7347	1.8502	0.9184	1.9812	1.2111
0.3919	0.9896	-1.2475	0.8362	-0.2350	-2.2630	-0.8465	-2.0639	-0.0996	1.6034	2.1848	0.9512	-0.8149	1.8367	-0.0006	-0.4595	-1.3470	1.1501	1.0473	1.5115	0.5039	2.8548	0.3935	2.5452	1.0923	1.1446	2.3087	-1.3028	0.3258	1.0247	-0.9579	-0.5766	1.0823	0.1200	0.9038	-1.3471	2.2360	-0.1429	-0.0958	-0.3963	0.5585	0.8582	1.7953	-0.0337	1.3553	-0.1200	1.1776	1.5550	1.6368
-0.7370	-0.6499	-1.3094	-0.3490	0.2679	-0.8710	-0.1064	-1.1956	0.4403	1.1728	1.6337	0.8264	-1.4935	-0.3545	-1.5525	-0.8450	-2.2515	-0.7617	0.6932	1.0149	0.2350	0.5585	0.8306	1.1688	-0.6798	0.2726	1.8737	-1.1868	-0.4636	0.0765	-0.6880	0.2652	1.5519	-0.7545	1.6917	-1.6182	2.2934	-0.2360	-1.4230	-1.3951	-0.1772	0.0031	0.7716	-0.4162	1.2628	-0.8619	-0.8801	-0.0467	0.8713
0.6343	-1.1903	-1.4735	-1.6006	0.3088	-0.4543	0.4448	-0.4592	0.5717	1.3266	1.7209	1.0065	-1.6922	-1.5273	-1.4480	-1.6487	-2.4786	-0.2925	0.1713	0.8377	1.5145	0.4546	-0.2033	0.4552	-1.5766	0.2257	0.0123	-1.4978	-0.0635	-1.0152	-0.6489	-1.0919	0.9290	-0.6450	2.0478	-1.8611	0.1176	-0.3328	-1.4326	-1.7619	-1.1087	0.8173	-0.0530	-0.2934	-0.2469	-0.8570	-0.9958	-1.2324	0.1194
-0.0090	-1.6609	-1.8325	-1.9146	-0.1386	0.0202	-0.2839	-1.0690	1.2968	-0.0628	0.6374	0.4628	-2.1142	-1.0194	-1.7067	-1.8300	-0.9471	-0.3958	0.0088	1.3312	0.6740	-0.1403	0.7576	0.2484	-0.6243	-1.0460	-0.7409	-1.2442	-0.8981	-1.1651	-0.9533	-0.9060	1.3833	-1.5137	2.0614	-0.3489	-0.5817	-1.3677	-1.3868	-1.8234	-1.5027	1.2428	-1.8939	-1.1077	-0.7495	-0.9541	-1.0367	-1.8245	-0.6319
-0.5818	-1.3222	-1.3182	-1.3080	-0.1353	1.4346	0.8886	-1.8466	1.9655	0.9308	-0.6614	0.4464	-1.2491	-1.1873	-1.3150	-1.0432	-0.9434	0.3657	0.2557	-0.0765	0.5199	-1.2335	0.1258	-0.3678	-0.4909	-0.1187	-0.7426	-0.2227	-1.6551	-0.3828	-0.9787	-0.2160	0.9576	-1.7314	1.0629	0.5510	-1.7206	-0.9418	-0.3732	-1.1261	-1.5808	0.7377	-1.4618	-1.1718	-1.0441	-1.8989	-2.0682	-2.0181	-0.1642
-0.4827	-0.7294	-0.9100	-0.9158	0.2587	1.5436	1.5014	-0.9570	1.5140	0.0817	-0.4320	0.3778	-0.4977	-1.5751	-0.6070	-0.4869	-0.6715	0.4131	-1.3672	-0.2733	1.0995	-1.3623	-1.3245	-0.5455	-0.0378	-0.1414	-1.2610	-0.3251	-1.4745	-0.5563	-1.2711	-0.1494	0.2944	-0.7634	0.1761	0.3618	-1.8988	-1.1789	-0.0010	-0.6605	-1.5191	0.8706	-1.3711	-1.0771	0.1086	-0.8851	-1.3990	-1.7097	-0.8832
-1.7911	-1.2156	-0.6804	-0.6979	0.2748	1.6451	1.7398	-0.9037	1.3127	-0.5079	-0.6182	0.0194	-0.0622	-1.4150	-0.5771	0.0688	-0.7392	-0.7048	-0.9666	1.2539	-0.6223	-2.1584	-1.2108	-0.9474	0.7680	0.1015	-0.8815	0.3106	-1.5335	-0.4232	-1.0745	0.5977	0.3107	-0.2269	0.7497	0.3502	-1.1584	-1.1920	-0.0333	-0.5805	-1.5440	0.6465	-0.9877	-1.6027	-0.1486	-1.2070	-2.1644	-1.0878	-1.0122
-1.1624	-1.3015	-0.2790	-0.5855	1.0519	0.6061	1.5050	-0.4172	1.1534	0.5361	-0.7797	0.8413	0.1203	0.1435	-0.0915	-0.3954	-0.4896	-0.1619	-0.6732	0.9586	0.0109	-1.0296	-0.9828	-1.1611	0.5202	-0.1889	-1.0241	-0.0474	-1.3175	-1.5800	0.6813	0.6484	-0.3090	0.8752	1.3404	0.3992	-1.9245	-0.2935	-0.3387	0.4629	-1.4440	0.7867	-1.0955	-1.1164	-0.7644	-0.8167	-1.0678	-0.7920	-0.6400
-1.2441	-0.5152	0.6329	-0.2331	1.0116	-0.4196	0.4761	-0.2145	0.6293	-1.6062	-0.6582	0.2912	-0.0609	-0.1152	0.5167	-0.4909	0.4772	0.0415	-0.0735	0.7412	1.4476	-0.9013	1.1074	-1.4785	1.5913	-0.8051	-0.6870	0.8989	-0.8439	-1.4722	1.8681	1.4443	-0.0152	1.0946	2.0671	1.3492	-1.1389	-0.7964	-0.7438	0.9199	-1.0198	1.0969	-2.0055	-0.2097	-0.8206	-1.2412	0.2057	-0.7811	-1.1574
-0.6108	-0.4179	1.3699	0.2878	0.5593	0.8984	1.5888	0.6602	-0.0174	-0.7695	-1.6224	0.0730	0.4841	-0.4110	1.3188	0.8559	0.0005	-0.3369	0.4949	0.7369	0.5937	-0.8535	0.6473	-0.7485	1.9485	0.1004	-0.9499	1.8444	-0.8345	-1.0194	0.8406	1.6508	-1.2220	0.3655	0.6481	1.7169	-1.7066	-0.3398	-0.3679	0.4711	-0.9993	0.1866	-0.9519	-0.0519	-0.8115	-0.9846	-0.4477	-0.6387	-0.1231
0.7759	0.3250	1.5831	1.2702	1.7143	0.0356	0.2498	1.4483	0.1299	-1.8493	-0.9936	0.6322	1.2745	-0.8169	1.9130	0.7780	0.6496	1.0427	-0.3041	-0.2903	-0.0008	1.0560	1.5133	0.0207	2.4543	-0.6704	-1.2921	0.8192	-0.1170	-0.7350	-0.3976	1.4205	-1.3190	0.2255	-1.5773	1.0585	-1.3134	-0.3424	0.3567	1.0092	-0.0163	0.0437	-0.9569	0.8688	-0.8036	0.6261	0.6164	-0.6600	-0.1426
-1.1482	0.7930	1.7084	0.9979	1.5790	-1.1929	-1.3331	0.4896	0.1521	-1.5541	-0.4828	0.3396	0.9615	-2.1232	1.4187	1.4770	1.0236	0.0592	-0.3927	0.6102	-1.1701	-0.7983	3.1617	-1.2853	0.9035	0.2477	0.5762	2.2380	0.2776	0.3604	-0.6607	2.9147	-0.0600	1.0156	-1.7723	1.8841	-0.0167	0.9145	1.1008	0.2810	1.6248	-0.4891	-0.4402	1.6428	-0.2532	1.4260	0.4494	-0.0671	0.0788
0.4217	1.6077	2.0091	1.1388	0.4339	-1.6170	-0.7023	0.3573	-0.1561	-0.2734	-1.1740	0.6574	0.5753	-1.1468	1.9624	0.9824	0.6445	1.5136	0.1327	0.5852	0.4253	0.4902	0.5260	-0.8217	0.2423	0.9481	0.2968	0.8060	0.8495	0.2943	-0.0331	0.3924	-1.2105	0.8341	-2.8636	0.7665	-0.2059	1.5635	1.3409	1.3718	0.9492	-0.4885	0.5233	1.7058	-0.4568	1.1513	0.7631	0.2810	0.5854
-0.7931	1.3439	2.2646	1.9151	-1.4602	0.5433	-1.7948	0.7459	-0.9892	-1.4204	-1.3113	-0.1479	1.1503	-0.5673	0.8410	1.9692	1.3450	0.6266	0.6042	-1.8980	0.3211	0.3821	-0.1496	-0.2045	0.7596	-2.1890	0.7186	0.7816	0.5182	1.4423	-0.3963	-0.3659	-1.2824	-0.0892	-2.2382	0.6683	0.5979	0.9415	1.6617	1.8926	0.7559	-0.0973	0.3282	1.2624	0.8782	-0.1567	0.0123	0.9338	-0.4240
1.0766	1.7572	1.7460	1.6884	-0.6190	0.2196	-1.6731	0.4362	-0.4643	0.6444	-1.5181	0.5212	1.2122	-0.9927	1.4440	1.3211	-1.1715	0.8376	1.0691	-1.9305	-0.2174	0.3933	-0.5678	0.6264	0.5662	-0.3057	1.4542	-0.1927	1.5803	2.1571	0.3590	-0.2128	-1.7458	0.8537	-1.9167	-0.0782	0.6322	1.6135	2.1733	1.9001	1.4360	-1.7448	1.8262	1.7200	1.0504	1.2002	1.1195	1.4386	1.0259
0.6935	2.0877	1.5332	1.1191	-0.5953	-0.5510	-1.3105	-0.0340	-0.2983	-0.6581	-0.6629	-0.4390	0.5189	-0.6393	0.9914	0.3094	-0.0034	1.5092	0.8598	-0.6547	0.3408	1.6125	-0.5615	1.1417	1.2791	1.5772	2.2622	-0.3767	2.5012	2.2417	0.0922	-1.3636	-0.4204	0.8056	-0.4053	0.4130	1.1398	1.3609	3.2471	0.7556	1.9469	-0.6220	1.8744	1.0418	1.3231	1.8567	2.4648	2.1730	1.7184
2.1422	2.2087	-0.3706	0.4925	-0.6741	-1.1839	-0.3557	-1.4000	-0.4150	2.2436	2.0242	0.3028	-0.2940	2.0041	0.3286	-0.3592	-0.3877	1.6702	1.2909	0.8549	0.5898	2.6095	-0.1590	2.4303	0.9982	2.4797	2.3048	-0.6104	1.5910	2.2534	-0.1584	-1.2675	0.6973	0.1749	-0.0713	0.2093	1.9804	1.8772	2.1251	0.0336	2.0254	-0.6841	3.0392	0.2719	1.5002	0.6225	2.3097	2.3122	3.2356
0.3701	0.5198	-1.5636	0.0803	-0.4814	0.1794	-0.6828	-0.6912	-0.6719	1.9879	2.0976	-0.4870	-1.0807	2.0149	-0.9019	-0.2717	0.4226	0.6198	0.0004	-0.1135	0.4885	2.2683	-0.1510	3.2312	-0.3910	0.1420	1.6838	-1.1416	1.4572	1.6973	-1.6138	-0.6642	0.6802	-2.2805	-0.3552	-0.1164	2.8736	0.9589	0.7383	-1.3637	0.9811	0.0583	1.2688	-0.9258	2.2848	-0.0725	-0.2730	1.5510	2.2846
-0.3644	-1.2333	-1.8852	-0.9841	-1.2379	-0.3889	-0.2170	-1.6493	-0.2031	2.6257	2.3534	0.1381	-1.8665	1.5859	-1.3934	-1.1772	-0.7443	0.2240	-0.4544	-0.2613	-0.0955	1.3438	-0.8958	2.2685	-2.5206	-0.9784	1.1021	-1.2360	-0.6817	-0.1022	-0.9074	-0.5897	0.3864	-2.2425	-0.4088	-0.6760	1.5658	0.5610	-0.8427	-1.4497	0.2502	-0.2431	1.4185	-0.9639	1.5656	-2.3628	-1.3962	0.2390	1.0628
0.8714	-1.7707	-1.8902	-1.4625	-0.5936	0.3442	-0.3222	-1.7511	0.4076	1.7290	1.6709	0.6601	-1.1779	1.5401	-1.2866	-0.9090	-0.7200	0.1495	-1.2626	-0.5509	-1.1197	0.6223	0.4125	1.5168	-2.8845	-1.6739	-0.4854	-1.0091	-1.9869	-0.8606	0.5853	-0.1080	0.9958	-1.3333	-0.0428	-1.0094	-0.8768	-0.4808	-2.0897	-1.5938	-0.8965	0.7411	-0.4427	-1.0621	0.1854	-1.9328	-0.8884	-1.4255	-1.3852
0.0699	-2.4300	-0.7060	-1.3265	-1.0204	-0.4803	0.2503	-0.9167	0.8553	0.1601	0.9212	-0.5985	-1.1258	1.6868	-1.2859	-0.4979	-0.0675	0.0097	0.3341	1.2720	-1.8819	-1.1592	0.7318	-0.9529	-1.4470	-0.9975	-1.0040	0.2657	-1.6180	-0.9790	0.8843	-0.0822	-0.1476	-0.1148	0.7778	-0.1440	-0.1162	-0.3329	-1.5981	-0.8480	-1.3007	0.1541	-1.1228	-1.6528	-2.6319	-1.2557	-1.4629	-1.1244	-1.8994
1.2798	-1.2947	-0.7723	-0.7027	0.4497	0.6173	0.3126	-0.0009	0.3087	0.5513	0.5239	0.0617	-0.1595	0.8998	-0.6279	0.0811	-1.0126	-0.1584	-0.5429	0.5865	-0.7949	-1.5018	-0.8324	-0.9981	-1.0743	-0.4978	-1.9275	-0.4843	-0.9537	-1.0242	1.3065	-0.0450	-1.3569	0.1022	0.8030	-0.6562	-0.8150	-0.4360	-1.6650	-0.3307	-0.7115	0.1748	-0.9629	-0.7154	-1.7185	-0.3048	0.4316	-0.8789	-1.9415
-1.1042	-0.8830	-0.2569	-0.3183	1.0163	0.0880	-0.4970	0.4250	0.3995	-0.8623	0.1651	0.1776	0.3009	-0.4927	-0.5172	-0.1583	0.2094	-1.2230	-0.6917	1.7932	-1.0848	-2.2299	2.1054	-2.1357	-0.9660	-0.4875	-1.3202	0.4243	-0.9141	-0.8059	1.9646	1.2278	-0.8037	0.5828	0.5516	0.0708	-0.4170	-1.3589	-1.5723	-0.7023	-0.3826	-0.1308	-1.9319	0.5974	-0.7603	0.1630	0.6032	-0.7995	-2.3582
-0.1774	0.1649	0.1482	-0.2231	-0.6906	-0.7285	1.3884	1.6567	-0.3430	0.0763	-0.5105	0.1089	-0.0596	-0.1695	0.1391	-0.6132	0.1751	-0.3876	0.3954	0.5181	0.0909	-1.2589	-0.5479	-1.8903	-1.0679	0.5397	-1.3348	0.5760	0.3447	-0.9481	1.2645	-0.3201	-1.3735	1.1667	-0.7838	-0.2205	-1.0758	-0.1468	-0.1812	0.3705	-0.1438	-1.0745	-0.1993	0.3654	-1.7584	-0.2872	0.1395	-0.0963	-0.3377
-0.2312	0.2228	0.6720	0.2053	-1.4251	0.9138	1.3063	2.5511	-0.1641	-0.8924	-0.8374	-0.4264	0.5006	0.1068	0.0336	0.4344	1.8660	-0.5110	0.4292	-2.0833	0.3190	-0.5871	-0.6739	-0.8985	0.0941	-1.3103	-0.8826	0.2280	0.7655	0.0419	0.5472	-0.7556	-0.3377	0.3567	-0.9019	-0.7997	-0.6047	0.1616	0.1489	0.9690	0.5910	-0.7571	-0.1515	0.2472	-0.9902	-0.0418	-0.1135	0.2501	-0.7543
-0.4497	0.5066	0.6672	0.5098	-0.8569	0.1746	-0.2889	2.3660	-0.3663	-1.3979	-1.0486	-0.6963	0.7472	0.1863	0.2442	0.8173	0.1722	-1.4323	0.7806	-1.4877	-0.6051	-1.3865	-1.2713	-0.8491	-0.2666	-0.1231	0.7697	0.3614	1.3807	0.6894	0.6860	-0.6653	0.2008	0.9031	-0.0963	-0.8407	0.4185	0.4801	0.4630	1.0737	0.6647	-1.0147	0.2685	0.8153	0.1975	0.7219	0.6299	0.6977	-0.6196
2.2828	1.1600	0.6032	0.5264	0.3721	-0.9834	-0.3067	1.9311	0.0154	-1.0346	-0.7977	-0.3239	0.4388	1.1397	0.8337	-0.1901	-0.2531	0.7502	1.3247	0.2153	0.0308	0.8355	-0.7705	0.4933	0.3819	2.1292	0.4836	-0.4924	1.7836	0.7639	0.7912	-1.1760	0.5025	1.5765	0.7777	-1.2371	0.8141	0.5643	0.4750	1.1266	0.1556	-0.8254	1.0250	1.0366	-0.2885	1.4622	1.8156	1.5187	0.9716