IC05	IC08	IC09	IC15	IC16	IC17	IC18	IC19	IC20	IC23	IC24	IC26	IC27	IC29	IC31	IC33	IC36	IC37	IC38	IC41	IC42	IC43	IC44	IC45	IC46	IC47	IC48	IC49	IC50	IC51	IC54	IC56	IC58	IC60	IC62	IC63	IC64	IC65	IC66	IC67	IC68	IC69	IC71	IC72	IC73	IC74	IC75	IC76	IC77
-0.0297	-0.2324	-0.5520	0.9612	0.6978	1.4798	0.3809	0.4322	-0.4683	-0.2677	0.3963	-0.4203	0.0591	0.2344	-0.3052	0.8546	1.0232	-0.2748	0.2589	0.5407	2.1215	0.7668	-1.3635	-0.7075	0.8883	0.4738	0.8832	0.6105	0.7092	-0.2645	0.4671	-1.3237	0.9086	-0.2098	0.1734	0.1675	0.1066	2.0803	0.9072	0.2506	0.6111	-0.9898	0.6178	1.0064	0.7403	-0.9614	-0.9323	1.2773	-1.4414
-0.1066	0.0141	-0.3662	-0.0358	1.2447	1.2191	-0.6818	0.4944	0.6157	-1.4089	0.1354	1.0592	-0.1591	1.2457	0.4790	0.5442	1.2470	0.5288	0.7884	0.9565	1.3192	1.0573	-0.4481	-0.0428	0.4620	0.9909	1.5784	1.0185	0.6753	-0.4140	1.1609	-0.3987	0.7682	0.3707	0.2160	0.6673	0.3818	0.7168	0.9725	1.1802	0.2598	-0.5648	0.8150	1.1622	0.3191	0.5060	0.3627	1.0816	-1.3465
-0.2667	-0.1007	0.0083	-0.8396	1.9278	0.9698	-0.3388	0.5245	0.2428	-0.4082	-0.0189	0.4867	-0.3538	1.5423	0.2623	-0.0086	0.8976	0.5787	0.9004	0.6675	0.6753	1.3480	-0.3054	0.3366	0.8234	0.1033	1.3955	1.3848	0.4034	-1.1252	1.2187	-0.1596	0.7592	0.2948	0.5065	0.7672	-0.3472	-0.2017	1.5746	1.0278	0.2866	0.1570	0.6895	0.5797	0.1619	-0.3698	-0.0190	0.6231	-0.7923
0.1405	1.1509	-0.0844	0.0604	1.8283	0.7093	0.1636	0.6036	0.7377	0.2667	1.1608	0.6687	0.2912	-0.1903	0.6977	0.1100	0.9056	0.6304	-0.1870	1.0181	0.2907	1.2872	1.3160	-0.0310	0.0456	1.1074	0.9436	1.3016	-0.0159	-0.3559	1.4366	0.1398	1.8401	1.0986	-0.2387	0.2695	0.5075	0.5176	-0.0906	0.0101	1.7115	-0.0674	0.4127	1.3162	0.2744	0.9164	-0.0168	-0.2663	-0.2205
0.2467	1.5391	1.8943	0.1178	-0.0932	0.5196	-0.6530	0.5942	-0.3351	-0.6117	-0.1466	0.0328	0.7113	0.9324	0.1379	0.6744	1.1088	1.1890	0.6223	0.9027	0.7275	1.6368	0.2953	1.1115	-0.0599	0.4045	0.1919	0.3751	0.8892	0.3974	0.7402	0.3698	0.4685	0.6249	0.1687	0.5910	2.2282	-0.7047	0.1582	-0.3902	1.5893	1.0452	0.0089	1.3289	0.1904	1.8405	-0.4065	0.4482	-0.0078
-0.2467	0.6975	0.8824	0.7192	-0.5542	1.0076	0.2969	-0.2777	-0.1154	1.7327	0.6749	0.4726	0.9313	0.4329	0.2902	0.4799	-0.5512	0.5794	0.8609	0.6286	0.5803	0.8746	0.6561	1.7549	-0.8573	-0.5217	0.6697	1.4034	0.5305	-0.1022	0.4879	0.1841	-0.0309	0.8174	0.8881	0.3724	1.0462	0.8450	-1.2138	-0.2901	1.0414	-0.1386	0.6105	0.1544	-0.8799	0.3481	-1.8465	0.0128	-0.2488
-0.4018	0.9960	-0.1321	0.7458	0.1500	1.2907	0.4127	0.0631	1.6396	0.6117	0.6251	-0.0536	0.7540	-0.4246	1.4229	0.2708	-0.1868	0.8990	0.5610	0.9728	0.3085	0.7968	1.2569	-0.4231	-0.0720	-0.3435	0.9477	1.2904	0.4403	0.6245	0.8935	1.3551	0.5079	0.5983	-0.1801	-0.2528	-0.3482	0.5394	-0.9193	0.8899	0.7314	-0.4479	0.4156	0.3665	-0.6485	-0.6105	-0.5169	0.1783	0.1530
0.1559	0.5044	0.0383	-0.2022	-0.1341	-0.1355	0.1331	-0.2900	0.8159	0.5544	0.3979	-0.0082	-0.0609	0.1337	0.7432	-0.7818	0.5690	0.4932	0.3133	0.2634	-0.1753	0.8746	1.1088	0.7874	0.3111	-0.2931	1.7233	1.0903	-0.5914	-0.8696	0.1170	0.8269	0.3945	0.1904	-0.5334	0.3803	0.1605	0.2994	-0.5990	0.5384	0.9292	-0.2972	-0.1781	0.3486	-0.3837	-0.5831	0.4800	-0.0131	0.5995
0.0210	0.6154	-0.5921	-0.5531	-0.0112	-0.0616	0.7747	0.0524	-0.5413	1.2959	1.1674	1.0449	-0.7188	-0.5976	0.1480	-0.8022	0.9675	0.1627	0.1846	0.6127	-0.4600	0.4738	0.5669	1.6112	0.6124	0.9734	-0.1978	-0.2776	-0.5756	-1.0119	0.0559	-0.8395	0.6636	0.4384	-0.6030	-0.0975	0.3361	1.2867	-0.0063	0.3297	1.1157	0.0794	0.0308	-0.1183	-0.0914	0.0249	-0.6437	-0.5176	1.4539
0.4338	-0.2075	-0.1395	-0.5443	-0.2793	1.0405	0.8593	0.0258	0.4889	-0.0524	0.0462	0.5239	-0.0973	-0.8212	-0.2891	0.0397	0.9996	0.5535	-0.2575	0.9362	-0.6468	-0.0764	0.8751	0.9532	0.6635	0.2868	-0.4417	-0.8087	-0.8201	0.3932	0.1241	0.2426	0.1931	-0.1613	-0.5008	-0.0174	0.5482	1.3509	0.6579	0.3578	0.4145	0.0479	0.6736	-0.7694	0.4876	-0.3947	-0.4410	-0.6824	0.7819
0.3299	-1.3607	-0.3483	0.2260	-0.3252	0.9300	-0.3499	-0.2428	-0.0044	0.5620	0.3639	1.2976	0.0177	0.0673	-1.1492	0.0181	-0.8500	0.1060	0.0455	0.6975	-0.5329	0.0055	0.6551	1.2125	-1.1096	0.6614	-0.0649	-0.6207	-1.5337	0.1214	-0.1105	0.4387	-0.5157	0.1077	0.0236	0.2902	0.4431	-0.2801	-0.1939	-1.9838	-0.4049	-0.1935	1.4793	-1.2936	0.0733	0.0780	0.6435	-0.8348	-0.0413
0.3737	-1.4826	-0.4643	0.5454	0.3552	-0.0895	-0.2996	-0.0566	0.6233	0.4592	-0.1332	1.3709	0.6307	-1.1161	-0.7854	0.3512	-1.7268	-0.2677	-0.4569	0.1924	-0.7796	-0.6693	1.2925	-1.0743	-0.7357	0.5685	-0.8737	-0.9381	-1.2270	0.2563	-0.2427	0.9511	-0.3027	-0.2383	-0.0615	-0.6822	-0.6203	-0.4737	-1.8907	-1.9492	-0.8198	-0.5624	1.0507	-1.1064	-0.2874	-0.4593	0.9424	-1.1364	-0.9526
0.8295	-1.3900	0.4763	-0.1434	0.9568	-0.9158	-0.7456	-0.3125	0.5027	-0.2106	-0.8932	0.7334	0.3010	-0.0402	-0.0327	-0.3344	-0.9119	0.3659	0.5450	0.3073	-0.5024	-0.1188	0.4870	-0.7699	-0.3591	0.6166	-0.9336	-0.2633	-0.5524	-1.3984	-0.2986	-0.1579	-0.2349	-0.4085	0.4348	-0.2476	-0.8424	-0.3032	-1.8166	-0.3988	-1.6200	0.1729	0.0372	-1.9806	-0.9486	-1.5157	0.0224	-0.9616	-0.9473
0.7367	-0.2642	-0.6467	0.9279	1.5007	0.3669	-0.5101	0.5871	-1.0662	-0.3967	0.1756	0.7973	-0.4658	-0.7337	-0.4544	0.0685	-1.3694	-0.1418	0.5066	0.7461	-0.6868	-0.2903	0.0281	-0.1389	-0.6539	0.8766	-1.8249	-0.3639	-0.2677	-0.3962	0.6747	-0.4384	-0.1087	-0.1221	0.2207	-1.3874	-0.7972	-0.4871	-1.7630	-1.1280	-0.4758	0.3168	0.6338	-1.9706	-1.0542	-0.3159	-0.0087	-1.2743	0.0548
-0.5665	0.8873	-1.4255	1.1396	0.8835	0.6791	-0.2634	0.5167	0.0873	0.0795	-0.5923	0.7257	-1.2069	0.3686	0.5456	-0.4314	-0.3529	0.1266	1.0668	1.0382	-0.0880	-0.0833	0.8731	-0.6824	0.4157	1.4786	-0.6180	-0.3497	0.3368	0.5941	0.6413	1.0007	0.0990	0.4253	-0.2180	-0.9516	-0.9984	-1.2252	-1.2412	-0.1928	-0.0372	0.7318	0.7901	-0.3817	-0.5573	0.4715	1.3309	-0.6084	1.3491
-0.4132	0.7737	-0.7544	-0.3692	0.4883	0.2182	-0.3703	0.5539	0.7479	0.2921	-0.1075	-0.3262	-0.7621	-0.0298	0.8579	-0.5036	0.6863	0.5304	1.1080	0.4243	0.2740	0.2459	0.1335	-0.0754	0.5017	0.0845	0.2925	0.8992	-0.2782	-0.9595	0.9164	0.7417	0.4677	0.3017	-0.5287	-0.1258	-0.1314	-1.1316	-0.3176	1.0552	0.4083	0.6355	-0.3622	0.2334	-0.2092	-0.6863	0.0694	-0.3532	0.9592
0.5107	2.0156	-0.3925	0.1332	0.3447	-0.4052	0.5077	0.1159	-0.4441	-0.1447	1.3537	-0.1787	0.1190	-1.0380	1.3708	1.3948	-0.1528	0.2081	-0.4624	0.0846	-0.2297	0.5818	-0.3177	0.2100	0.6886	-0.2670	0.3558	1.6675	-0.2753	0.3653	0.5547	0.2401	0.7499	1.0747	-1.1477	-0.2646	1.1560	1.2457	0.7885	1.3384	2.3581	-0.3526	0.8317	0.9765	0.0631	0.3601	0.5815	0.2964	0.6913
0.6596	2.3690	-0.5878	0.2044	0.6364	-0.7328	0.4305	0.5118	0.1375	0.5977	-0.1667	0.4987	0.2926	-1.3776	1.4738	1.3876	0.1519	0.8446	-1.9520	0.1541	-0.4768	0.1795	1.4818	-0.7590	0.9566	0.9599	-0.1156	0.9945	-0.6778	1.2454	-1.8020	0.4529	1.4821	0.5735	-1.4633	0.1748	1.0164	1.8431	0.3518	-0.0665	1.7470	-1.2040	0.8196	1.7344	0.0231	2.8684	1.2715	1.0857	1.7912
0.7221	1.7287	0.6801	-0.2600	-0.5650	-0.1311	-0.4775	0.4289	-0.8747	0.9177	0.3683	-0.9651	0.6284	0.0191	1.4652	1.8766	-0.4546	1.2075	-1.5615	-0.6165	0.5249	0.3079	0.1001	0.2217	0.5493	0.5885	-0.7470	0.3064	-0.2247	0.6691	-1.5365	-0.2899	0.8612	-0.6565	-1.0274	0.5328	1.3685	0.5132	1.1873	-0.7423	1.1671	-0.0205	0.5883	0.9703	0.7674	2.1294	0.7599	1.7271	0.7762
0.9321	0.4207	1.0505	-0.7388	-1.9792	-1.5153	2.5240	0.3995	-0.4982	1.8666	0.6476	-0.5005	1.1483	-0.2626	0.5931	1.5773	-1.8360	0.9814	-2.3447	-1.7220	0.0800	-0.4497	-0.2423	0.4177	-0.6690	0.0136	-0.5163	-1.5816	0.1485	1.6448	-0.6681	-1.3693	0.3581	0.1152	-0.4904	0.0336	2.1032	0.2062	1.4454	-1.1718	-0.1740	0.5270	1.2941	-0.4552	2.0377	1.7246	0.6702	1.6003	0.0177
0.3372	-0.9885	1.4233	-0.6021	-4.2255	-1.8417	0.8379	0.8595	-1.3061	0.2618	-0.4677	-1.0778	-0.1510	-1.3236	-2.0320	1.0538	-1.3728	0.6261	-1.7225	-2.3779	-0.2554	-0.7733	-0.1946	0.9048	-0.4498	-1.8929	0.6162	-2.1076	-0.3410	-0.1067	-0.6057	-1.9491	-0.7700	-1.0874	0.3707	-0.3178	0.8880	-0.9227	1.0451	-0.8814	-1.3056	-0.2646	0.8395	-1.6274	2.7246	0.3488	0.3141	0.9326	-1.0625
0.3593	-0.4734	3.0143	-1.9111	-3.5903	-3.2665	-1.6978	0.2753	-1.4128	0.6301	-0.8788	-2.2073	-0.9370	-0.2616	-1.2634	-1.4341	-0.9247	0.1720	-0.8700	-2.7261	-1.1574	-1.5254	-1.4408	-0.6100	-0.7990	-2.0287	-0.2470	-1.9720	-0.2880	-2.2881	-1.4290	-1.0458	-1.4300	-2.4917	-1.1176	-1.6368	-0.1864	-0.8422	0.1891	-0.8850	-0.4298	-0.4144	-0.8787	-0.7921	0.0216	-0.7883	0.6201	0.2501	-0.1559
0.7415	-1.1636	2.6114	-1.4208	-2.3960	-1.9943	-2.9040	0.7401	-2.0937	0.6779	-1.5584	-2.1740	-0.2450	-0.4120	-2.3689	-1.2218	-1.2575	-1.4610	-0.9819	-3.3472	-0.9425	-2.1791	-2.1484	-0.2683	-2.0730	-1.8097	-1.6515	-2.3717	-0.2698	-0.9473	-2.5252	-1.3186	-2.8703	-3.4325	-0.1491	-2.5049	0.6896	-2.0294	-0.8147	-3.1612	-1.0676	0.1119	-2.5046	-0.0770	-1.3121	-0.1986	-0.0073	-0.7832	-0.3937
-0.1965	-1.6400	-0.0099	-0.7633	-2.3314	-1.5115	-1.7739	1.1902	-1.0816	-1.9571	-1.8884	-2.6877	-0.5118	-1.4481	-1.7746	-1.0486	-1.6012	-1.8205	-0.9238	-3.0044	-1.1248	-2.6850	-1.9859	-1.7969	-1.5766	-1.8500	-2.3691	-2.8016	-0.0867	0.1222	-1.1199	-0.4554	-2.7019	-2.8292	-0.4621	-2.3385	-0.4108	-1.1028	-1.0510	-0.4344	-2.0699	-0.0473	-2.6155	-0.6953	-1.7042	-1.5117	-0.1116	-0.8400	-0.6117
0.1741	-2.2454	-1.7979	-1.1862	-2.2169	-1.2979	-2.0871	0.5707	-0.6442	-2.6117	-2.1293	-2.9060	-0.6068	-1.1562	-2.1849	-1.7568	-1.7924	-1.8552	-0.7747	-2.5004	-1.0852	-2.7302	-2.0373	-1.4724	-1.1557	-1.8858	-1.3951	-2.1772	-0.7385	-0.3815	-0.7126	-0.4979	-2.4121	-2.2362	0.2110	-0.9662	-0.6768	-1.8089	-0.6911	0.5137	-2.0785	-0.4406	-3.4820	-0.6871	-1.2873	-1.5593	1.0869	-0.5946	-1.2257
0.9325	-1.5749	-2.2610	-0.4121	0.0814	-0.4282	-1.3053	0.7166	-0.3468	-2.1580	-1.3866	-1.6493	-0.2116	-1.3659	-2.2681	-0.9715	-2.4618	-2.2879	-0.6499	-1.4734	-1.4749	-2.6473	-0.8416	-2.2761	-1.1997	0.1378	-0.9335	-1.1700	-1.1113	0.4948	-0.4482	-0.8260	-2.2584	-0.7254	0.1836	0.2744	-2.1037	-1.5419	-1.0428	-1.0956	-1.7152	-0.8588	-2.2116	-0.2426	-1.2782	-0.6179	1.2399	-1.2321	-0.2379
0.3828	-1.7983	-1.4042	-1.3196	0.1997	-0.7801	-0.5388	0.0102	0.3320	-1.7594	-0.9417	-1.5523	-0.7429	-0.8990	-0.8204	-1.8101	-1.5769	-0.8565	-0.0280	-1.6451	-1.3825	-1.4808	-0.8384	-2.1965	-0.1199	0.2443	-0.9691	-1.0846	-0.9012	0.1990	-1.0832	-0.2500	-0.8147	-0.7925	-0.3687	0.5616	-1.8648	0.2210	-0.8316	-0.0273	-1.5392	-0.4100	-1.1551	-0.7562	-2.2242	-1.9406	1.0273	-0.7258	-0.3188
0.3462	-1.9170	-1.4069	-0.3607	1.3373	-0.3866	-0.5526	-0.0570	-0.0629	-1.6660	0.2616	-1.1862	-0.3382	-1.6332	-0.6512	-1.1033	-1.0321	-0.8618	-0.2422	-1.2526	-0.3989	-0.6315	-0.3008	-0.8911	0.2694	-0.5711	-0.8119	-0.7389	-0.6391	-0.0879	-0.6567	-0.3105	-0.1081	-0.2775	0.0877	0.2760	-1.6198	0.4756	-0.8210	-0.3880	-1.2566	-0.4076	-0.7789	-0.8660	-1.3003	-1.1841	-0.2677	-0.7039	-0.7109
0.0711	-0.7278	-0.7851	-0.3057	1.7292	-0.4534	0.0602	-0.2579	0.3825	-1.8468	0.2707	-0.4963	-0.3964	-0.9304	-0.1556	-0.4907	0.1666	-0.0930	-0.5407	0.0452	-0.6441	-0.1296	-0.0457	-0.8326	0.8959	1.0037	0.2457	0.2026	-0.1941	0.0409	-0.3581	0.4143	0.3686	0.9169	-0.0081	0.4346	-0.4583	-0.0493	-0.6377	0.1431	-0.9881	-0.7685	-0.9297	-0.1221	-0.5075	0.2342	0.2596	-0.5635	-0.4636
-0.6128	-0.3232	-0.3815	0.0141	1.4207	0.1822	-0.0469	-0.1034	-1.0711	-1.1396	0.5482	-0.2897	-0.4539	-1.2549	-0.4132	0.1023	0.6473	0.0613	-0.8754	-1.0981	0.0315	-0.0936	-0.0483	-1.0921	1.1112	-0.5063	-0.6254	0.3210	-0.3905	-0.2698	-1.0101	0.2632	1.2701	-0.0998	-0.3000	-0.2133	-0.3650	-0.0320	0.0046	0.4460	0.3199	-0.4747	-1.0411	0.4429	0.2018	-0.2938	-0.4810	-0.9723	-0.1072
-0.0685	0.2290	0.0298	0.4610	1.0130	1.2062	0.5818	-0.0471	-0.6225	-0.9519	0.1589	0.5948	-0.0355	-1.6366	-0.1157	0.0606	1.1221	0.3375	-1.2805	0.2999	-0.8579	-0.5097	0.2076	-1.1543	2.2133	0.1325	-0.8817	0.6523	-0.7757	0.5286	-0.9688	1.2383	1.3292	0.3057	-0.8083	0.4907	0.2002	-0.2222	-0.1438	0.6048	0.4513	-0.1022	-0.7821	0.9191	0.6591	-0.3774	-0.4647	-1.0925	0.7308
0.3070	0.1321	0.1827	0.2276	-0.2777	0.6620	0.0402	-2.3787	-0.4742	0.0301	0.2985	-0.1301	0.7595	0.2273	-0.0174	-0.4567	1.4672	0.1324	-0.4548	0.1052	-0.5673	-0.2938	-0.5226	0.2958	2.0624	-0.7817	-0.6781	0.2342	-0.1101	0.4471	0.0673	1.2736	0.5543	0.8983	0.2285	0.8473	0.5715	-0.8827	0.1499	1.0270	0.2724	1.4651	-1.7276	1.0759	1.0798	-0.2887	0.1535	-0.2491	0.0353
-0.5617	0.7128	-0.5649	3.3151	0.5200	0.8715	0.8148	-2.4680	0.9756	0.3630	-0.0462	0.8956	1.1449	0.5431	0.4198	0.4870	2.2440	-0.2523	-0.3830	1.1867	-0.2755	-0.3043	2.8646	0.7471	0.8359	-0.2744	0.2918	0.6174	0.5952	2.5760	0.5740	1.2553	0.4858	0.7664	1.4049	1.2396	-0.2656	-0.5280	0.2142	0.8341	0.2380	0.9014	-0.4927	0.6364	1.5533	1.3932	-0.8876	0.0149	0.3139
-1.0022	1.2335	1.3184	1.2469	0.3223	0.1537	3.6128	-0.6449	0.8124	1.9656	-0.6740	0.6938	-0.0395	4.0148	1.9676	-0.1464	2.3289	-0.6954	1.0242	1.6125	1.3482	1.6920	1.0265	0.1104	1.4647	0.4843	1.5133	1.3451	2.4048	2.1634	1.1313	-0.2581	-0.5789	2.7290	1.8731	3.2815	-1.0920	0.6910	4.0983	2.7426	-0.4545	2.7257	1.0853	0.7161	1.9147	1.0635	-0.6302	2.1180	1.7084
-0.9250	1.3882	1.1173	1.2430	-0.4551	1.1964	3.1221	-0.7993	0.6346	0.6077	0.6141	0.8329	0.8683	2.9458	1.8393	1.0272	1.5834	-0.6667	1.6271	1.2529	2.5723	1.9710	-0.6799	0.1917	1.6250	-0.1010	1.5002	1.8270	1.8984	1.3923	0.3266	-0.1076	0.0319	1.3952	2.1571	3.1181	-1.6526	-0.9383	2.6749	1.5677	-0.0345	2.1822	1.1414	0.7918	2.9594	0.4096	-1.8579	0.6075	0.5323
-0.5075	2.0975	0.7253	2.4079	1.4621	0.4798	2.5014	0.0921	1.7331	1.4616	-1.1760	1.4458	0.9879	2.2527	2.9484	0.3999	1.7072	1.5645	1.6809	1.5097	3.1236	2.6383	0.7520	1.0422	1.7334	0.4489	0.6461	0.6212	1.4038	0.5983	0.5916	1.6214	1.5531	0.6073	0.5198	1.4337	-1.7128	-2.5893	0.3252	1.1609	0.0096	3.1292	-0.1850	1.8632	2.3106	2.1569	-0.8098	-0.3372	-0.0282
-1.1415	2.0212	0.5939	1.6471	1.2889	-0.6651	1.5910	-0.4299	1.5694	1.4080	0.5637	0.1246	0.2443	2.6832	1.6711	0.4271	1.8473	0.1209	1.3633	1.5548	0.9113	1.0894	-0.2788	2.1058	0.6309	0.1191	1.5739	2.2524	1.0829	0.9001	1.2651	1.9276	0.9356	1.6019	0.2182	0.2658	1.0879	0.2487	1.2982	1.3744	0.7056	1.6798	0.4415	0.0078	-0.3828	0.5919	-0.8400	1.0633	0.6988
-0.8329	1.3741	0.6016	-0.0864	0.9452	0.1287	1.1802	-0.1183	0.5322	1.7560	2.1411	-0.8220	0.0440	1.8966	1.5540	0.1746	1.4122	-0.4879	1.9774	1.6155	-0.2919	1.4986	-0.2646	2.4719	0.3314	0.2358	-0.0064	2.3066	1.2551	-0.1435	1.5317	0.9467	-0.2273	1.5499	0.4090	0.1669	0.5282	0.7395	1.7520	1.6996	0.4764	0.8621	0.8744	-0.3519	-0.8585	-0.7468	-0.7427	1.5689	0.7789
-0.6614	0.6146	0.4152	0.6293	1.0583	1.0343	0.5310	0.2124	0.3644	1.5931	2.9758	0.5829	0.5885	0.8456	1.8086	1.7481	1.6242	-0.3935	1.5929	1.5828	0.2031	1.4420	0.8527	1.9361	-0.1976	1.1355	-0.1933	1.8740	1.4874	0.3273	1.4783	1.4707	1.4627	2.7719	0.3698	0.0357	0.8540	2.2991	1.1011	1.1018	0.1575	0.8763	0.3514	0.3777	-0.8528	-1.0022	-0.9221	0.4374	-0.1426
-1.5602	-0.2398	1.3857	1.6136	-1.0616	0.7627	-0.2760	-1.0318	1.1588	0.5514	2.5223	0.8777	1.3473	2.2797	1.3741	2.6385	2.6873	-0.0130	2.1318	0.4894	1.3688	1.3880	1.2206	2.5699	-0.0568	-0.3158	2.2659	1.7483	1.5712	0.9097	0.2942	1.9765	1.1245	1.3156	1.9038	1.7608	0.9692	1.5498	0.6711	1.1273	-0.4445	1.0211	-0.5146	0.4913	0.8782	-0.7127	-1.6591	0.7720	-1.3310
-1.5501	-0.3807	-0.8029	0.8099	-1.8825	0.2319	0.8952	-0.2157	0.6830	1.7498	2.2565	1.6568	0.6582	1.5288	0.3313	1.2651	1.2534	-0.9318	1.9793	1.3794	0.9585	0.0517	0.0065	1.7158	-0.5579	-0.0074	0.2884	0.0456	1.8530	0.0573	1.2555	1.2452	1.0328	1.7588	0.5802	-0.3053	0.4763	1.2849	0.7017	1.5210	0.0044	-0.2727	0.4502	0.2309	0.4569	1.1026	-0.1762	0.8782	-0.9694
-1.2190	-0.4166	-1.3741	-0.1975	-2.6483	-0.8359	-0.0641	-0.5693	0.7123	0.2616	0.8974	1.0723	0.0171	0.2417	-0.7459	0.4130	0.0086	-1.4711	0.8905	0.2127	0.3693	-1.3865	-0.6231	0.4253	-1.5921	-0.4068	0.3198	-0.6870	1.4843	-0.0011	1.8511	0.7579	-0.2381	1.3856	1.1510	-1.1722	-0.0216	0.0387	0.2718	0.8000	-0.7010	-0.7143	0.2834	-0.7170	0.1090	0.2584	0.6007	-0.0859	-1.0097
-1.7103	-0.6053	-0.3579	-0.9902	-2.5003	-1.3502	0.0298	-0.8777	0.3151	-0.3535	0.3268	-0.3384	-0.7716	0.9380	-1.2533	-0.6719	-0.8775	-2.0981	-0.0339	-0.4596	-0.5103	-1.7286	-1.9531	0.5767	-1.6771	-1.0827	0.4895	-0.8391	0.6524	0.6895	0.9589	0.1568	-1.9498	0.0435	1.5028	-1.4003	0.1447	-0.3319	-0.0420	-0.3151	-0.9638	-0.7876	-0.1336	-1.8866	-0.4303	-0.5380	0.4610	-0.7978	-0.6020
-1.7116	-1.4488	-1.3391	-1.4688	-1.5750	-1.8935	-1.0384	-0.4497	-0.8871	0.2770	0.0856	-0.7935	-2.2100	-0.6548	-1.8602	-1.0425	-2.0447	-2.3940	-1.2165	-0.6154	-1.1135	-1.9269	-1.4561	1.0707	-1.2253	-0.6527	-0.7209	-1.9098	-0.6234	-0.2497	-0.7464	0.5116	-1.7156	-0.9755	0.7781	-2.0935	-0.4767	-1.2908	-1.6684	-1.8139	-1.6981	-0.7677	-1.0712	-1.6768	-0.6530	-0.9782	1.1784	-1.7348	-0.6907
-1.5613	-2.1786	-1.1449	-1.5936	-0.3334	-1.9294	-1.6966	-0.3688	0.0120	-1.3466	-1.3193	-1.5065	-2.5039	-0.5753	-2.4673	-1.1362	-1.1824	-2.2406	-1.0032	-0.9080	-0.8218	-1.8924	-1.9042	-0.1803	-0.8913	-1.2199	-0.4669	-1.7677	-0.3511	0.0030	-1.4806	-0.2540	-1.9345	-2.3108	0.8685	-1.4183	-1.4306	-1.4970	-1.2614	-2.2353	-2.1348	-0.5332	-1.7899	-1.5666	-0.3844	-1.4046	-0.0427	-0.7259	-0.8258
-1.5126	-1.7226	-2.0802	-2.2154	-0.2265	-3.2211	-0.7458	0.3495	-0.8245	-0.7175	-0.7834	-0.0989	-3.1770	-1.0451	-2.7577	-1.1568	-2.2316	-3.1881	-1.4986	0.4998	-0.4637	-2.5513	-2.8079	-0.1913	-1.4817	-0.3195	-1.8349	-2.3971	0.3715	-0.9238	-1.7976	-0.9532	-1.7909	-1.8116	0.5716	-1.7503	-1.2587	0.0217	-1.4439	-2.8883	-1.9091	-1.7896	-0.8046	-1.4802	-0.7940	-0.9962	1.0873	-0.5435	0.3615
-3.4936	-1.0381	-2.3500	-1.7903	-0.7363	-3.1299	-0.6388	-1.2978	-0.6364	-1.5409	-2.8906	1.4063	-0.2933	0.2625	-1.9697	-2.1927	-2.0851	-1.6170	-1.4593	0.7243	0.1539	-2.5308	-1.9375	-1.6213	-2.1738	-1.3596	-1.4011	-2.5699	0.8633	1.1602	-1.6888	-2.7663	-1.5754	-2.5337	1.1905	-1.3335	-0.9374	1.1881	-0.6843	-0.5815	-1.4483	-1.6946	-0.4354	-1.1273	0.1540	1.2585	0.1453	0.3104	0.3804
-3.2016	-1.5743	-1.7265	-0.5747	0.4730	-2.1991	-1.8418	-2.0483	-1.3772	-1.6050	-2.3022	1.2124	0.1307	-0.2309	-2.2185	-2.1624	-1.8297	-1.5988	-1.6294	0.5078	0.2682	-2.2312	-1.7391	-1.5801	-2.3534	-1.2250	-1.5492	-1.9777	-0.2233	1.0314	-1.3465	-4.0558	-1.3938	-2.6350	-0.0487	-1.8522	-1.6066	-0.1763	-1.0417	-1.0273	-2.0026	-1.7426	-0.8099	-1.5505	-0.2007	0.2425	-0.4451	0.1653	0.7279
-1.7472	-0.9550	0.9071	-0.8797	-0.0293	-1.8068	-1.0711	-1.4897	-0.1096	-2.1733	-2.0583	-0.8232	-1.2039	-0.1483	-0.9549	-1.3086	0.9194	-1.4968	-1.0986	-0.0808	-1.2526	-2.1212	-0.7339	-0.3309	-0.9688	-0.4553	-1.1913	-0.5403	-0.8673	-0.3192	-1.0872	-1.3322	-2.6967	-2.4396	-1.2102	-0.0373	-1.7330	-2.0219	-0.2174	-0.1335	-1.5960	-1.4075	-1.2860	-0.9691	-0.3321	-1.2403	-0.1083	0.5208	0.4397
3.3696	-0.5924	2.2461	-0.8173	1.7906	2.6340	1.7549	0.8248	3.0299	-3.4235	-2.5950	1.7156	-1.4476	-0.2102	0.1321	-0.6859	3.3264	3.5792	2.5413	1.8190	-0.5110	1.1967	1.6088	-0.6750	0.6195	-0.3953	-1.1249	-0.1439	-0.4932	-2.3473	-1.5476	0.9317	-0.6506	-2.4224	-1.1603	-0.3419	-0.7215	-3.6053	-0.4542	0.7801	-0.0279	-1.1597	-0.1218	0.6474	-0.2307	-0.9553	0.9411	0.3610	1.4766
2.3730	-0.2619	1.6899	-0.3697	1.9609	2.2025	-0.1796	-0.4385	-0.9598	-2.3915	-1.6538	0.3639	-1.0012	-0.3648	1.4739	-0.5574	0.0079	1.3653	1.0769	-0.0339	-0.6893	0.6558	0.7400	-1.5623	-0.2361	0.5379	0.9441	-0.1305	-0.1077	-1.7779	-0.6949	-0.1142	-0.3049	-0.3115	-1.5037	0.4626	-1.1480	-0.7336	-0.3464	0.0363	1.0829	-0.0235	0.6425	1.0594	-1.0447	-0.5136	0.1459	0.2094	1.3262
1.8677	0.1627	1.9000	-1.2315	1.5937	0.3109	-0.1449	-0.4520	-1.3091	0.0116	-1.2352	0.6433	-1.0192	0.4940	2.3501	-1.1705	-0.8608	0.4112	0.0921	-1.8891	-0.5059	0.6344	0.5701	-2.0849	-0.6314	1.1464	1.1235	0.4099	-1.1932	-1.9549	-0.0743	-0.7209	-0.1677	-0.4388	-1.4413	1.2769	-0.6939	-0.1549	-0.4557	0.3676	1.4171	-0.2959	0.2645	0.7400	-1.4193	-0.0212	-0.5519	0.6246	1.2264
1.6432	0.9142	0.3831	-0.0037	1.2944	1.8518	0.5920	-0.1965	-0.6394	1.0276	-1.2651	-0.0993	0.6913	-0.3384	2.0097	0.4777	-1.3238	0.2013	-1.0010	-1.9607	0.4868	0.7063	0.7351	-1.5662	-1.1423	0.1664	0.8326	1.0138	-1.9169	-0.1056	0.0059	-0.1128	0.7090	-0.6355	-1.6256	1.0667	-0.2418	-0.5390	-1.4055	-0.7356	2.0190	-1.1027	0.7418	1.7946	-0.6154	0.6639	-0.0409	1.1559	1.9099
1.7036	1.3639	-0.2845	-0.5659	1.5503	1.6317	0.5881	-0.3747	0.7320	0.3011	-0.1262	0.0941	0.6859	-0.5363	1.5024	-0.0077	-1.1085	0.9349	-0.7322	-0.3398	0.1271	0.6717	0.4718	-1.9796	-0.9661	0.8227	0.7011	0.6006	-0.7280	-0.4353	-0.1345	-0.3252	0.6291	1.0422	-1.6419	1.0140	0.5764	1.1418	-0.7996	0.0599	1.4939	-1.0115	0.9652	1.9818	-0.8685	0.2214	0.2771	1.1754	2.4659
1.8106	0.8371	0.0048	0.1539	-0.0671	1.0574	0.6148	-0.5647	0.4779	0.3496	-0.5793	-0.8926	0.2074	0.7239	-0.6475	-0.1924	0.2041	1.0730	0.0518	0.3310	1.6946	1.5865	-0.8813	-1.0423	-0.1402	0.4474	2.1357	0.4698	0.0185	-0.7120	0.5266	-1.7754	0.1143	0.4825	-0.5196	1.6427	0.6777	0.4481	0.6170	0.0214	0.9377	0.5055	0.0220	1.7162	-0.1924	0.0433	-0.6757	1.5559	2.0845
1.7098	0.6321	-0.3416	0.2176	-0.4353	1.4802	-0.0508	-0.3328	-0.0365	0.6079	0.5739	0.2390	0.4477	0.6338	-0.3260	0.1575	0.1870	1.5977	0.9367	-0.1640	1.6534	1.4878	-0.8104	-0.3202	-0.6841	0.6877	1.6494	-0.7005	0.5513	-0.8965	1.1768	-1.3159	1.0280	1.1770	-0.6815	0.6092	0.4722	1.2164	1.0087	-0.2005	0.8524	0.4792	0.6639	1.8927	-0.0807	-0.2441	-0.4659	0.9109	0.9761
1.3847	0.0062	0.2189	0.0763	0.7718	1.9816	0.2387	-0.1776	0.8784	0.0720	0.1148	0.1643	0.6210	0.1347	-0.2648	-0.4783	0.3857	1.9790	1.5404	-0.3514	2.4850	1.6493	-0.7034	-0.2138	-0.1106	0.0669	2.1205	-0.6842	1.2019	-0.1063	1.3177	-2.3298	0.4136	0.9890	0.4589	0.5902	0.9261	1.3230	1.3042	1.1718	0.5515	0.4383	0.2617	1.0144	0.2560	0.6126	-1.5973	1.2503	-0.0456
1.3931	0.0541	0.2407	-0.2196	-0.0842	1.8660	0.7228	0.2111	0.3384	1.4773	0.6651	0.0459	0.5466	1.1267	-0.9765	0.1815	-0.9918	1.5045	1.4133	-0.3249	2.2789	1.0980	-1.1670	0.8144	-0.3655	0.7655	1.8096	0.5105	1.0515	-0.0388	1.0694	-2.4494	0.5796	0.6442	0.3679	0.2604	1.6499	1.3702	1.6117	0.7228	0.5854	0.1782	0.9541	-0.9646	0.9718	-1.3181	-2.0445	0.9670	-0.6443
0.7819	-0.1621	0.1781	0.3223	0.9389	1.0348	0.4872	0.2569	1.4064	0.3814	0.6791	0.4025	0.2598	0.9020	0.1666	0.2763	-0.9154	1.9013	1.5288	-0.7658	1.9211	0.7562	0.7235	-0.6625	0.6444	-0.5337	1.0013	0.1048	0.8945	-0.6520	0.4937	0.0511	0.6254	0.7224	0.2649	-0.2476	0.4072	1.1053	0.9341	-0.0229	0.6504	0.0285	0.5266	-0.4404	0.6213	0.5393	-0.1254	1.0543	-1.3467
0.6079	-0.0194	-0.2985	0.8990	0.4047	0.7928	0.7997	-0.4622	0.1497	0.5405	0.9704	-0.1666	0.9855	0.3654	0.2542	0.5196	-0.7467	1.2501	0.2597	-0.8043	0.7370	1.1428	0.9505	0.2659	0.4286	-0.1796	0.0797	0.3113	-0.1937	-1.2127	0.3699	-0.5516	0.6952	0.5047	-0.1956	-0.5819	0.2420	0.9956	0.4311	-0.7990	1.1544	-0.2352	1.1630	-0.3411	1.2928	-0.4607	-0.2395	0.1726	-1.3437
0.8449	0.0517	0.1899	0.5844	1.1165	1.7905	0.8077	0.0620	-0.1249	0.6734	0.4958	1.0449	1.6632	-0.2379	0.2051	0.4514	0.9299	1.0064	-0.6006	0.0605	-0.4685	0.8509	0.5706	0.0122	0.6169	0.3755	-0.3477	0.7068	-0.3682	-0.2765	0.4228	-0.1225	0.8570	0.7313	-0.3441	0.1803	0.8055	1.2468	0.5496	0.6025	0.4899	-0.1436	1.3257	0.1701	1.1420	0.1267	-0.0171	-1.0060	-0.9827
0.3966	-0.3676	0.1594	1.0049	0.6449	2.3110	-0.6627	0.0249	-0.7220	1.3151	0.2198	-0.0460	1.7506	-1.0074	0.0909	0.5945	1.2906	0.2142	0.1860	-0.3611	-1.0966	0.7667	0.2476	1.0555	0.7252	-0.3321	-0.4508	0.8663	-0.7842	0.0399	0.4226	-0.4519	0.8617	0.0239	0.1071	0.4052	0.3851	0.2606	0.3245	-0.0433	0.3759	-0.2075	0.8355	0.5526	1.0135	0.8093	-0.4636	-1.5835	-1.5323
0.8002	-0.1248	1.1905	0.7817	-0.0225	1.1284	-0.1772	0.1602	-0.1664	0.2106	0.2129	-0.2797	1.4908	-1.1269	1.2370	1.0399	1.9045	1.3615	0.3184	-0.1724	-1.7167	0.8028	1.1354	-0.0395	2.0359	-0.4982	-0.1816	0.5005	-0.1890	0.1091	0.4307	0.4119	0.6504	0.1397	0.2089	0.7157	-0.0874	1.4405	0.7379	-0.0389	0.2553	0.8093	1.0110	0.9987	0.4678	-0.1925	0.0238	-1.7002	-1.1198
0.8241	-0.2226	0.3987	0.6720	-0.4485	0.1926	-0.5855	-0.0985	-0.2741	0.2937	0.5778	0.2363	0.6214	-0.9516	0.4353	0.4155	0.7228	0.1863	-0.4455	0.3484	-0.9982	0.5946	1.0280	1.3238	0.9095	0.3305	0.0157	0.6292	-0.8268	-0.6697	0.2382	0.4246	-0.2681	0.5381	0.3124	0.3431	0.5679	0.6926	-0.3337	0.0132	0.2635	-0.1140	1.1532	0.1873	0.2198	0.5971	0.4320	-1.5904	-0.8972
0.8457	0.4890	-0.3717	0.3690	0.3494	0.8297	-0.5268	0.5204	0.2409	0.5112	1.1858	1.6086	1.4969	-1.1992	0.9519	0.6794	-0.1003	-0.0386	-1.0886	0.8146	-1.5098	-0.1244	1.2379	-0.9246	0.5897	1.4631	-0.5655	0.9573	-0.7050	-0.1775	0.4830	0.6874	0.0600	1.2294	-0.3806	0.1171	0.0905	0.9339	-0.6354	0.6598	0.1936	-1.4791	1.6317	0.8346	1.1092	0.9080	0.4136	-2.6544	-1.1382
1.0655	0.0770	0.7791	0.6257	-0.7938	0.4733	-0.8539	0.4607	-0.3663	0.8451	0.3521	-0.2605	1.4861	-0.7858	0.0347	0.3700	0.9319	0.3436	-0.4389	0.0231	-0.3329	0.4502	0.9147	-0.2640	1.1693	0.3058	0.0620	0.4637	0.0177	-0.2692	-0.4414	-0.1137	-0.7010	0.3407	0.1521	0.3435	0.1890	0.3441	-0.4702	0.1351	0.2656	-0.1765	0.2113	1.1264	-0.1571	0.8317	0.5899	-1.6934	-1.4421
1.4980	0.4769	0.7456	0.0588	-0.1956	-0.1724	-0.1217	1.2282	-0.3793	0.8252	0.9671	2.1656	0.6038	-1.3882	0.7420	0.8243	-0.2726	0.7903	-0.2841	0.7364	0.3184	1.2572	1.0137	-0.5546	0.6603	-0.1106	-1.1548	-0.4000	0.9453	-0.2209	0.5563	-0.4843	1.1698	0.8993	-0.1501	0.5692	-0.1329	-0.0723	0.6535	0.3282	0.5020	0.6591	1.0117	1.2590	-0.0046	1.0059	1.8784	-1.6233	-0.5788
0.2804	0.3280	1.5093	1.1288	0.4410	0.2563	-0.5570	0.0692	0.8093	-0.5211	0.6645	0.2784	0.7886	0.3198	0.2208	0.7322	0.8111	0.5107	0.0499	1.8292	-0.9798	0.1504	0.7102	0.4631	2.0543	0.1065	0.1132	1.0444	-0.4887	0.5451	-0.0270	1.4231	0.8104	0.7492	0.1855	0.4145	0.8931	-0.2675	1.4129	0.7706	1.1938	0.5188	0.7181	0.5300	-0.1131	1.4375	0.6291	0.3522	0.0473
-0.5185	0.9523	1.3589	1.3478	-0.3425	0.7270	-0.7064	0.6626	-0.3753	1.5707	0.6703	0.6939	1.6300	0.4439	0.8786	0.0387	-0.1055	1.6872	0.1885	-0.5334	-1.1661	1.0713	1.6889	2.8253	1.2500	1.0450	0.5540	0.7360	-1.1273	0.1223	-0.1734	1.4306	1.2186	0.4132	0.0866	-0.1898	0.7429	0.1817	0.4479	-0.1500	1.5987	1.2995	-0.0462	0.7009	0.0065	2.0360	-0.8105	0.8402	0.5296
-0.0932	1.2899	0.0663	0.7260	0.4976	-0.1776	-0.0334	1.0427	0.9641	1.4945	1.3518	1.2336	1.7691	0.3985	0.4795	-0.1067	-0.4793	1.1011	0.1364	0.7521	-0.4089	-0.0279	1.3924	0.5415	0.8783	1.0637	0.2506	0.4236	-0.2827	0.8210	-0.1388	2.0627	1.6843	0.5254	0.8895	-1.1136	1.9870	0.7258	-0.9139	-0.2765	1.4974	-0.1111	-0.0188	0.1478	-0.1239	1.3350	-0.3398	0.0757	0.7921
0.4640	0.9042	0.2065	0.6664	0.3518	-0.2618	-0.6105	0.4433	0.4201	1.4027	1.9299	-0.6336	1.6179	1.1684	-0.3570	-0.1580	0.2287	0.2129	0.5050	0.9986	0.1120	0.2437	0.3986	0.4402	0.6880	0.5607	0.2078	1.3279	0.0953	0.6459	-0.3887	0.5139	0.8585	0.1940	0.4590	-0.7764	1.9119	1.2642	-0.3232	-0.3021	1.3984	-0.8449	0.5323	-1.2162	-0.3086	0.2105	-1.2437	0.4441	-0.0918
0.6751	0.4368	0.4159	0.7412	0.0325	0.5688	-0.8645	1.1730	-1.0314	0.9885	2.0515	0.5968	1.2507	-0.2479	-1.2236	0.5235	0.5284	-0.1746	-0.0527	0.7693	0.6454	0.6058	-0.3645	1.6184	0.1921	0.6759	-0.8263	0.9665	-0.2049	0.4349	0.1631	-0.6441	1.4958	-0.4915	-0.4384	-0.2643	1.3360	0.9286	-0.2581	-1.3327	1.0664	-0.4503	1.4058	-1.6196	-0.0237	-1.4113	-0.9365	-0.7862	-0.9675
0.0597	-0.2484	0.0866	-0.2403	0.1431	-0.0032	-1.1712	1.2002	-0.0169	1.3191	1.0795	0.9596	0.5402	-0.0843	-0.3840	0.3625	0.8410	0.3945	0.0099	-0.4650	-0.0389	0.4251	0.7483	1.5350	0.5324	0.3373	-0.7050	0.3340	-0.9855	0.3723	-0.9825	1.3569	1.5608	-0.3676	-0.8753	0.1500	0.9200	1.2096	-0.1470	-0.7409	0.3618	-0.3515	0.8364	-1.3098	-0.0472	0.3215	0.6694	-0.5893	-1.5160
-0.2487	-0.4766	-0.2716	-0.1716	0.0164	0.1776	-0.8158	0.3067	-1.2885	1.0423	0.7248	-0.9807	0.7535	-0.8970	-0.4646	0.2478	0.8294	0.4404	-0.4470	-0.1308	-0.8345	0.3096	0.8324	0.2484	-0.1251	-0.0995	-2.0642	0.2777	-0.8923	0.6310	-0.4351	-0.2061	0.1870	-0.5133	-0.6162	0.0870	0.5176	0.6843	0.6641	-0.2932	-0.0534	-0.0486	1.3019	-2.1365	0.2923	0.5712	-0.9495	-0.0286	-0.6482
-0.4475	-0.0332	-1.0731	-0.0017	0.6200	0.1138	-1.1118	0.1231	-1.0534	-0.2601	0.9240	-0.3985	0.3418	-1.4437	0.2625	-0.1041	-0.0348	0.2766	-1.6340	0.2033	-1.6042	-0.7411	1.6981	0.3835	0.2152	0.9130	-1.2537	0.5036	-1.5109	0.0670	-0.6798	1.5769	0.1607	-0.2898	-1.2497	0.0571	0.4372	0.1750	-0.9044	-0.8710	0.1200	-0.6054	0.9973	-0.6056	0.5576	0.4138	0.6439	-0.1133	-0.2390
-0.2579	0.5878	-1.1952	0.4983	-0.2891	0.0415	-1.1366	0.5478	-1.2067	1.0169	0.0865	-0.6407	-0.3559	-1.1431	-0.3231	-0.0243	-0.7559	0.5272	-1.4160	0.0953	-1.0112	0.1794	1.1967	1.0898	0.3352	1.1739	-0.3608	-0.0234	-2.0377	0.1667	-0.4748	1.5072	0.5143	-0.3455	-0.9984	0.4006	-0.1209	-0.8589	-1.2663	-0.7407	-0.0207	0.3216	0.0827	-0.3028	0.3325	0.4232	0.6595	0.4539	0.2342
-0.8552	0.5062	-0.7786	-0.7079	-1.1688	-0.6718	-0.4627	0.8447	0.4601	0.2674	-0.4588	-0.1793	-0.6092	-1.2431	-0.2525	-0.2934	-1.2457	0.1990	-0.6728	-0.3100	-0.4799	-0.4181	1.1883	0.5419	0.0814	0.3975	0.1440	-0.7375	-1.3097	0.0082	-0.1520	1.6657	0.5622	-0.1629	-0.5692	-0.5017	0.3597	-0.6505	-0.8816	-0.0194	-0.2797	0.6489	-0.4644	-0.2629	-0.0925	-0.3788	-0.3336	0.6363	-0.2361
-0.3401	-0.7705	-0.2742	-0.6678	-1.1061	-0.9156	-1.0043	0.5528	0.4396	-0.3175	-0.3654	-1.3942	-0.8446	-0.5238	-0.5674	-0.7385	-0.7555	0.0348	0.0670	-0.6000	-0.0695	-0.2003	0.1597	-0.0297	-0.2628	-0.1848	0.4355	-1.0141	-0.5346	-0.2434	0.1016	0.0280	-0.6681	-0.2490	-0.5515	-0.7620	-0.0562	-1.1659	-1.1264	0.0073	-0.8239	0.6295	-0.5709	-0.8086	-0.7894	-0.6030	0.3161	1.1979	-0.7240
-0.6216	-1.0278	-0.7502	-0.6327	-0.1451	-0.8505	-0.5607	0.5516	0.1762	-0.6655	-0.7095	-1.3800	-0.8880	-0.8871	-0.7800	-0.2099	-1.3857	0.1802	-1.1683	-0.3582	-0.1372	-0.7863	0.3599	-0.4190	-0.7904	0.3518	-0.0200	-0.4701	-0.3797	-0.3351	0.2736	0.1373	0.1350	0.0996	-0.7775	-0.4717	-0.6833	-0.9436	-1.5164	-1.6019	-0.9469	0.1438	-0.4661	-0.8112	0.0185	0.2841	0.2281	0.3693	-1.0546
-0.7817	-0.9782	-0.2419	-0.0692	-0.4536	-0.7771	-0.9986	0.1960	-0.8595	-0.7522	-0.5298	-0.8445	-0.8987	-0.8904	-0.8790	-0.3311	-1.0205	0.3323	-1.1196	-0.0228	-0.7496	-0.6692	-0.1871	-0.8715	-0.2049	-0.0361	0.1059	-0.1151	-0.7488	0.1075	-0.1992	0.0742	-0.4043	-0.3928	-1.1989	0.2325	-0.3991	-0.7717	-1.5115	-0.8451	-0.6533	0.7129	-0.6384	-1.1271	-0.2465	-0.2468	0.7526	-0.1862	-0.9688
-0.1925	-0.7918	-0.6581	-0.0813	-0.4954	0.0046	-0.5979	1.0203	-1.5281	-1.9253	-0.8516	0.0857	-1.3076	-1.5677	-0.3168	0.2988	-1.1816	-0.5637	-1.0635	0.6211	-0.7583	-1.0126	-0.7039	-0.1993	-0.5572	-0.6382	-1.2624	-0.4250	-0.8919	0.4420	0.6186	-0.3103	-0.0375	-0.6429	-1.0381	-0.0760	-0.4631	-0.9166	-0.5584	0.0053	-0.8331	0.2952	-0.6682	-1.1811	-0.2911	-1.9899	-0.3455	-0.6375	-0.5804
-0.3616	-1.1141	-0.1546	-0.2096	-0.7621	-0.7576	-0.4166	0.4526	0.0029	-0.9333	-0.8740	-0.7865	-0.7822	0.2117	-0.2696	-0.4066	0.3549	-0.6436	0.0279	-0.4481	-0.7619	-0.7064	-1.9367	-0.9563	0.1003	-0.7234	-0.0517	-0.4471	-0.5191	0.0473	0.3622	-0.8764	-0.0171	-0.7607	-0.1426	-0.6956	-0.9539	-0.0956	0.1464	-0.7173	-0.5057	0.6683	-1.4246	-0.4960	-0.7424	-1.0325	-0.5457	-0.5314	-1.0074
-0.2449	-0.4965	-0.7083	0.1109	-0.3201	-0.2747	-0.1099	1.5034	-1.0701	-1.0722	-0.4998	0.1351	-0.4761	-0.5082	-0.7877	0.9114	-0.3788	-1.4381	0.6022	-0.1718	-0.7054	-0.6199	-1.7877	0.3284	-0.2232	-0.3271	-0.1660	-0.4900	0.1398	0.5164	0.2779	-0.8199	-1.1320	-0.3787	2.0945	-0.5262	-1.5566	-0.8606	-0.0069	-0.1480	-0.6362	-0.6457	-1.4468	-0.4928	0.2834	-1.9073	0.5836	-1.3879	-0.5456
-0.8548	0.2882	0.8699	-1.4392	-1.2529	-2.9648	2.7387	1.4749	-1.4543	-1.8553	-1.5365	1.0517	-3.9229	0.7672	1.1262	1.1688	-0.2678	-1.5197	0.7075	-1.5387	2.5859	0.8730	0.5332	-1.0462	2.4160	-1.3918	-0.3876	-0.9922	2.4258	0.8515	-1.0630	-2.7756	-0.8422	1.3906	2.6740	0.3679	-2.3527	-2.3721	2.1024	1.7544	-1.5077	2.6189	-2.0899	0.5199	1.3411	-2.7112	5.5146	-0.3795	0.7696
-1.5163	-0.3128	0.5240	-0.3069	0.1862	-1.7152	1.6794	0.0438	-1.0066	-2.2346	-1.2621	-1.8852	-2.7968	1.2137	0.0819	0.7859	0.4292	-1.6336	-0.2135	-0.7153	2.2109	-1.1093	0.3309	-0.4959	1.5842	-1.3970	-0.1303	1.3741	0.8803	0.0502	-0.8566	-0.9568	0.3098	0.5839	2.2493	-0.0593	-0.3995	-0.7978	2.4011	0.8509	-0.8360	0.5170	-0.6975	-0.9595	-0.3195	-1.7986	2.4263	-0.0610	-0.2510
-1.0045	1.0351	-0.9218	1.0738	1.6740	-0.7113	0.4710	0.3245	-0.6345	-0.9385	0.2312	0.4859	-1.5042	0.3793	0.9866	0.0584	-0.6113	-0.5498	-1.1170	0.6085	-0.4465	-1.0616	0.7576	0.2199	-0.9452	0.7753	0.3993	1.4183	-0.8201	-1.2011	0.4269	1.7502	-1.3436	0.4772	0.7658	0.0818	-0.1348	-0.1163	0.6154	1.3767	0.2473	0.0094	-0.0048	0.0449	-0.4365	0.8082	0.6532	0.6332	0.4806
-0.9731	1.1105	-0.1880	1.5078	0.7782	0.5962	0.2329	0.3854	-0.2322	-0.2347	0.3669	-0.6285	-0.9345	0.7661	0.6769	0.7211	0.2575	0.2048	-0.2812	0.1599	0.3453	0.1551	-0.0809	0.1686	-0.1835	0.4935	1.5876	0.5538	-0.7093	0.2703	0.7033	2.1080	-0.5510	-0.4621	-0.0658	-0.1263	-0.0533	-0.1912	-0.5256	0.7599	0.5399	0.8430	-0.2634	1.1361	-0.4944	1.4840	-0.2622	0.7928	0.9778
-0.7419	0.7084	-0.5388	0.4755	-0.9821	0.4189	-0.0759	1.0787	-0.8409	0.9096	0.7626	-1.1335	-0.2676	0.5612	-0.4115	1.0304	0.1243	-0.2376	0.5565	-0.2830	0.7210	-0.3513	-1.0665	0.5027	-0.7566	0.3792	0.3798	0.2497	0.0969	0.4417	1.4445	0.0612	-0.1398	0.0771	-0.0068	-1.1930	1.1566	0.2975	-0.5492	0.2237	0.3997	0.0273	-0.1838	-0.3747	-0.7498	-0.6937	-2.6475	0.2516	0.9252
-0.3446	0.1751	-0.0798	0.0047	-0.8421	-1.1136	-0.1080	1.8077	0.5802	-0.5375	-0.4841	0.0452	-0.1456	1.0645	-0.7128	1.1054	-0.6602	-0.1627	1.6001	0.5261	0.8571	-0.3679	-1.2176	-0.4534	-0.7832	-0.5656	0.2572	-0.5482	1.6832	-0.4179	2.5645	0.1644	-0.6766	0.7573	0.7867	-1.0124	0.8670	0.8050	-0.5249	0.2211	-0.3982	-0.4049	-0.1007	-0.5852	-0.7574	-0.3732	-0.8935	0.1118	0.1506
-1.1111	-0.6647	-0.0782	-0.1412	-1.1112	-1.1779	-0.2287	1.2930	1.0803	0.1810	-1.9714	0.1023	-0.4273	1.0478	-1.0104	0.6512	-1.0344	-0.8143	2.1207	-0.5604	1.1095	-0.4050	-0.6514	0.8273	-1.4965	-1.5392	0.4927	-1.6127	1.5045	-0.1453	1.4233	0.7047	-0.4470	0.7501	1.7009	-1.4314	-0.0003	-0.7638	-1.2308	-0.9712	-1.3551	-0.3173	-0.5608	-0.1430	-0.6373	0.3496	0.8224	-0.5138	-0.6406
-0.6600	-0.4814	0.2424	-0.7767	-0.0178	-0.8146	0.6597	0.7243	0.9283	-0.1773	-1.5194	-0.1872	-0.0462	0.1113	-0.5957	-0.2961	-0.9445	-0.4458	1.8876	0.0563	-0.2522	-1.1589	-0.6340	-1.0949	-1.3201	-0.9022	-1.0634	-1.2031	1.5052	-0.1752	2.4720	0.9796	-0.3204	0.4197	0.7338	-1.5593	-0.5155	-1.0071	-0.9234	-0.0468	-1.4491	0.1344	0.5562	-0.9390	-1.0567	-0.2819	0.7160	-0.8476	-0.7916
0.0025	-0.6333	0.4372	0.2085	-0.1231	-1.2644	-1.0329	-2.9860	-0.8588	-1.3282	-0.7845	-1.9221	-1.0713	0.3547	-0.7240	-0.1064	-0.8286	-0.0190	0.5862	0.6206	-1.2789	-0.3774	0.1550	0.7191	-0.0260	0.1787	-0.0486	-0.7869	-0.0694	0.2484	2.1017	1.6418	-0.8259	-0.1713	0.1594	-1.1708	1.0331	-2.6502	-0.7110	-1.3190	-1.0890	1.9207	0.1041	-0.9986	-0.7016	0.3539	2.5576	0.3204	0.0658
-0.5313	0.6900	0.1163	-0.2800	-0.2337	-0.9547	-0.3312	-0.9812	0.0883	-1.7152	-0.5912	-0.5403	-1.0389	-0.6537	0.3968	-0.2983	-0.2511	-0.7697	-1.7192	0.3761	-1.6029	-0.4586	0.4458	-1.7457	-0.7760	-0.1811	-0.2144	-0.0083	-1.4336	-0.0046	0.6287	2.1032	-1.1984	-1.0545	-1.3220	-0.3491	-1.3266	-2.0517	-1.3281	-1.0624	-0.4251	1.2045	0.3936	-0.6271	-0.2059	0.4045	0.8261	-0.4468	1.4353
-0.2816	0.9030	0.0183	-0.9665	0.2381	-0.8825	0.0989	-0.7906	-0.1932	-0.0799	-0.3730	-1.3154	-0.2492	-0.2964	0.2127	-0.9269	0.1960	-1.1705	-1.4943	0.1850	-1.4730	-0.2374	-0.1678	-1.4037	-0.9185	0.2575	0.1747	0.7651	-1.8061	-0.2919	-1.0813	1.3252	-1.5015	-1.7615	-1.7393	0.6826	-0.9078	-1.3571	-1.3860	-0.8356	0.3690	0.7054	-0.4189	-0.0104	-0.7306	0.1863	0.4958	-0.3336	2.1083
0.2273	1.8738	-0.3446	-0.7477	1.2858	0.0519	0.3932	-1.0261	-1.6572	-0.2235	0.0694	-1.2523	-0.1357	-1.1762	0.6313	-0.2518	-0.1193	-0.9476	-1.4444	0.6348	-1.3963	-0.1040	0.1655	0.3726	-1.0612	1.4135	-0.3905	0.6512	-1.2424	0.8669	-1.4204	0.2663	-0.7843	-1.3288	-2.1847	1.9241	-0.5051	-0.8591	-1.3621	-0.6530	0.5705	0.8898	-0.0304	0.3926	-0.3492	0.5275	1.1014	-1.0055	2.3747
-0.7523	1.5270	-0.1027	-1.3699	0.4397	-0.9093	0.9323	-0.9965	0.2970	-1.5236	0.0064	-1.3136	-0.7452	-0.6660	1.1373	-1.0049	1.1818	0.2407	-0.8324	0.1706	-0.7689	-0.1838	0.3385	0.2160	-0.0598	0.2572	-0.6655	0.0397	-0.6441	0.5053	-1.4786	0.1479	-0.5972	-1.1402	-2.3103	1.5986	-0.2623	-0.2726	-0.8354	0.6334	0.8470	0.7644	-0.7684	0.7077	-0.9380	0.5605	0.7722	0.0993	1.8047
-0.5724	1.3808	0.0013	-2.0881	-0.8300	-0.3325	1.1096	-0.7440	0.5453	-0.1395	0.1102	-1.1736	-0.4048	-0.4446	0.2835	-0.1726	0.7418	0.1927	-0.1134	-0.7702	0.1535	0.4486	-0.6544	1.0276	0.6510	-0.2403	-0.4333	-0.2145	-0.0974	0.1406	-1.2980	-0.7904	-0.5745	-1.0264	-1.3578	1.8794	-0.0233	0.9094	-0.3098	0.7836	0.8874	0.0303	-0.3961	1.2411	-0.2909	0.5780	-0.0665	0.6118	1.6940
0.2351	1.0976	-0.7657	-1.1668	0.0695	-0.1423	1.5656	-0.9237	1.1005	-0.4545	0.8787	0.0829	-0.0676	-0.1489	0.1222	0.8861	0.0219	-0.5559	-0.5570	0.5848	0.6674	-0.4467	-0.4559	0.0320	-1.6642	0.6150	-0.2356	0.2884	1.0357	0.8157	0.0931	-2.0280	-0.0409	-0.0399	-0.0245	1.4675	0.8240	1.8601	0.2639	0.4583	0.5263	-1.4524	0.9671	1.2895	-0.2659	0.7790	-1.8406	0.5309	1.9346
0.6318	0.1053	-0.3369	-0.8084	0.3745	-1.1027	1.8910	-1.1233	2.4785	0.3419	0.9660	1.5111	0.2216	1.0166	1.4258	1.1161	-0.3821	0.2919	0.3327	0.4134	0.2717	-0.1980	-0.1537	-0.6529	-2.0235	0.4034	-0.4859	-0.4958	1.8615	0.4361	-0.3780	-0.1808	0.7561	0.8349	1.0344	0.8712	0.5587	1.7192	0.6058	0.2073	-0.3499	-2.1407	1.0770	1.6749	-1.1045	0.5556	-0.8998	1.1925	1.7166
0.2463	-1.2410	0.4516	0.1750	-0.7017	-0.1750	1.0749	-1.1367	1.5609	1.4157	-0.0058	-0.5720	0.5450	0.8254	0.3225	1.1060	0.4036	0.1549	0.8788	-0.6102	1.8640	0.6652	-1.0457	0.9729	-1.3709	-1.8647	-0.3574	-0.7772	2.2225	0.1535	-1.4030	-1.1318	0.6735	-0.7870	2.5357	1.0824	0.5476	0.1629	0.2758	-0.4351	-1.1779	-1.2638	-1.3531	0.3978	-0.4913	-1.1462	-2.1066	0.9735	-0.5008
0.4645	-1.2207	-0.4026	0.3707	-0.9490	0.4634	1.3147	-1.0401	1.4362	1.1271	1.3780	0.0095	0.9117	0.0384	-0.0527	0.0751	-0.5343	-1.0357	1.0267	-0.1046	1.3682	-0.1971	-2.1377	0.9544	-1.7784	-1.2214	-1.0213	-0.0463	2.9376	-0.0814	-0.9365	-2.3376	0.9084	-0.5316	1.1581	0.5078	0.9796	0.3024	0.0026	0.5130	-0.6493	-2.1391	-1.8224	-0.4901	-0.5207	-2.4380	-2.5753	-0.7431	-1.1352
1.0756	-1.2117	-0.7767	-0.1155	-0.4327	-0.0454	1.5054	-0.6165	3.0667	0.2644	0.8488	1.3841	0.8653	0.6029	-0.0846	-1.1325	-1.0207	-1.1406	1.8704	0.3152	0.5873	-0.2240	-1.6260	-0.0970	-1.1663	-0.7299	0.8116	-0.1252	3.1292	-0.8634	-0.2824	-1.0462	0.5782	0.5615	1.0228	0.8253	0.0903	0.5361	-0.0308	1.9011	-1.0705	-2.4869	-2.1872	0.5789	-0.6204	-0.6999	0.2641	-0.6144	-0.5615
0.7617	-1.4336	-1.0558	-0.2891	-0.0752	0.2009	0.2496	-0.8902	2.4295	0.4990	0.2631	0.3072	0.4113	0.7671	-0.3894	-0.9090	-0.5124	-1.4811	1.9474	-0.3322	0.8255	-0.0014	-0.4353	0.9058	-0.7963	-1.1653	1.0001	-0.2187	2.5633	-1.0339	-0.1122	-0.4580	0.1204	0.4986	1.0380	-0.0106	-0.4288	-0.3893	-0.1817	0.7413	-0.9917	-1.2245	-2.9060	0.9740	-0.8115	0.4364	-0.5924	-0.2006	-0.7263
0.4120	-0.3756	-0.5931	-0.1591	0.1730	0.7348	-0.0598	-0.4576	2.3685	-0.1148	-0.0326	-0.0396	-0.0330	0.3558	-0.0240	-0.3686	0.0449	0.0104	0.8654	-0.1534	0.7715	0.0843	-0.3028	-1.5119	-0.0661	-0.8359	0.6771	-0.4380	2.0617	-0.1093	0.3836	0.3376	0.3871	0.1694	0.5325	-1.0395	-1.4916	-0.0409	0.2233	1.1156	-0.8061	-0.3076	-2.3382	0.5785	-0.2792	-0.1652	-0.8838	0.0476	-0.1330
0.0794	-0.0503	-0.4431	-0.1778	-0.9668	1.0053	-0.0117	-0.9949	0.9795	0.9213	-0.1949	-0.2856	-0.8846	-0.1161	-0.9319	-0.6468	0.8366	-0.4187	-0.2404	0.8257	0.7154	-0.2374	-0.9279	-0.5337	0.7200	-0.3171	1.2118	0.2388	0.0701	0.0618	-0.8817	-0.2542	-0.2568	-0.2916	0.6907	-0.4251	-0.5432	0.3560	0.2776	0.5233	-0.2425	-0.5439	-1.8902	0.1222	-0.1594	-0.0464	-1.1717	1.0259	0.4862
-0.0508	0.5229	-0.2548	-0.7468	-0.1469	0.3607	0.5524	-0.6159	-0.5583	-0.0167	-0.1683	1.0771	-1.0638	-0.5464	-0.5453	-1.0054	0.9629	-1.2396	-0.8712	1.2826	-0.2667	-0.2822	-0.7539	-0.1390	0.7712	0.9301	-0.3417	-0.2580	0.0034	-0.3725	-1.4529	-0.7649	0.1047	-0.0852	-0.6836	-0.4392	-0.4963	1.1249	0.6936	-0.1524	0.3383	-0.8249	-0.4760	1.4509	0.5082	-0.2272	-0.5575	0.5191	1.2025
-0.8071	0.4008	0.2811	-0.4144	0.1413	0.2192	0.7797	-0.6368	0.2464	-0.7671	-0.1103	0.2201	-0.6758	-0.1040	-0.0590	-1.4270	2.5572	-1.1422	-1.3300	0.7212	-0.3297	-0.5095	-0.6178	-0.8312	1.3100	0.6166	-0.4073	-0.4168	-0.2370	0.1505	-1.9257	-0.5524	-0.5680	-0.3952	-1.2258	-0.9985	-0.3173	0.7562	0.6375	0.8343	0.6465	-1.3990	-0.0691	1.6963	0.7280	0.0985	0.0413	0.9936	1.1344
-1.1885	0.1832	0.6079	-0.2522	-0.5125	0.5044	0.6288	-0.4700	-0.3122	0.4615	-0.2453	-0.8470	-0.7064	0.2980	0.2277	-0.9595	1.7552	-0.4498	0.0050	-0.3585	0.2645	0.4594	-0.5617	0.2382	1.5357	0.0490	-0.5003	-0.4456	-0.2234	-0.4734	-1.2317	-0.8121	0.0771	-1.1947	-0.8837	-0.3070	-1.0600	0.9715	1.0832	1.0512	0.8403	-0.9022	-0.2662	1.4264	0.9474	0.0972	-0.0050	0.6470	1.0289
-0.9407	0.4070	0.4771	-0.5363	0.0487	0.3956	-0.5206	-0.0019	-1.5713	1.1871	-0.5050	0.1996	-0.5716	0.2132	0.5252	-0.8772	0.5424	0.5390	-0.5261	-0.0203	-0.3488	0.4490	0.0955	-0.4963	1.7547	0.3176	-0.1936	-0.4231	-1.2643	-0.5032	-0.9303	0.4759	1.2220	-0.3045	-1.0674	-0.5200	0.0781	1.9618	1.9704	-0.3627	1.5885	0.0566	0.7891	0.9444	1.6040	-0.3498	-0.1307	0.8120	0.9282
1.4188	0.8587	-0.7210	-0.9846	0.7231	-0.2875	-2.7395	0.2424	-1.6435	-0.2563	0.5416	1.3555	0.5334	-0.5378	0.0353	-0.8118	0.9595	0.7981	-1.0811	0.0618	-1.1997	-0.1861	0.9356	-0.6714	0.7805	1.8965	0.2291	-0.1438	-1.7985	0.1719	-0.3998	-0.7200	0.3392	0.0933	-0.6993	-0.5182	2.3803	-0.0781	1.3543	-1.7791	2.7497	-0.9350	2.3408	1.2934	1.6840	3.4866	1.2505	1.0209	1.0901
0.7381	-0.2960	-0.5577	0.5130	0.2163	0.2355	-0.9141	0.1968	-1.7422	0.1921	-0.9718	0.5780	1.2233	-0.3414	-0.2325	0.1182	1.2346	0.3581	-1.3744	-2.0596	0.2633	0.4467	0.1470	0.4871	1.5962	-0.1648	-0.6704	-0.2280	-1.0427	-0.3389	-1.2138	-0.7827	-0.0835	-1.0562	-1.4671	-1.2621	-0.4344	0.6016	0.9769	-1.7466	1.3895	0.8184	1.6574	1.0429	1.9646	2.0875	-0.2863	0.6738	-0.8064
0.5628	-0.6203	-0.1595	0.5321	1.0207	0.2832	-0.3945	-0.1221	-0.6790	0.0163	-0.1600	0.9139	0.4710	-0.5786	0.8406	-0.1260	0.1165	0.4864	-1.1118	-1.4983	0.6464	-0.0979	0.8456	-0.3189	0.9876	0.4973	-0.7745	0.1506	-0.4157	-0.5113	-1.0823	0.0072	0.2429	0.0821	-1.7412	-0.5110	-0.2645	1.7115	1.1356	-0.8244	-0.1283	1.3267	1.8503	-0.2448	1.2655	0.6438	-0.6186	0.2570	-1.5535
0.6490	-0.5175	0.8507	0.9784	0.7936	0.8154	-1.0237	-0.0063	-1.1509	0.8172	0.0224	-1.4876	1.0202	-0.1874	0.4286	0.1725	-0.8833	0.4839	-0.6161	-1.3317	1.2430	0.4420	0.4455	-0.2562	0.7196	-0.1650	-0.0391	0.7279	-0.5843	-0.1473	-0.3892	0.0963	-0.5811	-0.7404	-0.9683	0.0008	-0.4074	-1.2929	-0.2313	-1.0515	-0.4533	1.2681	0.6320	-0.7240	0.9408	-0.3539	-0.7675	0.7786	-1.2289
0.8138	0.3530	0.7649	0.0265	0.3988	1.2496	-0.2878	0.4691	-0.5417	0.7707	-0.4761	0.4859	0.8525	0.3411	0.0868	0.3336	-0.9496	1.1994	0.0914	-0.0919	0.4514	0.8055	0.2850	-0.0001	0.5342	-0.3191	0.9009	0.1652	0.2269	-0.2351	0.3963	0.6576	-0.3346	0.5880	0.0229	0.0008	-0.7289	-1.1623	0.3754	-0.4227	-0.5189	1.1932	1.0136	-0.4373	0.7709	-0.9598	0.0074	0.9434	-1.0047
0.3125	-0.6919	0.7204	0.6153	0.2958	1.2784	-0.3094	0.4102	0.5436	0.8985	-0.7918	0.6456	0.8962	1.1844	-1.0636	0.0716	-0.0310	1.4607	0.8414	-0.4366	1.0500	0.4194	-0.2778	-0.5503	0.4285	-0.5456	1.0249	-0.8641	0.2416	-0.1484	0.4154	-0.2311	-0.1891	0.6653	1.5348	-0.4584	-0.5782	-0.6115	0.8780	-0.3001	-0.7135	1.1179	0.6057	-0.8119	0.2188	0.1865	-0.6047	1.2280	-1.5500
0.6707	-0.6710	0.1758	-0.0295	-0.1539	0.2932	-0.2505	0.5258	0.1475	0.1311	-0.4831	2.0152	0.5555	0.8724	-0.4153	-0.1067	-0.8413	0.5927	1.1068	-0.2531	0.8183	-0.0819	-0.2772	1.0290	-0.2908	-0.0984	-0.0479	-1.0853	0.0896	-1.6511	0.7416	-0.0692	0.4371	1.7225	1.8300	-0.7294	-0.4945	0.5048	0.3788	-0.0176	-1.2198	0.1220	0.8796	-1.2394	0.5564	-0.4031	0.2306	-0.5759	-1.4129
0.4279	-1.3081	0.3742	-0.3304	-0.3048	0.9386	-0.1682	0.2559	-0.1125	-0.8941	-1.1758	0.2825	0.4424	1.0692	-0.6833	-0.5875	-0.1873	0.2450	0.9513	-0.2956	0.4477	-0.1230	-0.5247	0.4117	0.5143	-1.0895	0.6286	-0.3518	-0.5441	-0.5713	0.4762	-0.6146	-0.8861	0.8073	1.6016	-0.1281	-0.0490	0.4481	0.6380	1.0303	-0.8068	0.0219	0.2050	-1.8906	0.5019	-0.9418	-1.1683	-0.3435	-2.0230
0.8705	-0.7965	0.1443	-0.3623	-0.1541	0.3897	0.3904	0.3149	-0.5836	0.0353	-0.1202	0.9390	0.3268	0.8085	-0.9732	-0.2521	-0.1265	-0.1239	0.0871	0.3487	0.0646	-0.1131	-0.9197	-0.8618	0.6460	0.3373	-0.7372	-0.4463	-0.2903	-0.8272	0.5063	-1.4095	-0.5966	0.9121	0.0179	-0.1973	-0.4570	-0.2133	0.9894	0.6142	-0.2817	0.1890	0.9678	-1.5591	0.6851	-0.7884	-0.6027	-0.3107	-1.4293
0.3223	-1.2934	0.3698	0.1025	1.1836	0.5502	0.0582	0.1190	0.8085	0.0533	-0.3150	1.3738	1.1111	0.6744	0.0495	-0.3118	0.8429	0.5924	0.0182	-0.3317	-0.0267	-0.7677	0.5625	-1.5262	1.0125	0.2734	0.0606	-0.9266	-0.2400	0.0211	-0.1634	0.3277	-0.0736	1.0228	0.1587	0.3464	-0.6243	-0.1272	0.6360	1.0688	-0.6101	0.0353	-0.1759	0.6943	0.1493	1.2005	0.4265	0.0643	-1.3575
0.6000	-1.0250	0.3109	0.8372	0.4272	0.5758	0.5515	-0.7174	-0.1815	-0.6408	0.5204	1.2562	1.2617	0.3172	0.1512	-0.0532	1.3804	0.4959	0.5826	-0.5763	-0.4703	0.1546	-0.1350	0.0677	0.3332	-0.3169	0.1085	-0.6871	-0.1494	0.5630	0.4691	-0.6968	0.1759	0.3993	0.4486	1.0244	-0.4360	-0.1982	0.8223	1.3096	-0.7168	0.3956	0.3716	0.3528	0.3477	0.0175	-0.5388	0.0807	-0.7856
0.6232	-0.2687	0.1044	1.0843	0.3634	0.9211	0.6844	-0.0649	0.1886	-0.1186	0.4132	1.9639	1.1473	0.5858	-0.1517	-0.2140	-0.1421	-0.0235	-0.3748	-0.2877	-1.3864	-0.1536	-0.3277	-0.9652	-0.3221	0.7701	1.0672	-0.0347	-0.2955	0.7500	0.7308	0.2280	-0.2843	0.7250	0.4849	0.7627	-0.0631	0.8888	0.3717	1.3681	-0.3180	-0.2657	0.6512	0.2822	0.2538	0.4334	0.3885	-0.6289	-0.1077
1.0573	-0.3286	0.4786	1.4775	0.8691	1.0235	-0.0543	-0.8506	0.1804	0.7065	0.2192	1.0834	0.6415	0.8127	-0.6472	0.2173	-0.0807	0.7360	-0.2880	0.1392	-1.2128	0.3806	-0.3029	-0.3425	-0.6135	0.8277	0.7717	-0.2639	-0.7374	2.0263	1.4209	-0.6403	-0.2043	0.6590	0.6017	0.7944	0.4143	0.2587	0.7083	0.9140	-0.0330	0.8474	0.6950	-0.7467	0.2823	1.5631	0.6140	-0.2192	0.0685
0.2913	-0.0194	0.6132	0.6523	1.8445	0.6741	0.4202	0.1911	0.8067	-0.9727	0.5100	-0.6876	0.5788	-0.7874	-0.0698	-0.5602	0.5463	0.5083	-0.1887	2.0356	-0.8053	-0.3363	0.7321	1.0402	-0.2165	0.4416	-0.1074	0.1704	-1.2394	1.8480	1.4117	0.4065	0.4043	1.1135	-0.4087	0.5004	0.9372	0.0033	0.3481	0.5051	0.9531	0.5754	0.1751	-1.0338	0.4818	0.9614	-0.2066	0.0486	0.1508
-0.2963	0.7102	0.6916	0.8344	1.1516	-0.2776	-1.1196	0.3519	0.4419	-0.1211	1.2257	-0.7091	0.9284	-0.6674	0.5601	-1.4837	0.5119	0.8627	-0.1917	1.2786	-1.0016	0.2325	1.3382	0.3438	-0.4579	0.4667	0.8678	1.0998	-1.0825	0.3956	0.6036	1.1094	0.2284	1.1701	-0.5989	0.8682	0.4357	0.1046	0.2565	0.8221	1.3318	-0.0660	-0.2614	0.0981	0.2285	0.8093	0.7526	1.0653	1.1358
-0.6545	1.1649	0.4487	1.9335	-0.4166	0.8437	-0.9440	0.0915	-0.4557	0.3475	0.5510	-1.5310	1.4735	-0.0189	0.7972	-0.3329	0.4602	1.8969	-0.0682	0.6533	1.1955	1.6137	1.1594	0.3323	0.5347	0.4818	2.0414	2.0112	-0.5685	1.1631	0.0422	0.5203	1.2342	-0.5822	0.2746	2.2427	0.1834	-0.9994	0.3913	0.1283	1.1218	1.0822	-1.4447	1.2414	1.5852	1.0404	-0.1652	1.3105	0.9719
-0.2246	1.0499	0.2510	2.1070	-0.6937	0.5788	-0.2011	0.3781	-0.2096	1.2314	0.4828	-0.3610	0.6832	-0.2970	0.7038	-0.1892	-0.0205	1.3967	0.9359	0.1453	1.2832	0.9283	1.0986	2.0343	0.0445	0.7996	1.3576	1.6287	-0.1276	2.0474	-0.2584	0.2828	2.0711	-0.1684	-0.5132	1.2521	1.5439	0.3226	0.9287	-1.2007	0.8999	0.7240	-1.7102	0.7219	0.8902	0.3868	-1.7726	0.7631	1.7337
-0.0181	0.6018	1.1385	3.1013	0.0678	0.7698	0.0478	0.4830	0.9228	0.8806	0.6315	0.4945	1.0208	-0.2704	0.7953	-0.1323	-0.0700	0.7718	2.2003	-1.3465	0.8422	1.3738	1.6556	0.4659	-0.5384	-0.5361	0.8978	0.6807	0.9943	2.5488	0.6038	0.5926	1.4485	-0.2409	0.3940	0.0796	0.5836	1.3116	0.7693	0.1800	0.7182	0.5334	-1.0602	0.7643	-0.0742	0.4986	-1.9628	0.2387	1.7871
0.7427	0.3163	0.0065	2.1956	-1.0184	-0.7062	0.4981	-0.1371	-0.1305	1.0348	1.4103	0.2497	0.2700	0.2141	-0.6649	-0.0190	-1.3537	-1.3129	1.8129	-0.5232	0.7319	0.3536	0.3233	0.5509	-1.4575	-0.1402	0.3983	0.7289	1.1646	0.8722	0.9689	-0.8756	0.2217	0.1943	1.2692	-1.1526	1.2866	-0.2215	-0.2188	-0.0081	0.1912	-0.4055	-0.1219	-0.7528	-0.5023	-1.5781	-0.5272	-1.0640	1.1460
0.8019	0.1608	0.6194	0.0599	-0.3187	-1.5538	0.1008	-0.0042	0.9589	0.3299	0.8282	1.0200	-0.6885	0.1925	0.7123	-0.6818	-0.4741	-0.4252	2.0485	-0.0270	0.4328	0.0153	0.4570	-0.6308	-0.6427	-0.0976	0.1855	0.7309	1.4575	-0.9093	0.4946	0.0991	-0.3100	0.6928	1.1072	-0.5667	0.9068	0.3935	0.1120	1.4951	-0.2775	-0.2987	-0.2829	-0.8519	-1.4861	-1.8099	0.3512	-0.7021	-0.1070
0.4701	-0.1105	0.6097	-0.2617	0.4885	-0.0492	-1.1239	-0.4607	0.5052	0.3445	1.0080	-0.3724	-0.4530	0.9135	0.8405	0.1800	-0.5712	-0.1035	1.7418	-0.1008	0.9266	0.4725	0.1957	-0.1145	-0.2657	0.0547	0.4447	0.7061	0.4318	-0.0442	0.7187	0.1166	-0.9661	0.9131	1.0278	-0.0101	0.6848	-0.0659	0.5388	0.6169	-0.0409	0.0002	-0.5945	-0.4229	-1.1278	-1.1898	0.0847	0.4772	-0.7374
0.1015	0.6214	0.3554	0.9897	0.8486	1.0316	-0.2864	0.0379	-0.5129	0.0093	1.3955	-0.1822	0.1451	0.7178	1.4765	1.5477	-0.7932	0.2166	0.9323	-0.2403	0.5264	0.8133	0.9733	-0.0301	-0.2068	-0.0782	0.0634	0.8485	0.0316	0.2289	0.9008	0.8348	0.3275	1.1600	0.5659	-0.4748	-0.4362	0.4560	-0.0563	0.7222	0.3952	-0.4665	1.2620	-0.0058	-0.0594	-0.7231	0.4992	0.3529	-0.2521
-0.3411	0.5094	-0.1288	0.0426	0.4489	0.1197	-0.1390	-0.1907	0.2611	0.4638	1.3700	0.2004	0.2800	0.6064	1.3135	0.6187	-0.0419	0.9296	-0.0096	0.2746	-0.9399	0.4708	1.4487	0.3038	-0.8388	0.0898	0.5287	0.7743	-0.3280	-0.7243	0.2494	1.1331	0.6408	0.5979	0.2734	-0.3338	0.2350	0.3485	-0.5174	0.3775	-0.1884	-0.2634	1.2057	-0.1360	-0.4144	-0.2752	0.2635	-0.3728	-0.9841
-0.5664	-0.5101	0.2302	0.5444	0.3922	0.3168	-0.3702	-0.0141	-0.8133	0.5571	-0.7551	-1.1999	0.5263	0.5107	0.0230	0.8419	0.4617	0.7815	-0.9352	-0.0265	-0.7769	1.0916	1.2732	1.1590	0.2375	-0.9439	0.1877	0.5720	-0.9175	-0.5903	-0.5137	1.2450	0.2188	-0.8189	0.3029	-0.0644	-0.4792	-1.2421	-1.0414	-1.4872	-0.5835	0.7333	-0.1856	-0.6037	0.0473	0.2596	-0.2594	-0.7447	-1.2610
-0.5078	-0.2145	-0.2618	-0.1471	-0.2019	0.3052	-0.2705	0.6717	-1.2538	0.6000	0.6696	0.8972	0.8009	-0.8915	0.0574	0.2348	0.1486	0.2411	-1.0979	0.8224	-1.5317	0.1172	0.5993	0.3373	-0.6401	-0.4558	-1.2185	0.3295	-0.8632	-0.3809	-0.0637	0.6630	0.3894	0.6572	0.3202	-0.0801	-0.0339	-0.9540	-1.4015	-1.4285	-0.4241	-0.4140	1.3237	-1.0939	-0.3066	-1.3889	-0.9624	-2.3518	-0.7200
-0.8607	-0.2127	0.1888	-0.0513	-0.7775	-1.2812	-0.4383	-0.1597	-0.6409	-0.6100	-0.2112	0.5350	0.7569	0.1204	0.2823	-0.0203	-0.5663	0.0792	-0.1503	0.0532	-1.3392	-0.4336	0.1147	-0.4424	-0.3478	-0.6131	-1.2659	-0.5177	-0.1683	-0.3461	0.0470	0.5162	-0.2893	0.5240	0.5737	-0.7473	-0.1081	-1.5874	-2.0886	-1.2587	-0.7095	-0.7210	1.3693	-0.8329	-1.3329	-1.1381	1.2504	-2.9635	-0.8151
0.0428	-0.4929	-0.3517	-0.7715	-1.8824	-1.9035	-0.6692	-0.3113	-1.5565	0.0557	-0.6319	-0.0982	-0.6844	0.0113	-0.4292	-0.0105	-0.3130	-1.0437	-0.0664	-1.0226	-1.6401	-0.7654	-0.2562	0.2713	-1.2504	-0.4744	-1.6062	-1.0236	0.2460	-0.7974	0.7144	-0.8794	-0.8504	0.1569	0.3126	-1.2990	0.1991	-1.4230	-1.9315	-0.9218	-1.3366	-0.0701	0.5336	-0.7612	-1.7905	-1.3413	1.5873	-2.9331	-0.3912
-0.0590	-0.6942	0.2603	-0.8083	-2.0966	-0.4271	-1.2619	-0.0138	-0.6157	-0.3385	-1.0563	-0.4927	-0.3713	0.5717	-1.6907	0.0616	-1.0269	-1.4496	0.3153	-1.2913	-1.9298	-1.6990	-0.7418	-1.1835	-1.7734	-1.1088	0.2299	-0.2149	0.3087	-0.5327	1.7204	-1.1791	-2.2885	-0.1211	1.3583	-0.4932	-0.9993	-0.7043	-1.9581	-1.3346	-0.9094	-0.3214	-0.0528	0.3580	-1.4305	-0.8254	1.2726	-2.6378	-0.3641
-0.7156	-0.5991	0.2017	-1.1333	-1.3386	0.0294	0.0333	-0.3273	-1.3658	-0.3356	-1.8979	-1.8423	-0.3094	0.4734	-1.4201	0.3798	-0.5959	-0.8837	0.0889	-0.9241	-0.6326	-0.9977	-1.1826	0.1821	0.0697	-0.9890	-0.7309	-0.7978	0.2007	-0.3313	1.1756	-0.4920	-1.0881	-0.7599	0.7936	-0.1523	-0.7356	-0.7345	-1.5817	0.0569	-0.8075	0.5641	-0.5994	-0.5837	-0.1722	-1.3718	1.0017	-1.5408	-0.1833
-0.9460	-0.6157	-0.1120	-2.0390	-0.6727	-0.8000	0.0113	-0.0963	-0.1794	-1.0196	-1.2695	-1.2536	-1.5499	-0.7119	-0.9447	-0.7645	0.4731	-0.5553	0.0045	0.6212	-0.4666	-1.1817	-0.7775	0.0909	-0.1112	-0.0220	-1.3745	-1.7499	-0.0283	-0.6561	1.1196	-0.0726	-1.2710	-0.8310	-0.1328	-0.4967	0.0420	-0.7167	-0.8097	-0.0167	-1.1444	0.7192	0.1799	-1.5368	-0.5988	-0.5887	0.9288	-0.7855	-0.4230
-1.4409	-1.2359	-1.0731	-0.7557	-0.4951	-1.6379	-0.3519	-0.2389	-1.0343	-1.0439	-0.1553	-0.4310	-1.2534	-1.6465	-1.1244	0.0798	-0.1961	-1.3916	-0.8575	0.0148	-0.4312	-0.9779	-0.7269	-1.0883	0.4226	-0.4471	-2.0994	-1.6284	-1.2349	-1.3585	-0.5702	0.2017	-1.4793	-1.6814	-1.2566	-0.7830	-1.5234	-0.4793	-1.8323	-1.5048	-0.4220	-0.0911	0.9879	-1.5649	0.0750	0.3258	1.2503	-0.8554	-0.0468
-1.0205	-0.7849	-0.6216	-1.0239	0.2922	-0.7856	0.2562	-0.0129	-0.4598	-1.0170	-1.0164	0.7626	-1.1266	-2.2864	-0.4921	0.2114	-0.1928	-1.1342	-1.1302	0.3667	-1.4446	-1.4826	-0.2192	-0.3754	1.6082	0.9187	-2.1534	-0.9903	-1.2757	-0.8356	-1.6476	0.5481	-1.1732	-1.5537	-1.8492	0.0937	-1.3916	0.5523	-1.7294	-2.3410	-0.6203	0.3759	1.6572	-1.2745	0.0124	1.8823	0.9585	-0.9676	0.1015
-1.1643	-0.9874	0.2922	-0.5153	-1.1134	-0.0287	0.2416	-0.2881	-0.9177	-1.2098	-2.6461	-1.4701	-0.2381	-2.0246	-1.3999	0.5601	0.2008	-1.4548	-1.8006	-0.0619	-0.5924	-1.1277	-1.4778	0.8925	2.1209	-0.0460	-2.7193	-0.6113	-1.5054	-0.5368	-1.6431	-0.5899	-0.9928	-2.5803	-1.7731	0.3388	-1.0724	-1.4047	-0.8954	-1.0077	-0.6978	0.4174	1.2679	-1.4591	0.6956	0.7004	0.7219	-1.2571	-1.1464
-0.8413	-0.2150	-0.3594	-1.7568	0.0935	0.0017	0.0052	-0.3744	-1.5631	-1.2422	-1.2182	0.1728	-1.2673	-2.0311	-1.1026	-0.0640	-0.7510	-1.1974	-2.4118	1.1947	-1.3026	-1.4942	-0.9324	-0.6602	1.0416	0.4569	-1.9345	-0.1729	-1.4798	-1.5678	-2.0316	-0.4868	-0.6162	-1.0502	-2.0251	0.6977	-1.4833	-0.0830	-0.7061	-0.9401	0.1158	-0.9590	2.8728	-0.1407	0.4959	0.7858	1.5366	-2.4319	-0.8691
-0.8634	-0.3545	0.8383	-0.8959	0.1489	-0.3333	0.3858	-0.3822	-0.7807	-2.0429	-1.3613	-0.2513	-0.9252	-0.4976	-0.5642	0.7132	-0.4004	-0.0863	-1.5825	0.2846	-0.7933	-1.0024	-0.3127	-2.3143	1.6571	-0.3842	-0.7613	0.2269	-0.0074	-0.2840	-1.8368	-0.4205	-0.4981	-0.7459	-0.9196	1.6010	-1.4488	0.4476	0.9334	0.3980	0.5836	0.0223	1.9765	1.1297	0.5322	1.9127	1.2127	-1.0827	-0.8362
-0.2117	0.2379	0.8974	-0.4644	-0.3178	0.4863	-0.1269	0.1002	-1.1085	-0.1193	-1.1527	-1.2330	0.7260	-0.1097	0.1283	2.3789	-0.1996	0.5744	-1.0659	-1.3878	1.0294	0.7625	-0.5920	-0.4505	2.0156	-1.0823	0.2066	0.3236	1.3212	0.4146	-1.4135	0.3933	0.0171	-1.1965	-0.3841	1.5840	-0.4993	0.5641	1.1213	0.5867	0.7421	0.6389	0.6366	2.4751	1.1770	0.7038	0.5017	0.7232	-0.8976
-0.0251	1.5212	-0.3142	0.0376	0.1394	0.8046	0.2036	-0.5449	-0.1225	0.2707	0.4290	0.2447	0.6704	-0.3343	1.1434	2.6369	0.2146	0.7040	-1.5083	-0.0969	0.8780	0.2439	0.4786	-0.9012	-0.0446	-0.6789	0.9901	1.4136	1.0551	1.2916	-0.8156	0.7252	0.4213	-0.2217	-1.3131	1.8305	0.7770	0.9876	1.4934	1.6191	0.7827	0.3217	0.4949	1.2218	0.5830	-0.4331	-0.5219	1.2845	0.6159
0.0436	1.3595	-0.8650	0.0895	0.3419	-0.6341	0.2756	-0.1844	-0.4629	1.1190	0.7638	0.6391	-0.0522	-0.0074	1.0410	2.1109	-0.5249	0.4986	-0.4718	0.9452	0.1943	0.5523	0.4109	-0.0000	-0.6938	0.3039	0.5517	1.5436	-0.0464	0.4716	-0.7537	0.0957	0.5819	-0.3193	-1.4873	0.8860	1.3256	0.4840	0.6932	0.1326	0.7213	0.4969	-0.6478	-0.2854	-0.0420	-0.6610	-0.9475	1.6326	1.4850
-0.1945	0.4678	-1.0991	0.2517	0.4968	-1.7313	0.5346	0.1660	-1.3080	0.9274	0.1556	0.3447	-0.2682	-0.2501	0.3834	2.0233	0.2284	-0.2971	-0.3058	0.4001	0.2219	0.3894	0.8437	1.2546	-0.6294	0.7308	-0.6265	1.3937	-0.7653	-0.4059	-0.9912	-0.4025	0.9107	-0.3009	-1.7073	0.2917	0.9822	0.6561	-0.4793	-1.5155	0.1634	0.1370	-0.7631	-0.5939	-0.0437	-0.7199	-0.9813	0.7465	1.6488
-0.2791	0.3271	-0.1960	-0.7231	-0.2813	-0.9081	0.2535	0.4165	-0.2373	0.3313	0.5282	0.7562	-0.5113	0.3334	0.8891	1.8611	0.2673	0.3347	0.1256	-0.1393	-0.1063	0.6020	1.0045	0.6528	-0.4017	0.0404	-0.3951	0.5481	-0.6288	-0.1867	-0.2776	0.2857	0.5609	-0.8126	-0.9733	-0.0320	0.4914	0.2671	-0.6697	-1.2686	-0.1905	0.0908	-0.5638	-0.4655	-0.5886	0.3034	-0.4359	0.3649	1.0051
-0.3377	0.1761	0.2302	-0.5274	-0.7374	0.5653	0.1239	0.0190	-0.5032	0.3647	0.9161	-0.2282	-0.1607	0.3488	0.0598	1.7601	0.1403	-0.2283	-0.5556	-0.0227	0.5679	0.4256	0.2414	-0.0811	-0.2055	-0.5346	0.4409	0.9662	-0.6128	0.1867	-0.6120	-0.0200	0.5409	-1.3433	-0.6105	0.2158	-0.4204	0.1133	-0.5952	-0.9235	0.4836	-0.5794	-0.6428	-0.1294	-0.0489	-0.9396	-0.2398	0.4497	0.7803
0.1702	0.5809	-0.3056	-1.3625	0.4167	0.1240	-0.2101	0.2063	0.8629	0.6299	0.2506	1.3360	-1.1234	0.1739	0.6608	-0.0952	0.9269	0.7077	-0.6038	0.4503	0.2714	0.2582	0.2618	0.2885	-0.7024	0.4675	1.1243	0.1597	-0.0720	-0.4828	-0.1434	0.0291	0.8313	0.2541	0.0915	0.1800	0.0740	0.6541	-0.3007	-0.0282	0.2966	-0.6985	-1.1059	1.1220	-0.3910	0.4599	0.0893	1.2885	0.7334
0.3636	0.5166	-0.6676	-0.7090	0.1686	0.1136	0.1156	0.6344	1.2128	0.2526	-0.3105	0.6627	-0.8265	0.6130	0.0297	-0.6930	0.9927	0.5136	-0.3899	0.5861	0.6761	0.7479	-0.5059	0.9834	-0.3456	0.4161	0.7138	-0.7251	-0.1978	-0.0132	0.3737	-0.2697	0.4969	0.1675	0.1268	-0.7782	0.5588	-0.5003	-0.5484	0.0476	0.0388	-0.4983	-1.0710	1.0567	-0.2050	0.2133	-0.4843	1.7613	1.0976
0.3109	1.0006	-0.3765	-0.8708	0.9321	0.3521	0.1377	0.6600	2.1334	-0.7585	0.2781	0.5007	-0.9047	0.9565	0.5059	-0.4898	0.4627	1.3324	0.1027	0.6199	0.9086	0.6560	-0.0130	0.0585	0.3289	1.2320	1.0123	-0.6819	0.1701	-0.2893	0.3630	0.7168	0.8637	0.7086	0.0307	-0.5682	0.4857	0.6319	-0.1466	1.5990	0.1204	-0.0709	-1.3175	1.1071	-0.2052	0.5079	-0.3035	1.6833	1.2597
-0.0058	1.1414	-0.6775	-0.8950	0.7663	0.3622	0.1205	0.7535	1.1871	-0.5686	1.0193	-1.4298	-1.2488	0.7367	-1.0424	-0.8441	-0.3905	0.3668	-0.2589	1.3668	0.9737	0.6882	-1.0138	0.8296	0.3794	0.9726	0.9146	-0.0127	-0.2518	-0.5415	0.9854	-0.1553	-0.0624	0.7181	0.4739	-0.8549	0.8229	-0.2611	-0.1994	0.9234	1.0423	-0.2069	-1.3366	0.4478	-0.6013	0.1724	-0.1761	1.6272	0.7143
0.4517	1.4228	-1.2455	-0.5668	2.0185	0.5225	1.1637	0.8421	1.7519	-0.7807	1.4471	0.3109	-1.2605	0.0257	-0.0487	-1.2291	-0.4867	0.2548	-0.1467	1.9436	0.6130	0.7868	0.2134	0.4636	0.0044	1.0401	1.3421	0.4064	-0.0090	-0.2008	1.2980	0.5483	0.7032	1.5629	-0.1792	-0.3609	0.9101	-0.0733	-0.3675	0.1939	0.7830	-0.4939	-0.8285	0.6727	-0.2025	0.2177	0.0647	1.1888	-0.3053
-0.7905	-0.1082	-1.1676	-0.0465	1.9558	0.3056	1.0398	0.1725	1.4247	-0.1990	0.6369	-0.5091	-1.4031	0.6011	0.4686	-1.7397	0.1862	0.5468	0.4882	0.9030	0.2235	0.9417	1.4283	0.9691	-0.0278	-0.1027	1.2385	0.6581	-0.1309	-0.2807	1.2094	0.4402	1.1653	0.8019	0.0128	0.5048	0.3634	-0.6017	0.7387	1.0365	1.3014	0.3247	-1.1503	0.3250	-0.2179	0.9766	0.4959	1.3390	-1.8358
-0.1991	0.2714	-0.9306	-0.2146	1.2051	0.2946	0.0977	0.8841	0.5096	0.4233	0.3713	-1.2742	-1.0547	-0.3646	0.3229	-1.2186	-0.0760	0.1977	0.7123	1.0293	0.2932	1.0286	0.4255	1.8758	-0.7879	0.4733	0.5565	1.0355	0.1244	-0.3289	1.1694	0.2364	1.4876	0.6224	-0.2495	0.1168	0.6213	0.3072	0.6352	0.2277	1.7337	0.0577	-0.7317	0.1537	-0.7186	-0.0897	1.3481	0.4705	-1.2990
0.0646	0.8541	-0.8188	-0.3570	1.1746	-0.5148	0.2082	1.1316	1.4138	0.9398	0.2877	-0.7382	-0.9058	-0.6424	0.2006	-1.4182	-0.8351	0.7580	0.2798	0.9185	-0.2373	0.5886	0.7391	0.9060	-0.6105	0.5466	0.8598	0.5617	0.2606	-0.5403	0.3969	0.9573	1.2856	0.8290	0.5145	-0.6719	0.7643	1.9257	-0.1419	0.2959	1.6776	-0.6494	-0.8545	0.6019	-1.4364	0.7697	0.8456	1.2105	0.1509
0.1486	0.9890	-0.6600	0.2051	-0.0118	0.4778	0.3835	1.0940	1.2032	0.5739	0.3551	-0.9069	0.0075	-0.4819	-0.3786	-0.4178	-1.0109	1.1363	0.4682	0.1726	0.5514	0.9926	0.4737	1.1043	0.4148	0.4647	0.7342	-0.1568	-0.0257	-0.5037	0.1927	0.5580	1.6703	0.2564	0.4517	-1.6143	0.7173	1.1400	-0.3788	-0.0890	1.4538	-0.2932	-0.8762	0.6550	-0.7256	0.2982	-1.1904	1.4795	0.1502
0.4335	0.8840	-1.0028	-0.4829	0.8842	0.8373	0.0059	1.7577	2.3116	-0.2197	0.8394	-0.2282	-0.2620	-0.4873	-0.3286	-0.5214	-0.7035	0.7639	0.7395	1.2759	0.4830	-0.1257	0.6970	-0.2629	-0.0035	1.6481	0.2612	-0.7176	0.2088	-0.6227	0.2569	1.1634	0.9595	0.8822	1.1295	-1.9002	1.6171	-0.0662	-0.1593	0.0205	0.2748	-1.3078	-0.4293	0.7067	-1.1253	0.4896	-0.3182	1.0685	0.6476
0.7604	0.1815	-0.5640	-0.3343	0.3614	0.5914	-0.8529	1.5300	1.7017	0.2812	1.1612	0.1165	-0.4030	0.4737	-0.0451	-0.8354	-0.5040	0.5537	1.4689	1.6288	1.1548	0.5835	-0.0684	0.2595	-0.6879	2.0737	0.1321	-0.9532	0.8907	-1.4861	1.5196	-0.1007	1.1933	1.1421	1.5349	-1.7017	1.2253	0.5338	-0.0373	0.4468	-0.1539	-0.8586	-0.3484	0.0475	-1.3222	0.3358	-0.2835	0.9313	0.5566
0.8458	0.1918	0.0298	0.0531	0.0830	0.7046	0.0340	1.8873	0.7684	0.5203	0.2487	-0.6620	0.2643	-0.1679	-0.2649	0.2081	-0.6030	-0.0880	1.6721	1.0920	1.1654	0.1244	-0.5766	1.4735	-0.7263	1.8968	-0.3490	-0.6458	1.6813	-0.5140	1.5059	-0.2226	1.4807	1.1862	2.2389	-1.1204	1.6034	1.0970	0.1501	-0.3897	-0.0869	-1.3097	-0.0429	-0.0609	-1.0092	-0.5913	-0.7688	-0.2632	0.5639
0.9236	0.1192	0.1290	-0.8639	-0.4798	-0.5841	-0.5876	1.7138	1.3316	-0.5506	0.1494	-0.4869	-0.1852	-0.2190	0.2265	-0.6206	-0.5542	0.1009	2.2257	-0.1157	0.6962	0.1479	-0.4369	0.4758	-0.9737	0.7383	0.0685	-0.7220	2.2465	-1.2672	1.4049	-0.4884	0.9438	0.8072	2.1928	-0.7927	1.2102	1.3687	0.0495	0.5756	0.5881	-1.9123	-0.0337	0.7090	-1.7827	-0.1251	0.0221	-0.0075	-0.2222
0.6277	-0.6642	-0.3279	0.1181	-1.1270	-0.2668	-0.5682	1.3840	0.2183	-0.1696	-0.2259	-1.5687	0.8891	-0.7318	-0.6692	0.2984	-0.9332	-0.5848	0.8959	-0.8926	1.0262	-0.1892	-0.9905	-0.1054	-0.4421	0.1776	-0.4154	0.4833	1.4468	-0.8734	1.1111	-0.0818	0.3076	0.2864	0.7185	-1.3726	0.7853	0.8099	-0.1641	-0.3588	0.6971	-2.1502	-0.3141	0.2074	-0.8414	-0.7719	-0.4954	0.3286	-0.9147
1.0452	-0.3668	-0.6049	-0.3602	-0.4457	0.4652	-0.9940	1.3419	0.2379	-0.6228	0.0876	-0.9839	0.6152	-1.1601	-0.0830	0.1991	-0.3203	0.5970	0.4704	-0.4993	0.7468	-0.6001	-0.1816	-0.1065	-0.4018	1.3054	-0.6579	0.3208	1.3069	-0.1430	0.8884	0.4832	-0.1257	0.2784	-1.5589	-1.2724	1.0974	0.4269	-0.1260	-0.0531	-0.0537	-1.4089	-0.3790	-0.1331	-0.8246	-0.9241	0.3372	0.3470	-0.6768
0.9510	-0.6171	-1.4438	0.1188	-0.5592	0.6646	-0.7521	1.4559	-0.2326	-0.6595	0.0236	-1.1952	0.0030	-0.7884	-0.5017	-0.3670	0.0738	-0.1823	-0.5327	0.0391	0.5895	-0.3778	0.3644	0.6754	-0.6546	1.3875	0.4467	0.4148	-0.2201	-0.3776	0.4293	0.0159	-0.5024	-0.4931	-1.5536	-0.7098	0.8595	-0.3479	-0.2344	-0.4933	-0.0998	-1.2174	-0.6330	0.1926	-0.4533	-0.3462	-0.2706	0.4953	-0.6282
0.3668	-0.4621	-0.8074	-0.2759	-0.6350	0.3295	-0.7605	1.7613	-0.8170	-0.4609	0.9436	-0.0593	-0.8973	-0.9299	0.3071	-0.8865	0.6218	-0.3803	-0.5530	0.0002	-0.2507	-0.5813	0.1171	-0.5353	-0.4478	1.5842	0.8877	0.4885	-0.6848	-0.6036	-0.1152	0.5000	-0.1625	-1.0453	-1.7129	-0.4898	0.9139	0.6368	0.0466	0.3950	-0.1297	-0.4068	-0.2022	-0.9050	-0.4475	-1.5886	-0.5592	0.2821	-0.0675
0.3035	-1.1503	0.2961	0.3075	-1.0154	0.0414	-1.8114	1.2208	-1.6779	-0.3179	0.3277	-0.2616	-0.9626	-2.0109	0.7349	-0.5444	1.6979	-1.0401	-0.5470	-0.5727	-0.5209	-0.5489	-0.5056	1.1043	-0.4352	0.4373	0.3789	0.3947	-1.3823	-0.7676	-0.6878	0.3516	-0.5975	-2.4117	-1.1405	0.7381	1.0676	-1.2010	-0.3683	1.2971	-0.2280	-0.1392	-0.7027	-1.5708	-0.1613	-1.5152	-1.1954	-0.3537	-0.1861
0.4024	-0.5732	-0.4338	-0.1826	-0.4236	0.1754	-1.7539	1.5455	-1.4385	-0.8733	0.0931	0.9431	-0.0624	-2.2008	1.3628	-0.4661	1.7385	-0.8318	-1.1129	-1.7262	-1.4338	-0.7869	-0.4165	-0.3621	-0.7608	0.5169	-0.2437	0.1008	-1.5171	-0.7881	-1.0604	0.9328	0.2445	-1.0014	-2.1685	0.5104	0.1146	-0.1083	-0.1668	0.2379	0.0892	-0.0965	0.0860	-0.4033	-0.2455	-0.6317	-0.0708	-1.4455	-0.8308
0.3600	-0.0197	-0.6885	0.9481	-0.9581	-0.9854	-1.4078	0.9411	-1.4063	-0.2959	0.7307	0.5703	0.4574	-0.9993	0.4589	-0.9199	1.8178	-0.6761	-0.3401	-2.0495	-1.5582	-0.6905	0.4062	-1.2117	-0.7730	1.3628	-1.0476	-0.6810	-0.2565	0.6952	-1.1138	0.7074	-0.9223	-0.3466	-0.9797	0.0072	0.1775	-0.0311	0.3705	1.3220	0.8443	0.2502	-0.6047	-0.2692	-0.8018	1.5169	1.1167	-1.0277	0.5970
0.4299	1.2252	1.6092	2.8786	-1.3341	0.3772	2.6089	-0.6299	-1.5706	2.4554	-0.1892	0.8451	1.4710	2.0516	1.9887	1.6983	0.9949	-2.0091	-0.3521	-1.8387	3.0811	0.5277	-1.4287	-2.1074	1.2779	-0.6549	1.3908	-0.0373	2.3794	4.2095	0.3464	-2.7417	-1.2165	1.6024	1.3895	2.8199	-1.0867	-0.0302	2.6378	3.5388	-0.1313	3.0229	-0.2946	1.5621	3.8216	2.1998	1.2288	-0.0095	1.9666
0.7377	0.7167	2.7964	2.5561	-0.2293	-0.0234	2.2269	-1.7886	-0.1577	0.7216	-1.0806	0.7173	1.9903	1.7870	1.2805	0.6746	1.2299	-0.2893	-0.0263	-1.6385	1.5369	0.5051	-1.1550	-1.6539	1.0253	-3.4036	0.4873	-0.6202	0.6820	2.8103	0.1009	-2.1877	-0.4522	0.9694	0.4735	1.4146	-2.5683	-1.2239	1.7406	1.3659	-0.8321	2.9815	-0.2315	0.8195	3.0458	-0.0947	0.3091	-0.2819	1.2318
0.5329	1.3573	2.7970	2.7400	0.2700	0.2021	1.1003	-3.8703	0.8988	1.1549	-0.3550	1.1684	2.5266	1.2832	1.2335	0.3064	0.2680	0.9550	0.2340	-1.6223	-0.2027	0.2641	0.9069	-0.7546	0.5713	-3.3555	1.1993	-0.2024	-0.3402	2.5960	0.1098	0.3966	0.2328	0.4276	0.3610	1.3084	-2.3531	-1.2191	0.6556	0.1170	-0.5127	2.3786	-0.2114	1.5240	2.4216	0.8338	-0.2254	0.3229	1.4022
0.2068	1.5647	2.9909	3.0179	0.9308	0.3358	0.9789	-3.3956	0.9733	0.6152	-0.6084	0.8568	2.4144	0.6918	1.4370	0.5140	0.3804	1.4386	0.4147	-0.8010	0.2094	0.5378	1.7957	-0.9733	1.7032	-3.0270	1.4526	-0.1383	-0.3350	3.7915	-0.7205	0.3751	0.1905	-0.1127	0.4043	1.6606	-1.4613	-1.3985	0.8137	-0.3483	-0.7173	2.8057	0.2752	1.0398	2.5083	1.7681	-0.6978	1.6524	1.6187
0.6661	0.5987	2.9110	2.4588	0.5521	-0.0604	0.4482	-2.3869	0.6527	-0.0399	-0.7331	0.7002	1.7389	1.6919	0.4274	0.3775	0.0373	1.1266	0.4024	-1.4386	0.3970	1.0570	0.5944	-0.8722	1.1871	-3.2943	1.1363	-0.5025	0.2520	2.8346	-1.1305	-1.4119	-0.2509	-0.2667	0.6066	1.5414	-1.6901	-1.1547	1.8289	-1.0053	-1.0836	2.4830	0.5675	0.3539	2.1855	0.7480	-1.7428	1.4361	1.1215
1.3856	-0.5081	2.5070	1.7911	-1.2068	-1.4556	1.6457	-2.1262	0.4391	0.6647	-0.1120	1.2216	2.1942	2.5654	-0.5492	0.8817	-0.9755	0.4505	0.6614	-1.9386	-0.0453	1.0531	-0.6224	-1.3724	0.7488	-3.2499	-0.3135	-1.1523	0.8725	2.0731	-1.2111	-1.9068	-0.1801	-0.2530	1.0129	-0.0235	-1.5629	-0.3790	1.8638	-1.2544	-1.2253	1.9047	0.9529	-0.2609	2.3743	-0.8013	-2.8071	0.4257	-0.1686
1.6153	-0.7563	1.1736	0.6907	0.3094	-1.3292	2.2219	-1.4082	0.8890	0.3027	-0.5189	2.1545	2.0509	1.2839	-0.4925	0.6626	-1.6776	-0.2894	0.4570	-1.0939	-0.5830	0.0580	0.2651	-1.8837	1.1775	-3.0470	-1.2365	-1.0950	0.2709	2.0794	-1.0855	-0.9102	-0.6406	0.2279	1.5933	-0.1414	-2.3316	-0.6334	0.9645	-1.7734	-1.7899	1.2469	1.2315	-0.0380	2.5900	0.0360	-1.1677	-0.4309	-0.5971
1.5431	-0.5864	0.5422	-0.5134	0.0161	-0.9561	2.0735	-1.3098	0.7494	0.6342	0.2940	0.8977	0.9428	1.4807	-0.4290	-0.4139	-1.3608	-0.4652	0.4793	-0.6812	-0.4178	-0.4052	-0.0445	-2.0646	1.6508	-2.4871	-1.0203	-1.0838	-0.1655	1.3358	-0.1491	-1.2457	-0.7670	0.5388	0.8277	0.6557	-1.2173	-0.4099	1.6472	-1.2002	-1.5984	1.3189	1.1852	0.1036	1.9832	-0.3163	0.7872	-0.7078	0.0680
0.6380	0.8430	1.2195	0.5542	0.8054	1.2875	2.4436	-2.2798	1.4274	1.7065	1.2346	-1.6117	1.0823	2.6187	0.3610	0.4500	1.6511	-0.4023	1.7247	2.4453	0.1103	-0.5550	1.5547	-1.2171	2.2979	2.1621	1.7799	2.6697	1.0175	1.8587	-0.0742	1.3478	-1.0975	1.2915	1.6542	2.0874	1.8558	1.2643	1.8024	0.2565	0.1638	1.1349	0.9913	0.9596	-0.1145	1.6528	2.6274	-0.0363	1.0054
-0.3419	-0.3267	1.5121	-0.5818	0.3194	-0.1916	0.4126	-1.9706	-0.6588	1.3506	0.6583	0.1972	0.4556	0.3341	-0.9265	-0.8659	1.1049	-0.7047	0.9823	0.4441	-1.3207	-0.8974	0.2097	1.1586	-0.4159	0.3629	-0.4234	0.9159	0.3629	-0.2756	-0.7293	0.1601	-2.2062	-0.4290	1.2492	-0.7983	1.1210	-0.1216	-0.2047	0.5301	-0.1256	0.0927	-0.0965	-0.7133	-0.4952	-0.3261	-0.7438	-0.5835	-0.5676
-1.2176	-0.7952	-0.1182	-2.1185	-0.2201	-0.4925	-0.6696	-1.3496	-0.6748	-0.5067	-0.0736	0.7925	-0.6045	0.3323	-1.2468	-2.0381	0.0067	-1.3429	-0.2192	-1.0055	-1.6853	-1.1852	-1.1100	0.7210	-0.9485	-0.5545	-1.3345	-0.6744	-0.7859	-0.0887	-1.2468	0.5785	-2.3973	-0.5581	0.6537	-1.6731	-0.4496	0.1599	-0.7100	-0.2182	-0.6075	-0.4482	0.0824	-0.6958	-0.3194	-0.4992	0.2442	-1.2352	-1.3301
-1.6857	-2.2264	-1.6594	-1.4810	-1.0935	-0.3305	-1.0022	-1.8201	-1.4890	-0.6033	-0.4826	-1.0433	-0.9695	-0.5279	-2.2357	-1.9482	-0.3022	-1.4843	-0.9882	-1.7363	-1.4362	-1.7070	-2.0476	0.1998	-0.8632	-1.4212	-2.0514	-1.0481	-1.4416	-0.8854	-2.1795	-0.2518	-2.0771	-1.3414	0.3757	-1.2606	-1.3135	0.0912	-0.7524	-0.3136	-0.9107	-0.8530	-0.7623	-1.7168	-0.0018	-2.1324	-0.4950	-1.8965	-1.5737
-1.8965	-2.3420	-1.7881	-0.6730	-0.4057	-1.0008	-1.0986	-1.3433	-1.3174	-2.1372	-1.6859	-0.9701	-1.8498	-0.6475	-1.7225	-1.9744	-0.7378	-0.2199	-1.5588	-1.2761	-1.6487	-1.9537	-1.2792	-1.2184	-0.2612	-0.3159	-1.9088	-1.9193	-1.4399	-2.1886	-1.9983	0.2825	-1.7686	-1.3847	0.3248	-0.4200	-2.1145	-0.8818	-1.0423	-0.7052	-1.1148	-0.8777	-0.5971	-1.0785	0.2112	-0.9858	0.9501	-1.9949	-0.9525
-1.4033	-2.1275	-1.6298	-0.1125	-1.3425	-0.3980	-1.3156	-0.9165	-1.7455	-1.7590	-1.9414	-0.9914	-1.1916	-0.3551	-2.0242	-0.8457	-0.5925	-0.7592	-1.2953	-1.0157	-1.4766	-1.8782	-1.6576	0.1804	0.2665	0.4504	-2.5660	-1.9764	-1.7784	-1.0491	-1.8979	0.1947	-1.6872	-0.4441	0.5390	0.0598	-1.4201	-1.0470	-0.9213	-1.3772	-1.2812	-0.6305	-0.2070	-0.7605	0.1983	0.4739	0.8210	-2.0311	-1.5969
-0.8992	-1.5543	-1.9176	-0.5960	-1.4291	-0.4711	-0.3066	-1.2911	-1.2632	-1.6231	-1.3709	0.2257	-1.0348	-1.1259	-0.8944	-1.2039	-0.5211	-0.7424	-1.0614	-0.1571	-1.3437	-2.0651	-1.1053	-0.7363	0.0562	0.7894	-2.1759	-1.5771	-1.1910	-0.5927	-0.4807	-0.6963	-1.1346	-0.1835	-0.1578	-0.2548	-1.3033	-0.1692	-0.6879	-0.3465	-1.2643	-1.0237	0.6675	-0.8580	0.0072	0.5485	-0.9441	-1.6391	-1.7435
-0.9208	-2.0003	-1.8590	-1.2069	-1.9229	-0.6128	-0.3460	-1.9317	-0.4621	-1.1443	-0.9356	-0.4047	-0.5302	-0.4018	-0.5884	-1.0532	0.0600	-1.0403	-0.6640	-0.6039	-0.4400	-1.5895	-1.5108	-0.1587	0.0654	-0.3272	-0.9455	-1.4200	-0.5682	-0.3617	0.0112	-0.5586	-0.8342	-0.9514	-0.1176	-0.7790	-1.0024	-0.9609	-0.3082	-0.3214	-1.3849	-0.3148	-0.2014	-1.2027	-0.2441	0.4861	-0.1150	-0.2142	-0.7659
-1.3802	-1.5494	-1.4465	-1.2296	-0.8884	-1.3431	0.3277	-1.0087	-1.2935	-1.0319	-0.6975	-0.0557	-1.4692	0.1345	-0.7959	-0.9346	0.2380	-3.0818	-0.5300	-0.1701	0.1475	-0.8659	-1.8288	0.7835	-1.1786	-0.5513	-0.9181	-1.5360	0.4255	-1.6244	0.7012	-0.8872	-0.3448	-0.1837	-0.2358	-0.3277	-1.4557	-1.7858	-0.0198	-1.3272	-1.5354	0.2147	0.1178	-0.5603	0.0516	0.2475	0.7807	-0.7907	1.0684
-1.8469	-1.6438	-0.4330	-1.0841	-0.9669	-1.1526	0.7102	-0.8985	-0.2661	-0.6698	-1.8803	0.7216	-1.5045	0.8845	-1.1007	-1.9843	0.7372	-1.7764	0.4172	0.1708	-0.7289	-1.2443	-1.5606	-0.0910	-0.7388	-0.8247	-0.0514	-1.1017	1.0489	-1.9963	0.3599	0.2189	-0.2080	0.0077	0.2279	-1.0009	-0.7792	-0.2235	-0.1550	0.0426	-0.9091	0.3929	-0.7283	-0.3573	-1.6176	-0.6051	-0.2779	0.1110	-0.4410
-2.6665	-0.3395	-1.1721	-0.3819	0.2536	0.3179	-0.9693	-0.6693	-0.9062	-0.4975	-2.2183	1.4553	-1.4899	0.7307	-1.7715	-1.7424	0.3847	-0.7799	0.1828	2.2153	-0.3632	-1.1081	-1.3631	0.1489	-0.2187	-0.5387	-0.3907	-0.2362	1.0065	-1.2004	0.0154	0.5807	-1.2203	0.8075	-0.4079	-1.0217	-0.1451	-0.9774	0.0749	2.4752	-0.9965	-1.0629	-0.6454	-1.2553	-1.7989	-0.1854	1.1975	0.3974	0.3120
-1.3848	0.3411	0.5286	-0.5454	0.0848	0.2251	-2.5144	-1.1446	-1.5515	0.1537	0.0034	-0.3001	-0.9638	1.2532	-1.0488	-0.9402	-0.2058	-0.2730	0.2797	1.1087	-0.3474	-0.7371	-1.4546	-0.1600	-1.4832	0.3430	0.3806	0.6732	0.7749	-1.3440	1.1181	-1.2874	-1.0831	0.1389	-0.5919	0.5761	0.0488	-1.3906	0.4361	0.9899	-0.3148	-0.8381	0.4043	-0.7985	-0.5950	-1.1689	0.6690	-0.9713	-0.3775
-0.4521	0.3622	2.6777	-0.0320	0.6518	-0.2259	-0.7049	-0.8003	0.6614	-0.3150	-1.0626	-0.3970	0.0527	0.6275	0.5274	0.1116	0.0275	0.5201	0.2810	0.6202	-0.0433	-0.0469	0.1100	-0.0653	-1.1795	0.6767	0.0422	0.0948	1.4406	0.0063	0.6576	0.0010	-0.1383	-0.6076	-0.3335	0.3142	-0.2720	-1.0718	0.1908	1.1128	-0.6858	-0.8344	-0.0533	0.1500	-1.0359	-0.5399	-0.0520	0.0795	0.4326
0.1330	0.0656	1.1552	-0.5442	0.7171	-0.2184	-1.0266	-0.1277	0.6401	1.0059	1.0871	0.9727	1.0062	0.1911	0.9962	1.3491	-0.9066	-0.4419	0.1504	0.3524	0.3464	0.1818	0.6315	1.2333	-1.9469	1.4606	0.1034	0.6014	1.5781	0.3344	0.4033	-0.1644	0.7393	0.2136	-0.1909	0.3911	0.0717	0.8310	-0.3292	0.7955	-0.3372	-2.0400	-0.0171	0.2936	-1.1188	-0.0822	-0.5384	0.0446	0.5393
-0.7774	-0.1319	-0.5659	-1.4227	0.7791	0.0932	-0.6626	0.8215	-0.1040	1.0430	1.2855	0.9337	0.4208	-0.1160	1.2046	1.4145	-0.8939	-0.4660	-0.4343	0.9995	-0.1311	0.1112	1.4676	0.6761	-1.8211	0.6067	-0.3564	0.7620	0.6123	-0.6984	-0.1092	1.3591	1.2184	-0.3242	-1.2310	0.6153	-0.2959	1.1645	-0.9652	-0.2339	-0.2148	-1.4720	-0.4817	-0.1136	-0.8456	-0.9155	-1.1536	-0.9972	1.3181
-0.7536	-0.5403	-0.3228	-0.9896	0.5446	0.2146	0.0897	0.9350	0.1288	0.9000	0.5907	0.0131	-0.0965	-0.2947	1.3111	1.7928	-0.4924	0.7647	-0.1405	0.7943	-0.9809	0.7037	1.9191	0.6234	-0.6026	-0.0870	-0.8848	0.6250	-0.3779	-1.0669	-0.3102	1.3549	0.9038	-0.5707	-0.6219	1.2904	0.3057	0.5413	-0.9035	-0.0665	-0.0918	-0.3990	-0.9373	-0.7599	-1.3843	0.1509	-0.6562	-0.0836	1.5573
-0.6726	-0.7848	-1.0680	0.0095	0.6838	0.1627	0.1165	1.7654	-0.5349	0.4058	0.3892	-1.0807	0.5827	-1.1577	0.7812	2.3783	-0.7058	0.4513	-1.0973	0.4220	-0.0500	0.3577	1.5652	0.2569	-0.2850	-0.3167	-1.1879	0.7148	-0.8103	-1.1525	0.0070	0.4991	0.2771	-0.7899	-1.0556	0.6257	0.2455	0.4284	-1.4464	-0.8161	0.3589	-0.7041	-0.3330	-0.4140	-1.0581	-0.4248	-0.3895	0.7093	1.4170
-0.3328	-0.5590	-1.3616	-0.3373	0.7280	0.2519	-0.4413	1.7555	0.2493	0.6997	0.3497	-0.0638	0.6130	-0.8892	1.0312	2.0587	-1.4215	1.5010	-0.6844	0.5686	-0.3888	0.3383	1.3417	0.2470	-0.8173	1.0507	0.5091	1.3993	-0.8100	-1.2248	-0.6704	0.7762	0.4760	0.6344	-0.2026	1.4263	0.7546	1.2513	-0.5059	0.2182	-0.3080	-1.1961	-0.0000	-0.3398	-0.9772	-0.5287	-0.4423	0.7126	0.2836
-0.5822	-0.9574	-0.4431	1.0923	0.0829	1.1147	-0.2469	1.2399	0.2385	0.1018	0.3195	-2.1754	0.7385	-1.1448	0.5774	3.1077	-0.2900	1.5008	-0.1595	-0.1892	1.1112	1.0288	1.4933	0.6488	-0.5552	0.4541	1.5301	1.6689	-0.6618	0.5710	-0.9074	0.1549	0.6593	0.3150	0.6121	1.7576	0.3208	0.4415	-0.4591	0.4753	-0.3385	0.1264	-1.0251	-0.8286	-0.6833	-0.2389	-1.2817	1.5066	-0.7387
-1.1970	0.1187	-0.1099	0.2092	0.0682	0.3018	0.1387	0.7644	-0.3898	0.2074	0.3830	-2.7325	-0.0977	-1.0770	0.2698	2.6456	-0.1158	0.9374	-0.3924	-0.0361	0.8592	1.2932	1.1444	2.1375	-0.4522	0.2905	1.3379	0.8635	-0.5605	0.0740	-0.3189	-0.0593	0.9394	0.8691	0.6342	0.9492	0.0791	0.1738	-0.8676	-1.1882	0.2148	0.8404	-0.0200	-1.2108	-0.1180	-0.8345	-0.2214	0.9639	-0.5312
-0.3093	1.0514	0.6312	0.1414	0.7371	0.2983	0.0265	0.7300	0.3993	-1.2888	-0.3223	-0.6785	-0.1067	-0.4272	-0.5095	0.9462	1.1784	0.9250	0.3333	0.3649	0.7786	1.4256	0.2378	0.9084	0.7331	0.5544	1.6190	0.8615	-0.0728	0.0163	-0.2369	0.3936	0.4534	0.5898	0.6555	1.1024	0.6113	-0.1420	-0.6577	-0.9828	0.9562	1.3900	0.4041	-0.5225	0.9849	0.1195	0.0591	0.2716	-0.5124
0.6521	1.5045	0.2745	0.9400	0.0685	1.3104	-0.0826	1.7686	1.0047	-0.1175	-0.5613	-0.4555	-0.2900	-0.9143	-0.4965	-0.2915	-0.0053	0.5262	0.6574	-0.0069	1.0749	1.0829	-0.7487	1.7724	1.3053	0.0973	0.8056	0.8921	-0.5896	0.2426	-0.0951	0.8389	0.6326	-0.0578	-0.2748	-0.3310	1.4635	-0.8188	-0.2268	-0.2989	1.1807	0.2352	-0.0656	-0.3876	1.1029	0.1832	0.7108	0.4192	-0.2937
1.9223	2.4352	0.7487	0.7714	0.1498	0.6511	0.4546	1.7040	0.7948	0.3569	0.7521	0.9998	-0.5649	-1.3064	0.7402	-1.3254	-0.0370	0.9807	0.6849	0.0974	0.2956	1.1536	-0.3102	-0.6631	1.3485	-0.1456	0.4571	0.2846	0.1202	-0.2519	0.6639	0.2588	0.7398	0.6619	-0.8730	-0.8599	0.7694	1.4432	-0.0900	0.2112	1.9571	-0.5395	0.8580	1.0303	0.5888	0.0372	1.7359	-0.1839	-0.1804
1.8751	2.2568	-0.0860	0.1928	0.3958	0.9317	0.1527	1.3129	0.3111	0.1128	0.9373	0.6943	0.7209	0.0987	0.6555	-0.7141	0.1959	1.0468	0.1005	-0.4202	0.5374	1.2039	0.5586	-0.8792	1.0215	0.1915	0.4163	-0.2077	0.0394	0.5131	2.0938	-0.7135	0.6252	-0.1464	-0.7604	-1.2568	0.6249	0.8666	-0.4285	0.5548	3.0466	0.6402	0.5574	2.5171	0.6447	1.8563	1.2891	-0.1502	-0.9177
3.1295	2.2226	-0.1472	-0.4123	0.8059	0.4279	0.4325	1.6874	0.3801	0.0708	1.4709	0.9629	-0.2332	0.3282	0.4599	-0.7450	0.8464	0.8830	0.4571	1.1372	0.9216	1.4592	0.5060	0.0654	1.5665	1.8328	0.6148	0.2205	-0.4135	0.2811	2.4318	-0.9407	1.8614	0.2438	-0.9364	-1.6321	1.9871	1.0582	0.9829	-0.0304	2.7297	0.6982	1.3615	2.5869	0.5001	0.8047	0.5602	0.5252	-0.3417
2.5506	1.0706	0.1817	0.9043	0.6448	0.4078	0.5720	0.9968	1.4092	0.6659	1.9074	1.8933	-0.1276	0.8189	0.5879	-0.5702	1.3237	0.8075	0.8717	1.3686	0.9774	0.7895	1.2153	-1.2756	1.2002	1.6081	1.2853	0.5310	0.0434	0.9198	1.9299	0.1853	2.4290	0.5378	0.5333	-1.6881	2.3272	1.3228	1.4063	-0.1033	1.6895	-0.0746	1.8685	2.0264	-0.5004	0.9440	-0.7825	1.0678	0.0104