IC05	IC08	IC09	IC15	IC16	IC17	IC18	IC19	IC20	IC23	IC24	IC26	IC27	IC29	IC31	IC33	IC36	IC37	IC38	IC41	IC42	IC43	IC44	IC45	IC46	IC47	IC48	IC49	IC50	IC51	IC54	IC56	IC58	IC60	IC62	IC63	IC64	IC65	IC66	IC67	IC68	IC69	IC71	IC72	IC73	IC74	IC75	IC76	IC77
-0.7173	-1.1924	0.1562	-0.1690	0.4380	0.6069	-2.0673	-0.5785	1.2559	-1.3003	-0.9711	-0.0154	1.2359	-1.3825	-0.7249	0.1702	-0.1430	0.7780	0.1352	-0.5907	0.2456	-1.1195	-0.7802	-1.4143	-0.7577	0.6464	-1.0284	0.9728	0.4561	0.0389	-0.7975	1.5431	0.2867	-1.6424	-0.7722	0.0489	-0.7872	-1.3976	-0.0325	-1.3524	0.9284	-0.3991	-0.1349	1.2870	-0.7110	-0.0344	-1.7156	0.0929	-1.2652
0.2265	2.3465	0.7497	0.3462	1.3710	0.1034	-1.1091	-1.3462	1.5159	1.1191	0.5525	0.4060	0.8242	0.3098	2.1823	0.0899	-0.5263	1.2599	0.2833	1.4829	-0.8153	-0.6884	1.0974	0.0759	0.2727	2.5927	0.3082	1.4162	0.1369	-0.1276	0.1306	1.6592	0.5260	0.5770	0.0669	0.7127	-0.2782	0.6117	0.1043	-0.6106	0.7102	-0.3721	0.3590	1.5603	-0.2201	2.8437	1.0685	1.3120	1.1453
0.1670	1.5469	0.7698	0.5951	0.6730	1.5856	-0.7229	-1.0082	0.1096	1.4356	0.1556	0.0986	1.0315	1.0906	0.8480	0.2396	0.1145	1.2666	0.0903	-0.1777	0.5200	1.0709	-0.5117	1.5962	0.5018	1.6312	1.8294	1.2768	-0.0430	0.1669	-0.4792	-0.0443	1.1480	0.8532	0.6786	0.6237	1.6385	-0.3925	0.0893	-0.2742	0.2819	0.6697	-0.1924	0.3351	0.7466	0.7154	-0.9306	1.5690	0.5279
0.2362	-0.1431	-0.7324	-0.5027	0.7558	0.8409	-0.8366	-0.8918	-0.5121	2.0621	0.1099	0.0179	0.2305	0.9700	-0.4146	-0.6727	0.0495	0.7723	0.2684	0.5676	-0.7364	0.4301	-0.6640	0.7947	0.4293	0.4736	0.9398	0.8266	-0.4527	-1.7282	-0.6014	-0.6576	1.1582	0.9075	0.9523	-0.0422	0.8565	0.2359	0.1842	-0.6239	0.1118	1.5303	0.0593	-0.6982	0.6159	-0.2365	-0.1098	1.5757	1.1315
-0.0366	-0.2532	-0.2177	-1.0957	0.7842	-0.1357	-0.7398	-0.5629	0.5042	1.2968	0.3076	1.5327	-0.4452	1.2455	-0.3934	-0.7251	0.1742	0.6966	0.2765	0.8077	0.1484	0.2286	-0.0089	0.4086	0.5373	0.0741	0.9890	-0.0842	-0.2099	-1.7132	0.1386	0.2130	1.0111	0.5575	1.3907	-0.0349	0.1665	-0.2680	0.0435	-0.4941	0.0783	1.7875	0.1548	-0.4828	-0.1778	-0.6200	-0.6974	0.8934	1.3087
-0.4700	-0.7682	-0.1760	0.4962	-0.6078	0.6306	-1.1704	-0.0282	0.9031	0.4779	-0.0737	1.4578	0.6704	1.3072	-1.6288	0.0788	0.8515	-0.3404	0.9885	-0.4648	0.7097	-0.1853	-1.2275	1.3386	-0.2947	-0.4844	-0.0651	-0.6123	0.3322	-0.8240	0.4735	0.1569	1.0742	0.1861	-0.0427	-0.5963	0.2082	-1.2051	-0.3423	0.0213	0.8110	0.0275	0.5990	-0.9060	-0.3388	-2.0825	-1.6909	-0.4290	0.2579
0.7095	-0.6400	-0.9826	0.4733	-0.2540	-0.1256	-0.5583	0.1789	-0.2805	2.2997	0.2829	1.9782	0.2538	0.3810	-1.4253	0.6609	-0.1041	-1.0541	1.0328	-0.3366	-1.0809	-0.9730	-0.0405	2.2422	-0.2545	-0.5798	-0.4247	-0.9714	0.2046	0.1734	0.5873	-0.1404	-0.5403	0.8374	-1.2429	-1.1895	-0.1651	-0.6257	-0.7149	-0.0145	-0.2527	-1.2317	0.3520	-0.8772	-0.7507	-1.2668	0.1821	-1.1087	0.4434
-0.1422	-0.8206	-0.2709	0.0067	-0.9702	-0.3708	-0.8033	0.0405	-0.5939	0.6036	-0.0353	0.8036	0.0476	0.2594	-1.8453	0.2666	-0.0811	-0.9072	0.6458	-1.0952	0.1577	-1.0434	-0.2342	0.5079	-0.2334	-0.2584	-0.2017	-0.3395	0.1037	0.0762	0.0504	-0.6704	-1.1268	-0.3672	-0.9686	-0.3398	0.3089	-1.5276	-0.3799	-0.5069	-0.3119	-0.8454	0.2925	-0.6253	-0.0013	-0.8447	-0.9848	-0.7328	0.0121
0.1435	-1.2918	-0.0317	0.0631	-2.5949	0.5314	0.4847	0.0994	-1.2901	-0.3397	-2.1919	-1.8690	0.4714	0.1620	-2.6755	-0.5813	0.7235	-0.3718	0.7693	-1.3007	-0.1112	-0.8112	-1.3901	-0.5136	-0.4356	-1.1888	-0.3457	0.4830	-1.0236	-1.0310	-1.3991	-2.0956	-2.0018	-1.0637	0.1706	-0.2730	0.7464	0.0052	-0.0117	-0.4326	-0.6246	-0.6709	0.1964	-0.3452	1.4587	0.0921	0.5831	-0.3604	0.5865
-0.5772	0.3342	0.8900	-0.4627	-0.4018	0.4530	-0.2625	-0.1645	-1.4835	-2.2292	-0.1545	-1.5169	-0.8418	0.2052	-1.3174	-0.9754	0.7219	-0.6085	-0.4491	0.2192	-0.3642	-0.4812	-0.4264	-1.5869	-0.8385	0.0235	-0.5423	-0.3645	-0.3921	0.1529	-0.7780	-1.6276	-0.7775	0.1544	-0.1454	0.1653	-0.1140	1.1935	0.2872	-0.8941	-0.4143	-0.4006	-0.0119	0.2926	0.8267	-0.0297	1.5760	0.4422	-0.5544
0.1861	0.8095	1.8319	-0.5639	0.1120	-1.6716	0.2106	-0.6612	0.5504	-0.3162	0.6449	-0.2419	-1.2706	0.5207	1.1533	0.2164	-0.2619	-0.3912	-0.1835	0.5502	-0.1696	-0.8880	0.2362	-1.1689	-0.6392	1.0289	0.2995	-1.4816	0.3560	0.5152	0.8365	-0.2761	-0.3889	1.3122	0.1998	-0.0931	-0.1431	1.3540	0.3316	0.8375	-0.2177	-0.8739	0.0978	0.8536	0.5057	0.7942	1.1918	0.9883	-0.3631
-0.7769	-1.2417	1.7549	0.4269	-0.8788	-0.7299	-0.5748	-1.1276	0.6053	-1.7446	-0.1955	-0.8656	-0.0861	-0.5807	-0.3902	0.4589	-1.4353	-0.1456	0.8959	-1.1931	1.0092	-0.8165	-0.3465	0.6915	-1.6548	0.3754	-0.4976	-1.5703	1.0352	1.0111	1.4039	0.1289	0.1083	-0.1080	0.0304	-1.6451	-0.1857	-0.2290	0.1842	0.2897	0.2225	0.9476	-0.6952	-0.1433	-0.8611	-0.5236	-0.9525	0.3240	-1.6118
-0.7787	0.1041	-0.6190	0.1863	-0.3186	0.1695	0.3576	-1.2108	0.7740	-0.9401	-0.0482	0.5023	1.3684	-1.4833	0.3501	-0.1890	-2.2707	-0.6212	0.3357	0.0805	0.1040	-2.0081	0.8034	0.8157	-1.1216	0.0711	-1.2624	-0.4654	0.7095	1.5219	0.6590	0.8894	-0.3174	-0.5033	-0.8801	-1.7405	-0.6902	0.7828	-0.5985	1.0037	-0.7075	-0.6426	-1.1122	-0.1380	-0.8040	-0.0409	0.2445	-0.3857	0.0991
-1.0182	0.4303	-0.1789	0.3823	0.3891	-1.1402	0.9470	-0.9892	0.7481	-2.1508	0.6434	-0.8551	0.7770	-0.6576	0.2823	-1.0819	-0.4620	-0.6194	0.1901	0.4368	1.2565	-0.4788	0.3067	-2.3209	-0.1649	-0.2054	-0.5552	0.3193	0.6134	1.1742	0.3123	-0.1354	-0.4205	-0.5271	-1.1591	0.4461	-0.8023	0.5627	-0.6998	0.2234	-1.2629	-0.2439	-1.3232	0.0971	-0.6762	-0.8123	-0.8220	-0.7010	-0.5551
-0.6875	-0.0728	0.2270	2.0101	1.3017	-1.1104	1.7774	-1.4171	1.0553	-1.7709	-0.4484	-1.7655	0.9776	-0.6185	0.7954	-0.4408	0.3476	-0.0895	0.5088	0.2585	1.9735	1.6756	0.0428	-1.4240	0.3434	-0.7473	0.0255	0.5088	0.4283	1.2002	0.1570	-0.2705	0.7527	-0.4937	-1.2326	0.5067	-1.4524	0.7082	-1.1170	-0.4123	-1.3963	-0.1709	-1.9859	0.6574	-0.9326	0.2857	-0.7651	-1.0480	-0.8404
0.8542	0.0402	-0.2644	1.9111	1.1104	-0.8856	2.5536	-0.8738	1.2321	-0.9301	1.1355	0.3528	-0.5309	-1.0888	2.4096	-0.3277	-1.4945	-0.6252	0.4677	0.8556	0.5793	1.2427	0.8886	0.3351	-1.2332	-0.3895	-0.5762	-0.1212	1.4083	1.7926	0.9901	-0.1056	1.8176	0.3127	-0.0325	-1.0095	0.4555	1.9304	-1.5326	1.4174	-1.5090	-0.6988	-1.7526	1.0614	-2.0591	-0.4519	-0.2349	-0.6463	-0.5050
-0.1519	-1.1658	0.1341	1.1379	-0.0905	-0.6253	2.4004	-1.0985	0.4827	-0.5456	0.6142	-0.6122	0.6424	-0.5065	0.8817	0.1264	-1.0929	-1.2332	0.6098	-0.3827	1.7280	0.6912	-0.7401	-0.2128	-1.8617	-1.5283	-0.1706	-1.1882	2.0740	2.0647	1.0375	-1.6351	1.5416	-0.8685	-0.2949	-0.9983	0.3082	-0.0523	-1.7467	1.2980	-1.7785	-0.9666	-2.1039	1.0631	-1.7855	-1.6099	-1.9745	-1.3083	-0.9328
-0.5058	-0.5624	-0.3534	1.0893	-1.6040	0.4158	2.6648	-1.0910	0.4130	-1.1851	1.5157	-0.9186	1.4437	-0.1259	0.0716	0.0567	-0.6373	-1.8256	0.4837	0.2560	0.4891	0.4619	-1.1376	0.5259	-1.8442	-1.0648	-1.1909	-1.7670	1.9162	0.9194	0.7073	-1.8786	1.1866	-0.4633	-0.8666	-1.6396	0.4135	1.5939	-1.0918	1.4087	-1.8505	-1.5498	-2.1787	1.7188	-1.9059	-1.6784	-0.9646	-1.2057	-0.5078
-0.0475	-0.7994	-0.5701	0.6137	-1.3365	-0.8293	2.4539	-1.0271	0.7299	0.3548	0.7526	-0.5318	0.2269	-0.3982	0.3686	-0.4891	0.2229	-1.6473	0.2276	-0.1692	0.8219	0.4570	-1.0538	0.1631	-1.1480	-2.0685	0.3111	-2.4714	1.3951	0.3792	0.9391	-1.2853	0.1162	-1.0402	-0.4845	-1.5109	-0.1740	1.5914	-0.2870	1.7232	-2.3394	-1.3392	-2.5428	1.9342	-0.9907	-1.8865	-1.5306	-1.3156	-0.6678
-1.2020	-0.1147	-0.7406	0.4102	-1.7631	0.6111	2.3269	-0.9389	-0.1198	-1.1923	1.5989	-0.4889	0.5836	-0.3268	-0.9992	-1.0680	0.0854	-1.8629	0.0843	-0.1426	1.6066	0.4620	-1.2523	-0.2623	-1.2421	-1.8515	-0.1262	-1.9411	1.0862	1.0245	0.9121	-1.8390	0.0238	-0.9299	-1.0929	-1.7643	1.2006	1.5657	0.2650	1.7757	-1.7849	-1.2742	-2.0028	-0.1160	-0.7834	-2.1822	-1.9233	-1.2248	-1.1745
-1.0475	-0.6476	-1.4719	0.2379	-0.7768	1.2437	1.8153	-0.5870	-0.2828	0.8366	0.3588	-1.3151	-0.5486	0.0664	-0.1955	-1.2139	-0.5407	-1.6284	-1.1987	0.4272	0.7328	-1.3779	0.1647	0.0933	-0.5245	-1.2109	-0.8678	-1.1693	0.0350	1.2934	1.1697	-0.8911	-0.8676	-0.0772	-0.8248	-0.7981	0.1225	0.5585	-0.4490	1.5164	-2.2707	0.2342	-1.5180	-1.4136	-0.5838	-1.7348	-0.4246	-0.1834	-0.2094
-1.8848	-1.1497	-1.3669	-0.1392	-0.8122	0.2381	1.8330	-1.0356	-1.5189	-0.0517	-1.7757	-2.1710	-0.1159	-0.0487	-0.6555	-1.1117	-0.1532	-0.8529	-1.1772	0.0449	1.8299	-0.0721	0.2787	0.6395	-0.0218	-1.8856	-1.1184	-0.6810	-0.1103	0.6951	0.9050	-0.2190	-1.1047	-1.4431	-1.2894	0.2410	-0.9067	-0.1701	-0.9861	-0.1821	-1.4813	0.8089	-1.5036	-2.4052	0.2638	-1.7820	-0.4734	-1.2425	-1.0271
-1.7906	0.8162	-1.2485	-0.2119	0.0932	0.5241	1.8944	-0.8508	-1.8132	-0.1007	-1.4337	-0.6630	-0.0274	-0.3839	0.1827	-0.9187	-0.3326	-1.5146	-1.2168	1.3937	0.0913	-0.8674	1.8897	0.9953	0.0631	-0.8076	-2.4589	-0.6210	-0.4034	1.0862	1.3561	0.2127	-1.1968	-0.8674	-1.9048	-0.2053	-0.9483	0.6651	-0.6843	-0.2524	-1.4675	0.5053	-0.9886	-2.7189	0.0538	-0.8875	1.6634	-1.5664	0.0006
-1.4829	0.9012	-0.8224	0.0068	-0.6065	1.1559	2.0100	-0.0772	-2.4003	0.5228	-1.2044	-1.1218	0.0980	-0.7257	-0.3472	-1.1326	-0.1457	-1.3482	-1.1227	0.7199	0.6399	-0.0165	1.8651	2.1784	0.0891	-0.2450	-1.9489	-0.4124	-0.5751	1.2306	0.9173	-1.2914	-0.7585	-0.9308	-0.9884	0.6552	-0.3293	1.0381	-0.0891	0.1955	-1.2455	-0.1940	-0.8460	-2.6082	0.6304	-0.6899	0.7404	-1.5766	-0.5529
-1.9328	1.2281	-1.9014	-1.6333	-1.0718	0.3970	2.1769	-0.0336	-2.6993	0.8310	-0.2958	-0.5105	-1.0182	-0.5531	-0.7320	-1.9195	0.3132	-1.5107	-1.6153	1.3551	0.3220	-0.2690	2.2323	1.9107	0.2345	-1.8487	-2.2037	-1.6295	-0.4404	0.6208	0.2488	-1.4046	-0.2768	-1.2850	-0.1646	0.5958	-0.1026	1.2608	-0.0605	0.3539	-1.3727	-0.4925	-0.9226	-2.5269	0.8755	-0.8553	1.5210	-1.9089	0.1196
-1.6349	1.1782	-2.1200	-1.2235	-1.0041	0.4919	1.6842	0.1014	-1.4278	1.5426	-0.3916	-0.0642	-2.1006	0.4836	-0.8713	-2.1851	1.6220	-1.2099	-1.0552	1.8285	0.4467	0.0228	1.8549	1.0327	0.5873	-1.5918	-2.1698	-1.4164	0.3054	0.1124	1.0444	-1.1076	-0.6983	-1.2455	1.1137	0.7230	-0.8090	0.5022	0.1774	0.8724	-0.1118	0.6298	-0.3106	-1.8607	0.5039	-1.0306	0.5835	-0.9334	-0.1309
1.9926	3.3782	-3.2440	-3.2716	0.7456	-2.8120	1.7138	1.0320	3.2176	1.6871	1.0139	4.1479	-3.9449	2.2588	-0.9986	-1.9857	1.1408	3.0965	1.4659	4.2160	-2.9860	0.7423	2.8963	-0.7553	2.1387	-0.9331	-0.4985	-0.2805	0.4217	-3.1174	-0.7695	2.7910	-1.9966	-0.1239	1.1338	-0.8663	1.2018	-1.1411	2.8965	2.7293	3.4505	0.8101	4.3174	-0.3053	0.8014	4.5935	2.1541	1.1095	4.6644
2.6704	-0.0666	-2.0892	-1.5255	1.5219	3.2776	-0.2081	2.7666	1.8406	-1.1739	-0.3137	1.9462	-3.2444	2.0492	-0.4917	-0.3986	2.5167	2.8191	0.0843	1.1071	-4.6594	3.2368	1.0209	-2.8222	2.8698	0.3555	2.3561	1.8668	-1.3440	0.9627	-1.6759	2.2787	-1.1898	-1.1091	1.9643	1.4121	1.1323	-4.6878	1.3984	0.4959	1.1978	0.8357	2.9546	0.0159	2.1694	3.6064	1.5999	1.0167	2.7407
1.1847	-0.8526	0.3118	-0.8528	1.0057	1.1941	-3.1490	4.2110	-0.7002	0.0683	-0.1728	-0.5825	-2.4391	-1.0324	0.8666	1.3538	0.7911	0.8151	-1.4196	-1.2154	-3.7356	0.7702	0.8373	-2.2902	2.6373	0.9821	1.0973	2.1593	-2.9024	-0.4888	-1.5493	2.0542	0.2286	-0.3468	1.2078	2.2037	-0.4758	-1.7267	0.5369	-2.2229	2.5311	1.1377	2.5508	-0.0409	1.0376	2.2371	0.3768	0.4158	0.1166
0.7865	0.2123	1.5809	-1.4984	1.1311	-0.6498	-2.6122	3.8436	-0.4654	-0.4593	-1.5219	-0.6156	-0.9817	-1.3961	1.2697	2.1725	0.9218	1.4472	-1.1283	-1.6601	-2.6308	-0.4634	0.5558	-1.6261	2.5935	0.7373	0.7597	3.2611	-3.0634	-1.4964	-2.0183	1.6903	-0.2317	-0.5887	1.4529	2.8635	-1.1153	-0.5499	0.4422	-1.7608	2.7830	0.9702	2.5890	-0.4146	0.6229	1.6034	0.5161	0.6083	-0.1449
0.7031	1.0281	1.4049	-0.8711	2.1357	-0.1809	-1.5668	2.2658	-0.6021	0.0499	-0.9190	-0.8808	-0.3704	-0.7125	1.5041	2.1404	0.0398	1.4385	-1.1143	-1.1968	-1.9255	0.0489	0.3565	0.1047	2.1334	1.3446	0.2661	2.9150	-2.5270	-1.0760	-2.5250	1.1181	0.1270	-0.0572	1.4080	2.9698	-0.4136	-1.3024	0.4845	-1.3948	2.6050	1.1019	2.1635	-0.1403	0.9391	2.2630	1.3155	0.6586	-0.9978
1.0614	1.1103	1.2573	-1.3303	1.9712	-0.5453	-2.2908	2.3663	-0.8220	1.8279	-0.1599	-0.3771	-1.2973	-0.7653	1.7866	1.3882	-0.7991	1.5207	-1.7813	-0.8071	-1.3536	0.1580	0.8583	0.3164	1.9865	1.0010	0.5207	1.5249	-1.6311	-1.0343	-2.6898	1.4093	0.7909	0.9733	0.9941	1.8097	0.2905	-0.2237	1.0341	-1.0671	2.2476	1.3589	2.3755	0.5234	1.1960	2.3758	1.5089	0.8692	-0.3302
0.5701	-0.5601	1.1113	-0.1202	0.8437	-0.3524	-2.5527	2.5631	-1.2480	0.0820	-0.5634	0.2983	-1.3873	-0.7638	0.5567	1.7562	0.2461	1.5266	-1.2275	-2.2161	0.2022	0.1616	-0.1145	-1.0643	0.9482	1.1692	1.1660	1.6591	-0.8549	-1.1727	-1.3401	0.3552	0.7179	0.6541	0.8914	1.2939	0.4768	-1.7410	0.9591	-0.8459	2.2265	1.0496	2.6695	0.4482	1.3829	0.2766	-0.2087	1.2557	-0.4747
1.2725	-0.2123	0.8182	0.1450	0.2603	-0.9984	-2.8390	2.0796	-1.9672	-0.0865	0.2246	0.6659	-1.0043	0.1337	-0.0350	2.0146	0.4377	0.6379	-0.6818	-1.8256	-0.7464	0.1828	0.2691	-0.4378	0.2800	0.1700	1.1980	0.7248	-0.9496	-2.4734	-0.6402	1.2027	0.1427	0.6341	-0.1184	0.5720	-0.1533	-1.6627	0.0497	-2.1603	1.6238	0.2330	1.8919	0.3956	0.9573	0.6518	0.7327	0.5610	-0.8195
0.8295	-0.3908	1.7621	-0.3693	-0.0445	-0.8132	-2.7835	1.4230	-1.0440	-0.9273	-1.1665	1.0802	0.3515	0.3552	0.3171	2.0205	0.7376	0.6075	-0.5133	-2.0100	-0.3919	0.6099	-0.4372	-0.4257	0.9322	-0.6575	0.7228	1.0248	-0.7075	-1.3664	0.0852	1.9271	0.3091	-0.0319	-0.5674	1.0381	-0.7887	-2.3033	-0.1763	-2.0925	0.3913	0.7180	1.3722	-0.2419	0.5172	0.3926	0.5009	-0.2199	-0.8659
1.3209	-0.8606	0.9103	0.8780	-0.6363	-0.2870	-1.6374	0.9744	-1.0689	0.5046	-0.1324	0.7289	1.2639	0.5721	-0.3506	1.2758	0.3463	0.1725	-0.6644	-0.8796	-0.1955	0.1318	-1.6420	-0.2871	-0.0107	0.8285	0.7839	1.0560	-0.8935	-1.2379	0.5886	0.1999	-1.2315	1.6395	-0.4090	0.3584	0.0410	-0.5067	-0.3079	-1.2359	0.6556	-0.5359	1.7519	0.2968	-0.0492	0.3341	0.5628	-0.2294	-0.9837
1.4238	-2.2557	0.0572	0.7422	0.4855	-0.4600	-1.3422	1.4292	0.0646	-0.1420	-0.5936	1.2752	1.3595	-0.1195	0.5916	0.7247	-0.3638	1.0229	-0.4831	-0.4841	-1.5047	-0.6873	-0.2892	-0.4978	-0.1138	0.6460	1.5032	1.0268	-1.1243	-1.6011	0.1877	0.7266	-0.9805	1.1984	0.7624	0.0707	-1.3202	-0.3770	-0.2824	0.4452	0.3731	-0.1735	1.1174	0.6112	-0.7842	1.0708	0.1746	0.2636	-1.1978
0.8601	-2.0324	-0.3074	0.8327	0.3452	-0.4845	-1.1509	1.4931	-0.5752	-0.3801	-0.9015	0.0536	2.3441	-0.2106	0.1166	0.7528	-0.5379	1.5258	-0.2950	-1.4857	0.5003	0.5142	-0.4531	-0.3183	0.6276	-0.2435	1.4900	1.2169	-0.3004	-0.5778	-1.0308	1.2692	-0.4115	0.0043	0.2910	-0.1957	-1.7960	-1.0431	-0.0258	-0.3688	0.5861	1.1916	0.4177	0.5610	-0.2715	0.8760	-0.5302	0.2097	-1.3863
0.5319	0.2445	0.3524	1.1680	0.9088	-1.3516	-0.5647	1.6552	0.8238	-1.0345	0.3950	0.0179	-0.2773	-0.5908	1.2729	-0.0694	-0.3050	1.2958	-0.0665	-0.1631	-0.5699	-0.7941	-0.6614	-1.3082	0.5952	1.6231	0.5584	1.2728	-0.0148	-0.6851	-0.3606	0.1537	-0.4412	1.5530	0.3413	0.1660	-0.1624	-1.1712	0.0666	0.5189	0.1042	0.8820	1.0033	0.6475	-0.4525	0.5235	0.4123	1.0160	-0.8572
0.9354	0.0335	0.4452	0.9159	0.1927	0.2121	-0.7658	1.5347	0.8358	-0.1370	-0.7778	0.4492	1.3335	-0.0297	0.5471	1.1135	-0.2346	1.3905	0.1558	-0.7579	0.4764	0.4342	-1.0819	-0.3375	0.0728	0.9113	0.6101	0.6654	-0.0232	-0.0996	-1.0586	1.0730	0.6444	0.6220	-0.3827	-0.0014	-1.9001	-0.9718	0.1603	0.1628	0.7315	0.2815	-0.3772	1.0710	-0.0359	0.4888	-0.2519	0.9077	-1.9210
1.3760	1.1458	-0.1260	-0.2404	0.3009	0.8723	-1.0034	1.2006	1.0839	-0.6262	-0.5115	0.8814	0.5480	0.6955	-0.0009	0.7303	0.8902	1.1152	-0.1993	0.0616	-0.4074	0.7921	-0.3773	-0.3503	0.0504	0.7972	0.6409	0.2960	-0.3584	-0.5230	-0.2616	1.9426	0.4471	0.9323	0.0268	-0.3379	-1.7215	-0.4954	0.9779	-1.0258	0.4824	0.9817	-0.3850	1.6381	-0.4407	0.8279	2.0778	1.0331	0.2856
0.5915	2.7635	0.5601	-0.6054	-1.1064	0.9714	-0.6663	-0.1420	0.5948	-0.5242	-0.1834	-0.5816	-0.3406	1.1308	-0.7720	-0.0904	1.1533	1.6980	0.3077	0.7874	1.1190	1.8328	-0.9907	0.0826	0.1414	2.8921	1.1808	0.8552	0.4991	-0.9342	-0.0213	0.0811	-0.4754	1.2963	0.7554	0.6016	0.0360	0.1575	1.8093	-0.0710	1.4469	0.4406	0.6228	1.0484	0.0044	-0.3057	1.0314	1.0280	1.5202
0.9277	1.7044	0.3741	0.2783	-0.6236	1.3688	-0.8021	-0.2385	0.1549	1.1360	0.8241	0.1391	0.6588	1.4413	-0.0032	-0.3002	-0.0494	1.5011	0.2593	1.2008	1.0921	1.6290	-1.4167	0.4108	-0.2207	1.9610	1.2483	-0.2446	0.5023	-1.1154	0.0257	0.2224	0.2324	1.4890	0.4855	0.4342	-0.1800	0.5434	0.4528	-0.2846	1.1843	0.1071	0.4791	0.8401	0.5777	-0.0786	0.5924	0.5564	1.3463
1.0316	-0.7970	0.6192	0.5480	0.3647	0.3298	-1.4264	-0.0500	0.9857	0.3720	-0.6623	1.1054	0.6489	0.6458	0.6000	0.5040	-1.0956	1.5438	0.9575	0.3365	0.5021	0.7652	-1.4465	0.4901	-0.0278	1.3208	1.1533	-0.4535	0.4718	-0.7111	0.7995	0.3373	0.9664	1.7457	1.4588	0.3141	0.1331	-0.4944	0.2928	-0.2414	0.2539	1.7016	0.2678	0.5631	0.9518	0.3055	-0.6399	0.5393	1.4408
0.8901	-0.9392	-0.0388	0.8370	-0.3420	-0.7949	-1.4737	-0.2914	0.4582	0.6935	1.2945	0.4409	0.7773	-0.5022	-0.5225	0.2021	-2.1971	1.1195	1.2186	-0.4175	1.4564	0.9072	-1.0670	0.9899	-0.0660	0.1921	0.5089	-0.9416	0.8931	-0.3571	0.1857	-0.1541	0.7671	0.6389	0.8013	-0.2615	0.8295	-0.0978	0.6510	-0.5133	0.5465	1.0490	0.4104	-0.2853	0.5265	-0.0924	-1.7364	-0.7198	0.2398
1.0979	-0.5309	1.0805	0.7132	1.4525	-0.1454	-1.0411	-0.1550	0.5067	1.3322	1.1469	-0.2749	-0.6037	-1.5472	0.3617	0.3133	-1.1859	0.5795	-0.2074	-0.3376	-0.6310	-0.1612	-0.5464	0.2994	0.2278	-1.1324	0.2102	-0.2053	-0.3753	-0.1412	-0.1731	-0.2992	-1.5640	0.2274	0.4272	0.4218	-0.2606	0.2296	1.2779	-0.5916	-0.4543	-0.9172	0.0576	-0.0183	0.4905	1.5363	0.5105	0.0561	1.2921
0.7160	0.5399	0.8300	1.1015	0.2539	-0.0743	-0.4263	-0.3604	-1.1835	1.1254	0.4182	-1.4157	-0.4609	-0.9469	0.1341	1.2631	0.2511	0.1545	-0.9066	-0.8538	0.1609	1.5520	-0.0686	1.0476	-0.0203	-0.3767	0.4569	-0.0221	-1.1326	-0.2051	-1.6339	-0.9817	-2.3315	-0.0398	-0.6675	1.1447	0.0664	1.3401	1.2608	-1.7929	0.6898	-1.4526	-0.4748	-0.0589	1.4477	1.1246	-0.0419	0.3720	0.4864
-0.3872	1.0829	0.3007	0.5338	0.0058	-0.5662	0.3810	-0.4916	-0.7185	0.0003	1.3676	-0.2903	-0.1983	-1.2306	1.5600	0.8349	0.6181	0.0036	-1.4048	0.2046	-0.8251	0.2121	1.0490	0.0027	-0.0704	0.0783	-0.0331	-0.6061	-1.6457	-0.6860	-1.0550	0.3011	-0.5146	0.6231	-0.4904	0.6770	1.3384	1.2160	0.5109	-1.0346	0.6223	-0.6941	0.4477	-0.1010	1.1026	-0.2181	1.2738	0.4414	0.9084
0.0116	0.7122	0.8194	-0.0764	0.0299	-1.2256	-0.0505	-0.4115	0.0232	-0.6042	-0.3069	-0.0929	-0.0383	-0.6488	0.9496	1.2253	0.9910	0.7289	-0.1160	-0.1073	0.2739	-0.2933	0.5603	-0.3780	0.3276	1.0750	0.7428	0.2971	-1.1303	0.0070	-0.5388	-0.0262	0.1675	-0.0356	0.2690	0.6642	0.5897	0.0308	0.2634	-0.2479	0.4409	-0.5770	0.4421	0.1506	0.7364	-0.0724	1.1126	0.7275	1.5730
-0.1779	0.4949	0.8610	0.1996	-0.6954	-0.2965	-0.6469	-0.4462	-0.2869	-0.5966	1.7602	-0.4514	0.2896	0.6190	-0.3605	1.1314	1.2448	-0.1026	-0.0021	-0.5275	0.9262	0.1593	-0.3445	-0.3849	-0.0695	0.3780	0.5466	-0.0209	-0.5745	0.8095	-1.2170	-0.5662	0.5375	-0.0210	-0.0215	0.4531	1.6463	0.7107	0.6786	-0.6042	0.7506	-0.7319	0.2072	0.2332	0.3629	-0.5885	0.0602	0.2030	1.6495
0.2346	-0.4858	0.9799	0.6759	0.7146	0.2629	0.0808	-0.5718	0.0661	0.8508	0.0931	0.5906	0.8650	0.8371	0.4405	0.8825	1.6908	-1.0608	-0.3086	-0.4636	0.3551	-0.3682	-0.0362	0.5979	0.1481	1.2516	0.6550	-0.5969	-0.5591	0.3181	-0.3644	-0.2736	0.3560	-0.2680	0.2629	0.3147	1.1179	-0.2429	-0.0696	0.4317	-0.5152	-1.1310	-0.3698	0.8935	0.5599	-0.0298	-0.0920	-0.1834	2.6239
-0.5612	-0.7700	0.6245	0.9362	0.1573	0.7473	0.5471	-1.3402	-0.9767	-0.2090	0.5009	0.0543	2.2191	1.5826	0.3506	0.8750	2.0133	-1.4497	-0.0140	-0.3711	1.3567	0.1500	-0.4258	0.3346	0.3399	0.9474	0.3276	-1.0665	-0.0022	0.0831	-0.4419	-0.4505	0.1130	-0.6148	-0.1477	-0.1190	0.1257	0.1639	0.4320	0.3064	0.7483	-1.0496	0.1656	0.2477	0.4646	-0.2793	0.0192	-1.0985	0.4703
-0.7166	0.0677	0.3067	0.0365	0.4124	0.6070	0.9625	-0.9966	-0.3935	-0.0023	0.9576	1.1693	0.8612	0.7378	0.8270	-0.1539	1.9981	-1.2036	0.1098	0.5758	0.0005	-0.5390	-0.1526	-0.3439	0.1030	0.7415	0.1092	-0.2514	-0.1962	-0.2541	0.5841	-0.5938	-0.1909	0.2655	0.1760	-0.1443	0.5115	2.4427	0.6694	0.5880	0.1043	-1.0005	0.7212	-0.0415	0.5277	-0.7936	-0.0782	-0.2217	-0.1271
-0.2180	-0.7802	0.7545	-0.5894	0.3899	-0.1121	0.5109	-0.9457	0.6595	-1.1316	0.4305	1.0600	0.3423	0.9178	0.6225	-0.2987	2.1290	-0.0939	0.9413	0.4001	0.6300	0.2963	-0.2084	-1.0680	0.1688	0.0697	1.0971	0.8811	0.4579	0.6234	0.7655	-0.2462	0.9590	0.6554	1.0753	0.5836	0.1169	0.9725	0.3136	1.1342	-0.1189	-0.2947	-0.2236	0.6500	0.7373	-0.4326	-1.0320	0.6555	-1.6510
0.5726	-0.2274	0.0768	-0.0075	0.1016	-0.0938	0.0741	-0.5679	-0.1432	0.8111	1.3745	0.1047	0.0328	0.2801	-0.5450	0.3621	-0.0429	-0.9113	1.0443	0.1564	0.4129	0.5047	-0.6109	0.2826	-0.0641	0.1950	0.7313	0.0717	1.2112	1.1491	-0.1659	-0.4393	1.4761	1.4668	0.6097	-0.8371	0.5612	0.8074	0.1788	0.8138	0.3140	-0.3657	-0.6390	1.0907	-0.1751	-0.0101	0.2143	0.3883	-1.2348
0.7136	-0.8648	1.0769	-0.6153	-0.0547	-1.1028	0.3399	-0.2275	1.3714	0.7304	-0.0163	0.8373	-0.0084	-1.5095	0.2861	0.6342	-1.9649	-1.2544	1.2809	-0.2062	-0.1610	-0.7732	-0.5299	1.0810	-0.7255	-0.1983	1.1653	-0.9203	1.8488	1.0397	0.4322	-0.1301	1.8029	1.0829	1.0258	-1.5112	0.9290	0.6292	-0.1550	2.0943	-1.1516	-0.8699	-1.0786	1.8024	-1.3627	0.1148	0.6862	0.8493	-0.2251
0.0054	-1.8317	1.4886	0.0492	-1.5456	-0.5661	0.9068	-0.3732	0.3192	-1.5492	0.1850	-0.2762	1.5659	-1.1230	-1.2551	0.8652	-1.6998	-1.8558	1.6600	-1.2333	1.0830	-0.9003	-1.9671	0.2977	-0.8565	-1.1008	0.4006	-0.6614	2.9708	0.7725	0.2474	-1.8538	1.1962	0.1626	1.1778	-1.2798	0.9772	0.7978	-0.2017	2.3237	-0.2689	-1.6812	-1.2987	0.6384	-1.2183	-0.8479	-0.5336	0.5477	-1.1695
0.4946	-0.4113	0.8617	-0.4546	-0.6066	0.1883	1.2798	-0.7787	0.7873	-0.7099	1.1001	0.1442	0.0991	-0.5708	-0.3279	0.5819	-1.3478	-2.2669	0.7375	-0.8060	0.7067	-1.8243	-1.2717	0.4610	-1.1143	-1.1486	-1.1259	-1.0750	2.7686	1.1767	1.2446	-1.7691	0.0611	0.9097	0.7810	-1.5234	0.8298	2.4319	0.0434	2.5189	0.1316	-2.5441	-0.7525	0.8165	-1.1794	-0.5069	0.1025	0.4700	-0.8011
0.4549	-0.5086	0.1253	-0.5355	-0.3219	0.7492	0.4822	-0.3911	1.7814	-1.0766	-0.4683	-0.4110	0.6074	1.9256	0.2349	-0.1651	0.6140	-0.0186	1.4351	-0.1247	1.3120	-0.7402	-1.1912	-0.6701	-1.1598	0.3683	-0.4476	-0.8510	2.7438	1.0271	2.0469	-1.0907	0.6793	0.5744	1.3758	-1.1554	-0.1624	1.2424	0.5647	1.6009	0.5466	-0.5675	-0.8738	1.9601	-0.7852	-0.0835	-0.1661	1.6919	-0.1728
0.0345	-0.4415	-0.8950	-0.9444	-0.6858	1.0138	0.5010	-0.5559	1.0431	-0.0514	1.4163	1.2903	1.2785	1.2283	0.1839	-1.5653	-0.7017	-0.0029	1.6451	0.4716	1.5129	-0.0367	-0.3153	-0.4945	-1.8344	1.1655	-0.3999	-1.1959	2.2475	0.5064	1.6699	-0.4983	1.2500	0.9004	1.0880	-1.5378	1.1016	0.8802	0.1326	0.9366	0.7643	-0.1267	-0.8139	1.4871	-1.2866	-0.4836	-0.4006	1.5007	0.6407
0.0094	-1.3389	1.7457	-0.8412	-0.0950	-1.0085	0.4826	-0.6248	1.4454	2.1110	-0.4677	0.8105	0.3630	0.3607	-0.3268	-1.0506	-0.6420	-0.1271	2.4859	0.5903	-0.0101	-1.3198	-0.4096	0.4482	-1.3714	0.6741	-0.5686	-1.2846	1.3279	-0.8124	2.2669	-0.8256	0.0249	0.5217	1.5762	-1.3269	1.4293	0.2319	-0.4177	0.2532	-1.4653	1.3201	-0.4932	0.0860	-1.6558	-0.7434	-0.2029	1.2484	0.8661
-0.1631	-1.3941	0.9229	-0.0934	-0.6098	-0.8965	0.8111	-0.4131	0.6092	0.3080	0.3317	-0.2548	1.9348	0.3145	-1.4415	0.3526	-1.4049	-1.2682	2.6084	-0.4405	0.8173	-1.0900	-0.7847	0.3103	-1.3154	-0.8977	-1.3494	-1.4350	1.1198	-0.0012	1.5605	-1.1576	0.1328	-0.1415	0.1338	-1.7452	1.0331	1.0358	-0.5828	-0.8650	-0.4217	-0.5028	-0.5260	-0.7385	-0.9550	-0.1222	-0.5928	-0.3781	-0.7093
-0.2544	0.3442	-0.2743	-0.2322	0.4525	0.1718	0.5083	-0.3632	1.7202	-1.6787	0.3561	0.9214	0.2180	-1.2701	0.5852	0.0102	-1.0339	-1.4328	1.3803	0.7347	-1.2851	-1.6741	0.6201	-0.5709	-0.3672	-0.6645	-2.0642	-1.0419	0.6652	0.1024	1.3915	0.5655	-0.1603	0.0713	-1.1444	-1.2474	0.6790	0.7171	-0.0826	0.0864	-0.6147	-1.0990	-0.1125	-0.3682	-0.9608	1.2969	0.5618	0.0664	-0.4795
-0.5050	1.2143	0.2213	-1.0505	-0.8089	0.5689	0.1871	-0.7215	0.7717	-1.2510	-0.4390	0.2357	-0.6629	-0.6411	0.2138	0.3085	-0.1695	-0.4948	1.4504	1.0185	-0.2806	-0.2327	0.3949	-0.7792	0.1783	0.9695	-0.8939	0.2105	0.3083	0.4635	0.7318	-1.0614	-0.2049	0.7418	-0.5716	0.0252	0.9377	0.2146	0.3093	0.2696	-0.5435	0.3447	0.2433	-0.9504	-0.0571	0.2311	-0.6440	0.6903	-0.3702
-1.2594	1.7560	-0.6772	-1.2553	-0.1698	1.1486	0.3009	-0.8185	0.5743	-0.1878	0.0645	-0.0980	0.6253	0.4580	0.0753	0.3374	-0.1720	-0.4028	1.3874	1.8424	0.8179	0.2329	0.2952	-0.2106	0.4017	0.8519	-0.2561	0.0633	0.5495	0.8615	0.2986	-0.9939	1.2625	0.2671	-0.7374	-0.0468	1.0131	0.2971	0.1398	0.0997	1.2560	0.5020	0.1695	-0.8916	0.1993	-0.1616	-0.3008	0.7642	0.1064
-1.2610	2.3000	-0.1106	-0.7270	0.6583	0.4347	0.0148	-0.9297	1.3857	0.7781	1.1881	1.1447	-0.3953	0.8787	0.6349	-0.7801	0.7402	-0.2751	1.5003	2.1709	-0.5686	-0.2607	1.2040	1.3053	0.5913	0.5408	0.2324	-0.4445	0.6822	-0.2091	1.3731	0.1897	2.2890	0.1957	0.0484	-0.9893	1.7133	0.7852	0.0783	0.3317	0.3324	1.1945	-0.1506	-0.5794	-0.4652	-0.6799	0.5827	1.9168	1.6411
-0.7087	-0.0548	-0.3023	-0.5172	-0.2548	-0.8029	0.1245	-0.2125	-0.2038	0.6014	0.7759	1.1109	-1.0324	0.8081	-0.7428	-1.2683	0.2825	-0.6572	1.0524	0.5666	0.6948	0.4408	0.7781	2.3521	-0.0466	0.5590	0.6844	-0.2721	0.6049	-0.6947	0.6866	-0.4376	1.5873	0.3004	0.2116	-0.7659	1.1590	-0.8648	-0.4280	0.2631	-0.8332	0.5076	-0.4621	0.1214	0.0953	-0.6268	-0.7913	1.0229	2.0141
-1.7354	-2.2121	-0.3627	-0.2848	-0.2653	-0.4560	0.2649	-0.1389	-0.5353	-0.1260	0.3347	-0.6980	-0.6901	0.9508	-0.7955	-0.9176	0.8374	-1.5545	0.8554	0.1605	1.5287	0.2787	-0.0713	0.7870	-0.9516	-1.0606	-0.0385	0.9209	0.3231	0.3523	-0.2644	-0.8244	0.2590	-0.7925	-0.9635	0.1774	0.2353	0.3057	-0.9205	0.0440	0.4260	-1.0104	-0.3711	-0.0757	0.6278	-1.5495	-2.1845	0.2469	0.2206
-0.9379	0.5964	-0.1827	-0.0558	1.6127	-0.2352	0.5996	-0.4344	-0.1363	1.3327	1.1848	0.0706	-1.0468	2.0183	1.3235	-1.6462	1.0221	-1.1128	0.4759	2.4536	0.3248	0.1896	1.8945	-0.0138	-0.3144	-0.6961	0.2871	1.0480	0.7604	0.7965	0.9024	0.1011	-0.2878	0.9442	-1.0058	0.5579	-0.2427	1.4916	0.2757	0.4662	-0.5881	-0.7307	0.1956	0.0900	0.2143	0.1438	0.9219	0.2659	1.3409
-0.7172	0.6866	0.0560	0.8322	1.2489	0.9101	1.0054	-0.6317	0.0988	0.1909	0.3700	0.5773	-0.0894	1.0860	1.3413	-1.5214	0.8806	0.2395	0.1090	1.0960	0.8316	1.7530	1.9526	0.0801	-0.4215	-0.2201	0.9880	1.4243	0.3181	1.6692	1.1653	0.8477	0.5057	0.0980	-0.8587	0.9607	0.2883	0.4571	0.3460	0.6734	-0.9673	0.2045	-0.0742	0.4375	0.2151	-0.2234	-0.0154	0.1415	-0.2294
-1.0750	0.2003	-1.2778	0.4736	0.6317	-1.0802	1.4547	-1.8871	-0.0831	1.6173	1.4094	-0.4424	-0.4585	0.2523	-0.1443	-1.8686	-0.6427	-0.6395	-0.7922	0.8204	0.5006	1.0051	1.5527	1.2522	-0.7987	-0.7639	0.2348	0.4767	0.0814	0.7894	0.5575	1.1330	1.0412	-0.5723	-1.1144	0.0273	0.8309	0.9206	-0.9611	0.0591	-0.6456	0.5329	-0.2862	0.1512	0.2675	-0.9173	-0.3048	-0.4756	0.0327
-1.1795	-0.1253	-1.0853	-0.0652	0.7857	-1.2354	0.6629	-1.7745	0.0802	1.0772	0.2124	-0.8885	-2.2432	-0.0727	-0.6962	-2.0861	-0.7072	-0.4587	-0.7192	0.6671	0.3595	-0.4091	0.9497	0.3832	-0.7237	-0.7500	-0.6010	0.5099	0.7541	1.1128	0.3399	0.8361	-0.2565	-0.9696	-2.0435	-0.1484	-0.5661	-0.0512	-1.4613	0.3266	-1.1237	0.7843	-0.7710	-0.0384	-0.4091	-1.2058	-1.0894	-0.8618	-0.0725
-0.4890	0.8395	0.1636	0.5010	-0.2895	1.0062	0.7724	-1.2097	-0.0064	0.6425	-0.1529	-1.4574	-1.4468	-0.2063	-0.9063	-1.2679	0.7696	1.0122	0.2470	1.0940	0.6043	1.3381	0.0378	0.1545	-0.1465	0.4487	-0.0037	1.6925	0.2384	1.3505	-0.2679	0.0679	-1.0396	-0.2600	-1.4831	0.5525	-0.8236	0.3290	-0.9565	-0.0570	-1.1437	0.2003	-0.3136	-0.0410	-0.5107	-1.0267	-1.9573	-1.8048	-0.1475
0.0043	0.9862	-2.1024	-0.0285	-0.8378	1.5746	1.1740	-0.6360	0.7874	1.9351	0.6026	-0.2402	0.2979	-1.5062	0.2652	-0.8300	-1.7446	0.1835	-0.8052	0.4867	-0.7097	0.5355	0.2803	1.9076	-0.3477	-0.5124	-0.9283	0.4449	-0.6613	1.2781	-1.3085	1.0017	-0.2195	-0.9072	-1.1324	0.2159	0.1030	0.2127	-1.2483	-0.1105	-1.5875	-0.4329	-0.4586	-0.9193	-0.2025	0.0321	-1.3284	-2.2635	-0.1717
-0.9111	-0.4398	-2.6525	-0.0373	-1.7220	0.3284	0.5919	-0.4657	-1.0309	1.2728	-0.1028	-1.3594	-0.8335	-1.9191	-1.4106	-1.6983	-2.1216	-0.5224	-1.9663	-1.3570	-1.1984	-0.6777	-0.2387	1.6446	-1.6613	-1.3218	-2.2696	-0.5067	-0.9120	0.4059	-0.9312	-0.9452	-0.5095	-2.5264	-1.0383	0.2271	0.5419	-1.3300	-2.1698	-0.4680	-1.6060	-0.1672	-0.6375	-2.3380	-0.7366	-1.8994	-1.0615	-3.0230	-0.2440
-1.0606	-0.5692	-2.0498	0.2007	-1.3657	0.2661	0.0548	-0.5882	-1.4452	-1.1832	-0.5020	-1.1835	-0.6798	-0.3518	-2.1809	-1.7841	-0.3337	-1.0849	-1.9875	-1.5302	-0.4502	-0.8383	0.0377	-0.7361	-2.0635	-2.7017	-3.1827	-0.7771	-1.1272	1.0491	-0.5206	-0.1659	-0.6000	-3.1522	-1.8922	-0.3821	-0.8938	-0.4510	-2.5289	-1.8994	-1.1123	-0.3270	-1.9514	-1.9041	-1.0383	-1.9568	-1.6141	-2.9743	-1.6823
-0.3305	-0.3871	-1.1653	0.2340	-0.9237	0.7928	0.1971	-0.3780	-0.8825	-0.4374	-1.2112	-0.8030	-0.4844	-0.1627	-0.9184	-1.3021	0.8833	0.2401	-1.3655	-0.5706	-2.3068	-1.2115	0.2870	-1.0060	-0.8727	-2.2438	-1.7082	-0.1615	-1.7200	0.7138	0.0255	0.7327	-1.8319	-3.0159	-1.8003	0.6228	-2.2538	-1.5482	-2.5010	-1.1380	-1.8706	0.2180	-1.8600	-1.0808	-1.0977	-0.5991	-1.1984	-2.5068	-1.7182
-0.5929	-1.4612	-1.0962	0.4583	-1.7460	-0.9689	-0.4818	-0.2657	-0.4395	-1.2356	-1.6943	-1.5220	-0.2340	-0.7825	-2.0396	-0.2189	-0.6537	0.4730	-1.3324	-1.6299	-1.3279	-1.1169	-0.4999	-0.7418	-1.1446	-1.8977	-1.4512	-0.4804	-1.5308	-0.1348	-0.9437	0.0338	-1.8185	-3.2529	-1.7003	0.4196	-2.1655	-3.0924	-2.6804	-0.9348	-1.4258	-0.3684	-1.5771	-1.4094	-1.1306	-1.4251	-2.1995	-3.0392	-2.3872
-0.3691	0.0259	-1.3312	-0.4933	-0.4003	-3.0603	-0.2381	-0.4825	-0.6668	-1.2750	-1.1831	-0.4883	-1.5194	-2.1080	-1.3659	-0.5144	-2.7802	-0.6781	-1.6290	-0.6389	-1.3344	-2.3552	0.7786	-0.8219	-1.1992	-1.2050	-1.7123	-1.8223	-1.0110	-1.7089	-1.2001	-0.3497	-1.4285	-1.8400	-2.6994	-0.9511	-1.1594	-1.0733	-3.4187	-1.3977	-1.7573	-1.1533	-1.1845	-2.1995	-1.3681	-1.0758	-1.0900	-3.6193	-0.1736
-0.3471	-0.8525	-0.3245	0.3944	-0.9261	0.2444	-0.3199	-0.4125	-0.3694	-2.8785	-2.8882	-0.3791	0.7322	-1.6671	-0.2313	0.0052	-1.9513	-0.5003	-1.2812	-1.3424	-1.6093	-2.6479	-0.2998	-2.1403	-0.3543	-1.2731	-1.6926	-0.1742	-1.2948	0.6120	-0.5994	0.2923	-2.2377	-2.0126	-1.8036	-0.7150	-2.5608	-0.7117	-2.2273	-0.2058	-1.4424	1.0262	-1.2663	-1.5467	-2.0112	-0.6532	-1.0242	-2.4205	-0.5314
0.0042	-1.3101	-0.6375	0.8020	-0.8196	0.9730	-0.0663	-0.2083	-0.5600	-0.9085	-2.4381	-1.0718	1.6419	-1.8212	-1.2359	0.6689	-1.3572	0.4931	-0.9457	-1.5222	-0.3894	-1.2983	0.1749	-0.2259	-0.4670	-1.1370	-1.3394	-0.1063	-1.0831	0.9223	-0.9375	0.6119	-1.6189	-2.1640	-1.1030	-0.6133	-2.7830	-1.6378	-1.0803	-0.5011	-0.6855	1.3136	-1.6683	-0.0089	-2.2301	0.4680	-0.5277	-1.3725	-1.1727
-0.4864	0.9684	-0.4278	0.4799	0.1011	-0.3745	0.7744	0.0756	-1.3553	0.0265	-0.8365	-2.3814	0.6211	-1.3805	-2.0334	0.4253	-0.1805	1.2328	-1.2858	0.1594	-0.2122	-0.8383	0.6418	-0.5127	-0.0322	0.3362	-0.5329	0.4392	-1.1703	-1.3203	-0.8245	-0.1618	-0.8430	-1.1437	-0.8858	0.1225	-1.1092	-1.3643	-1.0044	-1.0279	-1.1443	-0.1377	-0.7542	-0.7581	-0.1076	0.2082	0.5017	-0.6576	-0.5122
-1.0294	1.5743	-0.8261	-0.1227	-0.4751	-1.0118	0.1617	0.1044	-0.2180	0.2735	-1.3680	-1.4686	-0.0055	-0.9837	-0.9054	0.4039	0.3234	0.6438	-1.8871	-0.5697	-0.1198	-0.5859	0.0364	-0.7675	0.7153	-0.0831	0.0803	-0.3113	-1.4408	-1.0032	-0.6316	0.8455	-0.4734	-2.0104	-0.7516	0.0085	-0.7960	-0.2092	0.4366	-0.7590	-0.6249	0.6723	-0.3140	-0.8928	0.9789	-0.1481	0.1103	0.6011	-0.4474
-1.5593	0.7521	-0.9622	-0.4631	-1.2195	-1.0350	0.1548	-0.1366	-0.3394	-1.3559	-1.3925	-1.3297	0.4879	0.2978	-1.0414	-0.5634	-0.0171	0.5268	-0.7678	-0.4651	-0.6862	0.1001	-0.2329	0.0020	0.8170	-1.0604	-0.3153	-0.6852	-1.2068	-1.2137	-1.3109	-0.1626	0.0263	-1.4853	-0.0020	-0.1117	-0.0768	-0.9146	0.9969	-0.7671	0.4506	0.6532	-0.1388	-1.3314	1.0925	0.0543	0.1683	0.8292	-0.5014
-0.7609	0.5772	-0.7740	-0.1380	-0.0310	0.9861	0.1859	-0.2337	0.3608	0.5561	-0.7436	-0.2987	0.2335	-0.1290	0.2512	-0.2665	-0.9310	0.1468	-1.3168	0.6091	-0.6632	-0.2198	1.1360	-0.3878	1.1221	-1.1601	-0.4263	-0.8121	-1.1948	-0.3482	-1.1634	0.3255	-0.6621	0.2298	0.1766	-1.1460	-0.3111	-0.0310	0.4432	-0.9814	-0.4182	0.3463	0.4964	-1.3591	0.3805	-0.2089	1.0398	0.1524	0.7411
-0.5385	-0.3020	-0.7988	0.9802	0.6250	1.5792	0.2385	0.2022	0.5532	-0.1889	-1.4669	0.2322	0.5128	-0.5793	0.4346	0.1718	-0.9143	0.5991	-1.1947	0.7576	0.1933	-0.6569	0.7750	-2.3115	0.6109	-0.1818	-1.1540	0.3077	-0.8883	0.0970	-0.2251	0.4626	-0.7174	0.5732	0.7144	-1.2055	-1.3267	-1.1187	0.1411	-0.0798	-0.3177	1.0418	0.8239	-1.0440	-0.3090	-0.4402	0.4966	0.5003	0.3316
-0.2773	0.4589	-1.1568	0.2349	-0.0866	-0.2523	0.6631	0.1552	-1.0016	-0.1025	-0.1116	-0.3143	-0.2252	-0.3389	-0.5564	-0.3109	-0.7497	1.3573	-0.4971	1.0648	-0.2305	0.0892	0.5521	-0.9882	0.4731	-0.1593	0.1783	0.4726	-1.4215	-1.3053	-0.7499	0.3668	-0.8971	0.4796	0.4723	-0.1384	-0.5877	-0.5951	-0.1796	-1.1350	0.3019	0.3325	0.9215	-0.9310	0.8767	0.6824	0.9503	0.2595	-0.1654
-1.0139	0.3320	-0.0755	-0.6580	0.0946	0.2156	0.1023	0.3006	-1.2557	-0.4124	-0.9809	-0.3497	-0.8979	-0.0483	-0.3575	-0.1826	0.4190	0.9935	-0.9639	0.1787	-0.6318	0.2378	0.8128	0.4977	1.3955	-0.2730	-0.2475	-0.0638	-1.0197	-0.8195	-0.8942	1.1741	-0.8781	-0.2187	-0.1005	0.3171	-0.9602	0.4664	1.0990	-1.2932	0.2399	1.9735	0.3514	-0.7564	-0.3577	0.6230	1.1440	0.4197	-0.3778
-0.7561	0.6954	0.8153	-0.7688	-0.2603	0.9365	0.2282	-0.1589	-1.6059	-0.2247	-1.7087	-0.2701	-0.0345	0.6062	-0.0112	-0.0154	0.9937	1.8412	-0.7346	0.1594	-0.1010	0.8151	1.1770	2.1157	1.9352	1.6198	0.2494	0.5241	-0.9049	-0.9900	-0.8149	1.0275	0.2499	-0.6615	1.1339	1.3331	-0.8906	0.4485	1.0449	-0.2017	-0.2415	1.5446	0.0358	-0.4204	0.7365	1.2290	0.9551	0.3812	0.0135
-0.8970	0.6826	-0.0740	-0.0504	-0.9547	1.9355	-0.1701	-0.3096	-1.5639	0.3620	-0.8204	-0.5541	1.7101	1.3595	-0.1085	0.0365	0.1075	1.5250	-0.7036	-0.1855	1.1797	0.3252	-0.1143	0.6229	1.6925	0.1238	0.1065	0.2856	-0.2583	-0.3573	-0.9471	-0.0382	0.7538	-1.1025	1.4146	0.5317	0.1918	0.2387	0.3391	0.3264	0.8813	0.7013	0.6291	-0.7542	1.8918	0.0853	-0.6999	0.5322	-0.2210
-0.1068	0.8170	-0.1784	0.4526	0.3490	0.6464	-0.3801	0.1379	0.1816	0.3522	-0.4459	0.2473	0.1967	0.9036	1.5226	-0.4071	0.4566	0.7660	-0.8972	0.5224	-0.4351	-0.9037	-0.2910	-0.0850	1.7458	0.4413	0.1705	-0.8140	0.1019	-1.4506	-0.5861	0.3721	0.7682	0.7647	1.7394	-0.0548	0.7914	-0.4294	0.9991	1.2460	0.2942	0.3846	1.0986	0.3140	1.3679	0.7989	1.1164	1.1887	0.7098
-0.0862	-0.3483	0.3965	-0.6250	0.4828	-0.8219	-0.9961	0.4743	-0.8960	0.1709	-1.3913	-0.1010	-0.2250	0.7428	0.4393	-0.5238	1.0798	0.3062	-1.1258	-0.8366	0.6508	0.5689	-0.9309	0.5928	1.8156	-0.2206	1.1150	-1.1561	0.1396	-1.9021	-1.0727	-0.5906	0.6570	0.8422	2.0079	-0.0610	0.6808	-1.4479	1.8521	0.1026	0.2097	1.4316	0.2411	0.4102	1.7659	1.2781	0.8111	0.5298	0.5592
-0.1834	-0.6919	0.5177	-0.5240	1.1981	-0.4366	-0.5508	0.2318	-0.9952	-0.0294	-1.0514	0.4290	-0.0333	0.2946	0.1262	-0.4073	0.3306	0.0357	-0.1525	-0.3273	0.7041	0.5797	-0.1453	-0.0437	1.6089	-0.8396	1.0993	0.1248	0.1023	-1.0033	-0.3133	-0.6907	0.4810	1.2325	1.6312	-0.2802	-0.2201	0.3833	1.9097	0.0043	1.5313	1.0925	0.6370	0.0024	1.5349	0.9132	1.2522	0.5257	-1.0851
0.3966	-0.8611	0.5536	0.3456	1.7771	0.4236	0.1671	0.4934	0.7870	-0.9092	0.6887	1.2775	-0.1707	-0.6503	1.1466	0.1792	-1.0089	-0.5232	0.6041	0.7769	0.1228	-0.1627	0.3278	-1.0204	0.3904	-0.2164	0.6307	0.3840	0.7813	0.4746	1.2933	-0.9987	0.4891	2.5429	0.9565	-0.6897	0.5224	-0.2574	1.9537	1.1617	0.7897	-0.1518	1.0034	0.9107	0.2640	0.8875	1.0937	0.9507	-0.2894
1.1547	-0.7439	1.7787	1.5168	1.3421	0.4273	-0.4224	0.8073	1.4479	-0.2411	-0.2755	0.7412	0.0489	-0.1410	0.8782	1.1176	0.4558	0.1049	1.3959	0.6409	1.2758	0.7258	-0.0296	-1.9683	0.0525	0.9830	0.5957	0.8006	1.7080	0.6310	1.7495	0.1663	1.5470	1.7854	1.0211	-0.9274	-0.6431	-0.0477	1.1695	1.5277	0.8463	-0.2353	0.6260	2.4242	0.0304	0.0025	-0.0946	0.9975	0.7322
1.7961	-0.1237	1.2322	0.4110	0.8549	-0.8802	-0.2973	1.2257	0.8726	0.7361	2.2886	1.2139	-0.7949	1.5963	0.3928	0.5508	0.9044	0.0332	1.6613	0.4308	0.1101	1.3443	0.3950	0.4088	-0.0976	1.3195	0.5379	0.5982	1.9331	-0.5545	1.4496	0.3826	1.7715	2.1826	1.1685	-0.6470	0.7240	0.0518	0.8272	1.0301	0.3020	0.3106	0.6091	2.4755	-0.0191	0.3107	0.4800	1.8442	0.8028
1.2874	-0.2137	0.8796	-0.8077	0.4114	0.2541	-0.1675	0.8983	0.8599	0.9007	0.9968	1.5155	-1.1530	1.6467	0.9284	0.5412	0.6751	-0.0598	1.1297	-0.3536	0.3756	0.9936	0.3519	0.5450	0.0595	0.1986	0.7397	0.3836	1.7337	0.4796	0.1266	0.1381	0.0804	0.8667	0.8042	0.6104	0.4873	0.3458	0.7047	1.6794	0.0840	-0.3340	0.4170	1.5616	0.0208	0.2021	-1.4196	1.4649	0.9584
0.5749	-0.9713	0.9184	0.1243	-1.1528	0.5102	-0.1771	0.9577	0.4212	-1.3311	0.7207	0.0169	-0.7741	0.1997	0.8911	0.6344	0.6709	0.1420	0.9286	-1.0106	0.5147	1.3557	-0.2034	0.5160	-0.2899	0.0766	0.8586	0.7926	0.5424	0.5453	-0.7315	-0.6912	0.0449	-0.6629	1.3767	2.2625	0.6665	-0.4156	-0.1674	0.9100	0.8950	-0.4077	0.2074	0.9184	0.3084	0.0637	-1.9356	0.8558	0.5452
0.8988	0.0139	-0.0014	0.0836	-0.4490	-0.0070	0.6240	0.5990	-0.4866	-0.2015	1.8066	0.0056	-0.0046	-0.9237	0.3079	0.1134	0.2110	-0.3052	0.0106	0.3602	0.0428	0.9328	-0.5443	-0.4849	0.2769	-0.2342	0.8964	0.3724	-0.4482	0.1639	-0.8210	-1.0811	-0.1817	0.5097	-0.1523	1.1546	0.8351	0.6440	-0.5108	-1.5638	0.3759	-1.1624	-0.0748	0.1867	0.8482	1.4014	0.3957	0.1107	0.9793
0.8355	1.1521	-0.1745	0.3653	0.6725	-0.2719	0.4830	0.3036	0.6884	0.1808	1.0661	1.4899	0.1655	-0.9384	2.0641	0.0059	0.5091	-0.3761	-0.2174	0.6240	-1.5509	-0.2440	0.0425	-0.3255	0.8650	0.3924	0.4831	0.2542	-0.6474	-0.1206	0.9928	0.7223	-0.3710	0.5971	-0.3676	0.5173	0.1482	0.1794	0.8425	0.2144	0.0718	-0.4966	0.8152	-0.1285	0.1963	1.0841	1.8624	0.4302	-0.0707
0.9238	1.0917	0.2980	0.9385	0.1040	1.3204	-0.2801	0.6557	-0.4720	0.4909	-0.4666	0.3133	1.7869	-0.0114	0.0902	1.5992	1.9954	-0.9069	0.0868	0.3638	-0.4437	1.0414	-0.8268	1.1390	0.7562	1.6244	1.0455	0.1263	-0.7327	0.3087	0.4543	-0.5007	-0.7559	0.2126	0.0512	1.4226	0.6119	-0.0530	1.0889	0.0063	0.6686	-1.1137	0.9449	-0.2147	1.0191	0.7604	1.4222	-0.1175	-1.2036
0.5079	1.6185	-0.4324	-0.6600	1.2890	-0.5581	-1.0189	1.5293	-0.4566	0.1808	0.0010	0.2719	0.0764	-0.1313	-0.3539	0.2621	2.3432	-1.2718	-0.2000	0.5612	-0.7594	0.2163	-0.7527	0.4467	1.1263	0.7923	0.6252	-0.6899	-0.4237	-0.0142	0.1946	-0.2945	0.3672	0.4621	-0.3431	1.7137	0.6521	0.1209	0.9772	-0.7088	0.6557	-1.0051	0.6313	-0.4322	0.9975	1.0115	2.8102	-1.0115	-2.0015
0.1580	1.9739	0.0054	-0.2736	1.9257	-1.0469	-0.8020	1.3420	-0.2084	0.7104	0.0094	-0.2222	-1.1151	-0.6614	1.0132	-0.1205	2.3121	0.3139	-0.9523	0.1848	-1.0414	0.3323	-0.7515	-0.7371	2.4068	0.8291	1.1583	0.4169	-1.1142	0.3112	-0.5527	0.2085	0.0397	0.1526	0.1456	2.1820	-0.3909	0.2513	1.8097	-0.8850	0.7366	-0.1851	0.7078	-0.5951	1.3590	1.3136	2.8437	-0.2920	-0.8983
0.2952	0.9974	0.3735	0.3885	0.7879	0.5696	-0.7887	0.8251	-2.1111	0.2434	-0.1723	-1.0979	0.1533	0.6496	0.3172	0.6749	1.7531	0.7016	-1.0516	-0.6797	-0.1592	1.8855	-1.3406	0.7613	2.4180	0.7045	1.4639	0.4493	-0.8980	0.9829	-1.3901	-1.3335	0.1933	0.5199	0.6525	1.6496	0.3951	0.0583	2.2162	-1.2339	1.1673	-0.2795	0.8308	-0.0662	2.5455	1.9783	1.9984	0.2659	-0.5341
0.3899	-0.4897	-0.0251	-0.2151	0.8649	-0.4587	-1.0888	1.0545	-0.9748	0.4881	0.2885	0.5610	-1.0092	0.4012	0.8227	0.7256	1.2155	-0.2824	-1.2903	-0.8366	-1.4163	0.1648	-0.5744	0.3400	1.3212	0.0532	0.8274	0.3949	-0.8579	-0.5978	-0.7346	0.1753	0.6054	1.3472	0.7630	0.5187	0.4212	0.0306	2.0407	0.8215	1.1288	-0.4115	1.1988	1.0614	2.7475	1.1840	1.6547	0.7535	-0.4765
1.1067	-1.6049	0.1194	-0.2535	0.5232	-0.8316	-1.0546	1.4352	-0.6114	0.2093	-0.2144	0.7479	-1.3451	0.4914	-0.1300	1.3298	1.0832	-0.4052	-0.1014	-1.3454	0.2139	0.1589	-1.0452	0.4990	0.3605	0.0771	1.2471	0.7559	-0.0812	0.1212	0.4634	-0.0712	-0.5478	1.2718	0.8291	0.5260	0.5779	-0.8552	1.5247	1.3882	0.6513	0.3355	0.6055	1.0029	1.1799	0.2133	0.1988	0.8179	0.0653
1.6096	-1.3663	0.2809	0.0798	-0.9581	-1.7011	-0.6735	1.6853	-0.8633	-0.0956	1.2416	1.2137	-1.2069	1.3730	-0.0700	1.5289	-0.0286	-0.5135	1.5394	-0.7282	0.6254	0.4686	-0.3850	0.3131	-1.3581	0.4144	0.9073	-0.1977	0.4173	0.2164	1.9044	-0.4302	-0.2091	1.7980	0.1304	-0.6450	0.8659	-0.0700	-0.4613	0.3769	0.1844	-0.2880	0.3003	1.0469	-0.3211	-0.2752	-0.4231	0.2104	0.0717
1.2168	-2.3052	0.9181	-0.3068	-0.2876	-1.3933	-1.6816	1.6552	0.7500	-1.4610	0.6209	1.8844	-0.4190	0.6348	0.6099	1.4907	-0.3641	-1.4135	1.1310	-1.1371	0.1153	-0.6625	-0.4412	-1.2021	-2.1120	-0.2810	-0.5393	-0.5809	0.7753	0.7641	2.0841	0.2184	-0.2120	1.2100	-0.1364	-1.0752	0.2807	0.2057	-0.3256	-0.2728	1.2039	0.1743	0.4836	0.5048	-1.9071	-0.5035	-0.5710	-0.4419	0.2752
1.8750	-1.2653	0.9857	1.7314	0.6785	0.0275	-1.2812	1.0582	-0.0992	-0.0470	-0.9496	0.7275	0.5936	0.5119	0.7291	1.6135	-0.1634	-0.6868	1.0666	-0.4548	1.0792	0.0029	-0.6061	-0.9637	-0.8427	1.9844	0.0657	0.4164	0.9170	0.7363	1.3948	0.1149	-0.8926	1.5179	-0.0756	0.2773	-1.6240	-0.2038	-0.0574	-0.4746	0.9558	-0.1234	0.2416	0.9058	-1.2507	0.7126	0.2088	-0.9251	0.3165
1.7777	0.4090	1.0605	1.8062	0.3809	-1.3355	-0.9710	1.0503	-0.1066	-0.0279	1.6549	-0.0179	-0.6215	-0.0521	1.2015	1.1745	-0.6318	0.5836	0.7912	-0.4958	0.1396	0.9618	-0.5689	-0.3259	0.2789	2.1554	0.1739	1.1853	0.8703	-0.1783	0.5273	-0.7056	0.0826	1.9612	0.0582	0.9251	-0.2984	0.1013	0.2689	-0.2484	1.6223	1.0936	0.9585	0.6309	-1.1356	0.5844	0.2863	-0.2092	0.7789
2.2690	0.5807	0.5135	0.4104	1.0875	-0.4023	-0.0238	0.7065	1.3077	0.7185	1.0613	0.5631	-0.7645	-0.6884	1.9376	1.1737	-1.0730	1.1914	0.7318	-0.7313	0.6299	1.5741	-0.2864	0.9826	0.6379	1.8084	0.9595	0.9836	1.0238	0.0619	-0.3948	0.0178	0.6204	1.2901	-0.3174	0.9185	-0.0270	-0.5682	0.7301	0.1606	0.4237	0.4266	1.0712	1.3074	-0.4977	0.8216	-0.2419	0.7071	1.7797
2.0717	-0.8270	-0.5387	1.1572	0.4202	1.5140	0.9668	0.8099	0.8399	1.3578	1.4655	0.2451	0.6291	-0.2204	0.3856	1.2733	-1.2864	0.4916	0.3874	-0.5727	0.9692	1.8889	-0.1367	1.1976	-0.4844	2.2674	1.2699	0.7617	0.0062	0.2897	-1.1106	0.0063	0.6105	1.0374	0.2005	1.6160	0.2039	0.5886	0.1574	0.0449	0.5260	-1.6185	1.3792	1.8758	-0.5587	0.6052	-0.6909	1.4375	1.8873
1.3663	-0.5051	-0.0202	1.1106	-2.0576	1.8037	0.2072	0.5816	1.0783	0.8283	2.1868	-1.1802	0.7686	0.7956	-0.8787	0.8610	-1.1931	-0.0580	0.0207	-1.0641	0.6449	0.9587	-1.4407	-0.6442	-1.2614	-0.6301	1.4189	-0.7014	0.0144	-0.2421	-0.6641	0.2707	0.3484	-0.0695	0.4813	1.2322	0.8792	1.6081	-0.7532	0.7105	0.6002	-2.1610	0.8876	1.2431	-0.4794	-0.6892	-1.3336	1.3200	0.5945
1.3318	-1.4960	0.7301	-0.3547	-2.0647	1.7303	-0.9229	0.6892	1.1523	-1.2515	0.5851	-0.9006	1.2073	1.7559	-0.9553	1.0464	0.3307	0.3368	0.1505	-1.4073	0.2513	0.4845	-2.1325	-1.2939	-1.3710	-0.6761	1.1249	-1.3124	0.4960	-0.2635	-0.5037	0.1645	0.0454	-0.0870	0.6631	0.2968	-0.1194	1.0464	0.1430	0.7733	0.8240	-0.7140	-0.3899	1.8948	-0.9176	-0.1733	-0.5668	1.4182	-0.4259
1.6664	-1.4042	-0.0896	-0.4131	-0.8472	-0.3834	-0.9035	1.0402	0.1557	0.6054	0.1346	-0.0919	-0.0651	1.2113	-0.7024	1.2489	0.7775	0.5139	0.6056	-1.1920	0.8188	0.5533	-2.5382	-0.5926	-1.9677	0.6931	1.0360	-1.6389	0.6476	-1.9181	-0.3259	-0.6282	-1.0579	0.3451	0.2786	-0.4782	-1.1560	-0.0160	0.0592	0.8335	0.5328	-0.6024	-0.8123	2.3656	-0.6018	-0.0268	0.2716	0.9879	-0.4702
1.9772	0.0872	-0.5745	0.1153	0.6853	0.7389	-0.6024	0.9200	0.6371	0.5296	0.0627	1.3667	0.7160	0.5334	0.3878	1.3874	-0.4281	-0.0209	0.6032	-0.8278	0.1202	0.8271	-1.5909	-0.0732	-1.8503	0.5537	2.0936	-0.9552	0.4451	-1.7647	0.5618	0.5672	-0.9843	0.9186	-0.4525	-0.6089	-1.0200	0.3418	-0.2615	0.3976	-0.0828	-1.6183	-0.5473	2.2530	-0.0080	-0.2365	0.4528	-0.1770	-0.2715
1.8306	-0.0870	0.7426	0.0437	0.6208	0.4362	-1.0208	1.1728	0.8496	-0.1959	-0.0232	0.7632	1.1824	0.1806	0.2389	1.6587	0.0503	-1.0103	0.8717	-1.6347	-0.0961	0.0758	-1.7202	-1.3371	-1.1848	0.7904	1.1811	-0.5202	1.6162	-0.3109	1.7589	0.5026	-0.7762	0.0552	-0.9038	-0.9894	-1.3169	-0.5061	0.5943	0.2613	0.2780	-0.7300	0.1308	1.7791	-1.3697	-0.5615	0.8452	-0.1839	0.6124
1.8498	0.1649	0.9760	0.1424	-0.2870	-1.1528	-0.8144	0.4556	0.4569	-0.4312	-0.6310	-0.9437	0.3381	-0.2611	-0.0619	0.0502	-0.7213	-1.2067	1.4225	-1.0439	1.1882	0.1549	-2.8019	-1.0668	-1.7744	0.4181	-1.2512	-1.6259	2.0998	-0.0909	1.2863	0.3468	-1.7420	-0.9412	-0.9573	-0.4968	-0.7631	1.0245	0.4330	0.9059	1.5148	-1.5973	0.8705	0.7428	-1.5800	-2.1266	0.3347	-0.9546	-0.2151
1.2971	-1.0543	0.2113	-1.5087	3.9631	0.4863	1.4111	-1.5662	4.8713	-2.9479	1.6524	2.3603	-0.9298	-0.4433	0.1868	-2.8692	1.5415	2.9257	4.9291	4.8165	-0.7400	-0.1640	2.5144	-1.3138	-0.6579	1.3508	-2.1359	0.3680	1.0741	-0.5372	1.3004	4.4676	1.1681	-0.5226	-0.1882	-1.2056	0.0460	0.4653	-1.4884	0.7492	-0.9729	-2.9190	-1.6225	-0.4913	-2.0082	-2.0150	-1.5081	-0.4413	1.2551
-0.3814	0.7458	1.4803	-0.0797	2.0698	-0.1298	-0.0013	-1.1663	0.9404	0.2853	2.3605	0.5751	0.6013	-0.1151	0.5271	-1.2306	1.2629	0.7793	2.1247	2.4766	0.3028	-0.9363	2.1896	-0.1800	-0.3142	1.5359	-0.5098	2.1729	0.7185	1.2527	0.5243	1.3590	2.4805	0.8891	0.2294	-0.4613	0.7280	0.1985	-1.0676	0.8641	-0.2331	0.7462	-1.1892	-0.8332	-0.4805	-0.8916	-0.5019	0.2484	0.3405
-1.4688	3.2136	2.7779	1.3393	1.5037	0.4050	-0.2352	-1.0985	0.6609	1.0686	1.9967	0.5841	1.2236	-0.4116	2.6092	-0.0352	-0.7241	-0.2921	0.0372	1.5178	0.1119	-0.3600	2.1766	1.6131	-0.2122	0.0644	1.1571	2.7813	-0.5624	3.2459	0.2802	1.1275	3.0463	0.6038	0.2016	0.3574	1.6373	1.2887	-0.5761	0.4012	0.1664	1.1436	-0.3508	-0.7320	1.1131	0.2206	-0.9514	1.3688	-0.4505
-1.7191	2.0027	3.5550	1.1324	0.9389	-1.2456	0.0235	-1.2608	-0.0016	0.4521	0.5498	0.6184	0.1223	0.2589	1.9433	-0.5495	-1.0640	-0.0491	-0.3677	0.3767	0.6050	0.6970	2.1016	1.8327	-0.1947	-1.4576	1.9106	1.0769	-0.3244	1.9998	0.0267	0.1773	2.8179	-0.4806	-0.2077	-0.5758	1.8494	0.6074	-0.5914	-0.8886	-0.0489	1.8863	-0.5754	-0.6399	1.2149	0.7950	-1.0991	1.3704	-0.2830
-1.7634	0.2715	3.1202	1.5020	-0.8074	0.6001	0.9145	-1.7541	-0.8617	0.9974	-0.4396	-0.6700	0.4657	1.1573	0.3378	-0.5575	0.0935	0.4173	0.3152	0.0946	1.2722	0.9032	1.8364	1.7789	0.3798	-1.9563	1.1265	0.7614	0.3779	0.8858	-0.0890	-0.3190	1.3999	-1.3702	-0.2632	-1.0626	0.4433	0.3995	-1.3939	-0.4386	-0.3212	0.8708	-0.7774	-0.7884	-0.2526	-0.6521	-1.4692	0.8433	-0.0459
-1.0616	-0.0470	1.4073	-0.0482	0.0329	1.7428	1.3654	-1.3189	0.6362	0.8791	1.1464	0.7726	-0.0402	1.7293	0.8323	-0.4940	-0.5596	0.2765	0.5191	1.7823	0.0328	-0.3326	2.0865	1.5674	0.1157	-0.7007	-0.9491	0.0210	0.7325	0.4768	1.0103	0.1903	0.7038	0.3124	0.4622	-1.3511	1.4575	0.0181	-1.2782	0.2934	-1.0954	0.0707	-0.0738	-0.3946	-1.7690	-0.3426	0.1199	0.9234	1.4248
-1.0665	-0.1922	0.1997	-1.4981	-0.0927	0.0641	1.3577	-1.1951	0.4079	0.1331	-0.4227	1.1590	-0.0748	0.9779	-0.6290	0.2986	0.0988	0.0918	0.0083	1.2417	1.9394	-0.3705	1.0378	0.5485	-0.3348	0.5315	-1.3445	-0.2099	0.5658	-0.6751	0.6742	-0.4139	0.5290	-0.2032	1.1782	-0.6182	1.3969	-0.6941	-1.1701	0.0701	-0.9979	-0.1611	-0.2849	-0.2003	-0.9927	-0.3012	-0.6437	-0.6619	1.2309
-1.1762	0.6055	-1.3713	-0.6422	-1.5802	-0.0831	1.3316	-1.2311	0.1021	0.2444	0.7455	0.1937	-0.0457	0.7454	-1.0640	0.6313	1.1695	0.3069	0.2396	0.9529	0.8666	-0.0553	-0.2058	0.3470	-0.2948	-0.0380	-1.4227	0.2409	0.2617	-0.9848	0.7683	-1.6557	-0.2465	-1.1481	1.3739	-0.7962	1.1665	0.0433	-0.7077	-0.3044	-0.3608	0.6612	-0.0741	-0.5959	-0.8921	-1.3934	-0.0840	-1.1698	0.7389
-0.5821	1.5308	-1.9804	-1.0049	-1.4442	0.6479	1.1155	-1.5868	0.1163	1.7244	1.0633	1.4462	-0.6720	-0.3837	0.3253	0.3922	0.1126	-0.5968	-0.4529	0.5809	-0.2754	-1.1513	0.5788	0.5903	-0.4556	0.0359	-1.5229	-1.6736	-0.1119	-0.3709	0.3676	-1.5198	-1.2707	-0.9917	-0.0562	-1.9597	0.6530	1.1185	-0.4912	0.1175	0.4581	0.2274	1.1032	-0.9419	-1.2822	-0.6782	0.9186	-2.0811	1.0959
-0.3114	-0.4541	-1.0724	-0.4042	-0.9944	0.0054	0.9138	-1.2961	-0.8374	0.6057	-0.0056	1.0430	-0.2651	-1.8928	-0.5873	-0.9304	-0.0433	-0.6583	-0.6272	-0.6604	-0.0389	-0.5676	0.3808	0.8018	-0.1634	0.2498	-1.5059	-1.3307	-0.9097	-0.6616	-0.4831	-2.1870	-1.3352	-0.7147	0.2310	-1.2245	0.3890	0.8817	-0.9487	-0.6693	-0.0693	-0.3712	0.8178	-1.4948	-1.2418	-0.8284	-0.3602	-2.9206	0.7403
-0.6226	-1.3734	-2.3277	-1.4642	-0.9067	-0.8705	1.3611	-0.8071	-0.2856	-0.3964	-0.4448	0.6010	-0.3777	-2.5573	-0.0131	-1.2584	-1.3765	-0.3616	-1.0080	-0.2521	-2.0622	-2.1691	0.8524	0.8171	-0.3800	-0.4904	-2.8264	-0.8292	-1.5349	-1.4543	-0.3222	0.1908	-0.7584	-0.6973	-0.3829	-1.4678	0.0938	0.5309	-1.6916	0.2501	-0.4206	-0.8018	0.3409	-1.7203	-1.0672	-0.5197	0.5352	-1.5219	0.0143
-1.7768	-1.8906	-1.3426	-1.6855	-1.6304	0.2682	0.3675	-1.1161	0.7309	-0.8864	-2.2258	-0.8202	0.4382	-0.6547	-1.4058	-1.0461	-1.3686	0.6069	-0.1971	-1.2111	-1.0899	-1.6509	-0.1302	0.4764	-0.6256	-2.0521	-2.1240	0.0201	-1.3180	-0.7948	-0.4932	1.1866	-0.6185	-1.8974	-0.9450	-0.3657	-0.7875	0.1263	-1.1643	-0.0998	-1.1839	0.4892	-0.1445	-1.5473	0.0632	-2.3085	-1.6989	-0.4865	-1.3284
-3.0619	-1.1971	-0.9224	-1.5093	0.2795	1.0298	-0.4521	-0.6006	1.0615	-2.5289	-2.5576	-1.0154	2.8691	0.1419	-1.5483	-0.4695	-1.9166	0.5875	0.4197	1.0958	-1.0029	-1.4448	-0.0539	-2.0857	-0.3985	-1.2224	-1.6235	0.9440	-0.5205	-0.6662	-0.8287	1.3574	0.4079	-0.6277	-0.5382	0.8227	-1.6931	-1.0989	-0.9706	-0.9477	-0.8248	0.8062	-0.4433	-0.7832	0.4395	-0.0868	-0.5220	0.0784	-0.5879
-2.0526	0.8410	0.2160	-1.2185	0.7606	0.0826	-0.4761	-0.4543	-0.4806	-0.4903	-0.9003	-2.2421	3.1739	-0.4485	-1.1830	-0.6073	-1.0903	0.7311	-0.2947	2.0908	0.3240	0.0685	-0.3023	-0.6599	0.5016	0.2705	-0.7302	0.9077	0.3892	0.0302	-1.5272	0.3637	0.3433	0.1129	-0.5036	0.7370	-0.6904	0.0496	-0.1650	-1.4885	-0.4582	1.5645	-0.7219	-0.6736	0.6237	0.7987	1.0542	-0.6728	0.5888
-1.9714	1.4647	1.0497	-1.7670	-1.3893	-0.6500	-0.6979	-0.0648	-0.2595	-0.6616	-0.6030	-2.5972	1.8502	-0.5695	-0.3161	-0.7740	-0.2855	0.9984	-1.1819	0.6246	-0.1593	0.9958	-0.7773	1.6922	0.9006	-0.7328	-0.2701	-0.1272	0.1545	-0.0621	-1.6337	0.1533	0.9141	-0.5315	0.6053	0.4136	1.3903	0.6799	1.3336	-0.6589	0.5083	2.7315	-0.2197	-1.1617	0.8224	0.4327	0.6602	0.3806	0.2333
-2.0988	1.3983	-0.1708	-2.0572	-2.2237	0.0679	-0.0174	-0.7390	-1.5827	1.6715	-1.3361	-2.7166	1.3766	-1.3624	-1.2565	-0.3615	0.0721	0.5267	-2.1497	-0.6236	0.1469	0.4167	-0.3695	1.1883	1.8149	-0.4039	0.1559	-0.5054	-0.8128	-0.8961	-2.7369	-0.7669	-0.3234	-1.0259	0.6780	0.4151	1.4136	0.9996	1.7831	-0.8560	0.5525	-0.1988	0.1467	-1.2015	2.3675	0.9139	-0.5110	0.6619	0.5462
-1.8271	1.4604	-1.3485	-2.0526	-1.8134	-2.2512	0.3841	-0.3412	-1.3657	1.3014	0.9466	-1.2740	-0.8868	-2.3896	-0.1841	-0.1718	-1.8873	-0.9464	-2.3473	0.2436	-1.5277	-1.0606	1.6076	-0.3310	1.3586	-0.2385	-0.1927	-1.0780	-1.7473	-1.8931	-1.7908	-0.4291	-0.3938	0.1883	0.6487	-0.4900	0.4352	2.1775	1.4563	-0.9288	1.0231	-2.1970	0.9911	-0.6411	2.3427	1.0293	0.8274	0.4810	0.4667
-1.1899	-0.4955	-1.0758	-2.0481	-1.7633	-2.4503	-0.0720	-0.2125	-0.8970	0.5017	-0.2198	-1.0074	-0.6545	-0.9852	-0.7869	0.3185	-0.0141	-1.4238	-1.4345	-1.3068	0.4527	-0.7773	-0.0671	0.2700	0.8554	-2.3550	-0.1833	-1.6795	-0.7974	-0.2607	-0.4913	-1.2878	-1.4845	-0.6023	0.5110	-1.3034	0.5549	0.7386	1.3363	-1.3009	0.2334	-0.1041	0.0328	-0.4957	1.4197	0.4444	-0.1110	0.4380	0.2556
-1.5219	-0.3938	-1.1270	-0.9033	-2.6801	-2.1200	0.9325	-0.2461	-1.2759	-0.2835	0.3255	-1.5442	-0.3382	0.2588	-0.9048	-0.1549	1.4439	-1.4115	-0.3665	-1.6939	0.8055	-1.0240	-0.8862	-1.2018	0.0930	-2.5922	-0.6680	-0.8654	-0.0566	-0.9456	-0.0509	-1.9962	-1.8932	-0.1208	0.0013	-1.2483	0.4205	0.4153	0.2999	-0.9575	-0.0114	-1.0370	-0.4114	-0.7015	0.6768	-0.4253	-0.6950	0.2718	0.3692
-0.9747	0.0884	-1.1401	-1.7513	-1.5008	-1.2619	0.7474	-0.1794	-0.3877	0.9874	0.6331	0.2042	-0.9105	-0.4786	0.4682	-1.3032	0.3941	-1.8942	-1.3963	-0.5557	-0.5221	-2.4288	-0.0143	-0.5269	-0.4615	-1.2839	-1.1801	-1.5594	0.0591	0.0192	0.6384	-0.4350	-1.9201	0.8221	-0.9307	-0.9798	-0.0784	-0.5797	0.4818	0.5967	-0.7254	-0.9192	-0.3978	-0.0958	-0.3264	0.9070	-0.2139	0.2207	0.7997
-1.1810	0.1364	-0.9691	-1.1223	-1.7200	1.2917	0.3557	-0.5215	-0.6199	0.4623	-0.9610	-0.5661	0.4699	0.4356	-1.2367	-0.3544	1.4997	-0.3254	-1.0179	-1.1106	0.2480	-1.1204	-0.6893	-1.4307	0.0722	-0.9398	0.7470	-0.0801	-0.0373	0.9507	0.4560	-0.7514	-2.4485	-0.7262	-0.7347	0.3897	-0.7091	-0.5378	1.1396	0.7519	-0.9145	-0.2873	-0.1837	-0.6486	1.2881	0.0914	-1.4998	0.5193	-1.2249
-1.5018	-0.0912	-1.1733	-0.8708	-1.1725	-0.1793	0.1108	-0.1827	-0.2343	-1.0979	0.0862	-0.7273	-0.1658	0.1794	-1.8246	-0.9899	-0.3728	-0.2318	-0.5099	-0.2510	-1.1473	-1.6297	-0.4298	-0.6039	0.0794	0.1838	0.3526	0.4212	0.0375	0.0633	0.2197	-1.6291	-1.4989	-0.4906	0.4835	0.0163	0.6108	0.3672	0.6572	0.6137	-0.7575	0.5980	-0.1797	-0.8900	0.9319	-0.6508	-0.3556	0.8496	-2.1305
-0.1861	-1.6313	-1.3978	-0.7622	0.3642	-0.9502	0.2833	0.1869	0.0152	0.3323	-0.8024	1.1084	-1.1131	-0.3405	-1.1510	-1.2107	-1.0049	-0.9556	-0.4994	-0.1727	-1.1636	-2.6233	0.5319	-0.7145	-0.4525	0.9029	-0.1392	-0.4668	-0.2778	0.0232	0.5707	-1.0315	-1.0339	-0.2001	0.6041	-0.7366	-0.8566	-0.6968	-0.5475	0.9418	-1.2965	0.7451	-1.2140	-0.1615	-0.2746	-0.2129	0.2683	0.7942	-1.0945
-0.1785	-1.6876	-1.1862	-0.5617	-0.6199	-1.2542	-0.1207	-0.5066	-0.1875	-1.1804	-2.1034	0.9903	-1.2676	-0.3596	-0.6019	-1.0455	-1.1443	-0.9635	0.1630	-0.2635	0.1414	-1.6494	0.9808	-1.3849	-0.9030	0.0856	-1.1405	-1.3332	0.2516	-0.2538	0.7584	0.7307	-0.0312	-0.7188	-0.2735	-0.5265	-1.8625	-1.0894	-1.0218	0.9411	-0.4368	0.6009	-1.3231	0.0662	-0.8961	-0.4170	-0.4752	-0.0544	-2.1089
0.0262	-0.4105	0.5473	-0.8222	-0.4950	-0.8145	0.2409	-1.2616	-0.4010	-2.9798	-0.2353	-0.4824	-2.1256	0.2317	-0.9152	-1.3202	-0.0285	-1.1667	0.5605	1.3102	-1.4836	-1.7571	1.9567	-1.9216	-0.7288	-0.2765	-1.4764	0.1070	0.2049	0.5301	0.3317	0.9133	-0.0817	0.1868	-1.0270	0.4909	1.8889	-1.7017	-0.8105	0.5143	-0.9327	1.2570	-0.9837	-0.8268	-0.3257	0.1753	0.0469	0.5552	-0.5413
0.1045	-0.8806	0.0795	0.2883	0.4714	-0.6886	0.7760	-1.4336	-1.7121	-0.1934	-0.9400	-1.2207	-1.6677	-0.5710	-1.3850	-1.0567	0.2751	-0.2007	0.0450	0.1954	-0.7261	-0.2055	0.1239	0.5516	-0.6096	-0.4683	-0.7571	0.5874	0.2733	0.9679	-0.2926	-0.4987	-0.8075	0.0468	-1.4739	1.3370	2.5938	-2.3494	-0.5676	0.2748	-1.3101	1.5506	-0.7330	-1.1872	0.0411	0.2179	-0.9831	-0.5382	-0.1519
-0.6566	-0.4046	-0.5715	0.7187	1.1183	-0.5976	0.7096	-1.2135	-1.0738	-0.3126	-0.0765	0.1571	-1.6082	-2.4118	0.1225	-1.1177	-1.0871	-0.8032	-0.8575	0.4915	-2.5532	-1.6283	2.0488	-0.0140	-1.7261	-0.1247	-0.8389	0.0990	-1.2378	0.4924	-0.1186	1.3906	1.1291	-0.0029	-2.0469	0.5721	0.1982	-1.9334	-1.7236	-0.0537	-1.2096	-0.1815	-0.4033	-0.7478	0.0531	0.5103	1.0216	-1.3468	-0.0646
0.0749	0.2414	-1.0105	2.9192	1.4214	1.2418	0.6491	-0.4564	-0.7746	-0.7171	-1.6934	-0.4110	-0.8652	-1.1835	-0.0204	-0.4626	-0.6544	0.4271	-0.8790	0.0316	-0.7936	0.3292	1.4720	-1.2727	0.0178	0.5170	-0.1114	1.3609	-1.6178	2.4634	-0.3101	1.0754	1.2253	-0.6035	-2.3364	0.8307	-1.6962	-2.0838	-1.5337	-1.2179	-0.5638	0.2037	-0.6672	-0.8556	-0.2052	0.9600	0.6513	-1.7169	-0.8959
-0.6232	0.6606	-0.2498	2.0656	1.1097	-0.2015	-0.4234	0.1819	-0.2447	-1.7963	-2.0637	-0.7297	-1.5471	0.1563	0.2376	-0.8920	-0.2655	0.7432	-0.4373	0.2302	-0.2053	0.6227	1.3263	-1.1416	0.7959	0.1025	0.1639	1.0899	-0.8765	1.1547	-0.3216	1.7608	1.4791	-1.6249	-1.6790	1.1729	-1.2642	-1.7824	-0.5777	-0.4370	-0.3533	0.5970	-1.3795	-0.5522	-0.7502	0.5943	-0.2726	-1.0408	-2.2677
0.1028	-0.0644	0.4031	2.7174	1.7434	0.8642	-1.2520	-0.6418	-0.3089	1.1202	-1.0699	-2.2537	0.2024	0.7212	0.0561	-0.3571	0.7164	2.2591	0.1918	0.5625	-0.5730	1.3320	0.4570	0.2726	0.9913	-0.8403	1.3548	2.4723	-0.7219	1.2584	-1.0263	1.4839	1.2149	-1.3692	-0.4836	1.3694	-1.6988	0.6238	-0.2994	-0.6457	-0.9706	1.1713	-1.1822	-0.1522	0.0547	-1.3261	-0.3512	-0.7704	-1.5519
0.2182	0.2771	-0.0048	2.3896	1.5273	0.4918	-0.6449	-0.4014	1.0109	0.6731	-1.4010	-1.0467	-0.3148	-0.5948	1.1881	0.3495	0.2996	2.6380	0.3688	0.5471	-0.1448	1.7926	0.5567	1.0233	1.7587	-0.0568	1.9386	1.9965	-0.1861	1.6484	-1.3879	1.2872	2.1728	-0.5293	0.8622	1.5487	0.2910	0.6117	0.7612	-0.0216	-0.3550	1.0714	-0.8856	0.3598	1.1249	-0.8560	-1.2460	0.2478	-0.2205
-0.0239	0.3427	-1.0245	2.3843	0.1812	1.1054	-0.2899	0.4209	-1.4587	1.3801	0.6500	-1.4052	0.2847	-1.3300	-1.0335	-0.6239	-1.2173	0.1591	-0.0197	-0.3055	1.3014	1.6567	-0.5860	0.6056	0.6811	-0.1501	0.1249	0.6666	0.3117	2.7363	-2.1555	-0.9021	1.0160	-0.4450	0.1903	0.3997	1.3403	0.1882	0.5088	-1.7242	0.1862	0.8485	-0.4298	-0.3241	0.1408	-0.5770	-0.2012	-0.5464	0.3684
0.1112	0.2204	-1.1145	2.6928	1.5185	1.5466	-0.5574	0.8592	0.1487	0.8330	-1.1841	-0.0368	-0.6184	-1.3700	0.8806	-0.1332	-0.9432	-0.0430	-0.5220	0.2023	0.0597	0.0587	0.5537	0.3358	0.5759	-0.1148	-0.1143	1.3899	-0.7283	2.6673	-0.5769	0.9080	-0.0305	-1.1359	-0.0947	1.0977	-1.0058	-0.4932	-0.6120	-1.0735	-1.3136	1.1333	-0.6076	-0.4947	-0.4440	-0.4946	-0.1519	-0.1027	-0.0632
0.1651	1.1090	-0.5744	2.9049	1.0987	1.7195	-0.7124	0.3678	-0.9831	-0.0937	-1.6374	-0.3711	-0.7076	0.7668	0.0178	0.6155	1.1780	0.0548	0.3448	0.0864	1.5481	1.3627	0.1561	1.1880	0.7402	0.9105	0.2171	0.7216	0.0961	2.0845	0.7146	-0.2628	-0.1331	-0.5489	-0.6384	0.9600	-1.0661	-0.4030	-0.4061	-1.2516	-0.6865	1.3630	-0.6175	-0.4116	-0.1439	-0.4139	-1.3005	-0.1426	-0.8578
0.2316	1.5989	-1.3146	1.7060	1.0469	1.0600	-0.7725	-0.0969	-0.7332	1.5880	-0.2900	0.0959	0.2844	2.1376	-0.6991	-0.6583	0.9951	0.2009	0.4412	0.6507	1.3696	1.9506	-0.3349	1.3002	0.6485	-0.1109	0.8782	-0.3320	0.3063	0.3137	0.9011	-0.0256	0.6661	0.3201	-1.1773	0.4638	-1.4071	-0.3071	-0.6440	-0.7938	-0.1666	0.9482	0.4360	0.0468	0.7409	0.3099	-0.3160	-0.1216	0.1914
0.2467	0.7202	-1.2484	0.5920	1.5501	0.0213	-0.8280	0.0554	1.2851	0.4979	-0.2664	2.1809	-0.9902	0.8948	0.2559	-0.8993	-0.1153	0.0834	0.7364	0.6518	0.5586	0.8376	-0.3722	0.8339	0.2420	-0.1371	0.6228	-1.1225	0.1204	-1.2184	1.3210	1.0184	0.8800	1.1540	-1.1458	-0.7932	-1.5698	0.0129	0.0069	0.5159	0.2777	-0.0345	0.7732	0.7496	0.1753	0.2561	0.2474	-0.1277	0.5320
0.5430	0.1752	-0.3715	1.2142	1.1721	1.6977	-0.5606	-0.2561	0.2151	0.8459	-0.6340	1.6738	0.8922	0.5864	-1.5910	-0.2608	-0.1723	-1.2358	1.0415	0.2927	1.4956	1.3920	-1.2962	2.0152	-0.1085	0.9253	-0.0294	-1.5312	0.9770	-0.4049	0.6446	-0.7624	0.9223	0.5112	-1.1816	-1.2218	-0.6629	-0.2359	-0.0510	-0.3740	-0.6182	-0.1453	0.2154	0.9151	-0.5518	0.1295	-0.7052	-0.4983	0.5082
0.9101	0.3488	-0.5701	0.4490	0.3191	0.8255	-0.1114	0.1641	0.6131	0.3862	0.8363	0.7060	0.7861	1.0676	-0.8174	-0.2319	-0.1046	-0.8885	1.0332	0.1686	0.2649	0.6141	-1.2901	0.8033	-0.2491	-0.4314	0.0998	-1.4967	0.8213	-1.8038	-0.2141	-1.2890	1.2211	0.4879	0.1223	-0.3615	-0.1221	0.4338	-0.1889	-0.0711	-0.3068	-1.2638	-0.0345	0.6390	-0.4365	-0.3929	-0.5897	-0.1232	0.3603
0.8339	-0.2513	0.5531	0.2605	0.1833	0.2951	-0.1251	0.5380	1.0372	-0.8147	-0.1330	0.1277	0.3689	1.4487	0.3678	-0.2202	0.4559	0.4949	0.5597	-0.7025	0.1902	0.0957	-0.9723	0.1099	-0.2730	-0.5012	0.2842	-1.2824	0.6026	-1.8699	-0.3691	-1.0077	-0.0795	-0.6766	1.4807	-0.0143	-0.7832	0.2937	0.4911	1.2746	0.2219	-1.4449	-0.8543	1.2100	-0.7203	-0.1314	-1.0113	0.4130	0.4311
0.3712	-0.1401	0.7390	0.9373	-0.6456	1.0961	0.5957	0.3515	0.3491	-1.6898	2.6386	0.2220	0.7549	1.8592	-0.2015	-0.1466	0.1038	-0.1876	0.2909	-0.5981	0.4048	0.3936	-0.6153	-0.1720	-1.2401	0.9381	-1.0814	-0.7552	0.4068	-0.6776	-0.2764	-1.6477	-0.3651	-0.3310	1.2441	-0.1847	0.9418	-0.0847	-0.1470	1.1925	0.2021	-1.8246	-0.6943	0.9362	-1.3464	-0.3310	-1.4774	0.5615	0.3751
0.8034	-0.3833	0.8530	0.1631	-0.1717	1.0103	0.9534	0.1524	0.5211	0.0275	1.4894	0.8465	0.4474	1.1274	0.4943	0.9948	-0.2596	0.0473	0.4234	-0.9226	0.6206	-0.5225	-0.5260	-0.7380	-1.1548	-0.4618	-1.0756	-0.6104	0.3004	-0.7560	0.3779	-0.6647	-1.8713	-0.2505	0.0841	-0.1832	-0.6153	0.5582	-0.5284	0.9440	-0.5805	-2.0227	-0.0792	0.3714	-1.2648	-0.1730	-1.0782	0.0481	1.0449
0.5546	-0.3305	0.6784	0.0137	0.1728	-0.0036	1.0560	0.3494	0.5052	-1.0920	0.5121	0.5928	0.5652	1.0525	1.0605	0.5345	0.3643	0.3210	-0.1078	-1.0479	0.3885	-0.3731	-1.0216	-0.7425	0.1590	0.3968	0.0767	0.3631	0.1557	-0.8860	0.8628	-1.1650	-1.5159	0.1272	0.9569	-0.1520	-0.9332	-0.2982	0.1683	0.6818	-0.7576	-0.0131	0.0772	0.2225	-0.8842	-0.5775	0.9629	0.2036	0.2680
0.3676	-0.2713	-0.1863	0.3873	0.4167	0.8809	0.6189	0.0022	0.0979	-0.4897	1.8841	0.2359	1.1929	0.0305	0.2693	0.5511	-0.0185	-0.7667	-0.3247	-0.3581	0.8213	0.4667	-1.2068	0.0019	0.6587	0.6530	0.4145	-0.2242	0.3596	-0.5256	0.1552	-0.5710	-0.1168	0.5924	-0.8164	-1.3969	-0.7167	0.7390	0.4247	-0.4958	0.0361	0.0275	-0.1199	0.0646	-0.1536	0.0655	0.6489	0.0169	-1.2371
0.7144	0.0823	-0.1493	0.6878	1.0046	0.2792	0.6128	0.1635	0.3354	0.0601	1.3991	0.4943	-0.5574	0.0142	0.3541	-0.3237	-0.5232	-1.1054	0.0777	0.5547	-0.4535	-0.2998	-0.9136	-0.7264	0.9692	0.8721	0.5687	-0.1505	0.4592	-0.6161	0.5548	-0.7905	-0.0137	0.9242	-0.5386	-0.8511	-1.2104	0.4470	0.1999	0.3402	0.1533	0.9885	0.3352	0.2958	0.0233	0.6086	1.2183	0.5862	-0.8838
1.3462	-1.3558	0.4501	0.7089	0.2640	0.1253	0.1065	0.3645	0.6147	0.2399	-1.0659	1.3409	-0.1085	0.4067	-0.5704	0.5719	-0.4442	-1.1297	0.7571	-0.8619	0.7485	0.0754	-0.9687	0.9539	-0.3527	1.0857	0.5517	-0.3656	0.2767	-0.9316	0.5709	-0.1600	0.5576	0.2063	-0.3349	-1.1419	-1.0564	-0.0831	-0.7529	1.2200	0.3685	0.3614	-0.0575	0.9953	0.1669	0.6251	0.6970	-0.1085	-0.6999
1.3737	-1.1294	0.8287	-0.8017	0.0635	0.2666	-0.1554	0.1550	0.6535	0.1946	0.6849	1.0168	0.3271	0.6417	-1.6464	0.5492	0.6832	-0.8090	1.0863	-0.0644	1.3014	0.3473	-1.7167	-0.0112	-0.8355	-0.1202	0.1098	-1.2993	1.3519	-0.8091	0.2278	-0.2674	0.6900	-0.0623	-1.3267	-1.5963	0.0070	0.9809	-0.6970	0.6250	0.0528	-0.7944	-0.0748	0.9965	-0.8506	0.3741	1.1827	-1.5561	1.5085
1.2262	0.0600	0.4585	-0.4197	-0.2306	-1.1619	-0.0019	0.2541	1.7938	-0.4684	0.6018	1.8069	0.7221	0.2173	0.3850	0.7059	0.9952	-0.2026	1.2645	-0.4166	-0.1747	-0.6329	-1.5952	-1.0421	-0.7163	-0.9350	0.1671	-1.2419	1.5237	-1.0315	1.9219	0.3514	-0.5780	-0.5042	-1.2365	-1.7565	-1.7814	1.0583	-0.5834	2.0242	0.3471	-1.6936	0.7815	1.7338	-1.4250	0.1386	0.9297	-0.9268	0.3135
1.3436	-0.9596	0.2164	0.7573	-1.0503	-1.5159	-0.2376	0.1716	0.6203	0.4833	0.0716	0.3705	1.6546	0.0812	0.0143	1.2026	-0.2734	-0.3577	1.1906	-1.8836	0.3232	-0.0005	-1.8667	1.1336	-1.3936	-0.6930	0.0948	-1.5312	1.2856	-0.6576	2.0029	-0.7290	-0.9968	-0.3745	-0.7481	-1.7572	-0.8522	0.0927	-0.7253	1.0178	0.5551	-1.6295	0.6699	1.6211	-1.1890	-0.1122	0.0936	-0.9886	-1.0887
1.1873	-1.5868	0.6905	-0.7910	-0.6416	-0.8447	-0.2366	0.3394	-0.0380	-0.8966	0.8039	-0.4822	0.4602	0.0646	-0.6554	0.3452	-0.6675	-0.4381	0.2895	-0.8340	-1.2773	-0.9032	-0.9465	-0.5176	-1.7691	0.1492	-0.5454	-0.9922	0.4336	-0.8625	1.3271	-0.7960	-0.3613	0.1735	-0.4523	-1.2871	0.1732	-0.6804	-1.0929	0.4822	-0.2046	-0.7050	0.4185	0.6141	-1.3868	-0.7543	0.7716	-0.8935	-0.1662
1.5558	-0.1298	1.4595	-0.8916	0.6719	-0.2875	-0.1771	0.2671	1.2940	-1.9556	-0.9645	1.0520	-0.3669	0.4767	2.7145	1.5474	1.0062	0.2559	0.1633	0.1491	-1.0830	-0.7491	-0.0236	-1.8919	-1.3005	0.6318	-0.3965	-0.9933	0.4591	-0.7817	0.6670	2.0235	-1.3804	0.6937	-0.2915	0.4443	-2.6044	-1.8058	-0.6205	1.6069	-0.7381	-0.4087	0.0187	0.7277	-0.4604	-0.9152	2.7931	-1.0727	-0.6781
1.4951	0.0203	0.7804	0.3100	0.2942	-0.0456	0.0119	1.0099	1.2307	-1.1550	0.1817	-0.1309	-0.4756	0.1114	2.2364	0.8954	0.5857	1.3661	1.3139	0.3485	0.3720	1.0278	-0.0400	0.0013	-0.4927	1.1042	0.8531	0.0005	0.4523	0.5913	0.2576	0.3460	-0.1378	1.6865	0.9338	1.4395	-0.8037	-0.5082	0.1064	0.7307	-0.1741	-0.6802	0.0397	0.6748	-0.5273	-0.5163	0.7336	-0.4177	-0.9626
1.4099	0.5190	0.2503	0.0059	0.4497	0.2744	0.7612	2.0904	0.2128	0.9765	1.3605	-0.7084	-0.1043	-1.0594	1.4074	-0.2797	-0.9575	0.0633	0.1965	0.7147	0.7185	1.3438	-0.1265	0.4120	-0.3936	0.7610	-0.2506	1.3125	0.5914	1.4365	-0.1086	-0.7487	0.3988	1.3332	0.8448	0.9101	0.9681	0.6875	0.2524	0.4644	0.7645	-2.1612	1.1514	1.1338	-0.1966	0.0620	0.0189	-0.3883	0.1497
1.1990	-0.0999	1.5120	-0.7754	0.5917	-1.2110	0.6702	2.2359	0.8054	-0.6739	0.2340	-0.0594	-0.4186	-0.7158	2.0584	-0.1734	-0.0567	-0.2004	-0.1747	0.5528	-0.2132	1.1046	1.0275	-0.2176	-0.0579	0.2703	0.0921	1.6495	0.6655	0.2193	0.7749	-0.1493	0.3162	0.1940	2.1084	0.8727	1.0470	-0.3153	1.1393	0.6778	1.4131	-2.0319	0.7739	1.5224	-0.0277	0.3073	0.4561	0.2135	0.5577
0.3866	0.9145	0.9366	-1.1365	-1.3940	-0.1933	0.3862	1.2379	-0.8205	0.7489	1.2974	-0.9345	1.4466	0.6028	0.2142	0.5133	0.3785	-0.4803	-0.5195	-0.1148	1.2674	1.1540	0.5986	-0.2851	0.6756	-0.6286	-0.4632	1.0793	1.1461	-0.1995	-0.3250	-1.0259	-0.2212	0.0041	1.9917	0.3567	1.3619	1.4076	1.8097	-0.4994	1.8668	-1.2464	1.0919	0.3040	-0.0455	-0.0634	-0.1878	0.2844	1.0039
0.5950	1.5994	1.2446	-0.9288	-0.9644	-0.0597	-0.7485	1.1500	1.1616	0.9271	-0.0289	0.2454	0.9503	0.9594	2.0565	0.7054	1.0578	0.4651	-1.0263	-0.1573	-0.0904	0.6456	0.7996	-0.5498	1.5693	-0.9829	0.1906	1.1689	-0.0174	0.0087	-0.1859	1.0524	0.0504	0.6404	2.5081	0.8674	0.2882	1.2479	2.3876	-0.0372	1.2154	1.0030	1.4065	0.2408	1.0274	0.1509	0.5734	1.7691	0.9675
-0.2359	1.0762	0.6588	-0.9218	-1.8612	0.5377	-0.0495	0.6841	-0.5975	0.1314	-0.0685	0.0511	1.4004	0.4563	0.8059	1.1040	1.8365	0.7428	-1.1037	-0.6709	0.5447	1.4671	-0.6924	0.7442	2.0544	-0.4908	2.1385	0.5311	-1.0949	-0.5276	-1.0368	-0.1049	-0.7052	1.1406	2.0346	1.4025	0.8605	-0.2780	1.7208	-0.5230	1.7859	-0.7894	1.2260	-0.1958	2.7834	1.5482	0.6087	1.1722	0.0739
-0.7728	1.0588	0.2680	-1.0243	-0.5133	0.2809	0.2424	0.6859	-0.6373	0.0028	0.5322	0.6121	-1.2184	-0.2536	1.2768	-0.1181	1.7631	0.0320	-1.5125	0.0793	-1.1188	-0.4402	-0.1159	0.3525	1.3514	0.1158	0.5851	0.5675	-0.6956	-0.5666	0.5451	-0.2609	-1.3390	0.8869	1.9242	0.5965	1.2910	0.1976	1.9115	0.3954	1.2401	-0.0910	1.4433	-0.2417	1.8791	0.7635	1.6119	1.2934	0.9785
-0.3834	-0.8750	1.4613	-1.0541	0.0194	0.9052	-0.5021	0.3362	-0.7212	0.4251	-0.3349	0.2330	-0.5770	0.9951	1.0682	-0.1201	2.1177	0.1139	-1.0526	-0.2411	0.0003	0.3222	0.7633	0.7714	0.8505	0.7262	0.9833	0.7186	-0.5015	0.2781	1.0420	0.3000	0.2638	-0.3783	2.9288	1.0897	1.1315	-0.6104	2.3717	0.4796	0.4086	1.1597	0.4621	0.2225	2.1952	-0.1465	-0.2104	0.9622	1.0649
-0.1485	-0.4569	0.8129	-2.3252	0.3583	-0.3819	-0.1542	0.5077	-0.8331	1.2651	0.0468	-0.2242	-1.0176	1.4492	1.0346	1.2698	1.4404	0.4021	-0.8448	0.3684	-0.4916	0.2499	1.3424	-0.2902	0.6200	0.7523	0.7608	0.1659	-0.8756	-0.0896	0.6465	1.4246	0.2400	-0.1240	1.7312	1.2597	0.2491	-1.2090	1.5418	0.5901	-0.2749	0.9197	-0.0186	0.3678	1.9984	0.1500	0.2792	1.2129	1.9920
-0.0275	-0.8961	0.3055	-1.4002	0.5184	1.4302	0.2391	0.3701	-0.7357	0.0053	-0.3132	0.1709	-0.2866	0.8017	0.4318	3.3364	1.4997	0.5898	-0.8867	0.7103	-0.1788	1.1647	1.1217	-0.3066	-0.5818	1.8541	-0.0585	0.8141	-0.6425	1.1230	0.6611	1.7221	0.3999	0.2605	0.6531	2.5824	0.5330	-1.1777	-0.1498	0.4912	0.1730	0.8449	-0.1280	-0.1868	0.4207	-0.5197	-0.3146	0.9766	0.6208
-0.5281	-0.3334	0.1839	-0.1381	0.3304	0.9549	-0.6083	0.0720	-0.9397	0.8611	0.4818	-0.9594	0.1424	0.5606	-0.0224	3.5760	0.2750	0.9805	0.1135	1.0167	0.0895	1.7456	0.0494	-0.2327	-0.1297	0.9795	-0.0024	1.4715	-0.3605	1.0700	-0.5777	2.0942	0.5832	0.5519	-1.2103	2.7256	1.2024	0.1878	-0.8544	-1.6133	0.5597	1.4996	0.1173	-0.8601	0.4202	0.1727	-0.5325	0.5565	0.1308
-0.2726	0.5444	0.6463	0.8970	1.2491	-0.4917	-0.9358	0.1080	-0.3804	0.7596	0.3473	-0.3765	-0.8937	-0.2559	1.8601	2.3483	-0.6459	1.0622	0.2770	0.9262	-1.0081	0.8515	1.0364	-0.3544	0.2055	0.1534	0.6050	0.6980	-0.2501	0.6726	0.1918	1.4740	0.4554	1.6020	-1.6535	1.5939	0.6915	-0.7202	0.0663	-1.7904	0.4948	1.5967	0.7377	-0.7164	0.1017	1.7823	1.6080	0.6001	1.4708
0.0332	0.8804	0.0760	0.5466	0.3434	-1.2818	-0.7682	-0.2235	0.1583	1.7033	-1.0172	-0.0008	-0.2757	-0.6124	1.6507	1.0674	0.0300	1.7037	0.1340	0.1661	0.6516	0.7801	-0.0449	1.3295	0.8134	0.2117	1.8128	-0.2425	-0.3295	0.1171	0.0983	-0.1296	1.7875	1.6654	-0.0226	0.3148	0.9109	0.5343	0.4345	-0.9992	1.6499	0.7247	0.9527	-0.5401	0.5437	0.9973	0.4323	0.6210	0.5420
0.3816	0.2677	-0.5209	-0.5423	-0.7886	-1.6425	-0.1753	0.1815	-1.3076	1.3005	0.9392	0.2580	-0.3932	-1.3708	-0.5259	-1.2269	-0.7561	1.4634	-0.0700	0.4853	-0.8579	0.5913	0.4178	1.7965	-0.3633	0.1052	1.0154	-0.5429	-1.1881	-0.6594	-0.6089	-0.8009	1.7030	1.3669	1.8439	-1.5488	2.1907	1.4404	0.3956	-1.3571	1.7545	0.5759	0.6447	-0.4368	0.2255	0.7890	0.3139	0.7938	0.6233
0.0451	-0.0395	-0.7719	-0.9519	0.1536	0.3135	-0.5024	0.3655	-1.3020	0.5142	-0.4386	0.9884	0.4172	-2.0951	-1.5370	-0.0692	-1.6239	0.2564	-1.5388	-0.3224	-0.2903	-0.8284	0.7181	-0.1915	-0.1504	-0.3210	-0.2117	-0.2458	-1.7130	0.1980	-1.4844	0.0776	-0.2813	0.6531	0.4741	-1.2173	1.2378	0.6645	0.4128	-1.2967	1.5778	-0.4588	0.3126	-0.7244	0.6009	1.9839	-0.7254	0.7717	0.7919
-0.5880	0.1649	-0.7593	-0.1343	-1.4632	-0.3304	-0.9195	0.7686	-1.4540	-0.7345	0.5989	-0.1948	0.3175	-1.6123	-1.7369	0.0643	-0.4036	-0.4198	-0.5962	-0.4958	-0.7055	-0.9786	-0.0349	-0.5393	0.8749	0.1937	-0.8491	-0.1391	-1.3939	-0.5383	-1.3449	0.0564	-0.8252	0.9722	-0.0352	-0.8620	2.1142	0.7647	0.3363	-1.0830	1.1467	0.1956	0.6504	-1.4319	0.8286	1.1081	-0.2910	0.4366	0.3631
-0.5613	0.3955	0.4155	-0.1028	-0.7785	-1.4782	-0.6270	0.7150	-0.9590	0.1183	0.2126	-0.5714	-0.8176	-1.2876	-0.4888	-0.8560	0.3337	-0.0973	-1.0715	-0.5150	-0.8844	-1.3843	-0.0428	-1.1993	1.5688	-0.5121	-0.0998	0.0996	-1.2186	-0.7735	-1.3781	0.6517	-2.2282	-0.3600	-0.1580	0.5057	0.8681	0.8761	0.9725	-0.2872	0.3896	0.6686	1.2308	-1.5451	1.4350	0.6454	0.4496	0.0741	0.3981
-0.9094	0.2790	-0.7233	-0.6693	0.0872	-1.2913	0.0222	0.6028	-0.1205	-1.6083	0.1240	0.0108	-0.9693	-0.7619	-0.2045	-0.9569	-0.0217	0.3928	-1.5702	0.3931	-0.3486	-1.2444	0.3206	-1.8075	0.8525	0.6026	-0.3310	0.3461	-1.3726	-1.1078	-1.8009	1.0003	-0.4566	-0.5024	0.1879	0.6252	0.2596	1.4947	1.2162	-0.0807	1.4314	0.0260	1.5643	-1.0351	1.1233	0.6078	0.9366	0.0004	-0.4192
-0.6839	-0.6721	-0.5383	-1.2009	0.1093	-0.4994	-0.2292	0.2670	-0.2309	-1.1141	0.1922	-0.7697	-1.6675	0.3911	-0.1937	-0.9579	0.4697	0.9662	-0.5679	0.5458	-0.8651	-0.7447	1.0081	-0.8648	1.0933	0.0345	0.1931	-0.4956	-1.2771	-1.2185	-0.9824	0.3064	-0.8148	-0.4242	0.0681	0.0084	0.2113	0.0726	0.8677	-1.2811	0.6538	0.6818	1.3065	-0.6749	0.5047	0.4021	1.2062	0.1683	0.0641
-0.5237	-1.5232	0.0682	-0.7607	-0.2336	0.6464	-0.8602	0.3623	0.0802	-0.9245	-1.0441	-1.0120	-0.4373	-0.1442	-0.8414	-0.7519	-0.1595	1.1455	-0.2909	-0.1698	0.1101	0.0960	1.3088	-0.1819	0.6327	-0.0079	-0.5798	-0.0090	-1.1511	-1.1032	-0.7344	1.3394	-0.1358	-1.6211	0.0319	-0.0017	-1.0759	-0.8320	-0.4958	-1.4737	0.0843	0.9151	0.8360	-0.7001	-0.7535	-0.4915	0.3062	0.2151	-1.7679
-0.2984	-0.1748	0.4270	-1.0113	-0.5048	-0.4808	-1.3926	0.2948	-1.0808	-0.1598	0.1727	-1.6197	-0.0033	0.3521	-1.7444	-0.8837	0.2563	1.7166	0.1916	0.4504	0.0173	1.1053	1.1570	-0.4937	0.9504	-0.6773	-0.1319	0.6333	-0.8979	-0.6134	-1.3557	1.0713	0.2500	-1.8430	-0.2581	0.3058	-0.4923	0.2653	-0.6467	-2.6465	-0.4970	2.9012	-0.0642	-1.2475	-0.4325	-0.9620	-0.3211	0.0224	-0.9902
0.1792	0.5785	-0.5510	-0.4505	0.9881	-1.0433	-0.3163	0.0609	-0.2545	0.5046	-0.0085	0.6980	-0.8941	-0.0061	-0.1646	-0.7902	-0.4212	1.0634	0.3080	0.9486	-1.7153	0.0217	1.5394	-0.2993	1.3311	1.4545	0.7161	1.4786	-0.9575	-0.3292	-0.5146	0.9947	0.0609	-0.1974	-0.0598	0.9637	-0.6729	-0.8635	-0.9182	-0.2030	-0.8154	1.2925	-0.1657	-0.1176	0.3376	0.0752	0.1751	0.1575	0.5283
-0.0105	0.6816	0.1870	-0.2629	-0.3254	-0.8969	0.2693	0.3867	-0.9490	0.1823	-0.1057	0.5661	-0.6151	-0.6559	-1.1729	-0.2855	-0.2811	0.1080	0.9231	-0.5569	-0.0949	0.5234	0.5596	1.1496	0.5160	0.8289	0.7065	0.6957	0.1344	-0.0586	-0.7249	-0.9119	0.0974	-0.1693	-0.3016	0.2467	1.3799	-0.8569	-0.8796	0.3533	-0.4424	-0.3260	-0.3214	0.3039	0.0113	-1.0126	-1.6388	-0.2494	0.3936
-0.4651	0.0450	-0.6978	-0.7856	0.2040	-0.1475	0.3174	0.2084	-0.8484	-0.1660	0.7139	0.9391	0.4855	-1.8840	-1.1601	0.0049	-0.9206	-1.0253	1.1015	-0.5512	0.2589	-0.1052	0.0497	-0.1538	-0.6488	-0.7381	-0.8064	0.0108	0.6604	0.2943	-1.1820	-0.5929	1.0343	-0.1394	-1.1044	-1.5607	0.7232	0.4021	-0.5105	-0.2640	0.1499	0.3327	-0.3446	-0.4011	-0.6345	-0.1073	-0.9335	-0.5983	-0.3091
-0.2550	1.0293	-0.8747	-1.1513	0.2815	-0.6288	-0.5062	-0.0358	0.6194	-0.1753	0.7194	1.1882	-0.6966	-1.1847	0.1278	-0.3154	-1.3706	-0.8110	0.5900	-0.3222	-0.2180	-0.4689	0.3560	-0.8609	-0.2309	-2.3049	-0.2901	-0.3443	0.2089	-0.0932	-1.5803	0.0797	0.3670	-0.2191	-0.6409	-0.3821	-0.7912	1.6785	0.4642	0.4219	0.3858	-0.1575	0.0638	-0.3139	0.1454	0.6559	0.3425	-0.6825	-0.6143
0.0941	-0.5316	-0.5134	0.0592	0.4604	0.5269	-0.1551	0.3989	1.5955	-1.0603	-0.4505	1.4385	0.6106	-0.8516	0.1144	-0.3261	-1.2150	-1.0851	1.1971	-0.0338	-0.8958	-0.7873	-0.4960	-1.6579	0.0069	-0.9131	0.4587	0.1132	0.3259	0.8680	-0.2544	-0.9841	-0.0497	0.8876	0.6448	0.0038	-1.0512	-0.1778	0.6277	1.6390	-0.3405	-0.1215	-0.3268	0.2384	0.0524	1.2662	0.6036	-0.0792	-1.0934
-0.3910	-0.8486	0.1203	0.7215	-0.0209	-0.7054	0.8558	-0.3124	1.0197	0.4182	-0.3257	0.0082	0.5615	-1.7965	-0.8236	-0.2986	-1.3373	-1.0310	1.1952	-1.5174	0.6015	-0.1829	-1.4410	0.2828	-0.8363	-0.9765	0.6000	-0.0063	0.6910	0.7626	-0.6427	-0.3988	-0.2393	0.1764	-0.3077	-0.3033	-0.5908	-0.2901	-0.3092	2.0393	-0.2282	-1.1957	-0.4111	0.8732	-0.8981	0.1321	-0.8698	-0.7740	-2.2725
-0.0551	0.9127	0.4460	0.7779	0.3065	-0.6309	1.2452	-0.2481	0.5948	-0.8309	0.8925	-0.8593	-0.4991	-1.2225	0.6409	0.1250	-1.6864	-1.2152	0.5325	-0.9358	-1.3031	-1.2879	-0.0780	-0.0270	-1.3006	-0.7033	-0.5047	0.6818	0.7254	0.7721	-0.3265	0.0888	-0.8177	0.0489	-1.1704	-0.2841	0.5985	1.3072	-0.7563	2.2135	-0.5655	-1.2614	-0.4664	0.8194	-1.2265	-0.0976	-0.3535	-0.0548	-1.2074
0.0468	0.0174	0.3403	0.0675	0.0661	-1.5892	0.6765	-0.6021	0.7509	-1.1130	-0.3992	-1.4274	-0.3008	0.0021	0.6994	0.3365	-0.3031	-1.1315	0.3644	-1.2709	-0.3501	-1.5534	-0.3665	-0.7022	-0.9859	-0.5127	-0.3400	-0.2435	1.0971	0.3993	0.1387	-0.5516	-0.5770	-0.8136	-1.6177	-0.1577	-0.1087	-0.2186	-0.8919	1.5851	-0.6369	-0.4133	-1.3443	0.8080	-0.9555	-0.0820	-0.6775	-0.1316	-0.8921
0.0827	-0.6168	0.2087	0.5315	-0.1366	-0.4451	1.0244	-0.8558	1.4943	-0.6627	-0.8272	0.0697	1.2221	0.0888	0.3550	0.1080	0.1214	-1.5763	0.5633	-0.2229	0.7406	-1.3368	-0.5106	0.1926	-1.2992	1.0265	-0.4897	-0.6165	1.1647	0.4641	0.4792	-0.4035	0.7601	-0.4284	-0.5906	-0.7834	-0.5259	-0.3563	-1.1077	1.3499	-0.7742	-0.5869	-1.5174	1.0831	-1.6144	-0.5926	0.1471	0.1007	-0.2731
0.0662	0.3460	0.0152	1.0520	0.0499	0.4533	1.3111	-1.1283	1.1486	0.6702	0.2119	0.3020	0.9044	0.3699	-0.2521	-0.4934	-0.3263	-0.9815	0.2388	0.6292	0.6862	-1.1946	-0.1317	0.3477	-0.9630	0.7152	-0.4255	-0.4933	1.0214	0.0264	0.8946	-0.7919	0.6749	0.8747	-0.3325	-1.1538	-0.2357	0.8684	-1.0168	0.8931	-0.9624	-0.7944	-0.5574	0.4480	-1.0415	-0.8764	0.6168	-0.1896	0.8434
-0.0399	0.4082	-0.1601	0.9829	-0.0580	-0.1355	0.3745	-1.0334	0.8555	-0.1776	-0.4578	0.4045	0.2577	0.4665	-0.0978	-0.0651	-0.4933	-0.6967	-0.4851	-0.1335	0.9736	-1.1492	-0.2129	-0.2895	-0.4959	1.0180	-0.0287	-0.1811	0.9584	0.1765	1.3209	-0.9278	0.3337	0.7925	-0.1473	-0.6217	-0.6995	0.3160	-0.5128	0.4538	-0.3423	-0.2454	-0.3555	0.3775	-0.4428	-0.8179	0.1492	-0.0425	0.0223
-0.1310	-0.5430	0.0337	0.9915	-0.6457	0.1935	-0.3505	-0.9717	0.4507	0.7829	-1.7779	-0.4589	0.5221	1.2948	-0.8201	-0.1646	0.0445	-0.3607	0.3285	-0.6623	1.4365	-0.0417	-0.6065	1.6018	0.0772	0.0679	-0.6325	-0.2873	0.4751	0.0295	0.9747	-0.6695	0.4586	-0.4031	-0.0627	0.0541	-1.1292	-0.2764	-0.9255	-0.5197	-0.8697	-0.4021	-0.8151	-0.0212	-0.1428	-0.2638	-0.2790	-0.2265	-0.4955
-0.6428	-0.5499	-0.2647	0.7347	-0.7552	1.1475	-0.5698	-1.4764	-0.5899	0.5616	0.3388	-0.8003	0.9228	1.0299	-1.2732	-1.1393	0.7055	-0.0324	-0.0327	0.5791	1.0649	0.6324	-0.6497	0.7951	-0.3401	-0.4948	-1.0820	-0.6843	0.5322	0.4642	0.8445	-0.8459	0.6205	-1.2273	-0.2957	-0.1568	0.5757	-0.3033	-0.6779	-1.0384	-1.2229	0.1830	-0.9218	-0.6790	0.1333	-0.8168	-1.1554	-0.9970	0.8005
-0.5084	-0.2632	-1.0034	0.9004	0.6400	2.3662	0.2801	-1.6727	0.0744	0.8864	0.0833	0.1547	-0.2159	1.6658	0.3047	-1.4842	1.1747	0.2556	-0.2252	1.8538	-0.0480	0.3141	-0.5483	0.4260	-0.8195	-0.3489	-1.0480	-1.0197	0.3105	0.4140	2.0779	-0.0231	-0.6092	-1.2261	-0.3567	-0.8619	-1.1863	-1.0719	-0.2629	-0.9248	-1.4671	-0.2462	-1.0414	0.1154	-0.1904	-1.1074	-0.7287	-0.2666	1.1954
-0.7781	0.1802	-0.9380	1.3322	0.2430	3.2902	0.0533	-2.2002	-0.8962	0.2519	-0.6486	-0.3314	0.9947	2.6617	-0.2837	-1.0214	0.9570	1.0823	-0.1945	1.2399	0.7780	1.7241	-0.7389	1.6667	-0.6730	-0.5813	-0.1980	-0.9153	0.0802	0.2367	1.4617	-0.1521	0.0284	-1.1967	-0.6365	-0.4676	-0.6810	-1.9748	-0.0593	-1.4429	-1.7453	-0.2271	-1.6409	-0.5508	0.0752	-1.7015	-2.2652	-0.5004	0.2500