IC05	IC08	IC09	IC15	IC16	IC17	IC18	IC19	IC20	IC23	IC24	IC26	IC27	IC29	IC31	IC33	IC36	IC37	IC38	IC41	IC42	IC43	IC44	IC45	IC46	IC47	IC48	IC49	IC50	IC51	IC54	IC56	IC58	IC60	IC62	IC63	IC64	IC65	IC66	IC67	IC68	IC69	IC71	IC72	IC73	IC74	IC75	IC76	IC77
-2.2144	-0.9502	-0.0161	-1.2269	-0.7164	-0.1147	-2.9659	0.4847	-1.4409	-0.1550	-1.7655	-0.4972	-0.7012	0.3283	-0.8225	0.2625	-0.6000	-1.0001	-1.5239	0.4487	0.5801	0.2278	-2.3804	-1.4757	0.9956	0.3430	-0.2910	-0.5468	0.6226	-0.2466	-0.5292	0.4141	1.4431	1.6171	-0.5743	-0.1536	-0.1421	-0.4721	0.7450	0.9797	0.5514	0.8166	2.1440	-0.0297	-0.9064	2.2866	0.7406	0.1648	1.6828
-1.7130	-1.3840	0.6571	-1.2267	-1.2908	-1.0141	-2.2608	0.1480	-1.3120	0.7439	-2.5072	-0.6948	-0.3148	-0.0325	-1.2076	0.8007	-0.0993	-0.6273	-0.5761	-0.0495	-0.0692	1.4041	-1.6924	-0.8277	0.8752	-0.2336	0.6301	-0.1928	0.5365	0.0821	-0.2147	-1.2524	0.6981	0.9235	-0.2308	0.3973	-0.3151	-1.6698	0.3210	0.1110	0.5047	0.0555	2.0167	0.1249	-0.1881	1.8252	0.8039	-0.6474	1.5641
0.6523	-1.1393	0.7498	-0.9490	-1.6596	-2.0149	-1.1262	0.5187	0.5764	1.0005	-3.0835	0.5398	0.0800	1.0187	-0.8499	0.7222	-0.3352	0.3962	0.6262	-0.2864	-0.8116	0.6319	-1.8438	-0.5078	0.9809	-0.7773	0.3015	-0.1999	0.5172	-0.1771	0.5341	-1.6994	0.0953	0.5062	0.1324	-0.1847	-0.5617	-0.1234	0.7555	0.3092	0.1800	0.5971	2.1768	-0.1660	-0.8581	1.6673	1.1356	-0.4517	2.0440
0.1398	-1.7343	0.7055	-0.7277	-0.2300	-1.8079	-2.0292	0.8069	-0.4661	-0.1813	-1.9538	0.2009	-0.3584	0.0615	-0.3608	0.7964	-0.4467	-0.5728	0.1843	-0.4109	-0.4900	0.4749	-1.3549	-1.1945	0.6649	-0.0273	0.2236	-0.4530	0.2569	-1.0604	0.2151	-1.0790	0.4050	-0.1424	-0.1062	-0.0858	-0.5758	-1.2760	0.9298	-0.1288	0.2152	0.3694	2.0026	1.0218	-0.9828	2.0205	0.9220	-1.0509	1.5046
0.1634	-0.3390	1.2129	-0.6085	0.0704	-0.6731	-1.7756	0.8313	-1.4439	0.0844	-0.6723	-0.8301	0.0216	-0.4307	-0.3907	1.1604	-0.4358	-0.8903	-0.2905	0.0960	0.0041	0.5646	-1.0542	-1.3177	0.2917	-0.2066	0.3750	0.0828	-0.0253	-1.0111	0.5510	-1.4470	1.0940	0.4427	-0.3257	0.4727	-0.2835	-0.2312	1.2629	-0.0135	1.1698	-0.6853	2.3930	1.1593	-0.5269	1.9804	0.7767	-0.8924	1.5072
0.2471	0.1249	1.2955	-0.7460	-0.7711	-0.2775	-1.2782	0.8581	-1.0140	0.0776	-0.6768	-0.6602	0.3680	-0.5091	-0.9599	0.6290	-0.7630	-1.2022	-0.5999	-0.5709	-0.3056	0.5718	-1.8973	-0.0857	0.6091	-0.0729	0.1903	0.5473	0.2430	-0.2701	0.0050	-1.5849	-0.1967	0.0804	-0.9649	-0.2389	0.7401	0.0876	1.6989	0.0926	1.0686	0.1330	2.2752	0.4712	-0.9631	1.7509	1.5515	-0.8976	2.0548
0.3025	0.0356	1.0999	-1.4059	-0.8974	-1.6917	-1.3946	0.7344	-0.3397	-0.2056	-1.1061	-0.4728	0.3365	-0.7710	-0.6380	0.2955	-0.3840	-1.0205	-1.0383	-0.9990	-0.6063	0.3497	-1.6724	-0.6151	1.1451	-1.2562	0.5921	0.3908	-0.2137	-0.5074	-0.0553	-0.7960	-0.2028	-0.8764	-1.6630	0.2245	0.6816	0.6314	1.3784	-0.1444	1.1310	0.8331	2.2150	0.3716	-0.7077	1.4319	1.3082	-0.6455	2.3422
-0.0481	-0.3706	-0.2244	-0.8650	-0.5073	-1.1492	-0.6534	0.7965	-1.9316	0.0276	-0.3449	-0.7542	0.2864	-1.6663	-0.5796	0.5096	-0.4303	-1.5156	-1.2012	-0.5029	-1.1963	-0.1236	-0.3333	-1.3565	0.9795	-0.6965	0.5987	-0.1831	-0.6479	-0.9988	-0.2849	-0.1542	-0.6853	-1.1283	-1.4326	0.2160	0.7887	-0.3733	1.0003	-0.2312	2.0106	0.2522	1.9901	0.1648	-0.1849	1.8812	1.0500	-1.1327	2.0474
-1.0419	0.9315	-2.4648	0.7579	0.9858	0.2823	1.6732	-0.3505	1.4938	-4.0714	-0.7917	0.1103	-1.7375	-0.0941	-0.7277	-0.0985	1.3833	0.8566	1.7579	3.5393	-0.7494	-1.1749	1.3908	-3.4555	0.9304	-1.6864	1.6514	0.2301	0.6555	0.2355	-1.2587	3.7591	-1.8630	-0.9512	-0.7025	1.4359	0.5415	-1.8449	0.8035	1.3746	1.1890	1.7745	0.0163	-0.5470	0.6408	1.3626	1.8523	-0.7992	0.4997
2.9025	-0.0801	-1.6294	2.7427	0.8637	5.1352	2.0068	-0.0677	-0.0450	-0.9555	-0.2725	0.8635	1.0246	-0.8665	-0.5863	1.3574	1.1445	1.2467	1.0450	0.3295	-2.0388	1.9815	1.1496	2.2744	0.9354	-1.0888	-0.5172	1.1085	-1.3166	2.1687	0.0342	0.3561	-3.2192	-1.5262	-0.9773	0.1577	0.3912	1.8283	-1.0362	-0.6330	-2.2561	0.7491	-2.2170	1.1568	-0.5496	-2.2468	-2.1301	-1.0130	-2.0345
1.4906	2.3594	-0.4086	0.1414	0.6478	0.5912	0.4421	-0.3320	-0.3791	3.2371	2.8344	0.0361	0.6480	-1.6906	1.4315	0.0725	0.0292	-1.4212	-1.6637	-0.1010	-0.3026	-0.8004	2.0531	-0.0605	0.3693	2.7832	-2.0248	0.6396	-1.1730	-0.2683	0.2556	1.2356	0.1732	-0.4614	-1.3098	0.3912	0.3530	5.0672	-0.1760	0.5496	3.0888	-0.0741	-0.6995	-0.3406	0.9021	-0.5049	1.3222	-0.5650	-0.5495
0.5274	0.9242	0.4114	0.1424	0.9340	0.1604	0.7433	-0.5269	0.0385	-0.3544	1.0790	-0.7802	1.3875	-1.3570	1.6185	-0.8672	0.9573	-0.1471	-1.3798	-0.3549	0.4015	0.7474	1.7310	0.0501	0.1226	1.1699	-0.8307	1.2511	-1.4508	-0.3462	-0.4976	1.5205	0.6177	-1.5811	-1.6343	0.7686	0.2671	2.1697	-1.1613	-1.4171	1.3648	0.3591	-1.5581	-0.9131	1.2045	-1.5539	-1.3410	-0.9429	-1.6194
0.7204	1.5617	0.3729	0.5711	1.6454	0.8381	1.4135	-0.2766	-0.2199	-0.0706	1.4249	-0.5620	1.9728	-0.9982	1.7790	-1.1866	0.6415	-0.1102	-1.3629	0.3081	0.3714	0.9219	1.9533	1.2746	-0.2528	1.8097	-0.3379	1.3534	-1.6098	-0.0568	-0.9115	1.8662	0.9621	-1.2599	-1.3843	0.6692	0.4183	1.3813	-1.2879	-0.7744	0.1552	-0.0301	-2.0131	0.3269	1.1078	-1.7074	-1.5014	-0.6736	-1.3388
0.4142	1.7449	0.7147	0.3353	0.9254	0.4402	1.0317	-0.5512	0.4145	0.4765	0.9087	-0.0674	2.2477	-0.5406	1.6038	-0.5629	1.0936	0.7246	-0.9515	-0.0645	0.6341	1.1415	1.7935	1.2154	0.5002	0.7114	0.1335	1.1030	-1.0469	0.6393	-1.0052	1.4159	0.9759	-1.5286	-0.8776	1.4740	0.9075	0.4034	-0.2954	-0.1191	0.3716	0.4031	-1.5107	0.1476	2.1869	-1.7067	-0.7359	-0.2551	-1.3316
0.5277	2.3242	0.2635	0.5674	0.9618	0.6750	0.6540	-0.5477	0.3383	0.5653	1.5066	-0.0501	1.4815	-0.6030	0.9582	-0.0539	0.4502	0.9838	-0.8337	0.6684	0.7952	0.0562	1.5339	1.2234	0.4114	0.3036	-0.0453	1.1285	-0.5855	1.2463	-0.0974	0.6316	0.5841	-0.3853	-0.2246	1.2680	0.7004	1.2032	0.5189	0.4633	0.0624	-0.2007	-0.7700	0.6210	1.8324	-1.0246	0.0531	0.9827	-0.4929
0.5739	1.6496	0.6060	0.9312	0.7514	0.7437	0.9394	-0.4700	0.4786	1.0109	1.4368	0.1493	1.8359	-0.1634	0.1997	0.6575	0.7270	1.4146	-0.2192	0.2755	1.4444	0.2554	0.7009	2.0825	0.1361	0.4241	0.1952	0.9453	-0.0070	1.8434	0.0173	-0.0456	0.1731	-0.0880	0.2416	0.8938	0.6626	-0.4962	0.7486	-0.8576	-0.9649	-0.3819	-1.0034	0.2534	2.0211	-1.0462	-0.3506	1.3948	-0.7628
0.6661	0.5729	0.1218	0.6258	-0.6555	0.4882	1.1770	-0.2135	-0.1468	1.3633	2.1793	0.3273	1.0289	-0.2019	-0.3141	0.9461	-0.4342	1.0526	-0.0727	-0.3173	1.8134	-0.4057	0.0496	1.7324	-0.9797	-0.4425	-0.2696	-0.5695	0.5370	1.9041	0.7533	-0.8888	0.3474	1.0133	0.9345	-0.1460	1.2451	-0.1640	0.9188	-0.0913	-1.0388	-0.5395	-0.9391	0.1046	1.7101	-1.3001	-0.4156	1.9002	-1.0505
0.4943	-1.3688	-0.5251	-0.0787	-1.2987	-0.0335	1.1794	-0.3120	-0.3853	0.8145	0.8018	0.7271	0.3223	0.1182	-1.1477	0.5770	0.0769	0.6486	0.6520	-1.1009	1.0812	-0.3217	-0.9266	1.4559	-1.6647	-0.7918	0.0149	-1.7435	0.6317	1.3859	0.5551	-1.2179	-0.3371	1.1876	1.1043	-1.2172	0.7825	-2.1274	0.1655	-0.6576	-1.0066	-0.7524	-1.3710	-0.3710	1.1453	-1.2304	-1.5588	1.8533	-1.4946
0.5559	-1.0918	-0.8611	-0.3464	-1.0193	-0.5002	1.1271	-0.2888	0.1461	-0.3765	0.7574	0.3632	-0.6517	0.3488	-0.8369	-0.2661	0.2893	0.0709	1.0483	-0.7938	0.6985	-0.6478	-1.0675	0.7029	-1.6751	-1.6573	0.0533	-2.2053	0.5771	-0.0526	0.4126	-0.8263	-0.3471	1.1328	1.0089	-1.5615	-0.2747	-0.9527	-0.5294	-0.4972	-1.1866	-0.2893	-1.8017	-0.1901	0.2364	-1.3137	-1.4269	2.0374	-1.5335
0.9230	-1.0742	-1.5694	-0.3577	-1.0557	-0.6662	1.1305	0.1792	-0.1715	-1.2533	1.2904	0.7528	-1.5093	0.3607	-0.5107	-1.0811	-0.9246	-0.6331	0.3733	-0.8265	0.1816	-0.7682	-0.2449	-0.3965	-2.0846	-1.9126	-1.0853	-2.6823	0.2585	-0.8999	1.0567	-0.5630	-0.0424	0.5551	1.0112	-1.7093	-0.0291	0.4497	-0.9207	-0.1354	-1.2044	0.0780	-2.0182	-0.4770	-0.0366	-1.5065	-1.3413	1.7978	-1.9538
-0.0599	-1.7896	-1.5095	-0.1352	-0.9591	-0.1519	0.7448	0.0597	0.0653	-0.2101	0.0068	0.3021	-1.1324	0.1910	-0.7994	-0.6483	0.1530	0.2990	0.7395	-1.5772	-0.4151	-0.2630	-0.6734	0.5784	-1.7019	-1.3075	-1.0102	-1.9748	-0.1350	-0.7694	0.2069	-0.7374	-1.0772	-0.2539	1.0530	-0.8543	-0.3691	-1.6762	-1.8395	-1.5151	-1.5838	-0.5057	-2.0333	-1.1892	0.1065	-1.3737	-1.3885	0.7051	-1.6600
-0.1118	-0.9404	-1.1684	-1.0356	-0.2018	-0.7137	0.5357	-0.0641	0.5874	-0.5315	0.0502	0.6895	-1.4825	0.3578	-0.0924	-0.3437	0.3737	0.5669	0.5749	-1.1019	-0.7799	-1.0735	0.0020	0.4131	-1.4324	-0.6051	-1.0433	-1.1886	-0.3462	-1.1176	0.4607	0.0633	-0.8129	-0.2283	0.8065	-0.6331	-1.2778	-0.7820	-1.6567	-1.1638	-1.6119	-0.2223	-1.7142	-1.4273	-0.0157	-0.8660	-0.5773	0.8014	-1.0565
0.2591	-0.4748	-0.9894	-1.4641	0.2795	-0.7534	0.5732	-0.4052	0.1260	-0.7388	0.4180	0.4776	-1.0960	0.7694	0.2201	0.1968	0.4449	0.1380	0.7726	-0.2854	-1.3879	-0.6587	0.4841	0.0838	-1.5843	1.0246	-0.7814	-1.0623	-0.4768	-0.8159	0.2338	0.4718	-0.5831	-0.1799	0.7251	-0.9808	-0.8296	-0.9205	-1.4575	-0.7890	-1.0641	-0.2081	-1.4209	-0.7640	-0.9481	-0.0273	0.2896	0.8964	-0.2546
-0.0992	-0.0152	-0.7308	0.3479	0.3946	0.2883	0.5082	-0.3761	0.3820	-0.2901	1.1353	-0.1519	-0.7271	0.9804	1.1781	0.5963	-0.6046	0.6044	0.4572	-0.1727	-0.4094	-0.8455	0.7034	-0.3358	-1.6649	0.9360	-1.0053	-0.8162	-0.1504	-0.1694	0.6032	1.2155	0.2380	0.4987	0.8656	-1.0746	-0.5642	0.2220	-1.5078	-0.5724	-0.6563	-0.5250	-1.3959	-0.7365	-0.9266	-0.8352	-0.6412	0.7744	-0.6952
0.1001	-0.6188	-0.7438	0.8189	0.4424	0.7559	0.2144	-0.3420	0.6174	0.1554	0.2947	0.5500	-0.3345	1.3487	1.3014	0.4482	-0.6375	0.6968	0.5460	-0.8953	-0.2141	-0.3018	0.2929	-0.3078	-1.7134	1.1251	-0.6466	-1.1042	0.3285	0.4390	1.1286	1.1850	0.2478	0.1224	1.0923	-0.9030	-0.1678	-1.5406	-1.2054	-0.0729	-0.4053	-0.7539	-1.1045	-0.6890	-0.4361	-1.1440	-1.4446	0.2580	-0.9546
0.6886	0.3773	-0.5188	-0.1261	0.5287	0.1866	-0.4578	0.6690	2.3236	-0.4413	-0.6333	0.7767	-0.5450	2.4500	0.6069	-0.2923	0.3086	2.9286	2.1813	0.1878	-0.4943	-0.3986	-0.4085	-0.5084	-0.8655	0.4342	0.6215	-0.2293	0.2330	0.2022	0.8384	0.2859	-0.3046	-0.2895	1.9984	-0.1441	-0.5519	-1.1714	-0.2005	1.3240	-0.1881	-0.9192	0.0570	-0.8176	-0.3900	0.0239	-0.0026	0.9145	0.5921
0.2464	0.7975	-0.9344	0.2758	-0.0344	0.1875	-0.4266	0.7748	0.6050	-0.6837	-0.0669	0.4819	-0.3832	2.2778	0.3975	-0.6335	-0.7535	1.4948	0.9898	0.7713	-0.4083	-0.1914	-0.2079	-0.7104	-1.0316	0.0975	0.7082	-0.2686	0.1351	0.1386	1.0126	-0.6432	-0.4340	0.4676	1.9553	-0.5941	-0.0569	0.5551	0.2600	1.6971	0.0392	-0.1986	0.6983	0.1466	-0.9835	0.9718	1.4618	1.0525	1.0279
-0.9759	0.0394	-0.5000	0.9650	-0.0650	0.3542	-0.3412	0.5130	0.3507	-0.5716	-0.2387	-0.3676	-0.2816	1.5142	0.8415	-1.1257	-0.6349	0.7104	-0.0659	0.2552	0.1625	-0.3410	0.2572	-0.1334	-0.7699	0.2947	0.7575	0.0293	0.1395	-0.4756	-0.1977	-0.2464	-0.3884	-0.2392	1.8366	-0.0749	-0.8356	-0.6601	-0.7645	0.1960	-0.7539	-0.2342	-0.0757	-0.0269	-0.7949	0.3620	-0.0091	0.3636	0.1386
-0.4146	0.2812	0.1167	0.5824	0.0425	0.2128	-0.1312	0.3299	1.4161	0.4615	0.0193	-0.6872	-0.3223	1.5206	1.0704	-1.3284	-0.0425	1.0112	-0.1195	0.4994	0.3641	-0.3361	0.3585	0.5253	-0.2643	0.3842	0.7778	-0.3713	-0.1801	-0.7264	-0.1027	0.5471	-0.5706	0.3864	1.8925	0.5000	-0.7147	0.5432	-0.9206	-0.1421	-0.6154	-0.4979	-0.3970	0.0564	-0.5149	-0.0409	-0.5130	0.6497	-0.1993
-0.7952	0.1875	0.0587	0.7781	-0.2208	0.6517	-0.0249	0.2886	0.6841	-0.1518	0.5095	-0.6441	-0.5168	0.9592	0.1397	-1.0100	0.0406	0.4764	-0.2044	0.3239	0.6419	0.6212	0.0149	0.1008	-0.2085	0.6817	0.8602	-0.4908	-0.2207	-0.8581	-0.5334	-0.0998	-0.5759	0.6766	1.2552	0.0980	-0.1413	0.4951	-0.6154	-0.5923	-0.2337	-0.5224	-0.0193	-0.1988	-0.7705	-0.1172	-0.4592	0.2144	-0.4960
-0.8388	0.0925	0.0322	0.9333	-0.1799	0.4003	0.1077	-0.1839	0.4955	-0.4369	0.1322	-0.6267	-0.2857	0.4986	-0.1839	-0.7986	0.4903	0.6623	-0.5624	-0.1253	0.6564	0.2798	0.0245	-0.1412	0.4091	0.6853	0.6819	-0.2330	-0.1111	-0.5464	-0.4439	-0.0921	-0.6108	0.0669	1.0821	0.3289	-0.6246	0.3858	-0.1058	-0.5535	-0.5140	-0.3377	0.1903	-0.5705	-0.3957	0.0936	-0.4341	0.7482	-0.2663
-0.6713	-0.0657	-0.1550	0.5866	-0.0507	0.0259	0.1452	0.1743	0.6708	-0.1076	0.1387	0.0597	-0.7622	0.2140	-0.1925	-0.2963	-0.5137	0.2129	-0.5177	-0.0628	0.7692	-0.3209	-0.3636	0.0081	0.3662	0.3816	-0.0315	-0.3257	0.1851	-0.3079	0.1650	-0.1292	0.0540	0.2174	0.5834	-0.3368	-0.2600	1.0664	-0.1267	-0.3563	-0.3966	-0.2364	0.3079	-0.1654	-0.5067	0.3591	0.0071	0.7756	-0.4086
-0.7844	-0.8827	0.2121	0.3599	-0.4134	-0.3808	0.0720	0.0700	0.3812	-0.4691	-0.7326	0.3208	-0.9886	0.0191	-0.6177	-0.6413	-0.3263	-0.3971	-0.2303	-1.0374	0.7491	-0.3645	-0.2731	-0.4824	0.2600	0.4116	-0.2586	-0.5226	0.7003	-0.1556	0.1915	-0.7666	-0.1040	-0.6802	0.3185	-0.5701	-0.2458	-0.0013	0.2582	-0.5346	-0.2351	-0.0869	0.2931	-0.3514	-0.4981	0.0261	-0.5158	0.0891	-0.7547
-0.7024	-0.7619	0.5575	-0.5555	0.1620	-1.5848	-0.1662	-0.0677	0.7221	-0.6170	-0.3985	-0.6349	-1.2899	-0.1957	-0.7560	-0.8734	-0.0930	-0.8394	0.5747	-0.2294	0.4975	-0.8873	0.0700	-0.4626	-0.1895	-0.1717	0.0790	-0.0282	0.4916	-0.3265	0.5325	-1.2090	0.2946	0.3480	0.3300	-0.5229	-0.5962	0.1562	-0.3651	0.0537	-0.7631	-0.5209	0.2278	0.1644	-0.8193	0.1012	-0.3057	0.1186	-0.3416
-0.2203	-0.6840	-0.1176	-0.0894	0.5007	-0.5488	0.0256	-0.0086	-0.0003	-0.1011	-0.1036	-0.8410	-1.2331	-0.0315	-0.7975	-0.7473	-1.6767	-1.3208	1.0580	0.5788	-0.2281	-0.2337	-0.1306	-0.4740	-0.8726	-0.7458	0.2387	0.0806	0.2951	-0.5037	-0.2245	-0.9744	0.6997	1.5463	0.3306	-1.2790	-0.8206	-0.8016	-1.2518	0.6293	-0.9194	-0.2860	0.1475	0.8310	-1.3898	-0.0277	0.0125	-0.6993	-0.2617
-0.2731	-0.9381	0.3953	0.3030	0.4899	-0.0497	-0.0067	-0.1173	0.7224	-0.4815	-0.3747	-0.3007	-0.9771	0.0235	-0.6427	-0.5132	-1.9282	-1.1888	1.3257	0.0789	-0.5561	-0.9515	0.1809	-0.3910	-0.5017	0.0563	-0.3453	0.2238	0.8209	-0.2337	-0.8298	-0.3786	0.2565	0.6152	0.5411	-1.5093	-0.9235	-1.0954	-1.1991	0.7556	-0.6773	0.1793	-0.1242	0.5129	-2.2115	-0.1506	0.5213	-0.9238	-0.2162
-0.3378	-0.9527	0.6167	-0.5187	0.7008	-0.7607	-0.3474	0.0734	1.7815	-0.2928	-0.2145	-0.3567	-1.3089	0.2331	-0.0302	-0.6769	-2.1345	-1.0279	1.4394	-0.0450	-0.1821	-1.5568	0.3964	-0.3209	0.1738	-0.4358	-0.3701	0.4860	1.0456	-0.5788	-0.8222	0.3634	0.3371	0.0618	0.6092	-0.9692	-0.6169	-0.1712	-1.0136	1.0269	-0.4223	0.6782	0.1034	0.4484	-2.2668	-0.2064	0.3834	-1.2764	-0.2122
-0.8449	-0.7201	0.7050	-0.7830	0.4806	-0.0426	-0.1248	-0.3693	0.9297	-0.0653	-0.2942	-0.3015	-0.6953	0.1623	-0.5972	-0.3228	-1.5995	-0.6887	1.4866	0.0756	-0.2493	-0.3849	0.7066	-0.3411	0.4899	0.1514	0.0275	1.0547	0.8420	-0.5609	-1.0032	0.2850	0.1980	0.2261	0.3908	-0.1341	-0.5014	-0.4385	-0.8257	0.5104	0.1177	0.4964	0.2916	-0.4441	-1.9402	-0.5795	-0.0951	-1.7408	-0.4081
-0.7938	-0.5613	0.6545	-0.7224	1.1932	0.3354	-0.1736	-0.7329	0.3719	-0.2082	-0.6019	-0.1358	-0.5816	0.2414	-0.1972	-0.2493	-1.0954	-0.4847	0.8845	0.9831	-0.1053	-0.6710	1.2708	-0.0575	0.7170	0.4297	-0.1307	1.4622	0.5657	-0.1430	-0.4851	0.9203	0.3198	0.1090	0.4364	0.0544	-1.1551	-0.3960	-0.5577	1.1457	-0.0984	0.5969	0.2688	-0.2420	-1.7415	-0.0716	0.2969	-0.7379	0.0181
-1.6630	-0.0666	0.6598	-0.8235	0.6674	0.5384	-0.0276	-0.6751	-0.4362	0.3913	0.1439	-0.4895	-0.8169	0.1145	-0.1286	-0.3552	-0.3813	-0.2680	0.2819	1.1938	0.3740	0.3358	0.6934	0.4422	1.2066	0.5035	0.2810	1.3332	0.3240	-0.4309	-1.2235	0.3174	0.5872	0.2455	0.1337	0.6662	-0.6202	-0.4020	-0.6645	0.1297	-0.2252	0.8779	0.2007	-0.6480	-0.6628	-0.1259	-0.0056	-1.2496	0.0478
-1.3701	0.1365	0.6285	-0.2076	0.7280	0.9842	-0.1450	-0.6257	-0.2959	0.0250	0.1349	-0.5249	-0.2578	-0.1586	0.1048	-0.2202	0.4693	0.0924	-0.3887	0.9906	0.2247	0.2122	1.0003	0.2665	1.1545	0.7306	0.4600	1.6051	-0.2178	-0.0540	-0.7771	0.7175	0.2208	0.2437	0.0301	0.8241	-0.7730	-0.0016	-0.3301	0.5062	-0.0017	0.6832	0.1077	-0.8241	0.1088	-0.2393	-0.5799	-0.4946	0.0258
-0.9855	0.6101	0.2220	-0.7212	1.1256	0.4640	-0.0159	-0.3256	-0.8722	0.2886	0.1187	-0.2979	-0.5243	-0.7308	0.4143	-0.2674	-0.1031	-0.6598	-0.8317	1.2349	0.4535	0.4511	0.7192	0.2713	1.1015	0.5622	0.4918	1.1558	-0.4679	-0.6310	-1.0297	0.7781	0.4312	1.0816	-0.9420	0.0979	-0.1126	1.1505	-0.5443	0.6195	0.5780	0.3613	0.2691	0.1680	0.0488	0.1078	-0.1532	-0.3147	0.4158
-0.9823	0.4805	0.7716	-0.4242	0.9596	0.4546	-0.1348	-0.4628	-0.9155	0.2843	-0.3798	0.1677	0.3773	-0.7945	0.3886	0.1453	0.3426	-0.3088	-0.6760	0.4421	0.4592	0.8110	0.6517	0.4997	1.5015	0.9661	0.6560	1.0441	-0.4092	-0.2818	-1.2200	0.3003	0.1530	0.4766	-0.8301	0.3634	-0.2409	0.4895	-0.1679	-0.0977	0.6403	0.0362	0.0493	0.2393	0.4548	-0.0602	-0.0406	-0.4710	0.4769
-0.8018	1.1086	0.6409	-0.1179	0.3494	0.4434	-0.3161	-0.2750	-0.2198	0.2952	0.4062	0.4707	0.0794	-0.6768	0.6327	-0.1866	0.4550	-0.2918	-0.6267	0.2839	0.9107	-0.0478	0.6059	0.7127	1.7651	0.0564	0.5666	0.5340	-0.1518	-0.3956	-1.1373	0.0984	0.8099	0.0110	-0.9643	0.5404	0.9151	2.3081	0.5110	-0.1323	1.2013	0.2882	0.3837	0.8988	0.2538	-0.0146	-0.1462	-0.1215	0.7614
-0.1918	0.8282	0.8521	0.7519	-0.1923	0.6225	-0.2348	-0.6157	0.1743	0.6100	-0.2101	0.8876	0.5851	-0.2979	0.5608	0.1501	0.8817	-0.0282	-0.4036	-0.8344	1.1735	0.4376	0.2901	0.1292	1.4684	-0.2246	0.1247	0.0867	0.1845	-0.1053	-1.0988	0.3528	1.0734	-0.9140	-0.6792	0.6128	0.8125	1.7633	1.4374	-0.0423	1.5218	0.6418	0.5520	0.5297	0.7233	-0.5093	-0.9295	-0.2651	0.2766
0.4299	0.8036	0.8134	0.8704	0.2825	0.3501	0.0098	-0.5805	0.7280	0.8574	0.0821	1.0719	0.0651	-0.3562	0.7279	-0.1587	1.4551	0.0715	0.2143	-0.0177	1.0216	-0.2600	0.6962	1.0909	0.8691	0.8644	0.1459	0.2154	-0.1475	-0.2603	-0.2069	0.3394	0.9345	-0.0320	-0.2401	0.5304	0.8380	0.9590	1.0802	0.5400	0.5583	-0.0302	0.3529	1.3768	1.0009	0.2030	-0.4954	-0.1384	0.6510
0.5238	0.7779	1.0080	1.2706	-0.2841	0.6335	-0.0797	-0.4254	0.8061	0.8939	-0.3315	0.7564	0.2858	0.3087	0.5296	0.1266	1.3988	0.2033	0.7597	-0.1913	1.1651	0.1374	0.0520	0.4232	0.8631	0.0992	0.2454	0.5464	0.1986	0.3605	0.1996	-0.0706	0.6070	0.2446	-0.2623	1.1516	0.8423	0.1007	1.1810	0.7747	0.9404	-0.1200	0.5501	1.0176	1.6688	-0.1544	-0.4904	-0.4351	0.1040
0.3305	1.2282	0.8352	1.7487	0.0084	1.0764	-0.0263	-0.2551	0.6921	0.7405	0.4743	0.6723	0.1399	0.4948	0.0551	0.3047	1.1941	0.1239	1.2424	0.8114	0.9649	-0.4186	-0.2873	0.5956	0.4284	0.6232	0.3460	0.9604	0.6860	1.2962	0.7674	-0.6237	0.1535	1.0503	0.0975	0.8830	0.7433	-0.3510	1.5945	1.2588	0.2138	-0.6636	0.8535	1.3588	1.2481	0.3846	0.9773	0.0294	0.4170
0.5609	1.2323	0.9853	2.0018	-0.0375	0.7150	0.3522	-0.2055	0.4656	0.2978	0.7083	0.7281	-0.4746	0.6893	0.4708	0.1031	-0.2528	0.4611	0.7183	0.2805	0.9796	-0.4551	-0.4566	0.1843	0.3231	-0.5636	-0.1365	1.0792	1.3453	0.9345	1.3321	-0.9299	0.5826	0.7680	-0.2750	0.9261	0.7331	-0.8873	1.8092	1.2758	-0.3076	-0.2036	0.5270	0.8692	2.0153	-0.1937	0.9011	-0.5913	-0.4160
1.2420	0.1916	1.6202	1.7971	-0.1439	-0.0953	0.3534	-0.4602	0.6883	-0.1669	-0.3802	0.7159	-0.1225	0.1853	0.7466	0.2021	0.0122	1.1841	0.8930	-0.5925	-0.0176	-0.0873	0.1194	0.3801	0.5699	-0.6229	0.3489	1.0172	1.4355	0.9973	1.1154	-0.5827	-0.3862	0.1840	-0.5652	1.0510	0.1009	-2.0972	1.7634	1.1549	-0.2572	-0.2051	0.0867	0.7463	2.2280	-0.2218	0.9489	-0.4333	-0.8066
0.2098	0.7167	1.1522	1.0310	-0.7725	-0.7266	-0.0042	-0.3293	0.1590	-0.0081	0.3587	0.1714	-0.1824	-0.4904	0.5758	0.5315	0.1282	-0.1030	0.5640	-0.0878	-0.3745	-0.6339	-0.0504	0.3681	0.4896	-0.6233	0.9833	1.1108	1.2539	1.1958	1.2202	-1.1345	-0.9611	0.5992	-1.2011	0.5898	0.2479	-0.4133	1.0876	0.9976	0.4368	-0.6716	0.6994	0.9492	1.3006	0.3511	1.9381	-0.0202	0.1539
-0.1689	1.1398	0.6393	0.9771	-1.0023	-0.1033	0.1679	-0.1482	-1.7732	0.1283	0.7689	0.3297	0.1195	-1.0324	0.3090	1.1102	0.0611	-1.3567	-0.1177	0.2374	-0.9196	-0.3763	0.0393	0.9721	-0.2047	-0.0625	1.0629	0.5788	0.6990	1.5544	0.7381	-0.8211	-0.3489	0.4491	-1.2751	0.0108	1.0678	0.2138	1.1238	0.6241	0.4987	-0.1431	0.9186	0.4905	0.8437	0.3847	1.6561	0.3429	0.1645
0.0794	1.1179	0.4311	0.0435	-0.0053	-0.1522	-0.4418	0.0408	-0.4064	0.1378	-0.2170	0.7741	0.7266	-0.9394	0.6833	0.9257	0.8137	0.3821	-0.3886	0.6225	-0.5982	0.8487	0.2658	0.0971	0.4058	-0.2963	0.8697	0.4141	0.1101	1.5535	-0.8308	0.5612	0.3892	-0.8047	-0.5622	0.2320	0.8773	0.0491	1.3879	1.0507	0.6359	0.4801	0.7563	-0.0048	0.8149	0.2135	0.5949	1.2917	0.9502
-0.3286	0.3434	0.1233	-0.2348	0.4046	0.6505	-0.4561	0.2906	-1.1443	0.2251	0.0257	-0.3485	1.6981	-1.2041	0.2019	0.8059	0.8700	0.8673	-0.4339	1.0507	-0.4636	1.9788	-0.3208	-0.0942	0.8522	0.3762	1.1365	0.9568	-0.7159	0.9472	-1.7917	-0.3252	-0.0273	-1.0895	-0.9372	0.4258	0.7934	-0.0426	0.7727	-0.2987	0.3653	-0.0912	0.4719	0.0494	0.5436	0.2742	-0.0655	0.4713	0.9239
-0.2751	0.7250	-0.0957	0.2726	0.6365	0.4673	-0.6448	0.3781	-1.7371	0.0537	0.3704	-0.7594	1.8450	-0.9053	0.1523	0.9783	0.5175	-0.0605	-0.9526	1.0700	-0.8451	0.5297	0.0277	-0.2321	0.8876	1.1418	0.6771	1.1651	-0.8946	1.1135	-1.0562	0.9363	0.2302	-1.7043	-1.0767	1.0345	1.3334	-0.1184	1.2493	-0.0332	0.3921	-0.2663	0.4850	-0.1763	0.7508	0.5638	-0.3991	1.0507	1.0931
-0.0981	-0.1369	-0.1757	-0.2038	0.5977	-0.1897	-0.2356	0.4322	-1.0052	0.5614	0.2384	-0.2416	1.7893	-0.5966	0.2886	0.7928	0.5945	-0.3081	-0.9143	1.2694	-0.5911	0.0504	0.2611	0.0896	1.1269	0.0952	0.3303	0.5008	-0.8344	0.5005	-0.4396	0.8739	0.9839	-1.7527	-0.7128	1.2527	0.4786	-0.1209	1.0251	-0.2599	0.1079	-0.0284	0.1007	-0.1935	0.9511	0.5805	-0.2625	0.7738	0.6960
-0.3780	-0.9613	-0.2881	0.0841	-0.0928	0.0793	-0.1043	0.4762	-1.6685	0.5064	0.3238	-0.1222	2.7442	-0.8132	-0.2301	0.5632	0.9825	-0.5554	-0.7151	0.4481	-1.0645	0.6304	0.0829	-0.1278	0.4019	-0.2049	-0.2994	0.4085	-0.6328	0.3990	-0.0200	0.3085	0.6737	-1.9073	-1.2762	1.0167	0.5205	-0.3982	0.8062	-1.0972	0.3573	-0.2650	0.1801	-0.1895	0.2648	0.1786	-0.4272	-0.4086	0.2197
-0.1041	-0.6308	-0.0944	-0.1044	-0.1395	0.1968	-0.0685	0.0144	-1.0377	0.9912	-0.0646	0.4048	3.0818	-0.7059	-0.1305	0.6706	1.2393	-0.4927	-0.7578	0.3589	-0.7243	0.3133	-0.0450	0.0567	-0.0637	0.4255	-0.9550	0.3080	-0.2603	0.5113	0.4956	0.3692	0.2312	-0.5952	-1.0678	0.9618	-0.3851	-0.6358	0.5696	-0.8997	-0.2277	-0.1630	-0.0331	-0.4254	0.4424	0.1634	-0.2480	-0.6762	0.7735
0.3177	0.6887	-0.4334	-1.2472	0.0914	-0.7110	0.1330	-0.0849	-0.3792	0.9652	0.0682	1.5097	1.7723	-0.2310	0.4242	0.2820	0.9187	-1.1796	-0.4888	0.6680	-0.2813	0.7423	-1.0391	0.6137	0.1358	0.3163	-0.8679	-1.1108	0.1774	-0.8003	0.1573	1.2835	0.1467	0.6786	-0.8853	0.8243	-0.5807	-0.2479	0.5258	-0.5311	-0.3046	0.5299	-0.2649	-0.0408	0.5634	0.4867	2.1095	-0.7162	0.7589
-0.0137	-0.3075	-0.2639	-0.8761	-0.5472	-0.0676	0.2122	0.4673	-1.3462	0.1720	-0.2733	1.4483	1.5428	-0.5318	-0.6526	0.4529	1.2284	-1.2591	-0.7504	0.2083	-0.7417	0.4525	-0.6738	-0.2316	-0.5853	0.0681	-1.3744	-0.8324	-0.0967	0.1221	0.5092	0.2788	-0.3033	0.1631	-1.1845	0.4154	-0.2714	-0.0751	0.3021	-1.2573	0.3102	-0.5324	-0.3127	-0.1946	-0.0465	0.1008	0.5736	-0.8516	0.5556
0.1745	-0.7198	-0.2092	-0.4808	0.0084	-0.4239	0.3087	0.4481	-1.2337	0.3047	-0.2362	1.2463	1.4542	-0.3509	-0.4552	0.0050	1.2697	-0.9281	-0.4643	0.5243	-0.9336	0.1214	-0.4695	0.1650	-0.5102	0.1978	-1.4028	-0.5780	-0.2345	-0.1876	1.2164	0.3637	0.0615	0.4075	-1.2380	0.5600	-0.3527	-0.2856	-0.1113	-0.7328	0.1146	-1.3326	-0.1996	-0.2020	-0.0563	-0.2045	-0.5669	-1.2378	0.6171
1.2528	-0.4415	-0.4979	-0.7948	-0.0861	-0.2536	0.6011	0.5707	-1.4278	0.2718	-0.1665	0.8549	1.0029	-0.6162	-0.2537	-0.3313	0.8516	-0.1426	-0.2540	-0.3748	-1.1442	0.1870	-0.6977	0.0296	-0.8012	-0.3436	-1.8720	-1.1733	-0.2667	-0.6642	1.2718	0.3411	0.4308	0.6367	-1.4044	-0.1719	-0.0152	-0.3234	-0.0712	-0.7830	-0.1539	-0.4073	-0.3502	-0.3029	-0.3330	0.2665	-0.2491	-1.4676	0.6115
0.6050	-0.1992	-0.1559	-1.2425	0.3243	-0.2805	0.5069	0.4685	-0.9625	0.3044	-0.0480	0.3068	1.5692	-0.8513	-0.0813	-0.1050	0.8519	-0.0105	-0.8360	-0.5606	-1.3470	-0.3340	0.3477	-0.0103	-0.4241	0.4429	-1.7716	-0.0423	-0.2953	-0.0245	2.1375	0.7527	-0.5712	0.4306	-1.3204	0.0595	-0.3272	0.3345	0.0005	-0.6289	-0.3493	0.1203	-0.4720	-1.0658	-0.2965	0.0952	0.2367	-0.8253	0.4729
0.2122	0.0074	-0.0383	-0.3440	0.3666	-1.1514	0.0351	0.3411	-1.3593	0.4062	0.2642	-1.0325	1.6558	-0.2888	-0.0090	0.7987	0.6524	-0.3452	-0.3953	-0.3081	-0.8433	0.1952	-0.2612	-0.3129	-0.9072	-0.7142	0.1020	0.4477	-0.6255	0.2980	2.3596	0.5251	-0.2020	0.3522	-0.8121	0.3461	0.6578	2.3708	-0.3326	-0.1986	1.0302	0.4904	0.1683	-0.3197	0.0259	-0.1216	0.8237	-0.2823	-0.4582
0.3547	0.1633	-0.3939	0.5340	0.5784	-0.0512	-0.0284	0.0517	-1.1048	0.1666	0.3139	-0.2823	0.9080	0.0685	0.1228	0.9456	-0.0364	-0.4121	-0.6339	0.3011	0.3636	0.2753	0.0668	-0.5497	-0.7798	-0.5817	0.6882	0.4006	-0.0853	0.5740	2.0563	0.1422	0.7637	0.2668	-0.0618	0.0466	0.6461	1.1498	-1.1779	1.1114	0.5792	0.3549	0.1807	0.3285	0.2857	0.0613	0.0415	-0.0613	-0.7218
0.6598	-0.0439	-0.4597	0.6439	0.0138	0.2132	0.2664	0.2806	-0.2321	0.6614	0.3419	0.7185	0.9734	1.0258	-0.0437	0.0646	0.1331	-0.3658	-0.0902	0.1363	1.1145	0.5887	-0.4635	0.1462	-0.3505	-0.1745	0.4357	-0.7636	0.5280	0.4329	0.9913	-0.9533	0.1479	0.4922	0.9679	-0.7899	0.6483	-0.3448	-0.3856	0.7834	-0.4318	0.5166	0.0727	0.4234	0.5384	0.4931	0.9818	0.0470	-0.0570
0.2420	-0.2524	-1.2512	0.4450	-0.2347	0.0334	0.0166	0.2262	0.3458	0.1555	0.3514	1.0910	-0.1163	1.6035	-0.6737	-0.2982	0.0679	-0.8287	0.1492	0.1865	1.3975	-0.3185	-1.0376	0.1802	-0.4705	-0.7865	0.5517	-0.6838	0.6543	-0.0502	0.0909	-1.0460	0.6995	0.2372	1.2817	-1.1448	1.4627	0.2017	-0.2103	0.5345	-0.6615	0.4627	0.2318	0.6406	0.0984	0.1591	0.1607	0.2392	0.0617
0.3346	-0.5979	-1.5187	0.2925	-0.4269	0.2697	0.5590	0.0869	0.0987	-0.2664	-0.0910	1.0604	-1.0186	1.6343	-0.4814	-0.7408	0.1424	-1.2874	-0.3497	-0.0361	1.3137	-0.4408	-0.3592	-0.6578	-0.7818	-0.5818	0.4350	-1.2039	0.8097	-0.5420	0.1090	-1.5626	0.3945	0.2092	1.7244	-0.9606	0.8501	-0.0763	0.1914	-0.0105	-0.2266	0.0324	0.1010	0.5996	-0.1117	-0.1390	-0.9325	0.0511	-0.0190
0.4164	-0.3690	-1.3307	-0.3037	-0.4371	0.2323	0.4796	0.1004	0.1731	-0.8669	0.0705	0.5769	-1.5989	1.6308	-0.4859	-0.6611	0.5144	-0.6005	-0.4282	0.1423	0.7310	-0.5999	-0.7905	-0.4920	-0.7378	-1.1063	-0.0645	-1.0773	0.5901	-0.4087	-0.1995	-0.6410	0.2648	0.3614	1.9213	-0.4321	0.5512	-0.1171	0.5945	0.4118	-0.8721	0.0424	-0.1753	0.2928	0.0714	-0.1817	-0.8705	0.9354	0.3610
0.3226	-0.3920	-1.5571	-0.3804	-0.4596	0.6795	0.7928	0.2400	-0.1285	-0.1225	0.5294	-0.2941	-1.9029	0.6082	-0.9411	-0.3229	0.1542	-0.1691	-0.5340	0.3164	0.7225	-0.0854	-1.0473	-0.3394	-1.3243	-1.4388	0.6513	-1.0909	0.0843	-0.4686	-0.3251	-1.4919	0.0351	1.2517	1.8700	0.5067	0.4562	0.1818	-0.1418	0.0474	-0.4523	-0.8294	-0.0784	0.3846	0.6648	0.0232	-0.8096	0.7535	-0.0120
0.5453	-0.8343	-1.0855	-0.1109	-0.4026	0.9287	1.2229	0.4040	0.8515	-0.6210	0.1880	0.2197	-1.9348	0.6492	-0.8596	-0.0334	-0.7618	0.2736	-0.2638	-0.1546	0.6183	-1.1967	-1.6138	-0.1115	-1.5026	-1.4798	0.5864	-0.8409	0.4269	0.0060	-0.4117	-1.6896	-0.8743	1.4089	1.4652	-0.3175	-0.5403	-0.4434	0.3990	-0.3854	-1.0465	-1.3772	-0.2417	0.1579	0.6634	-0.0825	-0.5800	1.0978	-0.3825
1.2343	-1.1227	-0.6270	-0.7850	-1.1803	-0.4661	1.2932	0.4179	1.5910	-0.2416	-0.0455	-0.2462	-1.6655	-0.1134	-0.5921	0.3155	-0.5866	0.8882	-0.0008	-1.5133	0.5952	-1.6551	-1.6880	-0.3054	-1.1840	-2.3483	-0.3069	-1.0998	0.7017	-0.2296	-0.1748	-1.3955	-0.6495	0.4672	1.0896	-1.3532	-0.6027	0.2511	0.4576	-0.3177	-0.9028	-1.4830	-0.4618	-0.0824	-0.0686	-0.2537	-0.1918	1.3079	-0.7955
1.7666	-1.4119	-0.3480	-0.5166	-2.1593	-0.7073	1.5063	0.2920	1.4937	-0.9569	-0.3552	-2.4527	-1.5120	-0.8939	-0.8007	-0.0609	-0.0538	0.9906	0.7316	-2.7028	-0.5613	-1.2160	-0.8374	-0.1544	-1.1613	-2.0847	-0.4568	-0.8268	0.2480	-0.4961	-0.2065	-1.2312	-1.9539	0.5274	0.2316	-1.7864	-0.9248	-0.6100	-0.1174	-0.6062	-0.6658	-1.6561	-0.7315	-0.4241	-0.0646	-0.3103	0.2416	0.5655	-1.4264
2.4360	-1.5290	-0.7137	-0.1026	-2.3729	-1.2902	1.2513	0.4452	1.1140	-1.1295	-0.4621	-2.7384	-1.8907	-0.5541	-0.7939	-0.5069	-0.7184	1.3066	1.2014	-2.6679	-0.9748	-0.4614	-0.4527	-0.8388	-0.7037	-1.9348	-0.4796	-1.0844	0.0158	-0.1645	-0.6469	-0.4091	-2.3865	0.5492	-0.3292	-2.0012	-0.5059	0.2986	0.4249	-0.9373	-0.5709	0.7771	-0.3461	-0.3959	-0.7022	0.3164	1.4665	1.2314	-0.4495
1.6675	-1.1418	-1.6295	-0.2829	-2.6253	-1.2005	0.0708	-0.7106	0.2282	-0.0042	0.5214	-3.6047	-1.6080	-1.2187	-1.6109	-0.5586	-0.9276	0.5715	0.6424	-3.7350	-1.4670	-0.5507	-0.1928	-1.9474	-1.3758	-1.0176	-1.4279	-1.2984	-0.8319	-0.6876	0.3262	-1.4899	-2.3715	0.1274	-0.7175	-2.3845	0.0362	1.1171	0.4184	-2.2200	1.2188	0.9862	1.0633	-1.6526	-1.3200	0.5899	1.8864	-0.4980	0.1154
0.1528	-1.1080	-1.0537	0.8688	-1.9403	-1.5220	-2.0126	-0.7501	1.1067	-2.0320	-1.4266	-4.3820	-0.7655	-0.6151	-1.6957	1.0046	-2.2459	2.3112	0.1335	-2.9961	-1.4043	0.4716	-0.8916	-2.3382	-0.3109	-0.9934	-0.4909	-0.5932	-1.7202	0.1590	0.6181	-1.0765	-2.3840	-1.3017	-0.5984	-1.6211	-2.0820	0.3645	-0.3197	-1.7939	0.6847	-1.0382	1.0665	-2.1631	-0.2511	0.6015	0.6571	-0.6418	-0.4285
-0.7616	-1.4480	-0.2815	0.1778	-0.7422	-1.2431	-0.4494	0.0525	-0.4422	-1.5269	-2.1213	-0.5948	-0.8750	-1.0402	-1.9070	1.1570	-2.1441	-0.1290	-1.1673	-1.9011	-2.1161	-0.1878	0.5102	-0.6373	-0.3268	-1.7854	-0.0740	-0.6637	-1.6396	0.5595	-0.6948	-0.5560	-1.8692	-1.5439	-0.8135	-2.0052	-2.4065	0.0418	-1.1801	-1.8447	-0.0124	0.3820	-0.1377	-2.6470	-0.3155	0.3340	-1.3918	-1.4694	-0.8304
-0.9788	-0.2178	0.6926	-0.6323	0.2834	-1.7944	-0.6084	0.3723	-0.3503	-1.8220	-1.0853	0.3683	-0.9954	-0.5361	-0.4678	-0.4293	-1.6171	-1.4438	-1.8992	-0.7728	-2.1161	0.0495	0.6307	-1.4276	-0.2357	-0.1547	-0.9935	-0.5169	-1.4580	-0.4012	-1.3275	1.2853	-0.4337	-2.0838	-0.8751	-1.7374	-0.7143	-0.4250	-0.9522	-1.2143	-0.1049	0.9580	-0.4703	-1.7788	-1.2159	0.2853	-0.4994	-0.4887	-0.5995
-0.8205	0.2887	0.7665	-0.9274	-0.0573	-1.0121	-0.4126	0.1908	-0.9944	-1.0218	-0.1974	-0.4464	-0.6422	-0.7765	-0.3254	-0.5406	-1.3184	-1.7202	-1.8259	-0.2877	-1.9303	0.7894	1.0098	-1.2362	-0.6578	0.8987	-0.6423	-0.2004	-1.5902	-1.1245	-1.2943	0.6592	0.0707	-1.5833	-1.0411	-1.2234	-0.0296	-0.6678	-1.9033	-1.4885	0.1827	0.1111	-0.5797	-1.1346	-1.3968	0.0471	-0.5326	-1.2280	-0.4678
0.9497	-0.0144	0.5666	-2.0611	-1.5560	-0.8103	-0.4260	-0.6045	0.6777	-0.6742	-0.6369	-2.6823	-1.2651	-0.4888	0.5207	-0.8991	-0.9633	-0.3123	-1.3928	-1.5105	-1.7585	-0.1187	1.0938	-0.4408	-0.3395	1.2147	-0.7141	-0.3873	-1.6099	-1.0075	-0.5619	1.4190	-0.5356	-1.8778	-0.5950	-0.7295	-0.0765	-1.3677	-1.7716	-0.9062	-0.1331	0.8667	-0.3473	-0.4745	-1.2743	0.4778	-0.0489	-0.7390	0.2211
-0.7956	-0.4745	0.0484	-2.4140	-0.6550	-0.8705	-0.6254	0.3115	-0.1954	-1.3550	-0.8563	-0.3057	-1.7027	-0.7567	0.4889	-1.3187	-0.9900	-2.2837	-1.5821	0.0281	-0.7398	0.2039	0.9610	-1.1620	-0.1879	0.1650	-1.4040	-0.3927	-1.0128	-1.2410	-0.7229	1.5390	-0.0595	-1.6512	-1.0210	-0.7539	-0.3819	-0.0072	-2.2133	-0.2723	-0.1560	0.9958	-0.4657	-0.8358	-2.1345	-0.0724	-0.7928	-1.0910	0.3324
0.1453	-0.5734	-0.3659	-1.8316	-0.6958	0.5476	-1.8854	-1.2261	0.5785	-0.5197	-0.3861	-1.0258	-0.2416	-0.5364	-0.7315	-1.3521	-0.3285	1.3001	0.8200	0.2183	-0.6855	0.9552	0.4076	-0.5582	0.1545	2.5614	-1.9112	0.0540	-1.3674	-1.3928	-0.0072	-0.0180	-0.6125	-1.4481	-0.8472	-0.4395	-1.6917	-0.4488	-2.5656	-1.4270	0.0070	-1.4102	-0.7463	-0.3182	-1.8152	-0.0930	-0.3792	-1.7188	0.9494
1.5272	0.3231	-0.6704	-1.1821	-0.4036	-0.6972	-2.5457	-1.3205	2.9577	-0.9728	-0.9501	-1.7824	-0.5302	0.6823	-0.0234	0.1595	-2.0793	2.8500	1.0622	-0.1241	-0.4140	0.7919	-0.4467	-0.5550	0.5589	2.1001	-0.9664	-0.9011	-0.9576	-0.6951	1.0171	1.7791	-0.0625	-0.9977	-0.1521	-0.7766	-1.1357	-0.4812	0.2335	-0.2027	0.2901	0.7356	0.1466	0.6474	-0.9641	0.0138	0.4035	0.5907	1.0127
-0.5978	-0.4969	0.1202	-1.1959	-0.0299	0.0924	-1.4762	-0.5831	1.0154	-0.5477	-1.9325	0.1597	-0.1949	0.4287	-0.5013	0.4746	-0.9784	0.9428	0.2232	-0.0248	0.5106	0.7041	-0.8384	-0.3621	1.0190	0.6245	0.2651	-0.2208	-0.3251	-0.0706	-0.1675	1.2447	-0.6650	-1.7879	0.4883	0.5062	-1.5382	-1.5725	-0.2630	-0.5421	-0.1482	1.3714	-0.4392	-0.8532	0.3103	-0.1405	-2.3977	0.3129	0.0350
-0.5547	0.2380	0.1801	-0.7184	1.2544	0.5954	-0.4495	0.1388	0.2628	0.6675	-1.2364	0.5787	-0.0299	0.1002	0.1059	-0.6388	-0.2560	-0.3776	-0.5443	0.8900	0.3925	-0.6306	0.7096	-0.0995	0.7544	-0.1142	-0.9094	0.1610	-0.0746	-0.4992	-0.4524	1.1922	0.0213	-0.4998	0.3626	0.1736	-0.7642	-0.3058	-0.8407	0.7678	-0.0843	0.3655	-0.2653	0.0852	-0.4975	-0.1917	-0.7412	-0.1554	-0.2565
-0.8682	0.4761	0.7985	-0.4840	1.3921	0.0223	-0.4974	-0.4161	-0.7919	1.0908	-0.7302	0.5234	0.4174	0.0597	0.2373	-1.1117	0.0441	-0.1183	-0.5589	0.8269	0.7407	0.7118	0.7559	0.2462	0.7821	0.8040	-0.1811	-0.0614	0.1003	-0.7009	-0.2358	0.4233	-0.0602	-0.7773	0.3881	0.5739	-1.2349	-1.0844	-0.8401	0.5332	-0.2637	0.1177	-0.4706	0.2707	0.1491	0.0614	0.7024	-0.0557	-0.6657
-3.0724	1.2643	0.3466	-0.1673	1.9899	-0.1869	-2.2018	-0.4135	0.6471	-0.1482	0.0350	1.2149	-0.3233	0.1470	0.6155	-0.7646	-1.0937	1.7427	0.1226	1.6087	0.9270	0.3295	-0.3236	1.3473	-0.0606	1.5537	0.0973	0.2888	0.5043	0.0508	0.0070	1.2467	1.1648	-0.6815	0.3580	0.1571	0.2221	-0.1709	-0.2244	0.0628	0.3249	-0.0685	-0.0320	0.2724	-0.1082	0.6521	-0.0943	0.9425	-0.4594
-1.7634	0.3127	1.0094	-0.0706	0.6662	0.3153	-0.2956	0.0780	-0.3697	-0.0099	-1.1430	0.1030	0.5130	-0.0355	-0.0367	0.9275	0.1608	0.4845	0.2714	0.0561	0.4136	0.2286	0.3343	1.3146	0.5702	-1.1728	0.0507	0.4487	0.4417	0.5106	-1.0224	0.1481	0.2570	0.5174	0.0973	0.5824	0.6301	-0.8084	-0.4157	0.1644	-0.2015	0.4831	-0.0564	-0.8333	-0.2764	-0.3018	-1.0673	0.2046	-0.7144
-1.2995	0.4678	1.2473	-0.3513	1.2149	-0.3371	-0.4818	0.0282	-0.1550	0.3060	-0.6852	-0.0863	-0.1589	-0.0500	0.5494	0.5017	0.6961	0.2971	0.0380	0.2991	0.6855	-0.1161	0.6906	0.7644	1.1791	-0.2602	0.5256	0.5587	0.4875	-0.0283	-0.6822	0.2893	0.5128	0.5247	-0.2858	1.2937	0.0515	-0.7041	-0.9755	0.4673	-0.1598	0.4094	0.0064	0.0898	0.0471	-0.3645	0.1868	0.2952	-0.3438
-1.2214	0.9879	0.7895	0.2792	1.1918	0.5288	-0.0188	0.1499	-1.2309	0.8760	0.3458	-0.3015	0.2379	0.1430	1.0607	0.9020	0.2830	-0.1558	-0.2081	0.6794	0.2317	0.1743	0.9290	0.9075	1.1163	0.7276	0.7758	0.7084	0.2133	-0.1789	0.0571	-0.4894	0.5656	1.1750	-0.3127	1.2547	0.1123	0.0195	-1.1806	-0.1644	0.2629	-0.4851	0.0952	0.4856	0.2020	-0.2282	0.4351	-0.2866	-0.3596
-0.9502	0.6693	0.8769	-0.3111	1.2563	-0.0076	0.0288	0.2389	0.1090	0.6585	-0.0565	0.4907	-0.2215	0.3886	1.8600	0.6888	0.6369	0.2436	-0.3468	0.4561	0.5998	0.1808	1.2382	1.0573	1.4097	0.5318	0.6034	0.8131	0.4992	-0.0329	0.0193	0.9900	1.2242	0.5758	0.3278	1.6559	0.2221	-0.3499	-0.1932	0.2185	0.0422	0.6128	-0.0656	0.3511	0.0845	-0.3457	-0.3782	0.4753	-0.6390
-0.9576	0.7484	0.8579	0.2815	0.7400	1.2505	0.3906	0.2151	-0.3193	1.1679	0.8395	0.6268	0.0248	0.5032	1.5950	1.0626	0.9721	0.7366	0.2301	0.7605	1.2498	0.8498	0.8664	1.1164	1.4882	0.4810	0.8561	1.0851	0.5576	0.2241	0.0682	-1.0749	0.5219	0.7963	0.7171	2.0508	0.1385	0.6403	0.2671	-0.0490	-0.0203	0.3170	-0.1504	0.5612	0.3960	-0.3513	0.2059	0.0144	-0.5214
-1.3836	1.1265	-0.1787	0.9203	1.0697	1.2927	0.0157	-0.0410	0.3790	0.5568	0.4068	0.9682	0.5859	0.7276	1.3711	0.4675	1.2361	0.4346	0.5594	1.1154	1.5273	0.0422	0.3338	1.0365	1.0212	0.7647	1.1400	0.9380	0.9381	0.4928	-0.4003	0.4613	1.0503	1.2448	0.6237	1.4399	0.2026	1.5638	0.5358	1.2975	-0.0134	0.7665	-0.1817	0.8483	0.6936	-0.1674	0.0030	0.9171	-0.0538
-1.2543	0.8887	-1.0946	1.0485	0.9438	1.3989	0.5384	-0.1883	-0.3241	0.8664	0.0815	0.6460	0.3685	0.2880	0.4821	0.3930	0.8914	-0.0207	0.7403	1.1676	1.4091	0.3257	-0.1425	1.0219	-0.1756	-0.1941	1.2881	0.5059	0.7092	0.2445	0.0717	-0.0843	1.1767	2.0809	1.0173	1.1567	0.1770	1.7574	0.1117	1.5894	0.1679	0.1541	-0.2111	1.3054	1.1340	-0.0819	-0.6466	0.6503	0.0317
-1.3113	0.8665	-1.2745	1.3667	1.0033	1.3533	0.7431	-0.2604	0.1915	0.7921	0.1829	1.2370	0.1478	0.8141	-0.3331	0.0333	-0.0410	-0.5487	1.1986	1.2471	0.9475	-0.4819	-0.3480	1.8450	-0.5678	0.2034	0.8910	0.5735	0.7909	0.9641	0.2572	0.3777	0.3677	2.3606	1.0645	0.5065	0.3404	0.2375	0.3408	1.9544	-0.5446	0.0235	-0.3498	1.0009	0.8023	-0.1777	-0.0792	0.8952	0.5685
-1.1559	0.8638	-1.2728	0.8424	0.8496	0.7895	0.5751	-0.2778	0.7488	0.6355	0.4539	1.4091	-0.1959	1.1157	-0.1972	-0.5832	0.1327	-0.8000	1.1206	1.6832	1.2879	-0.9124	-0.0372	0.9152	-0.5520	-0.0137	0.6454	0.1609	0.7260	0.4886	0.2222	0.5653	1.3863	1.7986	0.6595	0.1342	0.1082	1.1693	0.4100	2.9669	-0.4689	0.1370	-0.3289	1.0650	0.5522	-0.4489	-0.1231	0.6393	0.5632
-1.3245	0.2743	-1.1218	0.9610	0.1638	1.2914	0.5198	-0.0611	0.6005	0.2681	0.6084	0.8591	0.1367	1.0537	-0.4966	-0.5907	0.5470	-0.4700	1.3727	1.4768	1.1058	-0.5190	0.0754	0.6979	-0.6813	0.7484	0.8382	0.5505	0.7237	0.7127	0.1142	-0.2820	0.4814	1.2989	0.9721	0.2347	0.3570	0.3146	0.2978	2.6288	-0.2835	-0.4600	-0.1710	0.8933	0.6581	-0.6380	-0.9812	-0.0637	0.5426
-0.9586	0.5597	-1.4002	0.1063	0.6716	1.0162	0.6307	-0.3862	1.5360	0.9350	0.6167	2.4096	-0.3413	1.0117	-0.1112	-0.9403	0.3215	-0.8024	1.4317	1.6795	1.3702	-1.0377	0.0846	0.5463	-1.5335	0.4512	0.6262	0.1685	1.4598	0.2119	0.1880	-0.3798	1.2025	1.7586	1.4227	0.1835	-0.2202	1.0941	1.8832	1.8486	-0.2697	1.3071	0.1607	0.9538	0.3781	-0.7713	-0.1172	0.0699	0.6281
2.5398	0.4731	-0.8596	0.4739	0.4183	-0.2209	0.6426	-1.2266	2.5441	0.0313	0.7017	3.2315	-0.2116	1.3686	-0.0513	-0.4622	2.2639	3.1094	4.3197	1.5857	0.4522	1.6090	-0.3870	-0.1897	-1.1596	0.7149	1.6300	-1.0660	1.1621	0.9752	0.9500	-1.0557	0.4679	0.5849	2.0938	0.4387	1.7135	-0.5960	3.8804	1.6871	1.2282	1.0871	1.2461	2.6852	0.4430	0.1542	2.1355	1.7190	1.3097
2.1226	-0.1224	-0.0632	1.3508	-0.8366	0.5208	0.4772	0.7718	1.0827	-0.4142	1.2168	0.2816	0.4792	1.0012	-0.2143	0.3232	1.3408	1.3956	2.5345	0.1048	1.1466	-0.2372	-2.1010	-1.1863	-0.3746	0.8580	0.6482	-0.6920	0.4919	0.0472	0.0676	-2.2973	0.5009	-0.1797	1.0614	0.2475	1.1241	0.6366	1.7185	0.2056	1.1901	-0.1499	0.9607	1.5164	-0.0435	0.1281	0.7630	0.1224	1.2442
1.1105	0.1911	0.1272	0.4836	0.3143	0.1865	-0.0593	1.0906	0.4874	0.2872	2.3720	0.6652	0.1034	0.7496	0.3807	0.6295	0.0559	-0.2682	0.8074	-0.0551	1.2044	-1.1976	-1.1783	-0.7280	-0.0732	1.5737	-0.0581	-0.0945	1.0168	-0.2998	0.7531	-2.0088	1.0357	-0.3477	0.7004	-0.1627	0.8669	0.8429	1.6350	-0.4451	0.7885	-0.6574	0.5702	1.5113	0.2476	0.1175	0.7020	-0.1867	1.0411
1.1692	0.3349	1.3787	1.1011	0.0616	0.0998	0.6635	1.1842	-0.7244	1.0641	2.8816	-0.5235	0.3696	0.7494	0.3453	0.6291	-0.1525	-0.8616	0.1865	-0.2515	0.8319	-0.7242	-0.4572	0.2283	-0.0760	0.6588	-0.2361	0.1029	0.7453	0.2817	0.7300	-2.6924	1.3489	-0.5077	0.5622	-0.0490	2.4029	1.6692	1.5938	-0.2141	1.3058	-1.9131	0.5639	1.9531	-0.0147	-0.2573	0.2004	-0.3320	0.3407
1.1654	-0.0845	2.3047	0.5507	0.0546	-0.1788	0.5701	1.0562	-0.7089	0.3045	1.0093	-0.1073	0.0080	0.7015	0.3728	0.0532	0.2021	-0.9458	-0.4450	-0.2383	0.7270	-0.4865	0.1264	0.5892	0.7429	-0.3822	0.3883	0.3522	0.5793	-0.2183	-0.8436	-0.6338	0.4811	-1.1825	0.1376	0.4621	1.4273	0.4847	0.6280	0.3426	0.0930	-0.6997	-0.0822	1.1534	-0.0246	-0.1291	-0.0738	0.0829	0.2605
1.4628	-0.4089	1.4395	0.7660	-0.2652	0.4449	0.3901	0.6991	-1.7233	0.0863	1.0964	0.0588	0.9155	-0.1424	0.3324	-0.2694	0.3033	-0.5878	-0.7584	-0.6702	0.1587	-0.3265	1.0636	0.1824	0.3222	-0.4016	-0.0366	0.3469	-0.3462	-0.3042	-0.4646	-0.2053	0.2220	-1.4217	-0.4619	0.6617	1.3799	0.3068	-0.2755	0.3043	-0.0068	-1.1161	-0.2236	0.0438	-0.0654	0.1668	-0.3300	0.3077	-0.1339
1.8641	-1.0788	0.4721	0.2564	0.2624	0.0241	-0.8908	-0.8768	-1.1442	-0.0798	0.2823	1.1076	1.0245	-0.4192	0.8803	-0.7645	-0.3866	0.4581	-0.5290	-1.1733	-0.8651	0.3585	-0.6757	0.8524	0.1905	1.1044	0.1317	-0.8117	-0.9970	-0.1325	-0.9695	2.2808	-0.4498	-1.1278	-0.9866	-0.1106	0.3554	-1.0293	-0.7501	-0.2331	0.2996	-0.1572	-0.0548	-1.0744	-1.0803	0.9509	-1.2367	0.9495	-0.6890
0.4991	-0.9255	0.4104	-0.1291	0.1195	-1.2440	-0.9925	-0.4053	-0.5980	-0.7682	0.2372	1.2518	0.1725	-0.7357	0.5427	-1.0110	-0.6848	0.4333	-0.6689	-0.6853	-1.1054	0.4150	-1.3195	-0.3521	0.5942	0.6280	-0.1260	-0.8688	-1.4202	-0.8726	-1.2068	2.5878	-0.8208	-0.5814	-1.0768	-0.3562	-0.9740	-0.7269	-1.1380	-0.8640	0.5147	-0.2283	0.3253	-1.7147	-0.7423	0.5138	-1.3294	0.3647	-0.9302
-0.0228	-0.3600	0.4734	0.3922	-0.2900	-0.3147	-0.3492	0.9353	-1.9100	-1.2716	0.6679	-0.0240	0.4217	-0.7821	-0.0014	0.2825	0.1390	-0.3265	-0.5375	-0.8665	-1.4109	1.1606	-0.1318	-0.8037	0.8002	-0.1440	0.4568	-0.0791	-1.6778	-1.2108	-1.3121	0.7453	-0.9083	-0.7801	-0.3554	0.4941	-0.1255	-1.5007	-0.9821	-1.6588	0.6352	0.0408	0.3535	-1.3187	-0.0877	-0.0462	-0.7594	-0.2532	-0.7608
0.1818	-0.1159	1.0890	0.1921	0.5256	0.3947	0.3127	0.8493	-1.4481	-0.4999	-0.0910	0.0894	0.7401	-0.3813	1.2917	-0.1910	0.0336	-0.9330	-1.1442	0.1995	-1.1753	0.7850	1.5060	-0.0163	1.1808	1.8186	0.5234	0.3370	-1.4349	-1.0514	-1.0829	1.3729	-0.4276	-0.3878	-0.4555	0.4053	-0.6620	-0.3253	-0.9968	-1.3789	0.3525	0.9769	-0.3955	-1.0943	-0.4725	0.0494	-0.4770	0.0673	-0.2939
0.3207	0.3957	1.3281	0.3973	1.0196	1.2226	0.2748	0.3491	-2.0845	0.4334	0.3838	-0.3630	1.2370	-0.6839	1.7618	-0.0877	-0.6203	-0.6596	-1.1059	0.6282	-1.3801	0.7813	1.6467	0.4005	1.4661	2.1552	-0.0848	0.5584	-1.5820	-0.7770	-0.9753	1.1801	0.1830	0.4190	-0.3472	0.1532	-0.5165	-0.1319	-1.2390	-0.6822	0.4546	0.5205	-0.2815	-0.4895	-0.6965	0.2920	0.2698	-0.3456	0.3469
-0.1665	0.7973	1.7237	0.1173	1.4958	1.0809	-0.0806	0.6759	-1.1940	0.3748	0.4050	-0.0991	1.1409	-1.1780	2.0708	-0.1302	0.4827	0.0138	-0.6290	1.0159	-0.2200	1.6452	1.8429	0.3180	1.5774	2.2633	0.3121	1.5172	-1.2965	-1.3402	-0.8650	1.0672	0.5781	0.2825	-0.0431	0.7846	-0.7428	-0.1632	-1.4701	-0.6012	0.4521	0.6358	-0.3287	-0.3013	0.1469	-0.0579	-0.1496	-0.2477	0.4489
-0.4932	1.8068	2.2007	0.5393	1.3431	0.3828	0.1396	0.2119	0.3041	1.2138	0.3638	-0.0529	1.1316	-0.6281	1.7967	0.1714	1.3190	0.8905	-0.1335	1.2761	1.0053	1.0333	2.1523	0.9139	2.2691	2.2603	1.0948	2.3189	-0.3840	-0.1017	-0.0370	1.2079	0.4622	0.9194	0.2875	1.9510	0.5983	1.2333	-0.7878	-0.6006	0.6367	0.8571	-0.0472	0.0955	0.7113	-0.1537	-0.7669	0.6012	0.4324
0.1591	1.7399	1.7823	0.8442	0.9035	0.6139	0.4127	0.2968	0.4430	1.8486	0.7316	0.0778	1.1678	-0.1436	1.1544	0.3558	0.3411	0.5411	0.0546	1.1538	1.2641	0.4610	0.8982	0.9421	1.9716	0.5443	0.5072	2.1682	0.0164	0.6990	-0.1237	1.1328	0.6737	2.0103	0.3871	1.4077	1.7900	1.1700	0.0325	1.2514	0.0653	1.0542	0.3552	0.0382	0.4884	-0.0250	0.3583	0.8985	0.1168
0.3212	0.9590	1.3971	1.1500	0.6663	0.4544	0.1296	0.1206	-0.2427	1.2517	0.2515	0.1803	0.8813	0.0531	0.3012	1.1812	0.0670	0.6120	0.4327	0.5012	1.0511	1.0660	0.7292	0.3801	1.4470	-0.3410	0.7972	1.4402	0.6179	1.5089	0.2713	1.1719	0.7677	1.2057	0.8097	1.2447	1.4426	-0.7458	0.8643	1.4590	-0.4497	0.9339	0.4100	0.7628	0.8702	0.1111	0.8120	1.0565	-0.2519
0.3844	0.9161	1.3457	0.3492	0.6337	-0.0636	0.4083	0.3941	0.7421	0.7911	0.9195	0.3552	-0.3548	0.4158	0.6814	0.7610	-0.4800	0.7840	0.5044	0.8451	1.6747	0.0326	0.0996	0.7733	0.9823	-0.8344	0.4403	1.0425	1.4371	1.7589	1.0930	0.7072	1.6045	1.6661	0.5593	0.9426	1.2988	-0.3740	1.0705	1.1779	-0.9769	0.8760	0.5005	0.9688	1.0030	0.4492	1.2842	1.3291	0.0036
0.2647	0.0906	0.9928	0.5141	-0.0173	-0.4204	0.8331	0.5419	0.6903	0.4047	0.8177	-0.4955	-0.4321	0.0768	-0.0444	0.4471	-1.0879	0.4230	0.9786	0.3827	1.2679	0.3715	-0.1986	-0.1621	-0.2856	-2.0890	0.4014	1.0786	1.5252	1.8504	0.6387	-0.8589	1.0467	1.5209	0.6180	0.2762	1.0550	0.4077	1.3359	0.8542	-0.5529	-0.1561	0.7771	0.7067	0.9862	-0.1885	1.6041	0.8468	-0.7555
0.3206	0.2246	0.0887	1.6320	-0.6715	0.6022	0.6059	0.2783	1.1559	-0.2474	0.7443	-0.6616	0.0104	-0.1020	-0.5157	0.9910	-0.5855	0.2587	1.4059	-0.2301	1.1077	0.1847	-0.5970	0.0398	-1.0262	-1.7368	0.4242	1.0589	1.8006	1.9621	0.5853	-1.2363	0.2342	0.4438	0.1622	-0.2862	0.6499	-0.0952	1.2078	0.4889	-0.3285	-0.5675	0.4861	0.5576	0.3054	-0.3556	1.0288	1.1740	-0.5651
0.6094	0.4869	-0.6334	0.6589	-0.8329	-0.7871	0.7739	0.3502	1.7154	0.0110	0.3530	-0.4737	0.4067	0.6088	0.0445	0.4057	-0.3688	0.1212	1.0491	-0.0160	0.6853	-0.4933	-0.3818	0.1212	-0.4404	-1.7342	0.6329	0.1839	1.5827	0.1888	-0.0938	0.0659	-0.2795	0.3741	-0.1939	-0.5133	0.3601	0.3663	0.8369	0.9607	-0.3394	-0.6835	-0.0862	0.6618	-0.0079	-0.2433	1.0787	1.0820	-0.3059
0.3295	-0.0247	-0.9350	1.4574	-1.1162	-0.1148	0.3190	0.2020	0.8892	0.1548	0.5749	-0.7937	0.3010	-0.0428	-0.3490	0.5426	-0.3770	0.0002	0.0684	-0.5115	-0.0923	-0.2590	0.2741	-0.5496	-1.1830	-1.7167	0.6684	-0.2867	1.1435	-0.0570	-0.7431	0.0135	-0.3285	-0.6415	-0.0306	-0.3463	1.2691	0.5519	0.3566	0.5032	1.0570	-1.2882	0.1924	0.7336	-0.5120	-0.5421	-0.2190	0.3448	-0.6220
0.4156	-0.0148	-0.4034	1.4182	-1.0092	0.1010	0.2451	0.0220	1.2377	0.1489	-0.1725	-1.4076	0.4150	0.3002	-0.0026	0.8610	-0.5370	0.7956	-0.1927	-0.5820	0.1353	-0.2743	-0.2937	-0.2540	-0.7669	-1.1695	1.0502	0.3045	0.7897	0.8420	-0.4433	-0.7722	-1.3267	-0.1150	0.3028	0.0208	-0.3397	0.7135	-0.4724	0.4417	-0.0374	-0.7548	-0.1379	0.1752	0.0501	-0.3592	-0.2982	0.4137	-0.4717
0.0820	-0.3453	-0.0957	0.6142	-0.9440	-0.4851	0.4002	0.2186	0.8463	-0.4052	-0.1151	-1.0229	0.1697	0.3739	-0.0191	0.5516	-0.9580	0.4428	0.0424	-0.6155	-0.3606	-1.1977	0.1515	-0.0793	-0.5376	-1.6611	0.5410	-0.4674	0.6915	0.6118	-0.7818	-0.4336	-0.9129	-0.2879	1.2486	-0.2726	0.4013	0.7200	-0.0129	0.5857	-0.3130	0.4146	-0.3187	0.1022	-0.1903	0.1132	0.4195	0.5599	-0.1905
0.1612	-1.0578	-0.6708	0.6789	-1.0999	0.1195	0.1319	0.1787	0.2592	-0.4853	-0.9993	-1.1011	0.2245	-0.6500	-0.5347	0.2043	-0.7468	-0.1027	0.1603	-0.8400	-0.8881	-0.7902	0.4304	-0.0676	-1.1136	-0.8759	0.3276	-1.0307	0.5165	0.4923	-0.2206	-0.8358	-1.2323	-0.9843	1.2302	-0.4994	-0.1347	-1.2004	-0.4694	0.3876	-0.2980	-0.4640	-0.3693	0.0161	-0.0956	0.0959	-0.6704	-0.4796	-0.1212
-0.0205	-0.2549	-1.2433	-0.2131	-1.2322	-0.1452	0.1150	-0.0302	0.3873	0.0730	-0.4370	-1.1842	0.4919	-0.6320	-1.0029	0.0699	-0.3245	-0.3380	0.0728	-0.5033	-0.5456	-0.6844	-0.3823	-0.5205	-1.0017	-0.5033	-0.1543	-0.5445	0.2809	0.5183	0.5795	-0.8796	-1.0895	0.0656	0.2444	0.1190	-1.0292	-0.3398	-0.2802	0.4766	-0.3774	-1.2946	0.0131	-0.5746	-0.0309	-0.0762	-0.3969	-0.5445	0.3491
0.3130	-0.0619	-1.8570	-0.4513	-1.1937	-0.3212	0.2843	0.2017	0.7133	-0.3105	-0.1972	0.2643	-0.2776	-0.3245	-1.0234	-0.3661	-0.8059	-0.7477	-0.2836	-0.8560	-0.4579	-1.3152	-0.1703	-0.7542	-2.0781	-0.9659	-1.1618	-0.8256	0.5351	0.6080	0.9841	-0.3037	-0.6156	-0.3022	-0.2956	-1.2649	-0.5758	0.5904	0.4277	0.6980	-0.3797	-0.1257	-0.0844	-0.6078	-0.4031	-0.0313	-0.3432	-0.0867	-0.1910
0.4507	-1.3187	-1.9035	0.6271	-1.3094	-0.1403	0.1654	-0.2299	0.1087	-0.4858	-1.2008	-0.2851	-0.5003	-0.0324	-1.8385	-0.6461	-0.0977	-0.5403	0.2197	-1.1310	-0.7289	-0.4007	-1.0589	-0.4308	-2.0019	-0.7891	-0.4214	-0.9458	0.1428	0.6212	0.2323	-1.2991	-1.0928	-0.6685	-0.5848	-1.7751	-0.4443	-1.0078	-0.5614	-0.6194	-1.0919	-0.9699	-0.5763	0.0511	0.1458	-0.4420	-0.5723	-0.7811	-0.8481
0.0749	-1.1164	-1.8297	-0.3564	-1.2227	-0.6356	0.0497	-0.5401	0.0890	-0.5934	-0.5403	-0.3767	-0.8545	0.0159	-2.1827	-0.7908	-0.0598	-0.4171	-0.4856	-0.7848	-0.9596	-0.3309	-1.3201	-0.6744	-1.0898	-0.7748	-0.5904	-1.1724	0.0278	-0.1304	0.3507	-1.1377	-0.9745	-0.8171	-1.1174	-1.3338	-1.0142	-0.6819	-0.5148	-1.7791	-1.1553	-1.3325	-0.3684	-1.0183	-0.0927	-0.5081	0.2711	-0.6074	-0.3359
-0.4079	-1.0980	-2.3069	-1.5494	-1.0470	-0.7749	0.4653	-0.4493	-0.9384	-0.6330	-0.7927	0.0706	-0.8505	-0.5271	-1.9650	-0.9953	-0.4012	-0.5504	-1.4865	-0.5470	-1.5177	-0.7357	-0.6527	-0.1664	-1.2314	-1.0807	-1.3662	-1.8599	-0.2868	-0.6105	0.6984	-1.1506	-0.6303	-0.7575	-1.3794	-1.8732	-0.7006	-0.6823	-0.3222	-2.2606	-0.7244	-0.8364	-0.3103	-2.0880	0.0974	-0.1886	0.1651	-0.9506	-0.0879
-0.6037	-1.6745	-1.9604	-2.0326	-1.0543	-1.0650	0.3939	-0.3390	-1.2590	-0.7378	-2.0728	-0.0352	-1.1343	-1.3322	-1.6190	-1.2686	0.1255	-0.6592	-1.7831	-0.5859	-2.0866	-0.2941	-0.5565	0.5002	-1.3044	-0.5904	-1.3830	-2.4638	-0.8309	-0.6297	0.2983	-0.3678	-0.8832	-1.5203	-1.3092	-1.9767	-0.7348	-2.4729	-0.3447	-2.1127	-1.0316	-0.1501	-0.7459	-2.1803	0.5596	0.0850	-0.1035	-1.2995	-0.4661
-1.1354	-1.6627	-1.7315	-2.5213	-1.2880	-1.3125	0.3076	-0.8418	-1.2361	-0.4754	-1.5679	-0.5908	-1.7474	-1.3412	-1.9148	-1.9330	0.6856	-1.2667	-2.2186	-0.6118	-1.9766	-0.8003	-0.9216	-0.4425	-1.3546	-0.5450	-1.9334	-2.2812	-1.1073	-0.8319	1.1722	-0.9609	-0.8473	-1.1103	-1.2728	-1.4540	-1.3129	-0.9035	-0.3061	-2.3050	-0.9051	0.6814	-0.4623	-2.4136	-0.1518	0.1809	0.0491	-1.4549	0.0900
-0.9491	-1.9002	-1.2755	-2.1741	-1.4671	-0.7501	0.2890	-0.4312	-1.8637	-0.9395	-1.6473	-0.8416	-1.3718	-1.2989	-1.8999	-1.6797	0.1383	-1.2027	-2.0944	-1.2193	-1.9627	-0.7302	-0.8217	-0.9935	-0.9709	-1.0762	-2.2262	-1.5007	-1.3444	-0.4543	0.6207	-0.8458	-0.7346	-0.8967	-1.7199	-1.3668	-1.2070	-0.7302	-0.4625	-1.6796	-1.0229	0.6671	-0.4725	-2.6313	-0.5403	-0.1913	-0.4064	-1.5797	-0.3714
-0.8294	-1.8843	-0.8488	-2.2908	-0.7894	-0.6784	0.2484	-0.4082	-1.2095	-1.1894	-1.5613	-0.7580	-0.8639	-1.6096	-1.2190	-1.2605	0.0063	-0.6309	-1.8905	-1.2254	-1.5444	-0.3614	-0.1889	-0.9214	-0.1116	-0.2516	-1.5848	-0.8818	-1.4441	-0.5627	0.3310	-0.3140	-1.0983	-1.3478	-1.4914	-1.1555	-2.1495	-1.0805	-0.4013	-1.0990	-1.2946	0.4107	-0.5764	-2.5177	-0.2568	-0.3255	0.4594	-1.4007	-0.8668
-0.5329	-1.1740	-0.6386	-2.6881	-0.3677	-2.2451	0.0084	-0.4180	-0.0800	-1.3704	-1.0255	-0.2563	-1.4558	-1.3376	-0.4741	-1.1950	0.2416	-0.8768	-1.4190	-0.5723	-0.9525	-0.6520	-0.0640	-1.3814	0.2291	-0.2116	-1.6493	-0.9442	-1.3362	-1.2194	1.0119	-0.0480	-0.6928	-1.0304	-1.8023	-1.2634	-1.8954	0.2647	-0.7160	-1.3514	-1.0491	0.3011	-0.1837	-2.0654	-0.5162	-0.1983	1.1533	-1.3511	-0.3534
-0.5640	-1.1656	-0.3933	-1.2926	-0.6883	-1.0622	0.1587	-0.5151	-0.5664	-0.9352	-1.0348	-0.5927	-1.1900	-1.4005	-1.3591	-0.4753	0.2895	-1.2907	-1.0239	-0.9839	-1.2944	-0.5470	-0.5267	-1.5297	-0.7991	-0.8540	-1.4786	-0.4332	-1.3251	-0.9020	0.4258	-0.6596	-0.7607	-0.8236	-1.7271	-1.1140	-1.4778	0.0734	-0.5883	-1.9892	-0.5696	-0.3710	0.0295	-1.8478	-0.5150	-0.5531	0.3497	-2.1992	-0.4477
-0.3078	-1.1886	-0.1647	-0.3570	-0.2151	-0.5111	-0.1888	-0.6009	-0.4125	-1.3958	-0.6812	-0.3285	-0.7409	-0.9635	-0.8793	-0.8131	0.3818	-1.5080	-0.8251	-0.7303	-1.4493	-0.6581	0.0641	-1.4637	-0.7024	-0.2180	-1.5277	0.1055	-1.4274	-1.0213	0.7055	-0.3127	-0.5903	-1.0898	-1.7220	-0.8828	-2.0753	-0.5992	-0.4668	-1.2807	-0.6710	-0.8439	-0.0184	-0.9899	-0.4515	-0.5124	0.5055	-2.5478	-0.3100
-0.2418	-0.8644	-0.6000	-0.6845	0.2349	-0.2118	-0.3974	-0.4638	0.0740	-1.2999	-0.4417	0.2284	-0.3574	-0.5889	-0.0692	-0.7525	0.1541	-1.6844	-0.5630	0.1157	-1.1239	-0.9660	-0.1040	-0.7750	-0.5928	-0.2063	-2.1457	-0.2556	-0.9897	-0.7801	0.2963	0.4256	-0.2573	-0.3657	-1.8251	-1.4018	-1.1851	0.1842	-0.3602	-0.9388	-0.5221	0.1978	-0.1187	-0.3804	-1.1048	-0.1049	0.7463	-2.4117	0.1304
-0.3362	-0.9610	-0.1088	-0.2544	-0.0828	-0.2850	-0.0972	-0.7000	-0.0320	-1.2424	-0.7591	-0.0203	-0.2385	-0.4238	-0.2481	-0.2691	0.9074	-0.9429	-0.0151	0.1512	-0.8574	0.2955	-0.2646	-0.2494	-0.0759	0.2225	-1.4929	-0.2040	-0.9603	-0.8178	0.0194	-0.0131	-0.6714	-0.3172	-1.1834	-0.4924	-1.1058	-0.8993	-0.7019	-1.4503	-0.7594	-0.0417	-0.5501	-0.0893	-0.1506	-0.0694	0.4471	-2.1464	0.0484
-0.0278	-0.1887	0.0359	-0.9220	0.4965	-0.9031	-0.0850	-0.5907	0.3906	-0.6501	-0.0334	0.5959	-0.4772	0.1451	0.3787	-0.5604	0.6011	-1.1159	0.0439	0.7692	-0.7657	-0.1689	0.0728	-0.4420	0.4476	0.7819	-1.3210	-0.0471	-0.8056	-1.2911	0.7574	0.9862	-0.1582	0.5413	-1.2088	-0.1379	-1.1066	-0.7497	-0.6539	-0.6353	-0.8523	-0.5463	-0.4875	0.2585	-0.0138	-0.0286	0.9902	-1.5895	0.5907
-0.3615	-0.1006	0.1008	0.1280	0.2150	0.0751	-0.1489	-0.6122	-0.0961	0.0062	-0.4175	0.7711	0.1813	0.2524	0.0917	-0.4148	0.8137	-0.9743	0.2434	0.2726	-0.5513	0.3743	0.0684	-0.7124	0.0188	0.0233	-0.8215	0.1329	-0.4933	-0.8346	0.8535	0.1838	-0.2051	0.0309	-1.0459	0.2489	-0.6657	-0.5302	-0.4442	-1.5952	0.0533	0.1043	-0.2906	0.0732	0.0122	-0.4054	0.2516	-1.7892	0.2768
-0.1236	0.2953	0.3113	0.9704	1.2216	0.5266	-0.3332	-0.4442	0.3862	-0.1513	0.0092	0.7120	0.6084	0.6681	0.7410	-0.4055	1.0861	0.1960	0.5635	0.7417	-0.3694	-0.1074	0.6543	-0.0421	0.2093	0.5290	-0.3520	1.1336	-0.4009	-0.5621	1.2745	0.3763	-0.5457	0.2186	-0.4101	0.5365	-1.2331	0.2119	-0.2576	-0.2825	0.2762	-0.0829	-0.2666	0.4297	0.5999	-0.2379	0.1908	-1.3441	0.2661
-0.0886	0.9830	0.6793	0.3756	1.4323	0.4496	-0.6751	-0.8345	0.2104	-0.4709	-0.0641	0.3361	0.7868	1.0930	1.0799	-0.3820	1.6707	0.3393	0.7186	0.6216	0.1960	-0.3128	0.3416	-0.1451	0.2858	0.0737	-0.0141	1.3740	-0.2401	-0.4961	1.3450	0.5145	-0.4484	0.4486	-0.6049	0.6955	-0.1301	1.0422	-0.0866	-0.3066	1.0126	0.4853	0.0552	0.9544	0.3254	-0.1134	0.1535	-1.5533	0.2700
-0.1808	1.4434	1.5086	0.1562	1.9241	-0.1131	-0.1094	-1.6126	0.4815	0.1812	-0.0135	1.2237	1.3162	1.6856	1.9462	0.5790	1.9708	0.8783	1.0425	1.0574	0.9976	-0.3321	1.2098	0.3605	1.1639	0.2351	0.2701	2.0045	0.5471	0.4754	1.8177	1.0689	-0.1129	1.1309	0.1073	1.5174	-1.0842	1.1127	0.9899	1.3189	0.4170	0.0714	-0.0207	1.1879	1.1229	-0.1693	-0.1645	-0.1099	0.5242
-0.2842	1.6236	1.2079	1.3964	1.9077	1.0530	-0.5791	-0.8644	-0.1038	0.6216	0.8110	1.0476	1.4324	1.3598	1.8575	1.7287	1.6402	0.3180	0.8988	0.9970	1.1905	0.5405	0.5388	0.3601	0.8207	0.7781	-0.0182	1.5603	0.7376	1.3227	1.5946	1.1983	-0.0486	1.1680	-0.0460	0.9073	0.0552	0.6512	0.9167	1.5041	0.8803	-0.3151	0.1257	1.8206	0.5968	0.6212	-0.3347	-0.2981	0.7372
0.2514	2.0993	1.7154	1.1103	2.2220	0.0482	-0.5703	-0.8345	0.7698	1.0395	1.3931	1.7835	0.9863	2.0785	2.0226	1.5626	1.9563	0.8951	1.1058	1.0995	1.3746	-0.0554	1.1785	1.1180	1.2012	1.1304	0.7388	2.0169	0.7896	1.3205	1.5979	1.3464	0.7338	1.7198	-0.0852	1.2800	0.7669	1.2558	1.2509	2.3054	0.2959	-1.5151	0.2674	2.1742	1.3325	0.7878	-0.8025	0.3885	0.9561
0.0957	1.1362	1.4869	0.4811	1.3787	0.8029	-0.3655	-0.9503	0.2434	0.7083	1.1259	0.8927	0.5199	2.3442	0.7404	1.8174	1.9226	0.9279	1.3036	0.4804	1.3146	0.3672	0.8088	0.9301	1.0738	0.2529	1.3214	1.3320	1.4212	1.3145	1.1801	0.0696	1.3419	1.5451	0.5239	1.1111	1.8599	1.4892	1.6434	0.5121	0.6746	-0.9002	0.5659	2.1765	0.9896	0.3303	-1.0683	0.1476	0.5382
0.2055	1.0493	1.1504	0.9284	1.5678	1.4497	-0.6148	-0.7558	0.5950	0.6106	0.7907	1.1205	0.1084	2.0787	0.8781	2.1222	1.1541	0.7916	1.2725	0.7562	1.2505	0.4239	0.9644	0.9815	0.8929	0.2046	1.2074	1.3040	1.7167	1.2728	0.5161	1.0417	1.6286	1.2605	1.0490	0.5870	0.6718	1.2291	1.9007	1.7984	0.2727	-0.0644	0.3690	2.0582	0.7174	-0.0099	-1.4548	0.9138	0.2188
-0.2118	0.9834	0.3926	0.2044	0.9401	1.7268	-0.3652	-0.9251	0.1604	1.3180	1.4161	0.0420	0.1274	1.7255	-0.0329	2.0027	0.4296	-0.0160	1.5202	1.4820	1.1552	0.1242	1.2209	1.0701	0.3888	0.5827	1.1393	1.6648	1.1824	1.5264	-0.0707	-0.4621	1.8412	1.5756	1.2588	0.7039	2.0328	1.1912	0.4996	2.2544	0.7705	-1.4509	0.5814	2.7581	0.8180	0.5524	-1.0303	1.0617	0.7497
-0.1477	0.7574	0.5146	-0.2229	1.0259	1.2170	-0.0338	-1.0230	0.4494	2.1621	0.2978	1.1064	0.3039	1.5497	0.6427	1.9125	-0.1099	0.1075	1.2420	1.0997	1.0110	0.6381	1.6431	1.7584	0.6504	0.3071	1.3527	1.3801	1.5341	1.7299	-0.5505	0.5007	2.0477	1.2089	1.7341	0.8978	0.8367	0.3841	1.5157	2.6084	0.7021	0.6377	0.2715	1.7553	0.8963	0.1268	-1.4679	2.0194	0.3634
0.1783	1.1319	0.5383	0.3526	0.7287	2.5488	-0.4559	-0.1351	1.1251	1.2480	0.6469	1.4430	0.2092	0.9303	0.2731	2.6338	-0.3618	1.7770	1.4059	0.4999	1.5803	0.3605	0.6723	1.3927	0.5011	-0.1192	1.7829	1.5180	1.7525	1.5252	-0.9691	0.3155	2.0966	0.9315	2.2068	0.9793	0.9825	-0.4219	1.6827	3.0809	0.9354	1.3285	-0.0051	1.5753	0.7329	-0.1430	-2.1615	2.5208	0.4039
0.3691	1.4468	0.2959	0.2125	0.9135	2.0784	0.3154	-0.6172	0.3679	1.7509	1.0188	0.0026	0.8770	1.2892	0.1455	1.8315	-0.2636	2.6783	1.5793	0.0785	1.0603	0.5343	-0.8465	2.1027	0.7828	1.0608	1.9261	0.9299	2.0741	1.0377	-0.6548	-0.2205	1.2733	1.0512	2.6083	0.9505	0.4493	-0.6559	1.6589	1.8635	0.2772	0.0915	-0.0489	1.4758	1.4830	0.5684	-0.0107	2.1609	0.5517
0.2589	1.7875	0.4983	0.7351	-0.3574	1.9799	0.6653	-0.5335	-0.1336	2.9945	-0.0540	-0.1757	2.0558	0.9653	-0.2246	1.4683	-0.2401	1.8184	0.6084	-0.3633	1.1719	0.4349	-1.9443	0.9144	0.4911	0.4812	1.6204	0.3510	2.1973	1.6759	-0.8455	-0.1327	1.9073	0.2333	2.4245	0.4694	1.5524	0.5409	2.0152	1.0333	1.1780	-0.3071	0.7226	1.3726	0.9677	0.4672	-0.6726	2.5397	0.3513
0.0598	2.1812	1.0754	0.1405	-0.3993	0.6381	0.4571	0.1654	-0.0306	2.6426	0.9434	-0.5871	1.9964	0.2430	0.2694	1.1192	-0.6078	1.7303	-0.2238	-0.1480	1.7574	0.4734	-1.2302	0.7582	1.1800	0.3609	1.6590	-0.0121	1.6809	1.1795	-0.7642	-0.7341	1.7960	0.3764	2.4396	0.7534	1.4484	0.4951	1.5126	0.3173	1.5939	-0.9824	0.8746	0.3865	1.1592	0.2828	-0.2340	2.7586	0.3763
-0.5113	1.5117	1.1854	-0.7476	-0.7010	-0.9956	0.3931	0.6673	0.0082	1.5632	0.6553	-0.8311	0.3349	-0.4787	0.0596	-0.2591	-0.9366	1.0608	-0.6069	-0.0073	1.7517	0.7838	-0.6104	2.0346	1.5091	-0.5905	1.4637	-0.9870	0.9743	0.3333	-1.9426	-0.1318	1.5825	-0.5800	1.8187	0.7694	2.8886	-0.9618	0.5349	-0.3013	0.5633	-0.3488	0.3217	-0.4687	0.7708	0.3741	-0.2464	3.2150	0.4175
-0.2292	0.3762	-0.2922	-1.5048	-1.2588	-1.3682	0.0074	0.5913	-0.9880	1.0184	0.1428	-0.8642	-1.4238	-1.0383	-0.8649	-1.7610	-1.6371	-0.0742	-1.2984	-0.7360	0.2984	0.2747	-0.1500	0.6049	0.1613	-1.7731	0.0974	-2.2241	-0.1920	-0.6692	-1.7451	-0.5732	1.1461	-1.1707	0.9191	0.2791	1.7451	-0.3380	-0.2395	-0.0380	0.6206	-0.5655	0.4367	-1.4080	-0.1337	0.3856	-0.3381	2.3933	0.6509
-0.4165	-0.4965	-1.5581	-1.7970	-1.7496	-0.7236	-0.2921	0.6950	-1.0404	0.4695	-0.5850	-1.3717	-1.9383	-1.1410	-1.7731	-1.8409	-1.7299	-0.4744	-1.3489	-1.0559	-0.6832	0.5558	-0.8262	0.3077	-0.4241	-1.1907	-0.4291	-2.0565	-1.0211	-1.1324	-2.2066	-0.5296	-0.0265	-2.2947	0.0117	-0.0297	0.8566	-1.1779	-1.3635	-0.2954	0.0481	-1.1072	-0.0593	-1.1301	-0.5263	0.5458	-0.2072	1.1215	0.2488
-0.6434	-1.2323	-1.7925	-2.6233	-1.8224	-0.9214	-0.4084	0.8303	-0.2097	-0.2640	-0.8367	-1.9310	-1.8837	-1.2884	-2.3638	-1.8316	-1.5432	-0.3518	-1.4202	-1.1509	-0.6901	0.4152	-1.5290	-0.6231	-0.2729	-1.5418	-0.4781	-1.8497	-1.3036	-1.4082	-2.5877	-0.4228	-0.5985	-2.3281	-0.4776	0.3583	-0.1400	-0.2300	-1.5467	-1.2556	0.1208	0.0401	-0.2221	-1.1134	-1.0602	0.3723	0.5535	0.5598	0.0742
-0.3550	-1.6878	-2.2059	-2.0629	-1.1603	-0.8719	-0.7961	1.1322	-0.2000	-0.9069	-0.5182	-0.6572	-1.4000	-1.3582	-1.2407	-1.7532	-2.8585	-1.0296	-1.5716	-1.4379	-1.2830	-1.1436	-0.3567	-1.0567	-0.9850	-0.8825	-1.3651	-2.1999	-1.1314	-1.2963	-1.8008	0.2192	-0.3398	-1.7832	-0.3059	-0.5438	0.0355	0.5509	-1.4603	-0.0781	0.5357	1.2340	-0.0496	-0.8721	-2.2992	0.3615	0.3930	0.1315	-0.3318
-0.4392	-2.0949	-1.7020	-1.5950	-1.5157	-1.4327	-0.6373	1.2018	-0.4977	-1.4503	-1.4301	-0.5892	-0.7228	-1.3811	-1.1682	-1.6943	-2.2039	-1.2719	-0.7566	-1.7003	-1.2623	-0.3661	-0.5483	-1.3801	-1.1146	-0.0033	-0.9954	-2.2039	-1.0385	-2.1890	-2.3027	-0.4013	-0.7744	-1.9322	0.0130	-0.6073	-0.5929	-0.6746	-1.7328	-0.5002	0.3117	1.1120	-0.1727	-0.6858	-2.0002	0.2489	0.0283	-0.8927	-0.7919
-0.5820	-1.5917	-0.8621	-1.1896	-1.7064	-1.1533	-0.6465	1.1768	-0.2007	-2.2354	-1.0840	-0.7731	-0.6596	-0.9436	-1.1366	-1.3691	-1.8577	-0.6927	-0.8635	-1.2526	-0.7657	-0.3391	-1.2095	-2.3316	-1.1620	0.9076	-0.9621	-1.3749	-1.3369	-1.6890	-1.5997	-0.7678	-1.3878	-1.1727	-0.2064	-0.3920	-1.2024	-0.0956	-1.6727	-0.6101	-0.0580	0.9315	0.0804	-1.1788	-1.8521	0.5863	0.0982	-0.4767	-0.4354
-0.1491	-1.6110	-0.9391	-0.7440	-1.3768	-0.8328	-0.6837	1.4751	-0.4830	-1.7499	-1.2577	-0.8904	-0.5169	-0.9678	-0.6716	-1.0235	-1.9705	-0.9773	-1.0726	-0.7764	-0.8311	-0.4028	-1.3194	-2.0748	-1.1861	0.7312	-0.9904	-1.6054	-1.8155	-1.5008	-1.5888	-0.3018	-1.6231	-0.1616	-0.4994	-0.9656	-0.9993	0.8067	-2.0648	-0.8719	0.4548	1.3221	0.2588	-1.4454	-1.8870	1.0303	0.5446	-0.3488	-0.0415
-0.1194	-1.2147	-0.2658	0.1530	-1.4311	-1.1525	-0.8392	1.3080	-0.6583	-1.8564	-1.6480	-1.0954	-0.2905	-1.3272	-0.2545	-0.3916	-1.5420	-0.8985	-0.9916	-0.9568	-0.7757	0.3321	-1.0495	-2.1629	-0.9472	0.4853	-0.3579	-1.6165	-1.6694	-1.5680	-1.5518	-0.1735	-1.9208	-0.8793	-0.3925	-1.2597	-1.1457	0.9349	-1.6559	-1.1860	1.1898	1.5422	0.3201	-1.3852	-1.7663	0.5868	0.1846	-0.2201	0.0256
-0.0528	-0.3890	0.4840	0.9285	-1.0152	-1.1500	-0.8325	1.3911	-0.7671	-1.6505	-1.1558	-1.2144	-0.3853	-1.1710	-0.0454	-0.1628	-1.4997	-0.6608	-0.6799	-0.4656	-0.5192	0.3276	-1.1348	-1.1779	-0.2356	1.1296	0.2910	-0.3180	-1.7905	-1.2957	-1.5140	-0.2209	-2.1208	-0.9388	-0.6321	-0.8539	-0.9014	0.7365	-1.7781	-0.7739	0.9433	1.1241	0.5988	-0.9443	-1.8179	0.4081	0.5125	-0.4698	0.5669
0.7133	0.4144	0.3164	0.6446	-1.1462	-1.1178	-0.8518	1.2578	0.0331	-1.3639	-1.4738	-1.5103	-0.6724	-1.1178	0.4058	-0.0992	-1.8809	0.6026	-0.3761	-1.1260	-0.9621	-0.0907	-0.9251	-0.8503	-0.2533	0.1961	-0.0087	-0.4435	-1.6009	-0.7118	-1.8168	0.2376	-1.6574	-0.8128	-0.9315	-0.9272	-0.2454	0.5949	-1.1769	-0.5948	0.8361	2.1366	0.5931	-1.0374	-1.4817	0.4527	0.7161	-0.6030	1.1674
0.5452	0.7240	0.6659	1.1995	-0.6760	-0.6930	-0.8955	1.0914	-0.8292	-1.6964	-0.8071	-1.4015	-0.2513	-1.4065	1.0707	0.3283	-1.0815	0.1326	-0.5824	-0.6917	-0.9857	0.5823	-0.0442	-1.2501	-0.0121	1.1025	-0.2059	-0.2212	-1.8750	-0.9064	-1.2551	0.1271	-1.2295	-0.9280	-0.5904	-0.4871	-0.2585	0.1561	-0.8051	-0.2150	0.7533	1.8811	0.5838	-0.6389	-1.4187	0.5413	1.4002	-0.1844	1.2593
0.4059	0.9987	0.7377	1.1308	-0.1018	-0.5849	-0.8830	1.2765	-0.7285	-0.8272	-0.3127	-0.9544	0.0454	-1.2880	1.4013	0.4825	-0.6199	-0.2491	-0.3551	0.7142	0.0057	0.7166	-0.1391	0.0016	0.2165	1.4407	0.6874	0.3726	-1.6546	-1.0912	-0.9009	0.0595	-0.1942	-0.1204	-0.8070	-0.3410	0.2417	0.2849	-1.0500	0.3641	0.6925	1.2793	0.9202	0.4896	-1.2954	0.8263	1.4135	-0.1130	1.3815
0.5759	0.5309	0.0103	1.3698	-0.2232	-0.2838	-1.0056	1.0957	-0.4447	-0.2283	-0.3538	0.2373	0.2498	-0.9882	0.7082	1.1375	-0.2083	-0.0084	-0.2721	0.1580	0.4840	1.2833	-0.6481	0.4149	0.4758	1.1449	0.9208	0.1053	-0.6481	-0.0744	-0.1474	-0.3111	0.1341	-0.3071	-0.5151	0.0356	0.7883	-0.4995	0.0777	0.3267	0.5233	1.6955	0.9493	0.6439	-0.6911	0.5819	0.8181	0.1095	0.7755
0.6030	-0.2456	-0.3334	0.1062	-0.1493	-0.6177	-0.8271	1.4605	-0.3184	0.0081	-0.2268	0.5621	-0.0972	-0.1182	0.0346	0.6929	-0.1074	-0.0096	-0.1793	-0.0150	0.9768	0.7249	-1.2221	0.1964	1.3841	0.5676	0.7785	-0.0644	-0.1757	-0.4379	0.1110	-0.3443	0.6317	0.2552	-0.5662	0.4221	1.1597	-0.4531	0.6701	0.0296	-0.0320	1.6007	0.9978	0.4181	-0.2130	0.7955	1.0566	0.2111	0.5937
0.9453	-1.4874	-0.3138	0.5852	-0.0752	0.3036	-0.3053	1.8368	-0.8038	-0.0882	-0.1666	0.6877	0.8669	-0.1525	-0.5616	0.8994	0.2374	0.1920	-0.0374	0.1155	0.5950	1.4168	-0.8085	-0.4305	1.1932	0.2995	0.8836	-0.2448	-0.2139	-0.3147	-0.1225	-1.0171	0.2146	0.5106	-0.2074	0.9410	1.0540	-0.3692	1.0397	-0.5188	-0.1340	0.5973	0.8026	0.3340	-0.0210	0.9347	0.9587	0.0245	-0.4317
1.1195	-1.9053	0.2035	0.9236	0.2857	-0.0627	-0.6112	2.0364	-0.6115	-0.5346	0.0770	1.0470	0.3779	-0.0590	0.1272	0.7907	-0.1037	0.9814	-0.2149	0.3407	0.3076	1.6257	-0.8134	-0.2740	1.3711	0.0599	0.5607	-0.0755	-0.3369	-0.3970	0.2499	-0.5361	0.0755	0.3703	0.1119	1.1073	0.0797	-0.4188	1.1474	0.3836	-0.4193	0.5007	0.5047	-0.1334	0.3034	0.7374	0.5408	0.8467	-1.1348
0.8513	-1.1565	0.7001	0.1713	0.5157	-0.9360	-1.3270	2.1607	-0.0173	0.0073	0.5086	0.7257	0.2992	-0.0628	0.9788	0.9042	0.1246	0.7508	0.3277	0.5856	0.5055	1.4280	-0.8705	-0.8652	1.2163	-0.0394	0.6953	0.1808	-0.4837	-0.8808	0.5004	0.0260	-0.1917	0.5804	-0.0113	1.0576	0.5452	0.1124	0.3366	0.2618	0.8299	0.5160	1.0696	0.3260	-0.1458	0.9878	1.2243	0.7777	-0.5197
1.1334	-0.3798	0.8498	0.6814	0.5787	-0.1290	-0.9116	1.9821	-0.8068	-0.4475	0.5722	0.3622	0.4671	-0.4402	1.1539	1.1490	-0.4457	-0.0675	0.0087	0.6630	0.2637	1.2718	-0.2533	-1.8764	0.2811	0.9135	0.2228	0.0143	-0.8330	-0.9059	0.8678	-0.5601	-0.3131	1.0385	-0.1852	0.3601	0.5394	0.0380	-0.2519	-1.1293	0.9161	0.1737	0.9010	0.4720	-0.4729	1.2318	1.0037	0.4325	0.3088
1.5058	-0.0631	1.3808	1.5382	0.7613	-0.0289	-1.1672	2.3180	-0.7226	-0.8389	-0.0952	0.1741	0.8846	-0.4066	1.7455	1.5770	-0.1405	0.6187	0.5192	0.2389	0.2369	2.0353	-0.4490	-1.0121	0.8102	1.3130	0.3294	0.6673	-1.1037	-0.9917	0.6586	0.1486	-1.1973	0.4999	-0.1293	0.4700	-0.0381	-1.1526	-0.1676	-0.7836	0.7828	0.3407	0.6607	1.0820	-0.3881	0.9510	0.9400	0.4869	0.5818
2.0958	0.1607	1.7552	0.9715	1.0566	-0.8456	-1.4600	2.1833	0.3382	0.1579	0.2998	-0.0570	0.9642	-0.3522	2.6585	1.5003	-0.0915	0.8805	0.3589	0.2312	-0.0783	1.2357	0.2970	-0.1946	1.1842	0.9623	0.1905	0.3329	-0.9773	-1.1074	0.9172	1.5281	-0.9134	0.9899	-0.2841	-0.0038	0.3728	0.3636	0.1245	-0.1200	1.4271	0.5468	1.1037	1.6249	-1.2658	0.9078	1.0493	-0.0229	1.1848
2.1566	0.7294	2.2482	1.4140	1.2212	-0.0685	-1.2527	1.9211	-0.1434	-0.0201	0.8498	-0.2861	1.6428	-0.3245	2.6330	1.5883	-0.2213	0.3217	0.1357	0.4262	0.0714	1.3315	0.9404	-0.6789	0.8588	1.7085	-0.2926	0.6743	-0.6599	-0.8061	1.9575	0.8417	-0.1797	1.2214	-0.4536	0.4191	1.3393	1.1638	0.3888	-0.4030	1.7391	0.6635	1.1469	1.5068	-1.4400	0.5227	0.7957	-0.5855	1.1819
2.2293	1.5926	2.4694	0.6992	1.5306	-0.6547	-1.1170	1.9186	0.4411	0.2612	0.8027	-0.1859	1.0348	-0.2227	2.7024	1.8089	0.9870	0.8944	0.7742	0.6028	0.6052	1.7844	1.2387	-0.1431	1.3151	3.1134	0.7842	0.8088	0.1532	-1.0811	2.0667	0.8401	0.0747	1.1606	-0.3396	0.8934	0.4620	0.3386	0.5195	0.3852	1.9303	0.8230	1.0503	1.5224	-0.2804	0.9953	0.3284	-0.3484	1.5144
2.2052	2.8438	0.4274	0.2813	1.1253	1.7462	1.2114	-0.0302	3.0460	-0.2838	0.6229	-0.0903	-0.7977	2.1545	2.0598	-0.6304	2.5115	3.2290	3.0789	2.5730	1.3429	1.3128	1.8896	-0.0297	1.0260	0.0615	1.7498	1.0988	1.7037	0.5484	2.6383	1.4104	-1.1977	2.0666	1.7964	1.1638	0.9643	0.2106	1.4003	-0.4737	0.4264	0.2822	0.0324	0.3274	2.4692	0.3143	1.8420	0.7726	0.6912
0.2704	-0.1524	0.2065	2.0904	3.4954	4.0789	3.6362	-3.4066	2.0089	-0.1047	2.8744	1.7352	1.3385	1.3613	1.3314	-1.6026	2.9910	1.0394	1.6812	3.2322	2.6941	0.1499	3.5182	2.1126	-0.2872	-0.5774	3.0793	2.7540	0.2660	3.2876	2.4592	2.8770	-0.5558	3.0266	0.8602	2.7394	1.2974	0.3898	-1.4086	-2.0369	-3.3566	-0.1356	-3.1816	0.3773	1.3833	-4.7530	-1.6914	-1.1020	-3.6123
0.2479	-0.2731	0.5727	2.6675	1.9786	3.2375	3.3028	-2.1136	1.3501	0.3445	2.7532	2.2780	2.7552	1.2943	-0.2249	0.1273	2.9717	-0.3129	1.0569	1.0909	0.7882	0.5754	2.5117	2.7139	-1.8622	-1.0725	1.2067	1.2038	0.4412	3.9339	1.5552	1.1076	0.3263	1.4929	0.6148	0.7203	-0.0070	-1.2704	-0.9944	0.4817	-2.7666	-1.1706	-3.0940	-0.1907	1.6583	-4.9336	-2.6234	-0.3083	-4.6260
0.3447	0.3254	-0.2829	1.9176	1.8754	2.7690	3.5350	-1.8034	2.2538	0.5881	3.3642	2.8252	0.7375	1.6203	-0.8019	-0.7186	2.1239	1.4034	2.2228	1.8888	-0.0606	-0.4885	3.4988	3.1870	-1.4979	-1.5148	-0.0906	0.6171	1.0843	3.1843	1.0744	-0.5197	1.5210	0.8233	0.6295	-0.9932	-0.1638	-0.0171	-0.6413	0.4394	-3.1350	-2.6116	-3.6764	-0.3603	2.5882	-4.1878	-2.7532	0.2131	-4.1156
0.0451	0.3727	-0.7083	0.4961	1.6559	1.4318	3.2921	-1.8716	2.0816	2.0519	2.7577	1.7057	-0.4599	1.8866	-0.5662	-1.4092	2.3486	1.3730	1.5140	0.7026	0.3400	-0.6529	2.8762	2.8841	-0.5949	-0.8544	0.3421	0.4394	1.1587	2.4544	1.5880	-0.0369	1.7853	-0.1270	0.9787	0.2243	0.1947	0.0027	-0.9445	0.1518	-2.8349	-2.0720	-3.0971	0.1732	3.2093	-4.0656	-3.0242	0.0125	-4.1240
-3.2081	2.3857	-2.0780	1.2481	1.6265	-0.3407	2.6327	-2.6333	1.3777	4.7189	2.4183	-2.1748	0.5227	2.8951	0.4186	-0.6151	2.6155	-1.0852	0.4719	3.2313	2.9693	-1.4665	1.8737	0.1950	1.1609	0.5382	3.0976	0.8425	2.3841	3.8660	2.5168	1.9482	0.7484	1.9518	2.2656	3.2324	1.6340	3.3919	1.5060	1.4225	-1.0596	1.5483	-0.1531	1.5305	2.4762	-0.5595	1.0613	0.8967	-0.8049
-1.3279	1.7231	-1.2816	0.6503	0.8896	0.5539	1.8804	-3.1042	0.9859	1.8176	0.8670	0.4201	-0.3359	3.4903	0.3003	-0.4301	0.3956	-1.0644	0.8216	0.8001	1.2224	-3.5326	1.4363	1.2445	0.0499	-0.8146	-0.5937	0.7232	2.8789	2.0663	2.7546	1.3566	2.7566	-0.1505	1.6430	0.8067	-0.3193	0.6081	1.3992	1.5517	-1.9836	0.2948	-1.1418	-0.1756	2.2016	-0.8907	-0.8467	1.2642	-1.1926
-1.0634	0.5174	-0.9135	-1.1105	0.2219	0.3786	1.5041	-2.9721	1.6016	1.6434	0.0054	-0.1554	-1.2497	2.5265	-0.8570	-1.3035	0.8125	-0.0961	1.2983	-1.2711	0.1511	-3.5678	0.9510	2.0658	-1.2941	-0.7161	-1.6162	0.5365	2.7313	1.1621	2.1676	-0.1932	2.3593	-1.1943	1.6320	-0.3484	-1.2928	-1.7064	0.1910	0.4721	-2.5249	-1.3332	-1.8298	-0.8338	2.1930	-1.3925	-2.6795	0.1558	-1.2105
-0.5133	0.9456	-1.2958	-1.8604	0.2708	-0.0756	2.3045	-3.0155	3.1006	2.0622	0.7601	1.3039	-1.4757	2.5322	-1.8431	-2.0665	0.7461	0.2468	1.9850	-0.4133	-0.1050	-3.6469	0.0250	2.4559	-1.9627	-0.9026	-1.7856	-0.5344	2.7302	1.2297	0.4780	0.0704	1.9189	0.0779	1.4302	-1.3915	-0.7473	-0.9520	-0.2074	0.6968	-2.4554	-1.7814	-2.2401	-0.7586	1.8233	-1.9037	-2.1274	0.3578	-0.9740
-1.6205	-0.6403	-1.8088	-1.8022	0.4564	0.1152	1.8294	-2.5085	1.4207	0.8055	1.3638	2.0004	-1.8635	0.8180	-1.8792	-2.7574	0.0049	-1.1536	0.7735	-0.7656	-0.2945	-3.3913	0.3381	1.4870	-2.4696	-0.8838	-2.8946	-0.9969	2.1866	-0.1401	0.0393	-0.1655	2.7568	-0.3967	0.3032	-2.2380	-1.1549	-0.8418	-1.0916	0.9089	-2.5524	-2.8137	-2.4144	-0.9579	0.5220	-2.4766	-2.5359	-0.6130	-1.6782
-1.8784	-1.3373	-1.8448	-1.4155	0.0992	1.3071	1.9183	-2.5091	0.4458	-0.0207	1.0611	1.5219	-1.6172	-0.3797	-2.2968	-2.7821	0.5196	-0.4155	0.6090	-0.9403	-0.8864	-2.5009	0.0104	1.0905	-2.6019	-0.8065	-3.2094	-0.4389	1.6160	-0.5907	-0.6300	-1.1222	1.2645	-0.9966	-0.3616	-2.0813	-1.4862	-2.3547	-0.8970	-0.3528	-2.6200	-4.4224	-2.4319	-1.3133	-0.2256	-2.2983	-2.2544	-1.7473	-1.5329
-1.8256	-1.5153	-1.2818	-0.4407	0.3517	1.7738	1.7222	-2.4746	0.1245	-0.9272	0.2222	1.0679	-1.2975	-0.7525	-1.6731	-2.6738	0.5866	-0.2762	0.0582	-0.3821	-1.1143	-2.5436	0.3125	0.5599	-2.3353	-0.9808	-2.9486	0.4326	1.0078	-0.7488	-1.5772	-0.3188	-0.1911	-1.2836	-0.5007	-1.8732	-2.3994	-2.0761	-0.5012	-0.4374	-2.1585	-4.0192	-2.3779	-1.3971	-0.6902	-1.5897	-1.7269	-1.6211	-0.9457
-1.9352	-1.1641	-0.3113	0.0057	-0.0638	1.0820	1.1564	-2.0600	0.1297	-1.5451	-0.2406	0.3136	-1.0501	-0.7794	-0.6620	-2.2801	0.4191	-0.5384	-0.3678	0.1365	-1.2926	-1.9155	0.9404	-0.3786	-1.5337	-1.8640	-1.9006	1.3467	0.3506	-0.8316	-1.6967	0.5715	-1.2599	-1.3672	-0.6596	-1.2227	-2.9627	-1.5257	-0.3050	-0.1187	-1.6488	-2.9189	-1.7305	-1.1247	-0.8429	-1.0351	-1.0951	-1.1662	-0.7384
-1.3121	-0.4079	-0.1261	0.2023	-0.5303	0.4443	0.7254	-1.6054	-0.9545	-1.3550	0.0396	0.4965	-0.8431	-0.3778	-0.0270	-1.2870	-1.2550	-1.1319	-0.4883	0.2095	-1.7384	-1.3001	0.9877	-0.5634	-1.6040	-1.5336	-1.3153	0.9507	0.1506	-0.5890	-1.3460	0.4975	-1.5214	-0.5537	-0.9584	-1.9089	-2.5684	-1.2478	0.2420	0.7664	-0.9317	-2.5193	-0.7412	-0.5795	-1.0806	-0.2932	0.0422	-0.3811	-0.1957
-1.8521	-0.7102	0.5639	0.3260	-1.4801	-0.3193	0.1225	-1.5007	-0.8398	-1.1510	-0.8020	-0.2324	-0.3134	-0.6267	-0.0545	-0.7330	-1.0185	-0.8722	-0.9953	-1.2314	-1.1523	-1.1768	0.4618	0.0047	-1.0818	-1.0269	-1.1161	0.4335	0.1134	-0.3619	-1.3681	-0.8334	-1.7637	-1.1352	-0.6735	-1.5980	-2.4486	-1.1621	0.3522	-0.0861	-0.6811	-1.9063	-0.4632	-1.2375	-0.7628	-0.3362	0.1064	-0.5630	0.5508
-0.8054	-0.2816	0.7472	-0.6168	-1.8876	-1.0162	-0.0101	-1.0829	0.1207	-0.8971	-1.4739	-2.3200	-0.2986	-0.8470	-0.1272	-1.0114	-0.1739	0.0337	-0.4628	-2.6995	-1.2065	-1.8758	0.1639	0.4268	-0.4520	-0.9076	-0.9782	0.4008	-0.0669	-0.6159	-1.0831	-1.4029	-1.8439	-0.3195	-0.6900	-1.5507	-1.8675	0.3481	0.3637	-0.2965	-0.4202	-1.3297	-0.4029	-1.0081	-0.7479	0.0203	0.2714	-1.0396	1.3977
-1.4999	0.4792	0.7118	-0.6363	-1.8707	-0.7755	-0.3420	-0.3707	-2.1001	-1.2177	-1.3320	-1.2672	-0.1249	-1.0415	-1.1763	-0.7224	-0.6065	-0.8561	-1.0135	-1.8542	-1.6821	-1.1092	-0.5329	-0.4920	-0.2309	-0.1217	-0.0036	-0.2822	-0.3044	-0.2409	-0.4703	-2.6275	-1.1912	-0.0502	-0.7544	-0.8258	-0.4033	1.1721	0.8782	0.2707	0.8582	-0.7218	0.5084	-0.4597	-0.4477	0.5638	1.0592	-1.0479	1.6673
-1.2912	0.1890	-0.1451	-0.3754	-1.5292	-0.6770	-0.6517	-0.3561	-1.8534	-0.8690	-1.1239	-0.3487	-0.3464	-1.4604	-1.2025	-0.4595	-0.7284	-1.1838	-1.3931	-1.5471	-1.1269	-0.7592	-0.9239	-0.3661	0.6459	0.4947	-0.0858	-0.9597	-0.2326	-0.4276	0.0087	-2.2426	-0.7608	-0.1469	-0.8742	-0.8807	-0.5697	0.7636	0.5426	0.3050	0.9172	0.4902	0.8915	-0.7126	-0.3320	0.9930	1.1721	-0.5691	1.4513
-1.2482	-0.4039	-0.3406	-0.6755	-1.1176	-1.3394	-0.7708	0.0161	-1.1348	-0.2014	-1.2353	0.1707	-0.2288	-1.0818	-0.2093	-0.1483	-0.6755	-1.7237	-1.2565	-0.7036	-0.8484	-0.7642	-0.8939	-0.1065	1.1615	-0.6410	-0.1435	-0.8460	-0.3036	-0.7281	-0.0555	-0.5159	-0.2971	-0.0864	-0.9638	-1.0740	-0.1051	0.6459	0.3188	0.4579	0.5274	1.5999	1.0713	-0.6228	-0.4669	1.0521	0.8001	-0.0406	1.1025
-0.7304	-0.6696	-0.2904	-0.4301	-1.4539	-1.2415	-0.6542	0.3759	-1.3047	-0.2953	-0.9117	-0.4457	0.0723	-1.0162	-0.7948	1.0466	-0.0925	-1.0465	-0.7084	-0.2686	-1.1071	0.3046	-1.3299	-1.3897	0.3038	-0.6811	0.2540	-0.4290	-0.6915	-0.1460	-0.1647	-1.5607	-0.5190	0.6033	-0.4545	-0.3958	0.5968	1.2050	0.1946	-0.0617	1.2455	0.8552	1.7637	-0.5197	0.1073	1.2205	1.1035	-0.2449	0.8730
-0.2080	-0.2849	-0.1563	0.4947	-1.3893	-0.9004	-0.5847	0.2726	-1.3039	-0.9422	-0.9595	-0.7088	-0.0927	-0.7915	-0.6802	1.1238	-0.0348	-1.1466	-0.7136	-0.4073	-0.5811	0.2324	-1.7025	-1.3255	0.2050	0.0371	0.2372	-0.5793	-0.7889	-0.2322	-1.2790	-1.5743	-0.7597	0.6704	-0.3045	-0.3437	0.0295	0.6017	0.0312	-0.3754	1.1219	0.3522	1.5346	-0.3645	0.3728	1.3930	1.7217	-0.1690	0.9042
-0.5175	-0.2654	0.4379	0.0390	-1.1425	-1.7570	-0.9282	0.2473	-0.9681	-0.1491	-1.2523	-0.4183	-0.0010	-0.9638	-0.1490	1.2139	-0.1217	-1.3803	-1.1004	-0.5302	-0.0986	0.0331	-1.1109	-1.0019	0.2844	-0.3905	0.4270	-0.5048	-1.1139	-0.4528	-1.0208	-0.8594	-0.5822	-0.0261	-0.6251	-0.0133	0.2228	0.8741	-0.0146	-0.4423	1.3617	0.3831	1.4557	-0.2332	0.0965	0.9163	1.0357	0.1305	0.6387
-0.0628	-0.2288	0.3787	0.3309	-0.6124	-0.6939	-1.0053	0.8947	-1.4322	-0.2562	-1.1378	0.1340	0.0235	-1.0339	0.9390	1.3888	-1.1637	-1.4968	-1.4509	-0.1936	-0.1592	0.1369	-0.6570	-1.1771	0.3126	-0.0938	-0.5001	-0.4055	-0.9923	-0.6352	0.0787	0.3105	-0.3605	-0.3037	-1.2429	-0.4527	0.8085	0.3081	0.1114	0.2009	1.5610	1.2908	1.5783	0.0372	-0.4546	1.1124	0.7248	-0.1257	0.3773
-0.0015	-0.4337	0.7608	0.7008	-0.4539	-0.6158	-1.0823	1.1932	-1.4783	-0.1734	-1.1696	0.1605	0.5215	-1.1726	1.4220	1.8835	-0.9161	-1.0310	-1.1949	-0.3258	-0.2770	1.1617	-0.1775	-1.0308	0.5125	0.6648	-0.2809	-0.0483	-0.8333	-0.1243	-0.3834	1.0550	-1.0801	-0.9172	-1.3002	0.0092	0.5144	0.4432	0.2558	-0.3790	1.7430	1.4293	1.3786	-0.0276	-0.5992	0.8976	0.6829	-0.4396	0.4461
0.4162	0.0602	1.5097	-0.0462	0.1983	-1.2218	-1.1943	1.0998	-0.8245	-0.1061	-0.3722	-0.1637	0.4572	-1.2519	1.4964	1.7966	-0.0615	-0.4230	-0.4926	0.1691	-0.2501	0.9241	0.2994	-0.5574	0.6534	1.4170	0.3039	0.9299	-1.0309	-0.4092	-0.2905	0.8395	-1.2083	-0.3009	-0.9056	0.6322	-0.1868	1.2950	0.3062	-0.1036	1.4835	0.8008	1.4188	0.4456	-0.6664	1.0014	1.5190	-0.3776	0.9960
0.3269	0.6264	1.2143	0.1269	0.2753	-0.4852	-1.2864	1.0954	-0.8077	-0.0839	0.2035	-0.6395	0.3906	-0.8084	1.4148	1.5833	-0.4986	-1.1526	-0.3785	0.9311	0.6008	1.3644	-0.8348	-0.8360	0.3379	1.5610	0.5583	0.9059	-1.0786	-0.6240	-0.4029	0.6489	-0.2477	0.5330	-0.7416	0.2232	0.6632	1.6886	-0.3617	0.0974	1.8445	1.1667	1.4835	0.9318	-1.0134	1.0470	1.1978	-0.6774	0.8132
1.3957	0.6813	0.7854	0.5133	0.0368	-0.1595	-1.2561	0.8900	0.3405	0.5397	-0.4671	-0.8993	1.1173	-0.2699	1.3269	1.6112	-0.2449	0.9751	0.1911	0.5191	0.9560	2.5376	-0.7326	0.2839	1.0441	1.4495	1.1795	0.1832	-0.5710	-0.2669	-0.3506	0.9044	0.2549	-0.3484	0.1326	0.8923	0.4946	-0.0489	-0.0746	-0.3699	1.0945	1.3142	0.7308	1.3068	-0.1211	1.0394	0.1623	-0.2332	0.9127
1.9215	1.3384	0.0175	-0.6920	-0.1009	0.1093	-1.2974	1.2395	1.1672	0.8736	0.1925	-1.3851	0.8364	0.0765	-0.0204	1.3363	-0.0855	1.7453	0.2452	0.0367	0.8303	1.4805	-1.1951	0.2810	1.1300	0.9936	0.9756	0.0854	-0.2883	0.0926	-0.0969	0.6614	0.7942	0.0781	0.3111	1.3393	1.3187	0.1418	0.4627	-0.2846	0.9033	0.7868	0.9396	1.0830	-0.3587	0.8951	0.3543	0.0782	1.2915
1.9160	1.0852	-0.5155	-1.4029	0.3715	0.3115	-1.1099	1.8167	0.9849	0.7927	-0.1002	-0.2932	0.5302	0.4194	-0.5518	0.9254	-0.7839	1.6484	-0.0705	0.2988	0.7514	1.2432	-0.8066	-0.4028	0.8974	0.2583	0.4720	-0.4864	-0.3906	0.2632	0.0595	0.5989	1.7917	0.2285	0.3840	1.2170	2.1287	-0.5653	0.5266	0.5340	0.1876	1.3758	0.5442	1.0744	-0.5206	1.1081	0.6997	1.1411	0.9567
2.0190	-0.8891	-0.8347	-1.3974	0.4675	0.1084	-1.2490	2.0927	0.3835	-0.0547	-0.8503	0.4966	0.4386	1.0712	-1.3664	-0.0454	-0.0407	2.3385	0.5074	0.3074	0.4846	2.8176	-0.6328	-0.9680	1.0023	-1.0197	0.9403	-1.4934	-0.1378	-0.1850	0.7210	-0.2627	1.1940	-0.6878	0.7578	1.6611	2.0640	-1.3620	0.3403	-0.3295	0.6323	1.4719	0.3978	0.8908	0.2881	1.0953	-0.6981	1.6981	0.1543
1.7496	-1.8112	-0.6976	-0.8200	1.2401	0.6352	-1.2545	2.3448	-0.4647	-0.1415	-0.3374	-0.0994	-0.0978	1.2879	-1.2149	-0.6287	0.3648	1.6715	0.3413	0.7003	0.6827	2.4303	-1.0484	-0.5692	1.1541	-0.4008	1.2458	-1.3641	-0.4737	-0.7144	0.4600	0.3465	0.3975	0.2615	0.8799	1.7919	0.3077	-0.8619	-0.4097	-0.9142	0.3766	1.6386	0.4155	0.3313	0.0675	1.3551	-0.8419	1.3151	-0.0693