IC05	IC08	IC09	IC15	IC16	IC17	IC18	IC19	IC20	IC23	IC24	IC26	IC27	IC29	IC31	IC33	IC36	IC37	IC38	IC41	IC42	IC43	IC44	IC45	IC46	IC47	IC48	IC49	IC50	IC51	IC54	IC56	IC58	IC60	IC62	IC63	IC64	IC65	IC66	IC67	IC68	IC69	IC71	IC72	IC73	IC74	IC75	IC76	IC77
-0.1729	0.2952	-0.8117	-1.2564	-0.6975	-2.1694	-1.2411	-1.2364	-2.4326	0.0633	1.0789	-0.8476	-1.4113	-1.5505	-1.8663	-1.7623	-0.9295	-1.0129	-1.0078	-0.6342	-0.3506	1.0892	0.7451	-0.6610	1.1286	0.4746	-0.9406	-1.1235	-0.9103	-0.6506	-0.7006	-1.2746	-1.2105	-0.3212	-2.0204	-0.8551	-0.4846	1.3846	0.3876	-0.8787	0.1792	0.3680	0.1395	-0.1217	-0.7084	-1.2564	1.2905	-0.2486	-0.2470
-0.8618	-0.1221	-0.8849	-0.4858	-0.6233	-0.7920	-1.2075	0.1788	-1.4887	-0.6253	0.5573	-1.0773	-1.0749	-1.7652	-1.3658	-1.1011	0.3720	-0.7658	-1.4574	-0.1828	-1.0372	0.3777	0.7264	-1.1173	1.1753	0.4210	-0.7825	-0.3905	-0.6697	-0.8060	-1.3617	-0.3111	-0.6195	0.0775	-1.1483	-0.4028	-0.7238	0.6722	0.6705	-1.1590	0.0978	-0.0070	-0.0450	-0.3745	-0.1739	-0.0106	0.3320	0.0786	-1.9343
-1.1059	-0.6164	-0.7437	-0.4405	-0.2572	-0.5208	-1.4388	0.4949	-0.2630	-0.3827	-0.6646	-0.5258	-0.7110	-1.3769	-0.3482	-0.7728	-0.2457	-0.3417	-1.7526	-0.4518	-0.0048	0.1369	1.4609	-0.5551	1.3231	0.4911	-0.9235	0.0807	0.0529	-0.7531	-1.5820	1.2000	0.4950	-0.0957	-0.4904	-0.7601	-1.1225	0.7476	0.9526	-1.1227	-0.1738	0.4043	-0.3110	-0.2636	-0.0535	-0.5175	-0.5486	0.2168	-2.8019
-0.2186	0.8978	-0.2646	-0.0658	0.1936	-0.3001	-0.7503	-0.0205	-0.0097	0.2521	-0.0171	-1.2875	-0.9192	-1.5665	-0.3307	-0.8801	-0.8069	0.1565	-0.8939	0.4521	0.5460	0.0272	0.7188	0.3725	1.5732	1.0229	-0.7755	0.9184	-0.4228	0.7915	-1.2169	0.8764	0.3162	1.0528	0.4595	-0.8800	0.0866	1.5587	-0.3624	-0.5155	-0.6515	-0.9401	0.2915	-0.2708	-0.4632	0.0517	-0.2161	0.6678	-0.6988
0.3363	0.5837	-0.4044	-1.0254	0.1926	-0.3877	0.2279	0.4958	-0.1315	0.7403	0.2000	-0.6723	-1.3900	-0.8676	0.0121	-0.6777	-0.9207	-0.1546	-0.1763	0.5094	0.8218	-0.1103	0.0961	0.9165	1.5761	0.4941	-0.0850	0.6264	-0.3993	1.1713	-1.1585	0.0727	0.9362	1.0076	-0.5297	-0.8456	0.9324	1.3831	0.7982	0.1090	-0.4079	-1.0991	-0.0052	0.3269	0.0626	0.6209	0.6235	0.7953	0.1239
-0.1726	-0.1781	-0.3708	-0.7821	-0.1481	0.2053	0.1211	-0.0491	-0.1626	0.3529	0.5322	-0.6114	-0.5884	-0.9358	-0.3142	0.4327	-0.1634	-0.1383	-0.0710	0.4483	0.8360	0.2162	-0.0022	0.4156	1.5495	-0.0817	0.4039	0.4737	-0.1732	0.3277	-1.3436	-0.4366	1.2795	-0.8050	-0.6780	-0.2214	1.2554	0.1072	1.3336	-0.0526	-0.1871	-0.8489	-0.5334	0.4894	0.5292	0.0091	0.5871	-0.3344	-0.6227
-0.7214	-0.2996	-0.0790	-0.3617	-0.1784	0.1425	0.1581	-0.1280	-0.3164	-0.1442	1.7803	-0.3063	-0.9169	-1.5735	0.1961	0.8451	-0.1627	0.0226	-0.1375	0.6809	-0.2187	0.5204	0.3586	-0.2190	0.9105	-0.3353	0.3073	0.6595	0.0811	0.0294	-0.5323	-0.7273	0.9909	-1.3450	-0.5740	0.2248	1.0365	0.2531	1.4143	0.1408	-0.0257	-0.2982	-0.3088	0.3024	-0.0775	-0.1124	0.0495	-0.8429	-0.1631
-0.0442	-0.8860	-0.5351	-0.2202	-0.0801	-0.1581	-0.1245	0.4182	0.0162	0.0584	0.1867	-0.1169	0.4199	-1.0237	0.8733	1.7474	-0.6149	-0.2094	-0.1476	0.4792	-0.2765	0.2635	0.7671	-0.0201	0.1551	0.0211	0.0964	0.4331	0.1412	-0.2576	-0.3339	0.6673	0.5714	-1.4754	0.0874	0.4506	0.7244	-0.2013	0.2395	-0.4959	0.1282	-0.1457	-1.1718	0.3306	-0.3379	-0.4047	-0.8314	-0.2023	-1.0257
-0.0411	0.6183	-0.3307	0.2151	0.2555	0.5311	-0.3211	1.0976	-0.4513	-0.2717	1.4162	0.3573	-0.5498	-0.5158	1.2302	2.8214	0.3656	0.5665	0.1351	0.8142	0.7896	0.2505	0.6298	-1.1803	-0.5011	0.4729	-0.0265	-0.3962	0.5211	0.9970	0.0271	0.7659	0.0739	-0.9278	0.2830	0.5826	0.3703	1.4583	0.1319	-1.1164	1.1203	-0.0219	-0.4880	0.1877	-0.4124	0.4034	0.3186	0.2716	0.6884
0.0123	-0.3802	0.0893	0.2272	-0.0245	0.4120	-0.1171	0.3277	0.1057	-0.0865	0.1277	0.5574	-0.6766	0.8687	0.2883	1.3696	0.9298	0.4136	0.3298	0.3888	1.1749	0.2353	-0.5567	-0.7071	-0.3662	0.5106	0.7501	-0.3000	0.5590	-0.2995	0.1554	0.6249	0.0059	-0.6802	-0.0346	1.0072	0.5716	-0.3645	0.7112	-1.1289	0.6088	-0.5190	-0.5755	0.4992	0.4153	-1.0134	-0.9275	0.0375	-1.0894
0.1711	-0.0365	-0.3165	-0.1967	0.4197	0.3888	-0.1145	0.3859	0.0535	0.0974	1.6978	0.9407	-0.0701	1.1924	0.5491	1.2378	0.2848	-0.3844	-0.3869	0.5491	0.8774	-0.0153	-0.4421	-0.3913	-0.2649	0.2474	0.0655	-0.1643	0.3208	-0.8314	0.5273	0.4815	-0.0229	-0.8239	-1.1564	0.7204	0.9298	-0.5990	0.2961	-0.3262	1.0330	-1.3915	0.1642	0.4837	0.0821	-0.8174	-0.7250	-0.8003	-0.4787
0.3352	0.0540	-1.2171	0.3849	0.0517	1.1736	-0.2361	0.2975	-0.0008	0.7169	0.6477	0.5462	0.9104	1.7533	-0.1931	1.4987	0.2480	-0.3545	-0.0821	0.0084	0.2463	0.0438	-0.3818	-0.0981	-1.0253	0.1096	-0.1695	-0.5008	-0.0423	-0.1983	1.1140	-0.8952	-0.4315	-1.4756	-1.5436	0.0657	0.4676	-0.3626	-0.6694	-0.2187	1.1456	-0.4067	-0.8338	1.0633	-0.2797	-0.4769	-0.4460	-0.8377	0.2290
-0.2141	-0.0885	-1.0065	0.0012	0.2514	1.0387	-0.7705	0.3000	0.2126	0.1050	0.1915	0.4128	0.8071	1.7785	0.4646	-0.0690	1.2007	0.7187	-0.0156	-0.3890	0.0897	0.4608	0.4953	0.3645	-1.5443	-0.4659	0.0779	-0.8935	0.8749	0.1513	0.3449	-0.6811	0.6587	-0.9877	-0.8398	0.5332	0.0362	-0.3484	-0.0489	0.7871	0.2389	1.3829	-1.5756	1.0750	-0.0509	-0.1188	-0.6302	-0.1925	-0.2047
0.5161	-0.4386	-0.3206	0.6305	0.1664	0.4998	-0.3259	-0.1449	0.3077	0.3916	-0.7170	0.9755	1.6229	0.4878	0.0798	-0.9132	0.5216	0.7651	0.4853	-1.2209	-0.8051	-0.2296	-0.1143	-0.4387	-1.4975	0.0314	0.5249	-0.2941	0.1130	0.4801	0.2059	-0.6843	0.0316	-0.0543	0.8800	-0.0990	-0.0197	-0.0971	-0.7808	1.7023	-0.1279	1.0431	-1.4355	0.6511	0.5374	1.0081	-0.4246	0.0375	0.1208
0.7279	0.3062	-0.4337	-0.0509	0.4351	-0.4014	0.4669	-0.1073	0.0171	0.4478	-0.2206	1.2726	0.5057	-0.4946	0.6695	-0.6006	-0.6998	-0.2744	0.1086	-0.7746	-1.2526	-0.6964	0.0952	-0.4156	-1.0420	0.2903	-0.0380	-0.3369	0.1889	0.6961	0.1686	0.7830	0.1695	0.2790	0.7452	-0.4925	-0.1982	1.0577	0.0604	1.7920	1.1779	1.0738	-0.6234	-0.0333	1.1248	2.6714	0.2545	-0.4769	0.8265
0.3436	-0.4626	-0.9375	-0.2891	-0.7069	-0.2433	1.1966	1.1910	-0.6112	0.1392	-1.2392	0.1364	0.7444	0.4476	0.2471	-0.1041	-0.5941	0.1119	0.3236	-0.4572	-0.5242	0.5943	-0.3437	-0.0716	-0.3570	0.3356	1.2528	-0.9152	-0.4134	2.7284	-1.4474	-0.0508	-0.7353	-0.3258	1.1627	0.0958	-0.2296	-0.9050	0.0877	0.2540	0.7935	1.9201	-0.3221	-0.1372	1.7758	1.6240	-0.4504	0.9904	-0.1033
1.0936	0.5920	-0.3844	-0.0180	0.4451	0.0541	0.2281	0.7071	-0.2538	0.5777	0.5894	0.3051	-0.0552	0.7011	-0.0444	0.5718	-1.0222	-0.3555	0.2093	0.8466	-0.5769	0.6196	-0.0288	0.1913	0.4648	0.6630	0.6524	-0.3407	-0.3504	1.3174	-0.1656	0.0104	-0.7324	0.6836	-0.4247	0.3791	0.3033	-0.2979	-0.3240	0.8558	0.3574	0.1573	-0.2341	0.4732	0.4679	1.9604	0.4569	1.4733	1.3313
0.5858	-0.1907	0.8178	0.3992	0.2254	0.7822	-0.2256	-0.5713	-0.3142	-0.0402	-0.0263	0.1045	0.1114	-0.0326	-0.7652	0.0465	-0.1262	-0.0905	0.9322	0.1915	0.1343	0.4825	-0.1992	-0.1768	0.7485	0.1050	0.6994	-0.0688	-0.9914	-0.0073	-0.2627	-0.5132	-1.2073	-0.1952	0.3177	0.7040	-0.0373	-0.9238	0.0630	1.2757	-0.6426	0.1426	-0.9701	-0.0167	0.3123	0.9383	0.4503	0.4958	0.5352
0.1791	-0.3679	1.4670	-0.4036	-0.3116	0.0386	-0.1944	-0.2739	0.6894	-0.0099	-0.1818	-0.0605	-0.0711	0.0647	-0.7115	-0.3245	-0.9436	0.1118	0.8774	-0.2241	-0.4092	0.0990	-0.4828	-0.0590	0.3771	-0.4738	-0.1082	0.2851	-0.4246	-0.4827	-0.0186	-0.9307	-0.5998	-0.3708	1.0746	0.7246	-0.5264	-0.2369	0.2443	1.3486	-0.9905	0.6906	-0.3669	-1.0053	-0.3136	-0.1476	0.1951	0.2679	0.5770
-0.0204	-0.3114	2.0841	-0.3395	0.1310	-0.6755	-0.2524	-0.3844	0.5026	-0.8813	-0.2215	-0.4745	1.2320	-0.0753	-0.6360	-1.0635	-0.4251	0.5683	0.3451	-0.0703	0.7577	0.3747	-0.0505	-0.0717	0.8735	-0.1520	0.6884	0.7477	0.5702	-0.9419	-0.5549	-0.2195	-0.6827	0.1518	1.2396	1.3525	-0.0185	-0.6817	0.3527	1.1045	-1.3587	0.4373	0.0535	-0.8938	-0.2153	-0.3737	-0.0138	0.7349	0.2769
0.7668	-0.7753	0.8068	-0.3001	1.1709	-0.5979	0.4420	-0.7599	-0.2611	-0.2283	0.1915	-0.3576	0.6835	0.0447	0.2043	-1.4768	-0.5934	0.5689	0.9062	0.3743	-0.7493	0.2296	0.1239	1.0809	0.2309	1.2109	1.1796	0.4547	-0.1487	-0.5665	-1.3027	0.3428	-0.4973	2.1082	1.1513	0.7544	-0.2019	-1.7556	-0.3553	0.8496	-0.9942	-0.6090	0.0595	0.3392	-0.2583	0.4682	-0.2616	1.7163	0.0505
-0.0809	-1.1432	0.4331	-0.3051	1.0222	-0.5751	1.2537	-0.2566	0.3954	-1.0123	-0.3219	0.0690	0.4391	0.2669	0.6093	-0.7915	-0.0237	0.9975	0.4731	0.6430	1.3898	0.1625	0.2318	-0.0955	-0.0943	0.2356	1.0377	0.6751	0.4864	0.1033	-0.1326	1.0476	0.2927	1.8830	-0.3462	-0.1576	-0.7605	-1.3372	-0.4837	0.7460	-1.0730	0.4087	0.1510	-0.3861	-0.6123	-1.1829	-0.9576	2.1749	-0.2884
-0.0781	-0.7447	0.7102	0.2170	0.8540	-0.2526	0.6442	-0.5252	0.6668	-0.2378	-0.3039	0.2891	-0.8912	0.7457	0.1108	-0.9385	-0.0144	0.9386	0.9619	0.3659	0.3864	-0.8450	-0.1697	-0.4218	-0.9062	0.3293	0.4100	0.3930	0.0621	-0.2926	0.6478	0.1497	0.5503	1.7190	-0.8079	-0.4957	-1.2957	0.0223	-0.7320	0.2995	-0.2963	0.5960	0.2875	-0.2819	-1.2015	-0.8532	-0.2270	0.6171	0.8840
-0.1399	-0.2593	1.4033	0.7142	0.4549	0.3859	-0.1182	-0.6332	1.3311	-0.5923	-0.8536	0.2038	-0.0960	0.8237	0.8162	-0.0188	0.3963	1.1028	0.6042	-0.3800	0.3952	-0.9181	-0.1296	-0.4200	-0.5053	-0.5953	0.5839	0.6177	-0.6761	-0.0506	1.9161	0.0874	0.5892	-0.0824	-0.7611	-0.1156	-1.2633	-1.0358	-1.0449	0.5087	0.0219	0.4428	0.2817	-0.0968	-1.4412	-1.7894	-0.5743	0.3219	0.7321
0.2127	-0.6665	0.4032	0.4494	-0.1778	0.2859	-0.1480	-0.2976	0.7840	-0.2474	-0.4073	0.6903	0.3226	1.4704	0.6721	-0.2640	0.6433	0.3775	0.3897	-0.9543	-0.1676	-0.9772	-0.4436	0.4175	-1.6552	-1.0820	0.5411	-0.3792	-0.2762	0.2064	1.9528	-0.6533	0.2263	-0.2348	-0.1004	0.2914	-0.3729	-1.6220	-0.7354	0.3007	-0.5079	-0.0245	0.5310	0.1046	-1.0093	-1.3185	-0.2512	0.9616	0.7975
0.2932	-0.0782	0.5750	1.2788	-0.1875	0.5048	-0.0824	-0.1682	0.1875	-1.2632	-1.0679	1.1014	1.4728	0.9365	-0.1643	0.2758	1.2689	0.7285	0.8008	-0.5094	1.1369	-0.3172	-0.7763	-0.3400	-1.5552	-0.9712	0.9511	-0.2314	0.6867	0.2901	1.7214	-0.1859	-0.8293	-0.2352	1.0352	0.4848	-0.4274	-2.3207	-1.1949	-0.2496	-0.7777	0.7941	-0.2420	0.4278	0.2263	-0.3685	-0.4746	0.5270	0.2844
1.1478	0.8085	0.7164	1.9086	0.4452	0.3484	-0.0916	-0.2361	0.7948	-0.1829	-0.7626	1.4632	0.9798	0.8888	-0.6042	-0.3916	0.1150	-0.0303	0.4168	0.1756	-1.0736	-1.3049	-0.8867	-0.1237	-1.8849	0.6837	-0.4900	0.6058	0.3899	-0.4721	1.3869	0.6331	-0.6652	1.6928	0.4629	0.4031	-0.1057	-1.1349	-1.3943	-0.4233	-0.0797	-0.5478	0.4900	0.1555	-0.5644	0.0193	-0.2590	-0.0584	1.7165
0.7482	0.9814	2.4890	0.5508	-0.3104	-0.0580	-0.1331	-0.2485	0.9389	-0.2650	-1.0245	0.2238	1.3398	1.2458	-0.8557	-0.0069	0.3485	0.7891	0.6616	0.1142	-0.3344	-0.2890	-1.4637	-0.2157	-0.6046	-0.3002	-0.6529	0.9494	0.7189	-0.1210	0.7272	0.2771	-0.7224	1.3690	0.9374	0.8259	0.2519	-1.0914	-1.0063	-0.4873	-0.4432	-0.8592	0.5535	-0.2076	-1.2789	-0.6651	0.1468	-0.2473	1.9226
0.3345	0.4898	1.7318	-0.0299	-0.0729	-0.7014	0.6427	0.1396	1.1065	0.4152	-0.7296	0.8867	0.3543	1.3366	0.2868	-0.7473	0.0299	0.4398	0.5073	0.3353	-0.8829	-0.3150	-0.3968	0.1190	-0.3296	0.0377	-1.0910	0.2770	0.7872	-0.6478	1.6846	0.6558	0.2213	0.2253	0.7675	-0.7373	0.1136	0.2224	-0.2839	-0.6311	-0.1554	-1.1970	0.9234	-0.2741	-1.1121	-0.2719	0.9755	-1.1918	1.8526
0.1080	-0.3262	0.9013	0.3492	0.8883	-0.1853	0.3924	0.1990	0.7312	-0.8059	-0.8274	0.7527	-0.2789	0.5019	1.5146	-0.1896	0.9101	0.1262	-0.0267	0.1883	0.5370	-1.0426	0.6793	-0.4313	-0.2786	0.1246	-0.7620	-0.2647	0.9980	-1.1092	2.0313	1.5303	0.7507	-0.5115	0.6399	-1.2063	-1.1891	-0.0568	-0.2358	-0.2192	-0.1536	0.0435	0.4344	0.5494	-1.8849	-0.2904	0.5970	-0.7368	0.8342
0.4962	-0.3718	0.8476	0.6632	0.2652	0.0847	0.2014	0.1284	0.8267	-0.0294	-0.8253	0.2775	-0.0760	0.1879	0.3900	0.2329	1.0397	-0.1581	0.0302	-0.3986	-0.3470	-1.3462	0.0300	0.2942	-1.1249	-0.2638	-0.3711	-0.1261	1.0580	-1.6457	2.0177	-0.0461	0.9512	0.3842	1.2425	-1.0264	-0.5127	-0.4399	-0.7272	-0.2019	-0.4178	0.2193	0.2772	1.2403	-1.2921	-0.7553	0.2001	-0.4833	0.1048
0.4220	0.3334	1.5059	1.0726	0.1148	0.2702	0.0497	0.1501	0.7294	-1.1686	-1.2304	0.6587	0.3405	0.0571	0.2366	0.3045	1.3721	0.0048	0.2694	0.1274	0.3110	-0.7056	0.1696	0.2745	-0.5603	-0.4432	0.0676	0.5591	1.0163	-1.3250	1.1199	1.1720	0.5135	0.4859	0.8238	-0.1469	-0.2616	-0.4013	-0.5244	-0.7964	-0.4157	-0.2960	0.1792	0.8139	-0.0974	-0.1787	-0.2891	-1.1968	-0.0301
1.4465	-0.5062	1.0293	1.2052	-0.2158	0.1256	0.6561	-0.7901	0.4276	-0.5488	-0.4674	0.8316	-0.1057	0.0129	0.1024	0.4018	1.1733	-1.0017	0.3706	0.5388	-1.3876	-0.6492	-0.5621	1.4458	-1.1399	0.2489	-1.6222	-0.6755	-0.4307	-0.8907	0.6176	1.1856	0.8661	0.8105	-0.1642	-1.1108	0.3356	0.1660	-0.4306	-0.6627	0.3027	-1.0655	1.1411	0.1583	-0.0354	-0.0926	0.0573	-2.5025	0.1108
0.7324	-0.3788	1.3247	1.0201	-0.2112	0.7120	0.3133	0.0185	0.1900	-0.9170	-0.6075	1.5568	-0.1204	-0.2817	0.3034	0.7578	1.3334	-0.8181	0.0311	0.4764	-1.4151	-0.2250	0.0548	1.5169	-0.6697	-0.4637	-2.7664	-1.0945	-0.7394	-0.9545	0.7751	1.8349	0.8165	-0.4673	-1.3608	-1.4905	-0.1281	0.9097	-0.2475	-0.8557	0.1989	-0.9330	0.8780	0.0706	-0.7063	-0.1097	0.6116	-3.5961	0.2296
0.5060	0.1498	0.1303	0.2895	-0.2128	0.6418	0.7857	-0.3602	0.3254	-0.2309	-0.3383	0.8600	0.3404	-0.0475	0.2781	0.2341	0.8921	-0.8409	0.3058	0.2236	-1.6352	-0.6174	-0.0269	1.2736	-1.1167	-0.5568	-2.0064	-0.5323	-1.2835	-0.9538	0.4882	0.8601	0.1103	-0.2597	-1.4053	-0.4731	0.2816	-0.3115	-0.9482	-0.3078	-0.3103	-1.6158	1.2414	0.5315	-0.0180	0.0223	0.6550	-2.5639	0.1372
0.3542	1.3904	0.0752	0.1854	-0.1284	0.0488	0.8366	0.0794	-0.4495	0.0749	0.6696	0.4768	1.1457	0.1451	-0.0509	0.9195	1.4351	-0.2919	-0.0872	0.1523	-0.6676	-0.5107	-0.6918	-0.4230	-0.8349	-0.5530	-0.9712	0.2668	-0.8250	0.5028	1.3703	-0.8756	-0.2875	-0.1555	-1.1859	0.5685	-0.1289	0.6562	-1.7990	-0.2782	-0.3079	-1.6138	0.9307	1.2937	0.3230	0.0852	0.5519	-1.1586	0.8153
0.6956	1.0256	-0.8233	0.2673	0.1444	-0.4984	0.5599	-0.2129	0.4248	0.6090	-0.0786	0.7259	0.7845	1.2937	0.2898	0.3647	1.1632	-0.4665	0.1557	0.1499	-0.3080	0.6506	-0.2421	0.8344	-1.6722	-0.1637	-0.3997	-0.7210	0.3596	-0.7564	1.2853	-0.8062	0.6184	0.1041	0.3423	0.5476	0.5507	0.3647	-1.7843	-0.3326	-0.3686	-1.1984	0.9135	0.0657	0.5670	-0.4325	-1.2341	-1.5177	0.1985
-0.7469	1.6747	-0.0523	0.0510	-0.1646	0.0989	0.3887	-0.5940	-0.1344	-0.1621	-0.2132	-0.2128	1.5263	0.6288	0.7787	0.3311	1.2627	0.1544	0.6259	-0.0733	1.3223	1.3302	-0.1066	0.6273	-0.9462	-0.7517	0.1329	0.1931	0.5877	-0.4329	0.4720	0.2172	0.5160	-0.1926	0.5061	0.5635	-0.1844	0.8058	-1.6698	-0.4678	0.1369	0.0377	0.7236	-0.9694	1.0830	0.3322	-1.3992	-1.4985	-0.6093
-0.4978	1.7073	-1.2760	0.1541	-0.5720	0.2050	0.9557	-0.6091	-0.4292	-0.0543	0.6773	-1.2469	1.1943	-0.1833	0.2971	-0.5855	-0.1440	-0.7487	0.1664	-0.3247	0.2763	1.0647	-0.7701	0.9853	0.3587	-0.3901	0.9478	0.3995	-0.2097	-0.7627	-0.7160	0.0492	0.1931	1.0139	-0.7810	0.4748	1.1088	0.9228	0.1600	-0.4916	1.6619	0.4487	1.6826	-0.9560	1.0880	0.2847	-0.8627	-0.5326	-1.5840
-1.6697	1.3089	-1.0838	-0.2306	-0.6804	-0.2500	0.6641	-0.3539	0.1333	0.7461	1.1949	-2.6907	0.7390	-0.9938	0.6530	-0.7440	-0.4361	-0.3671	-1.4551	-0.4809	0.9595	0.8227	-0.2250	0.7964	1.5772	-1.1755	1.0009	0.1492	-0.2346	-0.0124	-1.5699	-0.3020	1.3144	1.1359	-0.9794	0.7201	1.5160	2.1284	0.7362	0.3600	1.6096	0.8869	1.8374	-1.5654	0.9858	-0.1918	-0.7687	0.6372	-1.6122
-2.8413	0.8952	-2.1015	-0.5958	-0.0984	0.4262	-0.2659	0.2426	0.1994	0.7910	0.5188	-2.1282	-0.4350	-0.4493	1.0937	-0.7278	-0.8282	-0.0757	-1.5887	-0.0964	-0.1051	0.4739	1.6396	1.1656	1.0508	-1.0470	1.0730	-0.5251	0.6486	1.0266	-0.7251	-0.5541	0.8765	0.8746	-1.3680	0.0940	0.4136	1.0506	1.1489	-0.1266	0.8441	1.5471	0.9145	-0.3704	2.0808	1.1223	1.5308	1.2423	-0.1545
-1.0275	0.9391	-0.2439	0.3294	0.4222	0.6545	-0.3247	-0.5148	-0.4021	1.0697	-0.8689	-2.1165	-0.0218	-0.5459	0.4973	-0.1278	-0.1234	-0.2442	-0.7184	0.4100	0.2112	0.3573	1.0654	0.6080	2.0011	0.2949	1.3292	0.9358	-0.0489	0.3636	0.4327	-0.3489	0.4046	0.2321	-0.1250	-0.5307	1.0310	2.2981	1.4057	-0.5600	1.0757	0.9697	0.9847	-0.7421	2.2200	1.1451	1.4353	0.9792	0.6321
-0.5991	0.7592	-1.1765	0.2539	-0.0200	0.1791	0.4960	-0.7399	-0.8261	1.1608	-0.2137	-1.6693	-0.9531	-1.0991	-0.0928	0.4356	0.0297	0.0246	0.2924	0.4566	-0.6058	0.7218	0.4917	0.8197	0.7862	-0.2642	1.4574	0.4607	-0.0983	0.2035	0.4990	-1.4448	0.2677	1.7642	1.0770	-0.9366	1.3126	1.4474	1.0687	-0.8007	1.3926	1.4054	1.3900	-0.1099	1.9701	1.5983	1.9559	1.4912	1.4929
-0.8607	0.0190	-0.7412	0.3926	-0.3625	0.0655	0.6639	-0.4289	0.7654	-0.3332	-0.6600	-1.3028	-0.4844	-1.4545	-0.6580	-0.6725	-0.0915	1.0473	0.9494	0.0986	0.6042	0.6846	0.3279	-0.1849	1.0525	-0.8807	1.6271	0.5882	0.6997	0.8602	-0.9612	-0.8516	0.5180	0.7710	1.5120	0.3800	1.0882	-1.1162	0.3440	0.6265	-1.2667	2.0405	-0.0974	0.0687	0.6326	0.3266	0.3294	1.3909	0.4259
0.1202	-0.1058	-0.5231	-0.1283	0.4309	-0.4505	0.5887	-0.0430	1.3664	0.4303	0.7148	-0.9011	-0.9714	-1.5368	-0.3490	-1.3376	-2.3066	0.3694	1.4487	0.1898	-0.2247	-0.5246	-0.1081	-0.2479	0.9222	-0.1168	0.4716	-0.2491	0.9654	1.4802	-1.7796	-0.5365	0.2225	2.1436	1.8729	0.0776	0.8775	-1.1763	0.4245	2.2789	-1.2850	1.3922	-0.1416	0.0023	-0.4111	0.4107	0.9400	1.5165	1.2478
0.3945	-1.2366	-0.5316	-0.1680	-0.2153	0.1138	0.8015	0.3293	0.9640	0.6403	-0.0560	-0.3194	-0.5146	-0.1467	-0.4472	-0.3840	-2.2942	-0.5938	0.8944	-0.0211	0.6607	-1.3026	-0.7789	-0.1876	0.9077	-0.1313	-0.6808	-0.4586	1.6285	1.1952	-0.5261	-0.7083	-0.4840	1.0901	1.9758	-0.3376	0.5425	-0.7595	0.5842	1.8079	-0.9691	1.0790	-0.3868	-0.8980	-0.1526	-0.3651	1.1420	1.5746	0.7692
-0.1061	-1.2789	-0.6747	-1.7429	-0.6191	-0.9530	0.7278	0.3254	-0.3637	0.8150	0.4992	-0.1627	-1.2796	0.6797	-0.6262	-1.3672	-0.8784	-0.9995	0.8078	-0.3593	0.8955	-1.1061	-0.8123	0.2467	0.6288	-0.0001	-1.2631	-1.1967	1.5950	0.0330	-0.4381	-1.0057	-1.7041	-0.0301	1.5001	0.3530	-0.1648	-0.2194	1.2127	0.8421	-1.2245	0.2850	-0.1070	-1.2235	1.0306	1.3536	1.5856	0.7773	0.5873
-0.2462	-2.2155	0.5668	-2.1341	-0.8413	-1.9763	0.8069	0.0295	0.5416	-0.3977	-0.4760	0.3356	-1.0125	1.1542	-0.4743	-1.3801	0.3511	-1.3786	-0.2853	-0.7729	1.4107	-0.6086	-0.2172	-1.3236	1.0232	-0.4377	-1.2711	-0.2739	0.9558	-0.8702	1.3358	-1.5861	-1.1302	-1.9556	0.5358	0.5730	-0.7943	-0.7742	1.4535	0.7381	-1.4770	-0.7431	-0.4337	-1.4016	0.9904	-0.8192	0.6152	-0.0309	-0.6666
0.5833	-0.5163	0.2979	-1.3691	-0.7060	-1.2307	1.2836	-0.1087	0.1511	-0.7761	0.1918	0.5208	-1.1580	0.5973	-0.8024	-0.4197	0.4061	-1.6370	-0.4144	-0.3886	-0.6067	-0.4107	-0.2787	-2.1643	0.9574	-0.3945	-0.9940	0.6919	-0.5365	0.1646	1.0293	-1.6624	-1.4090	-1.2968	-0.3550	0.5097	-1.0745	-0.4195	1.4481	0.1522	0.1047	-1.9359	-0.2089	-0.7435	-0.0306	0.6691	0.6460	-0.6002	0.0003
-0.8204	1.0502	-1.1067	-1.4073	-0.4145	0.1438	0.0998	0.5495	0.0504	-0.0508	-1.1012	-0.7412	-1.4461	-0.3269	-0.8473	-0.3523	0.1004	-0.5260	-1.3196	-0.5942	-0.4365	-0.5256	0.0208	0.2613	0.4204	0.0238	-0.4367	0.6136	-1.3294	0.1749	-0.9674	-0.5500	-0.4474	-1.1109	0.4491	0.1698	-0.9795	0.3641	1.3250	0.2136	0.0607	-0.6113	-0.1790	-0.0547	-0.3425	0.5617	-0.0018	0.4217	-1.6443
-1.0476	2.3343	-0.8020	-1.5717	0.1657	0.2381	-0.4473	0.7264	-0.3958	0.2645	-1.0282	-0.5924	-1.1510	-0.7186	0.1185	0.4006	-0.3809	-0.1348	-1.6854	-0.1979	-0.2431	-0.5170	0.8148	1.4362	0.9317	0.2359	0.0178	0.7279	-0.8429	0.8422	-1.2157	1.3660	0.4070	-0.5023	0.8295	-0.1112	0.0074	1.0795	1.2267	0.5349	0.7811	-0.2573	-0.2472	-0.2491	0.6273	0.8670	0.3995	1.4207	-1.9245
-0.7088	1.1106	-2.0555	-2.0360	0.0041	0.1181	-0.7548	0.3310	-0.1089	0.2695	-0.3667	-0.5307	-1.1898	0.2038	0.0479	0.8394	-1.3676	-0.9589	-1.2092	-0.5931	-0.1298	-0.4868	1.1713	1.0940	1.4127	-0.2553	0.3190	-0.1804	-0.5058	0.5759	-1.1784	0.8885	0.7190	-0.1880	0.6362	-0.5569	0.5746	0.0703	0.0847	0.8225	0.7094	-0.2846	0.1607	-0.4021	0.0206	-0.3487	0.2864	1.3412	-2.2049
-1.7886	0.0951	-1.4097	2.0107	0.1255	3.2410	-1.0764	0.5683	0.2694	-0.5937	0.6020	-0.1718	-0.0756	0.6291	0.0331	1.0197	-1.5644	0.8689	0.3027	0.4826	0.6574	-0.1424	1.2946	-0.7766	1.5347	-0.6573	1.3746	1.7485	0.3208	1.9073	-1.0577	0.2322	-0.3029	0.3191	0.4885	0.0258	-0.0420	0.4947	-0.3249	-0.3694	-0.0080	0.7686	-0.6028	-1.4925	0.6054	-0.5793	-1.4742	-0.0741	-1.2903
-3.8978	-1.2300	-0.8710	2.2104	-0.2934	2.0633	-2.1896	-1.3093	-1.7980	3.7126	0.7950	-2.6627	-0.0433	-0.1592	-0.4884	1.5028	-1.5173	1.2272	0.8518	0.7205	-0.4942	1.4009	-1.7616	0.5666	-0.0361	0.3684	1.7542	1.9751	-1.6049	2.3500	-0.2290	-0.9533	-1.7776	-0.6573	2.2573	0.8301	-1.7333	0.6105	-1.1789	-0.5861	-0.0303	0.2116	0.5040	-1.5127	1.6995	-1.1491	-3.9085	-0.9398	-0.1380
-2.2421	-0.3674	-1.7893	1.6525	1.1372	0.5907	-1.8506	-1.7339	-1.2537	1.9296	2.6431	-1.5605	0.8784	0.2284	0.9609	2.2692	-0.0249	0.4722	-0.4016	1.2869	0.2442	1.3532	0.1317	1.0012	-1.7927	1.1808	0.8262	0.8188	-1.4744	1.4770	0.7077	0.7376	0.4121	-0.1782	0.9123	-0.4231	-0.7305	0.9750	-0.0351	0.4350	2.7752	1.3107	1.3145	-0.1583	-0.4872	-0.7825	0.4718	1.3272	-0.2834
0.7203	-0.0967	0.1140	1.5319	0.4565	-0.1917	0.2944	-0.5679	-0.3069	1.2664	-1.2437	0.0617	-0.9047	-0.2685	1.0393	3.3354	-0.9479	0.1748	0.9891	0.4048	-0.7374	0.3004	-1.0537	-0.4853	0.3019	-0.6918	0.8395	0.8457	-0.9232	0.4132	-0.7512	0.4693	1.4877	-1.0642	1.5258	-0.1020	0.8966	0.1343	-1.2843	0.4029	1.5496	1.2585	0.7088	-0.1720	1.1934	0.6893	-0.7941	0.1230	-0.0229
0.7590	0.3694	3.1691	0.8344	0.5142	0.7632	0.1717	0.9585	-0.6760	0.8985	0.8351	1.9245	-0.2855	0.6782	0.8320	0.7642	0.0079	0.4524	0.6828	0.2970	-0.1406	0.1880	-0.7141	-0.0792	-0.5440	0.6219	0.2140	1.0008	-0.4017	1.5963	-0.2939	-0.2700	1.6305	-0.1039	0.3100	0.1525	0.1403	0.2894	0.3214	1.0999	0.0708	0.8043	-0.5929	-0.7787	0.4728	0.8739	-0.4710	-0.9938	1.0006
0.4526	0.8556	2.6818	-0.3350	-1.7272	0.5505	0.3216	0.1630	-1.1812	1.3101	2.0710	1.2948	0.7007	-0.3690	0.0325	1.4416	-0.6309	0.1042	-0.5831	-0.8315	0.4853	0.0161	-0.2269	1.1353	-0.5579	0.2971	-0.0574	-0.2532	-1.4201	1.6616	-0.4171	-0.3443	0.2340	-1.0324	-0.9246	-0.6624	1.2859	0.1595	0.3254	0.5346	0.4123	-0.2202	-0.0506	-1.7254	0.6912	0.4870	-0.0052	-1.4910	0.5546
-0.0141	-0.2655	-1.3382	-1.8888	-3.1430	-0.5872	-0.3819	0.5934	-2.0091	1.7315	2.3725	0.2326	-0.5550	-1.4923	-1.5550	-0.1638	-1.4174	-0.6141	-1.4505	-1.7184	-0.8411	-0.3608	-0.5230	0.1335	-1.7440	-1.4522	-1.3471	-2.8937	-2.0179	-0.6718	-1.3296	-1.4837	-2.2232	-2.5325	-2.0148	-0.7349	0.1391	-0.8086	0.9190	-1.7144	0.8457	-1.2526	0.2475	-1.2395	1.4172	0.6792	1.0216	-1.8674	0.3346
0.2557	-2.1446	-2.2678	-2.0190	-2.5501	-0.9002	-1.0350	0.3792	-2.1739	-0.0665	0.0510	-0.5771	-0.6658	-1.9433	-2.0020	-0.4909	-1.4284	-1.0755	-2.1823	-2.3303	-2.2176	-0.0980	-0.9412	-1.4425	-1.7077	-0.9424	-2.3823	-2.5808	-2.3537	-1.7409	-1.5361	-1.3853	-3.2262	-3.4694	-1.6977	-0.8987	-2.0772	-0.8802	-0.0027	-2.1621	-0.4107	-1.7191	-0.9862	-1.0383	-0.2146	-1.0853	-0.1465	-2.1421	-1.1090
-0.3652	-1.7187	-1.8360	-1.5048	-2.6005	-1.5979	-1.2777	1.1196	-2.4886	-1.1305	-0.3141	-1.6214	-1.0849	-0.8444	-3.5858	-0.5565	-1.0399	-0.6499	-1.7048	-2.4046	-1.2851	0.2552	-2.0064	-1.7578	-1.2830	-1.1810	-2.5154	-2.8155	-0.9846	-1.4835	-1.5127	-1.7246	-3.9607	-3.2517	-0.7061	-0.7968	-2.0505	0.4339	-0.5639	-2.5351	-0.4904	-0.2706	-0.4724	-1.9321	-1.2962	-0.6871	-0.1546	-1.6265	0.0500
-0.7279	-2.2605	-1.3423	-0.3606	-2.1485	-0.6059	-0.5902	0.2693	-1.7229	-1.0141	-0.7581	-1.7069	-0.1192	-1.2085	-3.3458	0.3846	-1.2188	-0.4020	-0.8675	-1.9354	-1.4405	0.2988	-1.9886	-2.1507	-0.0936	-0.7860	-1.8149	-2.1928	-1.1621	-1.9125	-2.2454	-1.1215	-3.7586	-1.9309	0.3489	-1.4446	-2.3851	-0.6331	-1.3454	-2.8258	-0.7716	-0.7551	-0.6870	-1.5281	-0.7059	-1.7508	-1.5437	-1.4583	-1.0890
-0.2869	-1.0808	-0.1482	-1.5833	-0.3552	-1.3454	-0.2741	0.7036	-0.2840	-0.5854	-2.6390	0.4300	0.5243	-0.6125	-0.8102	0.2692	-0.9101	0.0725	-0.9748	-0.7562	-0.6004	0.3085	-0.5215	-2.6185	0.3799	0.0495	-1.8456	-1.5441	-0.2338	-1.8182	-2.1815	1.0136	-1.9593	-0.3905	-0.7387	-2.0486	-3.2753	-0.3004	0.2589	-2.5188	-0.4976	-0.0835	-1.3916	0.4483	-0.2440	-0.1534	-0.2906	-0.5675	-0.6436
0.9648	-0.6627	0.3649	-1.4884	0.3391	-1.5801	-0.6030	0.6780	0.7794	-1.3894	-0.9176	0.7971	0.6222	0.6212	-1.3735	-0.0373	-0.5431	-0.0707	0.0209	-0.2573	1.3131	0.1010	-0.8212	-2.1540	-0.6936	1.2095	-1.0456	-1.1426	0.6902	-1.0813	-0.9871	-0.0158	-1.5084	-0.4218	-0.8818	-1.4725	-1.4333	-0.6546	-0.5591	-0.1175	-1.0794	-1.2293	-0.4519	0.8490	-1.2283	-0.7360	0.4250	0.3107	0.2830
1.6858	0.2734	0.8159	0.2363	0.5274	-0.1761	0.0026	1.4363	1.0997	-0.9092	0.6854	0.8665	0.3700	1.4341	-0.9638	0.2723	-0.3626	-0.2848	0.2455	-0.3858	-0.3147	-0.9217	-0.8875	-1.8271	-1.5570	1.1336	-1.5167	-0.3734	1.8573	-0.5136	1.3162	-1.0076	-0.4788	-0.6418	-1.2282	-1.7276	-1.0708	1.0123	-1.2070	-0.3224	-0.5536	-2.1880	-0.0885	1.2522	-2.0812	-0.2404	0.9810	-0.0038	1.4776
1.7442	-0.9090	0.5980	-0.3100	0.5328	-0.3823	-0.4818	1.0261	1.2715	-1.1985	-0.5148	0.3445	1.0582	1.5611	-0.4612	-0.2288	0.5822	0.1523	0.6842	-0.9903	0.2472	-0.5885	-0.1797	-0.2528	-1.6244	0.2537	-0.2431	-1.0128	2.1825	-1.0943	1.2751	-0.7013	0.6315	-1.1003	-0.4061	-1.3952	-0.6447	0.2067	-0.4339	-0.2796	-1.1364	-1.9082	-0.9427	2.0143	-2.3997	-1.1233	0.2845	0.4178	-0.1106
1.3544	-0.8449	0.9008	-0.5098	0.3627	-0.6062	-0.7000	0.8477	0.7994	-1.0299	-0.0325	1.7700	0.4861	0.9354	-0.1092	-0.6398	0.9991	0.3569	0.6974	-0.3373	1.6884	0.2760	0.6695	-0.0882	-0.9869	-0.1693	-0.5608	-0.8932	2.7263	-1.7859	1.1442	-0.2522	0.3898	-0.0171	-0.3157	-1.2431	-0.1428	-0.2587	0.3650	-0.1788	-1.2585	-0.8085	-1.0230	1.3950	-2.2879	-1.2977	0.6054	0.1111	0.3641
0.7916	-1.0894	0.4749	-0.2471	-0.1657	-0.2451	-0.6056	0.3512	-0.0009	-0.7278	-0.6706	1.8165	-0.3773	-0.0918	0.0086	-0.7934	0.6267	0.3838	0.5967	-0.2542	1.5520	0.9109	0.2224	0.7441	0.4588	-0.3761	-0.0730	-0.3811	1.2720	-2.1849	0.1293	0.6214	0.3338	0.5337	-1.1047	-0.8521	0.1300	-0.8765	0.5003	-0.6359	-1.2923	-0.1793	-1.0185	0.5371	-1.4822	-1.2366	-0.9210	-0.3100	-0.8321
-0.4207	-0.6928	0.9118	-0.0413	-0.3918	0.5460	-0.3713	0.9215	-0.5932	-1.0017	-0.2760	1.2223	-0.0568	-0.2631	0.2985	-0.8104	1.3554	0.9928	0.5072	0.2984	1.0968	1.1989	0.0126	0.3342	1.0903	-0.0922	0.9848	0.0266	-0.2628	-1.0003	-0.1211	0.1584	-0.5715	1.0373	-1.0984	1.2284	-0.2145	-1.4666	0.4254	-0.5288	-1.1145	-0.1135	-0.7718	0.0458	-0.5383	-0.0994	-1.3354	0.2092	0.2230
0.2122	-1.3448	0.3880	-0.1512	-0.0573	-0.8857	0.1278	0.6208	-0.0807	-1.4625	-0.5779	0.4570	0.9933	0.5768	1.1504	-0.4729	0.7633	0.2233	0.2621	1.4001	-0.3070	0.5093	1.5560	-0.0236	2.2496	-0.0699	1.7560	-0.0691	-1.2973	-0.6019	-0.5532	0.0495	0.4616	1.0276	-0.7830	1.8942	0.3139	-1.0243	-0.1792	0.3109	-0.2799	0.1435	-0.8799	1.9281	-0.5674	-0.4023	-1.6535	1.6734	-0.2092
0.3482	0.8569	0.6229	0.0422	0.9309	0.9645	0.2354	-0.2485	-0.1545	-1.5167	-0.9329	0.4983	-0.3097	0.4633	1.5318	-0.4912	1.0245	1.7397	-0.3053	1.3510	0.7564	0.1980	1.3551	0.5316	1.5096	0.0293	0.7761	1.3178	-0.7540	0.4379	0.2611	-0.2659	0.4771	0.6727	-0.9361	1.4805	-0.6138	1.2154	0.5814	0.1401	0.1171	1.3314	-0.9049	1.2715	0.1879	-0.0674	-0.6475	1.1977	-0.7863
1.6735	2.4524	-0.5618	1.0751	1.3979	1.2542	-0.4939	-0.2301	0.0258	0.4258	-0.3887	0.3625	-0.9245	-0.5625	0.5447	-0.0527	0.4169	1.8693	-0.7400	1.2238	0.6480	0.1591	1.1030	1.8081	0.1714	1.4360	1.4873	2.0077	-0.8414	1.5187	1.2977	0.2066	1.0944	1.0609	-1.1077	0.5485	0.6396	1.9315	0.9778	0.3533	1.0473	1.7090	-0.4059	1.7901	-0.1043	0.5239	-0.7178	1.5351	-0.9328
1.2045	1.8701	0.2439	0.5766	1.5879	0.0608	-0.1505	0.7018	-0.0576	0.1153	0.1659	0.4106	-1.3511	-1.1093	0.4469	-0.0273	0.6064	1.1646	-0.1335	1.1056	0.8646	0.7988	0.9247	0.4744	0.4527	0.4696	1.6144	1.5453	-0.0635	0.7818	0.9182	1.0497	1.9687	2.0047	-1.6476	1.2461	1.5348	0.3666	1.5313	0.8834	0.9063	1.7650	-0.3111	1.2005	-0.5084	1.1578	-0.7468	1.7746	0.6283
0.8433	-0.4935	0.9314	1.1340	1.0518	0.3577	0.2703	-0.3466	-0.8146	0.2560	-0.5881	0.4624	0.6519	-1.6991	0.0172	1.1306	0.3919	1.0495	0.4449	-0.0470	-0.0191	1.4894	-0.7880	0.8683	0.8488	0.1145	1.8191	1.5186	-0.7696	1.7690	0.1520	0.2078	0.4591	1.4489	-0.8536	2.2482	1.4646	-2.1470	1.0468	0.8941	0.0228	1.6908	-0.6929	-0.1998	0.9843	0.0511	-0.6060	1.5652	-0.2534
1.9191	-0.4860	-1.0069	2.0926	1.0414	2.5769	2.3253	-1.5724	-1.0815	1.3566	0.6500	2.1452	2.1246	-0.7179	1.0526	1.0865	-0.5007	0.4391	1.5223	1.8656	-0.0471	4.0986	0.3648	1.2547	1.2575	0.7657	2.0062	1.0508	-1.7226	1.3717	-0.2992	0.3926	-0.8351	1.5429	-0.8397	3.3671	0.4054	-0.1306	-0.0746	-2.2004	0.1994	0.1522	-0.4586	0.0965	1.8236	0.0248	0.9165	-0.9237	0.3792
2.5668	0.9419	1.2871	1.2830	3.6493	3.2893	2.7304	0.1653	-0.7392	0.7590	0.7720	-1.3050	1.0288	0.0107	3.0666	0.2446	-0.1302	-3.0883	-1.3381	3.5767	0.0431	0.1598	3.7962	-1.0176	0.5809	3.0351	0.4567	1.2698	-0.7192	-0.5428	1.1318	3.6914	1.5001	1.6833	-0.7582	3.0574	1.7459	1.9399	-1.6109	0.3476	1.0971	-0.1420	-1.0653	2.3811	-0.9062	2.1947	0.6842	0.1661	0.0017
0.9802	1.8388	0.6577	1.5383	1.6719	2.8252	-1.2226	0.2891	2.9935	-1.6034	-0.8765	0.7947	0.2761	-0.3362	1.1127	1.2027	1.8159	0.6677	0.0449	0.7763	0.3174	0.3832	1.0968	-0.1000	0.2105	0.6967	0.5446	0.2928	0.1144	1.4760	0.8097	1.4092	1.0963	-1.1858	-0.4671	1.8215	2.4530	0.0763	-0.4525	0.2850	1.8579	0.1753	-0.6637	1.6805	0.5497	0.5629	1.1881	0.6736	-0.0854
-0.0964	1.8382	0.9633	1.3847	3.5549	-1.0651	0.1410	0.2167	3.5624	-0.0777	1.5762	-1.1752	0.4623	0.8960	2.1289	-1.2073	2.7967	2.0683	0.7469	1.2773	1.7338	-0.2267	2.4153	-1.0652	1.3165	0.9420	1.3440	1.5391	1.1105	1.9469	0.3663	2.0655	2.5604	-2.0347	0.0652	1.8163	1.0219	0.8608	-0.6535	0.5678	1.5269	-0.1063	-0.6545	1.8802	1.0608	-0.4209	0.1904	-0.0114	-0.9790
0.1201	1.0750	-0.3802	1.9037	1.8814	-0.6350	-0.3780	-1.8101	-0.0080	0.1327	1.8314	-0.0871	-0.5832	0.6217	1.4096	-1.3177	2.6646	-0.1779	-0.2260	-0.0010	1.5141	-0.8862	0.8824	-0.0078	0.7536	1.3683	1.1491	1.1011	0.5863	1.1995	-0.5524	0.2899	2.5805	-1.0960	0.5932	1.6741	1.8638	0.9131	1.4518	0.8490	1.3128	-0.0263	1.6652	1.9221	0.6540	0.8287	1.7401	0.6378	0.1134
-0.9160	1.9069	-0.6334	0.8156	0.1053	-0.0423	-0.7584	0.0279	-1.6639	0.7067	1.2687	-0.6250	-0.0154	0.8006	0.3062	-0.7656	2.1212	-0.8904	-0.6465	0.0576	0.2047	-1.4035	-0.7060	0.1347	0.5898	1.5763	1.1767	0.7806	0.4585	1.5036	-1.3119	-0.1193	1.4597	-0.7113	1.5899	1.2074	2.5040	2.0503	2.4062	0.5609	1.1817	-0.1958	2.1830	1.6459	2.1995	2.4172	1.7712	1.1720	0.7049
-0.5629	0.8229	-0.9931	-0.4587	0.3773	-0.0454	-0.2522	-0.3921	-0.3663	1.3445	1.0846	-0.2366	1.3844	1.4587	0.6299	-0.8829	1.0543	-1.1079	-1.1826	0.1156	-0.0020	-0.9479	-0.5884	0.4533	1.0777	1.3677	1.4274	-0.0902	0.7191	1.1021	-1.5201	0.3618	1.6179	-0.1796	1.0366	1.0764	2.4860	0.8594	1.6012	1.0588	-0.1346	-1.4645	1.3780	1.1662	2.4246	1.3772	0.4108	1.3901	-0.2365
-1.2022	0.6294	0.3960	-1.4766	1.2953	-1.1093	-0.0304	-1.5917	0.6995	-0.0664	1.2384	0.7475	2.8008	1.7727	2.1549	-1.3667	0.4575	0.4315	0.0608	0.6650	1.7624	0.5435	0.4573	0.4324	1.2280	-0.0173	1.8330	-0.4971	1.6359	-0.1821	-0.4833	1.6125	0.7933	1.0049	0.3253	1.3862	1.1758	-0.7997	1.7558	0.2489	-0.3493	0.5056	-0.4441	0.7919	1.6104	2.1908	1.0551	1.0364	-0.0349
-1.1824	-1.0353	1.3832	0.0468	0.0205	-1.1307	0.3986	-0.7791	0.2156	-0.8708	0.8669	-0.3322	1.9406	-0.2594	0.5479	-0.3971	0.1732	0.8792	0.2906	0.2593	1.1051	0.3435	-0.4444	-0.0439	1.1475	-0.2396	1.9254	0.0297	-0.1193	-0.0607	-0.1844	-0.1416	0.2267	0.4678	1.0412	0.7563	1.1330	-1.3962	0.3601	0.2058	0.0037	0.8523	-0.1655	-0.2863	-0.2324	-0.1190	-1.0431	0.3711	0.2024
-0.7245	-0.8818	0.0113	0.6036	-0.2142	-1.4329	0.8534	-0.2574	0.2999	0.2916	0.6164	0.4395	-0.6131	-0.2691	0.4386	-0.5435	0.6835	0.1397	-0.4079	0.2361	-0.3630	-0.9314	0.5509	-0.1713	0.1335	0.1222	0.0190	-0.3032	-0.1335	-0.3632	0.5604	-0.6405	0.8231	1.3279	0.6532	-0.8076	0.1508	0.3032	-0.5745	-0.6150	0.1024	0.0529	-0.0760	-0.9263	-0.7418	0.5727	0.2558	0.3180	0.8147
-1.4479	-0.9460	-0.0794	0.4615	-1.0454	-1.3560	0.0399	-0.1432	-0.3166	-0.7070	-0.0762	0.2661	-0.4551	-0.4710	0.0135	-0.6604	1.8141	-0.1623	-0.5048	-0.3199	1.3518	-0.6943	0.4631	0.2300	0.5434	-0.8900	0.0793	-0.3575	0.1459	-0.6994	-1.0538	0.1874	0.0976	0.6791	0.7758	-0.2246	0.1460	-0.8878	-0.1125	-1.0070	-0.7599	0.3649	-0.7601	-1.2934	-0.5883	0.3707	-0.0744	0.5231	-0.7512
-1.1635	-1.3783	0.2616	-0.3543	-1.4078	-1.2891	-0.4553	-0.2397	-0.3302	0.3871	0.1992	0.9223	-1.1719	0.1088	-0.6332	-0.7175	1.6874	-0.5497	-0.5182	-0.7316	-0.0767	-0.4768	-0.1052	-0.0230	0.2828	-0.8469	-1.0308	-0.1294	-0.3151	-1.5806	-0.9675	-0.0484	-0.1258	0.7954	1.0282	-0.5926	-0.7351	-0.9057	0.5216	-0.3323	-0.4823	-0.6002	-0.4368	-1.4665	-0.7864	-0.6547	-0.3790	-0.4117	-0.5043
-0.4837	-1.7768	1.5046	-0.7770	-1.4866	-1.5760	-0.2333	0.1839	0.0403	0.1957	-0.4322	0.4976	-0.8355	0.7679	-0.7164	-0.7855	0.9846	-1.2489	-0.5002	-1.1937	-1.1048	-0.7393	-0.4927	-0.4310	0.6237	-0.3960	-1.9850	-0.0478	0.1664	-1.7051	-0.3618	0.0363	-0.2139	0.6342	0.0324	-1.1398	-0.8926	-0.5726	0.5674	0.5414	-0.4344	-1.2263	-0.2271	-0.9707	-0.7090	-0.7597	-0.9663	-0.9434	0.2869
0.0494	-1.8815	1.4973	-0.3240	-1.2116	-0.5145	0.0621	0.0000	0.5016	-0.1232	0.0203	-0.2102	-0.4797	0.5169	-0.6566	-0.5099	-0.5419	-1.5880	-0.5636	-1.8947	-1.7550	-1.3406	0.0524	-0.3216	0.5924	-0.0425	-2.6059	-0.4027	1.2070	-0.9965	-1.0963	-0.5602	-0.8619	-0.3703	-0.7697	-1.4863	-0.8171	-0.6037	0.9505	1.1762	-0.7129	-2.0000	-0.3181	0.1337	-1.6152	-0.7583	0.2834	-1.5037	0.1830
-0.6578	-1.6673	0.9950	0.0437	-1.1044	-0.2473	0.1168	1.0955	0.6757	-1.4961	-0.2453	0.3489	-0.3225	-0.6211	-0.3917	-0.3282	-0.6422	-0.9471	-0.4653	-1.8543	-0.7605	-0.8572	1.0546	-1.8411	-0.3453	-0.6534	-2.3929	-0.4849	1.9184	-0.6572	-0.0992	-0.3604	-0.8280	-1.1251	-0.3214	-1.9101	-1.7349	-0.9767	-0.0075	1.4061	-1.1353	-1.1895	-1.0076	0.8422	-2.3485	-1.4088	0.5999	-1.3214	-0.4242
0.0946	-1.1911	-0.4024	-0.5597	-0.7606	-0.7868	-0.7162	1.0475	0.5125	-1.0992	-0.2865	0.4190	-1.0087	-0.6401	-0.2845	-0.8507	-0.9379	-1.6509	-0.4603	-1.2522	-1.7200	-1.4653	0.6816	-0.7973	-2.9968	0.2177	-1.6083	-0.5888	2.0823	-0.3728	0.9007	0.0236	-0.0125	0.3568	-0.3189	-1.8894	-1.4990	-0.4454	-0.2437	1.4953	-0.5702	-0.4488	-0.9124	0.9027	-2.3037	-0.0734	0.2323	-0.3612	0.6502
0.2837	-0.3028	-0.6141	-0.2219	0.1891	-0.0912	-0.6130	0.6775	1.1007	-1.1799	-0.6072	0.5496	-1.0890	-0.3414	0.8917	0.2539	-1.4248	-1.4613	-0.2451	-0.7557	-2.0993	-2.0685	0.5652	0.6051	-3.3518	0.9161	-1.2640	0.0258	1.5185	0.5734	1.5790	1.2454	0.6290	0.9002	0.0091	-1.9054	-1.1638	0.1677	-0.8618	2.1942	-0.6898	-0.1783	-0.3846	0.2844	-1.5064	-0.5628	-0.3255	0.0028	0.4247
0.3692	-0.1197	-1.0072	-1.1152	0.1537	-0.7267	-0.3215	0.8405	0.4680	0.0185	-0.9967	0.5500	-1.0377	-0.4584	0.3227	0.1250	-1.9720	-1.5104	0.5823	-1.0268	-1.8450	-1.5754	-0.1767	1.0894	-1.8138	0.4025	-0.7842	0.0401	1.0595	0.2365	1.0390	1.3373	0.2392	0.8184	-0.3018	-1.8199	-0.6342	-0.0574	-1.7111	1.7821	-0.8227	-0.4846	-0.4271	0.7038	-1.1288	-0.3356	-0.4404	-0.2867	0.6586
0.0035	-0.0854	0.2674	-0.4328	0.1006	-0.6460	-0.2948	1.1259	0.5030	-0.5766	-0.6600	-0.4765	-0.5838	-0.2230	0.2644	-0.0329	-1.5071	-0.9019	0.9144	-0.5382	-0.9545	-1.5127	-0.3224	1.0081	-0.9049	0.1016	-1.4193	0.5111	1.4961	0.6858	0.7321	0.4018	0.0649	-0.3317	-0.0372	-1.0283	-0.1515	0.3154	-1.6957	1.7854	-1.0330	0.5632	-0.5194	0.3256	-1.2930	-0.2313	0.3529	-0.9789	0.6442
0.7867	0.1530	-0.3662	-0.0881	0.0134	0.2669	-0.2104	1.3146	0.9382	0.0435	-0.2187	-0.4408	0.2001	-0.0763	0.2738	0.2552	-2.2057	-0.7627	0.4309	-0.1673	-1.2503	-2.0004	-0.1148	1.1664	-0.8154	-0.2122	-2.1734	0.0432	1.7161	0.2172	1.2676	-0.8719	0.2335	-0.0568	-0.7002	-0.7777	0.2961	0.8848	-1.4805	1.1518	-0.9473	0.1269	0.5407	-0.3774	-0.5295	0.7157	0.8824	-1.0385	1.1308
0.1467	0.6048	0.2048	0.0868	0.1996	0.5214	-0.8609	1.1523	0.7660	-0.2537	-0.5007	-0.6760	0.4231	-0.6066	0.7259	0.2026	-0.9103	0.2320	0.0390	0.0638	-0.4394	-1.4676	1.3355	0.3314	0.3811	-0.9197	-1.0491	1.0175	0.4740	-0.1470	0.6040	0.6531	1.4255	-0.1124	-0.1527	0.0626	-0.7661	0.4506	-0.8311	0.8957	0.0577	-0.3356	0.6072	-0.1857	0.8946	-0.5615	0.1244	-0.6109	-0.8173
-0.6990	1.5190	-0.3447	0.0459	0.1269	0.5522	-0.0491	1.4990	-0.8154	0.3999	0.4759	-0.5029	1.2429	0.4494	-0.1816	-0.0723	0.5465	0.7726	0.5251	0.5929	-0.3168	1.0971	1.2456	1.1437	-0.7231	0.2228	0.2360	1.1085	-0.5749	0.6772	0.3417	-0.7852	1.0285	0.6796	0.4626	-0.1097	0.3615	-0.2806	0.4819	0.1634	0.1836	0.1022	0.6907	-0.8122	1.5646	-1.2648	0.4082	-0.1031	-0.6652
-0.6846	2.1249	-0.5775	0.1625	-0.1939	0.5345	-0.3033	-1.3633	-0.8295	0.1524	0.3651	0.2980	0.4650	0.4654	-0.1780	0.2701	0.4691	1.0977	1.0730	1.3032	1.5521	1.3780	-0.1237	0.8879	-0.2215	0.6067	1.0007	0.0713	-0.4246	0.1487	-0.4707	0.5921	0.3545	0.7418	0.6404	-0.3166	0.8379	0.0797	0.6028	-0.4739	0.8150	0.8650	1.4778	-0.9291	0.4133	0.1926	-0.4365	0.2461	-0.2152
-0.0909	0.9313	-0.6711	0.2451	0.1539	0.7488	-0.1496	-2.0523	-0.8121	0.3530	-0.0558	0.2583	-0.7394	0.8402	-0.6765	-0.2426	-0.2100	1.1433	0.8585	1.0328	0.4728	0.8603	-1.3081	0.0791	-0.2505	0.0698	0.7550	-0.3079	-1.1556	0.0442	-0.2578	-0.0766	0.3372	0.7980	0.1853	0.0017	-0.0252	-0.2540	-0.9182	-0.8750	0.2032	1.0632	0.6860	-1.0098	-0.1998	0.8947	-0.8457	-0.0275	0.2183
-0.4397	0.5313	-0.1982	-0.0440	0.2310	1.0720	0.4604	-2.0345	-0.1396	0.0404	-0.4834	0.2550	-0.6609	0.3679	0.6923	-0.1623	-0.4526	1.2601	0.4339	1.1184	0.7096	0.4324	-0.6007	0.1766	0.7039	-0.0385	0.3287	0.3167	-1.8203	1.0895	0.4751	1.2789	0.5535	-0.1737	-0.5247	0.0069	-0.5831	-1.0849	-1.2979	-0.0479	0.1737	1.1293	-0.0691	-1.2161	0.3861	0.9561	-0.4651	0.0782	-0.2258
-0.1966	0.2088	-0.3709	-0.8747	0.0898	-0.1374	-0.1632	-2.9046	-0.1333	0.2396	0.1097	-0.0875	-2.4870	-0.5175	0.0534	0.1466	-1.4758	0.4224	1.3134	1.5910	0.3333	1.6424	-0.1242	1.3574	-0.3395	0.8349	0.6920	-0.6951	-2.3264	0.1985	0.8825	0.4240	0.1818	-0.0979	0.6270	-0.1417	0.2981	-1.1209	-1.6721	-0.0023	0.9998	1.3048	1.8573	-1.1629	0.7884	0.3007	-0.3066	-1.0905	0.3415
-0.1178	0.1185	0.3009	-0.8840	-0.2853	-0.6333	0.7028	-1.3292	0.3025	0.5325	-0.1789	-0.6809	-1.6073	-1.1746	-1.3000	0.5813	-1.2647	1.5121	2.4002	1.7679	-0.4689	1.7969	-0.8155	0.1458	-0.5385	-0.8642	-0.0263	-1.1538	-1.4057	-1.3164	1.7120	-0.8482	-0.0342	-0.8720	0.4665	-0.0751	-0.9374	0.2760	-1.5385	-0.8986	0.2238	1.6347	0.7942	-0.9259	0.4950	-0.7377	-0.1737	-2.4420	0.0856
0.1542	-0.1263	-0.7282	-0.1578	-0.5567	0.3587	0.3623	-1.2732	0.6821	1.0285	0.0774	-1.0716	0.1607	-0.9419	-2.0311	1.0551	-0.9256	1.0366	2.2122	1.1537	-1.5533	1.2098	-1.2038	-0.0700	-1.2344	-1.4509	0.0271	-1.2090	-1.5262	-1.0685	1.6862	-0.6020	0.0324	-0.1030	-0.1094	0.0417	-0.7623	-0.0623	-1.5999	-0.6795	0.9952	1.2447	0.1859	-0.8321	0.1991	-1.4968	-0.0605	-1.6109	-0.0239
0.0647	-0.3394	-0.6062	-0.1497	-0.3859	0.7023	0.3183	-1.3695	-0.0094	0.2063	0.2928	-0.6507	0.2272	-0.4496	-1.7452	0.6365	0.4321	1.6153	1.7901	1.6627	-0.2878	1.1166	-1.2140	-0.1958	-0.9654	-0.9754	-0.0772	-0.9780	-0.5384	-0.9329	0.4796	-0.7217	-0.4517	1.6181	0.4170	-0.1857	-0.4978	-0.3790	-1.8426	-0.7455	0.1090	1.2297	-0.2513	-1.2227	-1.0360	-1.3559	-0.6291	-0.1873	1.1061
1.0679	-0.6467	-0.9398	0.2492	-0.4351	-0.0595	0.7528	-0.6798	0.2241	0.3844	0.4785	0.6159	0.4393	-0.1476	-1.2674	0.0751	-0.7928	0.2498	1.4000	1.0274	0.2434	0.7424	-1.4617	0.0398	-0.7799	-0.8227	0.0043	-1.4138	-0.1676	-2.0158	-0.1049	-0.6567	-1.1186	2.0913	0.5994	-0.9874	0.5164	-0.3152	-1.3577	-0.8737	0.1907	0.7378	0.3063	-2.2225	-0.9987	-1.6110	-2.3578	-0.6236	0.8069
0.7413	0.3351	-0.2023	-0.2815	-0.2345	0.2058	0.7955	-0.4969	-0.1268	0.2617	0.3781	-0.5357	1.2302	-0.9492	-1.3056	0.8750	-1.2256	0.4687	1.0281	0.2805	-0.3569	0.6002	-1.3700	-1.0975	-0.4222	-1.2537	0.0785	-0.6226	-0.9383	-1.5067	0.0345	-0.3873	-1.1808	0.4918	0.5915	-1.1115	-0.2322	-0.2335	-1.4848	-1.2604	0.3467	-0.1324	0.4460	-1.5941	-0.4837	-0.9807	-1.5117	-1.2691	-0.0426
-0.3964	1.3190	-0.3415	-0.7525	-0.4788	0.5255	0.6320	-0.7828	0.0729	0.6048	-0.5331	-1.2122	0.8395	-0.2794	-0.1725	0.8063	-1.5612	0.8364	0.2339	-0.0178	-0.9598	0.6344	-0.0772	-0.8691	-0.5633	-0.6292	0.0722	-0.1041	-0.8340	-0.5571	0.7848	0.0559	-0.6079	-0.3145	-0.5062	-1.0835	-0.2043	-0.0598	-0.8325	-1.4207	0.6235	0.5012	-0.2583	-0.0397	-0.0196	-0.8401	-0.4017	0.1173	-0.4020
-0.4366	2.0532	-0.2413	-0.6965	0.0424	0.2674	0.1505	-0.2963	-0.3291	-0.0369	-1.3208	-0.2784	-0.2354	0.0200	0.5681	0.3076	-0.3895	1.0046	-0.4489	-0.1454	-0.6248	0.7837	0.8773	-1.2518	-0.8586	-0.8294	-0.0228	-0.3315	-0.4614	-0.9319	1.4497	0.5533	-0.6671	-0.4386	-1.1051	-0.8023	-0.3006	-0.3582	-0.2811	-1.5164	0.5153	0.9777	-0.5619	0.1716	0.3285	-0.2899	0.5410	0.4277	0.1075
0.3004	0.9125	0.0894	-0.2841	-0.2268	0.3886	0.0487	-1.2939	-0.3146	0.4842	-1.4648	0.4503	0.2514	-0.1000	-0.8673	-0.2538	0.3134	0.2734	-0.5121	-0.0340	-0.5124	0.3020	0.2217	-0.8667	-0.3901	0.3349	-0.0071	0.2990	-0.8504	-0.1843	1.5740	0.0083	-1.4844	-0.0199	-0.0731	-0.2468	0.2665	-0.6063	-0.5817	-0.1829	-0.4014	-0.2657	0.5617	-0.1325	1.3008	0.2745	1.1689	0.9761	-0.1068
0.0832	0.0140	1.6564	0.0316	0.0164	1.0154	-0.0235	-0.3914	-0.4779	0.1437	-0.8307	0.3435	0.5729	0.7662	-1.1954	-0.2679	1.5852	0.7879	-0.1089	-0.0721	0.1032	0.2932	-0.1968	-0.3310	0.5728	0.2275	-0.0912	0.4945	0.5757	0.4232	0.8505	0.1458	-0.9820	0.3886	0.4118	0.5558	-0.0345	0.0579	0.2889	0.1420	-1.3031	0.0640	0.3126	-0.4428	1.3354	1.0923	0.7415	1.0753	-0.0927
-0.4685	-0.9020	1.9065	0.0282	-0.5186	0.6279	-0.2898	-0.6399	-0.0932	-0.0519	-1.0349	-0.1657	-0.6317	1.4316	-1.0147	-0.3510	1.8162	0.6768	-0.4645	-1.0567	1.1038	-0.3334	-1.1340	-1.1094	1.0809	0.0746	0.5353	0.1572	0.4299	-0.1731	0.0326	-1.5823	-0.9305	-0.0882	0.1319	0.9879	-0.8122	-0.2122	1.5533	0.0341	-1.3014	-0.8123	0.2142	0.0620	1.2229	0.0303	0.4624	1.0505	0.1682
0.6089	0.2439	0.5117	0.5859	0.3425	0.7212	-0.0654	0.4802	0.4946	-0.0138	-0.2893	0.2250	-0.7968	1.3720	0.8337	0.9690	0.3422	-0.0177	-1.3566	0.2238	0.8474	-0.6479	0.1769	0.7037	0.9777	0.4864	0.2395	0.7546	0.3236	0.7060	-0.1847	0.0444	-0.5466	0.4614	-0.5342	0.3425	-0.4860	1.5224	2.4015	-0.0165	0.0224	-1.3883	1.0603	0.7551	0.5948	0.4374	1.4893	1.2358	0.8065
0.6064	0.1231	-0.4547	-0.4635	0.0568	-0.6002	0.5871	0.7194	0.3500	0.5593	0.3794	-0.6963	0.1860	-0.4520	0.9982	1.7481	-0.9532	-0.0224	-0.5772	0.2239	1.4901	0.2573	0.0798	2.0266	0.3047	-0.5873	0.2853	0.1140	-0.4918	0.3146	-0.3732	-0.1861	0.0455	0.0978	-1.1377	-0.1645	0.6026	0.4155	0.3547	-0.5760	-0.1436	-1.4665	1.3200	-0.2395	0.1891	0.1296	0.2777	0.4787	0.9325
-0.0049	1.4662	0.0291	-0.1282	0.2484	-0.7044	0.8916	0.8684	0.5992	-0.2959	-0.0196	-0.3325	-0.3567	-1.9029	0.6195	1.8074	-0.6722	0.7829	0.1965	0.9080	1.7481	0.6658	0.1226	0.8078	-0.1161	-0.7749	-0.0091	0.1087	-0.3891	-0.0475	0.3787	-0.6765	0.8432	0.0781	-0.0720	-0.5241	0.5926	0.4740	-0.9336	-0.3970	-0.1814	0.0773	0.3502	-0.1843	-0.3560	-0.4500	-0.3451	0.5969	0.6621
0.4356	0.5165	-0.3819	0.3050	-0.2599	0.2189	0.6725	0.4549	0.4526	0.3110	0.1998	-0.1872	-0.5740	-0.7187	-1.0199	0.4904	-0.4545	0.2162	0.7383	0.6388	0.3682	0.9550	-1.2190	0.9449	-1.0264	-1.2542	0.8885	-0.5873	0.1514	-0.0065	0.1727	-0.7077	0.8037	0.4676	0.3818	-0.0813	1.6448	-0.2395	-0.6776	0.1561	-0.4181	0.8283	0.0375	0.4426	-0.7242	-1.1930	-1.4273	1.7283	0.0893
-0.4178	-0.4325	0.7116	0.6758	-0.6608	1.0641	0.3810	0.9246	0.1655	0.1330	0.4394	-0.6631	0.6570	-0.6416	-1.7406	0.3055	-0.1777	1.7811	1.6299	0.3714	0.7271	1.4133	-2.2049	-0.1420	-1.1332	-2.1917	1.5173	-0.4309	1.2733	0.8894	-0.6678	-0.3278	0.0817	0.1558	0.7129	0.2427	0.7190	-1.2951	-1.0688	-0.1461	-1.0707	1.6153	-0.5705	0.0248	-0.1383	-1.0145	-2.1287	1.9697	-0.1828
0.3296	-0.7020	0.5095	0.3891	-1.0014	0.3668	0.7957	0.7701	0.4344	1.5545	0.0572	-0.9159	1.4794	0.2733	-2.0769	-0.2232	-0.7220	0.8379	1.5592	0.1344	0.6210	0.8352	-2.0469	0.7718	-1.0083	-0.8367	1.8590	-0.0518	0.6612	0.9999	-0.4710	-1.5676	-1.3514	0.3041	-0.2844	0.1458	0.8355	-0.3230	0.1658	-0.8060	-0.8272	1.0892	-0.0717	-0.4876	1.4031	-1.1804	-1.5118	0.7905	0.0772
0.7680	-1.4401	-1.0144	0.4493	-0.3582	-0.9864	0.0753	-0.2347	1.1041	0.9580	0.7657	-0.7056	1.0455	1.4194	-1.0056	-0.0176	-0.8468	-1.1064	-0.2310	-0.5846	0.5285	-0.5158	-0.3165	0.4118	-0.1576	-0.3738	0.4074	-1.2302	0.2379	1.4676	-1.1609	-0.4828	-1.0258	-0.4346	0.4187	0.1350	0.3924	-0.9336	0.8813	0.6365	0.1443	0.2330	0.0353	0.7165	0.9606	-0.2999	0.4206	1.0129	-0.4005
1.6042	-0.9891	-1.3270	0.5286	-0.9960	-1.4016	-0.9188	-3.0764	-0.0241	0.0762	1.2173	-0.7949	-0.0904	1.6464	0.2173	0.8284	-0.7907	-2.3768	-0.0714	-1.0423	-1.2895	-1.4444	-0.2545	-0.6365	0.1922	0.4649	-0.2445	-1.3906	0.2767	-0.0257	-0.5090	-0.2633	-1.3943	-0.7249	1.5314	0.4466	0.6084	-0.4906	-0.0462	1.1663	2.6379	-0.3536	0.7354	2.0190	0.6661	1.4203	0.1788	1.7807	-0.6331
0.8720	-0.4192	-0.0659	-1.1821	0.8493	-1.1832	0.4110	1.0568	-0.3082	-0.2173	0.0945	0.0160	0.0768	0.3221	0.6018	0.3780	-0.1128	-1.2518	-0.5199	-1.6620	-0.9177	-0.6154	0.4539	-2.2185	0.2644	0.5135	-0.1285	0.2659	0.9978	-0.6318	-0.4862	-1.3387	-0.7880	-0.4537	1.2755	0.1739	-1.2418	0.1261	0.5094	0.2892	0.3042	-0.1156	-0.1086	1.1276	0.3476	0.6006	0.0101	-0.1430	-0.0407
0.4599	-0.3588	0.0091	-0.5220	0.5021	-0.3546	-0.2095	-0.0980	-0.5820	-0.2751	-0.4511	0.0925	0.2682	0.4397	0.6751	-0.3740	0.4892	-1.1455	-1.4594	-2.4181	-0.4519	-1.1136	-0.6072	-1.3355	0.0241	1.3715	-0.3201	1.1675	0.0415	0.4988	-0.8142	-1.4797	-0.4493	-0.4174	1.6790	0.8023	-1.3794	-0.7872	0.3191	0.5292	-1.0455	-1.0570	-0.2986	-0.0154	0.3801	0.3660	0.5173	-0.3258	0.2807
-0.1646	0.6776	-0.1207	1.0039	0.4223	0.1761	-0.0663	0.5759	-0.7915	-0.3433	-0.1473	0.3985	-0.4183	0.3352	0.9783	-0.7085	0.9356	-1.0339	-1.9280	-1.9020	-1.2564	-1.7835	-0.3808	-1.5033	0.1999	0.5099	-0.8259	0.9864	0.4107	0.6624	-0.2860	-0.0841	-0.2454	0.0333	0.6827	1.0998	-1.5683	0.9740	0.8937	0.0814	0.6042	-1.1256	-0.2788	-0.6498	1.3573	1.8595	0.9184	-0.8059	0.8613
-0.6874	-0.0721	0.5211	0.3420	-0.1210	0.0826	-0.3351	0.8361	0.0240	-0.3030	-1.7476	-0.5575	-0.4308	0.5340	0.0664	-1.1595	1.0312	-0.4763	-1.8983	-1.7383	-1.4922	-1.2501	-0.2963	0.6034	0.9680	-0.5968	-0.5196	0.3001	-0.8327	0.8899	-1.5715	-0.4470	0.6684	-0.6646	0.5830	1.1264	-1.0197	0.6914	1.2386	-0.3360	0.3690	0.3435	-0.4715	-0.9251	1.0349	1.9320	0.5253	0.0712	0.3095
-1.2525	0.2128	0.3304	0.0037	-0.4804	0.7893	0.1194	0.7649	-0.0460	-0.5946	-1.0894	0.6197	-0.6860	0.1798	0.0388	-0.1788	1.1792	-0.8610	-2.1880	-1.0039	0.0255	-1.0041	0.2679	1.0715	1.7006	-0.7953	-0.5408	-0.5955	-0.9019	0.7909	-1.7434	-0.6635	0.5584	-2.2565	-0.2374	0.7943	0.2135	2.2896	2.2660	-0.2165	0.2485	-0.1309	0.3440	-0.4548	1.8074	1.4896	0.8641	0.1032	-0.1836
-1.3219	-0.5668	-1.2573	-0.7765	-0.7829	0.9307	0.4667	0.7867	-0.2541	0.1785	-0.6288	0.8211	-0.8351	-0.6656	0.3437	0.0967	0.3348	-1.4993	-1.7786	-0.6538	-1.2089	-1.2989	0.3583	1.5015	1.3250	-0.3770	-0.6951	-1.0661	-1.8807	0.5130	-1.1288	-0.5620	-0.6629	-2.0943	-0.5119	-0.0430	0.0757	1.7594	2.5136	0.1090	-0.0634	-1.8740	1.1867	-0.2737	1.6118	1.4827	1.3158	-1.1735	-0.0244
-0.9177	-0.6342	-0.6358	-0.6456	-1.2099	-0.0371	0.7568	0.7428	0.6534	-1.0691	-0.4636	0.6844	0.5475	-1.5299	1.4938	0.3194	0.2133	-1.6608	-1.2370	-0.8926	-1.1179	-1.0537	0.4326	0.3265	-0.0010	-0.6010	-0.9638	-0.2870	-1.0566	0.6087	0.1343	-0.1213	-1.1972	-1.0377	-0.3134	-0.3160	-0.6797	0.7952	1.1542	1.3326	-0.7362	-2.1133	0.6726	0.7968	0.2760	0.3239	0.2550	-0.8060	-0.5619
0.3347	-0.4742	-0.7285	-0.0709	-1.1606	-0.6496	0.3407	1.0479	0.6257	-0.5120	0.3280	0.3427	1.3972	-1.1501	0.5297	0.1940	-0.5417	-1.9253	-0.1899	-1.4204	-0.0176	-1.5455	-0.4019	-0.2106	-0.3991	-0.7938	-1.2437	0.1442	0.3091	-0.3344	0.1629	-0.7828	-0.8797	-0.2684	0.4161	-0.7814	-0.6242	1.3032	0.2779	1.2372	-0.7411	-2.3390	0.6634	0.8072	-1.2528	-0.9344	0.2300	-0.9843	-0.9649
0.3132	0.1262	-0.6994	1.2503	-0.2354	1.0962	-0.2032	1.5779	0.0256	-0.8630	-0.3774	-0.0018	0.8431	0.2916	0.2846	1.2096	-0.5331	-0.6583	0.4540	-0.5887	0.7880	-1.4559	-0.0535	-0.1544	0.4694	-0.1239	-0.8431	1.0238	0.3638	0.3789	-0.0223	-0.2493	-0.4808	0.4007	1.2998	-0.4523	-0.8871	0.8473	0.2578	0.7164	0.2191	-2.0094	0.3782	0.5101	-0.8311	-0.5392	0.2592	-1.1689	-1.3824
-0.5741	0.5325	0.4888	2.0042	-0.0783	0.5810	-0.2437	2.7924	-0.4822	-1.5284	0.3970	-1.0874	1.0149	1.4883	0.2654	1.0422	-0.4429	-0.1281	0.5129	-1.5277	1.0096	0.0969	-1.0965	-0.1806	1.2697	0.4990	0.3839	1.0914	1.0764	-0.1374	-1.3043	-0.2322	-0.2542	-0.5938	0.6100	-0.2881	1.3088	-0.6237	0.0683	0.1861	0.4541	-1.9807	1.0618	0.6425	-0.2688	-0.4862	-0.0537	-1.1490	-0.5562
-0.1435	0.2802	1.1429	1.0464	0.3484	-0.0726	-0.2661	2.2894	-0.6753	-0.5039	0.7380	-0.4923	2.9438	1.4686	0.9799	-1.3739	0.8046	0.6862	-0.2005	-1.0454	1.5601	0.7690	-0.5438	-0.3884	0.7672	-0.7319	0.5265	1.5493	1.3190	-0.6954	-0.8311	0.0600	0.3029	-1.2333	-0.4637	0.4274	0.1207	1.0122	0.8544	-0.7749	0.3616	-0.8697	0.2212	0.0566	-0.6330	-0.7539	0.5199	-2.2783	-0.3445
-0.7807	-0.6364	0.5818	2.4426	0.2329	0.1541	-0.0844	0.8519	-1.3374	0.6196	0.8014	-1.0142	3.3157	-0.2686	1.1594	-0.9771	0.3438	0.1931	-0.2897	-1.1828	1.5529	0.9325	1.3014	0.4135	0.3167	-0.5807	1.7520	1.7457	0.2238	1.4081	0.3373	-0.7192	0.5801	-1.6195	-0.8117	1.2643	0.6583	0.0353	0.8622	-1.0432	1.2086	-0.7287	0.1166	-0.2633	0.5437	-1.1712	1.9953	-1.7784	-0.5880
-1.1436	-0.3267	0.3292	1.6825	1.0431	-0.4189	0.5372	0.9334	-1.5315	0.3144	-0.6759	-1.4296	1.6982	-0.4805	1.4895	-0.3734	0.7242	-0.1073	-0.3185	-0.3575	0.1991	1.5519	1.4459	0.9102	0.4173	-0.1664	0.9514	1.7441	0.1763	0.2255	0.3558	-0.0628	0.7699	-0.7586	-1.6498	0.9579	0.1037	-0.5948	0.7841	-2.6953	1.8135	1.4271	-0.7630	-0.6207	0.6586	0.0030	1.0635	-1.8830	-0.3713
-0.6562	-0.1799	0.7521	1.3975	0.5065	0.0353	0.3935	-0.0841	-0.5878	0.8090	-0.7790	-1.8946	2.0612	-0.6237	0.9758	-0.1347	0.8426	0.2752	-0.2667	0.0757	-0.6203	1.6703	0.6873	0.8705	0.9776	0.0446	0.1304	2.7853	-1.1063	0.8518	-0.3981	1.0000	0.5555	-0.7975	-1.3546	0.8844	0.1237	-0.8992	-0.2144	-1.3759	0.0312	1.0830	-0.4714	-0.5023	-0.4781	-0.0829	0.4322	-0.6077	-0.3005
0.5428	0.2415	0.4682	-0.9569	0.6609	-1.0193	0.4670	1.0957	-0.5105	1.6281	0.3422	-0.0618	0.2203	0.4605	1.5666	-1.9141	0.9867	0.0749	0.4316	0.6484	-0.6527	0.6050	0.1397	1.2762	0.3110	0.0403	0.1764	1.3307	-0.3334	0.7230	-0.3912	1.0178	0.4426	0.7711	-0.9476	1.5967	0.8117	-0.0540	-0.0255	0.3275	-1.0635	0.0536	-0.4639	-0.0332	-0.8419	1.7693	0.9776	0.7037	1.5664
-0.3221	-0.6167	1.2916	-0.3110	-0.2663	-0.4836	0.0154	-0.1791	-0.4214	-0.1234	-0.2474	-0.7961	-1.0586	1.2992	0.4587	-0.9470	1.8787	0.0166	0.6050	-0.9411	1.1258	0.2566	-0.3725	0.5392	1.2663	-0.7480	1.5842	0.4273	-0.3550	0.3223	-1.0688	-0.3221	0.3485	-0.3236	0.3406	2.1956	0.4709	-0.3615	0.2796	0.5498	-0.5706	0.2531	-1.3286	-0.5043	-0.0118	0.5115	0.2656	0.5765	-0.5264
-1.2915	-0.5322	0.0938	-0.8350	0.1735	0.2960	0.8131	1.5195	0.6788	0.8344	1.0125	1.0516	-2.1058	1.8105	0.1188	-1.0458	1.3208	-0.1555	-0.0140	0.1405	0.9449	-0.9960	0.0184	-0.4038	0.5105	-0.0039	0.5997	-0.2873	0.1163	-0.0788	0.7024	-1.2630	0.3732	-0.0994	0.8795	1.1872	-0.1743	0.9893	1.1339	0.6114	-0.1805	-0.1113	-0.3724	-1.1775	0.6754	0.9387	1.0808	0.9410	0.5244
-1.2336	-1.3060	-0.3944	-0.1770	-0.2806	1.0317	1.1836	1.0807	1.1616	-0.5714	0.1053	1.5282	-0.9938	1.2664	0.2503	-0.7915	1.1637	-0.1697	-0.0591	0.7637	0.8826	-0.7745	0.8876	-0.3385	-0.6928	-0.2989	-0.0578	-0.6685	0.2596	-0.1327	1.7389	-0.2556	0.1599	0.3867	1.6045	0.6519	-0.4946	-0.3345	0.4464	0.4497	-0.4180	-0.5200	0.1816	-1.5798	0.2672	-0.6358	-0.0584	0.6611	0.1599
-1.5306	-0.9720	-0.6459	1.5051	-0.3512	1.6024	0.3807	0.5402	0.1058	-1.6252	-0.3090	1.0873	-0.5500	0.5602	0.7268	-0.1679	1.3729	0.6451	0.3576	0.1765	1.5467	0.5584	2.0762	0.2116	-1.3177	-0.8246	-0.5692	-0.8508	0.4883	0.8370	0.4871	0.8443	-1.0661	0.2946	1.1252	0.5118	-0.9673	-1.3269	0.0557	-1.6296	-0.3452	1.2469	-0.6864	-1.7992	-0.3137	0.2154	0.6189	0.1845	0.4735
-1.9071	-1.6504	-0.6196	0.5288	0.0908	-0.6263	-0.4749	0.8709	-0.3128	0.8034	-0.3491	-0.1304	-1.4188	0.6417	0.0058	-0.0063	0.3117	0.1971	1.0115	0.4758	0.4986	-0.1163	0.6581	2.6671	-1.3414	0.4185	-1.4220	-0.3730	-0.9501	-0.7338	-0.3313	2.3197	-1.5315	-0.6371	0.3850	-0.0085	-1.4794	-0.9412	-1.3760	-0.8581	-1.4610	-0.7857	-0.8223	-1.6945	-0.5716	0.6622	0.3612	-0.3607	0.3261
-1.0979	0.4886	-0.5518	0.6528	-0.1488	-0.4880	0.4391	1.0642	-1.4999	1.0304	1.1068	0.3078	-0.3501	0.2224	0.1569	2.0494	0.0798	-0.6440	-0.1271	1.1603	1.6622	1.3703	1.0385	-0.2479	-0.9893	-0.0112	-2.1750	0.1725	-0.8642	-1.2242	0.0683	0.3297	0.8530	0.8798	0.2424	-0.8679	0.0122	0.7638	-1.6890	-0.8795	1.8535	-0.3374	0.0897	-0.8953	-1.3127	-1.0071	0.8208	-0.5865	0.8011
0.9552	1.7176	-0.8677	-3.2770	2.0010	-1.1760	-3.9889	0.4344	-5.2370	5.3320	4.6077	3.7987	-2.6504	0.5145	2.6364	-1.5855	-0.9646	-5.2213	-4.1735	2.0144	-0.0947	1.1862	2.4030	-4.8096	-0.0143	6.9429	1.1368	-2.6156	1.9482	-0.6182	1.7835	3.4821	0.2069	1.7222	-0.4535	-1.7603	2.8423	2.2244	0.8417	-1.5321	5.2742	1.3743	4.1998	2.1005	-1.5804	4.3378	0.9732	0.0785	1.9333
4.3846	1.0326	0.0006	-0.5549	4.1263	-0.4534	-2.2599	0.4848	-1.0414	-0.9936	1.9345	5.8131	-0.1596	0.5892	1.3413	0.9490	-3.4481	-2.6142	-4.0546	0.7975	-0.6590	-1.0939	2.9801	-2.0052	1.1208	3.1846	0.5554	-0.6289	3.7803	0.4099	-0.4530	4.8328	-1.1526	-0.6033	-0.3930	-0.8221	0.0809	-0.0251	2.6939	0.9182	-0.1787	1.0999	-1.7004	2.4328	-0.2400	0.8083	-1.3784	1.8340	-3.1568
1.3474	2.8942	1.1958	1.1498	0.1474	0.2902	-1.0687	-1.3874	-0.9636	-0.4980	0.0717	0.1384	-0.3546	-1.9109	-0.6029	2.1135	-1.0388	0.5544	-2.3770	-0.3063	-0.6421	-0.3590	0.6584	0.6440	1.1792	0.7440	-1.1735	1.5405	-0.9827	0.4754	-1.5579	-0.1508	0.4691	-1.6620	-1.3663	-0.8757	0.8957	0.2079	1.2014	-0.5537	-0.2140	0.7632	-1.3709	0.3172	0.2435	-0.4148	0.0829	1.1219	-1.6300
0.4164	2.3478	0.1984	-0.7114	-0.4062	-0.2484	-1.0654	-0.4330	-1.0313	-0.1620	0.0327	-0.7240	-0.9134	-2.4474	-0.6784	0.7308	-0.5250	0.7889	-1.2152	0.3224	-1.1811	0.3391	0.4139	-0.1974	1.5218	0.6364	-0.2027	-1.2399	-0.8965	-0.4222	-1.3366	0.9132	-0.0386	-1.0172	-0.9605	-1.2808	0.7788	0.1844	-0.2140	-0.1315	-0.0778	0.9575	-1.0293	1.1203	-0.2416	0.4269	-0.8673	0.1875	0.0386
-0.0636	-1.0159	0.2868	-2.0284	-1.3278	-0.0873	-0.4150	-1.1879	0.3810	-0.5899	-0.9676	-1.3082	-1.4546	-1.7937	-2.1442	-0.3066	-0.6868	1.4575	0.1346	0.9137	-0.5832	0.5538	-0.9460	-0.9266	1.2872	0.8981	-0.2899	-1.1879	-0.5904	-0.8515	-1.4797	0.0320	-0.3062	0.6218	0.4530	-0.8440	-0.0302	-1.6650	-1.3969	0.7210	-1.4654	0.9839	-1.3661	0.4065	-1.1834	-1.3536	-2.6702	0.6524	-0.8965
-0.4908	-1.9258	-0.0641	-2.6483	-0.7490	-0.2949	-0.2590	-1.0538	1.0500	-0.8988	-0.8694	-0.3170	-2.3370	-0.4221	-2.2041	-1.3027	0.3676	1.6880	0.6617	1.5138	-0.6811	0.2655	-0.8099	-1.0572	0.4191	1.1012	-1.3506	-1.2696	0.2457	-1.1938	-0.8694	0.7144	-0.0890	1.4355	-0.0490	-0.2001	-1.4233	-1.2600	-1.4801	0.1410	-1.6790	1.0064	-1.7161	-0.3334	-2.0219	-0.1609	-2.1152	1.2337	-0.1375
0.2750	-1.5581	-0.8758	-2.3386	-0.4872	-0.6679	-0.4554	-1.7170	1.7448	-1.3648	-1.3237	0.2187	-2.0596	0.1514	-0.6666	-1.7650	0.5160	1.7305	0.3853	1.4705	0.0130	-0.1252	0.2476	0.7347	0.1552	0.9840	-0.5144	-2.0059	-0.1390	-1.1685	-1.0838	1.6936	0.3715	1.1537	-1.0161	-0.1626	-1.0522	-0.9462	-1.5041	0.3486	-1.1811	0.5216	-1.7856	-0.4553	-2.0418	0.2126	-1.8776	1.1465	-0.6014
-0.2464	-0.4650	-2.0830	-1.4438	-0.4993	-0.4229	-0.4589	-1.7136	1.2248	0.1316	-0.5865	0.4646	-1.3395	-0.2076	-0.3760	-1.1199	-0.6602	1.8302	-0.1634	1.5045	0.7909	-0.5369	0.4007	0.8129	0.1454	0.7325	-0.4479	-1.4637	-0.6345	-1.4244	0.9632	0.1763	0.3184	1.0889	-1.3602	-1.0020	-0.9454	0.1467	-2.2776	0.0974	-0.3819	-0.9645	-0.1026	-0.5967	-0.0459	-0.0592	-1.0793	-0.1863	0.5140
0.0674	-0.7389	-1.3211	-0.5334	-0.1997	-0.3166	-0.6006	-1.8896	0.2129	-0.9940	-0.4603	-0.5905	-0.4845	-1.0099	-1.4585	0.0133	0.2023	1.3313	0.2545	0.9822	0.3882	-0.2111	-0.7612	-0.3477	0.2461	0.1023	-0.3460	-1.9934	-0.2170	-2.4600	0.9199	-1.0364	1.1702	-0.6534	-0.7745	-1.9050	-0.6224	-0.1801	-1.8629	-0.2759	-0.4068	-0.6035	-0.5367	0.7911	-0.4341	-1.1633	-1.8738	-0.7923	-0.9822
-0.0175	-0.3181	-0.3822	-0.8992	-0.3191	-0.1361	-0.8634	-1.1110	-0.4825	-0.7027	0.6716	-0.0330	-1.4167	-0.4220	-2.3430	-0.1171	1.9653	0.8525	1.1111	0.4012	0.0923	0.3311	-2.2032	-0.4920	-0.3193	-0.1934	-0.1621	-1.7245	0.3537	-2.4184	0.2173	-2.0371	1.4172	-0.3087	0.3160	-1.2625	-0.1800	0.8226	-0.1763	-0.1315	-0.1620	0.3562	-0.4911	1.6096	-0.2913	-0.9459	-1.8829	-0.2962	-0.7260
0.4190	-1.1649	-0.3377	-1.0772	-0.7799	0.6208	-0.7465	-1.4227	0.3915	0.1315	0.5839	1.2459	0.5428	-0.6235	-1.5333	0.0169	0.9566	0.5955	0.8097	-0.0836	-0.9127	0.2229	-1.2301	-1.0444	0.1923	-0.2266	1.2274	-0.9276	-0.2477	-1.0100	-0.3589	-0.3616	1.3002	-0.0032	0.5010	-0.1331	0.1572	0.1550	0.8412	1.0949	0.2564	-0.5764	-0.7125	2.3380	0.8770	-2.4534	-2.3668	0.2236	-2.2566
-0.1749	-0.4941	-0.8050	-1.1646	-0.2225	-0.2698	0.1707	-1.6413	0.8857	-0.6428	0.4847	0.5521	-0.2782	0.3316	-1.4072	-1.8218	0.2003	1.2639	1.9751	0.8050	-0.8390	0.9026	-0.0473	-1.3019	-0.1738	-0.7204	1.4429	-1.7317	0.8425	0.1338	-1.6806	0.0217	0.6152	0.5803	0.1601	-0.2483	0.7960	0.1677	1.6890	1.1806	-0.1258	1.0369	-1.0783	2.1939	0.4406	-0.7965	-1.3150	0.4938	-1.0569
0.3730	-0.5942	-0.5110	0.5439	0.2955	0.1043	-0.4005	-2.2813	-0.0208	-0.4340	-0.1827	0.2818	0.0102	-1.0479	-0.9531	-0.4241	-0.3596	0.2304	1.5820	0.7075	-0.4283	1.1946	0.1139	-0.3951	0.1201	-0.1315	0.6532	-0.2349	-0.6471	0.3112	-0.2312	-0.0157	0.4641	0.6871	-1.7054	-1.5261	0.4822	-0.0854	0.9576	1.0300	-0.2391	1.0938	-1.2485	1.3898	-0.4292	-0.0343	-0.5681	-0.2860	-0.4475
0.5602	0.6410	0.3602	0.3758	0.4747	0.1868	-0.5616	-1.6339	0.5943	-0.9773	-0.4117	-0.1618	0.1615	-1.3722	-0.6220	-0.0422	-0.4335	0.8236	1.4687	0.8297	-0.0450	0.7322	0.8636	-0.9979	0.1835	-0.0210	-0.0280	0.5201	-0.8540	-0.1434	-0.1148	-0.2990	0.5845	0.3874	-1.5407	-0.7413	-0.0925	-0.5090	-0.0247	0.8099	-0.8824	0.3409	-0.9584	0.2719	-0.1907	0.0013	1.7927	-0.6407	1.6687
0.5509	0.3350	-0.3378	-0.1168	0.4816	0.5663	-0.3912	-1.0050	1.9087	-0.0995	-0.7724	0.6579	-0.5854	-0.5342	-0.1640	-1.1901	-0.8560	0.4502	1.2500	-0.0777	0.0487	0.2230	0.4050	0.0371	-1.1506	0.3284	-0.1972	-0.4001	0.0246	0.1246	0.3496	-1.4597	0.2157	0.6086	-0.9118	0.1643	0.0246	-1.2416	-0.0098	0.5569	-1.1670	1.0378	-0.7830	0.2230	-0.1941	-0.0451	1.6609	0.0061	1.9598
0.2908	-0.1323	0.5028	0.3092	1.0509	1.0095	0.2033	-1.3531	1.9507	-0.7341	-1.1055	-0.8215	-0.3983	-0.5357	0.0654	-1.5402	-0.1068	1.2106	1.7650	0.5551	-0.6959	0.1212	-0.3604	0.2152	-0.9031	0.8422	1.5485	1.1359	-0.6502	1.5416	-0.2304	-1.3322	0.4643	0.9300	-0.3074	1.2055	-0.1597	-0.5047	0.3681	-0.2488	-0.6411	1.2676	-0.0808	0.5303	0.0660	0.3930	-0.4484	1.0962	0.6326
0.2859	0.2913	0.4096	0.2325	0.8496	0.3502	0.1253	-0.9848	0.4797	-0.0893	0.5237	-0.5588	-0.4574	-1.2636	-0.5172	-0.8030	0.1040	1.0021	1.4554	0.6873	-0.5764	-0.0075	-0.6464	0.2574	-0.3251	0.2034	0.1109	1.4668	-0.9223	2.3493	-0.9380	-0.6863	0.9137	1.5852	-0.8376	0.8007	0.1606	-0.1692	0.4363	0.1830	-0.1660	0.6191	0.7710	0.4470	0.4849	1.3009	0.8199	0.9384	1.6563
0.6597	-0.2594	1.2506	0.6335	0.1082	-0.1647	-0.1183	-0.7762	1.2504	-0.3148	-0.0488	-0.3750	-0.3097	-0.8657	-0.1882	0.0429	-1.0240	0.2055	1.2901	-0.3152	0.9904	-0.1217	-0.2220	-0.2622	0.7053	-0.4530	-0.8048	1.8394	-0.0328	1.9538	-0.2582	0.5346	1.3516	0.0161	-0.9287	0.8226	0.2626	-0.5521	-0.3365	0.3044	0.1695	0.7096	0.5286	-0.4057	0.0556	-0.8291	1.0876	0.2997	0.3521
0.2424	-0.0773	0.4645	-0.1055	0.0329	-0.5652	0.6966	-0.5232	1.1759	-0.2013	0.8045	-0.7456	-0.5978	0.2277	0.6839	-1.0104	-0.9818	-0.0130	0.9239	0.2888	-0.4601	-0.8744	0.7502	-0.2542	0.1639	0.3888	-0.7037	1.2002	0.1812	1.1398	0.0158	0.2788	0.5698	0.4720	-0.3035	1.2551	-0.3311	0.1003	-0.7291	0.1231	0.7848	0.0143	0.5635	-0.0212	-0.2888	0.0275	2.3273	0.7590	0.6504
0.1182	-0.2342	0.1452	0.0609	0.2655	-0.4216	0.6954	-1.3253	1.2612	-0.5891	0.0486	-0.8300	-0.0802	0.8933	0.9784	-0.0399	-0.3594	0.8693	-0.4810	0.8102	0.4165	-0.6299	1.0887	0.9438	0.5304	0.6710	0.0637	0.9710	0.0834	-0.2744	0.9078	-0.0430	0.8077	0.5543	0.5506	0.0913	-0.5548	1.2033	-0.8055	-0.2303	-0.0028	0.3463	0.1809	0.3143	-1.4361	-0.8981	0.7128	1.2286	-0.8800
-0.1552	0.9124	-1.2567	0.1625	0.6627	0.2024	0.6696	-0.4980	1.1774	0.3822	0.2346	-0.4068	0.8813	0.4521	1.2483	1.4820	-0.6943	1.2130	-0.0889	1.0103	0.1395	-0.0365	0.9203	2.2506	-0.9188	-0.3885	0.1270	0.8901	-0.2385	-0.2748	0.9994	-0.2333	1.0496	1.1148	0.7355	-0.2111	0.1769	1.1477	-0.9243	-0.3277	-0.0088	-0.1968	0.7614	-0.3388	-0.4341	-0.0219	-0.3965	0.5950	0.5066
0.9390	0.9548	-0.6728	0.2207	0.4591	0.1190	0.6946	-1.5132	0.0751	-0.3974	-0.0884	-0.0427	2.0912	-0.9198	0.9799	2.6093	-0.4809	0.1743	-0.1904	0.3489	0.3265	0.9427	-0.0045	1.1375	-0.7467	-1.0750	0.5308	1.5869	-1.2862	0.5284	0.6817	0.9355	0.4448	0.1021	-0.1643	1.2044	0.8941	-0.7164	-0.8956	0.1769	0.4631	0.0501	0.0313	0.0541	0.0209	0.6435	-1.5948	0.5482	-0.3994
-0.1884	0.8875	0.2569	0.7112	0.9569	-0.0262	0.0936	0.5719	-1.6089	1.0614	0.6190	-0.9670	1.4786	-0.9948	0.6359	2.6899	-0.3241	-0.0793	-0.1900	-0.4214	0.0090	2.2285	0.0408	0.9552	-0.7263	-0.8634	1.1153	1.6626	-0.9852	0.8534	-0.4449	0.4554	0.2641	0.4436	-0.5063	2.5767	1.5217	-0.1805	-0.0171	-0.4760	1.0031	-0.4083	0.2713	-0.0627	0.5650	0.5822	-0.2839	-0.2489	-0.1153
-0.6287	0.9149	1.2472	1.6507	0.5188	0.4782	0.0142	0.4254	-1.1249	0.8762	0.7885	-1.6330	1.8697	-0.3550	0.2446	3.3108	-0.1012	0.2957	-0.4284	-1.2004	0.5090	1.5387	0.5882	0.4718	-0.0348	-0.6702	0.5837	0.8459	0.1935	1.1030	-0.5394	0.7116	0.0985	-0.4559	-1.1754	2.3608	1.3614	0.8666	-0.0237	-0.9611	1.5367	-0.4304	0.1079	-1.1646	0.6268	-1.5073	0.0630	-0.8474	-1.0986
0.3883	0.6433	0.3804	1.0230	-0.0289	-0.1216	0.5544	0.7107	0.2275	0.3550	-0.0047	-0.6536	1.4043	0.9613	0.7420	2.9785	-0.7261	0.1207	0.2430	-1.1923	-0.0679	0.3758	0.8760	0.7549	0.2515	-0.8375	-0.2760	0.3061	0.7083	0.5882	1.2546	1.0074	0.2419	-1.5080	-0.7782	0.6906	0.6689	1.1396	-0.1545	-0.9543	1.3063	-0.2509	0.6592	-0.3898	1.4013	-1.6753	0.6056	-0.9743	-1.5532
0.3483	0.3989	1.1818	0.8142	-0.4124	-0.0569	0.2996	1.2787	0.0082	-0.7859	0.0670	-0.8243	1.4416	0.6997	0.0710	1.1268	0.1695	0.6031	0.7948	-0.0509	1.8869	0.4464	0.2609	-0.2206	-0.5165	-0.6752	-0.1495	0.7460	0.5272	0.3658	1.7465	-0.0535	-0.5596	-2.3069	-0.3631	-0.2908	1.1580	-0.5152	-0.4729	-0.7936	-0.5988	-0.4816	0.2629	-0.8676	-0.0092	-1.3436	0.7519	-0.4792	0.0402
1.0715	0.6839	1.5615	0.5326	-0.0715	-0.6994	0.0104	1.7442	-0.8108	0.4206	0.0623	-0.2768	0.0656	1.0734	0.0125	0.0034	1.1420	-0.3227	0.5145	-0.0369	-0.5250	-0.6545	-0.1489	-0.3469	-1.4365	0.0651	-0.0486	0.8707	-0.1709	-0.7231	1.9780	-0.6796	-0.5742	-0.1617	0.0111	-0.4287	1.0011	-0.6157	-0.1982	0.1436	-0.2889	-0.5554	0.0828	0.1855	-0.1326	0.1527	1.2428	0.1468	1.6481
0.3073	0.7170	1.6848	0.0267	0.5669	-1.2140	-0.4578	2.5442	-0.1869	-1.1496	-0.0645	0.7242	0.0995	0.0066	-0.1261	0.1290	1.2598	-0.0721	0.4136	-0.4082	0.4319	-0.0911	0.4572	-1.7075	-0.5079	-0.7462	-0.1098	-0.0347	1.2680	-1.0036	1.5131	0.6346	-0.5322	-0.0305	-0.0256	-0.6289	0.0878	-1.5167	0.6317	1.0017	-0.5205	-0.3759	-0.1983	1.2789	-0.4312	-0.5021	1.7831	0.0874	1.2748
1.2246	0.4536	1.1743	0.6764	0.4663	-1.0971	0.1068	1.0865	0.1736	-1.7339	0.4351	0.8243	0.4711	-0.1967	-0.7433	-0.4560	-0.0323	-1.0374	0.8541	-0.4783	-1.1446	-0.9006	-0.1552	-1.2484	-0.8492	0.0665	-0.0374	-0.1330	1.0124	-1.2242	1.0695	1.1376	-0.8992	0.7010	0.2824	-1.3636	-0.1604	-0.2373	0.5732	1.7121	0.5286	-1.3255	0.0358	1.7214	-0.3364	-0.1294	0.3198	-0.2332	0.1035
0.7752	1.5869	0.4515	0.4744	0.5359	-0.6761	-0.2482	1.3635	0.5025	0.9139	0.8822	1.2267	0.7612	1.1767	-0.0337	-1.1167	-1.1573	-2.1762	0.2824	0.0511	-1.7024	-1.8796	-1.0698	0.8553	-1.2855	0.7578	-0.6065	0.2268	2.2910	-0.1372	0.9964	0.5470	-0.5768	1.6136	-0.8488	-1.7078	-0.0828	2.3770	0.3306	2.3318	0.7425	-0.7248	0.3787	1.1783	1.0364	0.9181	-0.4257	-0.2205	1.9221
0.4978	1.2887	0.6774	1.1324	0.1595	0.2533	-0.1061	0.8649	0.1031	0.3793	0.3572	0.3997	1.3914	-0.0171	0.7765	0.6866	-0.5929	-2.0316	-0.8147	-0.4232	0.0873	-1.7701	-0.5929	0.9499	-0.3880	-0.0799	-0.3876	0.3530	2.6830	0.9132	0.4758	0.6434	0.1584	-0.0439	-1.2982	-0.9075	0.4105	0.0163	-0.7446	2.6274	-0.0216	-0.3354	-0.3147	0.3802	0.6127	-0.1180	-0.9546	-0.8472	0.7282
-0.0768	0.9479	-0.1377	0.6373	-0.3621	-0.0501	0.1159	1.3524	-0.0808	0.6079	0.7586	-0.9192	0.5238	-0.2449	0.2623	0.5884	-0.9930	-0.9394	0.1439	-0.7755	-0.5437	-0.4710	-0.7088	0.0061	-0.5625	-1.1559	0.2289	0.1112	2.4280	0.8582	1.4854	-1.1448	0.0544	-0.1439	-0.0701	-0.5857	0.3355	0.2225	-0.5631	2.3206	-0.1740	-0.1408	-0.0206	0.2777	0.5441	-0.5619	-0.5095	-1.0563	-0.2667
0.7148	-0.2887	-0.3105	0.8213	-0.0688	0.0438	0.1751	0.9102	-0.4549	0.4642	0.2880	-1.1885	-0.0559	-1.0901	0.3311	0.5641	-1.2007	-1.0594	0.5687	-1.1008	-1.2017	-0.3829	-0.9016	0.7707	-1.6319	-0.7481	0.0458	-0.1944	1.5560	0.3743	1.1939	-0.7118	0.5767	0.7485	0.5451	-0.6345	0.7902	-0.0630	-0.9549	1.5114	-0.2550	0.0778	-0.1135	-0.2227	0.0256	-0.5552	-0.6391	-0.6786	-0.1701
-0.2644	-0.9254	-0.2867	-0.1512	-0.5270	-0.4027	0.7691	0.9709	-0.6967	1.0424	0.7797	-1.0971	-0.1901	0.1145	0.7554	-0.5421	-0.1968	-0.9759	1.4705	-0.9231	-0.1288	0.0476	-0.7810	0.4969	-2.5024	-0.5138	1.3682	-0.0881	0.6892	0.0066	1.2013	-0.6610	0.4579	1.1340	1.5498	0.5904	0.3602	0.1144	-0.4426	0.7512	0.1765	0.3508	0.9833	-0.7151	1.4788	-0.3675	-0.3724	-0.2540	0.4083
-0.7822	-0.8371	0.7643	1.2569	-0.6258	0.4753	0.5760	0.8826	-0.7125	0.1145	-0.8109	-0.5984	0.9605	0.3995	0.5570	0.4602	0.3696	-0.3252	0.6217	-0.9182	0.6917	0.0641	-0.3934	-0.4053	-0.5875	-0.4590	0.9978	-0.0384	-0.1084	0.0999	0.8263	-0.0385	-0.4281	0.1063	1.3406	-0.0293	0.1772	-0.3982	-0.9095	-0.2935	0.0189	0.4430	0.2517	-0.8314	0.6938	-0.7291	-0.5301	-0.4417	-0.4906
0.1655	-0.3543	0.7462	1.4959	0.2996	0.4980	0.5207	0.6523	-0.4205	0.2968	-0.5977	-0.0238	0.8718	0.9316	0.8916	-0.2017	0.2822	0.0996	0.5870	0.0101	-1.1349	-0.2349	-0.3349	-0.0493	0.4403	0.0468	0.1498	-0.6803	-1.8697	-0.6263	-0.5176	-0.2406	-0.8650	0.8767	1.5737	-0.2812	0.1406	-0.9587	-0.9333	-0.4845	-0.7362	-1.1413	0.8025	-1.0532	-0.4244	0.6509	-0.4801	-0.5404	0.2712
-0.6417	-0.8067	1.5773	0.1758	-0.7731	-0.3394	0.6354	0.6334	-0.1503	-0.4296	-1.1971	0.1439	0.7020	0.7101	0.9446	-0.7111	0.7895	0.5172	-0.1243	-0.0510	0.0757	-0.0596	-0.4551	-0.4677	1.4991	-0.8699	-0.6392	-0.6592	-1.3001	-0.7108	-0.4177	-0.5543	-0.9059	-0.1691	1.1947	-0.2324	-0.9305	-1.3599	-0.6328	-1.7355	-0.7630	-0.6891	0.1924	-1.6790	-0.3270	0.3229	-0.0190	-0.6429	0.1296
-0.5737	-1.0198	0.3099	-0.0378	-1.0516	-0.2286	0.8114	0.2329	0.3317	-0.0768	-0.6458	0.2895	0.2138	0.1291	1.1398	-1.1093	0.3929	-0.5076	-1.0407	0.3837	-1.5269	-0.6471	0.2370	0.1677	0.7328	-0.2636	-0.9098	-0.5098	-1.7254	-0.7720	-0.7628	-0.3945	-0.8085	0.6112	1.2400	-0.2578	-1.1197	-1.0015	0.0158	-1.7032	0.0195	-0.7737	0.5341	-0.6734	-1.0489	0.6258	-0.0469	-0.1273	-0.4209
-0.3483	0.4194	-1.3390	-0.3718	-0.3148	0.3602	1.1203	0.3854	0.6558	-0.1865	-0.8348	1.2696	0.3105	-0.0573	1.1934	0.1279	0.4643	-0.6359	-1.4791	0.9027	-1.2438	-1.0652	0.8767	0.3395	-0.0505	0.2161	-0.9452	-0.3547	-1.3018	-0.1624	-0.1028	0.3200	-0.5059	0.1540	1.4034	-0.8163	-1.0924	0.2050	-0.5050	-0.6042	-0.1393	-1.2253	0.9423	-0.5446	-0.4314	0.8946	0.2910	-0.2087	0.3384
-0.6214	0.3252	-1.3789	-1.4610	-0.9215	0.1384	1.0206	0.4133	0.7176	0.1675	-0.3710	0.6835	0.3717	0.7646	-0.4059	-0.8509	1.1323	-0.0522	-0.2873	0.5401	-0.2842	-0.0335	-0.3764	0.2941	-0.1547	-0.5774	0.1312	-0.5672	-0.8359	-0.7887	-0.5650	-0.0180	0.5656	-0.4534	1.0269	0.1763	-0.3670	-0.1992	-0.2657	-0.2662	-0.2537	-0.6564	0.6887	-0.4086	0.0743	0.0699	-0.3100	0.0093	0.0650
-0.8780	-0.1722	-0.3052	-1.1283	-0.8008	1.2574	0.7918	0.5141	-0.2197	0.6303	0.5779	0.3646	0.6816	1.2001	-1.5464	-0.8720	1.7358	0.9364	0.6478	0.4525	0.6892	0.2607	-1.6154	0.2264	-0.7176	-0.9765	0.0354	-0.2943	-0.4282	0.4698	-0.4321	0.0881	-0.0824	-0.4092	1.3348	0.8687	-0.5213	0.1670	-1.1046	-0.3843	-0.1533	0.5808	0.4019	-0.4844	0.1377	-0.4104	-0.6224	0.5674	-0.1240
0.2587	-1.3710	-0.2559	-0.3439	-0.8514	0.3156	1.0550	0.1538	-0.2896	1.0183	-0.7420	0.7975	0.0448	1.7677	-1.0421	-0.4982	0.6948	0.7397	0.9429	-0.2813	1.1856	-0.2925	-1.2131	1.2140	-0.6241	-0.3008	0.1214	-0.9898	0.0832	0.1132	0.3799	-0.2737	-1.1388	0.1443	1.3359	-0.3704	-0.5151	-0.6237	-0.7875	-0.9327	-0.7253	1.1289	0.1515	-0.3256	0.2075	-0.3847	0.4272	0.2871	-1.1639
-0.0898	-1.1411	0.5885	-0.0083	-0.2440	-0.2541	0.7127	0.0198	0.0241	-0.0963	-1.3511	-0.1799	-0.1135	1.3214	-0.7679	-0.4193	0.4163	0.4903	0.3550	-0.0064	0.9934	-0.8137	-0.9748	-0.1864	0.2935	-0.0379	-0.3100	-0.7266	0.1824	-0.6018	0.7172	-0.6988	-1.2662	-0.4498	1.5696	-0.3494	-0.4092	-0.8616	-0.5539	-0.9304	-1.5027	0.2329	0.6012	-2.3203	0.2148	0.9619	1.6979	-0.0634	0.0092
-0.9560	-0.6702	0.1892	-0.9427	-0.7650	-0.4954	0.8293	-0.4530	0.4833	-0.5609	-0.7405	-0.7873	-1.6287	0.6109	-0.4713	-1.3800	-0.0063	-0.0335	-0.2442	-0.1227	-1.2425	-1.2420	-0.9065	-0.6325	0.1362	-0.1562	-1.2315	-0.2470	-0.7246	-0.5819	0.9835	-1.8244	-1.2484	-0.3395	0.6333	0.0108	-1.1863	0.3263	1.0641	-1.0429	0.1369	-0.3383	1.2869	-2.2645	0.2621	1.8524	2.8155	0.3722	1.4267
-0.9097	0.3305	-1.4591	-1.2335	-0.7879	0.3625	0.1692	-0.3151	0.5599	-0.9325	-1.1263	-0.2267	-0.8583	-0.2684	0.6418	-0.1158	0.2308	-0.3208	-1.5061	0.0022	0.3216	-1.1261	0.3061	0.2599	0.9310	-0.0787	-0.3618	-0.2794	-0.9150	1.0276	0.2929	-0.2107	-0.5148	-1.1553	0.1999	-0.2917	-0.8154	1.0363	1.1507	-0.8362	1.0923	-0.3007	0.9452	-0.3044	0.1038	1.7925	1.3528	0.6276	0.1590
-0.4912	-0.2630	-2.3732	-0.6953	-1.0614	0.5211	0.6941	-0.4688	0.5263	1.2254	-0.0019	0.5550	-0.4746	0.6424	0.0596	-0.4192	0.1247	-0.5110	-0.6388	-0.4146	0.4250	-0.8441	-1.1772	0.7294	-0.3917	-0.7322	-0.0588	-1.3353	-0.5002	-0.0402	-0.3014	-1.5999	-0.2608	-0.4558	1.7904	-0.5098	-0.1137	0.0057	0.7995	-0.5186	0.2075	-0.9694	1.5296	-0.4694	0.2487	0.9559	-0.4830	-0.3133	0.8301
-0.2618	-0.7050	-0.0014	0.1385	-0.9640	0.8530	0.5014	-0.6811	-0.5227	0.3106	-0.5135	1.0877	-0.3098	1.3146	-0.6895	-0.0584	1.2566	-0.5401	-0.3720	-1.1919	1.0434	-0.2165	-2.1117	0.2034	0.3448	-0.8711	0.1842	-0.8467	0.0373	-1.8065	-0.8602	-1.3600	-0.0696	-0.7354	2.1299	-0.0417	-0.3883	0.1214	0.0506	-1.3707	0.2510	-0.4462	0.6335	-0.8350	0.2314	-0.6447	-1.9811	-1.2660	-0.1748
-0.3640	-1.0553	-0.3818	-0.5448	-0.9406	0.7263	-0.0382	-0.1623	0.2075	0.3116	-0.2856	0.5928	-0.3450	2.1815	0.0287	0.2475	-0.1813	-0.3789	0.0177	-1.2616	-0.2708	-0.6820	-1.0097	-0.0475	0.4046	-0.9274	0.5092	-1.1276	-0.0275	-1.1323	-1.4767	-1.0459	-0.7204	-0.0670	2.2098	-0.1782	-1.4298	0.0783	0.9770	-0.8632	1.1930	-0.3107	0.4851	-0.1627	0.2129	-0.3981	-0.2799	-0.9000	-0.2990
-0.0937	-0.8316	0.7869	-0.9992	-0.6351	0.3386	0.4977	-0.2682	0.8962	-0.4673	-1.4630	-0.9156	-0.2796	1.0185	0.4063	0.0441	-0.9207	0.9959	-0.1628	0.0868	0.4150	-0.6875	0.2708	-0.5388	1.5294	-0.1616	0.5539	0.9429	-0.8488	-0.0338	0.2046	-1.0557	-0.8799	-0.0648	1.5489	0.3682	-1.3434	-0.0256	-0.6162	-0.1934	-0.7095	-0.7150	0.6008	-1.5958	0.2911	0.3796	0.4007	0.2391	0.8678
0.2586	0.6026	-0.8792	-0.5153	-0.0994	-0.1052	0.2484	-0.5296	0.4541	-0.1196	-0.9347	-0.0697	-0.9206	0.1448	-0.0881	0.0498	-0.6362	-0.0195	-0.9487	-0.4503	-0.4026	-1.3836	0.4833	0.9562	0.5998	-0.0359	0.0434	0.3774	-0.4726	-0.1993	0.9337	-1.1730	-0.7121	0.7195	0.5164	-0.4825	-0.6290	1.6595	0.3420	-0.5269	0.0745	-0.7209	1.9639	-1.2121	0.1354	2.0201	1.2896	0.2591	1.6984
0.3717	0.4209	-1.2444	-0.2262	-0.3499	0.6259	0.4729	-1.2837	-0.3094	-0.0720	-0.5177	0.5811	0.5103	0.0301	-0.2235	0.6456	0.2263	-1.0204	-1.8341	-1.0752	0.8026	-1.1947	-0.5842	0.2582	1.1517	-0.5673	0.1105	-0.0517	-0.4270	-0.1462	-0.4189	-0.7622	-0.5205	-0.1971	0.3797	-0.3038	0.1536	0.7607	1.2767	0.3265	-0.2417	-0.3113	1.9418	0.2344	0.3124	1.5386	-0.0068	0.4756	0.2235
-1.5452	0.2764	-0.2380	0.0427	-1.1938	0.1362	0.4954	-1.0120	-1.0638	-0.9557	-0.1595	-1.1338	1.4094	0.8383	-1.0028	-1.1138	0.6835	-0.5891	-1.1667	-1.4622	1.0790	1.9531	-1.0792	-0.4684	1.1668	-1.9327	1.6498	-0.1350	0.3416	-0.8052	-2.3157	-0.7781	-0.5871	-1.2856	0.4648	2.0183	0.3057	0.5827	1.9871	-0.0876	0.2865	1.4928	1.6502	-0.2692	2.3056	-0.3126	-0.9275	0.4581	-0.2359
-1.6515	0.3885	0.1801	2.0729	1.3354	2.5554	-0.1370	-1.2799	0.2538	2.2553	-1.1522	-0.6752	1.0418	0.8326	0.8457	-0.2420	0.2895	0.8286	-0.3245	0.3459	0.7824	0.5730	0.6222	0.6371	-0.2782	-0.8861	-0.2878	1.5035	1.2782	1.2063	-1.8163	1.0798	-0.7552	-0.3376	0.4023	2.1226	-0.3830	-2.6064	1.5947	1.3660	-2.2828	2.1393	0.4031	-0.4368	1.8366	-0.1926	1.1602	-0.1670	1.7630
0.5795	0.1343	0.9187	2.6070	1.9101	1.3056	-0.7432	-0.6425	0.1980	1.6335	-1.5560	0.5931	-0.0382	0.3753	0.3216	0.2771	-1.6737	-0.1292	-0.4356	-1.1966	0.5117	0.3661	-0.0447	-0.3541	1.4548	-0.1800	-1.2884	1.8638	0.4308	1.7273	-1.5478	1.5298	-1.3683	-0.9059	-0.7248	0.9533	-1.5043	-1.0349	0.6524	0.1371	-0.2112	1.8012	-0.1909	-0.3083	0.0641	0.6285	0.6778	-1.4460	1.2632
-0.2199	1.7016	-0.4375	1.8836	1.5067	0.7138	-0.9331	-0.2092	0.0204	-0.0954	-0.8787	0.3349	-1.3160	-0.3589	1.0476	0.0595	-1.9675	-0.7351	-1.0637	-1.7230	-0.2981	0.8847	0.6324	1.4173	0.7086	-0.5306	-0.8303	1.2994	0.0156	1.3208	-1.0483	1.2230	-1.0019	-1.2198	-1.4092	0.6691	-1.0260	-0.5258	0.7227	-0.2358	1.0683	1.8936	0.0509	-0.1783	0.2391	1.2753	0.5510	-1.1576	1.0289
-1.0511	1.4090	-0.2458	1.9395	0.4750	1.7969	0.2791	-0.9745	-0.3267	0.1739	-0.2866	-0.5736	-1.0824	-0.7410	-0.0626	0.1398	-0.5226	-0.7297	-1.2165	-0.9766	-1.1308	1.5862	-0.9523	1.8594	-1.1221	-0.6213	-0.3101	1.1815	-0.2514	0.3389	0.4301	-0.3594	-0.7016	-1.1004	-1.5583	1.5178	0.3102	-1.0554	0.1384	0.0017	0.6028	1.5229	1.0865	-0.9246	0.8320	-0.7562	-1.4678	-0.5188	0.0403
-0.6024	0.2832	-0.1072	-0.0469	0.5024	1.4987	0.4770	-0.7371	0.0486	1.1123	-1.9924	0.1152	-0.9722	0.1767	-0.4586	0.6705	0.2264	-0.8253	-0.3834	-1.1975	-1.5765	0.6244	-0.8204	1.2866	-1.7413	-0.9139	-0.2210	-0.1626	-0.0805	-0.0395	1.0054	0.0830	-0.5332	0.1071	-1.2455	0.8648	-1.3006	-0.8400	0.2791	0.9508	0.3306	1.9675	0.1846	-0.1403	1.5933	0.4314	-0.2663	-0.1324	0.5496
-0.0329	0.0139	0.9588	-0.8573	-0.0851	2.1102	0.5549	-1.1068	0.7335	-0.7988	-2.5496	0.0205	-0.7159	0.9646	-1.7741	0.2759	1.1074	-0.3309	0.3133	-0.7428	-0.1497	0.2719	-1.5722	0.2543	-0.9117	-0.9802	0.8322	-0.3496	0.0631	0.9448	0.8424	-0.7316	-1.6656	0.1754	-0.8310	1.3268	-2.0072	-1.6415	-0.1149	1.4179	-1.0353	1.1213	0.1414	-0.6546	1.0974	-0.1040	-0.9042	0.9323	1.6248
-1.3862	-0.0188	-1.1545	0.4651	-1.4228	1.2840	-1.0693	-1.0532	-0.4120	1.9469	0.1158	0.3167	0.1814	1.1234	-1.4333	-0.1928	0.9576	-0.3984	0.1573	-0.3907	-0.0171	1.3112	-0.7706	-1.0815	-1.5988	0.8044	0.8763	-2.1216	-0.4424	-1.2408	0.7680	-0.4453	0.8883	2.2173	-0.8373	-0.7144	-0.1257	1.1219	1.1968	0.1953	1.6661	0.5120	-0.3830	1.0462	0.7367	-0.1937	0.8093	1.3427	0.5648
-4.3401	-2.1003	4.0151	-0.4836	-2.8801	-5.6522	-9.4560	3.7157	-4.7005	3.6602	5.1830	-1.5468	1.6585	-5.1785	-2.0568	3.1254	1.4515	0.3382	-1.1064	-1.5889	5.9158	4.8388	1.7127	-4.2450	-0.2527	5.9414	-2.5396	-2.6648	-1.9513	0.6366	0.8671	1.8139	3.1319	-2.1123	-4.3891	-2.2863	4.7591	5.3043	-2.3095	-3.8886	4.4101	-0.6737	-4.2229	2.2866	-1.8452	-2.6648	0.9745	-1.3697	-4.5862
2.4185	-1.9338	1.7507	-1.8685	4.6685	-4.2434	2.0291	1.9208	3.5862	-5.3147	2.3256	2.9687	-1.3477	-1.6399	0.9014	-1.7346	1.0761	3.7500	2.7763	4.2672	0.8005	2.1020	4.7662	0.8667	0.6262	2.4584	-0.5801	-1.0522	1.5314	2.3522	-1.0414	3.0969	1.4731	-0.2390	-1.6528	-0.4873	0.5588	-1.3550	-1.9952	0.2030	-4.1866	-2.9950	-6.5375	1.3619	-1.8981	-2.6684	-2.1149	-0.0778	-5.0543
3.1558	1.2578	-0.5145	-0.0699	3.6663	-2.5918	1.7807	-0.1571	0.7560	-0.5795	2.1578	0.4978	0.3378	0.1968	2.3155	-2.0680	0.1466	1.1056	1.1528	3.7594	-2.2783	-1.2485	2.8269	-0.3961	0.6531	1.6237	0.8657	0.8098	1.0480	0.6371	-0.2870	1.9800	2.2139	0.3569	-0.5823	-0.8126	0.2255	1.1612	0.6130	0.7052	-0.2759	-1.6195	-1.8352	1.7072	-0.1737	1.4593	-0.4814	1.5932	-0.9954
1.9143	1.7938	-0.8480	-0.2783	-0.2049	-0.6323	-0.5438	-0.5750	-0.6374	-1.7546	0.8763	-0.5486	0.2654	-2.1153	1.0453	1.4105	-0.0664	-0.4229	-0.0924	1.8820	-0.6788	-1.3145	1.7173	-1.0035	1.0059	0.8059	0.4234	1.8216	0.1504	0.0026	-0.2454	0.5690	1.6457	0.5314	-0.7107	-0.7525	1.4704	1.0689	0.4277	0.7628	0.6819	-0.8879	-0.4030	1.7950	-2.0814	0.0460	0.0158	1.4431	-0.3597
1.6009	0.5368	-2.1504	-1.3738	-0.7901	-0.0665	-0.5622	0.5416	-0.7910	-0.9116	1.6838	-0.4163	-1.0248	-1.7316	0.2127	-0.0155	-1.5960	-0.3518	0.2328	1.5902	-0.9361	-1.4738	0.8083	-0.9076	0.5824	0.6220	0.4140	0.6201	0.3219	-1.5346	-0.1653	-0.4421	1.2553	1.5135	-0.3196	-1.0315	1.4792	0.3181	0.0435	0.7942	0.1527	-0.6921	0.1247	1.7124	-2.4548	-0.4260	0.0401	0.4318	0.1357
1.1330	-1.6963	-1.0294	-1.6655	-1.1964	0.1764	-0.4542	0.3883	-1.1973	-0.4483	1.8174	-1.1841	-0.7349	-1.2706	-1.1248	-0.3373	-2.1004	-0.0843	0.5145	0.1042	-0.8828	-0.9394	-0.6612	-0.8258	1.2838	-0.2014	0.7328	0.2482	-0.0881	-1.9205	-1.2786	-0.9650	0.6254	0.4906	-0.3134	-0.0390	1.1992	-0.7491	-0.1932	0.3587	-0.5429	-0.0025	-0.4965	0.7940	-1.2503	-1.1586	-0.4691	0.2995	-0.6411