IC05	IC08	IC09	IC15	IC16	IC17	IC18	IC19	IC20	IC23	IC24	IC26	IC27	IC29	IC31	IC33	IC36	IC37	IC38	IC41	IC42	IC43	IC44	IC45	IC46	IC47	IC48	IC49	IC50	IC51	IC54	IC56	IC58	IC60	IC62	IC63	IC64	IC65	IC66	IC67	IC68	IC69	IC71	IC72	IC73	IC74	IC75	IC76	IC77
0.6142	-1.9524	-1.1248	-1.3946	-0.7760	-1.1438	0.3412	0.2291	0.5252	0.5215	-0.9282	-0.0250	-0.6477	0.1242	-1.0026	-1.6611	-1.4628	-0.3792	1.3424	-0.6451	-2.4671	-1.4772	-1.4888	0.9063	-0.5550	-3.0696	-0.5994	-1.5852	-0.4334	0.7407	-0.2192	-1.7458	-0.4728	-0.3655	1.2911	-1.9154	0.3356	0.4648	-0.8625	-1.4966	-2.0935	-0.5687	-1.9588	-1.8247	-1.8469	-0.4350	2.0665	1.2470	-0.0501
-0.2628	0.0333	-0.2603	-1.0795	0.3986	-1.2486	-0.6865	-1.2909	-0.2722	-0.9182	-1.5919	-0.1318	-1.1478	-0.0366	-0.2464	-0.9544	-0.5553	0.0868	0.9904	0.1925	0.1106	0.4188	-0.2779	0.0167	0.0856	-0.2282	-1.5001	-1.6618	0.9839	-0.4320	-0.4448	-0.7352	-0.5560	-0.4948	0.7326	-1.1368	-0.6674	-1.1347	1.2406	-0.2094	-0.7704	1.4240	-1.6358	0.8290	-1.6513	0.2322	2.0512	-0.3506	1.3428
0.1771	0.4598	0.2284	3.0066	0.7143	1.9891	-3.0815	-0.7574	-0.3489	-1.7685	-0.6668	-0.6088	1.2592	0.2699	-1.1109	1.7339	0.6854	0.0849	-0.5885	0.7722	0.6068	-0.0924	1.0733	0.5870	0.1178	0.9923	0.0506	0.0778	0.4329	1.1215	-0.0751	0.2591	1.0585	0.2763	1.1830	0.8757	0.3609	-0.7968	1.8227	0.4669	-1.0778	1.9139	-1.2716	0.1677	1.9068	-0.5565	-0.8137	0.1736	0.5725
0.5266	2.1022	-0.4196	0.2214	1.2752	1.1354	-0.7891	-0.1253	1.4131	-1.0218	1.2949	1.4586	-0.0421	0.3233	0.6949	0.8164	0.0437	0.9546	-0.1562	0.6462	-1.0251	0.1823	1.8388	-0.4673	0.4442	2.1154	0.0545	0.7710	0.1007	-0.9574	-0.1040	1.1477	1.1067	1.4022	-0.2627	-0.0981	-1.4379	0.4358	-0.8212	0.4057	1.2214	-0.6154	-0.1055	2.3319	1.1675	0.7624	1.6634	0.4830	0.4661
0.8828	2.3009	1.0017	-1.5427	2.1841	-0.9635	1.1136	-0.0193	1.8399	1.4865	0.9765	3.3384	-1.6623	0.1049	1.7984	-1.5007	0.0264	2.9918	0.8196	0.8664	0.3070	1.8052	0.8132	-1.3036	1.6696	2.5438	-1.3946	-0.0521	1.0439	-1.1768	-0.1531	1.2069	0.6648	1.4408	-0.0554	0.3918	0.3940	0.6347	0.9274	1.3538	2.6707	-0.1593	0.8449	1.7721	-1.5341	-1.4059	1.7306	1.0329	1.1118
1.1160	0.2832	2.0868	0.2061	0.8972	0.2007	-0.8168	0.1346	0.9028	-0.6426	0.6229	1.3977	1.7944	0.9331	1.1520	-0.5769	0.4943	2.1549	0.5098	-0.5287	1.7693	0.7187	0.8803	0.3449	0.6137	0.9044	-0.3123	-0.3305	1.4174	0.7620	-0.3857	0.0598	0.5313	1.1726	1.7449	0.5765	2.1029	-1.1419	0.6839	1.7062	1.2656	1.0424	0.1744	0.2334	-0.0491	-0.2669	-0.5173	1.2249	0.8891
1.9474	-1.3513	1.3790	1.3157	-1.0612	-0.2066	-0.4691	0.9011	1.9609	-0.7054	1.0318	1.1581	0.4434	1.0943	-0.8021	1.2620	-1.8801	-0.3081	-0.5237	-0.1075	-0.0764	-1.0759	-0.2817	1.2810	-0.9113	-0.1923	-0.5312	0.2230	1.0195	0.9713	0.5931	-0.6690	0.6165	0.7772	1.0988	-1.7524	1.9754	-0.7670	-1.3940	-0.0599	-0.5563	0.3334	0.8123	-0.9854	-0.3745	0.1951	-1.3201	0.6570	-0.2546
0.4756	-1.2124	2.0530	-0.2565	-0.4834	-1.5203	0.2093	0.1102	0.5101	0.8401	1.5326	-0.7949	-0.8476	0.5517	0.0115	-0.2293	-1.1422	-1.1685	1.4685	-0.0461	0.6627	-0.3272	-0.0804	0.2294	-1.5709	-0.9759	-0.6142	-0.8755	2.2761	-1.3603	1.3441	-0.6732	-0.1827	0.3054	0.8855	-2.2291	-1.4538	1.0494	0.8466	0.5882	-1.3158	0.7881	-0.2555	-0.3801	-1.4215	-0.5689	-0.2554	1.4689	-0.1954
-0.0872	0.5763	0.6123	-0.3677	0.5191	-1.0357	0.4115	-0.0944	0.0528	0.3322	0.4654	0.2178	-0.4204	-0.9384	0.3998	0.9194	-0.8361	0.1769	1.4070	0.0253	1.3272	0.5660	0.1863	0.5431	-0.0323	1.0024	0.2312	-0.2679	1.4754	-1.4837	0.4207	1.0883	-0.6990	1.0608	-0.0320	-1.1195	-0.3967	-0.6729	0.2168	1.3080	0.0730	-1.1011	-0.0833	0.9127	-1.2291	-0.0617	0.5172	-0.5139	0.6519
0.6684	0.9078	-0.7583	1.3225	-0.2775	-0.2338	0.2310	0.4856	1.6555	0.1198	0.5984	0.9739	0.2992	-1.0412	-0.1065	0.5458	-0.9301	-0.7331	0.0802	0.0996	-0.8437	-0.5342	0.7856	0.0630	-0.4506	0.4893	-0.3563	0.1185	0.2715	0.5076	-0.2369	0.5302	0.1275	1.3955	-0.1089	-1.4378	1.1522	-0.3976	-1.4326	1.3042	0.0792	-1.2574	0.9166	-0.0874	-0.1225	1.5688	-1.3298	0.3554	0.4498
-0.5934	0.2714	-0.4732	-0.0970	-0.9353	0.0927	1.4447	-1.0905	-0.6929	1.4942	0.4915	-1.0333	0.9237	-0.6771	-0.8529	-0.8501	-0.0961	-0.8180	0.1204	-0.0627	0.3589	-0.1967	-0.1838	-0.2098	-0.7374	-0.5023	1.4813	0.3769	-0.3542	0.8903	-0.3335	-0.9814	-1.4185	-0.7367	-0.3819	-0.5678	-0.2676	0.6698	-0.7461	0.0638	0.5987	-0.1629	-0.0920	-1.3630	-0.0700	-0.3943	-1.2604	0.7026	-0.2431
-1.0737	0.6615	-0.5110	-0.6301	-0.4354	0.3790	-0.0030	-0.5775	-1.1319	0.2372	0.8425	-2.1336	-0.2171	-0.4811	-1.6964	0.2461	-0.4172	-1.4559	-0.8787	0.3526	1.2648	-0.2473	-1.2058	0.8971	-0.5183	-0.4284	1.5247	0.8832	-1.3557	0.6924	-0.7197	-0.2888	-0.0463	-1.4612	-1.0849	-0.0680	0.1357	-0.5380	0.1977	-0.2040	0.0235	-0.1432	0.0188	-1.1120	0.6720	-0.4011	-2.3354	0.3966	-1.2206
-1.3953	0.6518	-0.6845	-0.3989	-0.1917	-0.8597	0.0204	-0.1079	-0.9191	-0.2318	1.0777	-2.6745	-0.5924	-0.9144	-0.3927	-0.7363	0.3016	-1.2871	-0.1435	-0.1533	0.2722	-0.6702	0.2667	0.1003	0.0203	-0.2936	1.0278	-0.1922	-1.4744	-0.4044	-0.5485	0.4860	0.2810	-0.7431	-1.6544	-0.0656	-1.0241	0.5696	-0.2864	0.3781	-0.1192	0.0057	-0.0800	0.5412	0.4229	1.1438	-0.2501	0.2987	-0.5222
-2.6515	0.4184	-0.3667	-0.1298	-0.4496	-0.2307	0.5714	-0.9422	-1.6644	0.7786	-1.0304	-2.2187	-0.1715	-1.6179	-0.7097	-0.1067	-0.2792	-1.0560	0.4565	-0.3772	-0.9484	0.1715	-0.6192	0.3796	-0.6269	-1.0559	1.0229	-0.1300	-1.1513	0.8888	-1.3502	-0.2017	-1.0078	-0.9340	-1.5123	0.3238	-0.7297	0.0355	-0.5032	-0.3198	-0.0827	0.6247	-0.2288	-0.7772	0.3777	0.3844	-0.2773	-0.7057	-0.6163
-2.2837	0.1686	-0.0771	-0.6119	-0.6132	0.9002	-0.3874	-0.8441	-0.6085	-0.4642	-1.1880	-1.1671	1.0537	0.1443	-1.2903	0.8589	0.1395	-0.9167	-1.0154	0.4266	-0.0679	0.5231	-0.4185	0.6156	-0.0862	-1.4541	1.2416	-0.1456	-0.5477	1.1202	0.2333	0.1083	-0.8730	-1.4671	-1.2708	1.0064	0.1938	-0.5693	0.0209	-0.0502	-0.0373	2.0201	0.4218	-1.8567	2.0124	-0.6754	-1.5514	-1.1138	-1.7472
-1.8412	-1.5878	0.2635	-0.2181	0.2834	-0.8573	-0.2610	-0.7420	-1.0645	-0.0495	0.1025	-1.6949	0.2403	-0.2833	0.2102	-0.3226	0.9759	-2.0679	-0.7809	-0.1670	-0.8979	-1.3061	-0.3250	-0.8926	-0.7516	-1.1901	0.5582	0.0334	-0.3713	0.1004	0.4807	0.6195	-1.2208	-0.3623	-1.4260	0.4574	-1.2363	-0.0020	-0.5642	-0.1962	-1.2428	0.2417	0.3007	-1.6935	0.4820	-0.1211	-0.3894	-0.2116	-1.5308
-1.9208	-1.7066	-0.0783	1.0347	-0.1941	-0.3999	-0.0422	-1.0553	-2.4395	0.8004	-1.5854	-1.9417	0.7286	-0.5757	0.0887	1.4301	0.6093	-2.4639	-0.5068	-1.0616	-0.5236	-0.5810	-1.0502	-0.0138	-1.4764	-1.3023	-0.0082	-0.2325	-0.5247	1.0931	-0.4507	-0.3109	-0.9134	0.1960	-1.1545	0.4402	-1.5354	-0.3094	0.4854	-1.1795	-1.6210	-0.6644	-0.3210	-1.2243	0.6945	-0.1531	-0.7649	-1.2572	-1.3380
0.5221	0.0691	0.1801	-0.4675	-0.2422	-0.4004	-0.1292	-0.4165	0.1821	-1.2866	-1.0354	1.9138	-0.3508	-0.3060	0.8637	-0.0333	1.1470	0.5152	-1.0059	-0.4293	-0.0535	0.4509	0.4832	-0.1391	0.6103	-0.2868	-0.2721	0.1135	-1.5641	-0.6879	-0.6393	0.9945	0.4109	-0.3878	-1.3996	0.3627	-1.6300	0.7635	0.0319	-0.5153	-0.4819	-0.5835	-0.2372	0.2805	0.4425	0.5000	-0.5226	-2.0023	-1.1406
0.1679	0.1073	0.5075	0.9035	0.1967	0.0192	-0.5054	-0.5181	0.0615	-0.4540	-0.8082	0.4150	-0.1859	0.1698	2.2039	-0.3724	2.3170	0.9677	-0.1314	-0.8041	0.0807	0.5065	0.9735	-1.7093	1.1257	-0.6850	0.4824	0.7414	-0.6823	0.0055	-1.4428	1.0351	-0.1056	-1.1947	-0.1799	1.0994	-1.8844	0.0306	0.6651	-0.9247	-0.2549	1.1026	-0.7185	0.0667	0.9146	0.7336	0.0621	-0.4604	-1.0497
-0.0990	0.5142	-0.0643	1.6034	0.6115	1.4017	-0.1387	-0.6954	-1.1045	1.3991	-1.5025	-0.2454	0.1981	-0.2550	2.0764	1.1433	1.2040	0.2203	-1.0932	0.0645	-1.3264	0.8845	-0.5185	0.1079	0.6204	-0.4190	0.5785	1.3810	-1.7547	0.8190	-0.6223	-0.0527	0.1383	-0.9106	-0.7315	1.7313	-0.0576	-0.4173	0.0113	-0.0806	1.0188	0.7933	0.1332	0.2670	1.3968	0.3025	0.4025	-0.6488	0.2717
0.4445	-0.0590	-0.1548	-0.2770	0.1211	0.4138	0.3418	1.0566	-0.3610	2.0888	-1.1684	1.3631	-0.2459	0.0465	1.0357	0.6695	-0.0320	-0.0140	-1.6871	0.6737	-2.1435	-0.0798	-0.7369	2.3603	0.6171	0.7898	0.7396	1.9445	-2.1625	-0.0471	1.6821	-0.2988	1.3735	0.2762	-1.1625	1.5059	1.1099	1.5071	0.3408	0.1521	0.0714	-0.1581	1.7409	-0.7409	0.3333	0.7872	-0.4256	-0.4259	0.5877
-0.3256	0.0638	0.5298	-0.4903	0.5995	0.1693	1.1744	0.6904	0.2886	0.2363	0.1830	2.5798	0.0015	-0.7792	1.9016	0.1799	1.7812	2.5396	0.1552	0.6752	-0.4765	1.1656	0.6724	-0.2424	2.8272	1.7067	-0.3875	0.7896	-0.9484	-1.5944	0.7095	1.2110	1.3241	0.5125	-1.1732	1.8452	-0.5050	0.6142	-0.3689	0.6624	0.3859	-0.4084	1.0119	0.3313	0.0625	0.9018	0.0398	-0.2372	0.4152
0.0929	0.6080	-0.0929	1.0164	0.5929	2.1025	-0.2392	1.5398	-0.1148	-0.8746	0.5235	0.7684	0.7591	-0.1572	1.2116	-0.2995	1.0769	2.0868	-0.5809	0.1200	0.7940	0.5874	0.9138	-0.8465	1.3275	0.5594	1.5563	1.6470	-0.3449	-0.0427	-0.4398	1.0671	0.0346	0.8919	0.2580	1.9532	0.0696	-0.5928	-0.4857	0.6501	1.0350	-0.0944	0.8467	0.5164	1.4004	0.8774	-0.1522	-0.5096	0.2961
1.0340	1.4085	-0.7104	0.0193	-0.5166	0.2400	-0.0118	1.6999	1.5417	-0.6284	0.6311	1.0432	-0.7187	0.4136	-0.7043	0.0361	-0.4870	0.6990	-1.8402	0.4489	-1.4666	-0.4316	0.5529	0.9631	-0.1048	0.8273	0.5186	1.4954	-0.4328	0.8409	-0.8504	0.2260	0.7443	0.7376	-0.6883	-0.6658	2.0023	0.1978	-0.6004	-1.1244	0.6365	0.6699	1.5082	-0.0260	0.0477	1.2369	-0.6040	0.2180	0.2350
0.4295	0.0146	-0.0293	-0.9805	-0.6093	1.0956	1.3842	0.3318	0.3299	1.6379	0.0730	0.9638	0.0653	-0.0125	-0.2507	-0.4749	-1.0506	0.9764	0.1615	0.0083	-1.4231	0.5820	0.6977	0.8103	-0.0952	0.1934	0.8092	1.4861	-1.1321	0.9270	-0.9722	0.1907	-0.1260	-0.2978	-0.4704	0.0957	0.2716	0.6978	-0.3162	-0.9572	1.1511	0.0888	0.9093	-0.3917	-1.2162	0.1349	0.4218	0.8737	0.6287
-0.0843	-0.6444	-0.2547	0.5497	-1.0270	0.8053	-0.4316	0.3209	-0.8343	0.4237	-1.1996	-0.5486	-0.0836	0.3313	-0.4262	0.3073	-0.0593	0.8151	0.4138	-1.1993	1.7919	0.4095	-0.0909	0.5169	-0.0318	-1.7489	0.6827	0.4792	-0.7113	-0.0269	-1.4717	0.2423	-0.0755	-0.9769	-0.4949	-0.0643	-0.0496	-1.3143	-0.3411	-0.4843	1.4266	0.9801	0.0801	-0.8231	0.7941	0.9868	0.1933	-0.8096	-0.3755
0.6036	-0.8647	-0.9422	-0.1059	-1.2281	-1.1445	-0.2723	1.3944	1.1679	0.0560	0.1138	0.5466	-2.1101	0.1168	-0.0239	-0.8386	-0.2841	-0.5964	0.1384	-0.9716	0.5937	-1.0833	0.2193	-0.5526	-0.9135	-0.1257	-2.1289	-1.0408	0.0024	-0.3022	-0.2121	-0.7839	-0.1860	-0.1818	-0.9970	-1.3000	1.2125	0.9793	-0.8942	-0.2032	0.0691	-1.0670	1.3691	-1.0446	0.1527	1.5931	1.5203	-0.6978	0.5451
-0.0226	-2.2672	-0.9167	-1.2150	-1.6266	0.5223	0.1511	0.5552	-0.2741	0.3403	-1.1320	0.0575	-0.9475	-0.5094	-0.2983	-0.2140	-0.8152	-0.6371	0.8273	-1.3610	0.5914	-1.2230	-0.8058	-0.8575	-0.9769	-1.6021	-0.5399	-0.7223	0.6085	0.5102	0.1635	-2.2175	-1.2037	-0.5846	1.0296	0.2911	0.5145	0.7273	-0.5149	-0.7844	-0.2815	-1.3470	0.4562	-1.0746	0.0008	-0.3939	0.3440	-0.4295	-0.3756
0.3608	-0.5176	-0.5192	-1.8316	-0.8092	-0.5773	0.0314	0.5221	-0.3999	-1.2568	-0.5219	0.4087	-1.3020	0.3591	-1.2443	1.0248	-1.3653	-0.8964	-0.1767	-0.0563	1.2828	-1.3049	-0.5901	0.0287	-1.0381	-1.0092	-0.4230	-0.9140	0.4483	-0.7846	0.9334	-0.6369	-0.6730	-0.5531	0.4136	-0.1160	1.0562	-0.8486	0.3392	-0.5636	-0.8486	-0.1357	0.1826	-0.7550	-0.6386	-0.4958	0.2899	-0.8241	-0.6807
0.7302	-0.1062	-0.5848	-0.9652	-0.3659	-0.6489	0.3674	0.1651	-0.0641	-1.2637	-0.7102	-0.5244	-0.5026	1.3460	-0.7282	-0.5720	0.3227	-0.6036	0.2615	-0.6860	0.1243	-0.9470	-0.0859	-0.3912	-1.4259	-0.7449	-0.2903	-1.5186	0.8138	-0.9815	-0.3116	-0.6151	-1.0218	-0.6291	0.4231	-0.2008	-0.4702	-1.1381	-0.3396	-0.7581	-0.9716	-0.7923	-1.2497	0.2898	-1.1588	-0.2033	1.2222	0.5191	0.0645
0.8944	-0.4764	-0.7441	-0.6547	-0.8666	0.4742	0.4195	-0.0926	-0.2156	-0.8366	-0.2833	-0.5168	0.8879	0.3877	-1.4948	-0.1203	-1.3691	-1.0697	-0.2952	-0.0692	-0.7686	-1.1880	-2.0040	-1.2051	-0.9432	-0.8530	-0.6599	-0.3700	-0.7719	-0.3917	-0.3754	-1.6976	-0.0601	-0.8407	0.8202	0.0496	0.1904	-0.4932	-0.8190	-1.0163	-0.1656	-1.7012	-1.4100	0.4834	-0.5189	-0.6678	0.1903	-0.0491	-0.0350
0.2075	-0.3722	0.1188	-0.4397	0.1943	0.0715	-0.2061	0.1591	-0.2907	-1.7137	0.5643	-0.4479	1.6329	0.2786	-0.7161	-1.6641	0.0925	-0.0038	-0.6985	-0.6226	0.4917	-0.4392	0.3269	-1.8246	1.3906	-0.3714	-0.5595	-0.6237	0.0629	-0.5824	0.3637	-0.3818	-0.6074	-1.2824	1.5396	1.2797	0.1700	0.1642	0.8971	0.3162	-0.9030	-0.0888	-2.0343	1.2552	-0.1439	-1.2598	0.1135	0.4108	0.3788
-0.3266	-1.0062	-0.5577	1.7652	1.0361	1.4648	0.0493	0.0121	-0.4833	-0.2864	-1.3554	-1.1828	1.9638	-0.1588	0.3338	-0.3339	0.2106	-0.2442	-0.2257	-0.8044	0.1743	-0.6319	0.6632	-1.6328	0.5672	0.1735	-0.2443	-0.3510	0.6036	0.6098	-0.1531	0.0865	-0.7877	-1.3471	1.3432	1.6546	-0.5734	-0.7295	-0.0671	0.8020	-0.6777	-0.6863	-1.8848	0.4504	0.1333	-1.0392	-0.0510	0.0440	-0.0504
0.8296	-0.7099	-0.4930	0.2974	0.5474	0.6534	0.0939	0.0074	0.3376	0.0833	-0.2995	-0.0583	1.1556	0.2677	-0.0314	0.2946	-0.7127	-0.5388	-0.4784	1.0684	-1.1323	-0.5049	-0.6873	0.2879	0.1172	1.1246	-1.6938	0.1551	0.4602	0.6523	0.6851	-0.6067	0.7492	-0.6989	0.4675	0.4827	-0.3319	0.3392	-0.3092	-0.0911	-0.0683	-1.1085	-0.1988	0.2923	-0.3502	-0.9150	-1.5303	-0.5054	-0.3169
-0.3833	0.1316	0.6303	-1.1060	1.2069	-0.8224	1.0389	-0.3360	0.4119	0.0295	0.5268	0.6800	0.7088	0.7565	0.3411	-1.9648	0.6388	1.1861	1.0504	0.1664	0.5765	1.3947	0.8417	-1.0181	1.5131	1.7696	-0.9696	-0.6148	1.3962	-1.6223	0.4117	0.1984	1.2126	-0.1682	1.2113	1.1101	-0.2982	0.0901	0.8101	-0.8375	-0.2075	-0.4040	-0.9789	1.5684	-1.0182	0.0142	0.9955	0.5391	1.2352
-0.2725	-0.3975	0.3406	1.4369	1.1352	0.5413	-0.0116	-0.4753	0.1516	0.0706	-1.5843	-0.2918	1.7387	0.9419	0.1397	-0.8662	0.6995	0.6883	0.4168	-0.7787	1.5829	1.4103	0.1266	0.4301	0.3340	0.8997	0.7011	-0.9476	0.9806	-0.2661	-0.3180	-0.0332	0.9156	-0.3540	2.4916	0.6034	-0.0242	-1.1597	0.3348	-0.9812	0.0451	0.1133	-1.4868	0.9375	0.3249	-0.7274	0.6185	-0.1694	1.0981
1.2106	-0.6795	-0.4346	2.4743	0.5222	1.3218	-1.0219	0.9481	0.6735	-0.7096	-0.0579	-0.4175	1.4601	1.3138	0.2769	0.9825	-0.1152	-0.3451	-0.6770	0.7593	0.1601	-0.4127	-0.8283	0.7824	-0.6195	0.7102	0.1882	0.2172	-0.0484	0.4762	0.9883	-0.5966	2.3777	-0.2108	1.3883	-0.5570	0.7639	-0.2646	-1.1783	-0.5289	-0.1132	-1.2337	-0.1279	0.9044	0.4862	-1.2542	-1.4973	-0.1083	0.4707
0.2292	-0.5814	-0.0041	0.4740	-0.0315	-0.1314	0.4898	0.5609	0.7000	-0.2336	1.5690	-0.2274	-0.4635	1.4122	1.1519	0.8090	1.4029	0.2552	1.0077	0.6397	0.3312	0.1925	-0.7404	0.1391	0.3007	-0.1708	-0.4818	-0.2368	0.7187	-1.3550	0.8002	-1.0624	1.4874	-0.2678	1.2758	-1.0201	-0.1518	0.8815	-0.5341	-0.5425	-0.5564	-1.2242	0.6727	0.7275	-0.8873	-1.2820	0.0775	1.0278	1.0166
-0.5119	0.0072	0.5975	-0.0669	-0.0144	0.7418	1.0270	-0.0573	-0.3692	0.7260	0.9883	0.5260	-0.2163	1.8563	0.2542	1.1731	1.2750	1.2486	0.8650	1.1672	2.3425	1.5001	-0.9874	-0.5848	0.9091	0.9628	-0.7078	-0.0364	1.1014	-1.2635	1.1192	-1.2544	-0.1158	-0.4621	0.8680	-0.0760	1.1291	-0.0479	0.8914	-1.0186	0.7423	-0.1512	0.7548	0.0890	-1.3995	-1.6830	-0.1025	0.1704	1.6373
1.0755	0.3174	0.2955	-0.1421	-0.5959	0.6637	-0.5891	0.2967	-0.4120	-0.1414	0.0651	0.2240	0.6845	2.3413	-0.4484	0.8892	0.7580	0.9429	-0.7856	1.0171	1.6079	0.2414	-0.9433	-0.0669	-0.0110	0.9822	-0.8556	-0.5563	0.5465	-1.1780	0.8717	-0.5858	0.6816	0.3886	0.6354	-0.6896	1.1644	-0.3354	1.3262	-0.3448	1.3171	-0.1565	0.9613	0.6625	0.7388	-1.0200	-0.7108	-0.5688	0.6881
0.7410	0.3390	-1.2043	-0.3667	-0.2694	-0.9234	-0.5125	0.2362	0.2196	0.0863	0.9243	-0.1881	-1.2396	0.3781	0.0805	-0.2688	0.5115	0.6684	-0.3901	0.1498	0.4334	0.1766	0.2809	-1.1598	0.6755	1.1661	-1.2921	-0.8274	0.5195	0.0309	0.2665	0.1648	-0.3077	0.3332	-0.4970	-1.1873	-0.1030	1.1252	0.2792	0.7593	0.4698	-1.3405	0.9277	1.3928	0.1460	0.4943	1.5923	0.0183	0.5155
-0.8747	0.3134	-0.8491	-0.9242	-0.8187	-0.9373	-0.3487	0.0435	-0.7160	1.2485	0.3286	-0.6096	-1.0947	-0.4328	-1.0189	-1.0640	0.3370	0.5343	-0.0144	-0.5478	1.7952	1.0426	0.7551	-0.7382	0.7798	1.2877	0.3490	-0.2843	0.7091	0.3467	-0.6743	-1.3278	-1.7210	-0.2268	-0.1606	-0.0741	0.5597	1.1190	1.1627	-0.5767	0.6041	-0.2771	0.2943	1.5281	-0.2909	0.1898	0.9150	-0.5701	-0.0855
0.2334	0.3965	-1.2520	0.5394	-0.2716	-0.3268	-0.6164	0.7488	0.1399	0.4633	0.0999	-1.0731	-0.9223	-0.6556	-1.6114	0.2101	-0.6922	-1.0705	-1.0390	-0.0661	0.2701	-0.9566	-1.5955	0.4789	0.0550	0.5878	0.8112	0.9022	-1.5564	0.8669	-0.1399	-0.5819	-0.2070	-0.5457	-0.6377	0.4609	1.2732	0.5388	0.1825	-0.3482	0.5361	-1.7667	0.2090	0.2045	1.2686	0.6770	-0.4435	-0.1856	-1.0294
0.3627	-0.6591	-0.6798	-0.8458	-0.5149	-1.2177	0.4244	0.1238	-0.6292	0.0255	1.3537	-0.7723	-1.6665	-1.1898	-0.7285	-0.8053	0.8969	-0.8800	-0.7054	-0.2534	-0.4379	-0.0529	-0.8700	-0.5047	1.1592	-0.2949	0.8198	0.2661	-1.5538	0.9852	0.1796	0.4009	-0.9524	-0.9060	-2.0618	0.9450	-0.0560	0.9883	0.6294	-0.2859	-0.3636	-0.9759	0.3609	-0.7138	0.8661	1.1066	0.5312	0.4345	-0.7082
-0.7995	-1.5169	-0.6337	-0.9757	-1.9418	-0.0994	0.6100	-0.7204	-2.6421	-0.8336	-0.5168	-1.4144	-1.2565	-1.2098	-1.8831	-0.7726	0.4088	-0.6064	-1.0164	-1.4649	0.3291	0.4486	-0.9873	-0.9830	0.5151	-1.3364	1.4412	-0.1368	-1.1123	0.7543	-1.4494	0.3242	-2.4700	-1.4193	-1.8091	1.3377	-1.4542	-0.6831	1.1012	-1.4583	0.1465	-0.2671	-0.1849	-1.2209	1.1227	0.1537	-0.7139	-1.6928	-1.9000
0.1557	-0.0222	-0.7954	0.2005	-0.5460	-0.4190	-0.5286	0.0567	-0.3585	-1.1749	0.4534	-0.5382	-0.5182	-1.3941	-1.6907	-1.2776	-0.2326	-1.6705	-1.8334	-0.4140	-1.4662	-0.1610	0.0237	-0.3118	-0.7304	0.3936	0.7776	-0.5270	-1.6544	-0.4335	0.7133	1.4375	-1.1202	0.5840	-1.6676	0.3156	-0.1099	0.4103	0.3271	-0.6320	-0.3512	0.1351	1.0056	-0.6102	0.9900	-0.3129	-1.1318	-1.7541	-1.9060
-0.2407	-0.1299	0.2709	0.0843	0.2792	-1.3617	-0.0488	-0.3297	0.1791	-0.4645	1.2707	-0.5889	-0.7221	-1.2040	0.2334	-1.0432	0.3661	-0.5227	0.6245	-0.2407	-1.8348	-0.0485	0.5830	0.0243	-1.2007	0.6566	-0.2805	-1.1840	-0.6529	-0.6049	1.2970	2.4476	-0.3325	1.0880	-0.5452	-1.4890	-1.8407	0.4935	-1.0382	0.9445	-1.2740	0.6983	0.0569	1.2253	-0.5362	0.2002	0.6899	-0.4525	-0.3544
0.1373	0.5256	0.3717	0.3641	0.5228	0.1123	1.3438	0.6723	-0.9946	1.0754	0.6417	0.2798	0.1156	-1.6465	0.2116	0.7322	-0.3810	-0.1687	1.6046	1.0148	-0.5741	0.6271	-0.3666	-0.8381	-0.3956	1.5522	-0.8684	-0.3379	-0.2936	0.0997	1.3838	0.3742	-0.1161	1.4206	0.2123	-0.2864	-0.2011	0.6153	-0.2626	1.6121	-0.0516	0.9534	-0.1971	0.8017	-1.6734	-1.2463	0.7775	-0.5043	0.5910
1.0180	1.2103	0.5855	0.0904	0.4157	0.7440	-0.5745	0.9538	-0.7105	-0.1207	1.5695	-0.2034	1.7040	-1.1920	-0.2600	1.5793	-0.7905	-0.4709	0.7911	1.6082	0.9589	0.2910	-0.0643	-1.0546	0.1443	1.6659	-0.6620	0.0695	0.5918	-0.2990	1.6712	0.7657	1.6369	1.0908	0.7428	0.0688	1.4183	-0.0593	-0.0981	1.1228	1.0291	0.8422	0.2071	0.8999	-0.4531	-1.1325	-0.6539	-0.9492	-0.3260
1.5158	0.8480	0.8407	0.6723	0.5448	-0.9824	-0.1175	1.0929	1.1159	-1.2105	2.2136	0.2171	0.6913	-1.4284	0.7944	1.2662	-0.4360	-0.0119	0.0548	-0.1319	-0.2025	-0.2106	1.3030	-1.1149	-0.3715	1.0632	-0.5841	1.0787	1.2812	0.3655	1.2292	1.5888	1.4106	1.2982	0.5257	0.5149	0.2128	0.8691	-0.2397	0.0944	-0.3550	-0.0825	-0.0084	0.8588	-0.1580	0.6792	0.7306	0.4155	-0.4926
0.4800	1.2432	1.0925	-0.4594	0.6432	-0.6302	1.3251	0.6723	0.3225	-0.8565	0.3111	-0.1378	-0.0741	-0.6813	1.7422	1.0243	0.9205	0.1191	1.5412	-0.5045	-1.0570	1.8402	0.8957	-0.0793	0.1524	0.4949	0.0902	1.5010	1.3165	-0.7203	0.5304	1.3659	0.7169	1.8241	0.4812	1.0290	-0.1228	0.9294	0.2744	-0.1990	0.1425	1.4616	-0.4791	1.7855	-1.0637	-0.1793	0.5625	1.3684	-0.2129
0.5604	1.1147	0.7864	0.4992	0.4996	1.2122	1.5096	0.1514	-0.1590	1.7653	-1.0415	0.0312	1.1730	-0.5118	1.6248	1.4632	-0.0325	0.5088	1.7318	0.6307	-0.5036	2.5114	-0.7024	1.1183	0.4120	0.8106	0.3555	0.9494	0.5465	0.5281	0.8348	-0.1365	0.7604	1.5159	1.0192	0.5039	0.7273	1.4000	0.1006	0.7215	1.5713	2.2606	0.2099	0.5443	-0.7210	-1.1449	0.4843	0.3978	-0.2399
0.7733	3.0197	0.1876	0.0015	1.1965	0.7589	-0.5456	0.2710	0.5444	0.6835	0.9649	1.6968	0.2627	-0.4423	-0.6776	1.6004	-0.4510	2.3535	-0.1320	2.4109	1.5334	1.1458	-0.0746	-0.0511	2.4172	2.1041	0.1444	0.7903	0.5307	-0.0498	0.9948	1.1244	1.5350	1.9747	1.2949	0.0403	1.3309	0.3876	0.9048	0.8232	1.6586	0.8020	1.7999	0.6979	2.2718	-0.3768	-0.3009	0.0308	0.4507
-0.8734	2.1505	0.8714	-1.1367	2.0935	-0.4871	-2.0172	0.9328	3.4779	0.5092	0.6352	0.8258	-1.6225	0.2372	-0.0165	-0.2161	1.0519	2.0302	2.2780	2.2053	0.4643	-0.1708	1.5426	1.4059	1.0816	0.0382	0.3914	1.4987	1.8839	-1.1251	-0.5223	2.5483	1.3958	1.7870	2.5386	-1.2588	-0.1928	-0.6141	-0.2012	1.9631	-0.2802	-2.0171	1.0181	0.4443	1.4771	0.4729	0.6433	1.0384	2.2213
-0.6777	0.9303	2.0394	-0.5241	0.9433	-0.3571	-0.2042	0.1186	-0.6962	2.2701	1.1346	-0.4301	0.6091	1.8171	0.6404	-0.7474	-0.7369	-1.1077	1.7146	0.5005	-0.8526	0.3871	0.9546	2.3659	-0.9046	-1.4295	-0.3394	0.6545	1.2731	0.1501	0.9987	-0.3780	-0.6655	1.6144	0.5916	-0.1051	0.9518	0.1359	1.3101	2.2560	0.9895	0.6133	1.3039	-0.1228	-0.6928	0.7195	-0.1086	0.9894	2.0625
0.1976	0.3068	2.3660	0.2547	0.4109	-0.2713	0.2654	-1.1723	-1.5959	2.1748	0.1642	-0.4991	0.9005	0.9134	1.7063	-0.2727	-1.5419	-0.4798	1.4288	0.2865	-0.5449	0.8786	0.8701	2.5236	-1.1999	-1.2880	-0.3228	0.1820	1.3343	0.7459	1.1018	-0.1896	-0.4787	1.8295	-0.5970	0.4191	0.4454	-0.3760	0.4291	1.0094	1.7720	1.3785	1.1956	-0.7847	-1.6403	0.4500	-0.7081	0.0826	0.4961
-0.2262	1.1665	2.3309	-0.4357	-0.0048	-0.4168	0.5353	-0.5569	0.2159	0.4064	1.5995	1.1703	0.1269	-0.1509	0.0113	0.4519	-1.0497	0.9261	0.2113	0.7974	1.0646	0.4719	2.2959	0.9370	0.3304	-0.2447	-0.4605	-0.6804	0.8573	0.4705	0.6523	1.5815	0.4378	1.7386	-0.0535	-0.3462	1.0085	-0.5891	-0.3642	0.3051	0.9035	1.8876	0.9697	-1.5620	-0.7109	-0.0150	-0.3490	-0.6078	0.1008
-0.7767	-0.4617	1.1605	0.3317	-0.7284	-0.2479	-0.3750	-0.5625	0.1297	-0.3937	1.0616	0.0080	0.1544	0.8149	-0.8054	-0.4893	0.0749	-0.5161	-0.2343	-0.0898	0.6072	-0.9061	0.9086	-0.1462	-0.2352	-1.2190	0.5153	-0.8590	0.6331	-0.2839	-0.0303	0.4470	-1.0896	1.4126	1.2804	-0.8778	-0.3312	-0.3059	0.2783	-0.1236	-0.3071	2.0029	-0.0156	-1.1355	-0.1996	0.3838	-0.2837	1.1993	0.0320
-0.9724	-1.4217	-1.0500	0.1045	-0.3961	-0.1715	0.1566	-0.5479	-0.7322	-0.3657	-0.8665	-0.2358	-0.3903	0.3327	-0.3216	-0.4378	0.3111	-0.5171	0.8129	-0.3464	-1.1553	-0.2424	-0.6961	-0.1766	-0.9699	-1.9628	0.5908	-1.2907	0.6260	-1.0832	0.2646	0.1945	-1.2185	1.2025	1.0723	-1.0098	-1.1651	-0.8035	0.2164	-0.5473	-1.5070	1.3168	-0.7639	0.2003	-0.5618	-0.1028	0.2806	1.4439	0.0250
-0.5306	-0.7267	-1.9309	0.4303	-0.3115	-0.1458	0.3777	-0.3131	-0.1272	0.1640	-1.9593	-0.2787	-0.5750	0.3572	0.3366	0.8590	-0.4085	0.0694	-0.1598	-0.2746	-1.4982	-0.7761	-0.7719	1.0331	-1.6840	-1.4619	-1.1599	-0.8666	0.1918	-0.4490	0.2845	0.0832	-0.2891	0.5662	-0.1727	-1.1683	-1.1435	-0.7854	-0.9674	-0.3514	0.0215	0.0447	0.0380	0.4694	-0.2261	0.0245	-0.3891	0.2660	0.2561
-0.3057	-0.1718	-1.3384	-1.8450	0.2280	-1.3527	1.3231	0.0448	1.0552	0.5049	1.0035	1.2467	-2.2434	0.1023	0.5154	-0.0533	-0.0290	1.2867	-0.1358	0.1486	-0.4674	0.2940	0.9189	0.3749	-0.2770	0.7248	-1.2318	-1.6627	-0.0968	-1.3484	1.8898	1.2101	0.1744	0.3100	-1.3069	-1.4417	-0.3208	1.3240	-1.5239	0.8618	-0.1298	-1.0364	0.2710	-0.4158	-1.0776	-0.1140	1.3911	0.4356	0.9337
-0.3284	-1.0879	-0.9697	-0.5306	0.2485	-0.0235	0.1651	-0.5363	-0.4480	0.4475	-0.4531	0.0027	-0.1384	0.9655	-0.5194	-0.7424	0.6782	0.4766	-0.6303	-1.2068	0.5702	-0.2206	1.3417	0.1121	0.2644	0.2419	1.8365	-0.0658	0.0401	-0.9562	0.6304	0.7482	-1.1675	0.0303	0.1873	0.2206	-0.5693	-0.8107	-1.0876	-1.4073	-0.1679	0.0258	-0.3467	-1.1126	-0.8332	-0.7990	0.5775	-0.0632	-0.0496
-0.0051	-0.6431	-1.0966	2.1552	-0.7204	-0.7286	-0.5732	0.2877	-1.2612	-0.4574	-1.7913	-1.0545	0.8932	0.4717	-0.0325	0.9623	0.4318	-0.8501	-0.6264	-1.3741	0.9609	-1.9188	-0.9547	0.1868	-1.3789	-2.2875	1.5975	0.4671	-0.2981	0.7491	-0.8410	-0.3690	-0.0661	-0.2192	-0.3829	0.2748	-0.1047	-1.8035	-0.9085	-1.3110	0.3968	0.7723	0.0440	-1.2416	0.2753	-0.5308	-0.6122	-1.4810	-1.6987
0.6422	0.5782	-1.5420	0.8791	-0.4297	-1.1737	0.3188	0.3626	0.5544	-0.3841	0.9265	1.3031	-0.7717	-0.8928	-0.5372	0.0782	-0.2332	-1.0822	-0.7939	-0.7222	-1.3665	-1.6496	-0.0347	0.0343	-1.3566	-0.3472	-1.2367	-1.3632	0.0555	0.3232	-0.5216	0.3519	0.7932	1.0103	-1.3464	-0.7916	0.4565	0.4529	-1.2196	0.2192	-0.2158	-0.8692	0.8629	-0.0707	-0.2132	0.2406	1.1325	-0.6844	-0.4872
0.0428	-1.4396	-0.8018	-0.8184	-0.3048	0.0603	0.9587	0.2058	0.0761	-0.3476	0.1954	-0.2529	-0.2223	-0.3490	-0.9148	-0.8962	-0.1540	-0.8962	0.6563	-0.8537	-0.9583	-0.8641	-0.3540	0.4070	-1.7941	-0.6496	0.0547	-0.8693	0.4573	-0.3325	0.3831	-0.1686	0.0005	0.3844	-0.6660	-0.8188	-0.3616	0.1050	-0.8714	-0.3338	-0.8327	-0.7559	-0.2312	-0.2764	-0.1042	0.1672	1.1049	0.2854	-0.7282
0.2200	-2.1680	-1.2190	-0.4198	-0.3640	-0.3059	0.8528	0.1139	-0.5823	-0.4939	-2.4985	-0.8864	-0.4044	-0.0566	-1.1960	0.1159	-0.1689	-0.8586	0.7301	-0.2092	-0.8079	-0.9527	-2.4677	-0.1892	-1.2176	-2.1701	-0.9012	-0.1146	-0.4423	-0.2010	0.0541	-1.8160	0.4863	-1.0601	-1.2920	-1.2547	-0.9088	0.0448	-0.8687	-0.2259	-0.9589	-0.4154	-1.2535	-0.9968	0.2476	0.3894	-0.1560	-0.5733	-1.3411
0.5083	-0.6003	-1.0860	-0.5973	-0.0643	-0.7831	1.0269	0.0491	0.6352	-0.3589	-0.5109	1.5393	-0.8178	-0.3025	0.2442	-0.0415	-0.5959	-0.2132	0.4341	-0.3829	0.1446	-0.0095	0.0831	-1.4577	0.2233	0.2059	-1.4605	-0.7762	-0.9707	0.2105	-0.1637	-0.3738	-0.4517	-0.6341	-1.7905	-1.0094	-1.0604	1.6839	-0.3851	-0.0943	-0.8296	-1.2637	-0.4712	0.3745	-0.3294	1.4797	2.0709	-0.9076	0.1345
-0.1627	-1.8206	-0.7001	1.2743	-0.3508	1.4729	0.1392	-0.5014	-0.4381	-0.1350	-0.1417	0.5645	1.3417	-0.0181	-0.7613	-0.4352	0.8064	-0.6952	-0.5286	-1.2867	1.0467	-0.4316	-0.0838	-1.7820	0.2254	0.0679	0.9391	-0.0783	-0.5925	1.2675	-1.6004	-1.2648	-1.3127	-0.5142	-0.1803	0.4292	-1.0570	0.1054	0.1116	-0.8268	-0.6860	-0.5627	-0.4691	0.2542	1.4583	-0.0688	0.1783	-0.3978	-0.8277
0.5482	-1.3675	-0.6015	0.9570	0.2686	0.7351	0.2102	-0.1806	-0.0107	-1.2674	-1.0069	0.3159	0.6932	-0.7510	-0.0519	0.6668	1.0005	-0.3142	-1.1013	-0.2839	-0.6839	-0.7698	-1.2668	-0.1326	0.1680	-0.2853	0.1616	0.5601	-1.3872	0.5722	-0.9928	-0.9229	0.5089	-1.0339	-0.4084	0.3376	-0.3838	-0.4133	-0.0076	0.3397	-0.6073	0.0055	-0.6105	1.0201	1.4131	0.0876	-0.3948	-0.6267	-0.8800
-0.1128	0.9710	0.7693	1.3492	-0.2038	1.6045	-0.7873	0.0069	0.4395	-1.5135	0.9215	0.1506	1.0881	-0.5077	-0.1557	1.2998	0.9907	1.2585	-0.3111	-0.0816	0.9821	0.7326	-0.2365	-1.1168	1.4087	0.5539	1.4500	0.9709	-0.3172	1.5354	-0.1035	0.3929	1.7444	-0.9173	1.3839	1.7191	0.2293	0.5829	2.4948	1.7284	-0.6556	1.0669	-1.0712	1.3087	2.8219	-0.2460	0.1711	0.5158	-0.8753
-1.1118	0.9807	0.2569	0.7851	0.5712	4.1041	-0.3070	-1.7269	0.3572	0.2899	-1.0716	0.0995	0.6573	0.1936	-0.2503	-0.0556	0.2671	0.1073	1.4981	1.1228	-0.3992	-0.5476	-2.4331	0.3870	0.3587	-0.4377	0.2034	1.4505	0.0589	0.1184	-2.0195	-2.5663	-1.2195	-1.2062	0.6690	-0.6765	-0.9416	0.3947	1.2830	1.7546	-0.8832	-1.6402	-1.0512	-0.3357	1.1886	-0.5782	-0.1942	1.5922	1.0600
-2.0610	2.1690	-0.8000	-1.5048	4.5247	0.9188	-2.9649	-3.7585	4.2336	-0.5070	-0.0786	0.7863	-1.6575	2.5709	1.1319	-2.2873	-1.2114	0.8925	1.0861	3.4150	-1.1784	-0.3304	3.2086	2.3139	-1.6411	-0.3653	-0.6452	-0.1505	2.4016	0.9678	-3.0906	-3.9706	1.8669	-1.2067	-1.3766	-1.8375	-0.6354	-0.0119	0.8196	3.1577	-1.4501	-1.9260	-1.1107	-0.3122	-0.2996	3.2151	-0.3249	1.4104	1.9804
-2.8995	-0.7516	1.3763	-1.2097	2.0871	-1.2242	-3.9207	-4.2992	0.7725	-0.6150	1.3177	-0.1605	-1.3830	2.1398	2.9918	-2.5834	0.3488	-0.4454	0.1944	1.2404	-1.4627	-0.0659	-0.1902	1.9763	-0.3702	-1.2807	1.9206	1.1227	1.8277	2.6358	0.0620	-0.1579	1.7122	-1.9791	0.6079	-0.4244	-0.8599	-0.6421	0.7951	3.0965	-2.6272	0.7004	-1.4289	-1.1425	-0.1635	2.7077	-3.3950	3.2577	1.0718
-0.2406	0.2461	3.4869	0.6310	-1.3949	4.0647	-1.2959	-0.8261	-1.3361	0.7519	-0.0756	-0.7911	0.5520	-0.0129	2.0243	1.4440	0.2199	0.8105	0.4020	-0.4679	1.0651	2.6581	-0.0045	-0.3439	0.2845	-2.6638	1.2366	2.3328	-0.7390	0.7694	-2.2520	-0.2735	2.3723	-2.2229	-1.3764	0.7886	2.1952	-3.2143	0.2560	0.2833	2.8617	0.8225	0.8916	-1.1456	0.2155	0.4618	-2.6889	-0.0931	-0.4720
0.1679	2.2960	2.0734	-0.7119	-2.2033	-0.9701	0.7565	-0.5021	-0.1711	-0.2371	0.1413	-0.0377	-0.8072	-0.2708	0.6078	0.1161	-1.1680	-0.2510	-2.2735	0.2132	-1.3376	-1.4336	0.6565	0.7252	-1.0965	-0.8937	0.6844	0.7509	-1.2961	1.0979	-1.4053	0.0730	0.1287	0.0208	-2.2976	-1.3376	1.1505	-0.6186	-0.4628	-0.0137	1.2117	1.2787	0.5100	-1.1312	-0.6241	0.1453	-0.6188	0.5973	-0.4290
-0.4044	0.5496	1.9024	-2.7571	-1.2680	-2.9700	1.2523	-1.0501	-0.4816	0.4590	-0.1649	0.3402	-1.6022	-0.4319	-0.0383	-3.1591	-2.0343	-0.4205	-1.3512	-0.5140	-0.9118	-0.7565	0.5510	1.2711	-0.9277	-0.3602	-0.1110	-2.1635	-0.2041	0.2313	-0.2900	0.0787	-2.4711	-0.4313	-1.5841	-2.0154	-0.1958	-0.6115	-1.1105	-1.5126	-0.7903	1.7686	-0.5441	-0.8826	-2.1802	0.0170	-0.5338	0.8250	0.0317
0.0153	-1.3667	-0.4213	-0.5109	-1.9271	0.5913	0.0115	-1.3441	-0.5041	-2.0577	-2.6670	-1.2954	0.0280	-1.4854	-1.8104	-0.7939	-2.7601	-1.2316	-1.8448	-0.7992	-0.0246	-1.6787	-0.5631	0.1570	-0.8033	-1.7995	0.5689	-1.9405	-1.2675	0.6921	-1.1224	-0.2508	-1.9750	-2.2759	-0.3334	-0.7481	-0.6873	-3.0430	-1.4907	-1.6701	-1.0008	0.3124	-1.9789	-2.2090	-0.3673	-0.5136	-1.9474	-0.5052	-1.4728
-0.3199	-0.1845	-2.1541	-0.9883	-1.6950	-0.4412	0.1232	-1.1306	0.7671	-2.1000	-2.0669	-0.6275	-0.1117	-2.2586	-0.4734	-0.0684	-2.1904	-1.6789	-2.0154	-0.5701	-1.5927	-1.4502	0.9557	-1.1307	-0.2238	-0.5996	-0.7398	-1.6925	-2.7866	0.5456	-0.9077	0.0687	-1.3364	-1.8670	-1.5298	-1.0446	-2.4152	0.3868	-1.7599	-1.0336	-1.6118	-0.5819	-2.1996	-0.5531	-0.1968	0.7918	-0.1863	-0.4313	-1.5873
-0.3701	-0.4504	-0.9945	-2.2723	-0.2857	-0.9126	1.4906	-1.5473	0.0615	0.3399	-0.4136	0.0728	0.6428	-1.3940	-0.0880	-1.0537	-2.3969	-0.5464	-0.8920	0.0649	-1.8070	-0.8197	0.7294	-0.8482	0.0721	0.5060	-0.1590	-0.1752	-2.4068	0.3812	-0.7605	-0.8653	-1.8148	-1.4031	-0.4678	0.1587	-3.1083	1.4828	-0.9819	-1.7251	-1.8240	-0.0567	-2.4017	-0.4414	-1.6812	-0.3101	1.0442	0.8527	-0.3699
-0.9558	1.0323	-0.2833	0.8389	0.7613	0.8574	-1.1184	-0.4179	0.2248	-0.2495	-2.9424	-0.7323	3.3206	0.2618	0.2288	0.7947	-1.6228	0.5058	-1.6425	-0.4579	-0.4485	0.3088	0.9572	-0.5067	0.9425	1.6587	0.2269	0.6034	-0.5679	1.8143	-1.0058	-0.3804	-0.5204	-1.2306	1.3013	1.8832	-0.5219	-2.2573	1.1503	-0.7274	-0.6106	1.6215	-2.4131	1.3755	0.9769	0.8422	1.6694	0.7909	1.4277
-0.0513	1.1641	-1.0342	1.1079	1.1679	0.4345	-1.7147	-0.3339	0.2391	-1.2772	-2.3838	-1.6890	2.8041	1.0530	1.2167	0.0015	-0.8321	-0.4704	-1.7139	0.3488	0.7924	0.4747	0.5562	-0.9107	-0.0457	0.7514	1.3863	0.9313	-0.2872	0.4847	-1.2856	-0.1076	-0.5471	-1.1934	0.8107	2.1959	-0.8606	-2.5325	1.9106	-0.0035	0.4843	2.2462	-1.0600	0.8244	0.7505	0.1720	-0.8616	1.7105	0.2170
-0.2038	1.3503	-0.5025	0.0916	1.7051	0.4916	-0.9895	-0.3306	0.4559	0.9093	-1.1341	-0.1051	1.3853	0.7190	1.1919	-0.0066	-0.3140	0.1438	-0.9271	1.4325	-0.3944	1.4547	0.1123	0.3619	-0.3243	1.1451	-0.6656	1.8944	0.2387	-0.5596	0.1893	0.7262	0.5374	0.4099	0.7219	1.6952	0.4336	0.1320	-0.1990	0.5154	0.9202	0.5513	-0.2988	2.0836	0.0601	-0.6220	-1.6297	0.7665	1.1454
0.3070	0.5792	1.1126	-1.3046	0.6500	-0.6037	0.3751	0.3358	1.2383	1.0775	0.5117	1.9237	-0.3552	0.2019	0.7886	-1.3993	0.9806	2.4357	0.6337	0.7420	0.8328	1.6633	1.4743	0.8074	1.7230	1.1092	-0.8299	0.4038	0.7527	-2.3145	0.0703	1.3087	0.8742	1.0242	0.1487	1.1447	1.0137	1.6392	-1.0084	0.7383	0.3162	-0.1473	-0.6138	1.0182	-0.8393	-0.9617	0.0704	0.3469	0.4858
0.4818	-0.6165	1.1526	-0.0426	0.0890	-0.3162	2.4314	3.2318	1.6859	2.2147	-0.6521	0.6592	-0.3825	0.7613	-0.8571	-0.9924	1.5049	1.6607	0.6943	-1.6511	0.8725	0.0693	-0.4788	1.1781	0.5128	-1.7827	-0.2818	1.5611	0.5161	-2.3433	-2.6970	-1.3287	-0.1210	-0.5908	1.8512	1.2247	0.1771	0.6804	2.3969	-0.4529	-0.1596	-0.2832	-0.2279	-0.6873	0.0798	-0.2778	0.5670	1.7235	0.0446
-0.8817	1.4792	2.1965	1.1812	0.1844	0.5403	-1.2094	1.9678	0.4452	-0.2711	-1.1601	0.4591	0.8034	0.8223	1.4014	2.3843	1.1986	2.6402	1.4911	-2.3773	2.1962	2.3377	-0.3497	0.5542	2.6950	0.6730	-0.3423	0.8205	1.5488	-0.2103	-1.0584	-0.8271	1.1849	1.3730	2.3358	2.5256	1.9289	-1.4114	3.0267	0.5899	1.2048	1.8143	1.4546	0.7662	2.3850	2.1244	1.6015	0.3073	0.0216
2.0496	0.0224	1.0950	0.9195	-1.8921	-0.5410	-1.5022	0.4423	-0.8144	0.7371	1.5987	0.5569	-0.6555	0.7407	-0.4151	2.7016	-0.7820	-0.0909	-0.0269	-0.2874	1.6455	-1.5630	-1.7926	1.2771	0.7488	1.6812	-0.9305	0.5583	1.6668	0.9512	-0.8099	-1.1889	0.3438	0.8681	1.3439	0.0833	3.9191	0.0731	0.4119	0.5090	1.5111	-0.2741	2.7540	-1.8040	0.5570	1.1472	-1.3344	0.1229	-0.2745
1.5537	-1.1221	0.9576	0.9390	-1.0847	-1.0684	-1.1934	0.0494	1.2442	1.5966	0.1491	0.8804	-1.8294	0.2586	0.1230	0.5001	0.9967	0.4865	-0.4295	-0.6440	0.6809	-1.8131	-1.1849	0.8042	-0.7113	-0.3755	-2.5670	-1.5631	1.1949	1.5815	-0.4390	-0.0194	-0.6748	-2.9096	0.1720	-2.1650	1.1002	-0.1896	0.3167	0.0411	0.6985	-1.9364	1.1638	-1.7627	-1.1755	0.6842	0.4976	0.6614	1.8563
1.1367	-0.4720	1.2243	-0.4563	-0.6030	-1.1764	-0.5505	1.1290	0.4054	-0.8286	1.4107	1.5504	-1.5455	0.5934	0.8590	-1.0776	1.7941	0.5454	0.1113	-1.0896	-0.0815	-0.2963	-0.2936	1.1504	-0.4187	-0.1146	0.0443	-1.6116	0.1481	-1.2321	0.5521	0.1773	-0.9234	-1.7131	0.3458	-1.4866	0.0161	0.1622	0.4502	-0.7108	0.2722	-1.5122	0.4883	0.0974	-2.1253	-0.4852	0.8537	1.0636	2.1907
1.1570	-1.1486	0.5926	0.1470	-1.0453	-0.9804	-0.2724	0.7649	-0.5720	-0.7035	1.0860	1.9734	-1.3421	0.1339	-0.1870	-0.6182	0.4445	1.0118	0.0804	-1.5928	1.2112	-0.3680	-0.3239	0.6058	0.2527	0.3482	0.7649	-1.5135	-0.4092	-2.5705	-1.1340	-0.1348	-1.1303	-1.3174	0.2536	-0.3287	1.0794	-0.3898	-0.3678	-2.2651	0.0913	-0.7111	-0.4740	-0.9899	-1.3566	-1.9032	-0.1964	-1.0043	0.2836
0.8660	-0.9066	-0.5851	0.9186	-1.0678	-0.6295	-0.3621	1.4005	-0.0961	-0.1006	0.8225	0.9613	-1.2001	-0.1754	-1.6129	0.6314	-0.3952	-1.8695	-0.9716	-0.4654	-0.3308	-1.4167	0.0143	-0.2913	-0.1825	1.2208	-0.4873	-1.2071	-1.1611	-1.2142	0.3553	0.0296	-0.4722	-0.5376	-0.4053	-1.0679	0.9874	0.0752	-0.5779	-1.5535	-0.4801	-0.5844	0.7801	-1.7088	-0.0020	0.0135	-0.7080	-1.8183	-0.6767
0.1414	-1.9918	-0.3740	-0.0452	-0.6388	-0.8087	1.1157	1.0242	-0.3183	0.0340	0.5951	0.9525	-0.3713	-0.7137	-0.6336	-0.6464	-0.0266	-1.8355	0.3852	-0.2427	-1.4014	-1.4882	-0.0585	-1.8066	-0.1912	1.2107	-0.6088	-0.9213	-1.8306	-1.0307	1.2509	-0.5408	-1.7034	-0.3582	-0.1448	-0.4192	-1.3478	2.1370	-0.6217	-1.1360	-1.1661	-1.0439	-0.1931	-1.2024	-1.6271	-1.1954	0.6311	-1.7141	-0.4181
-0.3119	-1.0532	-0.9765	1.7560	0.2909	0.9095	0.1085	1.0457	-0.2473	-0.7275	-0.3498	-0.5983	1.0533	-0.7071	-0.2549	0.2480	0.9376	-1.3561	0.2429	-0.6064	0.2658	-1.2575	0.4798	-2.4754	0.4791	0.5811	0.4791	-0.5809	-1.2698	0.0474	-0.5822	-0.3805	-1.2293	0.5818	0.6829	0.9298	-0.8705	0.7835	-0.6226	-0.9258	-0.7825	-1.3850	-0.6308	-0.2495	0.3687	-1.6877	0.2354	-1.8874	-0.7057
-0.0373	-0.6720	-0.8102	1.1236	0.9033	-0.0878	-0.1770	1.0248	-0.9935	1.7632	-0.4959	-2.3688	0.0077	0.0262	1.3975	0.9434	1.0449	-1.6776	0.7391	0.1141	1.1123	1.0163	-0.7001	1.2065	0.6996	0.4055	0.5346	-0.1397	-0.0847	-0.4962	-0.2861	-0.4013	-0.7213	0.0745	0.2249	0.5685	-0.6597	0.3451	0.6890	-0.0709	-0.5920	0.1449	0.4727	1.0440	0.0081	-1.5646	-0.5305	-2.2273	-0.3575
0.4563	1.0177	0.4337	0.5640	1.1228	0.5376	0.6433	1.9941	-0.5899	-0.7951	1.4430	0.0227	0.5198	0.4384	-0.0151	1.0992	0.8568	0.1410	-0.1977	1.1056	1.9067	1.3146	0.1687	-0.8985	1.5609	1.4830	-0.0144	0.9691	0.0149	-0.9472	1.2948	0.7795	1.4421	1.0438	-0.8866	1.6146	0.3894	1.1589	1.4096	0.1940	0.1505	1.2953	0.4566	1.4792	0.7399	-1.5635	0.5888	-1.2822	-0.2711
0.4693	0.9785	0.5290	1.3056	0.9570	-0.3714	0.3914	1.2432	0.3876	-0.9023	1.8494	-0.7063	-0.0101	-0.4130	0.4552	0.5872	1.3930	-0.3377	0.5182	0.9306	0.4824	0.0900	0.1339	-1.8218	1.0217	0.9781	0.2741	1.1253	-0.0917	0.1691	0.7335	0.8818	1.6167	1.2588	-0.8800	0.5925	-0.0482	1.5569	-0.8552	1.1031	1.4779	-0.2594	0.9389	0.4048	0.0581	-0.8659	1.1864	0.2582	0.1484
-0.2503	0.2191	-0.4333	0.6093	1.0383	-0.6081	0.2807	0.9525	-0.8254	-0.1329	0.5393	-1.3032	0.2254	-0.5656	-0.1235	0.5753	1.4558	-0.7725	0.9197	-0.3868	0.4288	1.8607	0.3521	0.2322	0.6485	-0.7872	0.4927	0.6535	0.1697	-0.5318	0.7542	0.1032	1.7625	0.5717	-0.3535	0.2763	1.0787	0.6428	-0.2853	-0.0537	1.2375	0.0688	0.9213	0.8288	0.5424	-0.3358	0.2659	-0.1130	-0.2491
1.1311	-0.7044	-0.8618	0.1113	0.3485	-0.3371	0.0274	1.2730	-0.5529	-0.0137	0.2506	0.1522	-0.1026	-0.3549	-0.8981	0.8120	0.6328	-1.2034	-0.1794	1.0427	-0.3794	-0.0922	-0.0319	1.1835	0.3348	0.2942	-0.7066	0.6231	-0.5320	0.0125	1.8717	-0.2106	1.8703	0.9347	-0.7512	-0.7978	0.7670	1.2644	-0.3057	-1.0987	-0.0768	-0.3891	1.2312	-0.1495	0.1717	-0.1799	-1.3884	-1.3000	-0.5645
0.2189	-0.2098	-0.7025	-0.4907	0.9560	0.1823	0.8780	0.8860	-0.0083	0.3242	2.0677	0.3327	-1.5261	-0.2688	-0.2272	-0.1783	1.3295	-0.0036	0.6709	1.3839	0.0735	0.3015	0.9292	-1.6194	1.0921	1.4485	-0.5269	0.9163	-0.0932	-0.2079	2.1549	1.2810	0.0369	1.0291	-0.2697	-0.1419	-0.2474	1.9455	-0.4783	-0.0572	0.4158	-0.8355	1.3315	0.6424	-0.3729	0.0921	0.3922	-1.5576	0.9109
-0.9401	0.8611	0.2110	-1.2595	0.4906	-0.3862	0.7057	-1.5600	-0.6594	0.6284	1.5255	-0.5615	-0.2877	0.9488	0.8988	-0.3018	3.0110	1.3335	1.4344	1.0434	0.8081	2.0481	-0.2621	-2.0228	1.6380	0.8746	-0.1245	0.8512	0.9041	-1.4043	1.3904	1.1828	-0.0392	1.3834	1.1500	0.3514	0.9324	0.1205	-0.0018	1.2640	1.9069	0.1234	1.6778	1.3913	0.0801	0.4736	1.2063	-1.1117	1.9577
-0.2101	0.2801	-0.6162	1.5033	-0.7512	0.7100	-1.0177	-0.7723	-1.5660	0.1810	0.1313	-1.0575	2.3909	0.7016	-0.2828	0.8104	1.2268	0.6745	-0.0783	-0.2879	1.8540	1.2569	-0.8730	-0.6564	0.0978	0.5422	1.0100	0.4181	-0.3681	0.4875	0.8640	0.5842	0.4821	1.0059	0.8665	-0.2451	-0.3295	-2.2938	0.0394	0.8828	2.3637	0.0764	1.3614	0.5880	1.0577	0.2355	0.0678	-0.8078	0.4747
0.3870	1.1091	-1.4274	1.6069	0.1705	-0.3843	-0.0609	0.9582	0.0487	0.1544	0.8498	0.1795	0.8536	-0.2743	-1.1254	0.3263	-0.0306	0.0831	-0.4417	0.1699	0.0085	0.0967	-0.0942	0.1955	0.4371	1.2752	-0.0860	-0.2340	-0.4741	1.4136	1.2858	0.1994	1.2785	1.0388	-0.3693	-1.0405	0.9754	0.5261	-0.8926	-0.1630	0.6128	-0.4596	1.1753	0.4579	-0.3436	0.2763	0.5503	0.1117	0.5873
-0.2731	-0.6463	-1.0452	0.2865	-0.1202	0.0863	1.0561	0.3478	-0.3567	-0.4209	0.5484	-1.0248	1.3338	-0.2713	-0.9524	-1.0346	0.9984	-0.0652	1.2064	-0.3519	-0.4756	0.1216	0.5350	0.2856	0.7055	0.0821	0.5850	-0.2875	0.1553	-0.7797	1.2094	0.2963	0.1051	0.5714	0.1643	0.0671	-0.1114	1.0352	-0.7629	-0.5496	-0.1053	-0.3146	0.5356	0.2748	0.7330	0.8795	1.1381	0.3679	-0.4604
0.0496	-1.2589	-1.2827	0.2273	-0.6119	-0.3701	0.9812	-0.4464	-1.1704	0.6814	-0.6987	-0.4522	0.2149	-0.9592	-1.1972	0.7036	-0.5271	0.5618	0.3146	-0.7078	0.3631	0.1892	-0.0023	0.8039	-0.1452	-0.1881	-0.0090	-0.3848	-0.3552	-0.8335	0.6644	1.2048	-0.2388	0.8540	-0.2459	0.4180	-0.3748	-0.4684	-0.4042	-0.5135	-0.2798	-0.8719	0.8425	-0.8596	0.8696	0.3109	1.2395	-1.2363	-1.1961
0.3713	-0.0014	-1.2509	-0.4097	-0.8148	-0.6909	0.0538	0.6147	-0.4125	0.1460	0.8813	0.1744	-0.5391	-0.5343	-1.5981	0.3019	-0.3309	0.4382	-1.0665	0.1158	0.5094	-0.0327	0.4975	-0.5079	0.5302	0.2116	-0.1980	-0.5746	-0.9012	-0.2856	0.6395	0.3639	0.6715	0.5683	-0.6945	0.3490	-0.8004	1.7812	-0.1563	-0.1804	0.0898	-0.1952	1.2730	-0.9862	1.3619	0.0189	0.6168	-0.7890	-1.6192
-0.4634	-0.2766	-0.6104	-0.3019	-0.4864	-1.4945	0.2466	0.2761	-0.5681	1.0891	0.4120	-1.3991	-1.2492	-0.2598	-1.1225	-1.2335	0.7198	-0.3269	0.0639	-0.5075	0.2864	-0.1335	0.1470	-1.2889	0.3167	-0.1499	1.1458	-0.4829	-0.1538	0.1783	-0.1772	-0.5012	-1.1890	0.3899	-0.3315	0.4498	-0.5950	1.4272	0.3778	-0.4247	0.5925	0.9067	0.8811	-0.8997	0.0839	0.4830	0.9016	0.2187	-1.5814
-0.5150	-1.4275	-1.3492	-0.0643	-1.1372	-0.0330	-0.0573	0.1039	-1.2181	0.9587	-0.7972	-1.4561	-0.2392	-1.1082	-1.5892	0.5009	-0.8758	-1.1099	0.3278	-0.7222	-0.9435	-0.1995	-1.4269	0.5895	-1.0454	-0.0545	0.2754	-0.4888	0.2064	0.0114	-0.3899	0.1888	-1.4126	0.8819	-0.0194	0.5788	0.5815	-0.3069	-0.6944	-0.9755	-0.1251	-0.4504	1.2551	-0.0134	0.9459	0.1219	-0.1525	-2.0480	-1.9510
-0.1958	-0.7185	-1.3228	-0.3424	-1.3995	0.2056	0.0502	1.0142	0.4461	-0.4124	-0.6832	0.2399	0.7160	-1.0369	-1.7255	1.7144	-1.7105	-0.3334	-0.3776	-0.4997	-0.3840	-0.1239	-0.2956	-0.2546	-0.2201	0.1902	-0.0951	-0.5308	-1.0389	0.2887	1.0557	1.7865	0.2459	0.6544	-0.3322	0.8868	-0.4774	0.0317	-1.4197	-0.9756	-0.8287	-1.9002	0.9855	-0.3167	1.7274	-0.0101	0.6830	-2.4878	-2.2241
-0.2981	-0.6501	-0.6295	0.8216	-0.8362	-0.0868	0.2641	0.6390	-0.1825	0.3257	-0.6965	-0.9281	1.8288	-1.0194	-0.5649	1.0754	-0.9798	-0.5765	0.8624	-0.7222	-0.1299	-0.5461	-0.4140	-0.9510	-0.4985	-0.7548	0.6980	0.1798	-0.4202	0.9744	1.3787	1.0416	-0.6224	0.1188	0.3038	1.3938	-1.1926	-0.0835	-0.5980	-0.2119	-0.9789	-1.4824	-0.2819	-0.2667	0.4523	-0.3429	1.4329	-1.2387	-1.3392
0.5365	-0.7352	-0.8689	0.8017	-0.2002	0.0167	1.1262	0.6521	-0.2221	0.0979	-1.0026	-0.3151	1.0014	-1.5442	-0.3945	0.8749	-0.5175	-0.2270	0.8586	-0.8604	-1.1103	0.0135	-1.2254	-0.3549	-1.2545	-1.2358	-0.7703	-0.1501	0.2646	0.5737	0.5458	-0.0470	-0.0548	0.7537	0.0433	0.6354	0.7281	-0.4129	-0.5575	-0.4140	-0.4596	-0.6554	-0.0335	0.9600	0.0156	-0.7314	0.9370	-1.4036	-0.2188
2.3985	-0.0094	-0.5120	-0.8696	-0.7578	0.6799	1.2188	0.6143	0.4147	-0.7426	-0.2226	1.9991	0.0630	-1.0930	-1.4765	1.3193	-1.2089	0.9223	-0.5643	0.4435	-0.3899	-0.2143	-0.7018	0.1322	-1.8175	0.0642	-1.4911	-0.3979	0.3509	0.8155	0.6143	0.5024	0.8472	0.9879	-0.0543	-0.1154	1.4847	0.3133	-0.9560	-1.3762	0.2666	0.0623	0.0088	-0.1020	-0.4554	-1.9807	-1.1385	-1.2741	-0.4326
1.9256	-0.3420	-0.1067	-2.1293	-0.2292	-0.4071	0.3203	0.1209	0.2435	-0.5861	0.4090	1.0112	-0.9849	-0.6752	-0.6037	-0.1592	-0.0576	1.5712	-0.0869	-0.3263	-0.2928	-0.6934	-0.1929	-1.3793	-1.5676	-0.1285	-0.4095	-0.5335	0.9136	-0.5086	0.4523	1.2417	0.4660	-0.1643	-0.6344	-0.1233	-0.0259	-0.2584	-1.6806	-1.9181	-0.1957	-0.3446	-1.0610	-0.2294	-0.9464	-0.9843	-0.7770	0.2937	-1.0878
1.3311	-1.3555	0.1861	-0.2694	-0.3414	1.1929	-0.0743	0.1460	0.4275	-0.3804	-0.7737	-0.5175	0.2282	-1.1437	-0.7050	0.4147	-0.8646	1.1110	-0.4052	-0.8795	0.3274	0.3110	-1.0985	-0.8103	-1.0620	-0.5785	0.1364	0.8953	-0.2527	0.3936	-0.6801	1.2457	0.1544	-1.7326	-0.7866	0.3390	-0.1865	-2.5324	-1.4962	-1.8249	-0.7347	0.3488	-1.8410	-0.2996	-0.3452	-0.9408	-1.7396	0.0977	-2.2612
0.9979	-0.7179	0.3230	0.2406	-0.1201	0.3769	0.6877	0.8824	1.3567	-0.6835	0.6159	0.3501	-0.2290	-0.9488	-0.0492	0.0541	-1.5931	0.5209	-0.7091	-0.4557	-1.4111	0.2858	0.0436	-1.1623	-0.6236	0.5437	-0.8584	1.4324	-1.2306	0.7502	0.4225	1.2354	0.6685	-0.9023	-1.5675	0.8154	-0.6182	0.7010	-2.2240	-0.5551	-1.1063	-0.2407	-1.2937	0.5200	0.0138	-0.8513	-0.5484	0.3700	-1.6756
-0.4902	-0.7128	0.2789	-0.7453	0.9449	0.0178	1.8409	-0.3201	-0.4052	1.2203	0.9278	-1.1213	0.4350	-0.7427	-0.4049	-1.1219	-0.1982	0.0941	0.8691	-0.1518	-1.6203	0.5580	0.1121	-0.9188	-0.2634	0.7776	0.8069	1.2791	0.0616	0.5223	0.7889	-0.1021	0.2150	0.9428	-0.7450	1.3291	-1.4412	0.6262	-1.3180	-0.6863	-0.5367	-0.6551	-0.0422	-0.4000	-0.0073	-1.1426	-0.2547	0.2421	-0.5711
-0.0241	0.7766	-0.0898	-0.9900	0.3061	0.8411	1.3045	-0.8518	-2.0344	0.6836	-0.1770	-1.7324	0.0377	1.0592	-0.1969	-0.5504	-2.1208	-1.5082	1.6300	1.0033	0.7278	0.7357	-1.3940	-1.6774	-0.9799	-0.0453	-0.4365	-0.4944	1.5268	-0.7440	1.4282	-1.3106	0.4992	1.3398	0.2582	-0.4369	-1.0641	-1.0004	2.9188	0.8075	1.6660	1.3870	1.4454	1.2452	1.0770	2.1447	-0.5959	0.2733	1.0759
-0.9312	0.8097	1.9012	-0.3867	0.0212	1.9071	-1.9091	0.6093	-1.8524	-1.6510	-0.3661	-1.4584	-1.8070	-0.3760	0.4401	1.4235	-0.7406	0.4214	0.7023	-0.3313	0.7790	1.0519	0.1394	-1.8546	1.3953	-0.0533	-1.1707	0.9458	0.6812	-0.9514	0.8319	2.4733	1.2294	-0.1339	0.9056	-0.0861	0.0896	-0.7583	1.4896	0.5756	-0.5608	2.4756	-0.3547	1.0977	0.3660	0.4481	-1.4155	0.7167	0.4054
-1.2845	1.5858	1.4233	0.5002	1.0584	0.0714	0.5371	-0.4128	0.1823	1.6068	-0.3353	-0.4943	-1.6406	-0.7471	2.1019	0.7404	0.1515	0.9177	1.2394	0.6610	-1.1020	-0.3256	0.3935	0.5151	0.8247	-0.2526	-1.3019	1.9539	-1.1024	0.8134	-0.5597	1.4929	-0.8568	1.2333	-0.9926	0.1329	-0.8322	-0.1840	-0.5279	0.4599	0.3196	-0.2999	0.3110	0.6685	-2.3626	-0.3981	0.0057	0.1164	1.5364
-1.2695	1.0970	2.4487	-1.4098	1.2799	-0.2156	2.2238	0.8185	-0.1386	1.8377	1.5064	0.3258	-0.7002	-0.1995	3.3001	-1.8948	-0.0194	1.2158	2.0727	1.1468	-0.2938	2.2216	1.2293	-0.0768	0.7249	0.8545	-0.7336	1.5255	-0.1634	-1.1347	1.0478	1.3316	-0.1126	1.6709	-1.0954	0.9833	0.2885	0.9728	0.9295	1.0462	1.0695	1.2573	0.0660	2.2310	-2.5941	-1.2473	-0.1114	1.0300	1.3888
-1.6473	-0.0049	2.8012	0.3516	0.0554	2.0294	0.0305	0.0214	-2.3263	-1.1275	0.5709	-0.9214	3.6339	1.8705	0.9333	-1.5892	1.1343	0.4588	0.5274	-0.2771	1.8803	1.8024	0.1185	-0.0875	0.4412	-1.1046	1.4222	0.7301	1.4749	-0.4760	0.9917	-0.5945	-0.2105	0.4770	0.0415	2.0636	2.0451	-1.5552	1.9453	1.4826	1.1286	2.5121	-0.2542	0.0556	1.1700	-0.2000	-2.7435	1.4571	1.0331
-0.6891	-0.0602	0.5993	1.1917	-0.3807	0.0670	1.0913	-0.0354	-1.8264	0.6020	-0.7620	-0.3142	1.7449	1.3413	-0.8487	0.7713	-0.3129	-0.2493	0.0412	0.6242	-0.4500	-0.9638	-2.3972	1.7110	0.2655	-1.1876	-0.3576	0.7680	0.4508	0.5637	0.9090	-1.0185	-0.5080	1.0381	0.5776	0.0274	1.3956	-0.7244	-0.8826	0.9832	0.5669	-1.1768	0.0873	-0.7652	-0.0680	-1.1582	-2.7562	0.1222	1.6518
-2.7705	1.4376	-0.5085	-1.7799	1.8884	4.2524	-1.9322	-0.9293	1.8350	-1.2103	-1.8169	0.0671	-0.5674	3.2779	0.7909	-2.1229	0.2350	1.2434	3.3410	3.1619	-0.7918	1.6207	1.7866	1.2908	-0.3470	-1.1135	-1.9944	-0.4547	1.7388	-1.1033	0.6406	-2.1365	0.7646	0.0885	-0.1746	-1.7287	1.0280	0.8413	0.5112	2.2347	-1.5624	-2.2242	-1.5801	1.4549	0.4923	0.6442	-0.8628	1.6275	3.6023
-4.5814	2.9544	-1.7722	-1.0853	4.8063	2.2902	-1.4582	-3.1055	2.8362	-2.0821	1.3217	1.7732	-1.6534	6.0989	1.6465	-2.6374	-0.3116	-0.8609	-1.0628	4.8930	0.1037	1.8933	-0.1282	1.9812	-2.1899	-1.4759	3.5641	-3.1970	3.7161	3.3836	-0.7680	-2.4736	0.0171	-0.7639	2.4588	1.0132	-0.0054	-2.6841	2.7163	3.4351	-2.1563	-0.0017	-4.5533	0.8837	1.4026	2.7624	0.4755	3.3240	-0.2937
-1.4831	1.4452	0.6998	-1.0902	3.8493	1.1799	-1.4494	-3.2247	1.2202	-0.9021	1.0066	1.1552	-1.5161	3.4251	0.3893	-1.3392	3.7138	-0.4944	-5.4269	2.5665	-1.1968	2.2154	2.6359	4.5411	3.4911	-0.9065	4.0624	1.8860	2.9156	5.3714	-0.6938	0.5964	1.9866	-2.7030	3.2255	0.5805	-2.3232	-2.6862	3.9341	4.1518	-1.9656	0.9484	-2.2343	1.6435	2.2853	3.7730	-0.6736	3.1800	2.5786
3.4655	3.2305	2.3855	-0.2694	0.4850	0.5219	2.2152	-1.0148	0.9574	6.0461	-1.4736	3.0420	0.4959	1.5436	3.5084	0.0936	0.6065	0.7652	-1.5552	2.8411	0.2960	0.0904	1.8068	2.1344	0.7116	1.3205	2.0797	2.0676	-0.4428	0.3954	-1.7018	-1.4685	-0.2904	0.5699	0.6566	0.7565	-0.3587	2.2130	2.8237	2.2913	4.1838	0.0382	1.7898	1.1345	0.5566	2.7062	1.9294	2.1187	1.6372
1.6888	2.5167	1.6192	-1.9582	-1.8298	-1.3483	0.6123	0.0282	0.5995	1.6376	2.2335	2.4357	-0.5239	-0.2447	2.8419	-1.2266	1.1821	1.5871	-1.3106	0.1251	0.6488	-0.9446	2.2639	1.4796	0.6920	0.5905	0.1540	0.0957	-1.7488	-2.5197	-1.5776	-0.2758	1.0139	-1.1348	-1.0753	-1.1277	1.8600	1.9560	0.2423	1.8238	2.3476	0.2550	0.9284	0.8341	0.6545	2.1930	0.9684	2.0650	1.3766
0.3173	-0.7132	0.4556	-0.7429	-2.0268	-1.2758	0.8980	-2.2054	-1.2368	-0.6315	0.2119	-0.0967	0.0232	-1.1914	-0.0236	-2.3271	-0.4045	-0.1542	-2.0364	-2.1896	-0.0440	-2.0200	0.1940	0.3081	-1.0363	-1.3842	0.2407	-1.3169	-0.9928	-0.9201	-0.9841	-0.8706	-1.4742	-1.8121	-1.2452	-1.3614	0.4696	-0.0554	-0.1295	-0.9515	0.7376	0.1185	-0.5195	-0.4637	-0.7640	0.9244	-0.4006	1.3074	0.1081
1.0359	-0.9732	-0.4523	-1.6955	-2.3420	-1.9390	-0.4412	-1.3277	-0.3539	-1.2851	-0.6680	0.9350	-0.9675	-1.2306	0.0258	-1.7666	-1.0936	-0.8294	-1.8554	-1.7302	-2.3771	-2.4697	0.0522	0.8123	-2.4302	-1.1475	-1.4256	-2.2309	-0.7420	-1.5787	0.5082	-0.2966	-1.6084	-1.7634	-1.4110	-2.7007	0.0444	0.6549	-1.4909	-0.8462	-0.7686	0.2229	-0.6651	-0.7652	-1.5154	0.6165	-0.9696	-0.4240	0.1609
-0.8207	-0.6992	-0.7807	-1.1536	-1.4319	-0.9439	-2.8964	-0.8510	-0.8549	-0.8105	-1.5311	0.6308	-0.5214	0.3532	-0.9292	-1.4209	0.4450	-0.8032	-1.4105	-2.4819	-1.0418	-2.9825	0.0298	0.4248	-3.2304	-1.5728	0.1962	-2.2341	0.5805	-0.5480	0.0072	-0.5438	-2.9541	-2.0825	0.2804	-2.2377	-1.1485	-0.8196	-0.6247	-0.4362	-0.5252	0.1186	-1.4431	1.0294	-1.2694	-0.3046	-0.6083	-0.4471	1.9391
-1.4985	-0.2084	-1.4555	1.6442	-1.4786	0.3092	-2.5603	-1.2771	-0.9474	-1.4401	-2.3017	-0.4469	-0.0789	0.3048	-1.0143	0.6405	-0.6682	-2.0285	-0.5499	-1.9375	-0.4803	-2.8128	-1.1116	-0.6355	-3.5993	-0.2779	1.0694	-1.5747	-0.4813	0.1881	-0.4507	-0.0632	-2.5939	-0.7692	0.9576	-2.1626	-1.3425	-1.4463	-0.6711	-0.8949	-1.1542	-1.1061	-1.8684	0.4823	-0.9743	-0.6278	0.4085	-0.6722	0.4633
-0.6979	-0.1676	-1.2792	1.0088	-0.2053	-0.0376	-1.2887	-0.9508	-0.3841	0.0163	-0.3514	0.2391	0.5109	-0.0080	-0.1797	0.9575	-0.7369	-1.9237	-0.2998	0.4525	-1.7404	-1.2499	-0.9643	0.3574	-2.0545	1.8254	-0.6694	-1.0200	-0.4660	0.0991	1.7729	-0.1315	-0.4594	0.4151	-0.3007	-1.4956	-0.5971	1.8016	-1.2999	0.4354	-2.2587	-0.6106	-0.8201	-0.5652	-0.3439	-1.4960	0.1000	-1.0486	-0.1626
-1.3933	-0.6215	0.5540	-0.8054	0.1040	-0.6092	-1.1732	1.0155	-0.2880	-1.3045	0.2475	-1.0357	0.5077	0.1881	0.1645	-0.6263	1.4376	0.2754	1.6300	-0.9078	0.7184	0.5241	1.1721	-1.0764	1.0371	0.9595	-0.2350	-0.7758	0.8911	-2.1873	-1.3839	-1.0021	0.3166	-0.7502	0.3610	0.2559	-1.0765	-0.0478	0.1431	0.6877	-0.8324	1.4623	-1.2900	0.7622	0.8550	-0.1061	0.6084	-0.4017	-0.7624
0.8617	-0.9223	0.4236	1.2426	-0.7411	-0.4841	-0.5979	0.8865	1.2748	-1.6861	-1.5048	-0.9809	-0.2436	-0.6553	0.0632	0.8935	0.1727	-0.1590	0.2170	-0.6115	1.0770	-1.0528	0.1064	-0.6850	0.0709	-0.6133	-0.0549	-0.6316	-0.2551	-0.2426	-3.3325	-1.9197	-0.4449	-1.5398	0.8368	-0.6522	-0.5774	-2.0162	0.2632	-0.0581	-0.0070	1.0669	-0.4301	-1.3025	-0.1173	0.0687	-0.1648	-0.0714	-1.0142
2.0500	0.7119	0.6700	1.1487	0.2587	0.2797	-0.3039	1.4018	1.2680	-1.4377	-0.1622	0.2737	-0.4981	-0.2131	0.5235	0.0470	0.2448	0.0235	-0.4112	0.7990	-0.5512	-0.5773	0.3544	0.0993	0.1119	0.2907	-1.3968	-0.4025	-0.3293	-0.1905	-1.1998	-1.2483	0.7026	-0.0056	0.3171	-0.9896	-0.5038	0.9327	-0.4727	-0.2325	-0.2125	1.6393	0.6613	0.3554	-0.6718	-0.8512	0.0293	0.6235	0.4702
1.5313	1.0804	0.7497	0.1379	0.5286	-0.6818	0.8008	-0.2210	1.3503	1.2080	1.4521	0.4813	-0.7746	0.0195	1.7247	-1.0795	-0.5864	0.4385	1.1268	1.2749	-0.3607	-0.2959	-0.5147	-0.4504	0.2290	1.1925	-1.6920	0.3994	0.0641	-0.7256	-0.7256	-0.5516	0.9310	1.0609	1.2943	-0.5257	0.4245	2.0654	0.3596	1.0911	1.4621	0.0775	1.6395	0.6944	-1.9590	-0.8256	2.7503	1.5877	2.4808
0.2682	-0.7411	-0.3849	-0.2422	0.2889	-0.5740	0.2351	-0.6625	0.8748	1.1565	1.6085	0.2186	-0.4901	0.8673	0.4639	0.4967	0.0044	1.0511	0.3820	0.1736	2.3124	0.5982	-0.0972	-0.6196	0.5400	-0.1300	-0.2433	-0.2131	1.2038	-0.8896	-0.9271	-0.3871	-0.0478	0.6019	1.7256	0.0437	0.2130	-0.3986	0.4625	0.6039	0.9213	-0.2459	0.9149	-0.3153	-0.7985	-0.6890	1.4017	1.4733	0.9459
1.0213	-0.4078	-0.4721	0.0401	-0.1129	-0.7820	-1.0559	-0.0191	1.4142	-0.6708	0.3393	-0.0486	-0.0580	1.2176	-0.3102	2.4449	-0.6066	0.2641	-0.9246	0.3950	1.3100	-0.7969	0.0186	1.1754	-0.2081	0.1180	-0.4783	-0.4999	0.7134	0.4651	-0.1362	-0.0031	1.6655	0.7728	1.2835	-1.2386	1.4550	-1.1936	-0.0127	-0.4592	-0.1103	-0.1450	0.8990	-1.7564	0.2188	0.3897	0.7849	1.4066	-0.2739
0.3712	-0.8867	0.6888	-0.7269	-1.0272	-1.3162	-0.1487	-0.3323	1.2457	-0.5653	-0.1782	-0.4409	0.1368	0.4806	0.5414	1.0507	-0.4416	0.0981	0.8662	-0.8352	0.4675	-0.0873	-0.4461	1.7162	-0.3740	-1.1315	-0.3237	-0.7587	0.4750	0.3079	0.3969	-0.3229	0.4408	0.2127	0.7319	-1.2371	0.2383	0.0874	-0.3477	-1.1585	-1.1636	0.8530	-0.3800	-1.4846	-1.1293	-0.4774	0.8685	1.4888	-0.3726
0.6047	-0.4314	-0.4033	-1.0702	-0.9660	-1.4939	0.1747	-0.7012	0.9129	-0.4015	-0.6943	0.5631	-0.4080	-1.3009	-0.2078	0.8382	-1.0364	1.4164	0.6081	-0.9467	1.2626	0.3322	-0.2095	1.0779	-0.0123	-0.7245	-0.1302	-1.5089	0.3771	0.0992	-0.7491	0.1288	0.0898	-0.0041	-0.1807	-0.2808	0.2337	-1.3025	0.0588	-1.1736	0.3770	0.4306	-0.8200	-0.2864	-1.6307	-0.9637	0.7906	0.3691	-0.2111
1.0579	0.0772	-1.3602	0.2745	-0.3930	-0.6867	-0.5561	-0.0114	2.7557	-0.8519	-0.5064	0.6092	-0.3997	-1.0005	-1.2022	-0.1304	-1.3557	-0.0652	-0.2649	0.6586	-0.4647	-0.6397	0.6412	-0.3326	0.6249	-0.8234	-0.7144	-1.0326	-0.3114	0.3120	-1.1463	-0.6023	0.7864	-0.0091	-0.3307	-0.4206	0.9533	0.2086	-0.4492	-0.1347	-0.0962	-0.1037	0.3084	-0.6299	-0.0710	0.0181	0.5308	0.7132	-0.7872
-0.9796	-0.7172	-0.8672	0.2586	0.3656	-0.5110	-0.1783	-0.1729	0.7459	-0.3394	-0.3583	-1.2909	0.0307	-0.4860	-1.0910	-1.1602	-0.2242	-2.0293	0.7775	0.0844	-0.1644	-0.3078	0.2658	-0.1739	1.0029	-0.7821	0.1277	-0.7596	0.9015	0.0885	-0.9627	-0.7661	-0.5470	0.4159	0.0780	-0.6696	-0.9227	0.9241	0.2322	-0.7645	-0.6127	0.4186	0.2044	-0.5775	-0.2495	0.2886	0.2422	1.0069	-1.4893
-1.5552	-1.5939	-1.1861	2.1061	0.4433	-0.2327	-0.6259	-0.1935	-0.9358	-0.9290	-1.3555	-1.6330	0.4500	-0.6999	-1.1693	0.8081	0.0775	-0.9381	0.2612	-1.0008	1.2440	-0.1546	-0.7491	-0.2624	1.5290	-1.3253	0.3242	-0.6690	-0.0204	0.4703	-1.8175	-0.0584	0.0905	0.4657	0.3076	0.5479	-0.8586	-0.8560	0.8453	-1.1644	-0.8728	0.4834	-0.2679	-1.4678	1.0527	-0.1860	0.4166	-0.0718	-2.0577
-1.0729	-1.7941	-1.2514	1.3949	-0.3446	-1.0599	-0.3796	-0.1366	-0.5880	-0.1354	-0.2462	-0.5680	-0.9195	-1.1169	-1.5081	0.8585	-0.1472	-1.3691	-0.8557	-0.6227	-1.2135	-0.3494	-0.9346	-0.5066	1.8721	-1.0076	-1.4120	-1.3137	-1.6634	0.5637	-1.2613	-0.4602	0.2785	-0.3100	-0.9042	0.0822	0.1016	0.5535	0.5515	-0.5007	-1.2569	0.2592	1.1538	-3.2274	0.4402	-0.1262	-0.0836	-0.3832	-1.9005
-2.0014	-1.2798	-0.2985	-0.0550	-0.3013	-0.2423	0.2216	0.0841	-0.9123	-0.0311	-0.1033	-1.4239	0.2877	-1.1575	-0.8061	0.0321	0.2249	-0.6429	0.4281	-1.7948	0.0524	0.0597	0.2943	-1.0107	1.8496	-0.3400	0.8650	-0.4688	-1.5194	0.4050	-0.6284	0.1192	-0.7126	-0.9378	-0.3570	0.4114	-2.2319	0.3591	-0.1282	-0.7226	-0.5676	-0.5126	-0.1251	-1.0598	0.5481	0.1354	-0.1091	-0.8592	-2.0828
-0.5287	-0.5471	-0.8158	1.2279	0.1217	-0.6875	-0.4262	0.3865	-0.5609	-0.5051	-0.4803	-1.6160	-0.8034	-1.9007	-1.0058	1.2904	-0.8985	-1.7175	0.0542	-1.3518	0.5356	-0.9358	-0.8968	-0.7301	0.0272	-1.1267	0.8166	0.3505	-0.9466	-0.1106	-0.7247	-0.1359	-1.0118	-1.1086	-0.2529	-0.4503	-0.0580	-1.0036	0.2519	-0.0577	-0.3109	-0.3423	0.5374	-0.7995	0.0465	0.0488	-0.5077	-1.3638	-1.6009
1.4325	-0.6054	-0.6210	0.7403	0.7568	-0.7977	1.3084	0.0492	0.6028	-0.0360	1.5335	1.4566	-0.7482	-2.2591	-0.3716	0.3556	-0.6183	-1.0280	-0.2223	-0.0306	-1.3441	-0.6004	-0.2607	-1.0914	-0.6705	0.1096	-0.3309	1.5083	-1.0378	-0.0553	0.2072	-0.2891	-0.4003	0.0705	-1.4547	-0.5137	0.0283	2.1806	-0.2058	-0.5642	-1.3451	-1.1927	0.8292	-0.8412	-1.1222	-0.9011	0.3040	-1.1091	-0.1119
-0.5153	-0.5301	0.6264	0.3188	1.0465	0.1186	1.0187	-0.3695	0.6838	0.6266	0.0945	1.3875	0.8924	-0.5179	-0.2557	0.0176	0.8981	1.2835	1.0358	-1.7169	0.0325	1.4975	1.4902	-1.0303	0.4261	1.0572	0.4077	1.5724	0.0791	-1.2047	-1.4449	0.7981	0.1759	0.4575	0.8699	0.8287	0.1996	0.1764	0.9730	-1.9727	-1.6110	0.2828	-1.2111	0.7177	0.4022	-0.8648	0.5882	-0.8280	-0.5644
0.9103	-0.5117	0.4367	2.4865	0.8571	1.5222	0.0914	0.1183	0.7672	0.0086	-1.2664	0.0069	0.8607	0.1624	0.6955	1.7650	-0.3589	0.2635	0.2983	-0.3788	1.2238	0.5548	-1.0168	0.0874	0.2618	0.9025	0.9402	2.0710	0.2236	1.3747	-0.1597	0.4168	-0.1296	-0.1316	0.8558	1.2360	-0.2453	-0.1978	-0.0686	-0.3684	0.5352	0.4807	-0.6333	-1.0529	0.9099	-1.6903	-1.4255	-1.4024	-1.3517
1.4246	1.2646	-0.1562	1.2589	1.0592	0.1594	0.0502	0.9151	0.8276	0.6578	-0.5292	0.9489	-0.2327	0.5060	0.2595	1.5302	-0.6604	0.3097	0.1332	0.7844	-1.0411	1.0764	-0.8220	0.4567	-0.6277	0.5054	-0.9402	2.1644	0.4162	0.7641	1.2453	0.3509	1.9288	0.5114	-0.3536	0.2955	-0.5567	0.7978	-1.7275	0.3283	0.7019	0.7533	0.8337	0.1123	0.5000	0.3524	-0.9078	-1.8728	-0.5084
-0.4482	0.8446	0.4333	-1.0300	0.8414	-0.6458	1.7671	0.6719	0.3466	1.7666	0.4591	0.7342	0.4506	-0.1079	0.9457	0.6874	-0.6108	1.2897	1.9226	0.2954	-0.5659	1.1723	0.8695	-1.0248	0.1072	1.0874	-0.2674	2.0485	0.2789	-1.3724	1.1990	1.5595	0.3594	0.4445	-0.7433	0.3489	-0.2703	0.6569	-1.4909	0.0385	1.2684	-0.3517	0.1967	1.3252	-0.7725	0.3918	1.6931	-1.8292	0.0418
0.0197	-0.3295	-0.0990	0.4040	-0.0741	1.2790	-0.3999	0.5004	-0.4235	-0.7505	-0.6936	-0.0012	2.9677	0.3602	-0.4166	0.4696	-0.6953	0.8774	0.0477	-0.2152	1.1688	0.3675	1.1320	-0.1894	0.0591	0.4449	1.2585	1.3911	0.1814	0.1930	0.1606	0.9306	-0.6868	0.7620	1.0897	0.8112	0.3187	-1.8004	-0.1030	-1.2359	0.6968	0.0267	-0.5059	0.2758	1.5455	-0.1915	-0.1690	-1.5531	-0.4691
1.5331	0.9873	-0.0156	1.0684	0.3920	-0.1056	-0.3225	-0.1772	0.6831	0.1342	0.1541	1.8098	0.3659	0.4170	-0.1499	-0.4212	-0.9484	0.4888	-0.4753	0.9565	-0.3215	-0.3326	0.2941	0.0725	0.6410	0.9396	-0.0986	1.2375	-0.4530	0.6073	1.7720	0.5045	0.8250	2.1060	0.2858	0.3124	1.3167	0.4763	0.0059	0.1205	-0.0324	0.3542	1.2570	0.0824	0.4198	0.7544	-0.8301	-0.3223	0.1248
0.7360	-0.1220	0.7588	0.8298	0.3290	-0.5292	0.2423	-0.8087	0.6887	1.2532	0.4671	0.8910	0.0789	0.9880	0.9507	-0.4266	0.7810	0.8403	1.1072	0.2738	0.0813	0.2409	-0.8393	0.9992	-0.4216	-0.2631	0.0045	0.9146	0.1051	0.6050	1.7749	-0.5299	0.4900	1.5128	-1.1094	0.6045	0.1114	1.0930	0.1365	0.7549	0.1267	0.5545	1.0114	0.4398	-0.3927	-0.2079	-0.8492	0.5076	0.7178
0.4969	0.2011	1.1476	0.3701	0.7948	-0.0082	1.0751	-0.2370	0.0299	0.4232	0.6103	0.9197	0.0052	0.1983	0.5274	1.2094	0.3559	1.3854	1.0910	1.1003	1.5735	1.5860	-0.5012	-0.2477	0.4477	0.2779	-0.4400	0.1322	0.7726	0.9700	0.7151	0.3681	-0.0018	1.3921	-2.3347	0.8712	0.6744	-0.4280	0.8378	0.9989	0.7769	-0.0107	0.8052	0.9250	-1.2157	-0.4991	0.7355	-0.4112	0.8258
0.6161	1.2516	0.2166	-0.2099	-0.0293	-0.3770	-0.5260	0.4479	1.0167	0.0049	0.5246	1.0608	0.8143	0.0142	0.0347	1.1310	0.6449	0.5375	-0.5263	0.5723	0.8257	0.7136	2.0262	0.4214	0.8638	1.7719	-0.6388	0.2913	0.0259	0.2480	0.2540	1.8377	1.7611	0.1521	-1.6506	0.4214	2.2718	-0.6970	0.0497	0.3636	-0.3728	-1.5115	1.2601	-0.0883	0.1000	1.2535	0.8174	-0.5491	0.8986
0.5230	-0.3179	-0.7663	0.8690	-1.0690	0.2370	0.3314	-0.3859	-1.4855	1.1130	0.4314	-0.5601	1.8626	0.3576	-0.3973	0.0941	1.2404	-1.0133	0.2404	-0.9012	1.1237	-0.3442	-0.0941	0.0860	0.6257	0.2110	-0.0407	0.2245	0.8126	1.2266	-0.1942	-1.7123	-1.1201	-1.4890	-0.6886	1.5262	0.6145	-0.2532	0.0852	-0.7011	0.6739	-1.8909	0.2373	-1.1274	-0.2344	-1.6133	-0.6128	-1.3001	-0.0454
1.0277	-0.1964	-0.9553	0.3780	-0.9402	-0.7586	-1.3273	0.5766	-1.3304	-0.0424	-0.3948	-0.0215	0.2115	-0.0876	-0.6574	0.7460	0.5190	-1.1230	-0.6883	-0.5246	-1.0692	-0.9830	-1.6949	1.7917	-0.5727	0.1071	-3.4857	-0.4935	0.3754	0.3893	-0.0150	-0.8207	-0.7284	-1.5494	-1.0018	-0.5248	0.9278	-1.1336	-0.8033	-0.6421	-0.4137	-1.8443	-0.6172	-1.0306	-0.3242	0.0810	-1.0295	-1.0449	-0.3006
1.4069	0.0255	-0.4149	-0.7564	-0.4854	-0.6036	1.0167	0.7991	0.1140	-0.4202	1.0029	1.1891	-0.4565	-0.9667	-0.0180	-0.7574	-0.3021	0.1145	-0.0878	0.5846	-1.5726	-1.1477	-0.4499	0.0552	-1.1126	0.8815	-2.1712	-0.3434	-0.6166	0.4544	1.4701	0.0668	-0.5658	0.1146	-2.0217	-0.9830	-0.2547	1.4822	-1.8648	-0.3344	-0.6366	-1.4250	-0.8157	-0.8979	-0.7002	0.1813	0.0154	-0.6127	-0.1647
-0.3509	0.0566	0.5273	-1.4676	-0.8401	0.8007	0.4815	0.4506	-0.6410	-0.4620	0.3730	-0.1899	0.5659	-0.3705	-0.5798	-1.0735	0.4931	1.1662	0.3199	-0.2903	0.7730	0.5549	-0.0527	0.0825	0.0022	-0.2967	1.5140	-0.2232	-0.1970	0.3144	0.0289	-0.3581	-0.8020	0.8080	-0.1046	1.0776	-0.5581	-0.2172	-0.8418	-0.5457	0.6170	0.5719	-0.1349	-0.5413	0.6956	-0.9733	-1.2007	-0.2101	-0.6214
-0.2599	-0.6550	0.3297	-0.7882	-1.1044	0.5353	-0.2453	0.5074	-1.2539	-0.7461	0.8810	-1.0085	-0.7057	-0.0682	-1.6105	-0.8718	-0.9770	-0.0717	0.0365	0.9255	1.2070	-0.0552	-1.8344	-1.2961	0.4680	-0.5215	0.2249	-1.6761	-1.0016	-0.7419	0.1697	-0.4128	-0.0347	0.7296	0.3831	-0.4306	-0.3797	-0.9120	-0.3633	0.7076	1.6551	1.0026	1.1467	-0.7732	0.5730	-0.4998	-0.7690	-0.0081	0.0567
-0.7226	-0.6079	0.8200	0.1607	-0.3612	-0.4234	-0.7542	1.9562	-0.3729	-0.7281	-0.1425	-0.8345	-1.0747	-0.3526	-0.1981	-1.3387	0.1731	-0.2513	0.8653	-0.1600	-0.8256	-0.7260	-0.1818	-1.5549	1.1706	0.6093	-0.0286	-1.5993	-1.1704	-0.5791	0.6789	0.4622	-0.2567	0.4117	0.4935	-0.6487	-0.3102	-0.0514	-0.5328	0.1067	-0.8895	0.5703	-0.2241	-1.1741	-0.2824	1.1624	0.6374	0.9182	0.5733
-1.5316	-0.1063	0.7412	0.1770	-1.0964	0.0903	-1.3842	2.4592	-1.0931	-0.4178	-0.9826	-1.4803	-0.6938	-0.4676	-0.8448	0.7581	-0.9790	-0.9661	0.8282	-1.2122	-1.3284	-1.0060	-0.0722	0.2911	-0.5217	0.4297	0.7181	-1.2587	-1.9102	-0.0860	-1.1501	0.1471	-0.5131	-0.7060	0.5450	-0.7211	0.2300	-2.0106	0.0855	-1.0029	-0.8328	-0.0388	-0.8746	-0.2123	1.0867	1.9212	1.0823	-0.7081	-0.3420
-0.0653	0.2720	0.9220	-0.9743	-0.3796	0.4641	-0.7884	0.1470	-1.3198	-0.7920	-0.6044	-0.5740	-1.2758	-0.6747	-0.5252	0.2052	-1.0635	-0.1571	0.0195	0.3009	-0.8024	-0.3565	-1.9134	-0.0132	0.0745	0.8152	1.3360	-0.2186	-1.4219	-0.0045	0.7729	0.2887	-0.3654	-0.5097	-0.0495	0.2559	0.2822	0.0984	-0.2864	-0.7234	-0.0805	-0.8233	-0.1410	0.2522	-0.0632	0.1118	0.3948	-1.0888	-0.1167
-0.0083	2.0312	2.0275	0.4793	0.2943	0.2546	-2.3138	1.1343	0.2514	0.6894	1.1395	0.1545	-0.2074	0.6950	1.7339	-0.6784	-0.2082	0.1994	-0.8521	0.2321	-0.6262	0.4255	2.3237	0.1293	0.2217	1.6647	1.0822	-0.0695	-1.0126	0.4927	1.4924	1.3465	1.6264	-0.1326	-0.3275	1.0403	0.9247	0.5006	0.4279	1.3743	-0.1161	-0.6299	1.1683	1.1658	1.6245	3.0860	-0.6691	-0.1756	2.2754
-1.0635	0.0564	1.9683	-0.2350	-0.0533	0.6045	0.2968	0.7760	-1.1697	0.8408	1.5219	-1.4742	0.6787	-0.3730	1.0827	-0.3659	-0.1716	-0.7172	-0.5173	-0.1893	-0.2633	-0.1380	0.6859	0.3323	-0.2019	0.5495	0.9973	0.2717	-1.4004	0.9932	0.0746	0.9594	-0.6174	-0.7555	-0.9278	1.2740	0.4497	-0.2445	-0.0461	1.1951	0.9121	-0.5857	0.8644	-0.8848	0.3840	0.2655	-0.7278	-0.5680	0.9372
-0.7640	-1.1081	1.0941	-1.9675	-0.1301	-0.0503	0.8843	0.4157	-1.6268	1.0058	0.2537	-1.0245	-0.5419	-0.8927	-0.3303	-0.3292	-0.1673	-1.1292	-0.7343	1.0193	-1.7214	-0.1234	-1.1831	0.8715	-0.2985	-0.4172	-0.2345	0.8088	-1.3995	0.4813	-0.9406	0.7402	-0.6013	-1.0379	-0.9564	-0.2238	-0.9547	0.3623	-0.2967	-0.3743	0.8051	0.1237	-0.1727	-1.1164	-0.8535	-0.9181	-1.3633	-0.4141	-0.6272
-1.2972	0.6462	0.4945	-2.5357	0.9780	-2.3185	0.4244	-0.1859	-0.6700	0.1733	0.2732	0.0489	-0.5026	-0.8514	0.7483	-2.0770	1.5051	0.6585	-0.3672	-0.3923	-0.4743	0.8596	1.8014	-0.8099	0.7870	1.1109	-0.8403	-0.4877	-0.3710	-2.0406	-0.3526	2.1104	0.4114	-1.0356	-1.4884	-0.1247	-1.0297	0.6470	-0.2656	-0.2505	-0.8490	1.0437	-1.2824	1.0880	-0.7025	1.5981	0.8036	0.0779	0.4984
-0.8371	0.7226	0.0434	-0.6751	0.8191	0.5702	0.3783	-0.3940	-0.2453	0.2904	-1.1840	-1.0876	0.8138	-0.4137	0.9565	-1.6843	1.1501	0.0654	-0.8971	-1.0239	0.2985	0.3296	1.6653	-0.7873	-0.0674	0.6874	0.3595	0.7551	-0.4693	-0.4853	-1.1142	0.8198	-0.5612	-0.6225	-0.8356	1.3097	-0.8444	-0.0372	-0.0450	-0.8752	-0.4017	-0.0005	-1.3406	1.2903	0.0721	0.4550	-0.1568	-0.3367	0.2201
0.3785	0.9615	-0.1584	-0.0716	0.3292	1.7870	0.4020	-0.6491	-0.5179	0.7732	-1.1267	-0.3468	0.6804	0.3029	0.9183	0.7951	0.7994	0.0346	-0.6914	0.3570	-0.5082	1.1561	-0.1961	1.8087	0.1812	-1.3131	0.1124	1.5586	-0.1509	-0.0695	-1.2818	-0.0186	0.0182	-0.2932	1.0675	1.5922	-0.6517	-0.0209	0.3839	-0.6482	0.6374	0.8376	-0.3560	1.9232	1.2480	0.9858	-0.8192	0.3239	0.1586
-0.1800	1.5719	-0.3497	-0.8030	0.8862	1.2097	0.6862	0.3142	0.2293	0.0247	0.9856	1.2956	0.6227	0.4087	-0.0565	0.2063	1.0293	0.9412	-0.3740	0.8460	0.9020	1.7747	1.6102	0.0435	1.7010	0.8144	0.8411	0.3592	0.4350	-0.6771	-0.1644	1.1846	1.3697	0.3268	0.9219	1.4250	0.0062	0.8476	0.5958	1.2108	0.2573	0.5403	0.6133	2.2586	2.2031	0.8951	1.3262	0.7872	0.4477
-0.6689	-0.0315	-0.3153	-0.2557	1.2525	1.2749	0.0893	-0.2598	-0.5780	0.7492	0.7451	-0.4110	-0.0587	0.2801	-0.2557	-0.8809	2.3681	0.6155	-0.0272	-0.4462	1.4120	1.4835	0.7581	-0.9409	1.2739	0.5189	2.0383	0.7634	1.6960	-0.6548	-0.5141	0.1201	0.5157	-0.4372	1.1094	1.3197	-0.3891	-0.2244	0.8657	1.0842	0.8943	1.0434	0.4815	-0.0930	0.8971	-0.5792	-0.5610	1.2187	-0.2770
-0.2314	-0.4457	-0.8635	0.5095	0.2558	0.9674	-0.2500	-0.3959	-1.5670	0.8125	-0.3213	-1.1348	-0.4640	0.1098	-0.9255	0.8693	0.6566	-0.1123	-1.0250	-1.1843	0.5468	0.7408	-0.3477	0.3380	-0.5660	-1.7060	0.5965	1.0172	0.1872	0.2752	-1.0073	0.0534	0.0931	-1.3110	0.4535	0.5808	-0.0023	-1.3064	0.0140	-0.0891	1.1969	0.3924	0.5127	-0.9135	1.0436	-0.4030	-0.8986	0.0387	-0.3366
0.0356	-0.2792	-0.3754	-0.7018	-0.3315	0.1604	0.6766	0.2899	-0.3007	0.2871	0.0057	0.0872	0.0491	-0.3435	-0.6838	0.0663	0.2779	-0.3458	-2.0079	-1.1116	-1.2691	0.2544	-0.0415	0.0266	-1.0093	-0.6377	-0.8672	0.1517	-0.5096	0.4596	0.6525	0.1654	0.0496	-0.7101	-1.4857	0.6300	0.4342	0.2940	-0.4825	-0.4746	-0.6538	-0.5395	0.3854	-0.5776	0.3348	-1.2694	-0.1295	0.8228	0.2523
-0.5310	-0.3886	-0.5894	-1.7471	-0.7366	1.1395	1.0757	-0.0474	-0.3622	0.3279	-0.5429	0.3550	0.6376	-0.1210	-0.5310	-0.4273	-0.1534	0.9167	-0.3500	-0.4961	0.1459	0.8862	0.0814	-0.8889	0.3297	0.0880	0.4253	0.2032	-0.3077	-0.8975	0.0448	0.5541	-1.1524	-0.3794	-0.9511	1.2534	0.1138	-0.4368	0.3246	-1.2377	0.4773	-0.2586	-0.4968	1.0159	0.0553	-1.0987	-0.3141	0.8068	-0.1822
-0.1584	-0.2103	-0.9585	1.0802	-0.7952	0.8155	-0.9172	0.1611	-0.2470	-0.3941	-1.9722	-1.5239	-1.1116	0.2658	-0.4852	0.4692	0.1438	0.2444	-0.5718	-0.3222	1.2736	-0.5307	-1.6617	-0.3765	-0.3752	-1.7309	0.9363	-0.0312	-0.0421	-0.6201	-1.0230	0.2523	-0.8950	-0.8383	1.0437	-0.2352	0.4608	-1.1589	1.7901	-0.0624	0.7664	1.3643	-0.5448	0.2296	1.2200	-0.2783	-1.8990	1.3688	-0.6964
-0.0400	0.4852	-0.8813	1.0699	-0.6150	0.0653	0.3405	1.0905	0.4359	-0.9612	-0.1908	-0.2818	-1.3317	0.2521	-0.0453	-0.1502	0.3579	0.0497	-1.0015	-0.5022	-0.4445	-0.4421	0.1693	-0.1057	-0.9580	-0.8459	-0.2547	0.0364	0.0390	-0.5189	0.2628	1.0567	0.3457	0.3486	0.4376	-1.1113	-0.4455	0.6126	-0.0641	0.2405	-0.3862	-0.0415	0.5147	1.5777	1.1965	0.6638	-0.1060	0.6577	0.4571
-0.1992	0.0811	-0.6213	-0.2550	-0.5391	1.1638	2.0956	-0.7197	-0.4340	1.1450	0.5497	1.0485	1.4661	0.0917	0.0535	-0.1095	-0.1753	0.8842	0.5537	0.3174	0.1473	0.8281	0.0884	-0.1225	-0.4178	0.8661	0.9852	0.9710	0.3227	-0.6563	0.6529	0.5226	-0.3266	1.0068	0.6801	0.1626	-0.8719	0.7067	-0.4925	0.4082	1.6324	-0.9238	0.3197	3.0740	0.2502	0.0925	0.7245	-0.1318	0.4652
0.6247	-0.8730	-0.2247	0.9180	-0.8112	0.6754	-0.5972	-0.4962	-0.1661	-0.0707	-0.8406	-0.8146	0.6464	0.1409	-1.1514	0.3171	-0.6027	0.0119	-0.2412	0.9709	0.3545	-0.5183	-1.6880	0.0853	-0.0952	-0.2455	0.5489	0.2266	0.2876	0.2191	0.6970	-0.6358	0.4387	-0.0968	1.1548	-0.1343	1.2566	-0.1624	-0.3328	0.9709	1.2301	0.0869	-0.5293	0.0718	0.1451	-0.9342	-0.9261	0.2757	-0.5441
0.7786	0.0548	-0.1459	0.7782	-0.6064	-0.3324	0.3026	0.3737	1.6391	0.2484	-0.7175	0.6985	-1.2260	0.5121	-0.2950	-0.3178	0.3357	0.7443	-0.0174	0.1139	-0.3417	-0.6116	0.0500	-0.6884	-0.0624	0.4348	-0.0320	-1.3025	1.0581	-0.1730	1.1705	-0.2645	0.1766	-0.4843	0.7913	-1.0669	0.6947	0.7423	-0.5937	0.0560	-0.3261	0.4699	-0.6955	0.2483	-0.7586	0.4644	0.4448	0.7109	0.3542
0.0363	-0.1259	-0.7435	0.2912	-0.7471	0.2913	0.6830	0.0269	-0.3574	1.0335	-0.5654	0.4150	-0.1193	0.9709	-0.4031	-0.2827	1.4504	1.0811	0.4883	-0.4338	1.4579	0.9415	0.1924	-1.4794	0.2643	-0.4144	0.7732	-1.0519	1.1832	-1.6296	0.2583	-1.1422	-0.8889	-0.2366	0.9845	-0.8348	-0.1636	0.1870	0.5634	-0.1240	0.1419	0.2945	-0.9683	1.5665	-0.3284	-0.5888	0.2327	0.4756	0.6737
0.8410	-0.7643	-0.9964	0.7859	-0.4176	0.4623	-0.6927	0.3006	0.0137	-1.1493	-0.3411	-0.5979	0.0432	1.5014	-0.8724	0.2195	0.5207	0.1147	-0.7609	0.6318	1.3986	-0.8831	-1.3222	-0.2293	-0.8631	-0.3781	0.9136	-0.0698	0.0243	-1.2203	1.0161	-1.3746	0.4993	0.1483	0.8808	-1.5025	0.6995	0.0521	-0.4503	0.1520	0.3710	0.0062	-0.2548	0.0653	0.1868	-1.9996	-0.9599	0.1967	-0.6530
0.7647	-0.5285	-0.5444	1.1428	-0.1773	0.3086	0.5115	0.2494	1.7901	-0.5341	1.1145	0.6212	-0.5315	0.9670	0.2364	-0.3855	0.4906	0.0593	0.3550	1.0976	0.4521	-0.7636	-0.0259	-1.1635	-1.2962	0.3917	-0.1064	-0.3163	0.3661	-0.5070	1.9764	-0.3926	0.7736	0.5715	0.2196	-1.4369	-0.3781	1.4627	-1.4970	0.2757	0.5734	0.2661	0.3479	0.3201	-0.5072	-0.5739	0.6228	0.0695	-0.4353
0.3351	-1.6885	-0.6762	0.1720	0.3231	-0.6301	1.1576	-1.1082	0.9808	0.9925	-0.2219	1.1157	0.1249	0.7913	0.5544	-0.8494	-0.0773	0.4241	0.9961	0.5684	-0.3966	0.5998	-0.0145	-0.9420	-1.4183	-0.0666	1.0863	-0.3002	1.1487	-0.1342	0.5280	-1.7969	0.0771	0.6709	0.8814	-0.2016	-0.2835	0.9961	-0.5171	-0.7428	-0.4354	0.1765	-0.1988	0.0102	-1.9138	-1.1493	0.8391	-0.0527	-0.4508
1.1303	-1.0545	-0.8147	-0.0945	0.0483	-0.4350	-0.2877	-0.2178	-0.0040	-1.2444	-0.5985	0.5256	0.6283	1.4925	0.5298	-0.1118	0.0154	0.8966	-0.0565	0.8337	1.2642	-0.2126	-0.6277	-0.2480	0.0419	-0.2955	0.5631	-0.5683	0.3331	0.0558	0.7810	-1.3281	1.3450	-0.1683	1.1139	-0.0555	0.5570	-0.2926	0.4206	-0.4718	-1.3150	0.2463	-0.4084	-0.4429	-0.4955	-1.6644	-0.3198	0.4224	-0.6232
0.7318	-0.5809	-0.4703	0.7463	-0.2584	0.1417	0.6490	-0.3515	1.2206	-0.8179	0.4735	-0.0790	-0.1111	1.0775	0.8248	0.9582	0.2518	-0.1634	0.9898	0.8713	0.5814	-0.8361	0.6108	-0.0504	-0.6265	-1.3189	-0.8529	-1.3309	0.9690	0.2221	1.4544	-0.9398	0.0888	0.3958	0.9089	-0.7666	-0.3475	0.8461	-0.7801	0.9713	-0.5814	-0.6090	0.1243	-0.0684	-0.8964	-1.6626	1.0180	0.5516	0.2633
-0.1124	-1.1242	-0.5459	-0.0250	0.1374	-0.4877	1.1450	-1.4710	-0.4520	0.0256	0.0951	-0.3626	-0.0067	0.2287	0.5451	0.9137	-0.3479	-1.3200	1.2407	0.1461	-0.6591	-0.3634	-0.2434	-0.1729	-1.1691	-2.0875	-0.3954	-1.1882	1.6643	-0.3739	0.9994	-1.7534	-0.9908	0.9037	0.9466	0.1443	-0.5174	1.2529	-0.0455	-0.1206	-0.5382	-0.9002	0.1232	-0.3009	-1.6643	-0.9267	0.7342	-0.6853	-0.1476
0.3740	0.5348	-0.4998	-0.7526	0.4092	-1.4600	-0.1989	-0.9745	-0.4102	-1.5348	0.4422	-0.1308	-0.6848	0.2267	0.4287	-0.3621	-0.7120	-2.2094	0.5749	1.4372	-1.4303	-1.9416	-2.4387	0.0976	-0.7967	-0.1009	-1.9000	0.4286	1.0335	-0.4074	-0.2228	-1.6550	-0.4462	1.0369	0.1516	0.0728	0.9064	-0.0778	1.6761	0.3232	-0.9234	-2.2815	1.5689	-0.7212	-2.0064	0.7534	0.1131	-1.3303	1.4284
-0.5966	0.2001	0.3014	0.6013	0.2216	-0.2055	-0.1370	0.0323	0.5141	-0.4639	1.9314	-0.1143	0.2563	-0.3271	0.6468	0.6381	1.4321	-1.7263	0.3808	-0.1264	0.1369	-0.3149	0.8735	-0.3847	0.4406	0.5432	-1.4295	0.5504	1.1131	0.8932	0.2320	-0.2339	0.9285	0.3301	-0.0961	1.1900	-0.8160	0.4360	1.2456	0.4266	-0.6638	-0.6602	0.4052	0.0100	-0.5052	0.7265	-0.0577	-0.8954	-0.4324
-0.8818	0.5811	-0.8687	0.9024	0.4575	0.3242	0.3653	-0.7539	-0.4583	-0.0768	1.0466	-0.0466	1.2916	0.0036	0.4728	1.3226	0.5494	-1.5151	0.1301	-0.6201	-0.0136	-0.3731	0.1990	0.0745	0.5127	-0.0074	-0.4557	0.1959	0.7978	1.2165	0.1001	-0.9317	0.7652	1.2962	0.4123	1.9185	-1.2624	0.6956	0.4051	-0.7345	0.5271	-1.0078	0.3131	0.8620	0.0601	0.3088	-0.0574	-0.5969	-1.4398
0.2827	0.4830	-1.4596	-0.1819	0.7250	-1.1399	0.8017	0.4403	0.2765	0.0280	0.6044	1.1183	0.9123	0.0690	-0.4388	0.9638	-0.6431	-0.9771	-0.1176	1.4585	0.1559	-1.2683	-0.3821	1.1501	1.3997	1.1751	-1.8007	-1.3412	-0.0019	0.1969	1.1199	-0.4292	1.8459	1.5726	0.0489	-0.6067	0.7454	0.4829	-0.1902	-0.8674	0.3069	-1.5393	1.2935	1.3538	0.3495	0.4468	-0.0025	-1.2355	-0.0361
-0.3962	-0.0281	-1.3225	-0.4565	0.8881	-1.1444	1.9227	-0.5492	1.0917	-0.1547	-0.0731	-0.5159	-0.2359	0.2579	-0.0797	-0.3914	-1.0715	-0.8901	0.7423	1.4212	0.1745	-0.7638	0.7228	-0.8803	0.9072	-0.2456	-1.4571	-1.0799	0.9376	1.7260	0.6014	-0.1192	-0.2515	1.0730	0.3614	-1.4173	0.6996	-0.5555	1.8776	0.2495	-0.4925	-1.6888	1.3111	0.2830	0.9351	1.7998	2.1577	-0.0394	1.0408
-0.5798	-0.3868	0.0047	-0.4327	0.5977	0.5868	-0.4311	-2.1716	-0.2612	-0.0363	0.0724	-0.4707	-0.5497	-0.0352	0.5925	-0.1838	-0.4996	-0.6833	1.0840	1.2478	-0.6173	0.8895	-0.4071	0.9841	0.3196	-0.1362	-1.2323	0.1977	0.5496	0.7453	0.6718	-0.2494	-1.2721	0.7380	-0.4712	-0.0323	-1.0447	0.1078	2.9543	0.2685	-0.0419	-0.8940	0.8871	-0.9749	-0.1564	0.2374	0.9889	0.7666	0.5980
-1.2692	0.3751	0.9708	-1.2433	1.0193	-0.2987	-2.0967	-2.5628	-1.2796	0.7058	0.2909	-0.7025	0.1460	-1.3051	1.5462	-0.4793	-1.6125	-0.1137	-0.0550	-0.0879	0.5990	0.6190	-1.1666	0.2512	1.3876	0.9850	-0.4332	0.5537	0.3328	0.6211	-0.3117	0.2957	-1.6734	-0.6227	-1.2310	0.8654	-1.2552	-0.2526	1.4485	0.4716	1.2322	-0.8603	0.1304	0.5378	-0.4821	0.1208	0.0978	-0.8564	0.2729
1.1958	0.3837	1.1973	-0.6794	0.7580	-0.7938	-1.1292	1.4504	-0.4455	-0.7865	0.1745	-0.6784	0.5757	-1.0246	0.4934	0.0812	-1.9015	0.0537	-1.4142	-0.6247	-0.5466	-0.8891	-0.9338	0.8915	0.2854	-0.3319	-0.4262	1.3327	-0.2788	1.2478	-0.4497	0.7100	0.7745	-0.8638	-0.5252	0.6059	2.2888	-0.0851	-0.5075	0.7476	-0.0438	-0.7468	0.6669	-0.2658	-0.1575	0.4308	-0.8588	-0.4629	0.3341
0.6361	1.0767	1.6171	-1.4180	0.1504	-1.8091	-0.1564	0.8412	0.6147	-0.2580	0.9715	0.5417	-0.7415	-0.9194	1.8162	-0.5541	-1.9444	0.5819	0.2193	-1.1217	-1.0980	0.7088	0.4930	1.4738	-0.8580	-0.1367	-1.6272	-0.4837	-0.5906	0.6335	0.7603	2.3171	1.0775	0.5025	-0.5498	-1.1395	1.6719	-0.0352	-1.7048	-0.1388	-0.9885	0.0577	0.6819	-0.5880	-1.7683	1.2505	1.3106	0.4261	0.3855
-0.4578	0.7978	1.0387	-1.4997	-0.9463	-0.3141	0.0933	1.6439	-1.1680	0.3271	0.3499	0.7377	-2.0937	0.0280	0.8054	0.1128	-2.2480	0.5222	0.8467	-1.0869	0.2427	1.4777	0.8666	1.0181	-0.5110	0.0959	-0.5372	0.0442	-0.5530	-1.0989	-0.5736	2.6825	-0.7528	-0.6575	0.3409	-0.7748	0.9275	-1.0576	-0.5795	-1.2820	0.0423	0.8650	-0.1499	-0.6828	-1.4367	0.4280	0.8881	-0.9475	-0.5255
0.5226	0.5210	-0.1781	0.1865	-1.8830	-0.2700	-0.9491	2.2582	0.4175	-0.6919	-0.0849	0.2855	-1.0878	0.5313	-0.3895	0.1341	-0.2948	0.0251	-1.1890	0.0491	-1.4272	-0.3766	2.1497	-0.0524	-0.7920	-1.3065	-0.4197	-0.2175	-1.7099	-0.1017	-1.8448	0.3412	-0.3067	-0.5365	-0.2816	-0.9342	-0.8435	0.1923	-1.3165	0.2481	-0.4618	0.7947	-0.0579	-1.3028	0.5516	0.1931	-0.7605	-0.0435	-0.8481
-0.3782	-0.2458	-0.0355	-0.5704	-0.5993	0.6389	0.3207	1.2866	0.6667	-0.0791	-0.3746	0.2163	-0.3002	0.4147	-1.1429	0.2142	1.0023	0.6561	-0.0867	-0.8525	-1.1776	0.7504	1.9608	1.1161	-0.3994	-0.2120	0.9615	0.3831	-1.3715	-0.1225	-1.8584	-0.0994	-1.5589	0.2222	-0.4144	-0.0464	-1.0671	-0.0833	-1.0441	-0.7906	-1.4620	1.0988	-1.0437	-0.5115	0.4498	-0.2279	-0.0244	0.7246	-0.2147
0.2347	0.0782	0.6056	0.1937	-0.6399	1.0544	-0.9580	0.7122	0.3088	-0.7037	-0.9727	0.0601	0.4621	0.6392	-1.6178	0.3028	1.4893	0.9219	-0.6316	-0.4014	0.7238	0.2999	0.0711	0.9697	-0.1237	0.7110	0.4805	0.8630	-1.1601	0.6211	-1.3134	-0.2823	-0.9885	-0.7166	-0.4115	0.3423	-0.1057	-1.1297	-0.2938	-0.0159	-0.7877	2.2360	-1.1321	-0.8809	1.3371	-1.0831	-1.1574	0.0559	-0.4060
-0.3568	0.9168	0.6561	0.2530	0.5610	-0.6069	0.7704	0.1970	1.2668	-0.7582	-0.1282	-0.0681	0.3113	0.1456	0.1919	-1.3077	1.8252	0.8571	0.3090	-0.7929	-0.2067	0.0328	1.3171	0.5835	-0.4700	1.0391	0.4328	-0.0751	-0.6625	-0.4781	-0.3246	0.7558	-0.5011	0.3337	-0.8759	-0.2178	-1.5822	-0.3427	-0.6364	0.3033	-0.8768	1.7543	-0.7719	0.3905	0.4258	0.7153	1.0316	0.8739	0.5048
-0.7333	0.4497	0.1851	-0.4088	1.0154	0.2362	1.2122	-0.7389	-0.3814	1.3533	-0.4620	0.0709	-0.2872	-1.0551	-0.5105	-0.0239	0.3760	1.1851	0.9524	-0.3298	1.3253	0.8982	-0.0114	-0.1883	0.3957	0.5728	0.8136	-0.1868	0.2528	-1.5277	-0.8726	0.0247	-0.6966	-0.1778	-0.1839	0.0261	0.0283	-0.3745	0.1533	0.1689	0.6584	1.4618	-1.0426	-0.0047	-0.0202	-0.6436	1.3357	0.0773	0.4541
0.4543	0.0457	0.5101	0.6461	0.5607	0.5122	-1.4243	-1.0101	-0.5847	0.2961	-0.8714	-0.7679	0.5838	0.1632	-1.7983	-0.2748	-0.1199	0.2844	-0.4359	0.7961	1.1330	-0.8168	-1.9944	-0.2808	-0.0701	0.1841	1.1398	-0.0268	0.3282	-1.3350	-0.0347	-1.3588	1.1550	-0.2963	-0.1203	-0.1340	2.1978	-0.2368	0.1058	0.8049	1.0719	1.3451	-0.3005	-1.5047	0.6209	-1.4464	-1.7800	0.2526	0.1008
-0.7252	0.1500	1.0903	0.8810	0.4933	-0.7751	-0.2846	-0.7147	0.3821	0.4351	-0.3038	0.2462	-0.3662	0.2501	-0.1860	-0.9301	0.1772	0.0990	0.5344	-0.9077	-0.1590	-0.1616	-0.3749	-0.4442	0.2158	0.3093	0.5501	-0.6982	0.2621	-0.8587	0.5622	0.3062	1.2147	0.1872	-0.0414	-0.7703	0.0267	-0.0262	-0.0559	0.2111	-0.2377	0.4699	-0.1548	-0.1837	-0.5522	1.3848	0.0778	1.3218	1.0935
-0.0321	-1.1852	0.2117	0.6440	-0.5724	0.6453	0.0167	-1.3584	-0.7135	1.7761	-0.0302	0.7489	0.4730	-0.6209	0.0444	0.6434	-1.2808	-0.5838	0.1469	-0.2193	-0.3661	-0.2463	-1.0507	-0.5885	-0.1100	-0.1642	1.1722	0.5368	0.5533	0.9019	-0.2677	-0.7782	-0.7071	-0.8808	0.6336	0.3885	-0.9068	-0.3905	0.6381	-0.7013	0.8865	-0.8748	-0.4661	-0.4452	-0.5685	-0.2067	-1.1814	0.2200	-0.0333
0.8443	-0.3233	-0.2759	1.5094	-0.0887	0.2658	-1.8355	0.5250	1.3995	-0.9120	-0.3266	0.4929	1.1294	-1.6011	0.4539	0.7942	0.3123	-0.1399	-0.6038	0.0725	-0.7910	-0.3443	1.4656	-0.5977	1.3415	-0.5185	0.1173	0.1650	-0.9632	1.9361	-1.4232	0.6790	1.0991	-0.5532	-0.5315	-0.0716	-0.7586	-0.3846	-0.6917	0.8816	0.0067	-0.4689	-0.7458	0.4514	1.8699	0.8732	-0.4746	0.0347	-1.2098