IC05	IC08	IC09	IC15	IC16	IC17	IC18	IC19	IC20	IC23	IC24	IC26	IC27	IC29	IC31	IC33	IC36	IC37	IC38	IC41	IC42	IC43	IC44	IC45	IC46	IC47	IC48	IC49	IC50	IC51	IC54	IC56	IC58	IC60	IC62	IC63	IC64	IC65	IC66	IC67	IC68	IC69	IC71	IC72	IC73	IC74	IC75	IC76	IC77
-0.8879	-0.5712	0.1821	0.4667	0.4345	-0.0341	-0.5048	0.0483	-1.0890	-0.1031	-0.3936	0.1331	-0.7980	-0.6895	-0.0738	0.2314	0.5394	-1.5482	-1.5756	-0.8242	-2.2415	0.2442	-0.8981	-0.7568	1.4561	1.8616	0.2869	-1.0544	0.3337	-0.9544	-0.9896	-0.2264	-0.0407	-0.8783	-0.8693	0.6745	0.0589	0.6876	2.7876	-0.9299	1.0749	0.7441	0.7723	-0.0652	1.6986	0.6491	0.7963	-0.1897	0.9316
-0.5580	-0.6018	-0.0585	0.7466	0.1225	1.0618	-0.5135	0.0886	-0.7323	-1.9948	-0.0180	0.0905	-0.2521	-0.5753	-0.6675	1.0997	0.4802	-1.4649	-1.4339	-0.3317	-1.3757	0.6152	-0.4991	-1.6792	1.2799	2.3223	-0.4261	0.0171	-0.1364	0.0058	-0.3684	-0.3056	0.6064	-0.6894	-0.8922	0.7145	0.0553	0.2937	2.2180	-0.1288	0.3297	0.0683	0.6904	0.0665	1.0707	0.7334	0.3389	-0.3692	0.8892
-1.0145	-0.3502	-0.0637	0.4630	-0.0478	0.6843	-0.1362	0.0251	-0.5272	-0.0309	-0.0773	-0.1678	-0.5843	-0.7878	-1.1732	0.5253	0.8877	-0.8124	-0.8204	-0.7620	-1.8598	1.5696	-0.4880	-0.2688	1.3550	1.5717	0.2819	-0.8467	-0.0028	-0.3164	-0.4219	-1.2027	0.1115	-0.7229	-0.6238	2.0294	0.5653	1.9508	1.8798	0.1363	-0.2005	-0.4207	1.4085	0.4541	1.2369	-0.3704	1.5552	-1.0772	-0.2839
-0.4300	-0.6213	-0.6550	0.7304	0.5533	0.6333	-1.0362	-0.4558	0.1406	-1.4523	-0.0131	-0.0546	0.6196	-0.0063	-0.5146	0.3936	0.9840	-0.4978	-0.7042	-0.3838	-0.8865	0.7173	-0.1503	-0.8072	1.1689	0.6366	1.3265	-0.3116	0.7359	0.0257	-1.1385	-0.1261	0.4806	-0.3027	-0.1564	2.0696	0.0551	0.2531	2.0311	-0.4509	0.3310	-0.1863	1.1947	0.0883	1.7154	0.9672	1.2115	0.5300	0.2732
-0.7094	0.5670	-1.1761	0.5374	-0.3844	0.5876	-0.7701	-0.5206	0.0616	1.0664	0.1063	-0.0111	0.4252	0.1611	-0.5580	-0.3393	0.3732	0.0184	-0.8874	-0.1958	-0.2284	0.9487	-0.4275	-0.2236	0.5787	-0.1171	0.3331	0.0845	0.4468	0.4500	-0.6482	-0.8321	-0.0661	-0.1612	-0.1791	1.1497	0.7849	2.0502	1.4033	0.1772	0.8860	-0.8628	1.4182	0.6245	0.5812	0.6684	0.5324	0.3713	0.3277
0.4408	0.6610	-0.4700	0.4813	-0.2210	0.6658	-1.0007	0.7825	-0.9014	0.3315	-0.5114	-0.0374	1.1238	0.3397	-0.0613	-1.2103	0.4690	0.6079	-0.8268	-0.2977	0.3345	0.0422	-0.9830	-1.0896	-1.2059	-1.1416	-0.0687	-0.4709	1.1322	1.1439	-0.0394	-0.0645	0.4001	-0.2431	0.7453	1.5405	1.3668	-0.0134	-0.2154	-0.4404	0.7493	0.3237	0.9465	-0.0652	0.3708	-0.3698	0.2072	-0.1046	1.2815
1.1991	0.7276	0.5990	0.2008	-0.3086	0.3260	-0.7152	1.1421	-1.0970	0.1842	0.0428	-0.2869	1.8538	0.2881	0.1219	-0.7044	0.4777	0.2003	-0.3197	0.0558	0.4210	-1.3966	-0.1800	-0.5274	-1.0154	-0.8518	-0.4362	0.3432	0.2858	1.8148	0.2009	0.0053	0.3152	-0.4793	1.2378	1.5033	1.2690	-1.2395	-1.1335	0.0223	1.0692	-0.3687	0.1099	0.1476	-0.1123	0.5934	0.0834	-0.0305	1.4452
-0.8053	0.4257	0.9589	0.0788	-0.9862	0.6899	-1.0748	0.7811	-0.5892	-0.2814	0.4542	-0.6281	2.5189	0.7597	-0.2598	-0.4689	0.4803	0.8038	0.2046	-0.3756	1.0496	-0.0702	-0.3557	0.1485	-0.0326	-1.5370	0.3856	0.1547	-0.1177	0.9090	-0.0266	-0.6588	0.5820	-1.0457	0.4436	0.9955	2.0833	-0.7189	-1.1613	0.3971	0.3101	-0.4261	-0.7742	0.4903	0.6570	-0.0356	0.3646	0.9874	0.3134
-0.9765	-0.7533	0.8286	0.0652	-0.3606	-0.1663	0.2211	0.5508	-0.1122	1.1642	-0.3419	0.2133	0.7689	0.2315	0.7759	-0.4448	0.2354	0.7142	0.5486	-0.2304	0.3215	0.3960	0.4936	0.7458	-0.1548	-0.2431	1.5551	-1.2952	0.0980	-0.6568	-0.2812	-0.4323	-0.4167	0.2660	0.6335	-0.1486	-0.5152	0.5662	0.1433	0.5913	0.4700	-0.6829	0.1438	0.3610	0.2911	0.7082	0.4416	0.8747	-1.6867
-0.4545	-0.7251	0.6641	0.8227	-0.0669	-0.0152	1.1365	-0.3238	1.2373	0.1871	0.3711	0.1474	0.4274	0.4911	1.0963	-0.3025	-0.2566	0.2995	1.0877	0.3616	-0.0136	-0.8938	1.4601	0.7305	-0.2723	-0.1466	0.9657	-0.0564	-0.0457	-0.7096	0.4044	0.0548	0.4490	0.3657	0.9575	-0.4467	0.0008	-0.0529	-0.0557	0.4451	-0.3130	-0.6929	0.1057	-0.6068	-0.2360	-0.2975	-0.2168	1.1222	-1.1098
-0.5246	0.4727	-0.3722	-0.3278	-0.0645	-0.3997	0.5620	0.3083	0.6578	0.1565	0.3472	-0.0446	-0.6378	0.6359	-0.5164	-0.5627	-0.2326	0.3587	1.2643	0.2402	1.5577	0.1847	-0.2397	-0.0808	0.3388	-0.0019	0.6228	-0.6267	0.3585	-0.5898	0.5015	-0.5080	0.3507	-0.5114	1.4555	-1.0846	0.6044	-0.4757	-0.6379	0.5892	-0.1801	-0.2383	-0.2198	0.1548	0.0915	-0.0766	-0.0560	0.2772	0.2663
0.2708	-0.2112	-0.0941	-0.1699	0.4858	-0.6863	0.4991	0.5001	0.8355	-0.3867	-0.8543	0.0223	-0.5477	0.7120	0.4211	-0.5862	0.2487	0.7438	1.0847	0.7930	0.0711	-0.5742	0.5614	0.3353	0.1022	0.7034	0.6216	-0.8578	0.2483	-0.7445	0.0756	-0.0887	0.5113	0.0341	1.5352	-0.5195	-1.5018	-0.3462	-0.3137	0.1450	-0.0755	-0.6307	-1.0190	0.3054	0.3516	0.3869	-0.0402	0.8880	-0.3595
0.0049	0.5909	-0.7702	-0.1236	-0.6784	0.0584	0.6565	0.4212	0.8425	-0.4676	0.1811	0.2056	-0.8137	-0.1920	0.2484	-0.1444	-0.1197	0.1269	0.9207	0.6674	0.8431	-0.6879	-0.0592	-0.3866	0.8934	0.3205	0.3954	-0.0378	0.5790	-0.1570	-0.2354	-0.2799	0.2939	0.0552	0.8389	-1.4318	0.0700	0.3034	0.6143	-0.2109	-0.1129	0.3771	-0.8792	-0.2227	0.3480	0.1685	0.0242	1.2356	0.2544
-0.0777	-0.0713	-1.2070	-0.4878	-1.1648	-0.5687	0.5894	0.1686	0.5984	0.2371	0.2994	0.6923	-1.7834	-0.4688	0.2522	0.1554	0.1589	0.3381	0.6520	-0.0709	0.8273	0.1939	-0.7270	-0.1365	0.9501	0.3648	1.1127	-0.8965	0.6095	-0.6784	-1.0163	-1.1475	-0.4514	0.2430	1.4340	-1.0064	0.5261	0.4666	0.5818	-0.2286	-0.6512	-0.0822	-0.1813	0.3224	0.2133	0.2460	-0.0673	0.6391	0.4079
-0.2347	-0.7661	-0.5487	-0.7477	-0.7427	-1.3221	0.9519	0.0475	0.5449	-1.2458	-0.0471	0.6816	-0.8462	-0.0723	-0.0544	-0.1616	0.1626	0.3042	0.4162	0.4097	0.4142	-1.0824	0.5946	0.2783	1.6718	0.5871	1.4040	-0.4365	-0.0689	0.0928	-1.2495	-0.8957	-0.0939	1.1502	1.8899	-0.2236	-0.0452	-0.9856	-0.1133	0.0351	-0.9594	-0.1913	-0.6247	0.2152	-0.1381	0.4594	-0.3373	0.9473	-0.4263
-0.4641	0.0875	-1.3575	-2.1658	-1.0357	-0.2073	0.9289	0.0393	-0.0941	0.8253	-0.2402	0.4755	-1.4075	-0.9380	-0.9361	-0.7545	-1.4294	0.3189	0.1306	0.8310	1.5286	-0.4550	-0.1399	0.1477	0.8397	-0.9363	0.1999	-1.0515	-0.0023	-0.1710	-0.3486	-0.4412	-0.8420	0.5077	1.0061	-2.1926	-0.3478	0.2147	-0.6342	0.5345	-0.2339	0.8367	-0.6362	-0.5150	-0.5144	0.1539	-0.6674	0.1982	-1.4213
-0.2412	-0.2217	-0.5522	-1.8543	0.3877	-0.2379	0.1894	-0.0655	0.4324	0.7052	-0.7304	0.1771	-2.1905	-1.0908	-0.9874	-0.8435	-1.1457	1.0594	0.5704	0.0375	0.4322	0.3005	-0.1867	0.0129	-0.4706	-1.2629	0.6083	-1.3362	0.1719	-0.4474	0.6388	-0.0548	-0.7034	0.0216	0.2042	-1.6973	-1.1057	-0.1975	-1.9247	-0.4877	-0.6154	1.1730	-0.6224	-1.0780	-0.3976	-0.4209	-0.2697	-0.6534	-1.6494
0.9509	-0.6125	0.2630	-0.6577	0.7697	-1.6983	-0.0542	-0.3627	0.4218	-0.4989	-0.1659	-0.4577	-0.5860	-1.0108	-0.4680	-0.4477	-1.0812	0.1564	0.4421	-0.5617	-0.3705	-0.8352	0.9676	0.2953	-1.1185	-0.9064	0.0181	-0.0642	-0.4247	0.5682	0.9854	0.6408	-0.8819	1.2137	-0.6043	-0.9030	-1.3311	-1.1139	-1.8199	0.0628	-0.1985	0.1008	-0.4520	-0.5159	-0.7533	-0.3361	-0.4242	-0.6025	-1.3030
1.2896	-0.8494	-0.0746	-0.5888	-0.5599	-1.8707	0.5908	-0.6365	0.3816	-0.1725	-0.0235	-0.5731	-0.8845	-1.0506	-0.7823	-0.5905	-0.9957	-0.7656	-0.6582	-0.6923	0.0620	-1.3796	1.2810	0.2488	-1.3945	-1.8370	-1.0876	0.9142	-0.6025	0.2646	0.2263	0.3417	-0.7618	-0.6164	-0.9468	-1.6218	-0.1732	-0.5016	-1.4929	0.7714	-0.6809	-0.7869	-1.0848	-0.9370	-0.6914	-0.9503	-0.8304	-0.0630	-0.3820
0.1450	0.3401	0.4048	-0.2791	-0.2907	0.1155	0.3062	-0.3441	0.1851	-0.8626	-0.3342	-0.4085	-0.8154	0.1931	-1.1106	0.2315	-0.5389	-0.2965	-0.2034	-0.4000	1.1443	-0.3400	0.0613	-0.7946	-0.8009	-1.4777	-0.4861	0.6977	-0.2155	-0.5208	-0.1022	0.3377	-0.2042	-1.2931	-0.9436	-1.4118	-0.1794	-0.4128	-1.2374	0.1752	-1.0733	0.5877	-1.3501	-0.6028	-0.2031	-1.5473	-0.4614	-0.0935	-0.3514
0.0070	0.7417	1.1888	-0.6541	0.9333	-0.5829	0.8871	-0.3976	0.3485	-0.1416	-0.5253	0.1348	-0.9230	0.4656	0.3053	1.1503	-0.1907	-0.5057	-0.0577	0.1434	0.1102	0.1851	0.6890	-0.3221	-0.4058	0.9916	0.4988	0.4588	-0.1194	-0.5515	0.3501	0.6360	-0.2502	0.2812	-1.0777	-0.8791	-1.8987	-0.3089	-0.3828	0.1465	-0.5788	0.5944	-0.1600	-0.4002	-0.6998	-0.1187	0.0700	-0.2418	-0.9493
0.5348	0.9648	0.9933	0.7559	0.5998	0.5976	1.1216	-0.5835	0.5012	-0.4265	0.3629	0.2845	0.4338	1.1554	0.8953	1.7784	-0.5825	-0.6210	0.6298	0.3724	-0.8342	-0.3036	0.7238	0.0849	-0.8857	0.5983	-0.3125	1.7418	-0.3275	0.6203	1.4579	0.7827	-0.0230	0.8297	-1.1118	-0.8560	-0.4910	-1.3470	-0.4744	0.8786	-0.1618	-0.1114	1.0307	-0.8423	-1.3524	0.5830	-0.4020	0.4294	0.1224
0.0500	1.2673	0.0099	0.1076	0.7003	-0.2430	1.0096	0.0853	-0.0859	1.0580	-0.3382	0.4406	0.4297	0.9493	-0.2778	0.9914	-0.3832	-0.4546	0.9552	-0.2795	-0.1697	0.9255	-0.4774	0.1595	-0.9390	-0.5015	-0.2747	0.5272	0.2136	-0.3536	1.6266	-0.0463	-0.6842	0.1876	-0.3940	-1.2270	-0.3595	-0.2213	-1.1908	0.5144	-0.6369	-0.0574	0.1036	-0.0484	-1.5033	-0.9967	0.2545	-1.1935	-0.2120
1.0510	0.1118	-0.3383	1.0038	1.7762	-0.8956	0.7473	-0.0054	0.5624	0.5851	-0.8434	0.3220	0.9818	1.2298	1.3582	0.3616	-0.3377	-0.2249	1.3069	0.2338	-0.6772	-0.2664	0.8428	0.5100	-1.8732	0.3165	-0.9840	1.2691	0.9393	-0.2146	1.8419	0.3466	-0.0631	0.5787	-0.2263	-0.9240	-2.2552	0.0823	-0.6517	0.3115	-0.6587	-0.8305	-0.5558	0.2704	-1.8208	-1.2342	-0.2754	-0.8915	-1.1121
0.8262	0.2509	-0.1553	1.2374	-0.0326	0.3166	0.4961	-0.0900	0.2719	-0.1130	0.4152	0.2530	0.9429	0.6847	1.2303	0.2031	-0.8644	-0.6517	0.2923	-0.0757	-0.0929	-0.1347	0.2546	0.3901	-1.5481	-0.7769	-1.2127	2.1754	0.4264	0.6989	1.0857	0.5448	-0.3976	-0.2315	-1.1393	-0.3364	-0.4601	-0.1694	-0.2408	0.2915	-0.4803	0.1786	-0.4490	-0.0667	-1.6760	-1.0507	-0.6751	-0.5596	0.0037
0.0893	-0.0455	-0.1689	0.8010	-0.4643	0.1905	0.5568	0.2726	-0.5871	0.1975	0.3516	0.5759	-0.6419	0.1547	0.6067	-0.0377	0.3112	-0.7381	-0.5035	-0.8794	0.3825	1.2027	-0.4140	0.1495	-1.3411	-0.6308	-0.0675	1.2853	-0.0988	0.3011	0.3118	-0.0931	-0.5124	-1.1826	-0.6988	0.3758	-0.1992	-0.1121	-0.5990	0.2551	-0.7926	-0.0272	-0.1156	0.1200	-0.9419	-1.2788	-0.4986	-0.8569	0.2826
0.7375	0.2691	0.0453	0.2593	0.1110	-1.1001	0.1301	0.3385	-0.2432	-0.8880	0.2531	0.4221	-0.0053	0.6690	0.8377	-0.2874	0.2787	-1.3355	-0.8657	-0.8339	0.6576	-0.5333	0.1887	-0.1460	-1.1162	-0.0891	-0.3093	0.6189	0.1325	0.1650	-0.0818	0.1037	0.0731	0.1169	-0.4675	0.8612	-0.8114	-0.9684	0.1750	-0.0741	-0.2100	-0.4531	-0.2731	0.5107	-0.3873	-0.3903	-0.2573	0.1614	1.2648
0.7888	1.1582	-0.3355	-0.4571	-0.8497	-0.2054	0.8130	0.2486	-0.3119	1.3498	0.3986	-0.0258	0.3284	-0.1147	0.5559	-0.5364	-1.0270	-1.1652	-0.6765	-0.3574	0.9178	-0.3446	-0.5559	0.5532	-1.2425	-0.6173	-1.5372	0.3194	-0.3865	0.1588	-0.7469	0.2356	-0.9440	0.7073	-0.2837	0.0739	0.1617	0.7528	0.3935	-0.5594	-0.3563	-0.0693	0.0776	0.0815	-0.9287	0.6560	-0.1068	-0.0500	1.8914
0.8399	0.2227	0.6680	0.2366	-0.2601	0.1890	0.2800	-0.5495	-0.5291	-0.5451	0.6087	-1.9577	1.4770	-1.0096	0.7120	-0.8241	-0.3166	-0.0310	0.3586	-0.3442	0.7267	0.2233	0.4171	-0.1221	-0.9695	-0.9104	-1.0063	0.5154	-1.5701	0.2011	-0.3155	0.3146	-1.1996	0.3315	0.4720	1.5311	0.9159	-0.6485	-2.2517	-0.0160	-0.3089	-0.5448	0.8350	0.4004	-1.1312	-0.2708	-0.1690	-1.2541	1.6452
0.4304	0.4777	0.5441	0.3152	-0.0420	-0.1450	-0.2069	-0.1062	-0.5422	-0.1211	-0.2589	-2.1241	1.9275	-1.5851	-0.0844	-0.1854	-0.1843	0.2321	0.6654	-0.2608	1.5644	0.3364	0.4328	-0.1541	-0.0731	-0.4494	-0.5016	0.3940	-2.0942	0.0917	0.2120	0.8002	-1.2517	0.4963	0.3140	0.2431	-1.1170	-0.4881	-2.7683	0.8359	0.0357	-0.0979	0.1170	0.8619	-1.4210	-0.3864	-0.5718	-1.7700	-0.1103
0.9665	0.3609	-0.0091	0.5744	-0.1275	0.4666	-0.3155	-0.5311	-0.1591	0.7231	0.4056	-1.0365	0.4902	-0.8623	0.0948	0.0505	-0.4385	0.2228	0.6753	-0.0506	0.7632	-0.1380	0.0343	0.9591	-1.1474	-0.7497	-1.5253	0.3629	-1.3873	-0.7210	0.9263	0.7814	-0.2580	0.6839	0.1296	-0.9870	-0.8529	0.1870	-1.4494	0.8614	-0.5192	0.3625	0.0682	0.5846	-1.5961	-1.4447	-0.5324	-0.8834	-0.7823
0.9679	-0.0131	-0.0521	0.9932	0.2062	-0.4435	-0.6901	-0.7465	0.3085	-1.2489	1.0449	-0.5635	0.4400	0.7283	-0.4998	0.6051	-0.1826	0.2516	1.0889	-0.1711	0.3948	-0.7379	0.5344	0.0367	-0.2575	-0.6077	-1.2914	0.0432	-0.6419	-0.6333	1.4107	0.0512	0.6076	0.2410	0.7583	-0.6421	1.4676	-1.2532	-1.1964	0.4611	-0.3472	0.3310	0.3055	0.9137	-0.4863	-1.6009	0.7588	-0.1754	0.7582
0.8814	-0.9677	0.4684	0.3769	-0.0046	-0.5213	-0.3513	-0.2911	0.3140	1.0583	-0.3917	-0.2794	-0.1289	0.4563	-0.4086	0.5134	-0.2035	0.5521	0.8321	-0.0334	-0.0483	-0.6186	0.0948	0.6444	-0.0343	0.2005	-0.4000	-0.3811	-0.5997	-0.6970	0.4713	-0.2717	-0.5480	1.0158	0.8031	-1.1017	-1.3071	0.3002	-0.4726	0.6819	0.1272	-0.3822	0.4461	0.6823	-0.7228	0.0279	0.5723	-1.0672	-0.6728
0.6534	-1.7765	1.3813	1.1919	0.0886	1.3100	0.1486	-0.3393	0.8114	0.0951	0.0315	-0.5260	-0.1987	0.6338	0.8135	0.3180	0.1016	0.4196	0.3322	0.5119	-0.3069	-1.7005	0.8870	1.0144	-0.3259	0.6550	-1.1889	1.6928	-0.2716	-0.1654	0.5734	0.4336	0.4502	0.8454	0.5086	0.4607	-0.8340	0.6369	0.6833	0.9430	0.1097	-0.9698	0.4834	-0.6121	-0.5350	0.2442	0.1435	-0.1174	0.3469
-0.5292	-0.1143	1.2724	-0.2045	0.3688	0.5650	-0.6557	-0.0497	-0.1360	0.2175	0.0139	-0.1795	-1.1326	-0.3838	-0.0028	0.4219	0.6979	0.6430	-0.1474	-0.3934	0.9529	0.6473	-1.0308	0.3351	1.4874	0.6628	-0.9181	0.8802	0.1759	-0.6947	0.1405	0.6993	-0.1200	-0.4617	-0.5139	0.8979	-0.1518	0.9185	0.9630	0.6166	0.3080	0.1002	0.5076	-0.7968	-0.1725	0.2321	0.1647	-1.8149	-0.8834
0.0957	0.5617	1.2974	-0.1169	0.8777	0.9242	-0.6968	-0.5473	-0.7098	0.6829	0.4316	-0.0979	-0.7082	-0.8582	0.4725	0.3963	0.9101	0.3993	-0.9140	0.0590	-0.4621	0.2352	0.3562	0.5085	1.2401	1.3354	-1.7943	0.1928	-0.4609	-0.7209	0.2977	0.9501	-0.1804	0.9368	-1.8301	1.1498	-1.1289	1.1461	1.3034	-0.8008	1.1393	-0.4268	0.6105	-0.1792	-0.1057	0.8601	-0.1767	-1.2094	-1.1208
0.0939	1.0351	0.2166	-0.3916	0.6932	0.5593	-0.5289	-0.6377	-0.5079	0.2365	1.0740	-0.3528	-0.5544	-0.4025	0.2484	0.4323	0.3500	0.1649	-1.1080	0.8893	-0.5430	0.6095	0.4539	0.9754	1.5680	0.4416	-1.5778	0.3712	-0.5229	-0.1779	0.0145	0.5499	0.8685	0.5116	-2.1898	0.6039	1.3052	0.5158	1.1317	-1.0542	1.4074	0.4626	0.0831	0.4063	0.5233	1.2857	0.0731	-0.0005	0.9242
-0.1794	-0.0305	-0.7178	-0.3377	0.9356	0.5493	-0.8674	-0.3679	0.0408	1.5152	-0.3288	-0.1406	-0.8649	-0.4315	0.0328	-0.1465	0.6619	0.8338	-0.2919	1.0285	-0.2172	0.9505	0.0959	1.2496	1.4079	0.4175	-0.5711	-0.8122	-0.6258	-0.3472	-1.2853	0.5403	1.1094	-0.7854	-1.0803	0.2240	0.3792	0.8882	1.6925	-0.3029	1.7250	1.1805	0.3852	0.8165	0.4897	-0.1882	0.1580	-0.5423	-0.1698
0.0785	-0.6818	0.2421	-0.8055	0.6859	0.0858	-0.2326	-0.0492	0.3886	0.0778	-0.1573	0.1501	-0.8843	0.7512	0.2501	-0.2714	0.2983	0.3805	-0.1063	1.1496	-0.7429	-0.8678	0.7696	0.3303	1.1434	0.8243	-0.0861	-0.0262	-0.4767	0.4111	-0.4157	0.6725	1.3827	0.6298	-0.5618	0.1306	0.1741	0.2371	1.8220	-0.8339	0.8986	1.1372	-0.1550	0.8629	1.5948	-0.1453	-0.4450	0.7082	0.8839
-0.7711	-0.2547	-0.0873	-2.3382	-0.8179	-0.1879	-0.2049	1.0685	-0.2154	0.8502	-0.4768	0.0618	-0.7602	-0.2550	-1.1972	-0.1686	0.5258	-0.1694	-0.6259	0.6155	-0.2584	0.4107	-0.8567	0.9445	1.4994	-0.4110	1.0404	0.1424	0.5864	1.1619	-1.2119	0.0874	0.3709	-0.0252	-1.0499	-0.4326	1.1423	0.9328	1.3937	-1.3519	0.2337	1.8790	-0.9002	1.0507	2.2659	0.3801	-0.8479	0.7111	1.0427
-0.3508	0.4471	0.3744	-1.9973	-0.0668	0.1492	-0.6612	0.6774	-0.4398	0.6977	-0.6234	0.2403	-1.1545	-0.2519	-0.5451	-0.3573	0.8525	-0.1294	-0.6331	0.4404	-0.2702	0.1763	-0.9852	0.0894	0.4015	0.6791	0.3418	-1.2163	1.0210	0.7975	-1.1222	0.4476	0.3758	-0.7454	-1.4745	-0.1813	0.4152	0.7356	1.7918	-1.1412	1.3130	1.9000	-0.2243	1.0252	1.5553	0.5517	-0.3706	0.4234	0.2680
-0.2712	1.0045	1.0949	-1.3011	0.2321	0.4131	-0.2015	0.0311	0.3468	0.0809	0.3916	0.9039	-0.4187	0.6050	0.0274	-0.0912	0.1130	-0.2564	-0.2452	1.0369	-1.8732	-1.2758	-0.3175	-0.2054	0.4964	1.1766	1.0480	-0.3568	0.8223	0.4995	0.2779	1.1412	0.6456	0.6798	-1.9536	-0.2678	0.6458	0.4011	2.0504	-1.3287	1.8203	1.2736	0.9741	0.8227	1.4659	1.1069	0.0954	1.2026	1.4327
-0.7692	1.3976	1.0395	-0.9821	0.0208	0.5160	-1.3999	0.4573	-0.1682	1.9236	0.1477	0.6274	-0.7427	0.1514	-0.7733	0.1361	0.1764	0.6112	-0.1802	1.0347	-1.2420	1.0964	-1.5526	1.2445	0.9170	-0.1929	0.7692	-0.0173	0.3632	-0.0475	0.9329	0.4482	-0.1182	-0.2620	-1.4198	-0.9481	0.8984	0.8879	-0.0798	-0.9115	1.4691	0.5490	0.9357	0.5411	0.6259	1.1836	-0.0695	-0.2239	0.8126
-0.0176	-0.3629	1.7973	0.1722	1.0550	-0.2039	-0.0508	0.3045	0.4211	1.3952	0.0802	1.5356	-0.1956	1.3322	0.7030	0.3334	0.8930	1.0792	0.7874	0.9742	-2.0818	0.7435	-0.3476	1.0276	0.1335	0.9185	1.2999	-0.5415	1.3680	-0.7499	1.3322	1.1497	0.5435	0.2008	-0.2984	0.1955	0.1488	0.0516	-0.3890	-0.9886	0.1371	0.1366	-0.0296	-0.3389	-0.0584	0.3581	-0.1482	0.3384	-0.5553
0.2975	-0.8681	0.6321	0.4796	0.4034	-0.1208	-0.2908	0.8283	0.1827	-0.4574	0.3658	2.3181	1.0875	1.4407	-0.0500	0.8534	1.4236	0.5944	1.2722	0.6633	-0.7883	0.4925	-0.6854	-1.0681	-0.0579	0.5225	0.4223	-0.0424	1.2580	0.0284	1.3770	0.9257	0.6358	0.3550	-0.0225	-0.2988	0.0473	-0.9097	-0.0296	-0.1555	-1.0501	-0.1279	-1.3465	-0.4468	-0.0224	-0.6571	-1.1413	0.2539	-1.0325
-0.0187	-0.7964	-0.1794	-0.3246	0.6681	-0.0465	-0.3666	0.3727	-0.0955	0.3598	-0.1612	1.5581	0.8179	0.9610	0.5129	0.4436	1.6861	1.0516	0.9270	0.3101	-1.0194	0.9964	0.1346	0.1303	0.0366	0.0205	-0.3894	-0.2583	0.2877	0.1388	0.5261	0.2024	0.6982	-0.6575	-0.2774	1.5688	0.5353	-0.2654	-0.0310	-0.8098	-1.1241	-0.6556	-1.0976	-0.8965	0.8192	-1.5619	-0.1046	0.4181	-0.2313
-0.4270	-0.2194	-0.2316	-0.5164	0.8454	-0.2093	-0.6589	0.5091	-0.1509	-1.5650	0.2199	1.2311	2.2236	0.6954	1.5080	0.2202	1.2881	1.5172	-0.1000	0.7172	0.2192	0.7513	-0.3385	-0.5117	0.7613	0.5900	-0.4216	0.2583	-0.9986	0.8562	-1.2008	1.3563	0.7652	-0.6850	0.0688	2.8326	0.6854	-1.0830	0.2302	-1.2976	0.3516	0.4642	-1.2238	-0.9660	0.7585	0.6072	-0.1082	0.8737	0.0477
-0.6035	-0.7658	-0.2832	-0.0066	-0.3588	0.2023	0.2265	0.6800	0.2580	0.4200	0.4137	1.0670	2.6547	-0.0824	1.3569	-0.0315	0.0481	1.4507	-0.4272	0.9418	0.0201	0.7725	-0.3541	0.3987	0.3333	0.2614	-1.1588	0.1930	-0.9693	0.3442	-2.1288	0.5528	0.5149	0.0024	0.5049	1.8366	0.9190	0.7270	0.4372	-0.9457	0.0326	0.0287	-0.5406	-1.0671	0.1149	0.7658	-0.7358	0.9441	-0.6508
-0.5872	-1.0466	0.1514	1.3394	-0.0320	-0.0078	-0.5666	0.6380	0.2703	-1.1165	0.7834	0.4111	2.7520	0.7213	0.1763	0.1641	-0.0593	1.3361	0.3813	0.4424	0.4400	0.7320	-0.1508	0.4092	0.3018	-0.1782	-0.2746	-0.0343	0.2084	0.1112	-1.1323	0.3252	1.6128	-0.0322	1.0154	0.4034	1.6879	-0.7222	-0.5684	-1.3347	-0.8841	0.1435	-0.6030	-1.0258	1.1777	0.3195	-0.2366	1.6918	0.2597
-0.3015	-0.0878	-0.7806	0.7376	0.3714	-1.4943	-0.9227	0.4852	0.2974	0.7988	-0.4394	0.8741	0.2925	1.0141	0.0151	0.2494	-0.4314	0.5123	0.4362	-0.1959	0.7090	-0.3198	-0.7457	0.6620	-0.3580	0.5215	-0.0199	-1.4018	1.2584	0.1942	-0.5855	-0.4649	0.9788	0.6437	1.4218	-1.5037	-0.3953	0.5433	-0.2354	-0.6981	0.1232	-0.4413	0.3135	-1.0891	0.4800	1.4807	0.0973	0.5847	-0.2843
0.3026	-1.0744	-0.9790	0.2556	0.4098	-0.6422	-0.2555	0.0060	0.8298	-1.4372	-0.1169	1.3002	-0.2647	1.2178	1.0541	0.4717	-0.7228	0.0878	0.2960	0.4906	0.4942	-1.5141	0.7032	-0.2282	-0.7390	-0.5118	-0.5357	-0.5923	0.7421	0.9355	0.4399	-0.6252	1.2497	0.4905	1.0030	-1.2284	0.8955	-0.7719	-0.5093	-0.6216	-1.3493	-0.1532	-0.4560	-2.0969	0.2912	0.2399	-0.1802	1.5433	0.8549
-0.3600	-1.1198	-1.2527	-0.5014	-0.1782	-0.2797	0.2064	-0.2247	0.3959	0.2833	-0.7238	1.3517	0.1999	0.7977	0.1307	-0.4048	-0.9040	0.5494	0.4673	0.2142	-0.1677	-0.0261	-0.1601	0.6665	-0.2575	-0.5793	0.1115	-1.0762	-0.5102	0.1939	-1.2320	-0.3514	0.3598	-0.2667	1.6118	-1.2180	1.0134	-0.0626	-0.2415	-1.1799	-1.1169	0.2162	-0.4233	-1.4540	0.6018	0.3543	0.5872	0.9372	0.5392
0.0643	-1.1277	-0.8454	-0.6730	0.9944	-0.3602	-0.2105	-0.0592	1.0246	-1.7097	-0.6556	1.0905	1.2264	0.2230	1.2560	-0.5660	-0.5242	0.8913	-0.0208	1.3947	-1.2579	-0.1946	0.9155	0.0958	0.9841	0.9248	0.9071	1.0189	-0.6706	1.6941	-2.0437	0.7520	0.8745	0.1304	1.3460	0.4530	-0.1734	-1.1891	0.4542	-0.8677	-0.4676	0.5627	-0.9725	-1.5578	0.8031	1.0203	-0.9481	1.9009	0.0038
-0.0903	0.3882	-1.8969	-0.2576	0.2681	0.3317	0.0928	-0.1454	0.6390	-0.4675	0.8137	0.6273	1.8528	-0.3022	1.1305	-0.1252	-1.3381	0.9827	-0.7021	1.0613	-0.8869	0.6029	-0.2688	-0.0403	1.1528	1.1618	-0.6525	1.1907	-1.1258	1.6122	-2.2239	0.3337	0.7497	-0.1315	0.0935	0.6580	0.9339	0.0444	0.9402	-0.5758	-0.9707	0.5053	-1.5567	-1.1361	0.4220	1.1310	-1.2154	1.4372	-0.2092
-0.3047	-0.8921	-1.4001	0.0023	-0.1451	0.2963	-0.1757	-0.3111	0.7045	-0.2875	0.9971	0.4237	1.7350	-0.5548	1.0125	-0.0057	-1.0291	1.5609	-0.6973	0.4091	-0.8498	0.7824	0.2293	0.0332	0.5776	0.9183	0.2207	1.4621	-0.4881	1.7383	-2.2112	0.5650	0.8243	-0.5298	-0.3607	1.9552	1.4482	-0.4778	1.1687	-0.4862	-1.2738	0.3811	-1.2828	-0.9299	1.2235	0.7737	-0.5304	1.6553	-0.2822
-0.3770	-0.1395	-1.2634	-0.6282	-0.0041	-0.6488	-0.2409	0.3926	0.3180	0.6587	0.2179	0.4786	1.7126	-0.2087	0.0583	-0.4532	-1.1297	0.9865	-0.3511	0.4662	0.3908	0.8169	-0.1581	0.1361	-0.4006	1.6158	-0.2497	-0.0879	-0.7838	1.8910	-1.6219	0.3557	0.7640	-0.4433	-0.3344	0.4889	0.2610	-0.5115	0.5596	0.2054	0.2469	0.5922	-1.2280	0.4694	0.9882	1.8421	-0.0919	0.9841	-0.4528
0.5054	-1.9917	-0.7166	0.6152	-0.7083	0.4332	0.5651	-0.1006	1.3987	0.0850	0.1415	1.0369	0.2435	0.6043	-1.5794	-0.8156	-0.7792	-0.0369	0.2048	-0.1370	-0.1621	-0.8196	0.3914	0.7910	-1.6751	-0.6884	-0.4232	-0.8239	-0.2784	0.6054	-1.3494	-0.3443	0.9103	-0.3086	0.0721	-0.7859	-0.2183	-0.2477	0.7199	0.3404	-0.7353	-0.5065	-0.6957	-0.4986	0.5567	-0.2217	-0.7076	0.8452	-0.3279
0.0689	-0.8661	-0.4923	0.8800	-1.7055	0.3304	-0.3133	-0.1116	0.3135	-0.9926	0.7003	0.2437	-1.1319	-0.2718	-3.5994	0.2754	-0.4040	-0.8176	0.2625	-1.8182	1.0482	-1.0720	-0.2890	-0.3541	-0.6616	-1.3221	-1.0986	-1.1690	0.1513	-0.6199	-0.6920	-1.5336	-0.2857	-0.5934	0.2738	-0.7833	0.8932	0.0061	-0.3428	-0.3114	-0.2920	-1.0501	-0.1217	-0.0900	-0.0835	-0.2560	0.0599	-0.7968	-0.4619
-0.3970	0.6807	-0.3019	0.3380	-0.7834	0.6743	1.2827	-0.7808	-1.9968	-0.2817	0.6025	-3.1880	-0.7595	-1.6982	-1.0485	0.2133	-0.7460	-2.6397	-1.0337	-1.4034	0.4638	-1.1726	0.6630	-1.1398	-0.6077	-0.7074	2.0804	-0.0249	0.9542	-0.4264	0.7331	-0.8528	-1.3166	0.2607	0.8496	0.0029	-0.3729	-0.2098	-0.5721	1.5908	0.9543	0.2785	1.2843	0.8106	-1.3617	-0.0576	1.3234	-1.7847	-0.3597
-0.8294	1.5504	-0.3010	-0.3087	-1.7194	0.9183	1.3807	-1.2767	-1.5590	-1.3096	1.2532	-3.7955	-1.0858	-2.0347	-0.2368	0.3210	-0.8939	-2.5644	-1.6217	-1.2116	1.0115	-1.2056	1.2210	-2.1010	-0.3198	-0.9638	2.4527	0.7821	0.9400	-0.2413	1.3535	-0.9453	-1.4980	-0.1997	1.0655	0.0890	0.2300	-0.8045	-1.0859	2.8809	0.7952	0.5667	1.1380	0.7937	-1.4287	0.2115	1.0984	-1.0513	0.5258
-1.0514	0.6035	-0.3359	0.4242	-1.1043	1.5215	1.0207	-0.8531	-1.3630	0.0384	1.1512	-3.6620	-1.4336	-1.8958	0.0532	0.4812	-0.3869	-1.9746	-0.9164	-1.7885	0.4028	-0.0539	0.4098	-1.6243	-0.8089	-0.7999	1.7435	-0.1847	1.3908	-1.3672	0.9002	-2.3283	-1.5942	-0.0602	1.2828	0.1450	0.2266	0.3528	-1.8546	2.5877	-0.1955	-1.5326	0.5731	1.4365	-1.2342	-0.6657	1.0543	-1.7619	0.6899
-0.4870	0.0250	-0.3197	1.4225	-0.0627	1.3004	-0.5513	-0.8635	-1.1406	-2.4094	0.6598	-2.8740	-0.5375	-1.5072	0.3835	0.6795	0.6971	-2.3302	-1.1710	-1.7033	0.4407	-0.4128	-0.1280	-2.3540	-1.0148	-1.0382	2.0061	0.3537	1.0427	-1.2123	0.3382	-0.8577	-0.8463	-0.0993	1.8889	0.9623	-0.5701	-2.4703	-1.0891	2.0416	0.0246	-1.0724	-0.0127	1.9649	-0.7849	-0.2601	0.6913	-0.6448	1.2035
-0.4151	0.7178	-0.1878	1.7192	-0.5252	1.6186	0.5443	-1.4900	-0.8572	0.7468	0.4985	-2.1000	-1.5410	-2.0882	0.1466	1.0594	0.0101	-2.3223	-1.3827	-1.9625	-0.3233	-0.9143	-0.6805	-1.5263	-1.3649	-0.4689	0.3446	0.0667	0.1532	-0.9226	0.7611	-1.1647	-1.0724	-0.3244	0.8259	1.4720	-0.6451	0.2469	-0.6482	1.9917	0.5591	-2.1973	1.0999	2.4433	-1.5079	-0.7633	0.8420	-1.8090	0.5141
-0.5563	0.3072	0.0923	1.9477	-0.0776	1.0464	-0.1305	-1.0728	-1.0616	-0.8422	0.2284	-2.4876	-0.3462	-1.9808	-0.5476	1.5437	0.5352	-1.8758	-1.8859	-2.1993	0.3353	-0.7973	0.0154	-1.4731	-0.6507	-0.7560	-0.5288	-0.7436	0.8134	-1.0158	0.4551	-0.3224	-0.1670	-0.8895	0.1793	1.7637	0.2074	-0.4269	-0.7233	0.7647	-0.2719	-1.0748	0.6615	2.1422	-0.8214	-1.7798	0.1474	-1.7099	-0.4575
-0.4398	1.2793	-0.5698	1.2085	0.1165	-0.7396	-0.2489	-0.4841	-0.8050	0.0426	-0.2140	-1.6671	-0.2478	-1.6413	-0.6497	1.8469	0.2383	-1.0741	-0.7931	-0.9072	0.0873	0.1501	-0.5747	-1.4299	-0.3050	0.6079	-0.3912	-1.0655	0.2503	-1.0057	1.4505	-0.8307	-1.3906	0.2272	-0.4740	1.5823	-1.3913	0.3087	-0.4723	1.9751	0.2841	-1.9000	1.1753	3.2566	-1.0722	-0.2142	-0.1337	-1.6839	-0.7890
0.0930	0.1971	0.0671	0.9091	0.2324	0.1278	-0.7996	-0.4356	0.1037	-0.2834	-0.1710	-0.9448	-0.1135	-0.4039	-0.6959	0.9788	-0.0320	-0.3469	-0.0819	0.1062	-0.5836	0.2717	-0.1062	-0.2184	-1.1196	-0.4272	-0.3840	-0.3740	-0.3294	-1.1400	2.0632	-0.3679	-0.6824	0.8990	-1.1046	0.7042	-0.9422	0.3073	-0.5732	0.6564	-0.4956	-1.0464	0.8925	1.0257	-0.6064	-1.3485	-0.0648	0.0744	-0.3331
-0.4722	0.8652	0.2218	0.6864	-0.5354	0.9032	-0.8780	-0.8769	0.1213	-0.4357	-0.3566	-0.6282	-0.1671	-0.4457	-1.5776	0.7702	0.6549	0.0872	0.5161	-0.0113	0.9987	0.7797	-1.0746	-0.7220	-0.1376	-0.3361	0.4966	0.3463	-1.0148	-0.7334	1.9474	-1.1308	-0.6812	0.5187	-0.4104	-0.3956	-0.3736	0.0950	-1.5267	0.4824	-0.3142	-0.8817	0.3282	-0.6184	0.1743	-1.2826	1.3674	-0.7649	-0.4193
-1.7564	0.3187	0.0614	-0.4355	-0.1672	0.5228	-0.1438	-0.9802	-0.4735	1.3983	-2.4828	-0.4136	-0.9913	-0.7961	-1.7317	0.1029	0.6854	0.4444	0.9995	-0.4085	1.0603	2.0962	-2.2862	0.4289	0.2030	0.1310	1.3477	0.1819	-1.6372	-0.7346	0.9376	-1.2287	-1.2393	-0.0171	-0.1408	-0.8801	-2.9986	0.1418	-0.9802	0.7850	-0.4047	-0.1597	0.5547	-0.3382	-0.7953	-1.0174	1.4682	-1.7349	-0.9676
-0.6646	0.1263	-0.7461	0.9018	-0.1839	0.9921	-1.2691	-1.2094	-0.7954	1.1216	-1.1818	-0.3160	-1.0049	-0.0386	0.2839	-1.1163	0.8084	0.3563	-0.2712	-0.6867	0.6231	2.2970	-1.5840	0.4756	-0.9657	-0.2599	-0.3070	0.9083	-0.8975	-0.0017	0.2287	-0.8486	-0.8318	0.2246	-0.9538	0.0565	-2.0881	0.7199	0.6761	0.9084	-0.0474	-0.0019	1.7235	0.9321	-1.2290	-0.4213	0.1448	-0.8648	-0.0406
0.3184	0.1675	-0.3902	2.1632	-0.7368	1.1382	-0.8677	-1.6708	-0.3768	-1.0615	0.7410	-0.4491	-0.5840	1.4238	0.8799	-0.6870	1.1060	0.3189	-0.2452	-0.4389	0.7246	1.0920	0.5827	-1.1421	-0.6765	0.0165	0.1015	1.5851	-0.2714	1.0341	0.0763	-0.8611	-0.3034	-0.8449	-0.9200	0.8753	1.3824	-0.2073	0.5300	0.5457	0.6457	-0.6329	1.3675	1.4698	-0.1714	0.0174	-0.4664	0.2534	0.2187
-0.3194	0.4137	-0.8861	1.6585	-0.8625	-0.0145	0.0139	-1.2764	-0.3810	-0.0145	-0.7737	0.1372	-0.5147	0.7997	0.5302	-0.1714	0.9719	0.0089	0.1347	-0.6895	2.2686	1.4434	-0.4852	-0.9875	-0.1883	-0.1335	1.0675	0.0830	-1.0267	0.3289	0.5176	-0.8422	-0.8577	-0.8151	0.0458	0.1155	-0.5004	0.3610	-0.2122	0.4752	0.4468	-0.0231	-0.0649	0.4382	-0.0367	-0.0375	-0.6973	-0.8978	-2.0212
0.4051	0.7404	-0.1331	1.4538	-1.4421	1.1752	1.0674	-1.2202	0.0112	0.8079	0.1686	0.1652	-0.5002	-0.0772	-0.4002	-0.2635	-0.1658	0.5440	0.6539	0.1024	0.3884	0.2974	-0.6380	0.4586	-1.3265	-0.8867	0.2423	-0.9223	-1.5204	0.0475	1.8957	-0.7490	-0.8674	1.2162	-0.5902	-0.5749	-0.5356	0.5835	-0.8163	0.4838	0.0930	-0.3613	0.8509	-1.6730	0.3386	0.6837	-0.4396	-0.8981	-1.7067
-0.7576	0.2741	0.0010	0.1584	-1.9223	-0.2678	1.3436	0.6730	-0.6115	-1.5066	-0.1158	0.8137	0.0178	-0.3598	-3.3415	0.2146	-0.6780	0.0924	-0.2228	-0.4785	-1.5189	0.1375	-0.1048	-0.1017	0.0008	-1.6133	1.6408	-1.6924	0.5760	0.0475	0.7756	-0.4327	-0.5891	0.2234	-1.9703	-1.7125	2.1708	-1.5469	0.1082	-2.3456	-0.2223	0.9355	0.2177	-2.3989	2.1940	0.3782	0.4651	1.4249	-0.1190
0.0515	-0.1027	-1.3224	-2.5914	-1.4100	-2.3796	0.5699	0.7123	-0.9930	0.2184	-1.9428	0.6753	-0.7544	-1.3430	-3.2533	-1.2846	-1.7935	-0.9906	-1.3427	-0.6182	-2.1742	0.4709	-0.3565	-0.2643	0.0833	-1.3233	0.6715	-2.6426	0.7018	-0.6587	-0.3429	-0.4226	-2.0039	-0.7566	-1.7306	-2.8529	0.0748	-0.1065	0.8097	-2.3578	1.1265	0.0973	0.5837	-1.3899	0.8114	0.6930	0.8369	1.4440	-0.3032
1.2409	-1.0813	-0.7382	-3.0877	-1.1788	-2.4594	-0.8014	0.8930	0.0068	-0.6527	-1.7058	-0.0412	-1.3749	-0.3011	-1.3079	-1.5040	-1.9172	-1.0391	-1.0717	-0.3466	-0.9069	-0.1711	0.0491	-0.5782	0.3731	-0.9933	-0.8701	-1.7443	1.0641	-1.6119	-0.4046	-1.1755	-0.8445	-1.2903	-0.3897	-2.1160	-0.8489	0.1467	0.1185	-1.2576	0.0971	-0.3809	-0.3388	-0.6952	0.0156	-0.5390	-0.4885	1.0209	-0.2579
1.6346	-0.8051	0.2105	-1.9006	-1.0971	-0.7052	-1.3308	1.1018	-0.2542	-1.2989	-1.5939	0.0783	-1.1307	-0.1257	-1.3076	-0.8956	-1.3677	-0.5460	-0.1718	-1.4981	-0.6968	-0.6988	-0.4699	-0.7581	0.6045	-0.7932	-1.3673	-1.0541	1.0961	-1.4937	-1.5360	-1.5548	-1.0820	-1.9590	0.4812	-1.1905	-0.0317	-0.2667	-0.2982	-0.9563	-1.6000	-1.9439	-1.3898	-1.1108	0.1545	-0.9573	-0.1164	-0.3623	0.1729
1.5206	-0.1762	0.1372	-1.8741	0.5487	-1.3998	-1.1697	0.9910	-0.9639	0.0170	-1.6106	0.2992	-1.8139	-0.3801	0.7445	-1.6596	-1.0700	-0.4877	-0.8890	-0.5563	-0.2034	0.0775	-0.1708	-1.5722	0.3645	1.3187	-1.7749	-0.1773	0.3062	-0.7203	-1.4232	-0.6099	-0.8635	-2.1364	0.8313	-0.7237	-1.6973	0.6575	0.4402	0.5751	-0.3888	-1.9575	-1.0960	0.4980	-0.3631	0.3824	-0.4007	-0.1550	-0.3861
1.1441	-0.7210	0.9982	-1.9205	0.3314	-1.1245	-0.2011	0.5863	-0.2789	0.6011	-0.6085	0.5607	-1.2862	0.5039	2.2773	-2.2351	-1.0576	-0.6504	-1.0321	0.2220	-1.3048	-0.5200	0.6981	-0.9389	0.3421	1.0771	-1.0374	0.5595	-0.0848	-0.6356	-0.8727	0.3561	0.1996	-0.9192	0.2932	0.3940	-1.6993	1.1458	0.7867	0.4767	-0.0491	-1.2432	-0.7801	-0.2017	-0.6362	-0.6598	-1.3738	0.8982	0.5975
-0.0530	-0.7696	0.8879	-2.3930	0.3799	-0.7385	0.3623	1.0352	0.1969	-1.4200	-2.3613	0.5673	-0.5915	0.5710	1.3187	-0.9524	-0.5727	0.5568	-0.0481	0.0102	0.3010	1.1262	0.3172	-0.0461	1.2449	-0.1680	0.9731	0.3027	0.5828	-0.7997	-1.8212	0.2091	1.1431	-1.7298	0.5486	0.5778	-0.1541	-0.1443	0.8161	-0.5708	-1.8957	1.2550	-2.4444	-0.4431	1.4943	-1.2728	-0.6917	1.4120	-0.1039
-0.3051	-0.4030	0.6562	-0.3396	1.5277	1.0211	0.8512	0.4207	-0.4496	0.9485	-2.3389	0.8564	-0.4182	0.3221	0.4268	-0.9510	-0.3261	0.7635	0.5640	0.5751	-0.7909	1.1322	0.3993	0.7257	0.9902	0.0898	0.9245	-0.6598	-0.7297	-0.4615	-1.1918	-0.4198	-0.4544	-0.7859	0.5190	0.5634	-1.2677	1.2617	0.1766	-0.8564	-0.0558	0.0548	-0.1516	-1.3591	0.0239	-0.8124	-0.4573	-0.4038	-1.6799
-0.2341	0.6431	0.0096	-1.1028	0.7882	0.4248	-0.4302	0.0911	0.1870	-1.2233	-1.1282	0.9407	-0.5850	0.4896	0.6172	-1.5859	0.1891	0.6282	0.1503	0.5163	-0.4643	-0.3683	0.3700	-1.1426	0.8171	-0.0918	0.1162	-0.0367	-1.3507	-0.0205	-0.1086	0.3139	0.6715	0.1327	0.1858	0.4555	-0.9907	-0.1999	-0.2691	-0.5676	0.6054	0.7810	0.5245	-2.4785	-0.5763	-0.0322	-0.3513	-0.7783	0.6244
-0.6122	2.1994	0.0917	-0.7851	-0.0795	-0.3357	-0.0276	0.6872	0.7340	0.6965	-1.6023	1.2595	-1.1635	0.7382	0.7508	-0.9309	0.7132	1.0716	0.5130	0.5599	-0.7531	1.4504	-0.5201	0.1796	0.5858	-0.5409	1.0100	-0.0408	-0.9947	-0.7415	0.2073	-1.3462	-0.0281	1.5319	-0.4841	1.1265	-0.4823	2.3473	0.1237	-0.9389	-0.5660	1.1254	-0.2833	-0.5585	0.7873	0.9132	0.3940	-1.2195	1.0791
0.1587	1.3074	0.4698	0.0330	1.0432	-0.3988	-0.3201	0.2620	0.1266	-0.4651	-0.8035	1.3490	0.6863	0.4140	1.4385	-0.3974	0.9698	0.7533	0.5744	1.0123	-1.5037	0.0976	0.2784	0.9603	1.1214	0.2585	0.8151	-0.0075	-1.0254	-0.7094	0.0834	0.1959	0.2300	2.1164	-0.5665	1.0381	-0.6532	0.9120	1.1806	-0.9846	0.8108	0.7461	0.4539	-0.3940	1.2209	0.7857	1.2462	0.8415	1.7403
0.4487	2.1948	-0.4474	0.8300	-0.1388	1.6454	0.4932	0.0628	-0.0751	0.0051	-0.9862	1.0126	0.2784	-0.9113	0.2285	-0.1995	0.6938	1.4675	0.3412	1.1953	0.7062	0.5488	-0.9294	0.1692	1.7271	-0.2086	-0.8006	0.6395	-0.8179	0.4736	0.1976	-0.8368	-0.4863	0.8097	-1.1715	-0.4629	0.3545	2.1960	1.5659	0.3766	1.3890	1.3810	1.2906	0.4884	0.2851	0.5960	0.9585	-0.8306	1.9726
0.2402	0.9142	1.1686	0.1587	0.4609	0.1598	0.5158	0.6546	0.7016	0.6295	-1.8734	1.7449	0.0258	1.2609	0.5373	-0.2442	1.6876	0.9882	0.2203	1.4663	0.4124	2.4699	-1.1491	1.3168	1.0688	0.2329	1.3165	-0.7379	0.5817	-0.9249	0.0398	-0.9354	0.4559	0.7334	-1.2381	0.1737	-0.0840	2.3404	2.1448	-1.6000	-0.3726	1.7704	0.6121	0.8520	1.3427	0.6458	0.9309	-0.7168	2.0501
2.4085	-0.0720	0.9486	1.6452	3.4598	1.9519	3.0116	-0.8273	2.7973	2.5894	0.4089	2.2475	1.3458	2.1052	0.5043	-0.0984	2.9161	1.0262	3.9098	4.4649	0.9234	1.1155	2.7704	2.8088	1.0501	0.1275	-0.4921	1.4792	0.2048	-0.3319	0.7461	2.2173	1.0512	1.5102	-0.7087	-1.3388	-1.2838	2.6040	0.3005	-0.6641	0.8605	-0.8657	1.8646	-1.3725	-0.4536	-0.4856	0.5728	-1.1418	1.9532
0.8255	1.1089	0.9909	-0.5067	1.2023	-2.0691	0.1389	0.9460	0.4310	1.3255	4.4085	0.1924	0.6248	2.9372	0.6212	-0.3106	1.2452	-2.0225	0.9648	2.1204	0.7619	-2.6501	2.6434	-0.3360	0.0109	3.6311	-0.3340	-0.6626	1.6925	1.4888	1.1987	1.7942	1.9164	1.9830	1.6574	-0.4776	3.4918	1.0811	1.4431	0.9727	3.3391	2.1405	1.8725	1.6968	1.1234	2.7320	3.1565	1.0619	2.7218
-0.3892	-0.1781	1.6341	0.2931	0.6331	-0.6559	-0.1810	1.8441	0.6267	-0.9370	1.3179	0.4468	2.6283	3.3498	-0.3575	0.3045	1.8112	-0.2985	0.6703	0.4508	0.2179	-1.6392	1.2697	0.8764	0.9639	0.7569	1.5329	-0.5231	0.8990	1.5905	0.0093	2.4067	1.3821	0.1842	1.6080	-0.6698	2.1666	-1.2117	1.9358	-0.7799	0.4111	2.4266	-1.7672	1.3518	3.1963	0.7501	0.2966	2.8376	-0.1420
-0.3659	0.6491	1.2363	-0.4972	1.3751	0.5963	1.6084	1.2631	-0.2858	1.3392	1.8536	0.8617	0.0291	1.0527	0.5341	-0.4351	1.7839	1.5025	1.1614	0.6301	1.2932	-1.7634	1.7344	1.5707	1.8940	0.9823	-0.7663	0.9338	-0.5261	2.0083	0.2797	0.8310	0.5036	-0.4532	0.4985	-1.0490	1.6475	-0.0937	-0.2157	0.4411	1.5074	0.9625	0.0765	0.3030	0.4606	0.8235	1.1231	1.4470	-1.6090
-0.5487	-0.5648	2.0192	-0.3564	1.3238	-2.3623	0.3180	1.9827	-1.3574	1.7042	1.6718	0.5288	0.5536	0.1628	2.6753	-0.7468	0.5593	-0.3765	0.0812	0.7408	0.3154	-0.8978	2.6329	3.0082	1.3514	0.8840	-0.6532	0.1458	-1.2650	2.2017	0.3153	2.0011	0.4735	0.0236	0.8631	0.2710	0.5648	-1.1753	0.6461	0.8976	0.6530	2.3714	0.8302	-0.8465	0.0154	0.6360	1.1475	0.7734	-1.1552
-1.8288	-0.0006	1.7130	-0.1147	1.4810	-1.0782	-0.6746	1.3116	-0.0509	1.6428	2.5558	-0.0062	1.0449	-1.0814	0.0374	-0.1361	-0.1287	0.2280	0.5637	-0.3406	-0.2845	-1.2875	1.7496	1.9774	0.1932	0.6540	-2.2813	0.0457	-1.2260	0.4039	0.4990	1.9477	0.9663	-0.3943	-0.2440	-0.6318	0.7384	-0.5959	-0.8630	1.0506	1.3735	0.5448	0.8117	-1.5788	-1.1309	0.0424	0.8260	0.3658	-1.3708
0.0035	-0.3183	1.3539	0.7188	0.9015	-0.4611	0.0038	1.8740	-0.1780	0.3619	1.1195	-0.2354	0.9691	-0.5923	-0.4600	-0.0652	0.0038	-0.6455	1.3473	-0.7072	0.3050	-1.2647	0.4334	0.9984	0.1462	0.0226	-1.1095	-0.5617	-0.4084	-0.1788	0.9671	0.1223	0.3751	-0.0158	0.6393	-0.6792	0.3739	-0.4777	-1.3901	1.0001	0.4934	-0.1237	0.9050	-0.8525	-1.9677	-1.2661	1.3518	-0.9121	-0.8492
0.1299	0.1381	2.1449	0.9587	0.8279	-0.7829	-1.2147	2.0434	0.1856	-1.1363	1.3313	0.2780	1.5468	1.2755	0.0889	-0.7862	1.2102	-1.3401	0.7404	-1.0144	0.4625	-3.2850	0.2275	0.3309	0.0475	1.1077	-0.7092	0.7925	0.0447	0.7461	1.1997	1.1579	0.5644	1.3113	2.0403	0.3294	0.3633	-1.7161	0.0625	1.0957	0.0635	0.9832	1.0388	0.3915	-0.9339	0.7765	0.8652	0.0199	0.6478
0.0577	1.1302	1.2639	0.7038	1.1689	-0.7173	-0.7485	1.2295	0.0525	2.0526	2.3788	0.8170	0.2397	1.3847	-0.2065	-1.3565	0.9258	-0.6311	1.0554	-0.7284	0.0077	-2.3825	-0.6126	1.3143	-0.6191	0.9731	-1.5297	0.7523	0.0572	0.3972	1.6018	-0.0082	-0.3314	1.4765	0.8858	0.4984	0.8503	-0.5519	-0.5154	2.0700	0.7434	-0.8735	0.8323	0.8679	-1.0407	0.2511	-0.0175	-1.0246	-0.4116
1.2341	-0.6728	1.6053	1.3923	0.7370	-1.1599	-0.4549	0.4330	-0.4458	0.4552	2.4726	0.3988	1.2075	0.6913	0.6314	-0.9834	1.6178	-1.1791	0.5016	-1.1353	-0.3572	-0.7591	0.5051	1.5153	-0.1686	0.3067	-0.3765	-0.5628	0.4725	0.1991	0.6750	1.4419	-0.4969	0.1448	1.0300	1.2802	0.1683	-2.0309	-1.0251	0.8664	0.2229	0.0567	0.3034	0.5816	-1.2740	-1.5090	-0.1209	-1.9896	-0.8856
-0.2333	-1.0514	1.9613	1.6556	-0.6880	-0.2531	0.6845	0.4849	0.3149	-1.8866	1.7115	0.4361	1.9097	0.3686	-0.6922	0.6349	1.5107	-0.2109	0.1915	-1.1783	0.7292	-1.4013	1.4480	-0.3074	0.7060	-1.0077	-0.0462	-0.2178	1.2533	-0.3616	-0.4983	2.3162	1.2599	-0.3554	1.0018	0.1333	0.6662	-2.2801	-0.2341	-0.9252	-0.8960	1.6801	-0.8625	0.5480	0.9635	-0.6597	-1.2595	0.9083	0.0798
-1.4625	0.1438	0.9612	-0.8198	-0.0357	-0.9944	1.8380	0.3371	0.1888	1.3819	1.7952	-0.2799	1.2971	0.1584	-1.4037	0.2170	0.1936	-0.1725	-0.0831	0.1259	-0.0228	-0.8024	-0.4252	1.1986	-0.9817	-0.0343	0.2630	-0.0413	1.6792	-1.0630	1.8949	0.6566	1.1323	2.0572	-1.6189	-1.6619	0.7026	0.7666	-0.7274	-0.3747	0.4822	-1.5129	0.8593	-0.3278	0.6395	0.7536	-0.5677	0.7340	0.5806
1.4263	-0.5329	0.8211	-0.8853	0.8441	-1.3830	-0.4657	-0.0135	0.2973	-0.4208	1.0540	-0.5723	1.4047	-0.6842	-0.2370	0.3696	-0.4029	-1.4872	0.1227	0.1066	0.3568	-0.1519	-0.2183	1.8642	-0.7134	-1.0078	-0.2468	0.1938	1.2994	-0.5045	0.5248	1.5700	0.2960	1.4960	-0.4629	-1.5358	-0.4119	-1.9941	-0.1253	-0.4092	0.1716	-0.7191	0.7702	-0.4492	-1.0988	-0.4487	-0.4160	-0.1681	-0.0786
1.0399	-0.2824	0.2299	-0.1589	-1.2939	-0.1805	-0.3952	0.3637	0.6619	0.9251	-0.0403	-0.9167	0.3466	-1.1188	0.0292	1.1727	-1.1918	-1.1319	-0.4232	-0.4839	1.4356	-1.9943	0.0247	0.7794	-1.0043	-2.4311	-1.5463	0.6081	0.6290	0.4779	-0.2966	0.6349	0.1151	0.0070	0.8348	-0.4384	-0.2030	-1.1219	0.1324	0.3766	-1.0518	0.4001	0.5505	-0.9830	-0.9184	-1.0681	-0.8553	-0.1293	0.2917
-0.4458	-0.5603	0.6625	-0.8778	-0.5693	-0.2349	-0.1434	0.3825	1.0877	-1.9482	-0.6470	-1.3277	0.8443	-0.6910	0.0483	2.0225	-0.9237	0.6229	-0.4625	-0.8671	1.2702	-1.1478	-0.0960	-0.3059	1.3047	-0.2649	-0.6673	1.5002	-0.1287	0.5692	-0.9515	1.5725	0.4846	-1.3752	0.1617	0.7996	0.7877	-2.3618	0.0556	-0.3884	-2.3016	0.5665	-2.0641	-1.0315	0.2364	0.0631	0.1332	0.7054	-0.2615
0.7292	0.6389	-0.3111	-0.5860	1.7418	1.4368	2.6797	0.4837	1.6250	-0.7499	0.1689	-0.5391	-0.3514	-1.1809	2.1467	2.0094	-0.4845	2.5469	0.8869	1.4972	0.3853	2.2657	1.1286	-1.4575	1.5313	1.3570	-0.1752	1.8132	-0.2312	-0.3856	-0.4048	0.9866	-0.9824	2.0023	0.3130	1.2323	-0.7664	0.7897	0.2273	-0.1233	-0.2875	0.3888	-0.7655	0.9101	-0.0977	0.0582	0.4423	-0.5876	-2.2334
0.2466	-0.0365	-1.2563	0.0941	0.5395	0.1586	0.4003	0.6288	0.9693	-0.9976	3.0838	-0.7667	-0.9594	-0.6144	1.4842	3.5370	-0.9551	0.8702	-0.2539	1.6024	-0.2161	0.7983	2.4912	-1.0914	-0.3456	1.9940	-0.6697	0.2576	0.8188	0.3681	-1.5931	1.4090	1.5486	1.4989	-0.5160	0.4183	1.7259	-0.2414	-0.2979	-0.3185	0.0178	0.4265	-0.6402	1.4096	-0.1571	0.7549	0.7994	1.2805	0.7519
-0.9553	0.2803	-2.4572	0.2089	1.1217	-0.4827	1.4568	0.0920	0.7196	1.2968	-0.9000	-0.0987	-0.7027	0.0715	1.2006	2.4408	-1.1569	0.9903	-0.5260	0.4581	0.5020	-0.1721	-0.1829	-0.0046	-1.5941	1.6983	-0.2453	2.0007	-0.1745	0.1891	-0.2402	0.4207	0.3083	-0.3632	0.0393	0.1352	-0.1676	0.5789	-0.1682	-0.4839	-0.8233	-0.5369	-1.0388	1.1868	-0.3909	0.1446	-0.5341	0.9192	-0.2765
-0.5714	-0.9045	-2.5730	0.9998	0.0236	0.3135	0.2686	-0.5231	1.2930	0.1139	-0.7255	-0.4704	0.2644	0.9254	1.5644	2.2408	-0.7185	0.6598	-0.2776	0.3677	-0.3230	0.7851	-0.6861	0.8855	-2.1458	0.2491	0.5348	2.4190	0.3561	0.7348	0.5572	-0.0536	0.5270	-0.1338	0.3846	1.3783	-0.7868	0.2187	-0.6311	-0.4228	-1.8331	-0.3281	-1.0638	0.0638	-0.3388	0.0736	-1.9597	1.3076	-0.0838
-0.0616	-0.3943	-2.7974	1.6238	0.4982	2.2055	0.8895	-1.2526	2.1934	1.3707	-1.3842	0.1881	-0.3916	0.7975	0.7643	1.7615	-0.6670	2.2582	0.9092	0.3140	0.5051	2.1452	-1.7413	-0.0318	-1.8861	-0.6675	1.4534	1.7786	1.0186	1.0041	0.3059	-0.3621	-0.3378	0.0563	-0.0130	1.7649	-0.1565	1.7570	-0.3980	-0.2135	-0.6576	-0.1911	-0.6501	-0.0848	-0.2840	0.9581	-1.9813	-0.1668	-0.2191
0.0002	-0.1206	-3.0502	0.2892	-0.0917	0.3063	0.2248	-0.7047	0.8573	0.2429	-0.5059	-0.3530	-0.4943	-0.4091	-0.4971	2.1215	-0.9972	1.4667	-0.6204	0.4632	0.1757	1.1247	-0.2339	0.4714	-1.6235	-1.0620	0.1716	-0.8235	0.3516	1.0982	-1.7191	0.1155	0.2264	-0.5233	-0.0383	0.9867	-0.1522	-0.3144	-0.0999	-1.6478	-0.1366	0.4382	-1.0484	-0.6841	0.1330	1.3760	-1.4864	0.2926	0.7739
-0.6552	-0.9181	-3.4076	0.4622	-1.8946	0.2447	0.9757	-0.0748	-0.0063	1.4598	-0.0225	-1.4888	0.1782	-1.2715	-0.4579	2.9030	-1.5651	1.2483	-0.7239	-0.1736	-0.8866	0.3674	-1.1006	0.6214	-0.0965	-1.3013	-0.1904	0.5181	-1.2187	1.6827	-1.9155	-1.5681	0.0839	-1.1109	-0.7004	1.0289	0.0868	-0.1482	-1.1300	-0.5989	-1.2238	-1.1145	-0.7616	-0.2030	-0.5394	-1.0379	-2.2977	0.1197	0.1079
-1.0738	-2.5795	-3.0885	0.4966	-3.0569	0.8022	-0.0921	0.0366	0.9925	-0.0535	-0.2476	-0.6447	-0.1343	0.1105	-1.4822	2.5009	-0.7106	0.9021	0.0028	-0.4669	0.1630	0.0368	-1.8825	-0.4774	0.1540	-2.0372	0.5936	0.1130	0.4688	0.2471	-0.9891	-0.6096	0.8787	-2.6525	0.0644	0.5101	0.9098	-0.4951	-0.5369	-0.9404	-2.3075	0.2856	-2.5359	-0.0774	0.3383	-1.2759	-3.4434	0.8354	-1.1839
-0.6151	-2.0362	-2.4453	-2.5164	-2.1101	-1.8800	-0.3745	-0.2490	1.1504	-0.2514	-0.6005	0.5676	-1.2168	0.3367	-0.3939	0.1480	-1.5740	-0.3794	0.1127	-0.3405	-2.0319	-0.7404	-0.7959	-0.1055	-1.7111	-0.8203	1.2211	-2.0324	2.1634	-1.6842	0.1398	-0.8246	-0.1380	-0.7534	0.1366	-0.4349	-0.5064	0.3044	0.2749	-0.1850	-0.9110	-0.9593	-2.3293	0.4866	0.1649	1.0022	-0.8480	2.2085	-0.5656
2.1309	-0.2403	-1.2184	-1.2357	-2.5051	-0.0398	-1.5627	-0.6991	-0.1541	-1.0780	-0.0076	-0.4069	-0.5544	-1.3641	-0.6799	-1.2021	-1.0683	-0.8793	-0.0769	-1.1959	-0.3662	-1.4345	-1.7723	-0.4744	-0.8218	-0.7062	-0.6313	-0.9116	0.4674	0.2692	-1.0439	-1.1576	-1.1463	-0.8741	0.1900	-0.6869	-0.5315	-0.1696	0.0165	0.8249	0.9160	-1.2957	-0.2246	1.3193	-1.4422	0.6508	-0.2175	0.4813	1.2757
0.9317	-0.1680	0.1366	-1.0835	-2.4210	0.1529	-1.9168	-0.0392	-0.6223	-0.1810	-0.5357	-0.7364	-1.6189	-1.4326	-1.8664	-2.3523	-0.4079	0.0244	-0.2562	-1.1023	1.6467	-0.3544	-1.4360	-1.7642	1.0274	-0.5274	-0.3314	-1.0363	-0.0958	0.0166	-0.6075	-1.6251	-0.9697	-1.6005	0.6045	-1.1743	0.6199	0.6573	-1.2557	0.8138	1.2168	-0.5037	-0.8327	1.6710	-0.2702	-0.0574	-0.7964	-1.0917	-0.2139
1.1871	-0.9584	0.7654	-2.0065	-0.9633	-0.5185	-1.2084	0.0810	-1.3961	0.3123	-1.9370	-0.3399	-1.5603	0.1497	-0.6637	-2.2742	-0.1959	0.0515	-0.1643	-0.4336	1.0163	-0.9800	-1.1272	-1.2191	-0.0399	0.0654	0.1071	-1.3840	-0.6176	-0.1206	0.8803	-0.5084	-1.4056	-0.0448	0.5687	-1.9923	-1.5223	0.5132	-1.1254	0.7633	0.3319	0.2485	-1.0103	0.6488	0.2242	-0.4752	-1.1828	-1.5883	-1.3240
1.2292	-0.8046	0.4276	-0.2979	-1.1704	1.1041	-0.2686	-1.1846	-0.9348	0.0336	-1.8226	-0.1916	-0.8504	-0.5374	-0.3500	-0.6396	-0.6036	0.0841	0.0445	-0.4887	-0.5264	-1.4116	-0.6518	-0.9137	-0.9262	-0.4812	-0.7075	-0.0957	-1.1745	0.1006	1.0518	-0.7009	-1.3969	-0.1862	-0.3562	-1.8651	-1.7874	0.9912	-0.4393	1.6459	-0.1149	-0.6479	1.3607	-0.5584	-1.5397	-1.6588	-1.0524	-1.9560	-0.1707
-0.5420	-1.1298	-0.4107	1.1529	-1.1776	1.1982	0.1044	-2.6566	0.4268	-1.1028	-1.4466	-0.3828	0.5777	0.1006	-0.5113	1.7797	-0.9606	0.6427	-0.0391	-0.8975	-0.1689	0.6378	-1.0505	-0.5941	-0.6837	-0.7726	-0.0177	0.3009	-0.2436	-0.7216	-0.9904	-0.1162	0.3230	-2.6021	-1.2898	-1.1748	-0.0116	0.2922	-0.1424	-0.6795	-0.1136	-0.3388	-0.1242	0.2170	-0.2311	-2.7115	-1.2029	-0.1779	0.7623
-1.8388	-0.8506	-1.3964	0.8775	0.4954	0.4477	1.1599	-1.6796	0.4380	-1.2697	-2.0076	0.2499	-0.2385	-0.1264	1.0850	2.1188	-1.4965	0.6553	0.4783	-0.0805	-0.9220	1.9532	-0.8665	-0.4431	-1.8859	0.2227	0.8974	1.2656	0.2055	-1.2560	-1.5488	-0.5069	0.2124	-0.7106	-1.1118	-0.5291	-1.1870	-0.2609	0.0883	-1.1210	-1.3346	-0.6380	-1.6799	1.7868	-0.4349	-1.7109	-0.9720	0.3001	-0.0423
-1.9514	-1.1201	-1.0751	1.6111	0.7650	-0.4363	0.8215	-1.5053	1.4989	-0.6585	-0.3006	0.3013	-0.5096	-0.0100	1.2087	1.4088	-1.9805	0.1565	1.1371	1.1485	-1.6901	-0.0611	0.5308	-0.6167	-2.0323	1.3444	0.7239	1.7587	1.1112	-1.3135	0.3139	-0.2393	2.1984	0.5801	-0.6411	-1.0980	-0.6145	-0.3192	-0.5470	-0.3290	-1.4302	-1.2455	-1.1192	-0.5800	-0.4600	-0.4410	-1.0454	1.2166	0.3635
-1.8289	-0.7890	-0.6127	-1.4433	1.1134	-1.6033	-0.0925	-1.3843	2.0722	-0.4777	-1.4361	0.7283	-1.1273	0.0289	0.7308	-1.3332	-2.3493	0.8738	1.4490	0.6715	-0.6366	1.1211	-0.2250	-1.4469	-1.7987	0.6514	1.9567	-0.7461	2.0436	-2.2985	0.8782	0.2133	1.9644	-0.3290	-0.6864	-1.7258	-0.3049	-0.5775	-0.2521	-0.5230	-0.8353	-0.6171	-0.8444	-1.0356	0.5404	-0.4622	0.6414	1.1194	0.7271
1.6262	-0.5990	0.5586	-1.3381	0.3651	-0.4240	-1.2492	-2.0848	-0.1057	-1.6707	-1.0466	-0.1017	-0.8168	0.2454	1.0333	-2.6330	-0.5366	0.6230	0.6042	0.0798	0.1769	1.3007	-0.5259	-1.0152	-1.1320	0.3099	0.0161	-0.7228	-0.7733	0.0348	-0.1821	-1.0043	-0.2086	-0.2700	-0.1149	-0.3092	-1.9609	-1.2601	-1.1980	0.2215	-0.8837	-1.3750	0.6400	1.0073	-1.0128	-0.1347	0.6422	-1.2634	0.8722
2.2966	-0.0253	0.7881	0.2630	-1.3449	1.4035	-0.8304	-2.0356	-0.8260	-0.5406	-0.2916	-0.1034	0.0801	-0.4990	0.5452	-1.8409	-1.0126	0.2933	-0.2034	-0.2174	0.5272	-0.0897	-1.5022	-1.4657	-0.2320	-0.9335	-1.8142	0.4015	-1.2877	1.6367	-0.5294	-1.3883	-0.7995	-0.3881	-0.4180	0.3897	0.0842	0.0903	-1.1247	1.0521	-0.3846	-0.5847	0.8232	0.7576	-1.3237	-0.2377	-0.5014	-1.4623	0.4741
1.9713	-0.5984	0.8051	2.3666	-2.0322	3.6381	-1.3534	-1.2591	-0.4908	-0.2678	-1.4193	0.3288	0.8975	-2.3483	-2.0117	-0.1450	-0.0236	1.2731	1.1070	-0.7822	1.3553	2.0858	-3.1256	-2.1988	0.7393	-2.6815	-0.7778	0.9201	-2.5091	2.3431	-1.3747	-2.9685	-1.6290	-1.1842	0.0218	1.5516	-0.0803	0.4412	-1.0408	1.4904	-0.7197	-1.3414	0.0626	1.0499	-0.3278	-2.6966	-1.4456	-2.5753	-1.0962
2.9460	-1.3028	1.4203	1.1471	-0.7931	0.1104	-1.9658	-1.5862	-1.0795	-1.2216	0.7983	0.1562	0.2521	-0.8123	-0.8915	-1.1179	-0.0698	-1.0450	0.0387	-1.1055	0.9821	0.9248	-0.9543	-1.4930	0.2552	-0.0469	-0.6987	-0.1992	-0.5924	1.4586	-0.9603	-1.9476	-1.3932	-0.2456	0.0818	1.2718	-1.2157	-0.1402	0.1620	0.9033	-0.1483	-2.1004	0.0322	1.3763	-0.7527	-1.2840	-0.5873	-0.8872	-1.4092
2.4806	-0.1171	1.1530	1.6440	-1.6834	0.6960	-1.7074	-1.9108	-1.0521	-1.1434	0.5477	0.0666	0.7408	-0.5293	-1.0840	-1.2439	-1.0768	-1.9922	-1.1150	-2.0713	2.2747	-1.1860	-1.1833	-2.0324	-0.5164	-0.1016	-1.7562	0.1016	0.6486	0.7976	-0.4058	-1.2090	-1.4553	0.2318	0.0466	0.6262	-0.4283	0.7576	0.7770	0.9294	-0.2137	-1.6573	0.8812	0.9531	-1.0148	0.5062	-0.2676	-0.7908	-0.1682
-0.7209	0.3235	1.2781	0.1787	-0.4205	-0.5500	0.0811	-2.0701	-0.9912	-0.1499	-0.1406	0.3954	0.2058	0.4433	-1.3324	-1.1247	-0.4124	-1.2384	-1.4752	-1.0134	0.9476	0.8947	-1.2299	-0.9954	-0.6517	0.1050	0.5351	-0.8757	1.1317	-1.1496	-0.0514	-1.4282	-1.2596	0.0343	-0.7438	0.4473	0.1215	1.9746	1.3782	-0.4681	0.4710	-1.9478	0.3542	0.7354	1.1486	1.6084	0.8923	0.9450	0.9783
-0.1390	0.3134	1.4639	-0.0200	0.2977	-0.0861	-0.8478	-1.8432	-0.6428	-1.0854	0.0865	0.2970	0.5565	0.4556	-0.4634	-1.1583	0.5300	-0.1023	-0.6127	0.3801	-1.1353	0.4954	-0.7905	-0.8884	0.2062	0.2386	1.4101	-1.0983	0.5358	-1.6202	-0.6904	-0.0580	-0.4611	0.2332	-1.1067	0.0948	-0.3165	0.6816	1.1020	-1.5320	1.2991	-0.7078	-0.0870	0.3684	1.4598	0.6103	1.0951	1.6372	0.9031
-1.4838	1.3909	0.5458	-0.0414	0.1170	1.0489	-0.0615	-1.1756	-0.5637	-0.5271	-0.2701	0.9900	0.2160	0.0364	-0.6768	-1.5380	0.9153	-0.6354	-1.2048	0.9368	-1.2607	0.4020	-0.4637	-0.9631	0.1987	0.2761	1.8351	-0.1604	0.4497	-1.3417	-0.0896	0.3771	0.4079	-0.0819	-1.5749	0.1215	0.0723	0.8970	0.6386	-1.5594	0.8168	0.8042	-0.2786	-0.1732	1.0750	1.0147	0.1590	0.3816	0.0911
-1.5759	0.9700	-0.0806	-0.4909	0.5328	1.8077	0.5350	-1.4790	-1.2026	-0.2819	-0.4401	0.6346	0.3234	-0.2301	-0.3815	-0.8704	0.8227	-0.9095	-1.1234	1.6672	-2.0237	1.5768	-0.6999	-0.5029	0.7872	0.4450	1.0007	0.3029	-1.0909	-0.5365	0.4054	-0.2874	1.2000	-0.3066	-1.4414	1.0760	0.3633	0.5902	-0.7712	-1.0457	-0.6521	-0.2642	0.3954	-1.2853	0.0683	0.1494	-0.4135	-0.2900	-0.5679
0.4752	1.3700	-0.9679	0.0328	1.5770	1.6137	-0.5121	-2.0532	-0.8654	-0.9376	0.1707	0.7708	0.2820	0.3989	0.2706	-0.7570	0.0952	-0.1889	-0.3063	1.7315	-1.4408	1.0535	-0.0494	-1.4676	0.8490	1.9647	-0.8436	-0.2413	-0.6639	-0.6011	0.5961	0.7586	1.0654	1.0468	-0.7510	0.2697	0.6813	-0.3705	-0.7683	-0.6877	1.1797	-0.2339	1.1988	0.0219	-0.5205	1.8951	0.6377	0.0298	0.7201
1.0953	2.4168	-0.8134	-1.2554	1.6688	0.6092	1.1525	-0.4798	-1.6006	-0.9648	0.2931	1.3904	-0.8978	0.4859	0.6279	-1.3557	0.0380	-1.1161	-0.5356	3.1598	-2.3088	0.1175	0.8583	-0.7102	0.6099	1.8215	-2.0371	-0.4022	-1.1760	1.2900	1.7595	1.0788	0.0807	2.8317	-0.6417	-0.0078	-0.3006	-1.0863	-1.0322	1.0208	0.4184	0.2840	1.0048	0.2281	-1.8971	2.3054	1.0162	-1.2643	2.2634
1.8153	2.9670	-1.1162	0.0546	2.0212	-0.9533	3.4511	2.5346	0.1302	0.8535	1.0951	0.3669	-1.7729	1.5142	0.0005	0.0509	1.3576	0.3462	1.0475	3.3178	-1.1250	0.6439	1.1939	2.6632	1.6697	-0.7333	0.8773	-0.5173	-0.2420	1.9631	0.4889	1.3738	-1.4796	1.4469	1.6658	0.8506	-0.2976	-1.9777	1.5910	2.0660	-0.6740	1.7747	1.7741	-1.3767	1.3804	1.8162	0.7926	-1.7532	1.8855
-0.3212	-0.4689	0.7294	0.8387	0.8651	-0.8163	-0.3990	1.2085	-1.9831	1.2534	1.6502	0.3027	0.4771	0.7279	1.7374	0.9868	2.4766	-0.1693	-1.3885	0.1444	-0.4471	1.5395	3.0281	2.8319	1.5078	0.5632	-0.8881	0.2655	-0.9865	0.9506	0.4254	1.2781	-0.4428	1.2568	0.6748	1.5294	1.5075	-2.3833	1.0027	-0.1368	-1.2033	1.8590	0.2082	-1.3574	1.1488	0.6065	0.5944	0.1836	-1.5939
-1.9870	1.1742	1.7270	0.5463	0.3474	2.2893	-0.4777	-0.0114	-3.5174	1.8916	1.2673	-1.6902	1.8830	-0.1652	1.3562	0.2574	2.4341	-2.7738	-4.8774	-1.7886	-0.4697	0.5034	1.5140	2.0047	-0.2408	0.0950	1.2930	1.7670	-0.4851	1.6006	0.7856	0.4981	-0.5698	0.3064	-0.9447	1.5015	0.1440	-0.6735	-0.2673	-0.0253	0.5277	1.0960	0.9976	-2.2838	0.3256	0.6428	0.9271	-0.3532	-1.9309
-2.4036	2.4128	1.8155	0.4422	0.3921	1.2226	-0.4904	0.0058	-4.6143	1.9460	1.1619	-4.2860	1.5418	-1.8899	1.5475	0.8855	2.3933	-3.6411	-4.6082	-2.4208	-0.4341	0.7687	1.0412	1.9926	1.1552	-0.5430	2.4583	0.9648	-1.0198	0.5538	0.0451	-0.1198	0.3655	-0.0415	0.5318	1.6483	1.3301	-1.3453	0.4467	-0.3215	0.9230	3.2307	-0.1586	-2.2142	3.0930	-0.3160	2.4803	-0.2840	-0.2863
-1.6636	2.7308	0.2987	0.4278	1.2588	0.8355	-1.0284	1.3070	-2.1487	1.0231	-0.0526	-1.7680	0.2071	-1.4034	-0.1923	-0.5192	2.4538	-0.0393	-2.3947	-1.2354	0.3562	1.0212	1.2477	0.8169	1.6000	-1.1298	-0.4143	-0.8417	-1.6128	-0.1783	-0.2405	1.2489	1.4506	-0.9241	-0.6852	1.5982	2.1052	-0.4252	0.0531	-1.3334	1.3651	2.9849	-0.9372	-1.3550	1.3416	-0.3674	1.6936	-0.9373	0.0556
-1.4694	2.6001	-0.3706	-1.0040	1.3564	-0.2601	-0.9843	1.4696	-0.8401	-0.4010	0.5147	-1.0399	1.1253	-0.3192	0.2705	-0.0091	1.9908	-0.2029	-1.5301	0.3214	-1.6708	1.3490	1.6768	1.5444	0.8403	0.6154	-0.9960	-1.5819	-1.8290	-0.8666	0.4263	2.1980	1.1279	1.2270	-1.4489	1.7280	0.6581	-0.9475	0.1902	-1.6327	1.2933	1.4652	-1.5072	-1.4372	1.7972	1.0372	1.6795	-0.3071	-0.7284
-2.5838	2.6779	-0.3244	0.1477	-0.0583	1.1925	-0.7916	1.2597	0.1801	0.0631	0.7797	-0.6461	0.8693	0.1356	-0.3794	0.5732	2.1012	0.6609	-0.9658	0.0417	-0.9800	0.2605	2.1239	0.7607	2.1384	0.8184	-0.5715	0.2315	-1.5226	-0.9375	-0.1713	1.6597	1.5159	0.9951	-0.6625	1.3700	1.5855	0.0593	1.0504	-0.9544	1.7415	2.0599	-0.6315	-1.3116	1.8918	2.0704	0.8466	0.7686	-0.8356
-2.7375	0.5834	0.0278	-1.0951	1.0380	1.0365	0.1024	1.2161	0.8884	1.4036	1.2116	-0.0042	-0.3565	0.5773	-0.3065	-0.5869	2.0271	1.6078	0.5043	0.9099	-0.4420	0.6436	1.4133	0.7287	2.2263	1.8540	-0.3865	-0.8557	-0.8221	-1.8275	0.4565	0.6288	1.3295	1.1303	-0.3427	0.0746	1.7382	1.6045	1.5659	0.1256	1.4402	1.6381	0.5016	-0.0161	1.2937	0.3128	1.8702	0.0046	-0.5199
-2.4197	-1.3050	0.3450	-0.7635	1.0212	-0.6375	-0.6340	0.6893	1.3125	0.4291	0.4940	0.5492	0.2904	1.0474	-0.3110	-0.4040	2.5809	1.0135	0.5835	0.6558	-0.6283	0.3819	1.0013	1.4376	1.7975	1.2098	0.9492	-0.9261	0.1206	-0.9248	0.2319	0.7907	0.9697	0.4579	0.4720	0.0966	0.9049	-0.1478	2.1220	-0.4769	0.6181	1.4073	-0.0059	-1.0179	2.1859	-0.5353	0.9207	1.2659	-1.2762
-1.5063	-1.0851	0.2733	-0.7072	0.8384	-0.4853	0.2675	0.5862	1.1814	2.2074	0.4401	1.2038	-0.9752	2.1612	-0.7424	-0.6515	1.3793	1.5132	1.0359	0.4828	-0.1362	-1.0786	0.0295	0.6667	0.6806	1.1993	0.5305	-0.9211	0.0653	-0.9039	0.3316	-0.3579	0.1342	-0.4813	0.7118	-0.0986	-0.4028	1.6209	1.5715	-0.5716	1.9399	-0.4253	1.7028	0.4614	1.6659	0.1795	0.4127	1.0169	-0.1156
0.4351	-1.7732	0.9047	1.1003	0.1974	0.1577	-0.7241	1.0942	-0.1826	1.2721	0.6422	-0.3169	-0.5670	0.8336	-0.4767	-0.1428	1.0523	0.3718	0.8834	-0.9954	0.9256	-1.3246	-0.1993	1.7686	-0.0364	0.4897	0.1803	-0.2191	-0.4685	0.5474	0.5069	-0.7275	-0.3501	-0.7277	0.6887	-1.1780	-0.6417	0.7599	0.5164	-0.0474	1.1691	-0.3058	2.6484	0.7802	0.4458	-0.2475	0.8641	-0.8313	0.2069
0.4262	-0.3521	2.0092	1.0300	-0.5773	-0.7328	-1.4905	0.9766	-0.5825	0.1044	0.1756	-0.3954	0.0760	0.4478	-1.6856	-0.1092	0.8429	0.3702	1.3396	-2.0953	1.8392	-2.4538	0.1779	0.7069	0.8950	0.1375	-0.3967	-0.4097	0.4645	0.6042	0.7992	-0.1415	0.5475	-1.9320	0.3669	-1.6462	1.4801	0.3998	-0.4031	0.0814	1.6366	0.4825	2.0274	-0.4563	-0.2603	-0.1311	1.7349	-1.3618	1.3284
-0.4447	1.0867	1.1858	-2.3452	0.4417	-2.1626	-0.5137	1.4905	-1.2871	0.6916	-1.3492	0.7748	-0.7048	0.4932	-1.3141	-0.8416	-0.3715	0.3155	0.1454	-0.7219	1.1098	-0.2527	-0.4671	-0.2654	0.8928	-0.3375	0.5910	-1.1164	0.5886	-0.7429	0.2685	-0.3288	-1.0835	-1.2038	-0.7035	-2.0559	-0.0234	1.1850	0.7154	-0.2284	2.2622	0.5235	0.8801	-0.7479	0.1036	0.1947	1.1202	-0.3571	1.5831
-0.3552	1.3141	0.7048	-1.0268	-0.6188	-0.5314	-0.5839	1.0307	-0.1797	0.3928	-0.6125	0.1505	-0.9562	-1.0263	-0.5123	-0.6413	-0.2541	0.0081	-0.8211	-0.8391	-0.1778	-0.2894	0.2607	0.2351	-0.3290	-0.8072	-0.5708	-0.5495	-0.9653	-0.8612	-0.4304	-0.8007	-1.8324	-0.6328	-1.7183	-1.2428	-1.1045	1.8947	1.5882	-0.8205	1.8101	-0.8401	0.7158	-0.0432	0.6188	-0.5380	0.6122	0.0276	1.6519
0.3033	1.2078	-0.1724	-0.9316	-1.1739	-0.8552	-0.8923	0.8215	0.0026	-1.0269	0.6562	-0.7863	-0.8223	-1.5381	-0.3595	0.2597	-0.6588	-0.1494	-1.0794	-0.8069	0.8553	-0.6666	0.4934	-0.5938	0.3590	-1.0000	-1.1186	-0.3576	-1.0378	-0.2660	-0.7674	-0.6238	-0.7135	-0.9106	-1.5356	0.3705	1.5633	0.4038	1.2936	-0.0835	1.4313	-0.5156	0.0634	0.7408	0.5797	0.1830	1.0311	0.4410	2.0325
-0.0508	-0.2059	-1.1989	-1.5511	-0.6553	-2.7846	0.5114	1.1480	0.1053	0.7399	-0.3839	0.2471	-0.8982	-1.0951	-0.1560	0.4743	-1.0423	-0.6232	-0.2841	-0.2653	0.7987	0.5446	0.3282	0.4407	0.0819	-1.8178	0.7016	-1.2567	-0.3212	-1.4450	-0.7569	-0.3030	-1.5232	-0.0931	-0.3729	0.7239	0.4116	1.4051	1.4743	-0.0418	0.7630	0.1064	0.5038	-1.1126	-0.2877	0.0470	0.9379	0.6875	-0.5690
0.4497	-1.7339	-0.8595	0.4333	-0.6319	-2.8395	0.5199	1.2700	1.3269	-1.8866	0.2953	0.5365	0.3504	-0.1630	0.9193	0.4260	-0.7576	-1.2347	1.3471	0.4285	0.1921	-0.7419	1.4065	-0.0969	-0.3742	-1.8131	0.9226	-0.9187	0.7768	-1.2179	0.8930	0.0456	-0.9476	1.6346	1.2210	0.1426	-0.9486	-0.2694	0.0352	0.4500	-1.2642	0.3815	0.5198	-1.4190	-0.2722	-0.3330	-0.3903	1.5627	-0.7793
0.2457	-0.2915	-1.3499	0.9731	-1.3808	-0.7359	0.3394	1.7277	0.2628	0.2851	-0.4021	0.4396	0.2569	-1.0475	-2.0956	0.4661	-2.1853	-0.7830	1.4893	0.2543	1.0553	-0.0710	-0.6539	0.7018	-0.0498	-2.1468	0.6460	-0.7101	0.7793	-1.3157	1.0812	-1.4160	-1.6338	1.6087	1.2160	-2.3919	-0.3076	0.5754	-0.9671	0.6757	-1.5091	0.7859	0.4553	-0.6684	-0.6490	0.6839	-0.4270	-0.1242	-0.9995
0.2118	-1.1799	-0.8963	0.6320	-1.0961	-0.0529	-0.2771	1.6060	0.2875	0.2796	-0.8089	-0.2018	-0.8903	-0.8720	-1.9346	0.2137	-1.6535	-0.7503	0.8053	-0.2429	-0.1102	-0.3528	0.8079	0.2553	-0.7202	-1.7516	0.0801	-1.6762	-0.4420	-1.7710	0.9911	-0.6824	-1.9423	-0.1299	1.4118	-1.9964	-0.5105	-0.3271	-1.4540	0.3120	-1.6824	-0.0491	0.1931	-0.5220	-1.5347	-0.9446	-0.2370	-1.2290	-1.3083
0.4239	-0.7596	-0.5390	-0.3802	-0.0703	-0.7792	-0.8341	2.1863	0.3614	-1.9844	-0.9942	-0.3090	-0.1283	-0.7111	-1.1641	1.0141	-1.2696	-0.2650	0.8403	-0.3603	0.1072	-1.1258	0.6510	-1.0145	-0.0090	-0.7594	0.0941	-0.5550	-0.8091	-0.6407	0.9801	0.1099	-1.7008	0.3007	1.6413	-0.9510	-1.8493	-1.6435	-1.7760	1.7037	-0.5482	-0.2944	0.0466	-0.0999	-1.7500	-0.7264	-0.4361	-0.7362	-1.0682
0.2452	-0.4347	-0.6744	0.3260	-0.9752	-0.1268	1.2717	2.0411	1.3203	0.1975	-1.1342	-0.1719	-0.7555	-1.2731	-1.1698	1.1004	-2.4903	-0.9946	0.3704	-0.6866	-0.3479	-1.2506	-0.0799	-0.8125	-1.8731	-1.0751	-0.5343	-0.5831	0.4902	-1.2867	0.5992	-0.9555	-2.2088	1.2148	1.3463	-0.7960	-2.2510	1.1919	-0.7143	1.4952	-0.8612	-1.5905	1.1254	0.1849	-2.1285	-0.1181	0.1690	-0.8433	-0.7104
0.8468	-0.0214	-0.5988	1.8696	-0.2963	1.0349	0.7597	1.5318	1.0558	-0.9165	-0.2318	-1.2073	0.0566	-1.1286	-0.3172	1.8687	-1.8151	-0.8776	1.2925	-0.7297	-0.3942	-1.6174	-0.3898	-1.1131	-2.0187	0.0420	-1.0838	0.1697	0.7774	-0.3379	0.9114	-1.4254	-1.4783	1.3481	1.3585	0.4938	-1.0051	0.3490	-0.7929	1.7330	-1.6254	-2.7065	1.4540	0.7954	-1.5889	0.1071	1.4045	-0.3779	0.0776
0.9019	-0.1257	-1.0364	0.4726	0.9043	-0.4787	0.8367	1.3670	0.8562	-0.2564	-0.9884	-0.0343	-0.5794	-1.3276	0.6607	0.8924	-1.2642	-0.6574	0.5566	-0.9287	1.2404	-0.5551	-0.4809	-0.9435	-1.0643	-0.3213	-0.1417	-0.2069	1.3150	-0.2453	-0.3912	-0.9067	-0.8237	0.2927	2.0786	0.2328	-1.0166	0.0641	-0.2907	1.8103	-1.0849	-0.8250	0.6494	0.9668	-1.6989	-0.0450	0.5476	-0.3970	-1.5495
0.5543	-0.9104	0.4215	0.5209	0.5498	-1.4202	0.6084	1.9304	1.7627	-1.5353	-1.2911	-0.0508	-0.6426	-0.0106	1.7190	0.2016	-1.0112	-0.7137	0.5666	-1.1715	0.1777	-1.0411	1.1533	-0.8671	-0.7124	-0.6557	0.2263	0.4121	0.9005	-0.7395	-0.7249	-1.1827	-0.7486	0.8022	2.1368	0.3204	-1.4747	-0.2932	-0.3036	0.3489	-2.0526	-0.6421	-0.2077	0.6693	-0.8591	0.1962	0.2474	0.5424	-0.4503
0.1839	0.6058	-0.1942	0.3891	1.1928	0.1809	0.1174	1.4027	0.1939	-0.9505	-0.0984	-0.5264	-0.9824	-0.2481	0.9876	-0.2501	-0.6532	-0.2179	1.0769	-0.8332	1.4316	0.2219	-0.6817	-1.2020	0.1682	0.0283	0.2045	1.1594	0.3724	0.1675	-0.6179	-2.2298	-0.4344	-0.2722	1.7972	0.3031	-0.3589	0.9603	-0.5533	1.8782	-0.8383	-1.7183	0.3174	0.9037	-1.5619	0.2606	0.2481	0.1339	0.0391
0.8422	-0.5066	0.4945	0.7347	0.8251	0.4728	-0.0580	1.1508	0.4618	-0.8396	-1.9054	1.0960	-0.1462	1.9602	1.6133	1.0547	-0.0967	-0.6305	0.8150	-0.9572	1.5738	-0.0152	0.1782	0.0581	-0.1788	-0.5423	1.1031	-0.0849	1.1258	-0.4444	-0.2548	-1.2984	-0.1986	-0.3439	2.4171	0.9053	0.0962	-0.2503	0.5885	0.6858	-0.5833	-0.4379	-0.2092	1.0125	-0.1577	-0.3965	1.1760	1.0136	0.4925
1.1618	-0.2024	-0.1314	-1.3967	1.8385	-0.4837	3.0106	1.8461	-1.3739	0.5878	0.5027	3.9784	1.5615	2.3126	1.1690	-3.8475	0.4205	0.0874	2.9728	2.2376	0.4694	0.4971	1.0923	-2.5105	-1.7417	2.4703	0.4606	-1.9417	1.7548	-0.9384	1.3659	-2.3502	1.2027	2.5669	-0.7059	-0.3817	-0.7054	0.7782	-0.7116	-2.9142	1.8445	-0.7425	1.9322	1.5300	-0.3144	-0.2919	2.8409	1.4353	3.7887
0.1594	-4.1086	-0.2694	-0.0014	3.1373	-2.6070	4.8525	-0.4571	3.1776	-0.4517	1.3816	0.9950	3.5694	2.0731	1.8666	-3.5487	2.1641	0.8642	2.4537	3.4178	0.0782	0.0300	3.1487	0.7040	-0.5832	2.4152	-0.4495	0.6981	1.1590	1.2482	2.3482	3.1891	4.2816	-2.2503	0.0506	-1.3761	-0.5670	-1.3336	-2.8349	-0.3672	-3.8081	-1.6442	-5.4029	1.0443	0.1346	-4.0329	-4.5192	2.3223	-0.9687
-0.3428	-0.9855	-0.1079	2.3986	-0.2323	-0.6006	3.0928	0.3805	2.4439	1.3232	-1.8689	0.4473	1.5400	1.3756	-0.2038	0.1165	1.8931	2.0311	1.0857	0.9552	0.0446	-1.6031	0.6338	1.7548	0.3773	-0.0780	0.1251	3.5362	1.5827	4.3691	-0.9609	1.4426	1.3520	-2.7377	1.5009	-0.3028	-0.3954	-0.1515	-0.7915	1.1064	-2.6576	-0.4990	-3.2851	0.0001	0.1332	-3.3386	-2.1997	1.8985	-1.0121
2.5538	-0.2250	-0.3848	0.1220	0.6127	-0.7287	0.1259	-1.2216	1.9775	-0.4572	0.0607	2.0845	-1.6650	1.7948	2.2341	0.4580	-0.9384	2.9448	0.5765	1.3865	-1.4922	-0.9892	0.2476	-1.4904	2.1295	1.6388	-1.0423	1.7911	1.4968	3.4813	-3.3282	1.4621	0.9277	-0.3606	0.6470	0.0837	0.8799	-0.4212	0.7643	0.6997	0.6900	-0.9117	-1.3320	1.0966	-0.0707	2.6086	-3.0832	1.9855	-0.1626
0.4302	0.0824	0.5828	0.7202	-0.5052	0.8194	-0.7121	-1.6066	0.7215	-0.2514	-0.4144	0.4824	-0.1315	0.7914	1.7873	0.7091	-0.4603	2.1416	-0.2146	-0.1787	-1.6253	-0.6206	-1.6470	-0.3289	0.3192	1.3740	-0.8338	2.5548	0.2980	2.4718	-1.7563	1.7121	1.9304	-1.2702	-0.8243	0.3997	1.1749	-0.9303	0.2819	-1.4487	-0.1358	0.6050	-0.9501	1.0310	0.1674	1.1633	-1.6947	1.0514	0.0994
-0.1292	0.1327	0.5456	0.1532	0.0370	2.0802	-0.6080	-2.2392	0.8811	-0.5705	-0.9231	0.7165	0.0731	1.0358	0.5233	0.6456	0.4454	2.6516	1.0866	0.1206	-0.0496	0.3018	-3.4042	-1.2529	0.4864	0.7911	0.0430	1.3769	1.1716	1.2797	-1.3544	1.3257	2.0482	-2.1582	-1.0338	0.6111	0.9462	-0.0259	0.1359	-0.9667	-0.0222	0.3670	-0.8267	0.4617	-0.0597	-1.1776	-1.7459	0.6079	-0.1074
1.6580	-0.8091	0.7112	-1.4486	-1.0764	0.5634	-0.9925	-1.8296	0.0381	-0.0526	-0.7110	1.0412	-1.6536	0.5327	-0.4001	0.3654	-0.1894	0.3120	0.5227	-0.4457	0.5104	0.8579	-3.3230	-0.8976	0.0405	0.9169	-0.2820	-0.9681	1.7106	0.4157	-1.5105	0.2535	0.9594	-1.1403	0.2295	0.3735	-0.1263	1.5521	0.9265	-1.0164	0.1887	-0.1696	0.1025	0.6771	-0.2361	-0.7091	-1.3092	-0.7043	-1.0264
2.8674	-0.4003	0.6308	-1.4604	-2.3778	-1.3473	-0.0414	-1.7689	0.2955	-0.0280	1.9080	-0.4184	-1.4911	0.7385	-0.1503	0.5184	-0.7403	-1.1596	0.7756	0.4134	1.2430	0.1807	-1.5051	-1.0226	-0.1644	0.9287	-0.4319	-0.7788	1.6656	1.2748	-0.4245	-0.2243	2.3178	-0.0025	0.8459	-0.1576	2.5696	0.1028	0.0328	0.4996	0.6293	0.7018	1.1983	1.7473	0.0206	1.3812	-0.2807	-0.0609	0.2736
0.9035	-0.6431	1.5348	0.0970	-1.8684	-0.3730	-0.2592	-1.3308	0.8233	0.3037	1.3789	0.1178	0.1907	0.5967	-0.8835	0.2888	0.4150	0.3968	0.2685	0.7776	0.9504	-1.2456	-0.8784	-0.2026	0.9624	0.3702	1.1622	0.9773	0.7103	1.7347	-0.3469	0.3345	1.8384	0.0430	0.3353	-0.1862	2.2448	-1.6262	-0.7791	0.1004	0.4378	0.6512	-0.3411	0.8029	0.6227	0.8182	-1.1246	0.6105	0.4985
0.0384	0.3901	1.1637	-0.8089	-0.7555	-0.4271	1.1733	-1.7144	0.6255	0.9241	0.9274	0.9742	-0.7369	0.7334	0.8606	-0.0460	-0.3388	-0.1371	0.2240	1.4212	-0.0725	-0.2933	-0.8643	0.0651	-0.6436	1.2746	0.8170	0.4641	0.2075	0.1635	0.9140	0.4062	0.8422	0.2250	-0.9929	-1.1162	0.5084	0.1507	-0.4880	-0.2169	0.4232	0.3701	-0.6833	0.1090	0.4768	1.2596	-0.7940	0.6371	0.5329
0.4032	-1.5572	0.7975	-0.0484	-1.2355	-1.3858	0.4854	-1.6192	1.8154	-0.5070	2.1470	0.3263	0.1772	0.7341	-0.6467	1.1972	0.0141	-0.8891	0.4989	0.2652	-0.1834	0.1592	-0.7924	1.3014	-0.9868	0.6247	-0.3782	-1.7512	0.9060	-0.5926	0.7359	2.2980	2.3030	-0.2453	-0.6187	-1.1661	0.9472	-2.5527	-0.9298	-0.2902	-0.7660	0.4425	-1.3915	-1.1950	0.9936	-0.5801	-1.8707	0.3988	-0.4054
-0.2205	-0.3477	-0.6260	-0.2977	-1.1658	-0.8256	-0.3141	0.4714	0.8507	-0.2505	0.5068	-0.2638	0.0395	1.1619	-1.8456	1.1395	-0.8087	-1.0395	-0.1788	0.0899	0.6397	-1.0381	-0.6900	0.6498	-0.4551	-0.5163	-0.8375	-0.5578	1.7374	0.7463	-0.0897	1.1693	1.1423	-1.1964	0.0755	-0.9369	0.2690	-2.9337	0.2278	0.7871	0.4938	0.2178	-0.7623	-0.7288	0.3148	-0.1416	-2.3209	0.3251	0.1601
-0.8039	0.0787	0.2071	-0.6504	0.1510	1.5958	2.5785	-1.1058	-0.0860	1.8311	-0.2871	-1.9367	0.5188	1.4768	0.3505	-0.0582	-0.2552	-1.9334	1.0253	-0.8283	-0.0644	-1.2009	-0.3090	0.4116	-2.5485	0.0656	1.4017	1.3254	0.5141	-0.8716	1.8767	-0.0392	-1.3185	0.2036	-0.1314	1.0477	-2.3354	1.5092	-0.2534	-0.2689	-0.3791	-0.9095	-0.4605	0.5743	-0.9112	-0.8542	0.1505	-0.8180	1.2720
-0.3423	-0.0456	-0.6842	-0.6800	0.4771	-0.4427	0.3927	-2.2735	0.2767	0.7636	1.7927	-1.0438	0.3645	0.5192	2.2329	-0.5811	0.4439	-0.5721	-0.2231	-1.1238	0.2168	-1.6186	0.0278	-0.0873	-1.4999	1.5126	-0.2708	1.5147	0.2580	-0.7256	0.6677	-0.1731	0.5958	-0.1431	0.4689	0.5232	-0.1847	0.4402	0.7844	1.7102	0.1543	-0.8714	-0.0284	1.3142	-1.0009	-0.4059	0.4451	0.3067	0.3042
0.7068	-0.2933	-0.2162	1.7216	-0.0904	2.0256	-0.4875	-1.1276	-0.6543	0.7169	-0.0465	-0.4040	1.6669	-0.0017	0.1109	0.8508	-0.1870	0.8009	0.1872	-1.3214	0.4061	0.6554	-1.3445	0.0192	0.1876	-0.7725	1.5189	2.1949	0.0402	0.7003	-1.1684	-1.8255	-0.5960	-1.6804	0.6962	0.3449	-1.1997	0.2039	0.4360	1.8503	0.5392	-1.7346	-0.0527	2.6960	-0.5346	-1.5737	-1.2517	-1.1197	-1.1385
0.7226	0.1080	0.7275	0.6204	-0.3414	1.1052	-0.6417	-0.3771	-0.9626	-1.0284	0.5241	-0.6787	0.7971	-0.4138	0.0974	-0.4520	-0.6592	-0.6658	-0.6601	-1.5368	0.1046	-0.5380	-0.4901	-0.7091	-0.0543	-0.0174	0.7658	1.1371	0.1627	0.5090	-1.1731	-0.6844	-0.3819	-0.4167	0.3074	-0.3674	-1.3349	0.1776	1.3846	0.7207	-0.2110	-0.7913	0.4876	1.6538	-0.4337	-0.6015	-0.5173	-0.6446	0.2165
-0.6188	0.4784	0.5071	-0.8901	-0.4881	0.3798	-1.0643	-0.4292	-0.5461	-0.3988	-0.3936	-1.0271	-0.8859	-2.5784	-1.1324	-0.4932	-0.3717	0.4725	-0.6722	-1.2808	1.4226	0.8040	-0.8577	-0.3419	0.9606	-1.2915	0.9645	0.8254	-0.6026	0.0948	-1.8268	-1.1150	-0.6009	-0.9040	-0.0189	0.3717	0.1012	1.2250	0.5813	-0.1175	-0.7777	0.2221	0.1448	0.1187	0.1485	0.0719	0.9913	-1.3603	1.1669
-0.5408	-0.2834	-0.0619	-0.0819	0.0340	0.7573	-0.6062	-0.8552	-0.4391	1.1567	-0.3395	-1.2486	1.0926	-2.9282	0.0096	0.1771	-1.2392	0.8391	-0.0586	-0.3357	1.4399	1.7519	0.1592	1.7827	0.9293	-1.4489	0.6291	0.4752	-1.4350	-0.1617	-1.1937	0.4798	-1.1608	-0.7982	-0.4158	1.1692	-0.5750	1.0880	0.3455	-1.5822	0.1155	1.1436	-0.5847	-1.1965	1.3357	-0.5657	0.7034	-0.7846	-0.0372
-0.6694	0.0673	-0.3967	-0.4865	0.1442	0.2288	-1.2183	-0.7345	-0.3936	-0.9522	0.8066	-0.6603	1.9317	-1.9513	0.5895	-0.1178	-1.0527	0.0999	-1.3043	0.0144	1.3106	-0.0257	0.8509	1.0473	0.2192	0.8506	-0.5675	0.9424	-0.9088	0.6144	0.0066	0.8339	0.1917	0.3220	-0.7232	0.3713	0.3304	-0.4363	0.8304	-0.1506	0.1527	1.6010	0.2654	-1.0615	0.8353	1.6364	0.3813	0.7782	0.7902
0.3523	-0.1997	-0.3881	0.0749	0.2779	-0.0299	-0.4947	-0.2892	0.0566	1.7501	-0.0621	-0.7235	1.7026	-1.3586	0.0383	-0.1795	-0.5195	0.1027	-0.2672	0.2024	0.3849	1.7785	0.7751	1.9547	-0.9958	-1.4153	0.4361	0.5198	-0.3684	0.5608	0.2305	0.6176	-0.5718	-0.0482	-2.0137	0.0305	-0.4396	0.5452	-0.2704	0.2469	-0.6202	0.5679	0.3405	-0.9384	-0.1683	-0.7060	0.1793	-0.2811	-0.0109
0.9271	0.3530	0.1629	1.3405	1.3732	0.2895	-0.9497	-0.6654	0.6149	-0.1094	0.5678	-0.5907	1.5089	0.0475	0.7354	0.2557	-0.4585	0.0017	0.3790	0.1355	-0.2301	0.9260	1.0138	0.7166	-0.5816	-0.8418	1.1343	1.7998	0.4458	-0.0428	0.4193	1.3296	-0.6457	1.7032	-1.7067	0.0895	-0.2053	-1.2914	-0.7446	0.1187	-0.0092	1.1458	-0.0191	0.2629	-0.4295	-0.0783	0.0267	0.4450	0.4504
-0.0309	2.1139	0.2186	-0.0730	0.8714	0.1139	0.6552	-0.5094	0.6094	1.1070	0.3467	0.7144	-0.3619	0.7913	-1.0321	-0.0794	-0.0733	0.1873	-0.2029	-0.0277	-0.4053	0.2122	0.7393	0.1279	-0.8148	-0.6444	0.7477	0.8762	1.2620	-1.2084	1.1426	0.4179	-1.3059	1.1821	-0.7421	0.2991	-0.1495	0.5414	-0.0113	-0.4207	-0.0370	0.8434	0.5158	0.2897	-1.4099	-0.2114	0.3370	-0.3652	0.2960
-0.1113	0.4525	-0.6479	-0.0888	-1.0495	0.4703	0.9691	-0.6749	-0.3048	0.9841	0.3695	-0.2704	0.2425	1.1351	-0.5662	-0.0004	0.5016	0.3903	-0.7429	0.6699	-1.3309	0.7102	1.0283	0.8564	-0.9982	-0.7328	-0.0279	-0.6946	0.1256	-0.8781	1.9424	0.1247	-0.7862	1.2255	-1.3818	0.1276	0.0344	0.4731	-0.8808	-0.6003	-1.0197	-0.1132	-0.1407	-1.6716	-0.2858	-0.4632	0.2102	-0.7715	-0.5803
-0.2145	0.6627	-2.1599	0.3844	-1.0157	1.5849	0.4647	-0.4205	-1.5465	-0.5558	0.0053	-0.0640	-0.3030	0.1099	-0.4843	-0.0450	0.7304	0.7340	-0.7579	1.4531	-0.7144	0.3356	0.1130	-0.7241	0.1205	-0.0220	-1.2339	-0.8104	-1.3372	0.0416	0.6815	0.0506	-0.3208	0.7669	-0.9807	-0.7840	0.3723	-0.2388	-1.0833	-0.0811	0.7979	-0.4356	0.4789	-1.4692	-0.3164	1.0223	0.2832	-1.4220	-0.1898
-0.5622	0.4481	-1.3090	0.0272	-0.4013	0.6566	-0.6219	-0.5162	-1.5535	-0.3775	-0.7233	0.3199	-0.7113	-0.7685	-0.6736	0.4197	0.8748	0.4062	-0.7999	0.4890	-1.4877	0.9286	0.0242	1.0640	0.2668	-0.8688	-1.6645	-1.5407	-2.6151	-0.6681	-0.3144	0.3597	-0.8391	0.1485	-0.9181	-0.7432	-0.8794	-0.2758	-0.4882	-1.3938	0.5935	0.5968	-0.6501	-0.8130	0.4839	0.0796	0.3586	-1.2928	-0.8921
-0.6696	1.8161	-1.3471	-0.2634	-1.2151	0.4144	-1.5094	-0.6590	-0.4975	-1.0657	-0.3253	-0.2123	-0.5199	-0.8147	-0.0482	0.4078	0.8515	0.6215	-1.6422	-0.3223	-1.3348	-0.4645	-0.2174	-0.0698	0.4123	-0.2745	-1.9510	-1.1049	-2.9547	-0.7375	-0.6593	1.2521	-0.4991	0.6304	-1.9349	-0.5658	-0.0708	0.2270	0.1907	-1.5335	1.4449	0.9107	-0.3617	-0.8917	0.6254	1.5368	0.2640	-0.2832	1.3370
-1.3609	1.6615	-1.1069	-0.5019	-0.1172	1.5539	-0.6415	-0.0981	-1.6984	0.7434	-0.6799	0.1099	-0.8914	-0.7408	-0.3550	-0.0158	0.7509	1.1037	-1.4058	0.2570	-1.5130	0.1122	-0.3525	0.1343	0.7594	-0.0734	-1.4619	-1.1929	-3.0129	-0.3474	-0.1639	-0.4629	-0.7930	1.0455	-1.0993	-0.0376	0.6722	1.1055	-0.9578	-0.6249	0.7767	0.0904	0.1888	-1.1330	-0.1541	1.2585	0.0893	-1.2672	0.5912
-1.5454	-0.8559	-0.1497	0.4469	1.0557	0.6173	-1.1425	0.3857	-1.5861	-1.0275	0.0066	0.3696	-0.3546	-0.3451	0.0692	0.5338	0.7682	0.8518	-0.8565	1.0229	-2.5644	0.2086	0.4001	0.6602	1.0977	-0.0169	-1.0691	-1.0385	-2.6670	0.1963	0.5265	0.2239	-0.1455	1.8199	0.2648	0.4200	0.6151	-1.6559	-0.7827	-0.3946	-0.4273	0.4024	-0.0506	-1.5479	0.3804	0.4795	-0.3859	-0.8229	-0.8595
-1.3309	-0.7998	0.1350	0.0769	0.1423	-0.2413	-0.0546	0.0862	-0.5494	-0.2149	-0.5174	0.7525	-0.6099	-0.2578	-0.0812	-0.0554	0.4185	0.9861	-0.4760	0.1573	-2.4859	0.1542	0.8765	0.5182	0.3779	-0.4736	-1.0226	-0.7865	-1.4470	-1.5540	0.8617	0.3449	-0.5599	1.8213	0.0499	-0.3062	-0.6249	-0.1927	-0.7261	-1.0921	-0.8472	0.6644	0.1162	-1.9376	0.1429	0.5096	-0.0677	-0.7497	-1.6008
-1.3386	-0.9255	-0.1560	-0.5390	0.2252	-1.1270	-0.8126	0.1134	-1.1608	-1.4947	-0.2935	0.0403	-0.6694	-0.7153	0.8437	-0.0044	0.1450	0.6906	-1.3746	0.7925	-1.6039	0.6844	1.1189	0.5037	0.6164	0.1736	-1.3572	-1.2125	-1.1759	-0.9193	0.3194	-0.4704	1.1111	0.6190	-1.1834	-0.2091	0.4281	-0.7176	-0.6617	-0.7328	-1.1449	1.7224	-1.2260	-1.2264	1.0878	1.2162	0.6508	-0.1017	-0.7682
-1.0726	0.3445	-0.6418	-0.3025	0.1882	0.6311	-0.2061	0.5931	-1.2220	0.5805	-1.1002	0.7249	-0.7368	-1.8562	0.0559	-0.5064	0.0004	-0.0093	-1.2506	1.8807	-1.1564	0.2203	0.3068	-0.7576	0.4295	0.3306	-1.4045	-1.6675	-1.9118	-0.3114	-0.7807	-1.1450	0.1531	0.6437	-0.9435	-0.3021	0.3204	1.3927	0.1544	-0.2383	1.8062	-0.2079	0.3648	0.1770	0.0346	0.4449	0.8664	-1.1787	0.0215
0.0898	0.8604	0.2084	-0.9367	-0.3655	0.0478	-1.6299	0.3132	-0.1542	-0.5790	-0.1773	0.0371	-0.5725	-0.3568	-0.6988	0.1553	0.7948	-0.0181	-0.1132	1.6205	-0.7106	0.0516	0.3708	-0.7651	0.5109	-0.2180	-2.1416	-1.1998	-1.8194	-0.1350	-0.9895	0.2694	-0.3905	-0.4630	-0.9657	0.1153	0.0472	-0.0512	0.3258	-1.2978	2.0977	-1.0478	-0.1028	0.8018	1.0054	0.2318	-0.0093	-0.0770	1.4088
-0.0915	1.7326	0.1910	-1.7013	0.0819	-0.2133	-1.4394	-0.1961	-0.5636	-0.4468	0.1312	-0.6161	-0.9928	-0.0298	-0.6578	0.3656	-0.3442	-0.4987	-0.9521	0.1442	1.1495	0.3567	-0.3944	-0.1744	0.1408	-0.6251	-1.7331	-0.5832	-0.4399	-0.5876	-1.2553	0.7267	-0.0035	-1.4264	-1.2793	-0.0782	1.2965	-0.1655	1.4194	-1.3729	1.4635	0.3588	-0.2500	0.4294	0.9166	0.7331	0.8074	0.2562	1.5438
0.1457	-0.5781	1.0216	-1.0601	1.0095	-1.1556	-1.0393	0.2078	-0.7943	-0.2722	0.6320	-0.8848	-0.7390	-0.4588	1.1690	0.1056	-0.2518	-1.0318	-1.1809	-0.2157	0.5308	1.3312	0.9555	-0.1382	-0.0479	-0.1262	-0.7551	-0.8262	-0.1067	-1.4033	0.4977	1.1609	-0.5161	-0.7266	-1.2643	0.2849	0.7906	-0.8690	-0.0385	-1.2662	-0.2232	-0.7030	-0.7148	-0.5640	-0.5098	-0.5636	0.4643	-0.2820	0.4136
0.2688	-1.3870	1.2894	0.0668	1.7006	-0.2824	-1.0722	0.7659	-0.4999	-1.3591	-0.1717	-0.7566	0.3281	0.5940	0.8999	0.8793	-0.1359	-0.3802	-0.3774	-0.3834	1.0913	0.5296	0.4460	-0.0403	0.4867	0.1942	-0.3955	1.1106	-0.5511	-0.8572	1.0088	1.2813	0.2505	0.9825	-0.5183	-0.0258	-0.9798	-1.5541	-0.9293	-0.4752	-1.0421	-0.1149	-0.6444	-0.6435	-0.4691	-0.2538	-0.8893	0.6582	-0.5818
0.6671	0.0060	0.4267	0.5715	1.6702	0.3906	0.9252	1.1194	0.1963	1.1790	0.3701	-0.1301	-0.3110	-0.0606	-0.1401	0.2092	-0.8100	-0.7667	0.0176	0.0256	0.8074	1.0355	-0.0163	0.8258	-0.7437	0.1548	0.1115	2.4450	-0.1786	-0.8971	0.4060	-0.1842	-0.2369	2.4537	-0.3548	-0.0625	-1.2858	0.7057	-0.0958	0.5009	-0.9760	0.2215	0.1463	-0.5642	-1.5821	-0.9128	-0.9839	-0.6035	-1.7237
0.9643	-0.5675	0.9732	0.6629	0.7270	-0.1510	-0.0836	0.5428	0.6576	1.1045	0.5785	-0.3026	-0.1112	0.1318	-0.2518	-0.3530	-0.0880	-0.3495	0.7920	-0.7005	0.6862	1.3438	0.1087	0.7881	-0.7471	-0.5053	0.6438	0.7642	0.2385	-0.2963	1.0551	0.1519	-0.5666	1.2842	0.2672	0.8605	-0.2928	-0.8798	-0.4959	0.5003	-1.4620	1.0020	-0.2241	0.2129	-1.4856	-1.2508	-0.9957	-0.3753	-1.0553
0.6706	0.2637	0.2234	-1.1766	1.3548	-0.5409	0.0189	-0.7574	0.2682	0.4634	-0.7401	0.5592	0.0920	1.0195	0.0976	-0.2147	-0.3913	0.4051	0.5682	-0.4280	2.1789	0.3710	-0.2380	0.7470	-0.7439	-0.3233	0.7952	0.1106	0.8332	-0.3151	1.2409	0.1298	-0.5084	1.1609	0.7949	-0.1047	-0.6188	-1.3212	-0.6548	1.8017	-0.6106	1.8712	-0.3954	1.1906	-0.4696	0.4257	-0.3677	0.4675	-1.9015
0.7742	0.3695	-0.2209	0.3460	0.1884	1.2607	-0.6382	-0.1077	-0.4728	1.0689	-0.2546	0.0256	0.2527	0.0879	-0.5143	0.0230	-0.8931	-0.3869	0.4601	0.0173	1.6575	0.1756	-0.9009	0.7864	-1.3861	-0.8414	0.2511	1.0435	-0.3482	1.1773	0.5865	-1.8470	-0.8367	0.5312	0.4863	-0.4015	-0.9297	0.3868	-0.9342	2.5318	0.6822	0.4452	1.8655	0.0040	-1.2331	-0.6845	-0.1023	-0.3739	-2.1065
0.7022	-0.3565	0.1432	0.9029	-0.1195	0.2752	-0.9820	-0.3172	0.8252	0.7467	0.4696	-0.2384	0.2323	0.9333	-0.3759	-0.1323	0.0520	-0.4048	0.8547	-0.2232	1.2145	0.1676	-0.1021	-0.0884	-0.4071	-1.8962	0.5541	0.5003	-0.2393	0.6294	0.1702	-0.4836	-0.6413	-0.0505	0.7998	0.4691	0.3282	-0.5805	-0.7385	0.3656	-0.8347	0.7300	-0.1788	-0.5061	-0.4792	-2.6407	-0.4551	0.5749	-1.2217
2.0129	1.3651	0.3720	0.9257	0.0153	0.6855	0.2737	0.9815	-1.2794	1.7841	-0.8836	-0.3350	0.2245	-0.0554	-0.2579	0.0823	-0.0256	-1.0697	0.7796	-0.2725	1.5736	-1.6467	0.7896	-0.2007	-0.7937	-1.3320	0.0182	0.2015	-0.2007	2.1599	1.2946	-0.5987	-2.2208	0.1308	1.7806	0.3239	-0.7340	0.3235	-0.4868	0.9399	-0.2491	-0.2769	0.2170	0.3954	-0.8359	-1.2506	1.0989	-0.5552	0.8418
0.3756	0.9371	1.2105	0.5512	0.4326	-0.0287	-0.9806	0.8102	-2.1724	0.8178	0.4819	-0.2435	0.1617	-0.5148	-0.1047	-0.6228	0.5904	-0.4663	-0.0381	-0.4663	1.0180	-0.4850	-0.0021	-0.5956	-0.1766	-0.1651	-1.3125	-0.1020	-0.0713	1.4523	0.8752	-0.6899	0.1083	-1.3987	1.2551	-0.0937	0.6198	0.1184	-0.8628	0.7007	0.6087	-1.5423	1.3872	0.0019	-1.5397	-0.5133	0.0656	-1.2651	0.8408
-1.2973	0.3609	1.1248	-0.1565	0.7498	-1.6533	-0.8790	0.0842	-0.3863	0.2987	0.7046	-0.2296	0.0936	0.2186	0.9558	0.4227	-0.0566	-0.2304	-0.6873	-0.0791	-0.2137	0.4385	-0.2976	-0.5436	0.1816	0.7971	-0.3445	-0.3260	0.4656	-0.1050	-0.2672	0.7178	1.0683	-0.6774	-0.0102	-0.4458	0.7691	-1.4585	-0.1813	-1.2540	0.1246	-0.8829	-0.7274	0.2828	0.2093	0.9880	-0.3804	0.5123	-0.1873
-1.3741	0.5820	0.7398	0.2459	0.8560	0.1075	0.7881	0.1181	-0.2736	0.0040	0.0417	-0.1274	-0.0661	-0.1989	0.9207	0.2142	-0.4515	-0.5655	-0.4180	-0.1225	-1.7471	-0.2875	0.3938	-0.2148	-1.1876	0.7903	-0.4598	-0.1806	0.0910	-0.9444	0.0632	0.4396	0.2857	-0.9403	-0.9940	-0.4777	-0.5059	0.4388	-0.1228	-1.4464	0.5299	-1.6882	0.1204	-0.0230	-0.2153	-0.0456	0.8662	0.6599	0.1223
-1.2630	0.3451	0.2431	-0.3403	-0.8594	-0.3336	0.7566	0.1337	0.6603	-1.8842	0.4123	-0.4472	0.1504	0.3370	-0.0231	-0.2441	0.6603	-0.6264	-0.2573	-0.2254	-1.7050	-0.5204	-0.3469	-0.9328	-0.7059	0.9260	1.5750	0.3473	0.8533	-0.4828	0.1107	0.4427	1.2721	-1.3068	-0.6029	0.6226	1.1543	-0.2171	-0.3628	-1.0061	0.1710	-0.5305	-0.3310	0.5484	1.0904	1.3674	1.4109	1.7976	2.4742
-0.9996	0.9700	-1.1211	-0.8164	-0.3486	-0.5309	2.2071	0.1454	1.2704	0.4660	-0.3618	0.9611	0.1096	0.4652	0.3643	-0.8147	0.7328	-0.3366	0.8587	0.9503	-0.6697	-0.0021	-1.0038	-0.6180	0.0942	1.9164	2.4883	0.2556	1.6488	-0.0113	-0.0642	-0.3808	0.8445	-0.7453	-0.1715	0.7998	0.6202	1.4285	0.7564	0.4037	1.6528	-0.6467	0.3749	0.5800	1.0537	1.4601	1.0755	0.9801	0.7118
-0.5892	-1.6776	-1.0731	-0.1524	-1.3137	-0.5138	0.9393	0.3490	2.2465	-2.0756	0.5716	1.3021	0.6092	1.3546	0.0753	-0.2055	0.6028	-0.5731	0.9845	0.2563	-1.1910	-1.2451	0.0171	-0.3676	0.5746	1.6479	2.8228	-0.6279	2.0194	0.1616	-0.1714	-0.2611	1.3453	0.0905	1.0025	0.8118	-0.1208	0.1809	2.0367	0.5204	-0.3879	0.2723	0.4579	0.3531	1.6952	0.9881	0.5130	1.6555	0.7237
0.5859	-1.6853	-1.1324	0.7069	-1.6328	0.2011	0.7303	0.4713	1.3240	-1.3201	0.2841	0.3541	0.5093	0.2000	-0.8225	0.0510	0.0717	0.1836	1.2463	-0.8403	0.0258	-0.5440	-0.5107	-0.2896	0.6392	0.6543	0.7921	-0.6311	1.2990	0.1191	-0.8799	-1.4535	-0.0190	-0.0937	1.8530	0.3792	0.0694	0.4871	1.4349	2.0479	-0.9961	-0.6669	0.7958	0.3538	0.8454	0.6123	0.1519	0.4678	0.2188
0.6791	-1.1117	-0.3046	0.6849	-1.2654	-0.6419	0.2768	0.3366	0.7928	-1.4239	-0.5850	-0.2458	-0.1723	0.0662	-0.4316	-0.5525	0.0816	0.5740	0.2585	-1.4495	1.0465	-0.4655	0.0365	-1.7827	2.1386	-0.1274	0.6658	-1.3285	1.9028	0.2454	-1.8341	-0.9478	0.3319	-1.9219	2.0830	0.1803	0.6892	0.2247	1.5673	0.7229	-0.0343	0.4923	0.3703	0.1113	1.6596	-0.0878	0.0004	0.4606	0.3095
0.3717	-0.4919	-0.1135	0.7879	-0.4774	0.2152	1.4497	0.5320	0.3244	1.2846	-1.3614	0.3803	-0.3441	-0.6744	-1.3101	-0.4487	0.0066	0.6506	-0.0075	-1.0348	0.0437	-0.8058	-0.0709	-0.0385	2.3844	0.2377	0.7715	-0.5689	1.3376	0.3876	-1.8523	-0.8831	0.1302	-1.1158	1.2731	-0.6694	-0.2411	2.5849	2.1325	-0.0760	0.4965	-0.5557	0.7982	0.9734	0.7632	-1.0289	0.0109	-0.5294	-0.2687