IC05	IC08	IC09	IC15	IC16	IC17	IC18	IC19	IC20	IC23	IC24	IC26	IC27	IC29	IC31	IC33	IC36	IC37	IC38	IC41	IC42	IC43	IC44	IC45	IC46	IC47	IC48	IC49	IC50	IC51	IC54	IC56	IC58	IC60	IC62	IC63	IC64	IC65	IC66	IC67	IC68	IC69	IC71	IC72	IC73	IC74	IC75	IC76	IC77
-0.2946	-0.8141	-0.5944	1.4531	-1.6973	-1.1867	-0.4691	1.2866	-0.2649	-0.3256	0.3715	-0.0643	0.1710	0.9171	-0.6321	0.3989	-0.0470	-1.2233	1.2215	-1.4250	1.1114	-0.7114	1.7215	-0.3077	-0.6986	-0.9867	0.2122	-0.5895	0.7546	0.2528	1.3372	-0.6543	0.4148	-0.6474	1.5806	-1.1557	0.6211	-1.2414	-1.3829	0.7992	0.3158	0.1070	-1.3509	-0.5944	-0.2731	-0.7931	1.0570	0.8783	-0.6851
0.6432	-0.6999	-0.3821	0.4871	-0.7921	0.5318	-0.5694	0.8707	0.1140	-0.0611	0.1382	0.8530	0.1048	0.2726	-0.2405	0.7034	-0.0245	-0.9328	0.1918	-0.8887	0.2584	-1.3591	0.7614	0.0620	-0.2262	-0.0360	-0.6850	-0.1036	0.7444	0.8334	0.6953	-0.2675	-0.4999	-0.2585	1.1463	-1.8932	-0.2233	0.3639	-0.9553	1.4597	-1.6552	0.1685	-0.7696	-1.0090	-1.0494	-0.2116	0.5314	-0.2241	-0.3146
0.5231	-0.2179	0.0686	0.1462	-0.0499	0.0419	-0.7464	0.6636	0.2084	-0.8222	-0.2144	0.5718	-0.1738	0.2207	-0.0748	-0.6574	0.7114	0.0414	-0.2826	-1.0310	0.2103	-0.9917	0.9179	-0.0743	0.4747	0.7903	0.0389	0.3124	0.0255	-1.2736	1.3518	-0.6583	-0.7283	-0.1589	1.2029	-0.1636	-0.9779	-0.1129	-0.1406	0.5539	-1.0311	0.7189	-0.0317	-0.2388	-1.2852	-1.5540	0.4527	-0.2981	-0.0490
0.8191	1.2737	-0.6379	0.4489	0.2982	1.8575	0.3373	0.3395	0.1548	-0.5873	0.5406	-0.4109	0.8563	0.8987	-0.1766	-0.3918	0.3587	0.0211	0.1183	0.5213	-0.2049	-0.6471	0.1266	0.0791	1.3450	2.2255	0.4588	1.2306	-0.0636	0.1705	1.8195	-0.6620	-0.3523	1.5239	0.7956	1.3666	-0.4849	-0.1122	-0.1407	0.4799	0.5036	-0.4165	1.2621	0.4329	0.6383	-0.8613	1.0286	0.1640	0.6984
0.9147	1.0797	-0.4833	-0.1731	-0.3313	1.4814	0.6072	0.2638	0.8073	0.7143	0.6439	0.6939	-0.1405	0.5976	-0.2542	0.3650	0.8076	0.4640	0.4919	0.0847	0.3737	-0.1377	0.0744	1.3272	1.0211	-0.1097	0.1509	0.6916	0.2551	1.4002	1.1964	0.1638	0.5358	0.8943	0.3598	0.2986	0.9055	-0.2819	-0.1641	1.1651	0.7540	0.5925	1.2698	0.1129	0.6150	-0.3325	-0.4309	-0.0296	0.1150
1.2105	-0.5924	-0.6889	-0.8552	1.2201	-0.0573	1.1951	0.1860	0.7976	0.0741	0.0403	1.6077	-0.0174	0.0630	-0.4232	-0.1538	0.0388	1.0887	0.9343	0.2651	-0.2715	0.1925	-0.6203	0.9270	-0.3080	-0.0386	-0.0434	-0.8401	0.1324	0.6065	1.9234	-0.2630	0.9837	0.8339	0.6749	-0.9041	0.2664	-1.8971	-1.0755	0.6461	0.2875	-0.3937	0.2376	0.5024	-0.7433	0.1365	1.1986	-0.1710	0.0580
1.4655	-1.2668	-0.3412	0.2086	0.6037	0.3388	0.7260	0.4861	0.4770	0.6437	-0.1769	0.8971	0.3792	-0.9068	-0.4499	0.6660	-0.4120	0.7435	1.5160	0.3001	-0.2392	0.2670	-0.9345	0.2881	-0.7677	-0.0833	-0.2218	-0.4840	0.9486	0.4213	0.4549	-0.4801	0.8376	0.0275	0.3924	-1.0577	-0.1327	-0.9180	-0.5470	-0.1811	0.1527	-0.9155	0.3491	-0.2503	-0.5349	-0.2360	0.9175	-1.0573	-0.2605
1.5315	-0.6421	0.7004	0.2461	-0.1214	-0.0279	1.3526	-0.2300	0.1304	2.5709	0.3951	-0.2277	-0.2644	-0.3751	-0.6358	0.8533	0.5625	0.9544	0.8941	0.1870	0.0266	0.6399	0.2243	0.0733	-1.1457	-1.5633	-1.0348	0.0322	1.3204	-0.1637	0.1636	-0.4605	1.3245	-0.0066	-1.2044	-0.9672	0.8990	2.8103	0.6221	-0.9783	0.2455	-0.6813	0.8540	-0.4921	-0.0771	0.5290	-1.0218	-2.3666	-1.0744
1.3342	0.3036	1.8037	0.1521	-0.3999	-0.2582	1.1749	-0.3131	0.3006	0.3544	-0.8344	-1.6262	0.4107	-0.4128	-0.1390	0.5028	-0.4934	0.1894	0.8165	0.0515	0.7636	0.2704	-0.2471	0.1563	-0.6845	-2.4330	0.6466	0.7621	0.6446	0.5458	-1.0844	0.8899	0.4298	0.2181	-1.2483	0.0954	1.0887	1.7186	0.2882	-0.8336	-0.7330	-1.0404	0.4877	0.3234	1.9240	1.7767	0.3078	-1.1977	-0.2147
1.1637	1.4822	2.2514	-0.6108	1.0297	-0.3775	0.3086	-0.4180	-0.8019	-0.0050	0.7750	-0.7869	-0.1502	-0.4188	1.1441	-0.8679	-0.6846	-1.1362	-0.1180	0.9592	0.5167	0.9187	0.1112	0.4997	-0.4335	1.8248	0.8905	0.5249	0.1533	0.4044	-0.6310	0.4724	0.1820	0.7637	-0.7905	0.9315	0.5722	1.2550	-0.0470	-1.5711	0.1361	-0.7403	0.6446	1.5324	0.2338	2.1140	1.8962	-0.0149	0.6259
-0.1611	2.2815	2.4211	0.1634	0.3750	-0.5495	0.1900	-0.1093	-0.9192	0.7667	2.0133	-1.8252	0.8622	0.6372	1.0363	-1.3519	-0.1974	-0.6107	-0.3829	1.2595	0.6061	0.9433	0.6535	1.2108	0.0836	0.8413	0.5752	0.7103	-0.5312	0.8126	0.0376	0.3234	1.2512	0.3691	-0.0586	1.2052	1.3625	0.7273	-0.0714	-1.3634	1.8871	-0.4752	0.8276	0.4348	0.2759	0.9231	1.1233	1.0719	1.7775
-0.9193	0.3467	1.5661	-0.4393	-1.0024	0.1810	-0.7591	-0.2955	-0.4449	-0.1207	0.1407	-0.8824	0.5076	0.1833	0.3219	0.0332	0.5349	-0.5379	-0.7640	0.0870	-0.2149	0.2326	0.0714	0.4212	-0.4060	-0.8437	-0.0287	0.2466	-0.7037	0.2357	-0.7023	0.2787	0.2169	-1.4411	-0.2263	-0.8014	0.7579	-0.4270	0.3174	-0.9758	0.3986	0.4365	-0.1122	-0.5975	0.3085	0.3667	-0.6926	1.0076	0.3210
-1.8363	-0.9500	0.5632	-0.0068	-0.8030	0.1720	-0.8940	0.0213	0.2367	-0.2344	-0.6721	-0.6169	0.4431	0.2511	0.4384	0.5798	1.1044	0.1127	-0.8372	-0.0962	0.0937	0.1638	-0.2057	-0.8512	0.5249	-0.7506	-0.0639	-0.4069	-0.5729	-0.2904	-0.0209	-0.7823	-0.9687	-1.6988	0.3269	-0.5384	-1.0165	-0.9940	0.4748	-0.6607	-0.5494	2.4478	-0.7975	-0.3661	-1.0478	-0.5717	-0.7502	1.1564	-0.4596
-0.8751	0.1584	-0.5951	0.6397	0.1347	0.9225	0.1880	-1.0669	-0.0955	-0.2233	-0.5135	-0.6907	1.9265	0.5591	0.9220	0.4335	0.6795	0.3913	-0.4735	-0.0082	-0.2011	-0.0568	-0.9335	-0.8901	1.0323	0.9237	0.2485	-0.3371	-0.8352	-0.5199	-0.0176	0.7315	-1.0214	0.0775	0.8537	0.5477	-1.8670	-1.0460	0.1021	0.3378	-0.4303	1.2126	-0.1866	-0.0039	0.7056	0.0006	0.4123	0.7284	0.9477
-0.1000	0.0287	-1.0196	0.3181	0.0924	1.4651	-0.0782	-0.9097	-0.1247	0.1165	-0.5700	0.2222	1.1195	-0.1337	0.4275	1.1889	-0.2085	0.7021	-0.2769	-0.1376	-0.6754	-0.1724	0.0469	0.6720	0.3164	0.7249	-0.1919	0.0767	-0.6745	0.2764	0.0811	1.0629	-0.8793	-0.0083	0.2748	0.2029	-0.4719	-1.3518	-0.1139	-0.2299	-0.5798	0.9759	-0.3374	-0.9303	0.7847	-0.1061	-1.0934	-0.3124	0.0001
0.0382	-0.1758	-1.4534	-0.3315	0.5308	0.3937	-0.3492	-0.7311	0.2373	0.2822	-1.1366	0.5057	0.2191	-0.2988	0.8361	0.3231	-0.9083	0.5055	-0.6860	-0.7077	-0.6279	0.1398	-0.2422	-0.0531	0.7399	0.6674	0.3319	0.0566	-1.4329	-0.3648	-0.3152	1.2324	-0.5125	-0.0850	-0.3440	0.7857	-1.5676	-0.8157	-0.6187	0.4153	0.2443	0.3670	-0.2360	-0.6989	-0.0584	-2.2352	-1.2142	-0.3853	0.1573
0.4430	0.9347	-1.1333	-0.0072	1.2009	0.6580	0.4495	-0.9650	0.4147	0.7658	0.0990	0.3312	-0.4236	-0.2700	1.0625	0.5596	0.3163	-0.1549	-0.4407	0.0097	-0.9137	0.8829	-1.1589	0.3494	-0.4689	2.1023	-0.2398	-0.1485	-0.2905	-0.6772	-0.5496	0.9124	-0.1071	0.8835	-0.6032	0.3170	-1.8435	-0.0053	-0.5011	1.0128	0.7397	-0.5795	0.3358	1.1314	-0.7985	-0.7327	0.5256	0.2534	1.1198
0.6005	1.4463	-0.7209	-0.3633	0.7990	0.4531	0.8591	-1.5113	1.2125	0.2676	0.6144	0.7271	-0.5630	0.4354	1.0822	0.6847	0.7493	0.2435	-0.4162	0.3538	0.2558	0.8641	-0.8369	1.0203	-0.8547	1.3312	-0.6450	-0.0645	0.6398	0.2189	0.1660	0.6122	0.3723	0.8673	-1.1121	-1.1033	0.0464	0.7254	-0.7065	0.8279	-0.0152	-0.3575	0.2160	1.5342	-0.5899	-0.3431	0.7929	0.2068	0.8269
1.0316	-0.0327	-0.6719	0.3841	-0.2902	0.7394	0.9293	-1.0788	0.7599	-1.1102	-0.2224	-1.0751	1.2522	0.3551	-0.1470	0.3724	0.3184	-0.0806	0.7873	-0.4506	0.4461	1.4598	-2.3544	-0.4724	-0.3939	-1.4506	0.0788	0.1657	0.5501	0.4679	-0.6349	-0.1435	0.0706	0.2559	-0.9890	-0.4518	-0.3766	-0.3680	-1.0951	-0.1833	0.0676	-1.4976	-0.5328	1.2086	0.9284	-1.1559	1.5604	0.0108	-0.0545
1.0810	-0.1356	-0.8001	0.1875	-0.0690	-0.1885	0.7249	-1.9696	0.5760	-0.2561	0.3935	-1.0675	0.1757	0.1586	0.0924	0.5353	0.8211	0.0753	0.7233	0.4070	0.9517	0.9028	-1.4946	-0.9013	-1.8371	-0.7033	-1.1317	-0.2914	2.0704	-0.4926	-0.4437	-0.5908	0.8024	0.9256	-0.8702	-0.8549	-0.2992	0.5650	-0.6476	0.1789	-0.6576	-1.7083	0.4312	0.5675	0.8041	-0.1516	-0.1724	-0.6831	0.3203
0.2446	-0.8738	0.3420	-0.2781	-0.3770	-0.5060	-0.6224	-1.6606	1.0860	-0.5205	-0.0466	-0.6911	-0.3497	1.3381	-0.4390	-0.0230	1.1433	1.4580	0.8076	-0.5074	2.2369	2.0261	-1.3426	-0.5563	0.4104	-1.5105	-1.1186	-0.3753	1.2133	-0.9047	-0.8318	-0.5825	0.3586	-0.5008	-0.7713	0.2829	-0.9902	0.4224	0.6698	0.1271	-0.4782	0.0756	-0.6488	-0.0881	-0.2738	-1.2855	0.1707	0.4941	-0.4081
-0.5988	-1.6165	0.2616	0.2069	-0.4271	0.6736	-0.1739	-1.3101	-0.1841	-0.3048	-1.1106	-0.7706	0.1133	0.7187	-1.2896	0.4554	1.2025	0.6414	1.4188	-0.7009	1.6006	2.2615	-0.7339	0.3826	0.4085	-1.5154	-0.1649	0.0938	1.4391	0.5332	-1.2802	-1.4093	-0.5811	-0.9105	0.5063	-0.0433	-0.2199	-0.2947	0.5178	-1.4563	0.0381	1.2726	-0.6032	0.0153	-0.4397	-1.0271	-0.9747	1.1437	-0.1769
0.5125	-0.2796	0.0365	-1.3205	1.3623	-0.5136	0.5275	-0.5862	0.8251	0.3692	-0.6927	0.7180	-0.2229	0.9248	0.2941	-0.6377	-0.2828	1.0052	0.6267	1.9212	0.9802	0.1999	-0.3809	0.0520	0.5814	0.1476	1.0818	1.1962	0.6147	-0.2958	-0.1191	1.0286	0.3528	0.8540	0.8296	0.2746	-1.3092	0.8424	0.1291	0.1941	0.0580	-0.0838	0.8438	0.0649	0.5765	0.6789	-1.6099	0.8161	1.1036
0.9267	1.0073	0.0723	0.5493	2.0367	-0.3292	0.2099	0.8999	0.9793	0.5383	0.7249	1.1275	0.6110	0.8736	0.6186	-0.8911	-0.0074	0.9392	1.2959	4.4966	0.0400	-0.1693	1.1627	1.6407	0.4299	0.5222	0.9278	0.8532	0.2614	0.2271	1.8406	2.1729	0.6627	1.6033	0.8642	1.4951	1.1907	-1.1035	1.4958	1.2861	0.3542	-0.0913	0.4308	-0.3752	-0.0489	2.9984	0.1944	1.6798	1.4009
-0.8100	0.8671	0.5331	1.0443	2.2191	0.0104	-0.5834	-0.0039	-1.0195	0.1835	1.6218	0.6147	0.0208	-0.9425	0.3468	-0.5014	-0.6752	1.8476	1.2440	2.2935	-0.1156	0.5549	1.2089	0.1635	0.8881	0.4199	0.3076	0.4060	-0.2187	0.2432	0.7723	0.3472	0.3970	1.0236	1.1044	0.7822	1.9779	-0.5868	0.0927	-0.2125	1.2253	-0.4513	0.8784	-1.5391	-0.1976	0.4298	-0.7717	-0.5409	0.5527
-1.1826	0.3308	1.0746	-0.6562	2.1389	0.2440	0.4519	0.2478	-0.6859	0.9179	0.3845	0.6224	-0.6540	-1.3444	0.6943	0.0106	-1.1750	1.5499	-0.0196	1.2548	-0.3829	0.8245	0.3605	0.1433	1.0279	0.4825	-0.0879	1.0882	-0.3738	-0.0992	-0.5435	0.8971	0.0338	0.9130	0.1358	0.2820	0.5198	0.4653	-0.6200	-1.0322	1.2665	-0.0071	0.8536	-1.0047	-0.3088	-0.6958	-1.0353	-1.2313	0.1517
-0.9564	1.5585	2.2285	-1.2969	0.4730	-2.5453	1.0540	1.5129	0.6400	0.4499	1.8031	0.7282	-0.5718	-0.3772	1.8918	-1.0129	-0.4869	1.6474	-0.5807	1.1545	1.2084	0.7205	2.0449	-0.2768	1.1461	0.1390	1.5407	2.6555	-0.9160	-0.5615	-1.6211	1.7980	1.4521	1.1554	0.2802	1.7185	0.9396	1.6081	0.5111	-0.6277	2.1941	0.7225	1.2718	0.6446	1.1202	1.2056	-1.0317	0.0224	-0.1259
-1.2368	0.2187	1.1456	0.3400	-0.0946	-1.9597	0.6337	1.0293	0.0602	-0.0125	1.3175	-0.2407	-0.0748	-0.6873	1.9578	-0.8037	-1.1616	-0.1811	-1.2816	0.2769	-0.3030	0.7178	2.4007	0.5360	-0.2716	0.3774	0.3227	1.3140	-1.1538	1.0691	-2.7070	1.7030	1.4063	-0.4660	-0.7932	1.4431	1.1602	0.3023	-0.1277	-0.8494	0.9073	0.4268	-0.4614	1.4186	0.8956	-0.1258	-0.8123	0.7155	-0.2214
-0.9998	-0.9923	0.3587	-0.6156	-0.9141	-0.8358	-0.3259	0.1885	0.3634	-0.5275	0.5931	-0.8481	0.3627	-0.5587	1.2705	-0.3321	-0.8460	0.0219	-1.0914	-0.1564	-0.5736	0.5861	1.2330	0.6576	0.4627	-0.0543	1.3937	1.3760	-1.4192	0.4225	-2.1149	0.3714	0.3781	-0.8540	-1.0923	1.7489	-0.2759	0.0603	-0.3951	0.1699	-0.6954	0.5970	-0.9014	0.3104	0.5430	-1.3564	-1.3043	0.6929	-0.4994
-0.2960	-0.5879	-0.5181	-0.6503	-0.6524	0.1162	-0.8572	0.3636	0.4280	-0.0712	-0.0173	0.0823	0.0106	-0.5729	1.2604	0.0788	-1.4590	-0.0160	-1.0807	-0.0371	-0.5701	0.1080	0.7768	0.6554	0.3249	0.6962	1.0840	0.1364	-1.1731	0.1922	-0.7765	0.8002	-0.7375	-0.8546	-0.5163	0.7725	0.1936	0.7926	0.4870	0.9913	0.3963	0.0782	-1.2909	2.0102	0.2541	0.4919	-0.1306	1.3586	-0.9703
-0.3844	0.7825	-0.7688	-0.4925	-0.1810	-0.2996	-0.7029	-0.1313	0.7410	-0.0305	-1.0202	0.1625	-0.2248	-0.3887	1.3457	-0.4278	-0.1871	0.5466	-1.1657	-0.2391	-0.1175	-0.4487	1.3753	-0.2053	0.6446	0.6882	0.2739	-0.4908	-0.3826	-0.2570	-1.6020	0.8181	0.2757	-0.3320	-0.5611	0.2655	0.3441	3.0935	1.6539	1.2744	0.3814	0.6345	-0.8150	1.9860	1.1386	2.4670	-0.1809	1.2090	-0.6527
-1.4202	1.0087	-0.3143	-1.0650	-1.4953	-0.5891	-0.8528	1.3177	-0.1061	0.3665	1.1833	-0.3225	-0.5318	-0.1302	-0.5970	-0.5481	0.9863	-0.5236	-1.3844	-0.6635	0.2048	-1.4087	0.0314	0.1122	0.6974	-0.0062	1.4794	-0.0324	-1.3469	-0.0741	-0.4703	-0.8317	-0.0918	-0.6881	-0.4032	1.8004	1.4909	2.3503	3.2036	1.0578	1.2631	-0.2097	0.6987	1.1861	1.4864	2.3863	-0.1606	1.4955	-0.0597
-1.9928	-0.2548	-0.9457	-1.1598	-1.4557	-0.8983	-0.2658	1.5671	-1.6119	0.1057	0.3901	0.1502	-1.6208	-1.0471	-1.7120	0.2680	0.3167	-2.1196	-0.9685	-1.6581	-0.8453	-1.1278	-0.1710	-0.1737	-0.0568	-0.9492	0.3777	-1.8902	-1.1807	-0.1454	-1.3078	0.1441	-0.7297	-1.4745	-0.1969	-0.2890	2.0798	0.9505	3.6093	-0.2168	1.5603	-0.2887	0.2906	1.0730	0.6171	1.0554	0.4920	1.1342	-0.6163
-1.2207	-0.3358	-0.4844	-1.0330	0.0704	-1.2549	0.0783	0.5259	-1.6002	-0.0949	-0.7198	-0.3361	-1.2952	-1.9760	-1.7809	0.7420	-1.1339	-2.1227	-0.3130	-0.2234	-1.3013	-1.7232	0.0708	-1.1004	-0.2079	-0.5701	-0.4686	-1.8672	-0.5638	-0.5996	-0.1799	-0.0290	-0.9973	-1.6582	-0.1219	-1.3267	1.0393	0.0085	2.0610	-0.9681	0.2661	-0.5247	1.4620	-1.3112	0.4642	-0.2309	-0.1737	-0.4000	-0.4501
-0.9291	-0.1750	0.1705	0.0850	-0.1523	-3.0611	-0.4572	0.1796	0.3873	-0.6561	-0.1553	0.0352	-0.8874	-0.0837	-0.3051	-0.3458	-1.2156	-0.3198	0.1664	0.3916	-0.0777	-1.0020	1.0381	-1.0423	1.0744	-0.0990	-0.2269	-0.9455	0.0645	0.1737	0.5327	-0.7019	-0.0648	-1.0985	-0.0126	-1.0872	-0.3936	-0.2094	1.1933	-0.5357	-0.6382	0.8263	-0.0741	-1.4186	0.3985	-0.8681	-0.2570	-0.0383	0.5798
-0.4730	-0.6026	-0.4093	0.1921	-0.8589	-0.8118	-0.3504	0.1017	-0.5296	-1.4817	0.4305	0.8601	-0.6031	-1.4904	-1.5357	0.4178	-1.0795	-2.0060	0.4226	-0.6708	-1.1570	-0.7650	1.0807	-0.8619	-0.8491	0.7128	-1.3389	-1.0622	-0.2553	0.1788	-0.5191	-1.3529	-0.2384	-0.3750	-0.1516	-1.6803	1.1431	0.8019	-0.3938	-0.4385	0.0023	-0.5589	-0.8593	0.2745	-1.4650	0.3503	0.3824	-0.9465	0.6001
-0.0389	-0.8419	-0.2185	-0.1901	-1.1522	-0.8188	-0.6859	0.6785	-0.4219	-1.0772	0.1152	0.5404	-0.5657	-1.2688	-1.2184	-0.1605	-1.2589	-1.9361	-0.2863	-1.5870	-1.4859	-1.6645	0.3568	-2.1463	-2.3211	-0.4393	-0.4078	-1.5800	-0.2669	-0.5327	-0.5393	-1.1955	-0.5441	-0.7950	-0.7541	-1.3388	0.1449	0.7023	-1.2539	0.3328	-0.3882	-0.7452	-1.2345	0.6130	-2.0008	0.5750	-0.3048	-1.5782	-0.0999
-0.9674	-0.4578	-0.1440	0.9928	-1.3979	-1.1167	-0.5654	0.1446	-0.9051	-0.9993	0.1425	-0.9394	-0.0838	-0.5817	-1.3167	-1.0766	-0.8484	-1.7677	-1.3619	-1.6947	-0.6694	-1.4505	-0.0695	-2.6145	0.3596	-0.4044	0.6051	-0.1483	-1.1696	-1.2589	-0.3324	-0.6159	-0.8976	-0.7514	-0.4289	0.6530	-1.0369	-0.1021	-0.3614	0.5700	-0.9520	-0.8319	-0.8530	-0.7153	-0.1870	0.3253	0.2545	-1.6066	-0.0255
-1.2362	-0.6581	-0.4527	-0.2854	-0.8592	-0.3240	-0.9664	0.7864	-1.9770	-0.3118	-0.6792	0.0123	-0.8207	-1.0984	-1.9510	0.2983	-0.5551	-1.4685	-1.1935	-1.0409	-1.3206	-1.1399	-0.0642	-0.6373	0.7204	-0.0788	-0.3825	-0.7283	-0.7859	-1.4163	-1.2354	-0.9392	-1.3377	-0.6946	0.3663	0.6349	-0.1905	0.3975	-0.2827	-0.3000	-0.9144	-0.4071	0.5036	-1.2471	-0.1365	1.1216	-1.0082	-1.4283	-1.7690
-1.0766	-0.7542	-0.9941	-0.2034	-0.3143	-0.2003	-0.4211	1.3778	-0.9225	-0.5683	-1.3630	1.0118	-1.4824	-0.6891	-1.3493	0.0143	-0.7177	-0.9938	-1.6560	-0.6818	-1.1819	-2.0913	-0.5107	-1.2057	0.3032	0.9795	-1.2922	-1.4881	-1.3314	-1.2093	-1.3300	0.4496	-1.8422	-0.7474	0.6672	-0.4527	-0.2260	-1.4586	-0.3237	-0.4773	-1.7245	0.5257	-0.2870	-0.7962	-1.2042	0.8426	-0.0995	-0.0111	-0.9796
-1.4489	-0.6001	-1.0649	1.0324	-0.9034	1.4656	-0.6756	1.1795	-1.3053	-0.5196	-1.7668	1.0623	-0.8821	0.1967	-1.1401	0.6102	0.5679	-1.0338	-1.2279	-0.9920	-0.5719	-1.8089	-0.7416	-1.4220	0.8028	0.6637	-0.4707	-0.8168	-1.2586	-0.8269	-0.3378	-0.6197	-1.5001	-1.2866	1.3954	0.4877	-1.2909	-1.1932	0.3205	0.0376	-1.8834	1.0117	-1.3556	-0.9617	-0.4462	0.1184	-0.2882	-0.3588	-0.0244
-1.4556	-0.3010	-0.8200	0.4217	-0.7713	-0.0257	-1.6413	1.2338	-1.8125	-0.4335	-1.4633	0.1233	-1.1965	0.5662	-0.6863	0.4294	0.7394	-1.0380	-0.5841	-1.3756	-0.5554	-1.0374	-1.1476	-0.7974	0.0833	-0.5993	-0.0433	-1.1546	-0.0984	-1.8246	-0.1283	-2.5598	-0.8136	-1.3016	1.3439	0.7228	-0.9771	-0.9938	0.6967	-0.4289	-1.2223	1.1145	-1.5136	-1.2187	0.4259	-0.8408	-1.6956	-0.6314	-1.4813
-0.9953	-0.7729	-0.7858	0.0759	0.5749	0.3353	-1.0259	1.3268	-1.4438	-0.4869	-2.1258	1.3369	-1.1180	0.3694	-0.8025	-0.4309	1.1597	-0.3596	-0.7021	-1.4050	-1.6932	-0.7256	-0.8263	-0.7845	0.1003	-0.3847	-0.3939	-0.8944	-1.0606	-1.5976	0.6838	-0.8622	-1.1860	-0.8314	0.2777	0.8715	-0.5808	-2.3134	0.4637	0.1808	-0.8943	0.4715	-1.7691	-1.4755	-0.5654	-1.2643	0.0490	-0.5924	-0.7711
-0.8779	-1.1044	-0.1922	0.7593	0.2780	2.1287	-0.8839	1.2360	-2.2883	-0.0119	-1.6037	1.9636	-0.2451	0.2730	-1.3262	0.3232	0.5476	-0.2678	-0.8518	-0.8583	-1.6990	-1.3307	-1.4421	-0.2607	-0.5711	-0.1501	-0.3066	-1.1773	-1.1211	0.1655	1.3258	-0.4194	-1.6071	-0.9413	1.0330	-0.1896	-0.0727	-1.8209	0.3362	0.3113	0.0748	0.3747	-1.1458	0.1632	-0.8764	0.2774	1.0596	0.5398	-0.1347
-1.3668	-0.7675	0.2295	0.2939	-0.6859	0.7151	-0.5831	0.5573	-2.1725	0.5089	-1.1835	1.1191	-0.4212	1.5468	-1.2526	0.0558	0.6582	-0.3666	-1.0031	-1.2581	-0.2372	-1.7684	-1.9226	-0.4980	0.0465	-0.0702	-0.6618	-1.4121	-0.1609	0.0884	-0.1258	-1.2533	-0.6121	-0.3583	1.3982	-0.8842	-0.5152	0.1954	0.7970	0.8933	-0.9433	1.1753	-1.3951	0.3100	-0.9432	0.1541	-1.5012	0.9379	-0.5842
-1.4154	-1.3039	-0.5265	0.0885	-0.5059	0.4481	-1.2275	0.6241	-1.1599	0.9167	-1.6290	1.9752	-0.2673	1.6669	-1.1672	-0.8315	1.1489	-0.4647	-1.3605	-1.3410	0.2502	-1.8894	-0.9574	-0.0764	0.6770	0.0341	-0.2754	-0.3154	-0.9672	-0.3960	1.0151	-0.8387	-0.5349	-0.4019	1.3605	-0.4506	-0.7040	-0.1510	1.1532	1.6285	-0.3343	0.4882	-0.8977	-0.2096	-1.0518	-1.8337	-1.4620	0.7196	-0.7586
-1.2572	-0.6204	-0.5873	-0.5431	0.3210	0.3677	-0.8406	1.1292	-2.0200	-0.3468	-2.0121	0.8588	-0.2222	0.9976	-1.2606	-1.1671	0.5525	0.3754	-1.1137	-0.4023	-0.6373	-0.9805	-1.2462	-0.7430	0.8636	0.3311	0.4412	-0.0880	-1.1342	-0.4646	1.3924	-1.0729	-1.6009	-0.3932	1.2614	0.4677	-1.0046	-0.6973	0.8474	-0.4635	0.4103	0.5910	-0.5647	-0.0583	-0.7220	-1.1578	0.8905	0.8283	-0.2354
-0.7324	1.0396	-0.4598	0.1100	0.9682	1.2522	0.7982	0.2431	0.4273	-0.7370	-2.3251	0.8318	-0.1015	0.1909	0.8168	-0.4517	0.2425	1.5722	-0.9927	0.4826	-0.2977	0.1051	0.0437	0.2688	-0.0016	0.1840	-0.3737	0.2663	0.2831	0.3387	0.0996	0.7312	-0.3604	0.3557	0.0460	0.0696	-1.6374	-1.0010	0.2139	-0.4178	-1.0096	2.0916	-0.4663	-0.9391	-0.4820	-0.3081	0.4477	0.0450	0.5072
-0.2313	1.1016	-0.1488	0.5455	0.5007	0.5422	1.4764	-0.1470	1.2171	1.0666	-0.0779	1.1263	-0.3795	-0.0516	1.5526	-0.5090	-0.4381	1.0514	-1.2723	0.7359	-0.1565	0.5852	0.9227	1.4959	-1.1271	0.0647	-0.6129	0.5333	0.7973	1.5631	0.0764	0.0272	0.8421	1.2588	-0.6008	-0.4921	-0.2299	-0.0606	-0.6591	0.1649	-0.0379	1.0319	1.2992	-0.9836	-0.1690	-0.4930	-0.4012	-0.2962	0.6919
0.8423	-0.2769	0.1664	0.2584	-0.3192	-0.1950	1.4073	0.9562	0.6082	0.4024	-0.1597	0.2782	-0.3669	0.3423	0.2803	-0.5142	0.0488	1.4547	0.2647	-0.1177	-0.8426	1.5636	-0.0366	1.3484	-0.6185	-1.1642	-0.3178	0.4893	0.7626	0.2833	-0.1387	-0.3934	0.4388	0.9866	-0.9344	-0.3671	0.0310	-1.1471	-1.6212	-0.7881	0.6545	-0.5898	0.3060	-0.0054	-0.6651	-1.1006	0.5188	0.2471	0.3908
0.8710	-0.7898	0.5090	0.5372	-1.5493	-0.7028	0.2119	-0.0236	-0.3852	-0.0116	0.8895	-2.0358	-0.7877	-0.6362	-1.3258	0.1812	-0.3091	-0.4648	1.1764	-0.7172	-0.6213	0.9397	-0.7029	0.7848	-1.9627	-1.7235	-1.0403	-0.3510	1.6171	-0.0554	-0.5014	-2.1623	0.2207	-0.2170	-1.4531	-1.4431	1.3717	-0.6076	-2.2527	-1.7732	0.4854	-1.9354	0.7113	-0.9059	-1.0807	-0.9091	-1.0233	-1.4036	-0.4590
0.3776	-0.9509	0.3681	1.1111	-1.3922	-0.4582	-1.0311	-0.6765	0.7134	-0.1337	0.2071	-1.9751	-0.1604	-0.8727	-0.8932	0.4541	-1.3265	-1.7875	0.8105	-0.9358	0.4009	-0.5487	-1.2933	-0.7735	-0.6413	-2.2597	-2.4506	-0.7680	1.6989	1.4377	0.5328	-1.0495	0.0608	-1.2015	-1.1831	-1.1388	0.0455	-0.4371	-0.9702	0.0597	-0.6003	-1.3689	0.0432	-1.6901	0.0145	-1.3472	-0.5327	-1.5126	-0.5414
1.1375	-0.8061	-0.5280	0.4642	-1.4721	-0.4929	-0.4652	-0.6855	-0.5631	-0.9589	-0.0308	-0.4588	-0.2300	-1.5877	-1.3104	0.6515	-2.0768	-3.0258	0.9579	-0.8527	-0.5832	-0.9642	-0.9828	-1.0592	-0.4550	-1.2487	-2.6822	-0.4403	1.6389	-0.4260	0.6744	-0.7585	-0.8104	0.1934	-0.9282	-0.1787	-0.1615	0.0725	-1.0074	-0.4839	-1.0444	-1.9599	0.0675	-1.5223	0.8885	0.6452	0.1687	-2.3691	-1.5085
1.0709	-0.3012	-0.7844	-0.2755	-0.2588	-0.6293	-0.7860	0.2593	-0.1963	-1.1692	-0.7189	-0.4988	-0.3220	-1.7840	-1.1912	0.3282	-1.8072	-1.3428	1.0093	-0.0425	-1.1284	-1.4047	-0.5142	-1.2340	-0.3761	0.4036	-2.0073	-0.6748	0.9208	-0.9828	1.0253	-0.9137	-1.5172	0.6229	-1.4807	0.5661	-0.8722	-1.0461	-0.4602	-1.9698	-1.3064	-1.4971	0.2491	-1.7388	0.8523	0.8599	0.1549	-1.9065	-1.7884
1.0137	0.5046	-0.6761	0.3334	0.0732	0.2948	-0.7711	0.6607	1.6505	-0.2825	-0.8413	-0.9386	0.1266	-1.1295	0.6653	0.2177	-1.2529	0.2065	1.0970	0.2801	-0.5094	-1.1328	-0.6187	-0.3321	0.3699	-0.4178	-1.5109	-0.2740	1.3082	1.1890	0.8610	0.2658	-0.5045	0.3941	-1.4050	0.0842	-1.8259	-0.3882	0.4911	0.1453	-0.9216	-0.2474	0.8482	-2.3528	1.6804	-0.3038	0.3066	-1.6469	-1.7163
1.1144	0.6813	-1.0552	1.5871	-0.1970	0.4906	0.0285	-0.1921	1.3205	-0.1016	-0.4117	-0.6906	0.6049	-0.2846	0.2978	0.4310	-0.4012	1.0931	1.0491	-0.8205	0.1330	0.1430	0.1796	0.1182	-0.6245	0.0404	-0.9736	-0.5495	1.2241	0.3012	1.1915	-0.6047	0.8270	1.2276	-0.9656	-0.1698	-0.0197	-0.3029	0.1189	0.2372	0.5640	-0.4080	0.9666	-0.0637	1.0990	1.1255	0.8231	-0.9641	-0.5472
1.7799	-0.2598	-1.2040	0.1867	0.5417	0.0184	0.1790	-0.4729	1.8525	-0.3880	0.0177	-0.7550	0.0720	0.0667	-0.7008	-0.0742	-1.2017	1.3382	0.5119	-0.8565	0.3154	-0.2167	-0.5701	-0.2494	-1.4815	0.1589	-0.6049	-0.9601	0.9005	-0.1476	0.5240	-0.9609	0.6924	0.9272	-1.5955	-1.5442	0.6893	-0.1923	-0.4299	0.0082	-0.2519	-1.2735	1.1338	0.9556	-0.7156	0.9389	0.0717	0.5618	-0.3310
1.7669	-0.9072	-0.8278	0.7197	-0.4833	0.3347	-0.1719	-1.4095	1.9064	-1.2698	0.1414	-2.0419	1.3868	-0.5452	-1.1786	-0.3007	-0.9456	1.0548	0.1011	-1.0428	0.7968	0.3671	-1.2598	-0.8156	-1.4208	-0.5999	0.5822	0.1126	0.8308	-0.0736	-0.1118	-1.3054	-0.1288	-0.3297	-0.9189	-0.8902	-0.1638	-0.4398	-1.2500	0.1381	-0.8199	-1.6070	-0.0301	1.2801	-0.2727	-1.0955	0.3584	0.0700	-0.0456
2.3147	-0.8446	-0.4411	-0.5940	-0.7902	0.0106	-0.2420	-2.2377	0.7592	-0.5510	0.5091	-0.9577	0.8601	0.5688	-0.5726	-0.0089	0.2143	0.8499	0.2714	-0.3300	0.8031	1.1218	-0.6206	-0.0681	-0.8886	-0.4795	0.4008	-0.0406	1.9487	-1.0890	0.1613	-1.7542	0.4457	0.1948	-0.7938	-0.6631	-0.5672	0.2858	-1.4421	-0.7404	-1.0916	-1.1388	-0.3713	1.6121	-0.4630	-0.6796	0.0697	-0.2919	-0.6912
3.0187	0.2944	-1.0263	0.9227	-0.3793	0.2553	0.9271	-2.0312	1.1595	-0.5922	0.2958	0.4107	0.2055	0.9918	0.5200	-0.0497	0.5224	0.6371	0.1079	-0.3464	0.8833	0.7420	0.3129	-1.1989	-2.1008	-0.5615	0.7936	-0.6778	1.6793	0.4281	0.6680	0.4603	0.6805	0.9516	-0.6391	-0.6764	-0.7994	-1.5894	-1.2796	0.8301	-1.4638	-1.3806	-0.4281	2.1842	1.6989	0.5081	1.8154	0.0564	0.9433
0.8349	0.0689	0.4549	0.0448	0.3855	1.4914	0.4645	-2.5485	0.7147	-0.6079	-0.1332	0.0496	-0.5238	2.5548	0.2747	-0.0313	2.4344	0.3070	0.3827	0.3262	1.2627	0.5510	-0.2087	0.9564	-2.0695	0.8675	1.3370	0.4439	1.6809	-0.4279	1.5491	0.3900	0.6301	1.1675	-0.8906	0.5666	-0.5690	-1.0292	-0.9886	1.3547	-1.7501	-1.4763	0.3759	1.0911	1.2085	0.5081	0.4449	-0.9400	1.6997
1.2801	0.7159	1.7272	-0.3299	1.8522	1.9391	-0.5427	-1.3299	1.0331	0.3942	0.9949	-0.0170	0.7088	3.3000	1.6399	-1.0241	2.7962	0.7751	1.3107	0.8836	1.3109	2.0740	-0.4483	1.0320	-0.7709	1.1224	1.1911	0.6900	1.2592	0.4118	1.3239	1.0905	1.0700	1.5034	-1.1018	1.3258	-0.0200	0.5354	-0.4694	0.4538	0.1073	-0.7746	-0.4521	1.6211	-0.3187	1.2093	0.0824	-0.3335	0.9226
0.9053	0.3710	2.6560	-0.3737	0.3661	0.2205	-0.3510	-0.8303	0.7530	0.8528	2.4676	-1.5536	0.9564	2.6661	0.6093	-1.7583	2.4972	0.8872	1.7299	1.0246	1.9302	2.3749	1.3745	1.5271	-0.3514	-1.3817	1.7116	1.3740	-0.3958	1.6182	0.7466	0.0544	1.1513	0.1410	-0.1924	1.1035	1.0445	0.7987	-1.1453	-0.3135	0.9433	0.2370	-0.0702	-0.4861	-0.2132	-0.5177	-0.8493	-0.1176	0.2293
0.5687	-0.7324	1.3731	-0.9830	0.6953	-0.3671	0.6409	-0.7987	-0.4563	-0.1339	1.1569	-0.7090	0.2052	0.8638	0.7001	-1.2902	0.2242	-0.1240	0.7739	0.5973	0.4814	1.7125	1.3635	0.4424	-0.3566	-1.4499	0.4623	0.4318	-1.1298	-0.7907	0.2973	1.0305	0.8057	-0.2545	0.4413	-0.5596	-0.0679	-0.6789	-1.7565	-0.7452	-0.1646	-0.7517	-0.1731	-0.8952	-1.0004	-0.7889	-1.2014	0.0539	-0.6697
0.6807	-1.3546	0.3176	-0.9808	1.2090	-0.0511	0.5514	-0.4327	0.7528	0.2920	0.1198	0.5149	-0.4282	-0.2213	0.8318	-1.4758	-0.2761	-1.2063	-0.4519	0.6854	0.5809	0.4142	1.2618	0.8674	-0.3924	-0.6319	-1.2062	-0.2368	-1.3158	-0.8567	0.3110	2.0814	0.0837	-0.0307	0.1157	-1.8101	-0.5082	-1.7440	-1.1993	-0.0682	-1.0782	0.1112	-0.7564	-0.5965	-2.6868	0.0911	-0.4252	0.8332	-1.0305
0.1514	-0.4941	0.1115	-0.6952	1.2151	0.5566	0.2303	-1.0392	1.1488	0.0670	0.4620	0.4212	0.5260	-0.6515	1.5053	-0.8098	0.3918	-0.0852	-0.5119	1.5165	1.4217	-0.0084	1.4056	1.4596	0.2808	1.2918	-1.5956	-0.0195	-0.0104	0.7669	0.7767	0.8594	0.0250	0.6802	0.4675	-1.5342	-0.3773	-0.8369	-0.8729	-0.3331	-1.6164	1.4482	-0.2745	-0.8769	-3.0846	0.2522	0.8744	0.5962	0.2775
0.7593	0.7513	-0.2582	-0.9402	0.8292	0.3303	1.4114	-1.4939	1.3246	0.0477	0.3164	0.3080	2.2004	-0.4363	2.1309	-0.3651	0.4652	0.7197	0.3850	1.4636	1.2003	0.4730	1.2786	0.7232	1.1966	1.4410	-0.0632	1.4475	0.3735	1.0720	-0.0888	0.8151	0.2471	1.8926	0.4861	-0.2114	-0.8047	0.0097	-0.9685	-0.2841	-0.9428	0.6573	0.7315	-0.3344	-1.5790	-0.8395	1.1700	0.2117	1.1586
0.6141	0.5142	0.0239	-0.0845	0.0179	0.8442	1.8527	-1.3230	1.2227	-0.1421	1.3595	-0.5727	3.2955	-0.3658	0.7803	0.2868	0.4220	0.4941	1.0992	0.5189	0.9354	0.8061	0.9588	-0.4870	-0.3978	0.1739	0.9717	1.3606	-0.0187	1.2669	0.6285	0.4277	1.0362	1.1130	-0.6059	0.3246	-0.4256	0.4347	-1.8233	-0.1274	0.7392	-0.6609	1.3915	-0.5956	-0.0441	-1.3404	0.2111	-0.5390	0.8341
0.7337	-0.0964	0.2823	-0.0132	-0.0678	0.1895	0.5833	-1.3201	0.3632	0.5396	1.3728	-1.2019	2.6093	-0.3226	1.1642	1.6116	-0.1232	0.0471	1.0864	-0.1259	-0.1005	1.1482	0.6573	0.4935	-1.7331	-0.7249	-0.1114	-0.4579	0.4403	1.1051	0.1279	1.9993	1.2507	0.1600	-1.4594	-0.7963	0.4889	0.1542	-2.0185	0.1856	0.5817	-0.1271	0.5928	-1.5342	0.0565	-1.0890	-0.6629	-1.0682	0.0964
1.3469	-1.0417	1.6190	-1.5477	0.1057	-1.1429	-0.0991	-1.2934	0.3493	-0.7119	0.8645	-1.4421	2.2840	-0.5955	0.2689	0.2277	-0.2623	-0.6080	1.6891	0.3486	-0.4892	0.9413	-0.1381	0.8009	-1.1577	-0.9280	0.8405	-0.0056	-0.3538	-0.4749	0.4064	0.7821	0.1310	-0.5206	-0.5842	0.4110	0.5444	-0.5263	-1.7917	-0.4273	-0.2169	-0.0027	-0.7607	-1.0030	-0.1238	-0.9466	0.3532	-0.3190	0.1903
1.4195	-0.4785	1.3923	-1.2673	0.1837	-0.7407	-0.3707	-1.6356	-0.8044	-1.2236	0.9908	-1.9900	2.5447	-0.5743	0.5258	0.2593	-0.3640	0.0128	1.5190	0.5815	-0.9375	0.4945	0.2276	-0.0992	0.0630	-0.3389	1.2404	0.6637	-0.5056	-0.5018	0.3004	-0.7719	0.0878	-0.4078	0.0054	1.1261	0.1847	0.7279	-1.3316	-1.1324	-0.6963	-0.5770	-0.5461	-0.3570	0.9897	-0.2542	0.0430	-0.6549	0.3049
0.9196	0.6728	0.4699	-1.7232	0.9537	0.0073	-0.0194	-1.3527	0.2549	-0.0494	0.8774	-0.8938	0.9132	-0.2871	0.1181	-1.2497	0.6469	-0.2978	0.5021	0.8658	-1.5758	0.2719	0.7802	0.3406	0.4210	0.0390	0.3761	0.3816	-1.2237	0.3667	0.0181	0.4294	0.0541	-0.0722	-0.8442	0.8466	-0.0611	1.6184	0.7790	-0.0465	0.4938	0.7085	-0.8249	1.1132	0.2245	-0.1810	0.9838	1.1274	0.3968
0.6598	1.3077	-0.3851	-1.9137	0.5590	-0.8186	-0.0281	-0.9218	0.0836	-0.0807	1.5388	-0.6285	0.0057	-0.2864	0.0091	-1.7622	1.4027	-0.3187	0.0010	0.9730	-0.7479	0.3069	1.7349	0.7820	0.8822	0.8081	0.4007	0.2165	-0.9071	-1.5014	0.6895	0.3523	0.8562	-0.2203	-0.5384	0.8940	0.7845	1.8677	0.8641	-0.3791	1.4023	2.1135	-0.7682	2.7143	0.3284	1.3796	0.4082	0.4527	-0.3852
0.9691	2.8069	-0.9783	-1.8069	1.3564	-0.6111	-1.2224	-0.9290	0.4536	-0.8400	1.7160	-0.2140	-0.5495	0.8044	1.7341	-1.9458	1.9538	1.2416	-0.6280	1.9057	0.6337	0.5337	2.4749	1.2959	2.8800	2.2970	1.1234	0.2717	-0.8542	-1.2631	0.1655	2.3272	1.3821	1.2536	0.0138	0.7324	0.2985	1.8026	0.5739	0.2779	1.2625	2.7907	-1.0685	2.9212	-0.2744	2.0909	2.2171	-0.0339	0.9996
-0.4320	2.9651	-0.3615	0.8310	1.9116	2.8469	-0.5575	-0.7340	-0.0149	-0.2531	1.5357	-0.6960	-1.6104	0.6773	1.0615	0.1714	2.2008	1.1694	-0.0910	2.1995	1.1184	0.3644	2.3179	0.3019	3.1020	3.2825	1.5912	0.5835	-0.6833	1.5276	-0.0255	0.8228	0.9964	1.9930	1.4933	0.9517	0.4337	1.3087	2.2133	2.4277	2.2519	1.9385	0.2893	2.1561	0.4761	0.5753	2.3418	0.9482	2.3191
-0.0702	3.6694	0.6326	-1.1191	3.1908	1.7267	-0.8562	-0.1794	-1.1356	0.6930	1.8485	-0.2272	-2.4220	1.7410	1.3350	0.0610	1.5672	1.5916	0.7651	3.1658	1.9936	1.4010	1.4551	0.4588	3.9683	4.0467	2.8991	1.3710	0.5502	0.1403	0.7010	0.5458	1.9460	3.1999	2.5058	1.4360	0.4866	2.5925	3.1523	2.6719	2.3630	1.1433	2.0840	3.0670	1.9525	0.9741	3.0557	2.2142	2.1317
-2.6604	2.3608	2.5385	3.4245	2.0688	3.8656	-3.6808	2.8145	-0.6752	-0.2638	2.0700	-1.3655	-0.9035	3.0028	0.1575	3.8127	1.2612	2.5287	2.0528	1.7268	4.1834	2.6687	1.0944	0.6067	5.0872	0.6651	3.4764	3.2599	2.1141	2.1182	0.0390	0.4197	3.4282	1.6012	3.9317	2.2538	4.0595	0.4266	2.8114	3.1280	3.5678	2.8240	0.9314	0.3444	3.9966	-0.5091	0.4399	2.0241	0.4321
-2.5303	1.9930	1.8693	1.5938	2.0654	0.4879	2.1631	2.3433	2.9637	6.5703	1.0599	-0.3618	-0.1235	1.6350	1.3453	1.3706	1.7224	0.0460	2.0939	4.0425	2.3658	-0.3817	1.2814	2.8040	0.8518	2.4475	1.8339	3.4062	2.4504	2.3606	0.9730	2.1289	2.7803	2.6207	4.0699	1.4626	2.5965	2.5773	2.5947	3.8231	4.2487	0.9270	3.4601	0.4318	3.1263	0.6030	1.7071	2.9554	2.8251
1.7723	1.9414	2.3945	-3.0594	3.2503	-2.8487	4.6755	0.9398	3.8691	4.1806	-0.6577	2.8174	-0.0690	1.7597	3.5104	-1.0948	2.5314	3.0445	3.5236	1.9899	2.6517	3.3840	0.0635	3.0719	0.8621	1.9420	2.3585	2.0692	1.9534	-2.7573	0.8477	4.4643	3.3296	1.9596	0.7807	-0.2774	0.9910	0.4631	0.8391	2.0983	2.6579	1.1720	1.9362	1.4486	0.5087	2.3145	1.7167	2.2908	3.1245
-0.1580	1.4409	2.0570	3.0256	0.9488	1.5696	2.7546	0.8845	1.9408	2.6658	-0.7810	2.3451	2.8905	1.8916	1.6487	2.8953	1.3638	1.9627	2.7230	-0.1175	2.8909	3.4601	-0.5992	2.4485	1.7269	-0.8809	2.5417	3.1864	1.5320	2.4408	0.2941	0.6631	2.3845	-0.0839	1.0640	0.7805	0.2255	0.4628	0.1459	0.7074	2.5545	1.6459	1.4474	0.7062	2.5113	-1.2188	1.3511	1.8700	1.4071
-1.5355	1.5207	0.2510	3.8824	-0.7980	1.0569	3.1650	0.9213	0.7348	2.6870	0.5575	1.5970	2.6257	1.0268	1.0980	3.8627	-0.3108	1.0798	1.0708	0.2574	1.4543	2.1825	0.6565	2.1661	1.6544	0.1493	1.5264	3.5424	0.2401	2.6216	-0.4648	0.0996	1.9363	0.3033	0.0889	0.9274	0.8035	1.6898	0.1046	-1.6199	2.6235	1.0121	2.3254	0.3238	1.7061	-1.8766	0.2252	1.5520	0.6451
-1.3507	0.8397	-1.0503	3.5989	-2.2816	0.0797	2.0630	1.1300	-1.2070	2.1965	1.9919	-0.3727	0.7294	-0.3994	0.0830	3.8825	-1.5882	0.3704	0.4266	0.2667	0.3278	1.4807	-0.5942	2.2368	1.0702	-0.8861	1.2305	2.5471	-0.3790	3.1068	-0.9843	-0.6170	1.4204	-1.2472	-0.0916	0.1681	1.6294	1.7111	0.0759	-2.1207	1.5820	1.2154	2.1676	-0.5571	1.4110	-1.2829	-1.3869	1.1694	-0.6560
-0.5616	-0.5345	-0.7861	2.9246	-2.7039	-1.3973	1.2489	2.1984	0.4137	2.6590	1.0107	0.0321	-0.5761	-0.8586	-0.2474	1.6226	-2.0708	0.4553	-0.3668	-0.3897	-0.3874	0.2204	-0.2037	2.0359	-1.3903	-1.0645	0.7079	0.7774	-1.3686	2.5813	-0.8212	-0.2714	0.1150	-1.5882	-0.6551	-0.2571	0.6237	1.5522	0.4758	-0.2938	0.6403	1.3099	1.1006	0.8058	-0.2542	0.4025	-1.5270	2.5344	-1.2379
0.3415	-1.8829	0.1084	0.4642	-2.3833	-2.6469	0.2319	1.6981	0.3141	0.8021	0.2383	-0.5772	-2.0495	-1.4776	-1.9249	-0.8094	-1.6329	-1.1843	-0.2839	-1.1195	-0.8595	-0.3969	-1.5940	0.7306	-1.8658	-1.0626	-0.0149	-0.7659	-1.1296	0.2181	-1.2910	-0.3622	-2.0984	-1.5721	-0.3775	-1.0476	0.9768	0.6279	0.0271	0.0687	0.0519	0.1820	0.1356	-0.5254	-1.2162	0.2409	-0.3751	2.0333	-1.1712
0.3376	-1.6515	-0.2883	-0.3541	-1.2338	-1.4199	0.3857	0.7701	-0.3082	-0.6963	-0.0264	1.1287	-2.8868	-2.4797	-1.6430	-1.2133	-1.7045	-2.0922	-1.2609	-0.9902	-1.5244	-1.9167	-1.4357	-1.2957	-1.6347	0.2172	-2.0440	-1.9885	-0.7646	-0.8942	-0.2358	-0.1205	-2.8702	-1.5248	0.3648	-2.3667	1.0308	0.6836	-0.3585	-0.5306	-0.4754	-1.4441	-0.2999	-0.4243	-2.1507	0.5693	-0.0859	0.1872	-0.6699
0.0290	-1.5541	-1.0215	0.0340	-1.3912	-0.5417	-0.6932	1.1031	-1.4865	-0.8166	-1.7663	0.6475	-1.2126	-1.7346	-1.2090	-0.1991	-1.6177	-1.5347	-0.6946	-1.1248	-1.0138	-2.4916	-2.3075	-2.7258	-0.4383	-0.0339	-1.9333	-1.4528	-0.0074	-1.0238	-0.8390	-0.5065	-2.0630	-0.5133	0.9694	-1.6934	-0.9041	-0.0803	-0.2065	-1.1890	-1.0081	-2.4900	-1.1073	0.0267	-0.1407	0.2982	-1.0833	-1.1468	-0.4144
0.2380	-1.1485	-1.2883	-0.5246	-1.6108	-1.1983	-0.2145	1.4417	0.0172	-0.1172	-1.4938	1.2428	-0.9049	-0.6630	-0.4894	-0.4636	-0.2679	-0.9554	-0.7178	-1.2475	-0.2118	-1.4785	-2.0747	-1.1017	0.2407	0.0222	-1.6163	-1.5886	-0.0025	-1.1369	-0.6161	-1.1854	-1.5705	-0.7986	0.5327	-0.9639	-1.7506	-0.2269	0.6991	-0.1117	-0.3226	-0.9614	-1.0892	-0.0610	-1.1020	-0.3838	-1.0207	-0.9588	0.1273
0.1240	-1.0684	-1.5184	1.0353	-1.8926	0.5196	0.1613	0.9461	-1.2811	-0.9491	-0.6816	0.5510	1.1541	-0.1233	-1.2604	1.3317	-0.9764	-1.0302	-0.9688	-0.8339	-0.0681	-1.6116	-2.3142	-1.1305	0.7764	0.0107	-1.2704	-1.8946	-0.6124	0.1364	0.1734	-1.5523	-1.5911	-1.8588	1.0401	-0.7899	-1.1894	-1.6080	0.0609	-0.9605	-0.0842	-1.4983	-0.9304	0.2414	0.1356	0.5502	0.8055	-1.1378	0.9357
-0.6568	-1.7649	-1.0558	-0.4841	-1.6764	-0.3171	0.0299	1.0849	-1.2563	-1.1331	-0.9124	0.0867	0.0451	-0.9397	-1.6079	1.6954	-0.4689	-0.7258	-1.3870	-1.5667	-1.1907	-1.6876	-1.4129	-1.5264	-0.5796	-1.4299	-1.8119	-1.8125	-0.5624	-1.4357	-1.3201	-1.1485	-1.5805	-1.5622	0.3017	-0.6589	-0.3036	-0.8660	0.9843	-0.5811	-1.1980	-1.3713	-1.1682	-0.9630	-0.9207	-0.4432	-2.0457	-1.4899	-0.5706
-0.8890	-1.3743	-0.7475	-1.4046	-1.1168	0.1502	-0.2758	2.1086	-1.4005	-0.8009	-2.2296	0.7127	0.4496	-1.4951	-0.6768	2.0579	-0.1627	-0.3976	-1.5086	-1.7957	-1.9718	-1.4829	-0.6526	-1.8255	-0.7305	-1.0929	-2.0979	-2.2245	-0.9258	-1.7758	-0.9943	-0.1519	-1.9370	-1.8847	0.3434	0.4553	0.0051	-1.1940	0.5837	-0.7254	-0.8991	-1.0124	-1.1866	-0.7715	-1.3949	-0.8447	-1.7098	-1.3788	-1.8009
-0.4835	-0.6355	-0.7524	-0.5501	-0.4881	0.8162	-0.3371	1.7531	-1.4074	-1.0511	-1.3934	1.3750	0.1294	-0.3742	-0.3954	2.1652	-0.3225	0.8841	-1.2106	-0.8117	-1.6552	-1.3195	-2.1025	-1.9796	1.2088	0.7452	-1.7615	-1.8130	-0.9862	-2.0749	0.4833	0.5879	-1.2443	-1.0430	1.4199	0.0673	-0.1413	-0.6080	0.1136	-0.7495	-1.3165	-1.9089	-1.0666	0.2359	-0.8199	0.7237	0.2220	-0.3700	-0.6674
1.6104	-0.0494	-1.8418	-1.3301	0.5525	-0.1355	-0.9205	-0.8494	-1.0646	-0.3330	0.5386	3.0167	-0.8861	-0.7328	-0.5124	1.0267	-2.1833	0.6406	-1.3459	-0.3542	-2.2478	-1.3931	-1.1523	-0.8270	-1.4004	1.8152	-0.9899	-1.8037	-0.7928	-1.5029	0.8296	-0.3867	-1.4417	1.0202	1.6719	-1.6831	1.2489	0.4153	1.1039	0.0023	0.0506	-3.0100	0.2325	0.8772	-1.6413	2.8806	0.3913	1.2686	1.1363
-0.0651	-0.9376	0.5468	-1.2314	0.4874	-1.2131	-2.2099	-0.2657	-2.2670	-1.1862	-0.8731	-0.2530	-1.1248	-0.8603	-0.7272	0.1151	-2.3723	-0.3323	-1.5475	-1.0075	-0.4807	-1.1536	-1.2317	-0.6623	0.1287	-0.4364	-1.3905	-1.0253	0.1550	-0.8910	-0.4938	-0.3324	-1.6997	-0.9255	1.8398	-1.5523	-0.5708	-3.0261	0.7446	-1.0926	-0.3976	-0.7209	-1.4928	-1.1870	-1.0158	0.6564	0.7105	0.4773	0.5490
-1.0892	-1.4233	1.3430	-0.1560	0.2363	-0.4342	-1.7379	-0.1783	-1.9571	-1.5742	-2.2632	-1.3348	-1.2627	-2.4054	-0.7729	0.7002	-1.6893	-0.7514	-2.1060	-2.1097	-1.3686	-1.4790	0.4455	-1.3750	-0.0559	-1.9242	-2.7080	-0.4930	0.1061	-0.0966	-2.2552	-0.2171	-0.7763	-1.9652	1.1540	-2.1397	-1.0925	-1.8757	0.2368	-1.9039	-0.9639	0.2260	-1.4972	-1.0693	-1.0899	-1.0880	-1.1739	-0.4430	0.0420
-0.5847	-0.4415	1.4831	-0.4919	0.1566	-0.2835	-0.4061	-0.0300	-1.6041	-0.2941	-1.5013	-1.6747	-0.6707	-2.1175	0.2332	-0.0338	-2.4947	-0.5065	-1.5634	-0.3994	-1.4117	-1.2390	1.0401	-1.0965	-0.1193	0.1957	-1.0431	0.6478	-0.8190	-0.1013	-1.1583	-0.3752	-0.6028	-0.8979	0.0614	-0.4749	-1.7161	0.5201	-0.1222	-1.3269	-1.2363	-0.3793	-0.4015	-0.8687	-0.7422	-1.4664	-2.0706	-0.8266	0.3999
-1.0486	1.1116	1.2419	-1.1391	-0.1649	-2.3563	-0.1991	0.8115	-0.3886	-0.4301	-0.9930	-1.0981	-1.4198	-1.3522	0.4888	-1.9217	-0.5138	0.1436	-1.4779	-0.2240	0.0615	-0.3042	0.0389	-0.2853	0.3299	0.2321	0.3712	0.5039	-1.2101	-0.5417	-1.1001	0.8109	-1.1111	-0.8173	-0.7745	1.6007	-1.2028	-0.7244	0.8628	-0.5865	-1.1517	0.8343	0.0117	-0.9739	1.1348	-0.6771	-0.5050	-0.6400	1.0359
-2.2800	0.6558	0.0751	0.4820	-0.6174	-0.2003	0.5858	0.7162	-1.4417	-0.4431	-0.9794	-0.1731	-0.8465	-1.5079	-0.9936	-0.7615	0.5602	-1.1299	-1.6897	-1.6302	-0.7275	-0.3037	0.1596	-0.7137	-0.1074	-0.5729	-0.6343	-0.3543	-1.2338	0.3640	-0.6420	-0.3752	-0.8450	-1.7263	-1.4503	1.4866	0.5228	-0.9985	0.3268	-1.5875	-0.2472	1.0019	0.7206	-1.7536	1.0803	-0.3436	-0.8224	-1.1747	-0.1116
-1.1802	0.0194	-0.6001	-0.5901	-0.3376	0.0757	1.1217	-0.4075	-1.8211	-1.1955	-0.8676	2.1844	-1.1215	-1.2271	-0.0635	-1.0829	-1.0052	-1.5005	-2.0381	-1.1833	-1.7830	-1.2565	0.1375	-1.3200	0.1937	-0.1950	-0.6307	-0.9742	-1.9310	-0.0987	-1.1166	1.0898	-0.9714	-0.6046	-2.1142	0.9343	0.1004	-0.9540	-0.9209	-0.5904	-1.4940	0.4666	0.7952	-2.2809	0.5521	0.4728	-1.0250	-2.2534	-0.6838
-1.2323	-1.0184	0.3512	-0.8040	-0.6054	-0.4455	-0.4092	-0.4014	-1.8658	-1.3203	-1.4422	1.6304	-1.7036	-1.2364	-0.3490	-1.7745	-0.5222	-1.2371	-1.2754	-0.9543	-1.8783	-1.2218	0.5041	-1.0478	0.4624	-1.8941	-0.1452	-1.4603	-2.1609	-0.9266	-0.8150	-0.3973	-1.7664	-1.2827	-1.7490	1.1910	-0.6454	-1.6282	-0.5552	-0.0421	-1.4788	1.4528	0.3254	-3.0606	-0.8298	-1.6067	-1.6610	-2.4198	-2.3246
-1.3206	-0.7888	-0.4979	-0.1171	-0.0584	-0.0232	-0.1680	-0.5186	-1.3763	-0.5187	-1.3504	0.2863	-0.2787	-0.7697	0.1305	-1.4143	-0.8188	0.1712	-1.1625	-0.3815	-2.0890	-1.4061	0.9229	-1.6977	-0.0850	-1.1353	-0.1710	-1.1604	-1.6820	0.0031	-0.1945	-0.2608	-1.3699	-1.1240	-0.7510	1.1266	-0.9222	-1.3339	-1.0114	-0.8615	-0.7891	0.7404	-0.3847	-1.1228	0.1186	-0.2126	-0.8384	-1.5388	-1.4598
-1.5496	-0.0937	-0.3833	-1.3892	-0.3199	-2.2634	-0.6339	-1.0209	-0.4877	0.0784	-0.3654	-0.8698	-0.7559	0.1329	-0.7174	-3.1003	0.3423	0.1191	-1.7952	-0.2916	-1.2927	-0.7575	0.2563	-0.4385	-1.0516	-0.8622	0.6148	-0.5851	-1.1735	-0.2220	-1.6942	0.0700	-1.2006	-0.4206	-0.2760	1.0849	-1.9400	0.0883	0.1751	0.3472	-1.0006	0.9179	0.0419	0.0232	1.8634	0.5083	-1.1664	-0.3006	-0.5093
-1.8522	-0.7834	-0.7924	-0.0439	-0.7246	-1.0042	-0.6328	-1.1435	-0.0766	-1.3918	-1.0208	-0.1014	0.1337	0.3602	-1.0304	-1.8824	1.0114	-0.0008	-1.4117	-1.7055	-0.8724	-0.4354	0.9582	-1.0322	-1.9423	-1.4159	0.3419	-0.7541	-0.7540	-1.3663	-0.9942	-0.9878	-0.6576	-1.1685	-0.3602	0.8117	-1.3068	-0.9121	0.4604	0.5101	-0.5532	0.6634	-0.5532	1.3624	1.2712	-0.0113	-1.7824	-0.5038	-1.6013
-0.1117	-0.1451	-1.1229	-0.7075	0.3965	0.1696	-0.3801	-0.9902	-0.8445	-1.8868	-0.5737	0.2781	0.3995	1.1131	-0.5826	-1.0520	0.2836	-0.0271	-0.4866	-0.2738	-0.9800	-0.8905	-0.6100	-1.3566	-1.1927	-0.8454	-0.0273	-0.8450	-0.8099	-1.8187	-0.8826	-0.6758	-0.9005	-0.0305	-1.3182	-0.3575	-0.5248	0.0495	0.1620	-0.0755	-1.0900	-0.8559	-0.1530	0.6124	-0.3632	1.2905	-1.3657	-0.5171	-0.9059
0.3181	0.0420	-0.3392	-0.6416	0.5622	0.7634	-1.3111	-0.5037	-0.1407	-1.2010	-0.4195	0.6200	1.1159	1.1967	0.5974	-0.5127	1.0520	-0.2364	-0.1374	0.2498	-0.1858	-0.4231	-0.4185	-1.7154	-0.8672	0.9457	-0.0422	-0.6215	-0.1572	-0.2018	-0.0048	-0.5686	-1.1918	-0.0557	-1.1358	0.0463	-1.1146	0.8768	-0.1635	0.4998	-1.0473	-1.0499	-0.6559	0.2928	-0.6837	0.0363	-0.4273	-1.2507	-1.4529
-0.7401	0.3970	0.1282	1.7412	-0.6502	1.9118	-1.5205	-0.6071	-0.2390	0.8699	-0.2336	0.0948	2.1407	2.4170	0.9177	0.7642	1.8228	0.0238	-0.2168	0.0673	0.8395	0.2630	0.0304	-0.5712	0.3673	0.7977	0.2177	-0.1257	0.7690	2.0486	0.7139	-1.6574	-0.2141	-0.2994	0.1524	1.4134	-1.4361	0.8658	1.2091	1.2350	-0.3164	-0.0385	-0.7708	0.9483	0.9527	-0.2960	0.3412	0.1215	-0.8462
0.1151	0.0572	-0.6032	0.2693	-0.0078	0.1423	-1.4169	-0.6182	-0.0723	1.0273	-0.7390	0.4916	0.3339	1.6952	0.7767	-0.1791	1.2304	-0.4051	-0.5969	-0.1799	-0.1203	-0.2317	0.2561	1.2557	-0.7381	-0.3704	0.4259	0.0548	0.3007	0.3452	-0.5176	-0.2799	0.0535	0.1820	-0.3548	0.6870	-0.8906	-0.0774	1.3412	0.8324	-0.9427	-0.0220	-0.7821	1.1773	1.2672	0.8751	-0.6872	0.3318	-0.8704
0.2313	-0.3768	-0.7549	-0.7149	1.2261	0.5868	-1.1728	-0.2843	0.9603	-0.9873	-0.1274	0.8333	0.1085	1.1510	-0.0770	-1.2413	0.4304	-0.2584	-0.6401	-0.6321	-0.0512	0.1915	-0.3269	0.1366	-0.1987	0.0830	1.1959	0.0065	-0.4495	-0.0726	0.0352	-1.4752	-0.2355	-1.1135	-0.8362	1.1865	-0.3327	-0.5658	0.9371	0.5842	-0.3092	-0.7590	-0.3468	0.7941	0.4766	-0.1284	0.2503	0.4713	-1.2038
-0.3874	-0.1473	-0.1576	0.5594	0.4372	0.5767	-0.3263	-0.0460	1.0423	-1.2456	-0.0192	-0.6157	0.5852	0.2482	-0.3384	-0.3943	0.4908	-0.1481	0.2188	-0.4205	-0.1167	0.2286	-0.1552	-0.7146	-0.7057	-0.2874	0.3906	-0.4349	1.0601	0.9474	-1.3359	-0.8599	0.6594	0.2328	-0.5104	-0.2896	-0.2277	0.1415	0.0528	0.9984	-0.8047	-0.2107	-0.6236	0.3741	-0.0717	0.5246	-0.4145	-0.0437	-1.1164
0.3059	0.4584	0.2590	-0.1298	-0.2519	-0.3323	-0.2037	0.2556	1.5319	-0.5785	0.3302	-0.0080	0.0941	0.2290	0.1537	-0.8607	0.6690	-0.1039	0.4105	0.2717	0.5646	0.1553	-0.0081	0.0580	-0.3630	-0.7941	-0.0441	-0.1507	1.4092	-0.5701	-0.7467	-0.2504	0.9679	1.4219	-0.6414	-0.0234	-0.6062	1.1446	-0.1730	1.2297	-1.0039	0.4088	-0.4715	0.0747	-0.6748	0.9716	-0.2206	-0.7124	-0.3530
1.3408	0.4583	-0.9727	0.1733	0.1147	0.7981	0.2113	0.9887	0.2454	-0.1160	0.6092	0.1946	0.3861	0.5854	0.0574	-0.7052	-0.2594	-0.7083	0.5718	0.4934	-0.2977	0.4098	-0.2896	0.0810	-0.3888	0.0050	0.6060	-0.0536	0.4906	-0.3174	0.8875	0.4506	0.0860	1.6026	-1.1598	0.7038	1.0036	0.3916	0.1837	0.3265	0.8920	-0.9710	-0.7024	1.0528	0.0687	1.1604	1.6547	-0.3503	0.7000
0.3440	0.4465	-0.1295	-0.0115	-0.4332	-0.5532	0.5704	0.2814	0.6688	-0.4119	0.9226	-0.1250	-0.6590	0.8609	0.1716	-1.6580	1.0208	0.0009	-0.0261	0.3786	0.9236	0.6791	0.3037	0.2116	-0.1260	-0.3313	0.8924	0.2851	-0.0700	-0.5259	0.2904	0.0820	0.2664	1.0792	-0.6352	0.3650	0.0302	0.2984	0.1500	-0.4839	0.2877	0.0742	-0.4887	0.2901	-0.0570	-0.4717	1.0294	0.0920	0.7478
-1.1142	0.3756	-0.2362	0.2135	-0.1979	-0.1347	-0.2615	0.5974	0.9901	-1.1343	0.4718	0.3660	-0.1327	0.5506	-0.1017	-0.5954	0.9536	0.8334	-0.4019	-0.2283	0.8991	0.6925	1.7902	0.1270	-0.4087	-0.8576	-0.1081	0.0907	-0.1456	-1.0781	0.4596	-0.0462	1.0588	-0.4566	-0.3255	-0.1407	0.9580	-1.0814	0.1204	-0.7348	0.8211	0.6065	-0.0724	-0.1700	-0.6494	-1.3425	0.1107	0.3556	-0.3210
-0.6103	0.0075	-0.6001	-0.9901	0.3603	0.1087	-0.7724	0.2027	1.0020	-0.7103	0.9414	0.0668	-0.4294	-0.0722	-0.2861	-0.5950	-1.0193	0.3642	-0.8857	0.3849	0.3965	-0.3725	1.1921	-0.1451	-1.1623	0.2381	-0.0324	0.3952	-0.6038	-0.2733	0.0392	1.1518	0.6909	-0.4781	-0.2922	-1.6275	1.3419	-0.3275	-0.7025	0.5562	0.3588	-0.0751	0.2497	-0.2281	-0.8474	-0.5022	-0.3878	0.3460	0.5398
-0.3435	-0.8101	0.4269	-0.9135	0.3672	-0.3824	-0.6327	-0.3441	1.1093	0.1197	-0.2714	-0.4579	0.5093	-0.5177	-0.3522	-0.5964	-0.6887	0.0808	0.0214	0.6876	1.1063	-0.2117	0.4746	0.9073	-0.3898	0.8258	-0.2590	0.1955	-0.3623	0.2919	0.7447	-0.4521	-0.0540	-0.2021	0.9735	-1.3844	-0.7584	-0.7439	-1.1714	0.0430	-0.5870	0.9304	-0.3028	0.3337	-0.6701	-1.5747	0.3429	0.7509	1.1283
-0.4662	-0.5158	-0.0797	0.2518	-0.4081	-0.2655	0.2355	-0.2092	0.4722	-0.4241	0.6216	-1.0674	-0.0553	-0.4122	-0.4144	-0.0252	-0.8640	-0.1659	0.6245	0.3315	1.0891	0.0777	0.4994	0.1102	0.1349	0.6081	-1.4470	0.3610	1.0684	0.1632	0.2945	-0.0272	0.3796	1.2010	0.4045	-1.2441	0.1435	-1.0924	-1.3276	-0.2125	-0.4465	0.5439	0.3196	0.3436	-1.0168	-0.2583	-0.2944	0.7548	0.3934
0.6032	-0.0237	-0.4560	-0.3689	0.3509	-0.0889	-0.2612	0.3854	1.1920	-0.0323	1.1310	0.0372	-0.8703	-0.5746	0.0847	-0.0090	-1.1723	-0.1779	0.8685	1.0016	0.5911	0.0566	0.4549	-0.1919	0.2213	0.9781	-0.4759	0.2661	1.0537	-0.4705	0.4595	0.8520	0.8305	1.8797	-0.7384	-0.9410	0.3276	0.3513	-1.2446	0.6638	-0.2108	-0.3866	1.2603	0.3210	-1.7460	1.1422	0.0137	0.9932	0.0325
1.1394	0.3199	0.3771	-0.3081	0.6915	-0.1165	-0.4827	0.8127	1.4759	0.4730	1.4863	-0.8609	-0.2320	0.3065	0.4530	-0.5391	-0.3067	-0.5362	1.5377	1.2728	1.0534	0.3545	-0.1695	0.1484	0.3050	1.2369	1.4030	0.8187	1.2387	0.3008	1.3197	-0.4045	1.0434	2.3097	-0.8849	-0.4131	0.3289	1.2116	-1.1644	1.7141	0.0869	-0.5683	1.1399	0.8146	-0.8105	-0.0147	1.2695	1.3287	-0.2823
0.9640	1.1387	0.0945	0.4698	0.2954	-0.3262	0.0270	0.2843	-0.5271	0.3349	1.8211	-0.9096	-0.2864	0.8818	-0.2002	-0.2847	0.5373	-0.7749	1.7329	0.3860	1.2434	1.3021	-0.0311	0.6601	-0.3525	-0.0507	0.8551	0.7248	2.3733	0.3076	0.5909	-0.6404	1.3813	2.0934	-0.8289	-0.2702	1.2102	1.3961	-0.1728	1.2328	0.5042	-0.6793	0.9597	0.5422	0.3722	1.4938	0.8376	0.2676	-0.4150
0.6785	-0.0253	0.3141	0.1083	0.2261	0.5901	0.1861	-0.1463	-0.1456	0.3441	1.2013	-0.1235	-0.3885	0.4637	-0.9174	-0.0716	0.3023	-1.0706	1.3063	-0.4966	0.5787	1.3679	-0.0436	0.7090	-0.4678	-1.3544	-0.0105	-0.0174	1.4641	-0.4812	1.2851	-1.8251	1.1862	0.2716	-1.0819	0.4266	0.9383	1.3281	0.0378	-0.2581	1.1233	-1.5140	0.4922	-0.4646	-0.3690	0.8196	0.7004	-0.0394	-0.4945
0.7108	-0.4567	-0.4283	0.6079	0.3988	0.4532	0.5230	-1.2921	-1.0670	0.5879	0.8288	-0.4574	-0.1595	0.4530	-0.8288	0.4694	0.9618	-1.9691	0.8937	0.5094	0.0341	0.4889	-0.1661	0.8891	-0.7238	-1.2737	-0.5590	-0.3160	0.9288	0.0727	-0.1152	-0.0428	0.5634	0.7017	-0.7938	0.2210	1.0359	0.9582	-0.4886	-1.2666	0.1837	-1.7197	0.4441	-1.6339	0.1924	1.4881	0.9244	-1.4781	0.7735
-0.0403	-0.8038	0.2228	0.2591	-0.2220	0.2452	-0.2797	-1.5080	-0.0641	0.2578	0.2445	0.0454	0.1946	0.6266	-0.9452	-0.2000	1.2394	-0.7712	0.2891	0.2420	0.1796	0.2276	0.1613	1.1666	-0.4447	-0.7184	-0.9092	0.0623	-0.5597	0.4451	0.4481	0.3927	0.0598	-0.2851	-0.0716	1.0630	0.2185	0.2541	-0.2268	-0.9497	-0.0350	-0.4347	-1.0058	-1.6561	-0.1092	-0.6427	0.8178	-1.2889	1.3607
-0.0281	-1.1312	-0.3823	-0.0397	-0.4843	0.2949	0.1691	-1.1374	-0.2981	-0.5554	0.3044	0.0359	-0.0085	-0.1222	-1.0412	0.3332	-0.2981	-0.0518	0.1981	-0.0459	-0.8802	0.0101	0.5934	0.0371	-0.6051	-0.0944	-1.3064	0.1247	-0.3529	-0.0650	0.3808	0.1263	0.0245	-0.1105	-0.4277	0.4177	1.0548	-0.2166	-0.4623	-1.6153	0.6631	-0.1827	-1.3623	-1.2140	-0.4519	-0.0111	-0.4373	-1.1692	1.8806
0.0282	-0.6565	-0.3377	0.1089	-0.0388	-0.0565	-0.1892	-0.7062	0.3805	-0.4021	0.1302	-0.2731	-1.1602	-0.1725	-0.0381	-0.2097	-0.2767	0.2444	-0.0622	0.2569	-0.7662	-0.5719	0.1171	-0.1219	0.1866	0.2797	-0.6215	0.2111	-0.2518	0.6292	-0.0411	-0.3437	-0.4732	0.1808	-0.3030	0.5907	-0.4517	0.0980	-0.5943	-0.3236	0.1707	0.3416	-1.5447	-1.2793	0.1571	0.7003	-0.2662	-0.3769	1.5389
0.7896	-0.1452	-0.1514	0.2444	0.4630	0.2655	-0.4075	-0.2823	0.5418	0.4935	-0.0104	0.6098	-0.5554	0.2460	0.6373	-0.0890	0.6439	1.3129	0.2155	0.1128	-0.5901	0.4346	0.1109	0.1330	1.1491	0.3600	0.1584	-0.1032	-0.2089	-0.5615	0.7627	0.2692	0.0068	-0.2244	0.0150	1.2612	-0.3469	-0.1788	-0.7543	-0.0360	0.5176	0.2806	-1.7406	0.0796	0.2769	0.7862	0.8345	-0.4671	0.4753
0.5416	0.0189	-0.5919	0.0206	-0.4473	-0.5960	-0.0564	-0.2400	0.9940	0.8638	-0.3787	0.0100	-0.2364	0.0977	-0.0400	0.0182	0.4418	0.5272	0.2346	-0.0259	-0.2701	-0.3491	-0.5391	-0.3331	0.0662	0.2307	0.2993	-0.1193	0.1154	-0.3578	-0.6904	0.7569	0.0090	0.1076	0.4533	0.3958	0.3511	0.0228	-0.3384	0.9998	-0.1522	0.0206	-0.9497	-0.4478	0.9269	0.0770	-0.3546	-0.3266	0.0129
-0.1416	-0.8395	0.1485	0.5900	-0.5176	0.5981	0.2515	-0.1680	0.5890	0.6007	-0.5652	0.1517	0.9373	0.3406	-0.5807	0.3633	0.7352	0.2948	0.8147	-0.1425	-0.1729	-0.0968	-0.9515	0.2998	0.1097	0.2092	-0.2443	-0.6176	0.0416	-0.6211	0.1747	-0.2665	-0.1356	-0.2742	1.2481	0.0030	-0.4553	-0.6599	0.0077	1.0178	-0.1976	0.2563	-0.8757	0.0657	0.0599	-0.8112	-0.0994	0.4089	-0.2171
0.2801	-1.1084	-0.5082	0.3301	-0.3248	0.0478	-0.0594	-0.2047	-0.0448	0.8006	-0.0452	-0.5329	0.1063	0.1800	-1.1884	0.2173	-0.2408	0.2701	1.2645	-0.0801	-0.4482	-0.4672	-1.1149	0.1315	-0.7899	-0.5268	0.0626	-0.9667	1.0070	-0.9649	0.0331	-0.7775	0.2777	0.6570	0.0910	-1.2188	0.8049	-0.0258	0.1298	0.5137	0.1135	-0.4879	-0.3503	-0.0256	-0.6363	-0.1544	-1.5727	0.4583	-0.7538
0.5145	-1.1619	0.0934	-0.0064	-0.1564	0.0328	-0.3593	-0.2647	1.1433	-0.1011	-0.8446	-1.7000	0.4917	-0.7582	-0.5685	0.4145	-0.3565	-0.4658	1.2309	0.3783	0.6321	-0.4139	-0.4578	0.3170	0.3684	0.2723	0.4774	-0.4285	0.8420	0.2873	0.6255	-0.6772	-0.3515	0.2783	-0.0193	-0.4694	-0.6993	-0.0730	-0.3969	0.6811	-0.4660	-0.0465	-1.1887	-0.7298	-0.4001	-1.3800	0.6338	-0.1162	-0.6886
1.0307	-0.5008	-0.1940	-0.3597	-0.3206	-0.4682	0.7017	-0.4817	0.2032	-0.1870	-0.4788	-1.6426	-0.0581	-0.7125	-0.3181	0.8945	-0.9741	0.0741	1.4411	0.4775	0.2163	-0.1628	0.2717	0.2674	0.5314	0.6306	-0.2622	-0.0721	1.3754	-0.8404	1.8676	-0.7268	0.0490	1.1601	-1.0832	-0.5607	0.2338	0.1842	-0.9126	-0.6674	-0.1933	-0.7785	-0.4270	0.1069	-0.9113	-0.2842	1.2535	-0.6790	-0.4367
1.0003	-0.0879	-0.2983	0.2667	-0.2009	-0.8067	-0.0005	-0.2432	0.7597	0.2102	-0.7492	-2.2224	-0.1140	-0.8514	-0.0206	0.9685	-0.8075	0.1768	1.8380	0.6711	0.1504	-0.1882	-0.0828	0.0837	0.4708	-0.4166	-0.1716	0.1837	1.6001	0.0136	2.0034	-0.6501	0.3009	0.6937	-1.0855	-0.6525	-0.1018	-0.9613	-0.8115	-0.4046	-0.3357	-0.1601	0.1617	-1.0106	-0.0138	-1.0122	1.4853	-0.4594	-0.4470
0.5364	-0.3379	-0.2629	1.3633	-0.2267	1.5095	0.3210	0.3770	0.5051	0.0772	-0.9944	-0.9690	0.8760	-0.5102	0.1504	2.0688	-0.8146	0.0934	1.7193	-0.3855	-0.4437	0.1615	0.5226	0.4823	0.6511	-0.2116	-0.6919	0.0792	1.3468	0.3223	2.6697	-0.3199	0.8537	-0.4177	-0.5283	-0.0350	0.0276	-1.6618	-0.8696	-0.4199	-0.2549	0.2989	0.0384	-0.3314	0.1894	-0.7469	2.1020	-0.2869	-1.2892
0.9558	-0.5776	-0.1838	-0.0235	0.3671	0.0929	-0.2009	0.3928	0.5218	-0.4543	-0.7030	-0.4734	0.4215	-0.0263	0.0162	1.2641	-0.9244	0.2870	1.3808	0.0653	-0.2767	-0.5768	-0.6140	-0.3300	0.3038	0.8641	-0.4413	-0.7561	0.7126	1.1474	1.6349	0.4181	0.5252	0.4169	-0.4254	-0.5869	0.4445	-0.5727	-0.6558	-0.3363	-0.9614	0.4094	-0.1240	-0.0883	0.7047	-0.1336	1.5860	0.2594	-1.8850
0.2661	-0.3895	0.6211	-0.0923	0.5149	0.1382	-0.7772	-0.4978	0.8225	-0.1545	-1.0855	-0.5260	0.6394	0.5253	-0.0794	0.3878	0.9508	0.7340	1.1555	0.2300	0.9488	-0.0357	-0.8894	0.6787	0.5512	0.4714	0.1235	-0.9005	0.5031	1.6683	1.9197	-0.1395	0.2773	-0.1852	0.4596	-0.5450	-1.1932	-0.1963	0.4773	0.4551	-0.7616	1.1862	-0.5160	0.5130	0.7653	-1.5590	1.6578	0.6176	-1.7903
0.2384	-0.0163	-0.1670	-0.0933	0.1757	1.2599	-0.7156	-1.0157	0.3330	0.6693	-0.6080	0.4969	0.4141	1.0106	0.0157	0.2624	1.3222	1.1613	1.0991	-0.0510	0.5060	0.3640	-0.0303	0.7467	0.3773	0.1156	0.3047	-0.2615	0.7990	0.1755	2.1976	0.5033	0.8997	-0.0664	0.9763	-0.2956	-0.2061	0.5708	0.8545	0.5269	0.4001	0.9489	-0.0147	1.7922	0.0342	-1.0865	0.3892	0.6086	-1.4173
0.5476	-0.4271	-0.2167	0.3092	0.7528	2.2093	0.6399	-1.4590	-0.1469	1.1821	-0.5016	1.0836	0.1033	0.7593	0.1806	0.2712	1.4442	1.6266	0.8204	-0.4391	0.0325	1.0014	-0.3762	0.4376	0.4358	-0.0839	1.0431	0.5106	0.4331	0.0958	0.7671	0.4520	1.0185	-0.1299	0.6711	-0.2975	0.6766	-0.1770	1.2066	1.2331	0.2296	1.3051	-0.1952	1.5733	-0.2031	-0.1939	-0.9898	0.3160	-0.5841
0.6915	0.6726	-0.0028	-0.1141	1.5910	1.8752	1.7534	-1.3678	0.2289	1.3956	0.4793	0.3418	0.0329	0.2079	0.9641	0.3023	0.3541	2.1797	0.4776	0.7138	0.4539	1.0388	-0.1324	0.0554	-0.0771	1.2088	1.4758	0.7973	0.0553	0.8092	-0.3618	-0.3916	1.4978	0.6921	0.2957	-0.0519	0.6994	1.3467	0.6986	0.8085	0.9054	0.9215	0.9495	1.7156	-0.5922	1.2143	-1.1453	0.7225	0.4125
1.0378	1.4332	0.5374	-0.6367	0.8329	-0.2883	0.8688	-0.4375	0.9820	1.2388	0.7626	-1.3991	0.8588	0.0118	1.3082	0.4167	0.0493	2.4956	0.4777	0.7731	1.9635	1.5938	-0.2562	0.4867	0.0767	0.3560	2.2495	1.3002	-0.5309	1.5822	-1.6139	-0.2519	1.7777	0.1331	0.8511	-0.0268	0.3423	1.1012	-0.0008	0.2580	0.8626	1.1590	1.3893	1.0100	0.7567	0.6819	-0.5915	1.6785	1.2566
0.8943	1.7309	0.1735	0.8363	-0.4694	-1.0067	1.1942	-0.8900	0.1095	0.2750	0.8477	-1.2676	0.8304	-0.7821	0.1402	0.8786	-1.1984	0.5195	-0.1678	-0.1608	1.5193	1.2823	0.2630	0.0741	-1.0539	0.0104	0.7984	1.1106	0.0096	1.5343	-1.7176	-0.3715	1.1584	0.3135	0.4221	-0.9468	0.8542	0.3832	-1.0967	-0.5533	0.9310	-0.0654	2.0951	0.3130	0.8746	-0.0629	-1.5040	1.1659	1.3045
0.7613	0.7527	0.0741	0.6995	-0.6986	-0.1984	1.1000	-0.3143	0.6127	-1.0913	0.9270	-0.1389	0.8017	-0.3695	-0.3860	0.1090	-0.8272	-0.3510	-0.1095	0.3657	0.7797	1.1557	-0.0027	0.3930	0.3816	0.2952	-0.2482	0.9379	-0.2344	0.9513	-0.6967	0.4008	0.1352	0.6969	-0.2452	-1.0151	0.6370	-1.2147	-1.8666	-1.0536	0.0486	-0.2335	1.0857	-0.0378	-0.7510	-1.9076	-0.2635	0.7248	0.8495
0.1571	0.2200	0.4020	1.3621	-0.7584	0.2011	1.5946	-1.5281	-0.3531	-0.8559	0.6419	0.4305	0.7850	0.0877	0.0540	0.2723	1.0790	-0.6004	0.2896	0.1284	-0.0051	0.9400	0.1988	-0.7505	0.2251	-0.5470	-0.7135	0.3424	0.3488	1.0204	-0.4797	0.2412	-0.2563	0.0652	0.2270	-0.9365	-0.1482	-0.5415	-0.8864	-0.6722	-0.8171	0.2303	0.4510	0.2548	-0.4091	-0.9261	-0.2413	-0.3111	0.4881
0.4512	0.5063	0.7650	0.8583	-0.2752	-0.5496	0.9923	-1.0442	-0.0359	0.5015	0.5042	1.1958	0.5085	1.0646	0.6168	-0.0722	1.5063	1.0711	0.0613	0.3592	0.3574	0.9014	0.6789	0.0213	1.0189	-0.3731	-0.9659	0.7670	-0.5169	-0.3748	0.8386	0.4981	-0.4067	0.4073	0.0320	0.3133	-1.1229	-0.0747	-0.5512	-0.4768	-1.0123	-0.1193	1.0742	-0.4102	-0.8525	-1.5418	-0.5206	-0.8094	0.2148
0.9750	0.4902	0.1882	0.2258	-0.4119	-0.4487	0.3602	0.4714	-1.0084	0.0110	-0.2330	0.9291	0.4377	0.1526	0.2968	0.1819	1.4061	0.1482	-0.2548	-0.0031	0.0794	1.0153	-0.6441	1.0201	1.0625	-0.3143	-0.6460	0.0558	-0.6174	-0.4753	0.0290	0.7198	-1.6024	0.1189	0.3621	0.1386	-0.0223	-2.0159	-0.3434	-0.5683	-0.2598	-0.5783	0.8571	-0.4501	-0.0994	-1.4715	0.8654	-1.6136	0.4630
0.4911	0.7065	0.3379	1.3691	-0.7558	1.6515	0.4966	0.8339	-1.1206	0.6093	-0.6799	1.1010	1.7323	0.0012	0.6559	1.4631	1.0747	0.1885	-0.6424	-0.1008	-0.3911	0.4466	-0.8295	0.4068	1.2695	0.0066	-0.9680	-0.3443	-0.5207	0.3737	0.3021	-0.0157	-1.1412	-1.0764	1.6716	-0.6166	-1.2943	0.0010	-0.1375	-0.4736	0.4793	-0.3528	0.5539	0.0041	0.0904	-0.8017	0.0047	-1.6535	0.7979
0.7823	2.2584	0.5039	-0.1978	0.2103	0.4450	1.2583	1.2088	-1.3429	-0.3456	0.2857	0.8118	0.6114	0.6299	0.2864	0.3718	0.3305	0.8126	-0.1325	0.4882	-0.5731	0.0212	-0.7445	0.2235	0.7439	0.8288	-0.5834	0.4302	-0.5931	-0.7985	-0.7573	1.2156	-0.6937	0.6625	1.1662	-0.3183	0.2611	0.0504	0.5645	-1.2492	0.4179	-0.6072	1.7168	0.0238	-0.2697	1.0175	-0.6731	-0.4533	0.9075
1.1972	1.4526	0.3889	-0.9652	0.6510	-0.1010	1.7223	0.7638	-0.2351	0.6495	-0.2380	0.5585	-0.0298	-0.3033	0.9419	-0.5300	-0.5249	-0.1428	-0.3009	-0.5718	-0.4212	-0.1450	-0.6087	0.0937	0.4484	0.0955	0.4076	0.0489	-0.9196	-0.6661	-0.7190	1.4249	-0.7059	-0.8132	1.0820	-0.7498	-0.6399	-0.1522	0.2701	-0.5159	1.2216	0.5147	1.6678	0.1065	-0.0096	0.8442	0.1570	0.3636	0.9315
1.1218	2.2110	1.5543	-0.6826	0.7754	-0.2866	1.2791	-0.2202	0.6709	2.3386	-0.6185	0.2944	0.4676	0.3125	2.0901	-0.5515	-1.7327	-0.1713	-0.1670	-0.3055	-0.7643	-0.1042	-0.1929	1.0277	-0.1224	-1.2912	0.3964	0.6740	0.2136	0.3805	-0.2292	0.2914	-0.1251	-0.7079	0.8080	-0.0694	-2.7121	2.2516	1.0767	0.3762	1.3751	1.2050	3.1233	-0.6505	0.8997	-0.2319	0.5314	1.9999	2.5649
0.2605	2.3437	3.4594	-0.9924	3.4716	-0.8433	-1.8846	1.1164	0.0917	0.8998	0.9873	0.0882	-0.5666	-0.3051	2.4911	-0.2933	-0.4669	-0.0946	-0.6073	1.2625	0.6490	1.6046	2.4731	1.9303	-0.8284	1.5286	0.2252	1.2428	0.4930	0.8818	-0.0143	2.5203	0.7626	-0.0118	-0.1190	0.6020	1.7770	-0.6576	0.5088	-1.7614	1.1943	0.7673	1.3548	0.7639	0.5814	1.6776	1.6540	1.3290	1.8059
-0.5231	2.3674	2.9533	0.1478	1.6739	-0.9681	-0.7162	1.5054	-0.1490	1.1015	2.5337	-1.5265	0.1926	-0.7233	1.5640	-0.1933	-1.0019	-0.8089	-0.7033	0.9839	1.0919	1.1233	2.0996	1.3322	-0.8062	0.5339	1.4576	1.9780	-0.5630	1.4469	0.1855	1.1011	1.0528	-0.8195	-0.0451	0.7444	1.6988	0.9250	-0.6069	-1.2805	2.3362	-0.4622	2.2601	-0.1308	1.7491	0.1596	0.8150	1.1515	1.2180
-0.9150	1.0245	2.6983	-1.5562	0.1104	-1.4686	-0.2865	1.6063	-0.0189	0.2951	1.0956	-1.0149	-1.4166	-1.5150	0.5768	0.1102	-1.0498	-1.2110	-1.2170	0.6050	-0.1362	0.2616	1.1145	1.0735	-0.9869	-0.1456	0.1326	1.1948	-1.1512	0.1563	-1.7430	1.6912	0.5344	-1.1221	-0.9527	-0.9730	1.0014	0.7244	-0.6889	-0.6623	0.7558	0.2366	1.8640	-1.6716	0.5298	0.4898	-0.6362	0.8537	0.8745
-0.9325	0.1477	1.9545	-1.7619	-0.1980	-1.1496	-0.9624	2.2467	-0.5147	-0.5217	0.7878	0.0066	-1.5379	-1.7245	0.1150	0.3048	-0.8034	-1.0732	-0.8155	0.6197	-0.3625	-0.3460	1.0850	-0.0361	-0.1997	0.7981	0.1786	0.6423	-1.4207	-0.9600	-1.5310	1.6308	-0.1126	-0.8711	-0.1257	0.0855	0.6382	-0.7347	-0.5925	-0.6419	0.2040	0.2587	1.0029	-0.0715	0.2875	1.0778	-0.1997	0.6747	0.4149
-1.0076	0.2371	0.6720	-0.7381	-0.1350	-0.1673	0.0358	2.0926	0.3241	0.3507	0.0723	1.1589	-1.1344	0.7669	1.5230	-0.2291	-0.0220	0.4831	-1.2645	-0.2141	0.4059	-0.6936	1.3486	-0.4337	1.0039	1.4760	-0.1130	0.4912	-0.6404	-0.0969	-1.2268	2.0763	0.0434	-0.4554	-0.0507	1.5526	-0.9317	0.9587	0.7734	1.2181	-0.8102	1.5051	-0.0510	1.0687	0.5312	1.3406	-0.4634	1.2153	-0.1375
-1.0939	-0.2096	-0.3144	0.2514	-0.3375	1.3724	0.4431	2.4469	-0.6684	0.2785	0.5565	0.6540	-0.5873	1.0297	0.1087	-0.4898	0.7458	-0.3157	-0.8663	-1.0995	0.7602	-0.6256	0.4887	0.0850	1.6712	0.8230	0.6239	0.1459	-1.1669	-0.1573	0.4878	0.2887	-0.5614	-0.8463	1.1724	2.5153	0.3712	0.5521	1.8991	1.9220	0.0876	0.6003	-0.3593	1.1438	1.0024	0.0373	0.3705	1.3563	-1.3373
-1.7449	-1.6640	-0.9472	-0.8436	-0.6092	1.1520	0.1935	1.7386	-0.7675	-0.3729	-0.1034	0.7919	-0.7978	0.2411	-0.4032	-0.4044	0.6508	-0.5093	-0.9975	-1.4709	0.6318	-1.0159	0.2934	-0.7836	0.8600	0.4339	1.3013	-0.4760	-0.8807	-0.8832	0.4269	-1.3257	-0.3693	-1.3175	2.2419	1.6705	0.3206	0.4237	2.1060	1.2496	0.4431	-0.2964	-0.7602	2.2389	1.2740	-0.0512	0.0396	1.4610	-1.7549
-1.4008	-0.7419	-1.1849	-0.0910	-0.2336	1.7635	-0.6440	1.7966	-0.2646	-1.1045	-0.2158	0.1950	-0.1581	0.2551	0.3867	-0.2784	1.0188	0.1631	-1.0859	-0.8010	0.9091	-1.0813	-0.8614	-1.1858	0.8486	0.7950	0.9396	0.0647	0.1690	0.1391	-0.5801	-0.4000	-0.2079	-0.5013	2.6320	0.9294	-1.0098	0.0046	2.2631	2.0308	-0.0620	0.4759	-0.7807	1.2504	1.3692	0.6364	-0.0720	1.4470	-1.1827
-0.5698	0.0963	-0.9994	0.5201	-0.8485	0.4436	0.1941	0.3070	0.4237	0.0948	1.0007	1.3588	-0.8526	1.0590	0.9341	-0.6216	1.4750	0.8424	-0.8684	-0.3872	1.1188	-0.9670	-0.4588	0.1821	-0.0073	0.2765	0.9444	0.4293	-0.1194	-0.0970	-0.5934	0.1192	-0.0200	0.0886	1.9233	0.7489	-0.8343	0.5706	2.1411	2.2814	0.5799	0.7137	0.5039	0.0351	0.1127	1.2259	-0.5729	0.8673	-0.3989
-0.2342	-0.4645	-1.2106	0.3749	-0.3037	-1.1479	0.2736	-0.4420	-0.2931	-1.3246	0.9809	1.2028	-0.8283	1.0020	0.4507	-0.8380	1.0102	-0.1548	-0.3090	0.1601	-0.0873	-0.7191	-1.2881	-0.4444	-0.1819	-0.7087	0.6222	-0.7222	0.0908	-1.1955	-0.7004	0.6953	-0.6886	0.9122	1.2857	0.7972	0.1897	-1.0262	1.8298	1.3400	0.5513	-0.4675	-1.1909	-0.4442	-0.7205	0.9486	1.3475	-0.1743	1.0596
-0.3064	-0.8656	-0.3982	0.5213	1.5182	0.5868	-1.0358	-1.4927	0.1697	-0.0194	0.2869	1.3138	-0.0204	-0.2046	0.9968	0.8570	0.3522	-1.2115	-0.6337	1.1591	-1.4675	-1.0511	0.0987	-0.9338	-0.0284	0.1620	0.4718	-0.1975	-0.4912	0.1911	-0.6176	0.8159	-0.2935	1.0034	0.1302	-0.2216	0.3234	0.8809	0.3446	0.9750	0.2116	-1.4250	-2.0161	-0.2740	-0.7537	-0.1179	-0.2219	-1.7671	0.3150
-0.5984	0.6259	1.4570	0.2466	1.5754	0.1702	-0.2437	0.8308	0.1879	1.2832	0.8368	0.1885	1.6182	1.0122	0.9828	1.6518	0.4875	-0.0299	0.0755	1.5638	-0.9004	-0.2698	0.8286	-0.1474	1.9409	0.4281	1.8561	1.6769	-1.1553	-0.6527	0.1613	0.5864	0.9561	1.4086	0.1631	1.1867	0.2139	1.6552	1.0671	0.0518	0.7340	-0.4933	-0.9887	0.4821	0.8364	0.9937	0.3476	-0.0458	0.8865
-0.6631	1.1236	-0.4111	0.8932	0.5232	-1.1097	0.4091	1.0390	-1.6132	0.9934	1.4701	-1.2318	2.4784	-0.7980	-0.2671	2.2128	-0.6302	-1.8043	-0.1105	1.7862	-0.9152	0.1277	2.0651	0.9714	0.0076	0.8292	0.9509	1.1190	-1.0810	0.0962	-0.3092	0.7380	0.7693	1.5554	-0.3868	-1.2128	2.8137	1.3148	-0.5951	-1.0966	1.7206	-0.3310	0.4225	-0.6572	0.3451	2.0083	0.5137	-0.9633	1.9479
-1.6996	0.5071	-0.5002	1.2927	0.7067	-2.6523	-0.4389	0.0422	-0.1299	0.9912	0.4255	-0.4784	2.2115	-0.8963	1.2145	0.8886	-0.5408	-0.1884	-0.5973	1.3828	0.4962	0.0499	2.2355	0.7666	-0.5771	0.8373	0.4622	0.9519	-0.7821	1.0085	0.1436	0.8702	0.7875	0.9260	0.0947	-0.9871	0.4264	0.4893	-0.5301	-0.4011	0.7803	1.1522	0.8245	-1.0742	0.5134	-0.0485	0.1800	-0.0905	2.4572
-1.2737	-0.3954	-0.6492	1.2654	0.4955	-0.9414	-0.9557	0.0396	-0.2994	-0.1124	0.6718	0.7347	1.3205	-0.3330	0.8956	0.6667	-0.4311	0.9550	0.1105	0.2352	0.0200	0.6787	0.8029	0.7792	-0.0178	-0.1079	-0.3673	0.5427	-0.2595	0.4648	-0.1686	1.5866	0.5871	0.3506	0.3292	-0.1438	1.0329	-0.5842	-0.2371	-0.0945	0.2773	0.6424	0.1436	-0.3751	-0.5429	-1.0515	0.0130	0.1160	1.0654
-0.7997	-0.6000	-0.0333	0.0146	-0.0157	0.5457	-0.4548	0.7216	-0.4778	0.4416	0.5356	1.0999	0.1719	0.5172	-0.2099	-0.0433	0.6621	1.2795	0.3596	-0.2879	0.0770	0.5438	-0.8256	0.3033	0.3414	0.6151	-0.0095	-0.0652	-0.3157	0.7077	0.1451	0.0752	-0.0234	-0.2522	0.4187	0.9330	0.8285	0.1069	0.5766	0.2930	-0.0771	0.4907	-0.6649	0.4859	-0.6127	-0.7601	-0.3429	0.5304	-0.5398
-0.9522	0.2199	-0.3103	-0.0954	-0.5694	1.0933	0.2233	0.3845	-0.9247	0.3662	0.0054	1.2390	-0.7477	1.7090	-0.4049	-1.2487	0.6044	0.4087	-0.4406	-0.7878	0.8987	0.0011	-1.1039	-0.6931	0.9505	1.1268	0.0394	-0.0120	-0.2659	1.7249	0.3424	-0.4273	-0.0360	-0.3415	0.4299	1.8253	-0.0396	0.6319	0.4223	-0.2713	-0.2243	-0.0688	-1.1966	-0.1090	0.5249	-0.1573	0.0968	0.4734	-0.2954
-0.4621	-0.1295	-1.5076	0.4512	-1.7047	0.2244	1.0599	-0.8455	-0.4546	0.9619	0.0644	1.0703	-1.3960	0.9493	-0.4693	-1.2460	-0.2855	-1.5008	-1.0601	-1.3203	0.6966	-0.5885	-0.3532	0.3840	-0.6568	-1.8774	-0.7842	-0.9144	0.5250	2.0722	0.2402	-0.4562	-0.4168	-1.5570	0.3037	0.3389	0.4593	0.6936	0.7288	0.4972	0.0597	-0.1188	-0.7410	-0.6849	0.9768	-0.2207	-1.1294	-0.1493	-0.3458
0.5358	-1.3803	-1.5569	-0.0449	-1.8049	-0.1104	1.2921	-0.9233	-1.1478	-0.5739	-1.1453	1.3439	-1.0235	-0.4572	-2.2362	-0.5840	-0.9679	-1.4378	-0.0852	-1.2770	-0.8559	-0.7352	-0.5743	0.4045	-0.9214	-2.7885	-1.1316	-1.3936	0.3925	-0.6693	0.7313	-2.1024	-1.5853	-1.7585	-0.9017	-0.4363	0.2345	-1.0857	0.0890	-0.6510	-1.0576	-1.4251	-0.8059	-0.9033	-0.3517	-0.7297	-0.6217	-1.8908	-1.8027
0.0996	-1.9894	-1.0184	-0.2055	-1.5548	-0.3898	-0.0252	-0.0285	-1.9909	-1.4226	-2.2382	0.7152	-0.6698	-2.0536	-3.0357	0.1396	-0.6952	-2.5352	-0.0383	-1.7090	-1.7371	-1.6378	-0.5722	-1.3624	-0.8195	-1.7980	-1.5894	-1.5426	0.1242	-1.0066	-1.1414	-1.8246	-1.9888	-1.1692	-1.2568	-1.1333	0.6845	-1.3393	0.3371	-1.7668	-1.0979	-2.1423	-1.5102	-1.1427	-1.1035	0.5883	-0.7186	-2.6683	-2.3267
-0.6618	-1.3342	-0.8356	1.1445	-1.6756	-0.7653	0.4576	-0.7581	-0.5193	-1.1698	-2.5118	-0.6080	-0.3242	-1.3651	-1.2260	0.1132	-0.0158	-1.4264	-0.9943	-2.3302	-1.4554	-1.7036	-0.1051	-3.1793	-0.4150	-1.0121	-1.3840	-1.0414	-0.0696	-0.3024	-1.4238	-2.1202	-1.1659	-1.4195	-0.6392	0.0831	-1.8132	-0.5474	-0.2280	-1.2878	-1.2708	-1.6333	-1.6692	-0.7183	-0.0531	0.3569	-1.3358	-1.7677	-1.0858
-0.5225	-0.6991	-0.3785	-0.9557	-2.4194	-2.4236	0.0077	-1.6655	0.2583	-0.1954	-1.1557	-1.0774	-0.9068	0.5769	-1.0579	-1.5404	-0.0939	0.1703	-1.1403	-1.7690	-0.7828	-0.9770	-1.2362	-1.0487	-0.9852	-1.1379	-1.5761	-1.1579	0.0673	-1.8180	-1.1539	-1.9378	-1.2207	-0.3657	-1.6676	0.7445	-1.9974	0.3402	-0.5327	-0.2698	-0.9253	-1.2426	-0.9218	-0.5758	-0.8140	-1.3140	-0.7843	-1.1499	-0.4160
0.2637	-1.3981	-1.1705	0.0872	-1.3224	0.4182	-0.8319	-1.8381	0.0885	-2.2301	-1.2893	-0.5919	0.3872	-1.0984	-2.0530	-0.2761	-1.4499	-0.1513	-0.4279	-1.1174	-1.6225	-1.4453	-1.3894	-1.9285	-2.7996	-0.2967	-1.4358	-1.7271	0.0535	-0.9705	-0.1556	-1.8643	-1.7382	-0.3424	-1.6140	-1.2728	-0.3415	-1.3099	-1.5428	0.1201	-0.8065	-1.8197	-0.9552	0.4215	-1.8676	-0.5393	0.2817	-1.0609	-0.6141
-0.1251	-1.3748	-0.7973	0.4647	-0.9505	1.2484	-0.6505	-2.2843	0.5315	-1.7728	-1.6124	-1.4633	1.3723	-0.4962	-1.4109	0.4632	-1.3770	0.5420	0.0134	-0.2079	-1.2517	-1.2591	-1.7857	-2.7178	-1.8697	-0.1699	-1.1742	-1.4121	1.1238	0.4636	0.1000	-2.3128	-1.1155	-0.8699	-0.9436	-2.0535	-1.4330	0.0418	-1.4275	0.5067	-1.8299	-0.3240	-1.3944	1.0010	-0.6819	0.3738	-1.0072	-0.0735	-1.3866
0.4517	-1.0443	-0.8939	-0.8829	-0.5989	0.6018	-0.2193	-1.1876	1.0920	-0.3582	-1.4511	-0.6248	0.2441	-0.0981	0.0861	-0.3133	-1.5618	1.0974	-0.0924	0.1412	-1.1395	-0.7211	-0.9674	-0.5657	-1.1358	-1.0384	-0.5817	-0.5468	1.0466	0.0914	-0.4702	-0.2500	-0.5554	0.4187	-0.3626	-0.8568	-2.2249	0.7627	-0.7608	1.5758	-2.1161	0.5420	-1.2346	0.7175	-0.1610	0.2535	-1.5644	-0.1467	-1.5835
0.1589	-1.4408	-0.9717	-1.0589	0.2134	-0.3068	-0.2701	-1.1909	1.4479	-1.5538	-1.3044	-0.2856	-0.6846	-0.3161	-0.8882	-1.3790	-0.8713	1.5404	-0.4675	-0.8275	-0.7549	-0.1494	-0.8877	-0.9648	-1.5198	-0.2867	-0.6805	-0.9070	-0.0214	-1.0717	-0.8681	-1.7627	-0.6070	-0.1188	-0.8877	0.7315	-1.2699	-0.8827	-0.0879	0.5398	-1.1829	0.2336	-1.5845	0.6589	-0.7944	-0.0771	-0.2309	-0.4069	-1.0601
-0.5401	-1.5587	-1.0053	-0.7153	-0.6743	0.0831	0.7646	-0.8258	0.6078	-1.2750	-1.5732	-1.5164	-0.5407	-0.3486	-1.3801	-0.7700	0.0466	1.4405	-0.0146	-0.3549	-0.7409	-0.2346	-2.1837	-0.4873	0.0264	-0.5410	-0.2572	-0.7445	-0.5012	-0.2710	-1.8748	-1.3645	-0.6664	-0.4856	-1.5104	0.9232	-1.8260	-1.1511	-0.5061	-0.0978	-1.5635	-0.1729	-2.3777	0.2012	0.7423	-0.3837	0.0723	-0.8803	-0.6658
-0.4309	-1.5396	-1.1098	-1.8748	-1.2459	0.3056	0.9889	-0.1389	0.1580	-0.4191	-0.5769	-1.5346	-1.5505	-0.0378	-2.3115	-0.2929	0.8889	0.6358	0.3056	0.0508	-0.7148	0.1678	-1.8658	0.3958	-0.9172	-1.1840	-0.5155	-1.0140	-0.1878	-0.4309	-1.9248	-0.8200	0.0240	-0.3140	-1.4310	0.6522	-0.4231	0.4375	-0.4995	-1.2950	-1.1080	-0.4468	-2.2439	0.1209	-0.0449	-0.1844	-1.3481	-1.1107	-1.2287
0.6810	-1.1906	-1.0808	-1.7702	0.1061	-0.1584	-0.0800	-0.3232	-0.0345	-0.9485	-0.2213	-0.1590	-1.0837	0.3924	-1.8194	-0.6654	-0.0545	0.2444	0.0010	0.3767	-0.2838	0.4651	-1.0560	-1.3517	-0.8079	-0.7176	-0.6443	-1.2190	-0.5676	-0.8182	-1.5894	-0.0561	0.3659	-0.1323	-1.0791	0.2483	0.1086	0.1700	-0.9155	-2.1000	-0.3313	-1.4045	-1.0584	-0.1246	-0.6493	0.5003	-0.5526	-0.4392	0.2092
0.3198	-1.0895	-0.9827	-1.4354	0.4140	-0.6107	-0.3636	-0.4834	0.8898	-0.7128	-0.7097	0.6505	-1.2596	-0.4182	-0.5360	-1.0883	0.1191	0.1921	-0.7570	0.2077	-0.2402	0.8068	-0.3614	-0.4211	0.3061	-0.9859	-0.8467	-1.3880	-0.9657	-0.7484	-0.5817	-0.1438	-0.1297	-1.0630	-1.4078	-1.1379	-0.8964	-0.1123	-0.9403	-0.9643	-0.5376	0.2791	-0.4814	-0.7281	-1.2969	-0.7260	-0.2938	-0.0132	-0.0794
0.2734	-0.2120	-1.0246	-0.2761	0.1590	-0.0148	-0.9247	0.4154	-0.1457	-0.8919	0.0983	-0.5290	-0.0572	-1.1679	-0.5566	-0.7167	-0.7739	0.7434	-0.7061	0.2656	-0.5727	0.5885	0.6836	-0.5096	0.9275	-1.3247	-0.0588	-0.8616	-1.2709	-0.8244	1.3082	-0.4505	-0.0760	-1.3962	-0.8095	-0.7106	-0.5621	-0.6043	-1.0199	-1.3530	0.4699	0.6097	0.0078	0.3533	-0.5219	-0.9009	0.0112	0.1909	0.2264
0.4842	-0.0582	-1.0795	-1.4522	0.2074	-1.3376	-0.8717	0.1604	-0.4127	0.2459	-0.7271	-0.7243	-1.1253	-1.9047	-0.8573	-1.0063	-1.1489	0.5071	-0.2247	0.4825	-0.5634	0.2074	0.3354	-0.0474	0.8295	-1.1497	0.0528	-0.3190	-1.4406	-2.5993	-0.1043	0.6483	-0.3105	0.5414	-1.2055	-1.2604	-0.6088	-0.0999	-0.7177	-1.2845	-0.5055	0.9053	0.4832	-0.4692	-0.0608	-0.4478	-1.8134	-0.4378	0.5499
0.4872	0.2629	-0.3414	-1.0854	0.5808	-1.2280	-0.8760	0.1097	0.9014	-0.1272	-1.0304	0.7309	-1.5200	-1.9496	-0.7544	-0.7510	-0.8990	0.1789	0.0900	1.0885	0.5092	0.0317	-0.1988	-0.1744	0.5744	0.8135	-0.2651	-0.3610	-0.6673	-2.4754	-0.0587	0.2887	-0.7220	0.7730	-0.6892	-1.6750	-0.7497	-1.0111	-0.9403	-0.3753	-0.7452	1.4537	0.5640	-0.5061	-0.8783	-0.0423	-0.6956	-0.4948	0.9533
0.9784	0.9966	0.6137	-1.5971	0.6092	0.7565	-1.2951	0.4380	1.6271	-0.5951	-0.6961	1.0297	0.3429	0.3426	-0.1524	0.3258	-0.1241	0.2994	0.6754	1.7925	0.7903	0.2882	0.2385	0.7177	0.9995	1.4738	-0.4687	-0.1689	0.4780	-1.3139	0.5572	0.3883	-0.4523	1.5790	-0.2497	-0.5153	-1.1896	-0.2429	-0.5290	0.4398	-0.1435	1.2921	0.5979	-0.4991	-1.3369	-0.3578	-0.1842	0.0589	0.7334
1.4390	0.5370	0.2356	-0.7641	0.1940	0.9025	-0.5337	0.7426	1.5596	-0.1030	-0.6263	1.6501	0.5396	0.9309	-0.5430	1.1317	0.4046	0.4519	1.5595	0.1191	1.2485	0.9337	0.8455	0.3290	0.8384	0.1370	-0.7994	-0.4976	1.4076	-2.0840	1.4331	-0.0239	0.0748	1.3133	0.1606	-0.3302	1.2189	-1.5802	0.4396	0.4450	0.6596	0.5247	0.9318	-0.0372	-1.0806	-0.1414	-0.0022	0.6133	-0.8543
1.5077	0.1938	-0.0323	1.0942	-0.1070	1.1860	-0.3368	-0.0703	1.4018	-0.0098	-1.0644	1.1422	0.9646	0.6197	-0.5250	1.7977	-0.1255	0.6666	2.3543	-0.6488	1.5249	1.1313	-0.1863	-1.3413	0.4910	0.4906	-0.8524	-0.9617	1.8091	-0.6483	1.5954	-1.4657	0.4079	0.0043	0.4023	-0.4488	1.2927	-0.5818	0.4225	0.2273	0.4267	0.2597	1.1768	-0.2767	0.2380	0.1965	1.3441	0.6452	-1.2592
0.7978	1.0327	0.1803	0.3323	1.0731	-0.8768	-0.8452	-0.7737	1.0814	1.0299	-0.7536	1.6503	0.1121	0.7882	0.7071	0.6395	-0.0203	-0.1970	2.5624	0.5721	1.4552	0.2878	-1.2964	0.0726	-0.0340	0.2977	-0.4817	-1.3834	3.1119	-0.5448	1.6457	-0.1489	0.9746	0.8536	0.9102	-0.0409	-0.1575	0.7897	2.1280	2.0833	0.9657	-0.4383	2.0841	-0.3127	2.4294	1.2756	3.2571	0.7518	-0.2779
-0.3740	0.7298	1.6562	0.4408	2.6801	-0.7183	-3.1227	0.1846	-0.1924	0.7161	1.6507	0.8608	0.7609	0.9204	1.7729	0.7412	0.3189	-0.7410	1.6463	1.1290	0.8486	-0.5208	0.0225	1.1756	0.7420	1.7775	0.5231	0.1699	2.6995	0.3140	2.4259	0.1214	1.5410	1.6425	0.8493	0.1572	2.1655	0.1813	1.9493	1.7204	0.9386	-2.2693	0.8433	1.0488	1.2110	1.6757	2.9426	-0.1699	-0.1694
-0.3611	1.5580	2.4473	0.5260	1.4222	-0.8670	-2.2363	0.6891	-1.2586	1.1351	2.4692	-1.0373	1.1448	1.6631	1.7581	0.4508	0.4473	-0.9013	1.2355	0.4170	0.8884	0.0379	1.0320	1.4507	0.8041	1.7837	1.1795	0.8062	2.4573	1.9986	0.4274	0.4102	2.0220	2.9547	0.1751	-0.4056	2.2665	0.9675	1.1369	0.9574	0.5021	-1.3128	0.5248	1.2000	0.2776	2.2529	1.1501	0.6232	0.3784
-1.2039	0.7427	3.1579	1.8435	-0.5024	-0.3262	-1.7394	-0.5903	-1.0308	0.9521	1.4924	-1.5051	0.7130	0.6301	0.2323	-0.4522	-0.1517	-1.3084	0.3570	-0.6925	0.3296	0.5821	0.9298	2.1634	0.0477	-1.1521	0.9220	0.8834	1.3091	0.5925	0.3430	-0.5292	0.8649	-0.0791	-0.1878	-0.5205	1.1140	0.0291	-0.0117	0.9629	1.0353	-0.2599	0.2302	-0.7832	-1.3419	-0.7516	-1.1620	1.2403	0.8434
-1.4309	0.1062	1.7683	1.9591	-0.1071	-0.5691	-1.5460	-0.2576	-1.2451	-0.3658	0.5878	-1.6707	-0.0334	-1.2365	0.3360	-0.3063	-1.2225	-2.0228	-0.4046	-0.1403	-0.4033	-0.0026	2.2825	1.2431	-0.3900	0.1149	0.5948	0.9448	0.0249	0.1465	-0.5969	0.0348	-0.1368	-0.7597	-0.6538	-0.1206	1.6824	-0.5674	-0.5612	-1.3208	0.3331	-0.2784	0.1651	0.0162	-1.7122	-0.7122	-0.9088	0.5732	0.4267
-1.2456	0.3627	-0.0056	2.3764	0.6811	-0.1208	-0.9268	-0.0523	-0.8647	-0.9387	0.5800	-1.8455	-0.7199	-1.4894	1.7383	-0.2945	-0.0003	-1.9513	-0.8113	-0.3375	-0.8727	0.0974	1.3287	0.1122	0.5644	1.2229	1.0211	0.6974	-1.3226	1.2382	-1.2990	1.1923	-0.1449	-1.2753	-1.0528	1.6740	-0.0510	-0.0309	-0.2062	-0.4621	-0.4928	0.7586	-0.0506	-0.2178	0.4266	-0.2102	0.3648	0.2563	0.6519
-1.7782	0.4570	-0.4631	2.7389	-0.3283	1.0077	-0.6525	0.2407	-0.4459	-0.1802	0.8082	-0.9862	-0.6202	-0.0865	1.5341	-0.2413	1.5245	-0.0677	-1.1085	-1.7305	-0.8425	0.2051	1.8124	-0.5047	0.0812	0.0702	1.1692	0.9267	-1.6279	2.0971	-0.0050	0.3622	0.8123	-2.0970	-0.4257	3.4979	0.0847	1.5836	0.4185	0.4028	0.5448	1.5774	0.8207	-1.0709	1.7522	-2.5058	-1.2671	0.0567	-0.3419
-1.7913	-0.0079	-0.5086	0.8649	0.6060	0.4087	0.8379	0.7490	-2.1803	0.8008	0.3261	-0.7185	-0.7699	0.4630	0.2316	-1.3365	1.5820	-0.6694	-1.4325	-1.2551	-1.4912	0.1036	0.7900	0.1680	-0.7496	0.0138	0.8989	0.4549	-1.6091	1.0934	-0.9509	0.5996	0.3045	-0.0562	-0.9914	2.9234	0.7741	0.6989	1.0390	-0.2340	-0.1055	1.4114	0.1464	-0.7981	1.1307	-1.2767	-1.6128	-0.1127	-0.5221
-1.5360	-0.2730	-1.0154	0.1813	1.0305	0.5531	1.6723	0.2646	-1.6423	0.6989	0.2503	-0.9855	-1.2316	-0.2196	-0.1863	-1.1428	0.1636	-0.9367	-1.3152	-0.2178	-1.1766	-0.1473	0.5465	0.4405	-0.7386	0.6744	0.8208	0.0147	-1.3363	0.1334	-1.4250	0.7616	0.3081	-0.2751	-0.9491	1.5021	-0.2873	0.0365	0.2566	-0.1355	-0.8979	1.4108	-0.0515	-0.6673	0.9186	0.2375	-1.7091	0.0520	-0.9035
-0.3024	-0.0603	-0.9000	-0.3045	0.0919	0.2532	1.4663	-0.4249	-0.5279	0.1683	0.6166	-0.7782	-0.3595	0.1406	-0.1071	-0.9460	-0.7381	-0.2640	-0.2486	0.8082	-0.3866	-0.4429	-0.2146	-0.0519	0.3090	0.0930	1.0104	0.6532	-0.9571	0.7332	-0.4056	1.8040	0.8529	0.4487	-1.0335	0.4694	-0.6682	-0.2854	-1.0011	-1.0203	-0.6230	0.2517	1.2332	-1.1228	1.4929	-0.5193	-0.7355	0.0858	-0.4246
0.5749	0.2495	0.3234	-0.7290	-0.2183	-0.6010	1.5947	-0.0789	-0.4830	-0.0637	0.3008	-0.0245	-0.9870	0.1574	-0.2897	-0.8127	0.1171	-0.2132	-0.1733	0.3155	0.0277	0.1082	-0.6461	-0.1088	-0.4049	-1.0172	0.2004	0.6856	-0.1438	-0.0771	0.4760	0.9687	0.3362	0.8166	-0.2260	-0.2801	0.1024	-1.3668	-0.2316	-1.2575	-0.5274	-0.2709	0.9537	-0.3388	0.6029	0.4347	0.0287	-0.0238	0.3762
0.3295	0.6705	0.8229	-0.3190	-0.2072	-0.8830	1.3662	0.6259	0.5466	-0.1860	0.3395	0.1835	-1.6126	0.1481	0.6543	-0.4932	0.5183	0.2219	-0.6172	0.1324	-0.0540	0.1451	-0.1035	-1.3027	-0.4520	-0.0091	-0.2661	1.0703	-0.2915	0.3928	0.7363	0.4514	0.0055	0.6318	0.2458	-0.4138	-0.5077	-0.0316	-0.3806	-1.4205	-0.2196	0.2067	0.5755	-0.1567	-0.4884	0.8996	0.5214	0.1577	0.4381
0.1798	-0.1133	1.1573	-0.3337	-0.0845	0.1868	0.6650	0.5800	0.2516	-0.5448	0.1022	-0.7971	-0.0945	0.2034	0.3757	-0.4236	0.6071	-0.3527	-0.3106	-0.0926	-0.4087	0.4938	-0.3705	-0.2261	0.2111	-0.6750	-0.0119	0.9797	-0.8383	1.4091	0.0951	0.1359	-0.4762	0.1292	-0.1600	0.2659	-0.5218	-0.4741	-0.1544	-0.6477	-0.0591	0.2432	-0.1304	-0.6711	-0.6917	0.0584	0.7727	0.0789	-0.9198
0.5385	-0.0573	0.5959	-0.6478	0.7320	0.3317	0.6548	1.1986	-0.0482	-0.0526	-0.0230	-0.1319	-0.3535	-0.2337	-0.1352	-0.3787	0.0673	-0.5074	0.0150	0.3882	-0.1443	-0.0263	-0.5882	0.8591	-0.6723	-0.2549	-0.4274	0.1466	-0.3770	-0.0891	1.6488	-0.5418	-1.1860	0.2494	0.2901	-0.3311	0.1666	-0.5707	0.7436	-0.1509	0.4013	0.4433	0.1158	-0.0354	-0.9509	0.7604	0.1885	0.1667	-0.9927
-0.0332	0.4224	0.6910	0.0729	0.6803	0.5868	0.4629	0.9877	0.6453	0.0527	-0.4543	-0.6341	-0.4031	0.3563	0.3668	0.2583	0.7541	-0.0197	0.0371	1.0262	0.4229	-0.3193	0.1149	0.1015	-0.4306	1.2229	-1.0668	0.3419	0.4299	0.3981	1.2516	0.5762	-0.6783	0.8722	0.5504	-0.8332	0.0823	-0.5588	-0.2255	0.5579	0.1869	0.7464	-0.2683	0.1795	-0.6412	1.4937	0.5084	0.5335	-0.9925
0.5150	0.8773	0.7245	-0.4599	0.0909	1.0449	0.7806	-0.0576	0.0692	0.7916	0.0805	0.5242	-0.1378	1.4136	0.4782	0.6916	1.4282	0.8691	0.0253	0.8043	-0.0441	0.2424	0.5229	0.6548	0.1215	1.1374	-0.4941	0.7919	0.5233	0.0868	1.8787	0.9905	-0.0456	0.4876	1.7069	-0.3655	-0.0964	-0.1206	-0.5931	1.2507	-0.1321	0.7595	0.1954	0.2481	-0.6006	0.8432	0.5766	0.6065	-0.0067
0.0730	0.1664	-0.3073	-0.5282	-0.3445	0.4670	0.5858	0.2237	0.3141	-0.0295	0.2315	0.9433	-0.0679	1.8305	0.0345	0.8395	1.0215	1.1372	0.0320	0.3994	0.7022	0.3991	0.4099	-0.6338	0.1787	0.0502	-0.3382	0.0002	0.5072	-0.0392	2.3022	-0.3003	0.0535	-0.4989	1.5024	-0.6417	0.5772	-0.1136	0.1321	0.7086	0.8823	0.4551	-0.2026	0.2889	-0.9277	-0.7013	0.2351	0.5058	0.4737
0.3135	0.3755	-0.7658	0.8972	-0.5598	1.5078	0.6184	0.0665	0.2383	-0.1275	0.3114	0.1392	0.7509	1.2171	0.3406	1.4437	0.2897	1.0698	0.5625	0.4415	1.6567	0.0010	-0.1586	-0.3663	0.4337	0.4731	0.2925	0.6087	0.7372	1.3274	0.9137	-0.9485	0.3580	-0.5523	1.4340	-0.4452	0.2103	-0.0186	0.1521	1.0322	0.5005	-0.2667	-0.5076	-0.5620	0.9547	-0.1369	0.3154	0.0962	0.6915
1.3796	0.3446	-0.8096	-0.3560	-0.4657	1.0682	0.7755	-0.3872	1.0012	1.2262	0.6547	2.1440	0.9894	0.1717	0.5299	0.7266	-0.1925	1.4401	0.3802	-0.0878	1.1759	-0.1286	0.5634	0.5269	-0.2672	-0.0104	0.3472	0.2836	0.2440	0.0513	0.4751	-0.4345	1.0049	-0.2760	0.6809	-0.9286	-0.8244	1.1747	-0.2819	0.5159	0.8631	-0.7839	-0.0422	1.3189	0.7546	0.4702	0.5787	-0.4027	1.3087
1.8781	0.0449	-0.5964	-0.5987	-0.1542	-0.7808	0.3063	-0.3085	0.2645	0.2896	0.1474	0.5485	1.6945	-1.0980	-0.0058	0.5072	-0.8429	0.5959	0.5928	0.1225	0.1987	-0.0662	-0.1493	0.0111	-0.3993	-0.1917	0.8020	0.2069	-0.0227	-0.3755	-1.7523	0.0811	0.3997	0.6949	0.8911	-1.2382	-0.3680	0.6084	-1.0200	-0.1033	0.5393	-1.5881	0.0536	1.8795	1.1068	-0.8002	0.4156	-0.4030	1.9145
1.0336	-0.4714	0.3674	-0.0386	-0.6275	-0.3688	0.1527	-0.5352	0.9855	0.5511	-0.0442	-0.0774	2.2213	-0.8395	-0.3457	0.9242	0.1122	0.8012	0.7971	-0.1767	0.7756	0.2986	-0.6047	0.9649	0.7178	-0.2662	-0.0164	-0.3108	0.1814	0.0411	-1.7674	-0.3051	0.0134	-0.1054	1.0405	-0.2871	-0.1824	1.0037	-0.3332	0.5542	-0.0736	-0.1673	0.1896	0.4595	-0.4544	-1.6347	0.1298	-0.2704	1.0612
1.1324	-0.4748	0.0639	0.1299	-0.6132	-0.3649	0.2790	-0.3964	0.6706	0.3775	-0.0009	0.8846	1.9452	-0.4733	0.0258	1.1523	-1.1803	0.0301	0.6896	-0.6993	0.3118	0.1334	-0.7368	1.0283	1.3970	-0.5351	-0.0600	-0.6683	-0.1111	-0.6807	-1.1966	0.7296	-0.4266	-0.8115	0.7377	0.0406	0.2005	0.2394	0.0300	-0.1753	0.3452	-0.7397	-0.0715	0.6329	-0.1422	0.0840	1.5435	-0.3510	0.2598