IC05	IC08	IC09	IC15	IC16	IC17	IC18	IC19	IC20	IC23	IC24	IC26	IC27	IC29	IC31	IC33	IC36	IC37	IC38	IC41	IC42	IC43	IC44	IC45	IC46	IC47	IC48	IC49	IC50	IC51	IC54	IC56	IC58	IC60	IC62	IC63	IC64	IC65	IC66	IC67	IC68	IC69	IC71	IC72	IC73	IC74	IC75	IC76	IC77
-3.1099	-2.9887	-1.2948	-1.9366	-1.2190	-1.7586	-0.9994	0.6365	-1.3225	-0.3334	-1.2165	-1.9554	-0.4119	-0.5351	-0.1289	-2.1089	0.5302	-0.0811	-1.5189	-2.8888	-0.6420	0.5292	-0.6274	-1.2505	0.7659	-1.2810	0.2467	-0.8399	-1.0392	0.9771	-1.9276	0.4951	-0.8141	-3.1093	0.3199	-0.2558	-1.3195	-0.8326	0.1523	0.1946	-2.1103	-0.8020	-2.6084	1.3823	-0.7517	-1.2274	-1.9010	0.3442	-2.2855
-1.4648	-0.2051	-0.5497	-0.0566	-0.0936	-0.1660	-1.2357	0.4808	0.2807	-0.9719	-1.6011	-1.3671	-0.1578	0.1364	0.7945	-1.9645	-0.0113	0.3711	-0.6727	0.2806	0.1842	-1.4653	0.3779	-0.4734	0.3615	-0.8203	0.2081	1.3681	-0.0384	1.3955	-1.1282	1.2062	-1.3151	-1.5116	0.5253	0.2253	-0.3119	-0.6449	0.3618	1.0853	-2.3885	0.3501	-1.9424	0.5218	0.2694	-0.4695	-1.6762	1.4736	-1.7901
0.1178	1.8560	1.5670	0.5973	1.2209	0.4548	-0.6877	-1.1239	-0.5771	0.3779	1.1584	0.3854	-0.6584	-0.0098	0.7667	-1.2607	-0.8754	-0.1057	-0.3936	1.3176	1.6732	-0.4681	-0.1979	-1.1338	-0.0740	0.4902	1.8288	2.1524	0.5992	0.0839	-0.7047	-0.4332	-0.4631	0.7262	1.3105	-0.1629	-0.5185	0.1159	0.3069	-0.4621	-0.5162	1.5912	-0.5853	-0.6416	1.0552	-0.0323	-2.1489	0.0119	0.4317
0.3183	1.4930	2.5147	0.7869	1.7324	-0.9344	-0.2253	0.2270	-0.2733	1.3553	-0.3860	0.6486	0.6311	-0.6946	1.5541	-0.3001	-1.1415	0.8531	0.6288	-0.6722	1.5476	0.9020	-0.1452	0.7911	-0.0929	0.1245	1.8391	0.3704	0.1246	-1.2671	0.1690	0.7809	1.7721	0.5160	2.1859	-1.4626	0.3552	-1.4169	-1.9348	-1.4184	-0.5855	2.5763	-0.5200	-0.5203	0.7414	0.1433	-1.2927	-0.4837	1.4673
0.4063	1.5045	1.5339	-0.6927	0.4387	-0.8972	0.0621	1.4756	-0.1791	0.4813	0.9246	1.0290	-0.0229	-1.1042	-0.1713	-0.9177	-1.8266	0.1036	0.6731	-0.8451	-0.1968	-0.0938	0.0425	0.4923	-0.3168	-0.4885	-1.6875	-0.6780	-0.2623	-1.7749	-0.1968	0.0609	1.2572	0.3366	1.5199	-1.1962	0.0316	-1.0428	-1.4858	-0.9214	-0.7258	1.0004	0.6774	-1.5148	-0.2296	-0.1002	-0.5060	-0.3210	1.0793
-0.0116	0.4415	0.7322	-1.2414	-0.7145	-0.6320	0.3716	0.1487	-0.3346	-0.3282	-0.0264	0.2544	-0.7489	0.0718	-1.0076	-1.9002	-0.1567	-0.1472	0.4719	0.1543	-0.2636	-0.0525	0.2709	-0.6365	0.2564	-0.8118	-1.1426	-0.1551	-0.2240	-1.2834	-0.8728	-0.4250	-0.2129	0.5484	0.7335	-0.0179	0.0016	0.6959	-0.2055	-0.7111	-1.0886	0.8999	0.8909	-1.0600	-0.3492	-0.0170	-0.3893	0.6673	-0.1767
-0.3234	-1.3981	-0.0129	0.8182	-2.2857	0.1556	1.3673	-0.2612	-0.4610	-0.4062	0.5911	-0.0055	0.3712	0.3693	0.1036	0.2650	-0.3444	-0.2088	-0.2405	-0.4058	-0.4667	1.4006	0.0720	2.2164	0.1522	-1.1754	0.5645	-1.1445	-0.2102	-0.8339	-0.4366	0.2024	-1.2971	0.0405	0.2844	-0.8232	0.6779	-1.1202	-1.2279	-0.9815	-0.6028	1.3835	0.2002	0.1603	0.7298	0.5742	-0.1180	0.4011	-0.8192
0.1449	-1.8133	0.3393	-0.3771	-1.2206	0.0017	0.2905	-0.1517	-0.3547	-1.6740	-1.1946	0.1592	0.3903	0.4492	-1.2887	-0.1502	-0.0324	-0.6352	0.2250	-0.4701	-0.0749	1.2573	-0.6047	1.6104	0.2153	-0.7587	0.1220	-0.9216	0.0758	-1.1914	0.3373	0.8572	-1.4904	0.0866	0.3440	-0.3980	-1.0309	-1.7351	-0.7233	-1.7599	-0.5101	0.4787	0.5325	-0.0242	0.5509	0.0700	0.0802	-0.0848	-1.3407
-0.2662	-0.5326	-0.4385	-0.4727	-0.3193	0.9093	0.7764	-0.1462	0.3228	-1.1684	-1.3886	0.5148	0.2102	0.1987	-1.1190	0.1835	0.8663	-0.1874	0.4282	0.3437	0.1244	1.1399	-0.0971	0.1206	0.5689	0.4229	-0.2792	-0.2802	-0.2998	-0.4740	0.6676	1.2377	-0.7180	0.2393	0.3425	0.4011	-2.2131	-1.9462	0.0535	-1.4948	-0.6034	0.6677	1.1434	-0.4250	0.7190	0.5549	0.3205	-0.7209	-1.1483
0.2535	0.8839	-1.1273	0.8005	0.4204	1.0602	0.4474	0.0607	0.7640	0.5854	0.1969	1.3998	-0.8143	-0.1837	-0.4099	-0.2995	0.8962	-0.4241	0.8250	1.6650	0.1380	-0.0146	0.3663	0.4331	0.6031	2.2296	-0.5587	0.1988	-0.3999	-0.5807	0.1507	-0.1566	0.0973	1.0451	-0.2238	0.4658	-2.3006	0.2896	0.6146	-0.3374	0.1996	-0.2277	2.0912	0.1030	0.5223	0.6555	1.1869	-1.0424	0.6033
0.0210	1.3420	0.0524	0.8280	0.3894	0.9807	-0.5151	-0.1018	1.2417	0.5565	0.3835	0.1697	-1.8742	0.2612	0.1980	-0.1670	1.4113	-0.0842	1.3353	1.8614	1.0795	-1.1538	0.0473	0.3349	1.2354	1.7814	-1.5144	0.5846	0.4346	-0.1524	0.2991	-0.5116	0.8552	0.4617	-0.2293	-0.1568	-0.7628	2.0186	0.9680	0.6631	1.1920	-0.7262	1.7696	-0.1006	0.0971	-0.2207	1.2135	-0.7327	1.3453
0.5600	0.9262	-0.4425	-0.3075	-0.9061	0.7357	0.7668	0.1374	1.1771	0.8013	0.5360	0.2372	-0.9631	0.0928	-0.6215	0.5257	-0.7686	-0.5235	1.1264	0.8943	1.3642	-1.2780	-0.6585	-0.2853	0.0038	-0.0679	-1.0212	0.8526	0.7704	0.3867	0.6783	-0.9825	0.6432	1.3829	-0.7556	-0.9600	1.2010	1.8436	0.7082	0.8567	1.8487	-0.3980	1.2964	-0.1565	-0.1300	-0.8304	1.8623	-0.5197	2.0150
-0.1020	-1.3132	-1.2252	0.4105	-0.8572	2.3391	0.6765	-0.7656	0.9198	-0.5163	-0.3684	0.5918	0.3068	0.3257	-1.3313	0.6735	1.1500	-0.0199	0.0893	0.4221	0.3393	-0.6783	-0.1204	-0.5640	-0.9359	-0.6324	0.2376	0.9333	0.2878	0.6741	0.7994	-0.5190	0.5314	1.6180	-0.4814	-0.1020	0.6329	-0.1307	-0.1267	0.6653	0.2889	0.4843	-0.6868	0.2531	-0.1008	-0.3743	0.2494	0.8551	0.6482
-0.0048	-1.7676	-1.5853	0.6902	0.1827	2.5546	0.3065	0.0934	0.6404	0.0118	-0.5435	0.4447	1.6854	0.0776	-0.8720	2.8736	0.0578	0.9213	0.2053	0.5900	-0.8100	-0.5438	0.4931	0.6159	-1.6341	-0.7651	0.8978	0.8123	-0.3466	0.4407	0.6899	-0.2020	0.1654	2.2161	-0.6195	-0.1197	-0.0499	-0.3549	-0.8494	0.7370	-0.7714	0.7227	-0.8551	-0.1905	-0.4201	-0.1306	0.0201	0.8248	-0.6271
0.0903	0.5067	-0.6551	0.3390	0.8593	1.0649	0.4910	0.2450	1.4885	-0.0198	-0.3719	0.0516	0.9231	0.0368	1.0116	4.0354	-0.3986	1.8306	0.7632	0.7593	-0.7786	-0.9842	0.9709	0.3590	-0.6727	-0.4419	-0.0517	1.0010	0.1600	0.4028	0.3196	0.5824	-0.5711	1.4363	-0.5594	0.0934	0.0860	0.4451	-0.8917	0.8334	-0.1216	1.0947	0.3002	-1.8276	-1.1713	-0.5104	-0.5904	0.9119	0.1653
0.1747	0.3819	-0.6723	-1.5131	0.7096	-1.1840	0.2474	0.9205	0.4072	-0.7584	1.2344	0.7569	-1.1282	-0.4681	-0.0495	1.1381	-0.5073	1.0052	0.6476	0.0666	-0.4311	-0.0214	0.7780	1.3825	0.2425	-0.1818	0.3434	0.0313	-0.3083	-0.9948	-0.3991	0.0536	-1.1142	-0.2961	-0.4509	0.9717	0.4567	0.4224	0.4715	0.1394	0.4483	-0.0143	0.2298	-1.6653	-0.0068	-0.0808	0.0733	0.2804	0.4383
-0.6678	-0.0674	-0.6059	-1.6783	1.2584	-1.3571	-1.0522	0.6767	-1.7265	-1.6989	-0.2012	-0.2663	-1.2228	-1.0030	-1.5776	-0.8594	0.4853	-0.9590	-0.9218	-0.2921	-0.6613	0.1479	0.4733	1.2293	1.9355	0.0060	0.1941	-0.1719	-1.6955	-0.2547	-0.6670	-0.1958	-1.1660	-1.1133	-0.6193	0.8880	-1.0318	-0.7034	1.2292	-1.1312	0.4473	0.0392	-0.0859	-0.6462	0.9519	0.8031	1.1314	-0.1917	-0.2854
-0.1982	1.4963	0.0486	-1.2673	1.3406	-1.2254	-1.1834	0.7055	-1.5828	-0.6187	-0.3789	-0.1058	-0.4598	-1.2406	0.3325	-0.9858	1.2280	-0.8699	-1.5148	-0.5482	-0.9518	-0.1557	1.4491	-0.7699	2.3723	2.1317	-0.7668	-0.3043	-1.5184	0.3105	-0.2973	-0.2771	0.2539	-0.2040	-1.5877	0.9106	-1.8546	0.3434	1.2350	-0.2601	1.2172	-0.2720	1.0497	-0.2673	1.1518	1.1560	2.2109	-0.8900	0.5543
-0.1370	1.7174	-0.5980	-0.6460	1.0729	-0.8257	0.2250	0.4572	-0.5909	0.3824	-0.8849	-0.3100	-0.4750	-0.7294	1.3492	0.3205	1.1268	-0.9173	-1.4429	0.1263	-0.8027	-0.1442	1.3728	-1.5252	2.3018	2.5468	-0.1065	0.4005	-1.2376	0.3915	0.1263	0.3660	0.1791	0.3297	-2.2578	0.8468	-0.6602	1.0753	1.0783	-0.3325	1.5915	-0.3193	1.5667	-0.4006	1.2672	0.3982	3.1960	-0.8648	-0.0481
-0.2375	1.4745	-0.2273	-0.6201	0.4647	-1.0173	-0.0379	1.6801	-0.4641	0.5169	-0.0322	0.9220	-0.5216	-0.6631	1.6960	0.4405	2.4503	-0.6634	-0.4364	0.1761	-0.1556	0.6167	0.0289	-0.3787	1.7564	1.0106	-0.0476	0.6783	0.1572	0.1386	0.5975	-0.2822	0.7587	0.0460	-1.8823	1.2595	-0.6607	0.7024	1.2160	1.0869	1.5706	0.1704	1.2671	-0.1296	1.6800	1.4402	3.3178	-1.4743	-0.6761
0.1296	-0.2388	-0.0360	0.7878	0.1298	-0.3714	-0.3182	1.5703	-0.4539	0.4483	0.0119	0.2783	-0.4118	-0.1406	-0.2113	-0.2056	1.6754	-1.7814	-0.5486	-0.5794	-0.5332	-1.4400	-0.7998	-0.5176	0.5241	-0.4151	-0.4522	0.9108	0.9491	0.5786	0.2082	-0.5074	-0.0321	0.0205	-2.2749	0.8458	0.4264	1.5918	1.3919	2.0937	1.0047	-1.1798	0.6699	0.5342	0.4848	1.8743	2.1322	-0.9598	-1.0411
0.8065	1.1176	0.1131	-0.3473	-1.3431	-0.0000	0.0594	1.2269	0.0033	0.3738	1.1674	1.0156	0.0688	0.1997	0.7983	-1.2701	1.7999	-1.1040	-0.8007	-1.5305	-0.7263	-2.0682	-0.0376	-2.4419	-0.6681	-0.3302	0.0066	-0.1759	1.2844	0.5113	0.4593	-1.0797	0.5268	0.0915	-2.1956	0.6402	-0.3894	2.9024	2.5308	2.5896	1.8761	-2.3021	0.7466	1.4421	0.7629	2.3459	1.5413	-0.4322	0.2468
0.1411	-0.9679	-0.3268	1.1074	-2.3468	1.4229	-0.1238	1.0006	0.0913	0.1424	-0.1094	1.2096	1.0211	1.0349	-0.9007	-0.1604	1.9040	-1.2700	-0.8500	-0.6263	0.0525	-1.9400	-0.6037	-1.7278	-1.6065	-0.7030	2.2285	-0.6122	0.0880	0.9622	0.7336	-1.7998	0.4331	0.5873	-1.0241	-0.1319	1.2393	2.3618	1.4347	2.1980	1.2493	-2.4743	0.5526	2.1877	0.5731	1.1834	0.5044	0.2800	-0.5876
0.7756	-0.6345	0.0393	1.3019	-1.6905	1.5639	1.1299	-0.0831	0.2735	1.0882	1.3894	1.5330	0.2407	2.4812	-0.7489	0.5978	0.4728	-0.2356	0.5084	1.5710	0.1006	0.1010	-1.1959	-0.7666	-2.4829	0.4178	1.6059	-0.4229	0.4699	0.2778	0.9917	-1.3075	0.4791	1.3296	-0.2087	-0.7636	0.5670	2.0616	0.8148	1.7176	0.6265	-1.6959	-0.1007	1.5721	-0.0258	0.3015	-0.9470	0.8524	-0.3418
0.3890	-0.3992	0.3513	2.7483	-0.6504	1.2795	0.2535	-0.4297	0.2074	-0.7777	2.2564	-0.0549	-0.1642	2.7283	-0.2849	-0.0675	0.7926	0.6590	1.2197	0.7270	1.3270	2.0141	-1.9509	-1.2127	-2.0442	-0.3166	1.4623	-1.3406	1.7851	0.0982	1.1740	-1.9716	1.5934	0.8078	1.2623	-0.9131	0.8024	0.1367	-0.3326	0.3888	-0.1524	-0.4790	-1.7420	1.2867	-1.0309	-1.2963	-1.4160	0.3666	-0.8385
1.4909	-0.6863	-0.0583	0.9460	-0.0006	1.0845	-0.4127	0.5459	0.4874	0.1246	0.6192	-0.4369	0.8262	1.6485	0.6849	-0.1758	-0.5426	0.1726	1.3461	-0.4070	1.2613	1.4633	-1.6375	1.1569	-0.7836	-0.1968	-0.4087	-1.5033	1.5728	0.3046	1.8507	-1.6502	1.6810	-0.1789	1.6029	-0.4088	1.5762	-1.6197	-0.7878	-0.8744	-0.0956	-1.4235	-0.8777	1.0280	-1.2910	-1.4895	0.4288	-0.9971	-0.0257
1.7653	0.6500	0.3889	-0.1757	1.0436	0.1885	-0.5684	0.2871	0.1948	1.2148	-0.8530	-0.1999	2.4770	0.2554	0.8238	1.0468	-1.3291	0.7904	0.9561	-0.2261	-0.5183	1.0101	-0.4436	1.5632	-0.5552	-0.4832	-0.8664	0.1806	0.4235	1.9116	1.1323	-0.0837	-0.3673	-0.6327	-0.3649	1.2429	0.3231	-0.5049	-1.0982	-0.4715	0.8876	-1.4076	0.3471	0.0018	-0.7675	-0.4453	1.2338	-1.0656	2.0551
0.2887	1.3852	1.6570	0.5009	0.8451	-0.9090	-1.4873	-0.6479	-0.0767	0.5780	1.1731	0.3176	0.9027	-0.0666	0.3741	1.3371	-1.8866	0.3905	-0.4601	-0.1512	-0.2036	-0.5415	1.7354	1.8952	-1.1588	-0.5919	-1.2726	-0.3840	0.2464	0.4392	0.2755	0.4340	-1.5064	-0.4634	0.3609	1.0599	0.7835	0.5798	-1.6967	0.4607	1.2484	-1.3566	0.5881	-0.2128	-0.9654	-1.2537	-0.5697	-0.4950	2.0639
-0.0634	-0.2830	2.1754	0.9414	0.9773	-0.2850	-0.8128	-1.9676	-0.7513	0.3608	2.2988	-1.2104	-0.1196	0.4906	-0.3283	0.7248	-1.8562	-0.3469	-0.5109	-0.3737	0.5239	0.0295	0.2143	2.1196	-1.6741	0.1701	-1.5659	-1.2738	0.7708	-0.5981	0.1878	-0.4824	-0.7924	-0.9031	1.2797	-0.4744	0.9720	-0.7287	-1.2979	-0.5290	0.1697	-1.3442	-0.6013	0.0750	-1.4595	-3.2622	-1.0901	0.3626	0.5662
0.4813	-0.8330	1.1889	1.0013	1.1594	-0.3833	-0.5445	-0.5904	-1.2168	-0.0695	1.3799	-2.3470	-0.0168	-0.4904	0.4682	0.2371	-1.6272	0.4174	-0.7849	-0.7539	0.1375	1.0775	0.3014	1.0756	-1.7542	-0.5470	-0.7567	-0.1696	-0.0205	0.6362	-0.0673	-0.1291	-0.1166	-2.3656	0.3157	-0.7284	1.1099	-1.5342	-0.9803	-0.5887	-0.8262	0.1612	-1.5742	0.3127	-1.1418	-3.2844	-0.9800	0.1664	-0.6471
-0.5678	-1.8584	-0.2416	0.3066	1.2673	-1.8963	-0.0188	-0.4027	-1.3178	-0.4444	-1.4890	-2.5618	-0.3633	-1.2202	0.1715	0.0944	-2.0134	-0.9775	-0.9663	-1.1039	-0.5320	0.7543	0.7593	1.2972	-0.7608	-0.6399	-0.3738	0.3495	-1.7376	0.8799	-0.9641	2.1388	-0.3545	-3.6949	-0.9533	-0.1895	1.9204	-1.6464	-1.4529	-1.2473	-1.5244	0.8531	-1.4604	0.3384	-1.2079	-2.0395	-0.9804	-0.5993	-1.0457
-0.7143	-0.7702	-0.3733	0.3231	0.9024	-2.0922	0.2380	-1.0010	-0.8223	-1.4954	-1.7874	-1.5076	0.7148	-0.9551	1.7102	-0.2711	-1.6075	-0.0427	-0.4697	-1.0922	-2.0632	0.8807	1.3190	-0.9667	-0.4047	-0.1565	-0.5402	0.1319	-1.1315	0.6704	-0.6309	2.9619	-0.6012	-2.6817	-0.4612	0.6953	0.5937	-1.3528	-1.6673	-1.0654	-0.7863	0.7930	-1.1002	-0.6454	-1.2061	-0.7746	-0.9414	-1.2780	0.2992
-0.9276	-1.3656	-0.3110	0.3423	1.3358	-2.0856	0.8156	-1.4963	-1.0273	-0.4930	-1.7909	-2.2147	1.6555	-1.4574	1.2576	-0.4768	-2.1492	-0.2483	-1.2576	-1.0971	-2.9453	0.5138	1.6796	0.6169	0.4604	0.4649	-0.9855	0.6865	-1.5455	0.4052	-1.0074	3.7196	-1.0694	-1.9026	-0.2123	1.2877	1.2246	-1.7581	-1.4773	-1.5001	-1.1173	-0.0006	-1.3828	-1.2333	-1.3618	-0.5470	-0.4545	-0.9336	-0.0111
-0.2727	-0.3399	-0.6002	-0.3002	1.3962	-2.4687	0.4768	-1.2037	-0.0279	1.4762	-0.4471	-1.1534	1.2437	-0.9780	1.5990	-1.1120	-1.5625	0.3744	-0.7326	0.2114	-1.7100	0.7444	1.6179	0.1192	0.3130	2.0029	-1.4666	0.8537	-0.6722	0.2303	-1.0318	2.1000	-0.6628	-0.6375	-0.4039	0.9860	-0.0835	-1.0844	0.0492	-0.2228	-1.3980	0.5596	-0.8173	-0.6909	-1.4175	0.1171	-0.1005	0.4620	-1.1061
-0.9919	-0.8078	-1.6047	1.7190	0.3181	-0.9048	-1.6497	-0.4036	1.3030	1.1555	0.7525	-1.7358	0.0160	-0.4317	0.6901	-0.1464	-0.1825	-0.1176	-0.3291	1.1056	-0.8134	-0.6555	1.2903	-0.4917	-0.5994	0.9022	-1.2797	0.9658	-0.0271	1.6579	-0.2944	1.6652	-0.5172	-0.7350	-0.1393	0.2765	1.2834	0.4992	-0.0993	0.6848	-1.6403	0.6517	-1.1565	0.8826	-1.7612	0.7446	-0.5464	0.9438	-1.4107
0.1994	-0.5958	-1.3361	-0.3787	-0.7639	-0.1779	-0.5514	-0.8025	0.6179	3.4930	2.0937	0.4496	-1.1696	0.8165	0.8859	0.4669	-0.8991	-0.3664	0.1494	1.3009	0.0539	-0.3636	0.2344	-0.8745	-1.4804	0.6139	0.0972	0.3067	0.7502	-0.0305	0.3948	0.8504	0.8675	0.3794	0.8590	0.1112	0.2189	1.4796	0.2890	0.9623	-0.2298	-1.5135	0.0426	1.8958	-0.7534	0.8302	-0.5883	0.9026	-0.3658
-0.5583	-0.4007	0.7722	0.4734	-1.0469	0.7774	0.3015	-0.3502	0.2707	0.3704	0.5976	-0.5015	0.1140	1.7459	-0.6825	1.3141	0.6794	0.2911	1.2316	0.6391	1.9521	0.8655	-2.1890	-2.7262	-1.0691	-1.0147	1.6823	-0.7868	1.5534	-0.2754	0.4523	-1.6105	2.5217	0.6739	2.3266	-0.0728	0.0552	0.4234	0.1101	1.4132	0.8319	-0.9464	-0.9839	1.0489	-0.0554	-1.0625	-2.3905	1.3787	-0.9095
0.4213	0.6219	0.3624	-0.3859	-0.6400	1.3138	0.0660	-0.5976	1.3524	-0.0796	-0.4641	-0.2407	0.7739	1.5636	-0.2295	0.4543	-0.2227	1.4255	0.7399	-0.4863	1.3128	0.1114	-1.8626	0.0539	-0.2651	-0.8380	1.2167	-1.2580	1.6236	-0.2359	-0.0965	-1.4917	1.6144	0.5608	1.9355	0.2313	0.6259	-0.3891	1.2214	1.7312	0.4845	-1.3568	-0.7349	1.8900	-0.3080	-0.6008	-0.8291	1.8927	0.0177
-0.1910	0.7811	-0.2854	-0.7230	-0.7160	1.6899	0.5114	-0.4883	1.2370	-1.4104	0.2686	-0.1849	0.6659	0.9783	1.0301	0.5185	0.5472	2.6408	0.1671	-1.0508	1.2379	-0.2296	-1.1147	-1.0775	-0.2541	-1.1890	1.3295	-0.7210	1.6521	1.0928	-0.5222	-1.8758	1.1545	0.1771	1.3177	0.6892	-0.0070	1.1980	2.1426	1.9690	0.0348	-1.1678	-1.2886	1.3946	0.2678	0.1651	-0.8323	2.0568	-0.1934
0.3580	0.0647	-0.3477	-0.4199	-1.2320	0.5578	1.0366	-1.3119	0.2366	0.1595	0.5566	0.2694	0.3225	0.3070	-1.1011	0.1626	0.4211	-0.0826	-0.5212	-0.5244	1.4984	0.4123	-1.8002	-0.9153	-0.3066	-1.4885	1.9230	-1.2761	0.5554	0.6797	-1.2316	-1.9048	1.3475	-0.1608	1.1438	-0.0832	1.9368	1.2257	2.0755	0.3522	0.3887	-1.6882	-0.5274	0.9643	-0.1003	1.5692	-0.3918	1.1583	0.6306
2.8826	0.0053	0.0472	0.5177	-2.0290	-0.6066	3.1109	-1.1837	0.5278	0.7330	0.2371	0.4791	-0.2685	0.7511	-1.4976	0.4608	0.7709	-0.2347	0.5574	-0.7647	0.2833	1.0554	-1.7583	-0.5072	0.4366	-1.0621	0.3352	-1.7834	0.1514	0.1954	-0.9260	-1.5992	0.5162	-1.6798	0.4484	-0.5047	4.0595	1.0993	2.2993	-0.3447	-0.0307	-0.8741	-0.4700	-0.1335	-0.0503	2.4954	-0.7947	1.1572	1.8481
0.9822	0.2181	0.7063	0.9619	-0.2729	-2.3458	-0.8168	-0.7879	0.5048	-0.7178	1.3505	-0.3010	-0.7556	-0.0505	0.3285	0.4312	-0.6809	-2.0051	-0.1140	-1.3909	-0.3772	-0.3301	-0.3944	1.5725	0.8744	0.2502	-0.5719	-0.1463	0.1073	-0.2136	-0.5744	-0.9071	-1.6375	-0.7113	-0.8229	-0.4021	0.9021	-0.8277	-0.0998	-0.9060	-0.4138	-0.9932	-0.1761	0.8752	-0.0797	1.2143	-0.0225	0.3054	-0.3288
-0.2358	0.4412	1.2751	0.4649	0.3551	-0.8316	-0.2403	-0.8706	0.6298	-1.2994	0.8098	-1.0758	-0.3321	-0.7996	0.8780	0.4563	-0.3953	-0.8260	-0.7015	-0.2571	-0.2751	-1.0749	0.2461	-0.5303	0.3420	0.3523	-0.3017	-0.1412	-0.4606	0.0470	0.0641	0.1590	-0.5942	0.3878	-0.8693	-1.3567	-0.2872	-0.2125	-0.2303	-0.7340	-0.4908	-0.2924	0.3324	-0.3424	0.0307	0.0113	-0.1153	0.4203	0.6135
-0.0915	0.3019	0.6927	-1.0087	0.1635	-0.9145	0.7572	0.0186	0.0922	-1.6890	-0.0230	-0.2993	-0.8339	-1.1248	-0.2991	-1.4602	0.8320	0.5177	-0.1655	-0.1746	-1.1489	-0.3524	0.7699	-0.0745	0.3565	0.2529	0.0860	-1.5305	-1.1851	-0.8606	-0.2284	0.4625	0.6401	0.0785	-0.4605	-1.4355	-0.8112	0.2417	0.0650	-1.2306	0.0629	0.3462	0.1841	-1.1486	0.1670	0.3731	0.0930	0.3696	1.3668
-0.8513	-0.0714	-0.5508	-1.4361	-0.6272	-0.6144	0.1588	-0.1752	0.3070	-1.8664	-2.0637	-0.4212	-1.2784	-1.1645	-1.8706	-1.9373	0.7851	0.0272	-0.6729	-0.0273	-1.6186	-1.3889	0.3805	-0.1220	0.8963	0.1884	-0.6031	-1.3396	-1.2356	-0.8232	-1.3106	0.1486	-1.1820	-0.6596	-0.6034	-1.2311	-1.4585	0.1616	-0.2501	-1.3302	0.2824	0.6578	0.0136	-0.9399	-0.2005	0.7314	-0.1765	0.3227	1.2852
-0.5019	0.6096	-0.8456	-1.7336	-0.5230	0.3150	-0.3982	0.4726	1.0612	-0.9888	-2.0658	0.4758	-0.9479	-0.5440	-0.6653	-0.9874	0.4679	0.6282	-0.2621	0.8772	-1.0553	-1.1176	0.7425	-1.3890	1.1726	1.2313	-1.3011	-0.5201	-0.2850	-0.7275	-0.9592	-0.5282	-1.1393	0.1821	-0.1853	-1.0531	-2.2837	0.4233	0.1092	-0.5815	0.4715	0.6601	0.4910	-0.3174	0.1074	1.2583	0.2135	0.8483	1.3654
-0.2335	-0.5176	-1.1587	-0.2757	-0.4223	1.4131	-0.6841	-0.1015	1.7185	1.0000	-1.1190	0.7439	-0.3269	-0.5030	-0.0255	0.3404	-0.0652	1.1043	-0.5687	1.9129	-0.1054	-1.0500	1.2552	-0.8788	1.3766	1.4639	-0.0685	0.2208	-0.4208	-1.3195	-0.3126	0.7360	-1.2553	1.1885	0.3763	-0.9688	-1.2724	0.3098	-0.1279	-0.3589	0.5516	0.1556	0.7375	0.2583	0.7623	0.7461	-0.2360	0.0119	0.8490
0.5315	-1.0139	-0.8412	0.4630	0.0469	1.7824	-0.1884	0.3069	1.8024	1.5955	-0.4252	1.8270	-0.1603	-0.6127	0.2775	1.0446	-0.0233	1.4948	-0.3005	0.9901	1.2812	-0.4449	0.7753	0.3673	0.8561	0.4235	1.4531	0.9459	-0.1393	-0.2763	0.5870	0.9400	-0.4147	2.0989	0.8260	0.0996	-0.6559	-0.1582	-0.5217	-0.3434	-0.0025	0.9316	0.9174	0.1663	1.1208	1.0894	-0.5012	-0.7698	-0.2063
0.5833	-0.9005	-0.6185	-1.0937	1.3651	0.2657	-0.5365	0.0855	0.1427	1.3154	-0.7936	1.3106	-0.1328	-0.5958	-1.5427	-0.7639	-0.5969	-0.1159	0.2866	-0.0475	1.8750	0.1862	-0.1665	0.4362	0.1162	-1.3706	0.5701	1.1616	-0.5043	-0.6784	0.0597	1.0490	-0.4825	1.8201	-0.0206	0.3817	-0.2748	-0.7979	-1.3043	-1.1959	-0.4803	1.3767	1.1989	-0.5909	0.7687	1.0208	-0.4358	-0.8488	-0.9275
-0.0228	0.6173	0.1532	-1.8435	1.1955	0.5398	0.1525	0.1222	-1.1102	0.3051	-0.6964	0.5518	-0.0989	-0.4748	-0.9488	-0.2896	0.2093	0.5408	0.3952	-0.6524	2.1901	1.7991	-0.1296	-0.5560	1.0773	-1.3889	0.0737	1.5007	-0.2948	-0.3015	-0.0889	0.3828	0.1723	0.0031	-0.8556	1.5969	-1.2403	-1.2510	-0.5352	-1.4367	0.7895	1.9651	1.5239	-1.4058	1.4511	-0.2645	-0.4526	-1.2970	-0.2728
-0.3690	-0.0264	-0.5512	-0.5670	-0.8234	0.1648	0.8494	-0.6732	-2.1233	0.1401	0.1932	-0.0189	0.1387	-0.8899	-1.1552	1.2116	0.0342	-0.8079	-0.5098	-1.1835	0.9898	1.1937	-0.9351	0.0021	1.4989	-1.4653	-0.7297	-0.1435	-0.0965	0.4555	-0.2245	-0.8796	0.0342	-0.5791	-1.7460	1.1160	0.6977	0.4130	0.0110	-1.3392	1.2594	0.7162	1.6251	-0.5255	1.5988	-0.1930	1.1611	-1.5943	0.2557
0.2426	-0.2888	-0.3254	0.0896	-0.8194	0.3848	-0.2037	-0.0398	-2.1177	-0.7874	0.0681	0.1503	-0.2991	-1.0061	-0.9721	0.5662	0.6501	0.8354	-1.0011	-0.4675	0.6937	1.0010	-0.8384	0.2440	1.1610	-0.9855	-0.4930	-0.9877	0.0348	-0.2372	-0.3835	-1.4279	0.3380	-0.0292	-1.4277	0.4689	1.1480	0.2315	0.4205	-1.2074	-0.0296	1.8925	1.4656	-2.0059	2.2841	0.6754	0.6795	-1.7296	-0.2296
-0.0902	-0.3358	-0.6132	-1.1412	-0.9737	0.5547	-0.5725	0.0118	-1.9945	0.1202	-0.4731	-0.4752	-0.3597	-1.0121	-1.6739	-0.5287	-0.0361	0.1220	-0.7745	0.3196	0.0474	0.1466	-0.4639	1.1772	0.3894	-0.3788	-0.2386	-0.1245	-1.1713	-0.5965	-0.5425	-0.2571	0.6266	0.0399	-0.7022	0.2146	1.0239	-0.1072	-0.1345	-0.9742	-0.4332	0.9174	0.7211	-1.5624	1.4449	0.2989	-0.3031	-1.2114	-0.5044
0.5178	0.0959	0.2380	-1.3154	-0.2996	0.7517	-0.4100	-0.1617	-1.2245	0.0415	0.2916	0.7115	0.4166	-0.9217	-0.1387	-0.5890	-0.4631	0.6211	0.0855	0.5646	-1.0067	1.0278	-0.4702	-0.8904	0.0725	0.3655	-0.6325	0.1670	-1.0818	-0.6201	0.0555	0.7383	0.6501	0.5222	-0.3600	0.6422	-0.7924	-0.3081	-0.7281	-0.4635	-0.2606	1.1371	0.1241	-1.1716	0.9457	-0.3390	-0.8346	-1.3997	-0.1223
-0.1503	-1.1906	0.5451	0.2992	-0.3062	0.8389	0.8744	-1.5246	-2.0239	-0.6733	0.8360	-0.2295	0.7749	-1.2481	-0.4387	0.8681	-0.2696	0.4612	-0.8432	-0.1216	-1.4634	0.8249	-1.3126	-1.9295	1.2439	-0.4231	0.5196	0.4250	-1.3490	-0.4928	-0.5961	0.7388	-0.7955	0.0905	-0.8231	0.7831	-0.7085	-0.1328	-1.1659	-0.5670	0.5057	1.4718	-0.1013	-2.0891	0.4476	-0.7912	-0.7484	-1.5657	-1.0657
-1.0763	0.9081	1.1758	-0.5105	0.5031	0.0561	1.0123	0.2835	-2.0908	0.0565	0.4925	0.1019	0.5473	-1.8849	-0.3251	1.2124	0.3171	1.0431	-0.9964	-0.4669	-0.4729	0.4561	-0.7977	-1.7101	1.2975	1.1135	-0.3571	0.9745	-1.3444	0.3870	-0.9029	0.2403	0.7278	0.1676	-0.8754	0.7599	-0.8875	0.0831	-0.6492	-0.4539	0.8867	1.3398	0.6068	-2.1404	1.0843	0.5795	-0.1134	-1.6471	-0.8858
-0.6627	2.3471	0.4523	-1.3236	0.0166	-0.0612	-0.0412	1.0188	-0.0653	1.3681	-1.4816	-0.1300	0.2275	-1.2230	0.1725	0.9291	0.0539	0.5744	-0.3639	0.1954	0.2518	0.9092	-0.2158	0.0580	1.4099	1.7210	-0.1289	0.9849	-0.8743	1.0979	0.0300	1.1128	1.6099	-0.1044	0.2576	0.1442	-0.3640	-0.8301	0.2125	-0.7750	1.5052	1.7766	0.2503	0.3487	0.1113	0.3560	0.8178	-0.5003	-0.0585
0.6217	2.0245	-0.3074	-1.3237	-0.7704	-0.5263	0.1443	0.3001	1.0468	1.1948	0.0134	1.3093	0.1252	-0.4443	1.4461	-0.0637	-0.6149	1.3297	0.8398	1.0444	0.3145	1.8047	0.1177	-0.0775	0.2260	1.7188	1.2751	0.3449	-0.1836	0.1421	0.7801	0.9634	1.3359	0.6209	1.3233	-0.9012	-0.3317	-0.2377	0.0559	0.1579	2.2727	0.6968	0.2718	1.5649	-0.6266	0.9258	0.1774	0.9812	1.5717
0.3081	-2.0640	-0.0238	0.9655	-0.6327	0.4746	-1.0237	1.3401	0.9843	-0.9804	0.2085	0.9779	1.9033	0.5978	-0.6306	-0.9644	-0.0749	0.8222	1.9779	0.6906	0.5602	0.8672	-2.0664	-0.7462	0.3469	0.7790	0.9326	-0.1370	-0.0806	-0.2826	0.7545	-0.2155	0.0730	0.9493	2.2817	-0.2543	0.8842	-0.3005	-0.4862	-0.0601	1.5427	0.6585	-0.5609	0.5240	-0.9646	-0.1971	-0.6476	1.7860	0.8454
0.5273	-0.4616	0.4494	0.0467	-0.0501	0.1500	-0.6726	1.0130	1.1943	-0.1513	-1.0131	1.5998	1.9154	0.0333	0.0832	-0.3335	-0.4006	1.8317	2.4753	0.4528	1.6868	-1.1746	-0.5192	-1.1116	0.3607	0.1312	-1.9142	-0.9118	0.8353	-0.7520	1.2601	-0.6686	1.5526	1.7297	1.8793	-0.5940	-0.8941	0.1488	-0.3099	-0.1913	0.5351	1.3263	-0.1344	-0.9640	-0.7399	0.2658	-0.1847	0.6084	0.8660
2.1037	1.0007	0.5513	-0.0803	0.8881	1.7917	1.8522	-3.8610	2.3759	1.2020	-2.3006	1.1126	0.8680	-0.0281	-0.1661	-0.0347	-1.0016	1.3429	3.4701	2.2476	0.8097	-2.3479	3.2966	0.2740	0.5348	-2.7050	0.7062	0.8454	1.5867	-0.7071	-0.2852	0.6998	-0.7930	1.6424	2.0770	-1.1737	-0.0831	0.7334	-0.1125	0.2446	-0.8779	0.1123	-0.5486	-0.6139	0.2003	0.1848	0.0270	1.9752	1.0151
0.0641	1.7242	1.6000	-0.3367	0.4762	0.0339	-0.5238	-1.4116	-0.3014	-1.3446	2.6776	0.0446	-0.9943	1.1462	0.3866	0.1374	-0.2445	-1.6976	0.5627	0.3849	0.7032	0.0866	-0.1126	0.9324	-0.9712	-0.9999	2.0160	0.5606	1.3857	-0.5829	-0.0661	0.5882	-1.5956	0.8688	2.2770	-0.7897	-0.3335	-0.4428	-0.1727	0.7013	-0.2528	0.1332	-1.8440	0.7780	0.3988	-0.0716	-1.1235	2.0041	0.3425
0.0929	0.8047	2.3444	-0.7389	0.6300	-1.0200	-0.9496	0.1090	-0.8677	0.6972	1.0088	0.2650	-0.5080	2.0257	1.2696	0.2945	0.1907	-2.0341	-0.1429	-1.7372	0.2227	-0.0476	-0.0594	3.3757	-1.2523	0.8586	0.5642	0.4371	1.6634	-0.0826	0.1328	-0.4478	0.6982	0.2422	0.3409	-0.0645	0.6156	0.2016	0.8268	1.7149	-0.7188	-0.9167	-1.2011	1.9833	-0.8869	-0.4978	0.5830	1.8179	-0.5716
-0.2277	-0.4555	2.3004	-0.2573	-0.0834	-0.3174	-1.2402	0.1760	-0.3951	1.0033	-0.1077	-0.5602	-0.1813	2.7593	2.2968	-0.1252	2.3535	-0.6741	0.1867	-1.7883	0.5741	-0.6101	0.8318	1.7772	-0.9186	0.0970	0.3424	1.0760	1.5350	0.3499	0.6571	-0.4332	0.1609	-0.8719	0.4928	0.7071	0.6104	0.7392	0.8628	2.2465	-1.3877	-1.3479	-0.9803	1.0284	-1.0252	-0.7859	-0.1425	1.8948	-1.1138
0.3108	-0.9326	0.0136	-0.8993	-0.7442	-0.9861	0.9466	-0.1138	0.1377	-0.2549	-0.4098	0.2154	-0.7559	3.0882	0.5967	-0.6918	1.5897	-0.9313	0.6146	-0.6086	0.5619	-0.8033	0.0007	1.6139	-1.7548	-0.5171	0.4644	0.1144	1.2059	-1.4060	0.8790	-0.2835	-1.6426	-0.1006	0.8455	-0.5565	-0.0980	0.3126	0.5598	1.6237	-1.7185	-1.5983	-1.5247	0.7404	-1.2242	-0.3570	0.2026	1.3611	-0.5761
-0.3221	-0.1640	-1.1016	0.2028	0.2426	-0.6751	0.2505	-0.2824	0.2140	-1.7894	-0.3828	0.4089	-0.4104	1.6725	-0.4046	-0.8661	0.6433	-1.1315	0.6789	-0.1844	-0.2713	-0.0318	0.2143	1.3027	-1.1156	0.0861	-0.2267	-0.2745	1.1420	-0.9636	1.0400	0.2835	-1.6687	0.0983	0.1960	-1.0287	-1.2676	-1.6010	-0.7775	1.0121	-1.0908	-0.4705	-1.5006	1.1446	-1.6089	-0.2820	0.0159	0.2175	-0.7985
-0.0092	0.2676	-0.3005	1.4875	1.1420	-0.5238	0.0957	-0.0498	0.7220	-1.7166	-0.5690	0.0738	0.6431	0.1673	0.0811	-0.8795	-0.3310	-1.2556	0.3459	-0.1843	-1.4990	-0.4498	0.4414	0.2589	-0.6522	0.3847	-0.1371	0.0738	0.1279	-0.2458	0.9233	1.0800	-1.9871	-0.2593	-1.0545	-0.9356	-0.5904	-1.8354	-1.5223	1.2303	-0.5182	-0.1275	-1.0341	0.6803	-1.3916	-0.1990	0.5678	-1.3266	-0.4432
-0.4238	0.4810	0.5729	2.5048	2.1379	0.8146	0.1826	0.7204	0.3970	-0.2969	-0.3773	0.2764	0.9243	-0.5723	2.0317	-0.0905	0.3440	0.1488	-0.0536	1.1204	-1.4295	0.2090	1.0528	-0.1648	-0.0278	2.0313	0.2414	1.6298	-0.8551	0.3090	0.6058	1.1401	-0.1462	-0.9667	-0.9242	0.7767	-1.9343	-1.5955	-1.3043	1.6341	-0.5002	0.5734	-0.2471	-0.6642	-0.1942	0.3040	-0.3097	-1.8468	-0.3972
-0.3852	0.3195	-0.5665	2.2235	1.3468	1.3083	1.0815	0.8265	0.3077	1.7821	-0.4656	-0.6719	0.3145	-0.1393	1.3160	0.4115	0.6617	0.4538	-0.2404	1.9279	-0.9053	-0.5452	-0.0145	0.6995	0.0521	2.1620	0.1581	2.1670	-0.1907	0.2937	0.3680	0.1324	1.1436	-0.5177	-1.0887	1.0625	-1.7789	-0.2221	0.6478	1.5793	-0.2093	0.4717	0.1187	-0.5198	-0.1345	-0.6503	-0.4006	-0.1048	-0.1736
0.1215	1.1688	-0.9973	1.2684	0.5972	0.8528	1.3965	1.2375	1.5334	0.9860	-0.1561	0.5662	-0.0282	1.1397	0.5453	-1.6220	1.7949	1.8064	0.4496	2.6106	-0.5326	-0.3596	-0.2677	0.1461	-0.7999	1.4434	0.4879	0.3349	0.5217	-0.1729	1.0369	-0.5260	2.3808	0.9448	-0.2569	0.2682	-1.3632	-0.0390	1.2755	1.0562	-0.6571	0.1262	0.2208	0.2824	-0.6801	-0.5510	-0.2441	1.2096	1.1774
0.0991	0.3199	-0.5017	-0.1426	0.7174	0.6077	1.2689	0.3986	2.0184	0.4979	-0.7613	0.9666	-1.0817	1.9576	-0.4315	-1.7392	1.4025	1.0434	1.5135	2.0910	-0.2210	-0.6224	-0.1379	0.1964	-1.7180	-0.4506	0.0635	-0.9461	0.9900	-1.5984	1.4901	0.1343	2.2679	1.0545	1.0343	-1.1660	0.0555	-0.3836	-0.3717	0.4086	-2.0404	-0.2528	-0.5820	0.8776	-1.5329	-0.7396	-0.5561	1.9058	1.2517
0.5532	-1.3476	-0.2606	0.2710	0.3243	1.3454	1.2025	0.1389	1.7775	0.3517	-0.2861	0.9449	-0.8754	1.7037	-0.5112	0.0036	-0.9279	0.5625	2.1230	0.7913	0.1481	-0.4124	-0.1545	-0.0957	-1.7035	-1.2629	-1.1495	-1.2899	1.2819	-2.2431	1.0321	-0.2856	-0.1076	0.9046	0.7775	-1.7909	0.0785	0.0178	-0.1271	-0.3195	-1.5697	0.0832	-0.0161	-0.4526	-1.3296	-1.2378	0.6688	1.2586	-0.1420
-0.6752	-2.5924	-0.1257	1.9662	-0.8636	1.0109	-0.2252	1.4062	1.1395	-1.6614	-0.5591	0.2619	-0.4425	0.8954	-0.3805	0.3205	-0.2077	-0.1482	1.4892	0.1830	0.1740	-1.2777	-0.1830	-0.4885	-0.5113	-1.6155	-0.6136	-0.6735	1.0006	-1.0069	0.6264	-1.1929	-0.3741	0.8700	0.7950	-1.1793	-0.3777	0.0132	-0.8604	-0.1092	-0.1852	0.3768	0.7913	-0.9878	-0.3982	-0.7005	0.3290	0.0486	-1.7852
0.2519	-1.6089	-0.5216	0.5535	-1.0313	-0.1521	0.2060	1.9187	1.0494	0.1866	0.5887	0.8351	-0.8702	0.5967	-0.5978	0.3965	-1.7346	-1.3733	1.0877	0.4267	-0.3816	-2.7188	0.2409	1.3685	-1.6082	-0.4796	-1.6356	-1.5058	0.3635	-0.8519	1.0125	-0.2146	-0.2108	0.7861	-0.0013	-0.9956	0.3706	0.7540	-1.1366	0.4409	0.0117	-1.5968	2.0749	-0.6474	0.5916	-0.6402	0.9969	-1.1476	-1.2084
1.1533	-0.2271	-0.1448	0.1042	0.4079	0.1519	0.3419	1.1193	0.5700	0.8314	0.2890	1.0601	-1.0742	1.0472	-0.5050	0.9985	-1.3791	-0.7956	-0.0543	0.3028	-0.3171	-1.6843	0.7728	1.2290	-1.0756	0.0299	-0.8049	-1.4928	0.5217	0.1817	1.5774	-0.7532	-1.2328	0.6765	0.5840	-0.1124	-0.7507	-0.3525	-0.7133	-0.1998	-0.8719	-1.5685	1.4176	-0.4692	1.7083	-1.1427	0.8346	-1.3354	-0.7870
0.1902	0.4107	-0.4557	0.9440	0.5299	0.5776	-1.2147	0.6801	-0.8479	0.6297	0.8154	-0.6589	-0.7899	0.9194	-1.2515	1.4255	0.3309	-0.1229	-0.2165	0.4313	0.3723	-0.2735	0.3325	1.2853	-0.4330	-0.1706	-0.4843	-0.1843	1.0742	0.8601	1.1414	-1.6886	-0.7676	-0.1669	0.3209	0.0184	-1.1612	-0.4606	0.0022	-0.8776	-1.0982	-0.6337	0.9163	-0.0147	1.3925	-2.1725	0.2309	-1.1286	-0.5139
0.2210	1.2460	0.1104	1.1678	-0.2498	0.7032	-0.7018	0.9092	-0.6278	-0.1930	0.7868	-0.5515	-0.3644	1.0021	-1.1540	0.9130	1.0434	0.8417	-0.1618	0.3323	0.7806	0.3983	0.6852	0.1700	-0.3272	-0.0070	0.9917	0.3751	-0.2109	0.8763	0.7318	-0.6977	1.0028	-0.0552	0.3737	0.1723	-0.2698	0.6469	0.5217	-0.5516	-0.5542	-0.0395	0.4628	-0.1084	0.0374	-2.3559	-0.0039	-0.8979	0.5740
0.5676	1.4744	-0.3473	-0.3146	0.2293	-0.4130	0.7404	2.9500	-0.1022	-0.3221	1.0238	1.1582	-0.1259	-0.2502	-1.2329	-0.1735	-1.2068	-1.0171	-0.4864	-0.3369	0.5001	-0.5002	1.3588	0.9840	-1.1596	0.3859	0.4697	0.4815	-1.2055	0.3201	0.1240	-0.1856	0.9218	0.4629	0.1823	-0.3486	0.0192	0.8875	-0.5024	0.0900	-0.4564	-0.7157	0.2808	0.2048	0.1915	0.0766	0.9616	-0.6945	0.8474
-0.0999	-0.1721	-0.2641	-0.2988	-0.1711	-0.4943	-1.8867	0.8289	-0.4605	-0.9479	0.9733	-0.5985	-0.2131	-0.8261	-1.2185	-0.5334	-0.9223	-2.3697	-0.0657	0.7169	0.7022	-0.8681	0.8372	-0.3235	-0.4507	-0.3909	-0.6656	0.1814	-1.0458	0.3261	0.0356	0.3596	-0.9278	0.0862	-0.1536	-0.3418	0.9885	0.8060	-0.7996	0.0072	-0.5945	-0.1214	0.3437	-0.0290	0.7287	-0.2520	0.4703	-1.1932	-1.3636
0.0811	-1.1950	0.3115	0.1200	-0.0070	0.5719	-2.0523	0.3682	-0.8664	-0.7221	0.8634	-1.1489	-0.3204	-1.3709	-1.3167	0.2221	0.0715	-2.1440	0.1466	0.2283	-0.7974	-0.5861	-0.9329	-0.5947	0.0799	-0.3846	-1.8945	-0.1530	-0.8070	0.3532	0.1459	-0.1665	-0.6933	-0.1033	-1.1892	-0.2016	0.8216	1.2379	0.5979	-0.0852	0.0206	-0.3979	1.6348	-0.7298	1.0312	-0.2109	0.7800	-2.6400	-1.0069
-0.6858	-0.1992	0.3107	0.6365	-0.2917	-0.2315	-1.5914	0.2006	-1.1033	-0.7053	-0.6568	-0.8927	-0.3244	-1.4712	-0.4327	0.4489	1.5736	-1.3198	-0.3775	-1.5317	-1.4050	0.1425	-0.4377	-0.6945	1.7421	0.2261	-1.7648	-1.0538	-0.1623	0.2993	-0.0540	-0.1659	0.6436	-0.6282	-1.0287	0.3734	-0.6429	0.8366	1.2084	-0.7701	0.5425	-0.8934	1.9539	0.0241	0.8304	0.2918	1.7884	-2.2223	-1.3352
-0.9611	1.0573	-0.5436	-0.4980	-1.0962	-0.6435	0.0785	0.0487	-1.5157	-0.1291	0.2376	-1.7758	-0.3562	-0.8017	-1.4650	0.1634	0.5251	-1.4273	-1.4184	-2.0714	-0.4897	0.4765	-0.3403	-0.6528	1.8273	-0.8313	-0.1687	-0.8286	0.1299	0.0592	-1.4078	-0.9363	0.1290	-1.0223	-1.3276	0.7458	0.2132	1.5757	2.1465	-0.7392	1.7782	-1.4618	2.0915	0.4666	1.4882	0.2294	1.8768	-0.9988	-0.2538
-2.6549	1.9918	-0.7135	-1.2908	-1.1465	0.2024	0.1478	0.8208	-1.4870	-1.0376	0.2916	-2.3400	-1.0636	-0.9513	-1.6013	-0.8830	1.1059	-0.6558	-1.6676	-1.2259	-0.0803	1.2253	-0.4104	-1.5582	1.9974	-0.7735	1.2973	0.2586	-0.7625	0.5925	-2.1543	-0.7980	1.0693	-1.9655	-0.5245	0.8535	0.3200	1.4799	1.7461	-0.4643	2.0338	-0.4494	1.7397	-0.1085	2.1754	0.4385	0.2945	-0.3141	1.2493
-2.7891	1.0057	-1.0320	-1.7704	-1.8427	0.0465	0.0072	0.9701	-0.1038	0.0381	-0.6316	-1.5816	-1.2835	-0.5879	-0.5365	-0.9443	0.8938	-0.8993	-0.7859	-0.7125	-0.2841	1.0097	-1.0075	-0.7079	1.8828	0.5243	1.5591	-0.6187	-1.0545	-0.2287	-1.5020	-0.6302	1.0568	-1.0976	-0.2575	0.0960	0.5223	2.1049	0.9740	-0.8201	2.4069	0.1752	1.2872	1.1110	1.6954	1.2469	2.0019	0.1741	2.5555
-1.8960	-0.5865	-0.9790	-0.6821	-2.3480	-0.8704	-0.2797	1.6568	0.6008	-0.5886	0.1220	-0.4674	-0.7363	-0.4462	1.1366	-1.1343	0.4036	-0.2730	0.1708	-0.4560	0.0278	1.2107	-0.7580	-0.2792	1.2551	0.2829	1.8224	-1.8508	-0.3292	-0.3492	-0.3072	-0.7331	1.1779	-0.3326	0.9822	-0.5610	0.8254	1.0612	0.6711	0.1377	1.5114	1.5545	-0.2631	1.6030	0.7206	2.1219	0.9746	0.9016	2.0659
-1.2225	-2.6602	-0.9543	0.1803	-1.8655	-0.6209	-1.3559	1.0379	0.2822	-0.3959	0.3412	0.2512	0.0825	0.0061	0.7119	-0.7030	-0.4074	-0.9795	0.3651	-1.4552	1.0220	0.4054	-1.0502	0.2437	-0.2799	-0.3141	1.7473	-1.1447	0.1784	-0.1962	-0.4024	-0.3110	-0.7101	-0.2889	0.1909	-0.9565	0.2450	-0.5731	0.4987	0.3652	-0.7565	1.3963	-2.0337	2.0594	-0.5028	1.2268	-0.0147	1.3847	-1.1084
-0.8776	-1.1964	-0.5067	-0.4799	-1.1471	0.1836	-1.6890	0.7686	-0.9550	-1.4890	0.1927	0.6240	0.3710	0.1033	0.4527	-0.6922	0.7629	0.0067	-0.1431	-1.8165	1.2871	0.7393	-0.2341	-1.8462	-0.4180	-0.3041	0.5877	-0.5843	0.3930	0.7798	-0.2000	-0.0042	-1.5934	-0.9260	-0.7199	-0.0484	-0.8146	-1.7185	0.4364	0.1420	-0.9239	1.0237	-1.8596	0.8518	-0.4969	0.4460	0.0918	0.6670	-1.4932
-0.9993	0.3423	-0.1213	-0.3703	0.5254	-0.3317	-0.7625	0.0745	-1.7982	-1.0551	-1.0415	0.1038	0.8815	-0.3753	-0.2444	-0.8291	0.6963	0.3164	-0.8860	-0.8475	0.2839	0.5709	-0.7301	-1.2403	-0.2245	0.2307	0.3084	0.1228	-0.2272	1.1860	-0.7588	-0.2717	-2.1421	-0.1875	-0.8891	0.5479	-0.4720	-0.4754	-0.0109	-0.6583	0.2886	0.6003	-0.4402	0.0077	0.0912	-0.0856	1.0032	0.4064	0.3013
-1.0415	-0.0192	-0.2355	0.3535	1.1299	-0.5183	-0.4176	0.0746	-1.3685	-0.7070	-0.8337	0.0586	0.7447	0.1006	1.1426	-0.5138	0.6653	1.2770	-0.9493	-0.1673	-0.8559	0.8727	-0.2818	-0.3714	-0.1002	1.0034	0.4621	0.3386	-0.4302	0.6195	-0.7318	0.0969	-1.0439	0.2058	-0.5771	0.3616	0.0193	-0.4952	-1.2074	-0.5169	0.1193	1.4039	-0.4675	-0.4225	0.0197	0.4512	-0.4315	0.6212	0.6819
-0.3238	-1.5982	-1.0168	1.3315	0.9743	-1.0994	-0.6976	0.3090	-0.8026	-0.0551	-1.3773	0.2600	-0.1289	0.2028	1.5476	-0.8213	0.4441	0.6592	-0.9141	0.0029	-2.2604	0.9443	-0.1459	0.7691	-0.1191	0.7179	-0.5789	0.3718	-0.8469	-0.6643	-0.4360	0.2072	-1.0865	-0.6255	-1.5964	0.7072	0.8574	-2.2351	-1.4337	-0.1428	-1.6798	0.6686	-1.2334	-0.2837	-0.9277	0.1759	-0.0848	-0.6220	-1.0452
0.2457	0.0430	-0.0464	2.1827	1.3159	-1.5978	-1.0051	-0.1975	-1.1391	-0.9007	-1.6672	0.4226	0.0718	-0.6455	1.9399	-1.0242	1.8101	-0.0718	-0.6116	0.2662	-1.6776	0.4672	-0.2386	-0.8863	0.4060	0.4534	-0.8339	1.3710	-1.1521	-0.0826	-0.3651	0.4662	-0.8980	-0.6692	-1.5935	1.7843	-0.9339	-2.0210	-0.8610	-0.0402	-1.4806	1.2269	-1.2401	-0.6611	-1.1970	0.2819	-0.0433	-1.2809	-1.7486
-0.7092	0.8426	-0.3824	1.5942	0.7608	-0.5173	0.0571	-0.3589	-0.0763	-0.2639	-0.3907	-1.2380	0.6411	-1.6077	0.4407	0.3695	0.6915	-0.1333	-1.2396	-0.1097	-0.7863	-0.9187	-0.1364	-0.5535	0.5374	-0.6252	-1.3880	1.8582	-0.7603	0.3432	-1.1675	1.2056	-0.4453	-0.1162	-1.3962	0.3371	-0.4495	-0.1986	0.1715	-0.7283	0.3213	1.0785	-0.1303	-0.5343	-1.1755	-0.3969	-0.2921	-0.1425	-0.3169
-0.2264	2.4986	-0.4990	-1.3011	0.5186	-0.1850	0.4939	0.4137	0.3417	1.0139	0.6485	-0.0611	0.0928	-1.7786	1.5233	0.7777	-1.0923	1.1232	-1.4617	-0.2284	-0.6229	-0.7198	1.0935	-0.6303	0.2818	0.0603	-1.0344	1.4871	0.2977	0.3020	-0.4786	1.4755	0.4758	0.8434	-0.4949	-0.7577	-0.9697	0.2133	0.1061	-0.1784	1.3841	0.3187	0.6645	-0.3579	0.0523	0.2618	0.0818	0.0429	1.2829
0.9453	1.6067	-0.4243	-0.7997	-0.3442	-0.1920	0.5488	0.0455	0.0891	1.3558	0.2212	-0.7740	-0.6687	-1.1364	0.7249	0.0853	-2.2575	0.4111	-0.8120	0.2115	0.2717	-0.1640	0.7285	0.0744	-0.3338	-0.9608	-0.1021	1.1699	-0.3026	1.0192	0.0094	0.7208	0.0827	0.7457	0.4219	-0.4085	0.4221	0.1892	-0.8130	-0.1957	0.5354	-0.5500	0.1831	-0.2455	-0.1678	-0.4164	-0.5531	0.5762	0.6694
0.8019	0.3886	0.1329	-0.0121	0.6169	-0.1495	0.7740	-0.9354	0.5563	1.4235	1.1645	0.5121	-0.2211	-0.4474	1.2324	-1.2006	-1.5133	1.1632	-1.0951	0.4635	0.6048	0.5179	1.0504	0.5355	-0.7502	-0.7609	-0.1817	0.3410	-0.5828	0.5319	-0.7828	-0.0915	-0.3949	0.6028	0.2429	0.3219	0.2435	-0.2158	-0.2838	0.1009	-0.8736	-0.8359	-0.6120	-0.5680	-0.1589	0.3515	-1.2791	0.6647	-0.1519
-0.3108	-1.8260	1.7802	-0.0113	1.3425	0.5213	0.0885	-1.8683	-0.4884	0.2190	0.1392	-0.3941	0.7841	-0.7092	0.0302	0.0352	-0.7225	0.5878	-2.1194	0.2425	0.3202	0.2077	1.1646	2.1700	0.6269	-1.0456	-0.8361	0.6107	-1.6179	1.0949	-1.6290	0.2720	-1.3038	-1.1739	-0.2133	0.9229	0.6102	-0.5617	0.1455	-0.6912	-1.7105	-1.6610	-1.1278	-1.5823	-0.9166	-0.7765	-1.7288	-0.0145	-1.3566
-0.7238	-0.3197	2.2782	-1.6165	1.4809	0.1029	1.2655	-1.3338	-0.7686	0.1531	0.4077	0.3682	1.0786	-0.9095	0.3463	1.2546	-1.6301	0.4453	-2.3136	-0.9134	-1.1729	-0.5686	1.7613	1.3644	0.2702	-0.2881	-1.0617	0.3085	-1.9881	1.2705	-1.3938	1.4796	-1.4099	-0.8605	-1.3770	0.4719	-1.0331	-0.1608	0.2531	-0.5235	-0.2781	-2.4343	-0.6469	-1.7203	-0.0882	-0.2080	-0.3553	-0.7917	-0.1306
-0.9806	0.4142	1.4222	-1.6067	0.8389	-0.2283	2.2339	-1.6182	-0.5008	0.3946	-1.0878	-0.9625	0.1891	-0.3268	0.4254	0.8874	-1.3086	0.2635	-1.9117	-0.8808	-0.7759	-0.7855	2.0054	-0.0817	0.2437	-0.5797	0.3682	0.8444	-1.4856	1.7046	-1.2728	1.2813	-0.9229	-0.5891	-0.6903	0.7656	-0.9048	0.3682	0.1660	-0.2684	-0.0471	-0.7441	-1.1464	-0.5676	0.5071	-0.0479	-0.9922	-0.1032	-0.0308
-1.6758	-0.9713	1.1291	-1.2508	1.3857	-0.3346	0.7567	-1.6332	-0.1601	0.8251	-0.1922	-2.0084	-0.0611	-0.9535	0.5092	1.0356	-1.6265	1.4941	-1.5592	-0.4378	-0.9755	0.4909	1.5592	-0.2054	-0.1100	0.5120	1.0210	1.2488	-0.8541	0.9357	-1.6170	0.4188	0.1884	-0.2016	-0.9963	0.8203	-0.1381	0.2213	0.2367	0.2566	0.0495	0.2493	-0.1864	-0.5832	0.2958	-0.3968	-0.7681	-0.8493	-0.4843
-1.8393	-1.1323	2.3895	-0.6188	2.5786	-0.3093	0.0627	-2.0189	-0.4561	0.5859	0.2213	-1.4667	0.6415	-1.5924	1.2634	1.1972	-1.3687	1.8020	-2.5142	-0.2157	-0.7392	1.2185	2.3338	0.3984	0.7497	1.0645	0.8278	0.8572	-0.8454	1.6232	-1.8170	0.6724	0.3627	-0.4693	-1.1858	1.6177	0.6060	-1.1347	-0.0337	0.2350	-1.0730	-0.1935	-0.0671	-2.3566	0.3314	0.2138	-1.4097	-1.6429	-0.3823
0.9103	-0.1110	2.6120	-0.9705	1.8258	-0.8291	0.2639	-0.9692	-1.5852	2.2589	1.1823	-1.0702	1.3173	-1.4074	1.0600	1.9668	-2.3032	-0.2274	-0.9042	-1.0583	-0.1267	1.7234	1.2402	1.1724	0.4809	0.6650	-0.7787	1.9226	-0.2457	2.5197	-1.6923	0.6692	0.3111	-1.5493	-1.7290	1.6757	1.9228	-0.8272	0.5082	-0.5393	-0.5936	-1.0120	0.2868	-1.7031	-0.3324	0.3418	-1.0665	-0.2499	-0.6643
1.0440	0.2626	1.7825	-0.0274	-0.3383	-1.4963	0.5697	-1.4597	-1.4054	0.1721	1.6189	-0.0396	0.4362	-0.0865	0.6126	1.8715	-0.8811	-1.4215	0.1517	-0.8213	0.6839	1.8431	-0.4039	-0.7527	0.2867	-0.1109	0.2798	0.7495	-0.6295	1.8286	-0.0798	1.3928	0.8455	-2.1500	-0.5332	1.9911	1.3609	-0.0331	-0.6257	-0.9169	1.4670	-0.4431	-0.8641	0.4556	-1.1662	0.8630	-1.5189	0.5259	-0.9453
1.9434	-0.3775	-0.1355	-0.9416	-1.8288	-2.0971	-0.3889	-1.7576	0.3562	-0.0937	1.1765	0.9681	-1.1045	1.2362	0.4304	-0.6253	0.4124	-1.1911	0.5228	0.0797	0.9765	0.9701	-1.1271	0.1152	-0.3327	0.6346	0.3774	-1.0976	0.3098	-0.7687	0.9931	0.4737	0.8726	-1.0510	-0.4979	0.8326	1.6749	-0.4041	-0.3922	-0.4349	0.4457	-0.2961	-0.6239	2.0997	-2.4491	0.3963	-0.4728	0.5876	-0.8316
2.3216	-0.8628	-0.9456	0.1152	-1.5093	-0.5487	0.5020	-2.3673	1.2503	-0.8205	1.8902	1.3160	-0.2326	1.6781	0.9326	-1.4465	1.3514	0.4352	0.8890	0.5336	1.0358	0.9095	-1.1163	-1.7279	-0.7810	0.2722	0.2913	-0.7168	1.1276	-0.5338	1.9119	-0.2635	0.3735	-0.4922	0.1193	-0.0850	1.0115	-0.2339	-0.5693	0.0510	-0.4410	-0.6479	-0.4504	1.7953	-1.4711	0.1354	-1.1354	1.2542	0.2931
1.7307	-1.0557	-1.3433	0.3852	-1.7218	0.7608	-0.0467	-1.3198	1.3026	0.0049	1.4609	0.1444	1.6946	0.4564	-0.0657	1.1467	-0.6472	0.4748	1.5046	-0.0706	0.6155	-0.7098	-0.8637	-0.6328	-1.4681	-1.3245	-0.0855	0.5688	1.0851	0.4584	1.3055	0.1501	-0.8772	-0.2924	0.4869	-0.1533	1.7413	0.2458	-0.8800	0.8600	-0.3788	-0.7569	-0.4186	1.4323	-1.1257	-0.9852	-1.0351	1.6047	0.0403
2.5967	1.4795	-1.4182	-0.2663	-1.2876	-0.8390	0.0471	0.0034	1.5687	-0.7283	1.1112	0.3805	1.4543	-0.5685	0.9604	0.6556	-1.3000	0.2286	1.0123	-0.5724	1.3368	0.0187	-0.0541	-0.4931	-0.5344	-1.4462	1.3273	0.5339	1.4287	0.5223	0.7984	0.8832	-0.3270	-0.5666	0.9537	0.7577	0.1391	-0.3598	-0.6780	0.4187	0.8530	0.0133	-0.5964	1.8498	-0.3286	0.2785	-1.4017	0.6587	0.8204
1.5576	0.3322	-1.9788	0.9309	-1.3111	-1.8623	1.6643	-0.5428	0.7658	-0.5726	1.0550	-1.1073	0.6584	-0.7103	-1.3735	0.9991	-1.2766	-1.1845	0.5868	-0.4010	2.3308	1.0628	-1.2745	-0.5534	0.0416	-1.0200	0.8776	-0.6783	1.0756	-0.2710	-0.6143	-0.4746	-0.0858	-0.3041	0.5161	-0.8611	1.7212	-0.0258	0.1669	-1.4189	1.9562	0.9710	-0.1664	1.9065	-0.7173	-0.1518	-0.7159	0.9702	0.8996
1.3915	-0.8151	-0.8216	0.5828	-1.6225	-1.6999	1.8010	0.1928	0.2448	-0.9644	0.8145	0.1196	0.3604	-0.2404	-0.8224	1.5612	-0.3426	-0.5347	0.2695	-0.9666	2.4498	1.6998	-1.1094	-1.1307	1.0176	-0.8837	-1.0241	-2.0279	0.4225	-0.5085	-0.2767	-1.1867	0.7256	0.0377	0.8905	-0.4961	1.7602	0.4260	0.9584	-1.6534	1.0843	1.4270	0.6059	0.2311	0.5038	0.8369	0.3421	0.8353	-0.0812
1.8881	-2.3113	-0.6183	-0.4554	-1.7095	-0.9249	-0.1462	0.2402	0.7132	-1.3140	-0.1166	-0.5335	1.8671	0.7826	-1.0242	1.0434	0.6288	-0.4466	1.1839	-0.1469	1.5195	0.5921	-2.1236	-0.0412	0.8712	0.6296	-1.7394	-1.8852	0.2876	-0.4728	0.5125	-1.3647	0.4502	0.5503	1.0267	0.3210	1.1846	-0.1232	1.5208	-1.1738	-0.5279	-0.4285	0.4277	0.1987	0.2425	-0.2159	0.1476	1.1460	-1.2837
2.5321	0.2241	-0.3129	0.3063	-0.3340	-0.9313	-2.2950	0.8541	1.3717	-1.5310	0.3729	-0.0505	2.2264	0.8880	1.0183	0.5234	0.7709	0.9007	1.5463	-0.0360	0.8495	0.8653	-1.8220	-1.4848	0.4697	1.5226	-1.7261	-1.0531	0.6941	0.0401	1.2540	-1.5268	0.6866	0.8319	1.4048	0.0218	0.0677	-0.5997	1.2644	0.0152	0.5898	0.2990	-0.0540	0.6554	-0.5936	-0.1704	0.0964	0.5302	0.3372
2.2190	1.3613	-0.6536	1.3985	0.6315	-0.0525	0.0189	1.1654	1.5653	0.2169	-1.5599	0.6202	1.5924	-0.0814	0.2543	0.9166	-0.0685	1.0511	1.4795	-0.2526	0.7448	-0.5720	-0.5604	-0.3861	-0.0810	0.3057	-1.3473	0.0360	0.2144	0.0513	0.6874	-0.8524	1.8749	0.9992	1.4477	-1.1761	-0.3614	0.9642	0.0633	-0.2035	1.9127	-0.2603	0.2829	0.9574	0.0086	1.2116	-0.2512	0.5147	1.8025
0.8736	1.9710	-0.9773	1.1538	1.3161	1.6501	2.5475	-1.9848	3.3442	0.4468	-1.9594	0.2561	-0.8338	0.5936	-1.5035	-1.8641	0.5713	2.3721	3.0869	2.6752	0.5573	-0.9151	1.1231	0.4358	0.8659	-1.7192	1.0596	1.6624	0.7587	-0.6109	-0.3258	1.6247	1.0637	-0.2327	1.3908	-1.4332	0.9652	1.1238	0.0124	-0.1236	2.5618	-0.9995	0.6242	-0.4303	1.9379	0.9192	-0.1540	0.8032	2.4771
-0.4280	1.0603	0.2037	-0.8353	0.5712	0.2505	-1.4576	-0.7594	0.4419	2.2682	0.6359	0.1407	-1.6775	0.8081	-1.1588	-2.3046	1.5611	-1.1047	0.2923	0.3069	0.5414	-0.6677	-0.1302	1.2101	1.3228	1.5744	0.3443	-0.0366	0.1855	-0.9612	-0.8625	-0.1713	0.7493	-0.7157	0.8054	-0.7121	0.4327	1.3966	1.3502	-0.3246	2.9686	-0.5679	2.0892	-0.1781	1.6477	0.8090	2.3418	0.0420	2.6300
0.1951	-0.1350	0.9616	-1.0244	0.5483	0.1877	-0.9301	-0.6061	0.0149	1.6443	-0.6780	0.4765	-1.9641	0.7392	-0.6672	-0.8376	2.0455	-1.5055	-0.0632	0.2040	0.4408	-1.2222	-0.3668	1.0675	0.4635	1.8951	-1.1819	-1.1426	-0.0351	-0.9536	-0.2742	-0.9212	0.4657	-0.4855	0.0073	0.4142	0.8669	2.6818	1.6030	0.4266	1.0707	-0.5201	2.3534	-1.0979	1.3266	0.3822	2.7593	-0.0383	1.9796
-0.5249	-0.3893	-0.3590	-0.5672	-0.7689	1.5869	-0.3028	-0.0537	0.5828	0.5556	0.7753	1.3921	-1.0295	0.8104	-1.0053	-0.7237	1.0272	-1.2064	0.3050	0.5565	-0.2113	-1.2315	-0.9152	-0.2111	-1.2224	0.0289	-1.2080	-1.6864	-0.1752	-1.5233	0.5652	-0.6282	-0.7731	0.4351	-0.2443	-0.0033	-0.5835	1.5941	1.6293	0.9194	-0.6532	-0.3540	1.8600	-1.3919	1.6103	0.3781	0.6701	-1.7639	0.6060
-0.5402	0.5661	-1.2453	1.4749	-0.8689	2.5757	-0.0408	-0.6555	0.4356	0.8810	0.1970	0.9575	-0.4953	0.5519	-1.5362	-1.0009	1.0146	-0.2872	-0.1496	1.3934	-0.6175	-1.6450	-0.4444	-0.3841	-0.8918	-1.0846	0.1274	-0.2705	-0.6714	-0.4417	0.6286	-0.1453	-1.1649	1.0677	0.3637	-0.0376	-1.2871	0.0936	0.3814	0.8398	-0.6799	-0.3844	-0.0435	-1.2055	1.5954	0.6759	-0.8048	-1.9634	-0.0777
-0.3167	1.0221	-1.3670	1.9278	-0.3008	2.7814	1.9623	-0.2226	1.0171	2.0473	-0.5754	1.9925	-0.2819	0.1076	-0.1656	0.1196	-0.2262	1.3255	-0.0423	1.7806	-0.6143	-1.2312	0.9621	0.3016	-1.0637	0.2127	0.5765	-0.0329	-0.5903	-0.0671	0.8610	0.6360	0.7784	1.8317	0.6398	0.0315	-1.5949	0.4146	-1.2222	1.1447	0.5454	-0.1821	-0.2886	-0.2903	1.7753	1.3201	0.1172	-1.4433	1.0600
-0.6411	-0.4497	0.0093	1.1383	0.9609	1.9260	1.6218	-0.8085	0.1743	0.6230	-2.2282	1.3038	-0.6573	0.2777	-0.4339	0.4646	-0.7474	0.3964	0.2021	1.3027	-0.2321	-1.0086	0.7647	0.8093	-1.4939	1.1519	0.8023	0.1704	-0.1006	0.2278	0.8817	0.7375	0.6672	1.3445	0.9769	-0.2787	-0.6191	0.3185	-2.2561	1.0025	-0.0925	-0.9589	-0.3074	-0.4668	-0.1724	0.6151	0.2379	-0.5676	0.9545
2.4359	0.8689	1.6547	-0.1151	2.1313	0.8506	0.6482	-0.0734	-0.8838	0.8177	1.1306	1.3036	0.4780	-0.1090	-0.8304	-0.0958	-0.3718	-0.3311	1.5648	0.9620	-0.1388	-0.1468	0.1491	-0.8894	-1.2608	2.2482	-0.4465	1.2706	1.5865	0.0434	0.6630	-0.2396	0.1063	1.5538	0.2509	0.1705	-1.0260	0.7897	-0.5590	0.7880	0.4005	-0.9874	-0.2358	-0.0173	-0.8714	-0.2875	-0.1091	0.7753	1.1477
0.5293	0.1048	2.3662	0.6985	1.2603	1.2590	-0.3644	-0.2866	-0.7133	1.6413	0.9296	-0.4606	1.0992	0.1694	-0.4733	1.6371	0.9481	-0.2530	1.2942	-0.2518	0.4075	-0.3084	-0.0823	-0.4388	0.1864	0.7853	0.7026	0.7016	1.8806	-0.0121	0.3451	-0.5536	2.1278	0.2859	1.3246	0.7634	-0.1364	1.0619	0.0204	1.9354	-0.5718	-0.1469	-2.2663	1.9470	-1.0897	-1.6162	0.0713	1.5668	-0.9961
0.4106	-1.1754	2.2931	-0.3985	-0.8323	0.6175	-0.8149	1.1310	0.1880	0.7735	0.5849	-0.9361	0.3633	-0.1007	0.0974	1.8513	-0.4345	-0.1626	1.4771	-1.2654	-1.0395	-0.4680	-1.0341	0.7886	0.3267	-0.0130	0.8785	-0.9301	2.1325	-0.9440	0.3871	-0.7886	1.2896	-0.1306	1.1600	0.2739	1.6771	0.1096	1.0567	3.2003	-1.6284	-0.5385	-2.1077	2.5448	-1.0127	-1.9784	1.3545	1.1309	-2.0634
0.6209	-0.5379	0.8760	0.0801	-1.2568	1.2476	-1.4811	1.3269	-0.4870	-1.5721	-1.0309	-0.0266	-0.5504	0.1170	-0.7789	0.7606	0.2628	0.5709	1.3809	-0.7619	-1.4947	0.0458	-0.8420	-0.8070	0.6157	-0.5453	1.8895	-1.1268	2.2000	-0.5890	0.5675	-1.6955	-0.0957	0.6298	1.3952	0.1563	0.1297	0.2741	0.9264	2.0381	-0.3292	0.5070	-1.1896	1.4055	-0.7470	-0.7505	1.1111	1.8312	-0.7919
-0.8653	-0.3641	-1.0686	0.0738	-1.9102	2.6254	-0.8576	0.5822	0.2105	0.3460	-1.2834	1.9730	-1.7168	0.6144	-1.1303	1.5337	-0.2297	0.5096	0.3146	-0.0563	-1.1738	-1.8008	-0.1256	0.1531	-0.2090	-0.6945	2.3092	-2.0794	1.0820	-0.6995	0.2600	-1.7768	-0.3455	1.4479	0.7817	-1.1830	0.5268	0.8539	0.0333	1.3456	-0.1794	-0.0791	-0.3913	0.8772	-0.1993	0.1323	0.3207	1.1291	0.6391
-1.0832	-0.5607	-0.3101	0.2853	-0.3260	0.8841	-0.2983	0.7824	-0.2013	0.1822	-0.7791	1.6908	-1.1254	0.4276	-0.4723	-0.3717	0.5108	-0.2196	0.8353	0.5439	-0.5232	-1.4128	-0.1217	0.3608	0.1583	-0.2725	1.5623	-1.9118	0.2302	-0.6123	0.3327	-1.2522	0.7193	1.2599	1.3406	-0.8176	0.8740	-0.0803	-1.1505	0.8179	-0.9453	0.6587	-0.7211	-0.6807	-0.0683	-0.4531	-0.3566	-0.4560	0.2820
-1.1917	-0.6710	-1.5126	-1.3639	-0.3016	-0.0069	0.5983	1.0901	-1.5967	0.7797	-0.8503	0.0197	-0.6025	0.2885	-1.5323	-0.4371	-0.2604	-1.2085	0.9565	-0.1135	-0.7889	-0.8150	-0.6986	0.9853	0.6368	-0.9907	-0.8808	-1.3661	-0.0353	-1.4373	0.5859	-0.6350	1.0339	-0.3498	0.9720	-2.0319	0.4020	-0.5077	-0.6714	0.4490	-0.0501	0.5352	-1.0544	-0.4835	0.0323	-1.2353	0.5870	-1.4558	0.1615
-1.4146	1.1378	-2.2673	-1.2594	-0.8761	0.3299	-0.5727	0.5364	-1.6662	-0.5435	-1.4152	0.4184	0.4415	0.3513	-1.1795	0.1513	0.4189	0.6623	0.1132	-0.9930	-1.1825	-0.0955	-1.3693	-1.1896	0.9258	-0.8944	-0.3193	-1.1844	0.6438	-0.9334	0.7177	-0.4567	0.8799	0.6258	1.2617	-2.0173	-0.6951	0.4585	1.1995	0.2849	2.1041	0.3461	0.5248	0.3611	1.0322	2.0762	0.7896	-0.2094	1.3800
1.2102	0.7420	-0.4791	1.1755	-0.8617	-0.3734	-1.5041	-0.1741	-0.6311	-0.7923	-1.2722	-0.0742	1.0025	0.5765	-0.5490	-0.5016	1.0219	0.1262	0.7414	0.0641	-0.8007	-1.3119	-2.3596	-0.6948	0.5833	0.5318	0.3895	-1.0851	1.1560	-1.0652	0.8039	-0.6935	-0.4943	1.7203	1.2483	-1.6148	0.5001	1.1944	1.2572	0.5323	1.6889	1.1220	1.0699	-0.0432	0.3964	1.5829	0.6205	1.7236	1.5663
0.5823	0.4274	1.0922	-0.4784	0.4876	-1.3397	-1.8403	-0.3784	-0.5893	-1.1274	-0.8913	-0.2068	0.2442	0.3167	1.1857	-1.0151	0.6661	0.4456	0.9178	0.2453	-2.2266	-1.0905	-0.7270	-0.7103	-0.5146	0.5348	0.2085	-1.7355	1.0312	-1.2950	1.7313	-0.5375	0.4756	2.0637	0.7279	-0.8570	-0.6872	0.3804	-1.3721	1.2701	-0.2813	1.7760	-0.0967	-0.5178	-1.5209	1.4323	0.2381	0.7693	1.0327
-0.2845	-0.1642	1.9971	-0.6509	1.5633	-0.5809	-0.6247	0.6212	-0.6013	-0.7439	-1.7856	-0.7829	-0.4396	0.0398	0.6485	-0.4645	-0.0489	-0.5752	0.4762	-0.1262	-2.7138	-1.4278	-0.3804	-0.4977	-0.8016	0.4579	-0.8530	-0.2620	-0.0455	-0.9969	1.2036	0.3971	0.1202	1.1354	0.5412	-0.7347	-0.7550	-0.3932	-0.9572	0.8752	-1.7695	1.7140	-0.9252	-0.7890	-1.7194	0.4553	-1.3222	0.6459	-0.7729
-0.7556	1.0681	0.8277	-1.5955	1.5810	-0.6954	0.2357	1.5414	0.2396	0.4187	0.2713	0.3610	-1.2573	0.0353	2.0142	-0.8715	-0.2190	-0.6917	-0.4486	0.8364	-1.3059	-1.4594	1.2568	-0.9476	-1.1150	2.3073	-0.8963	0.4234	-0.8662	-1.1317	0.5131	1.1253	0.0460	0.6378	-0.2767	-0.3518	-1.9978	-0.0406	0.7160	0.4047	-1.6089	0.6920	-0.0783	-0.0670	-1.2613	0.2378	-1.3434	-0.1111	-0.6614
-1.5550	0.0015	-0.3442	-0.4019	0.0443	0.5859	-0.0053	1.3269	0.2851	0.0051	1.0084	-0.0470	-1.5472	-0.3585	1.1787	-0.7733	-0.4600	-0.2966	-1.3149	1.2146	-0.1477	-1.0814	1.5700	0.4267	0.0405	0.8014	1.0829	1.3348	-0.9902	0.2054	-0.8473	1.1267	-0.5494	-0.5010	-0.5193	0.9565	-0.4555	-0.5215	-0.4701	-0.1497	-1.2635	-0.8586	0.2305	-0.2382	-0.1846	-0.0159	-1.9032	-0.7249	-1.6031
-0.6958	-0.1608	-0.7094	-0.8264	-1.1568	0.6333	0.5279	1.7360	0.1939	-0.4462	0.8739	-0.2923	-1.0324	0.1602	-1.0667	-1.1623	-0.1729	1.1402	-0.1765	1.5464	2.0697	0.8539	0.0911	-0.1281	0.3854	-0.2060	0.9831	1.1854	-0.1883	0.1518	-0.7512	-0.6494	0.6048	-0.1567	-0.9008	1.2228	-0.6753	-0.6977	0.0140	-1.3780	-0.9540	0.4693	1.1244	-1.5403	1.0715	-0.5586	-1.8082	-0.4267	-1.6543
-0.7446	-0.5621	-0.9566	-0.8058	-1.3372	0.1805	-0.1840	0.7996	0.7295	-1.3071	-1.9902	-0.7595	-0.2328	0.3515	-1.1863	-0.8129	1.1425	1.6490	0.0489	-0.1095	3.0240	2.2279	-0.2167	0.5987	0.6782	-1.5779	0.7478	0.5925	-0.1199	0.1696	0.2523	0.1217	0.2187	-0.1927	-1.5287	0.2710	-1.6750	-1.5380	0.0759	-1.7073	-1.0608	1.4306	0.6427	-0.0813	1.5020	-0.1835	0.2129	0.1824	-1.1551
0.3437	0.9455	-1.6328	-0.2485	0.4387	-0.8421	-0.1843	0.9221	0.7617	-0.7533	-1.1318	-0.3961	0.3509	1.3189	-0.5726	-1.3574	1.5440	1.1753	0.4815	0.7802	1.6569	2.0807	-0.7221	0.3151	-0.7292	-0.2806	0.3199	0.8596	0.3038	0.1582	0.4745	-0.5350	-0.7118	1.0429	-2.6012	-0.5436	-1.7526	-0.8944	0.7009	-1.6071	-0.0666	0.8163	1.2192	0.4406	1.1406	-0.7542	1.8070	0.2739	0.4905
-0.2096	0.7833	-1.6766	1.0169	0.5119	0.0566	-0.0570	-0.3542	1.1996	-0.6171	0.1838	-0.1316	-0.2207	1.4953	-0.0450	-0.4648	1.2078	0.2805	-0.0246	1.7470	1.0994	0.7453	0.7264	0.1612	-0.8921	-0.5112	-0.2874	1.2264	-0.2698	-0.8289	0.6355	0.3979	-0.6222	0.3802	-2.3960	-1.3978	-0.0632	-0.9740	-0.9423	-1.0824	0.1012	-0.2829	0.8844	0.4021	-0.4456	-1.7843	0.6495	-0.6195	-0.0444
0.1355	-1.3442	-1.6885	0.5314	0.5726	0.5307	0.4061	-0.0830	0.5866	0.3003	1.0249	1.0540	-0.2548	1.7846	-0.8813	-0.0408	0.4318	-0.5525	-0.3934	1.6978	0.7549	1.7912	0.2299	1.8376	-1.0630	-0.9137	-0.3896	0.2261	-0.3567	-2.4938	0.6619	0.2569	-0.5907	-0.0378	-1.1033	-0.2949	0.4453	-1.9011	-1.4819	-1.8269	-0.9951	-0.5126	0.5869	0.1526	-0.2178	-1.4114	0.3505	-0.7273	-0.8991
-1.1106	-1.9594	-0.9854	0.5664	-0.0445	1.0644	0.5415	-0.0358	-0.5806	-1.1004	-1.1347	0.6646	-0.1877	1.8331	-1.0398	0.3637	1.1698	0.5731	-0.4140	1.2560	0.5282	1.9010	-0.7293	0.6081	-0.1044	-1.3813	-0.2890	-1.0154	-0.9318	-1.3025	1.1686	0.7875	-0.7822	-0.9095	0.3163	-0.3765	-0.8262	-2.5151	-1.2337	-2.0893	-0.3499	0.9816	-0.0781	-1.5261	0.2526	-1.3919	-0.1341	-1.5002	-2.3362
-1.6065	-0.7673	-0.3074	0.1117	0.4656	-0.5544	-1.1147	0.3417	-0.5962	-0.3679	-1.7419	0.2648	0.7581	0.3490	0.7464	-0.1595	0.6314	1.0029	-0.5466	0.2051	-0.2538	1.3571	-0.4231	2.2707	0.3097	-0.0880	-0.0353	-1.2523	-1.6286	-0.9856	0.6385	1.7768	-0.5973	-0.0569	0.4106	-0.7741	-1.2776	-2.7738	-1.5982	-2.6862	-0.2477	1.2074	0.6345	-0.8094	-0.1309	-0.5600	1.0930	-1.9086	-1.3123
-1.5362	-0.4633	0.9384	0.1501	0.8434	-1.1778	-0.1794	-0.3050	0.0779	-1.3925	-0.7150	-1.2716	1.1834	-1.1156	1.4596	0.1181	0.2267	1.3229	-0.5621	-0.1632	-0.2900	1.2711	0.4924	1.4221	0.1008	0.3331	-0.6692	-0.1790	-1.1817	0.1714	-0.1040	1.5359	-1.2711	-0.2057	-0.5953	-0.1316	-1.0613	-1.8523	-2.0916	-2.2817	-1.2380	0.7435	0.0478	-0.6489	-0.2750	-0.5286	0.2330	-0.4714	-0.6646
-1.3713	0.2382	1.9696	-0.6439	1.4714	-1.6621	3.4702	-1.1990	-0.4730	-0.6016	0.1028	-1.5564	0.1513	-1.6677	0.2871	-0.0672	-2.0576	0.8158	-1.3258	-0.6338	-1.4116	-0.5077	2.1358	0.8926	-0.8588	-0.2420	-1.2117	0.8700	-1.5214	0.8148	-1.8354	1.1778	-1.7712	-1.1255	-2.5566	0.2075	-0.4282	0.1512	-1.0967	-0.9736	-1.6104	-0.2314	0.5299	-2.2501	-0.5713	-0.0704	-0.6196	0.1748	-0.5558
-1.9548	-0.1310	2.2965	-0.3764	1.9484	-0.7609	0.4172	-1.2952	-1.0546	-0.4869	-0.4582	-1.0549	-0.3297	-0.6052	-0.6558	0.1211	-0.7689	-0.7980	-2.2541	-0.4660	-1.0435	-1.1353	2.2757	-0.0775	0.1127	0.0967	-0.0475	1.5434	-2.5302	1.2573	-1.2089	2.1770	-1.4981	-1.5358	-1.5039	0.9273	0.1283	-0.2963	-0.9066	-0.9519	-0.5807	0.1421	-0.2969	-1.4119	-0.6556	-0.1880	-0.8588	-0.1550	-1.3368
-1.1163	1.0767	2.2265	-0.9514	1.4856	0.2260	-1.3711	-0.2609	-1.0891	0.2330	1.0601	-0.3989	-0.5538	0.3105	0.6198	-0.2045	0.8806	0.5516	-0.8125	0.7714	0.4726	1.2100	1.2576	-0.9888	0.5110	1.8229	-0.1081	2.0358	-1.3759	-0.3316	-0.6794	0.9520	0.4335	-0.7053	-0.1064	1.4508	-1.0761	-0.0577	-0.3118	-0.6802	0.3678	1.6559	0.0314	-0.9118	0.0964	-0.6032	-1.0956	-1.0421	0.1134
-1.4585	0.7545	2.5909	-0.8823	0.1791	1.1971	-2.8902	0.9886	0.3537	0.2476	1.4821	-0.2569	-0.1453	0.0899	1.9902	-0.6208	0.8997	1.2234	0.2672	-0.5006	0.1215	2.0664	0.6038	-0.1228	1.6772	1.7218	0.2017	2.1493	-0.3319	-0.6123	-0.5442	1.3576	0.7075	-1.9190	0.6012	1.4039	-0.9606	-1.2130	-1.2832	1.4105	0.1831	0.9159	0.0778	0.5722	0.2071	0.0933	-1.0456	-1.1901	0.4868
1.2346	0.6080	2.0262	1.0349	0.8187	1.1000	0.8351	0.5783	0.9265	1.5419	2.6125	1.2839	0.0258	-1.1845	2.8820	-0.3307	-2.4162	1.2385	0.2182	-0.8734	-0.5652	0.3006	2.2018	0.4062	0.4184	0.8858	-1.0611	1.7967	1.0450	-0.4181	0.1031	1.5661	-0.5875	-0.5854	0.4509	0.9878	-0.4458	0.1423	-0.9438	1.1799	-0.5704	0.4683	0.8639	-0.2589	-0.5572	-0.4578	-0.6967	-0.8854	1.2778
0.1749	-0.5911	0.5218	1.1183	0.9027	-0.3739	2.5661	-0.5908	-0.8771	0.2739	1.4697	0.1252	0.9360	-2.0251	1.3084	-0.3534	-2.7940	-0.4077	-1.9667	-1.7908	0.5937	0.5898	2.9549	1.7153	0.0883	-1.5595	0.1205	1.4973	-0.8743	1.2076	-1.0099	0.9669	-0.9684	-1.0699	-0.7078	1.0405	-0.6863	-0.7046	-0.4219	-1.9652	-0.9827	0.2353	0.5217	-0.5381	-0.3678	-0.7205	-0.1287	-0.6385	-1.1700
-1.3275	-0.5890	-1.4038	-1.0031	-0.8047	-0.8450	1.6654	-0.4736	-2.5143	-0.9097	1.1591	-1.2112	-0.0315	-1.7560	-0.6179	-1.1035	-0.4365	-0.8408	-2.4052	-0.8031	0.5694	1.4414	0.8140	1.4930	0.4576	-1.5647	-0.5153	0.8377	-2.3786	1.5193	-1.9532	-0.7054	-0.5348	-1.7066	-1.3141	1.0863	-0.0896	-1.0663	1.3271	-2.0530	-0.8400	0.0832	0.2529	-1.2833	0.8061	-0.7111	-0.2116	-0.4690	-1.0993
-1.0732	-0.5522	-0.8429	-0.8172	-1.9082	-1.2251	-0.2577	0.1639	-0.6632	-1.2630	-1.0850	-1.4541	-0.3772	-0.7499	-0.3334	-1.5270	-0.1775	-0.1415	-0.8779	-1.1461	0.6346	0.7013	-0.4294	1.1856	0.4185	-1.6138	-0.0362	-0.6880	-1.5882	1.2012	-1.5609	-0.6754	-0.3778	-1.8300	0.3133	-0.5138	0.3635	-0.8399	1.2530	-0.6183	-0.4500	1.2975	-1.0492	0.0035	1.0631	-0.6884	-0.4380	0.1020	0.1432
-0.1445	-0.3750	-0.6069	1.1853	-1.1077	-0.8960	-1.5386	0.6046	0.9436	-1.0091	-0.2119	-1.0277	-0.3274	-0.3016	-0.0827	-1.6395	-1.2672	-0.3870	0.4108	-1.0599	-0.0058	-0.2413	-0.8368	0.4832	0.5899	-1.1139	0.1206	-0.3512	-0.2945	-0.1377	-1.0811	-0.5379	-1.8831	-0.2529	0.3689	-1.4778	0.7420	-0.1887	0.7159	0.2478	-0.0800	1.7523	0.4997	-0.3436	-0.6957	-0.3644	-0.0136	1.3405	0.9139
-0.3734	-0.7553	-1.0208	2.3600	-0.6502	0.4171	0.4937	-0.3837	0.8145	-1.5071	1.2929	-0.1725	0.1721	-0.9563	-0.3788	0.5957	-1.3296	-1.3765	-0.0139	-0.4627	-0.4883	-1.5193	0.4088	-0.3517	0.1148	-0.2305	0.3735	-0.0417	0.0509	-0.2319	0.0906	0.0022	-1.3048	1.6761	0.5949	-2.3821	-0.4126	-0.3188	-1.5179	0.4024	-0.1428	0.1299	0.9357	-0.4013	-0.8890	0.5553	0.0049	1.1453	0.2548
0.7422	-0.2536	-0.9373	0.0962	-0.7247	-0.0680	1.1861	-1.4129	-0.0438	-1.3977	0.6832	-0.9124	-0.0286	-0.5028	-1.7927	1.4484	-0.0804	-1.5054	0.8712	0.2294	0.5630	0.0637	-0.6844	-0.3011	-0.6026	0.3445	-0.2966	0.0235	0.6012	-0.6331	0.6232	-0.9862	-0.1349	1.3826	-0.8250	-1.1898	0.1492	-0.3499	-0.5363	0.4557	-0.3472	-0.1936	0.3851	-0.3879	0.4686	0.1791	1.0269	0.0862	-1.1060
0.4550	1.0919	-0.3017	0.3678	-0.3279	-0.7421	-0.3788	0.4433	0.8492	-1.4540	-0.5664	-0.9615	-0.3448	-0.2903	-0.1832	1.5776	1.2062	-1.0464	0.9807	-0.3381	0.7679	0.7656	-0.4787	-0.8247	0.4922	0.4205	-0.7273	-0.1959	1.2013	-0.1363	1.0663	-0.0333	-0.0843	-0.7903	-1.2204	-0.0921	-0.2676	0.2377	0.1041	0.9551	1.7829	-0.6806	0.2246	0.8353	1.4851	1.1535	2.5481	-0.5914	-1.0320
0.6613	-0.0785	-0.2952	0.8628	0.1642	-0.8635	0.0012	1.3450	1.6688	-0.3348	-0.6943	-0.2214	-0.0937	-0.2024	0.1816	1.1616	-0.1748	-0.8650	0.7963	-0.1550	0.1959	-0.2099	-0.6136	-0.4401	0.1003	0.2186	-0.7371	-0.2031	1.4354	1.2701	0.8339	-0.1959	-1.1470	-0.8100	-1.0787	0.0172	0.7983	0.4533	1.2134	0.8914	0.6083	-1.7485	-0.0082	1.2383	0.2194	0.3598	3.0184	0.3440	-0.0093
1.0428	0.1351	-0.3941	1.1378	-0.0020	0.2631	1.1339	1.9366	0.8645	0.1757	0.7217	1.2780	0.3608	0.7532	0.5598	1.0812	0.1632	-0.4008	0.0034	-0.8389	-0.1645	-0.5599	0.5062	-1.7914	-1.1129	-0.5589	-0.5300	0.3346	2.1322	1.4809	1.3468	-0.5434	0.3352	-0.4771	-0.2213	0.1733	-1.0382	0.4838	0.7988	1.4721	0.5211	-2.3872	-0.6849	1.7612	0.2951	-0.5530	-0.0937	-0.1077	0.3674
1.0722	0.3681	0.3586	-0.7771	-0.6901	-0.1436	0.2473	1.5155	-0.7591	0.8259	0.9636	-0.1987	0.3073	1.6494	-0.6497	0.7815	0.6660	-0.7454	0.4860	0.5543	-0.1177	-0.3992	-1.0715	-1.5787	-1.8381	-0.3392	-0.8154	0.0225	1.7267	1.2254	1.2877	-2.7277	1.2615	0.6207	0.4207	-0.5813	-0.8695	1.2461	-0.2280	0.6555	-0.0698	-2.8609	-0.6174	1.1267	-0.6852	-1.8085	-0.7639	0.1614	0.5088
0.9238	0.5436	0.8211	-0.3144	-0.9144	-0.7889	0.8343	1.2139	-0.2645	0.8491	-0.2654	-0.5407	0.3144	1.6017	1.0927	0.3452	1.3234	0.1182	1.4689	0.3069	-1.2235	0.1284	-1.4326	-1.6589	-1.0309	-1.0756	0.0183	-0.5802	1.7396	0.4232	1.4137	-1.9398	2.0135	-0.1800	0.6678	-1.8081	-1.4004	1.4943	-0.0705	0.8147	-0.5710	-2.4102	-0.8328	1.6012	-1.1191	-1.8794	0.4185	0.3327	0.2938
1.0686	-0.0889	0.3545	0.5751	0.3870	-1.6228	-1.2745	1.3235	-0.5244	0.7937	-1.7961	-0.8135	0.9944	0.9613	1.8430	-0.1857	0.9654	-0.9867	0.8335	-1.0807	-1.8669	0.2021	-0.0419	0.3022	-0.1502	-0.7951	0.5737	-0.2115	1.5038	0.6076	0.6889	0.4089	0.4156	-0.3503	0.6674	-0.9894	0.1093	0.6097	0.4461	0.8703	-0.9059	-1.4932	0.0608	2.2366	-1.7810	-0.0336	1.0393	0.8316	-0.7513
0.7937	-0.2479	-0.3036	1.6413	0.3806	-0.8705	-0.1968	1.5025	-0.7860	0.9766	0.6319	0.7535	1.8901	-0.5374	1.0379	0.5628	-1.1926	-1.9857	0.2596	-1.6324	-1.2848	-1.3445	0.7658	-0.8088	-1.3321	-1.0393	-1.5216	0.0583	1.1695	2.0598	-0.7374	-0.3133	-1.4013	0.6348	0.3549	0.0012	0.8168	1.7803	0.8968	2.1079	-1.0404	-2.4056	1.4815	0.8898	-0.4798	-0.4121	-0.3762	-0.4365	-0.5561
0.5327	0.1021	0.2029	0.5720	-0.2373	-1.0397	-2.3736	-0.0972	-1.9978	0.5368	1.0704	0.3703	0.8221	-0.5517	-0.9434	-0.3771	-1.0185	-1.9603	0.1801	0.0221	-0.1140	-1.2657	-0.3400	-0.8737	-1.0417	-0.3738	-1.6119	-0.4647	0.5315	2.2196	-0.8470	-1.1551	0.2643	0.9089	0.9469	0.3596	2.6572	1.3230	0.7276	1.1174	1.1518	-1.0187	0.7795	0.5951	-0.6285	0.3560	-0.8149	0.5477	-0.9009
0.2478	-0.8320	-0.4255	0.3728	-0.1779	0.0335	-0.9102	0.6119	-1.0119	0.4531	0.4567	0.0792	1.2570	-0.3915	-0.9329	0.5477	-0.9771	-1.3060	-0.1049	0.1053	0.5398	-0.6662	-1.6056	0.2030	-0.0670	0.1399	-0.5200	-0.2732	-1.0161	1.6626	-1.1387	-1.1363	1.0290	0.2842	0.8558	0.3229	1.3883	0.3662	0.6156	-0.7428	1.0020	0.2289	-0.8672	-0.1937	0.6092	0.4341	-0.0975	0.6800	-0.3700
-0.4340	-1.0077	-0.3004	0.2548	0.7906	0.0811	-1.2358	1.0254	0.1185	-0.5298	-1.0684	0.3630	0.2431	-1.0133	1.1083	-0.4270	0.0753	-0.9910	-0.4157	-1.3933	0.6206	-0.4091	-0.4874	0.9822	1.2121	0.4577	0.5256	-0.2949	-1.6982	2.1964	-1.3303	0.1787	0.7518	-1.1691	0.6312	1.0870	0.5242	-0.4688	0.9259	-0.8181	0.1554	0.8357	-1.5679	-0.1082	1.0364	2.2580	-0.0232	-0.0465	0.1509
-0.9186	-0.5481	-0.0561	-0.3317	-0.1232	-0.0985	-1.7584	-0.3235	-0.3861	0.7399	0.3807	0.6767	-1.1069	-1.0344	0.6652	-0.7559	-0.2247	-1.4014	-1.2166	-1.5715	0.1260	-2.2541	-0.0905	-0.1817	0.3555	0.5418	-0.9077	-0.6858	-1.5933	1.8412	-1.8115	0.3020	-0.4489	-0.4820	-0.1706	1.6655	0.8851	1.8503	1.7722	-0.4976	0.3951	-0.6080	-0.8633	-0.3130	1.0003	1.3932	0.1792	-0.4165	0.7907
-0.7485	0.7449	-0.1189	-0.5955	-1.4983	-0.0731	-0.4154	-0.5837	0.4758	0.4884	1.1074	1.0173	-0.6121	-0.9999	0.0926	0.0031	0.6016	-0.9216	-1.4302	-1.7826	1.0850	-0.8684	0.3857	-1.4585	0.8956	0.0996	0.7742	0.0950	-0.8548	0.8910	-2.0016	-0.3582	0.3596	-0.2216	-0.0283	2.5155	-0.4203	1.6627	1.8650	0.4618	1.0819	0.1264	-1.3497	0.2951	2.5341	0.8065	-0.0359	-1.0757	0.5134
-0.3149	0.0514	-0.1613	0.0138	-1.5167	0.6809	0.7288	-0.3781	-0.2314	0.2060	0.5266	-0.0752	-0.9485	-0.4760	-0.6326	0.9632	0.6767	-1.7745	-0.5770	-1.5431	0.9012	-0.0574	-1.2751	-1.3022	1.6081	0.1923	0.7145	-0.0807	-0.0497	1.1844	-1.1389	-1.4727	0.8550	-1.2084	0.4691	2.5317	1.2667	1.1525	1.5887	1.3361	0.4591	0.2058	-1.3117	0.7392	1.7051	0.3631	0.0208	-0.1318	-0.0525
1.0462	0.8281	-0.1529	0.3822	0.3681	0.0538	-0.3259	-0.1870	0.1748	-0.1677	-0.1261	0.5517	-1.6012	-0.5643	1.2880	-0.8180	0.7483	-0.2308	-0.0253	-0.9312	-0.2928	0.2009	-1.0661	-0.1450	1.9773	0.7697	1.8944	-0.1736	0.1536	1.1448	-0.3020	-0.4904	0.2247	-0.8619	0.6148	2.9999	0.4097	-0.2607	2.2886	1.2638	-0.4548	0.9583	-0.8413	0.6297	0.8393	1.5145	0.9056	0.3713	0.3427
-0.0671	1.3749	-0.3451	0.2303	0.6864	-0.5456	-0.3752	-0.5464	0.3544	0.2700	0.0739	0.1626	-1.6290	-1.2336	1.0881	-0.9215	-0.9748	-0.2148	-1.7872	-1.2526	-0.1358	-1.3372	0.9538	-0.2014	0.7727	-0.4381	1.6828	1.0599	-1.3084	1.0838	-1.1572	0.7645	-0.4486	-0.2319	-0.5195	1.5516	1.0331	0.5314	1.4143	0.5027	-0.1173	0.0830	-0.3831	-0.1674	0.1527	1.6046	-0.1321	-0.4466	0.4766
-0.2163	1.4153	-0.3812	-0.8168	0.5301	-1.1307	0.9895	-0.9805	0.7739	0.6902	1.5428	0.7578	-0.4453	-1.3548	0.8131	-0.1427	-1.2253	-0.2348	-1.8490	-0.4187	1.1063	0.1779	0.9515	0.3186	-0.0229	0.0117	0.9322	1.5727	-1.0729	0.1754	-1.6209	0.5037	0.2450	-0.0977	-0.8395	1.3535	-0.0594	0.8520	0.5781	-0.0985	1.0178	-0.7525	0.2529	-0.1281	0.8960	1.0647	-0.1332	-1.3819	1.5206
-1.0623	-0.8092	-1.0013	-0.9265	-0.9110	0.1041	0.6340	-1.1509	-0.2506	-0.3047	1.2913	-0.4436	0.6147	-0.9147	-1.7699	0.6356	-0.0669	0.0111	-1.1739	-0.4286	0.9363	0.5740	-1.0100	0.2849	-0.0564	-0.2904	0.3280	0.7530	-0.7092	-0.1985	-1.8441	-1.1977	0.0982	-0.8481	-0.7655	1.2456	1.1314	0.7973	0.5367	-0.4482	1.2990	-0.8493	-0.2399	-0.5133	0.9431	-0.4599	-0.9456	-0.0239	0.8612
0.2076	0.2375	-0.6144	-1.6582	-1.6705	0.4068	-0.2995	-0.9902	-1.5521	-0.3648	1.1313	-1.2912	0.0564	-0.8159	-1.5604	1.2515	0.1468	0.3009	-1.1668	-0.4394	0.2716	0.2480	-1.1802	0.3229	0.3197	-0.0816	-0.0309	-0.1417	-0.6465	0.2013	-1.0045	-1.1008	-0.5399	-0.6066	-0.3914	1.6307	1.5256	0.3435	0.6299	-0.1588	0.7292	0.1640	-0.4207	-1.2258	0.6120	-0.3085	-1.1126	0.3467	0.4085
-0.9106	0.0249	-0.4458	-2.0708	-0.6104	-0.5460	-0.1971	-0.6206	-1.5492	0.4133	-0.1926	-2.0050	1.5888	-0.9880	-1.0930	0.8338	-0.3286	-0.3219	-1.2409	0.0169	-0.0637	-0.5013	-0.5428	-0.1340	0.7924	0.3801	-0.1011	0.5977	-1.1193	1.0922	-1.5559	0.3437	-1.2236	-0.9834	-0.0884	1.0099	1.2517	0.7773	-0.1155	-0.7516	0.5482	0.6580	-1.5835	-1.3087	-0.1226	0.5328	-1.4647	0.5878	0.5325
-1.2269	0.9599	0.4567	-1.8092	0.9262	-0.4602	1.0447	-0.0168	-0.3505	1.0237	-0.6437	-1.0757	2.6165	-0.9514	1.4052	0.9209	-0.1646	0.7460	-0.5956	0.3746	0.5221	0.4860	0.7858	-0.9313	1.3925	1.8018	0.9015	1.5737	-0.9506	0.9965	-1.2488	1.2431	0.6750	-0.8429	0.5486	1.7003	-0.4436	0.3855	-0.2041	-0.1167	0.7246	1.0823	-1.4512	-1.4778	0.3519	0.4115	-0.9507	-0.3140	1.2994
-0.3709	0.7567	0.3424	-1.9003	0.9061	-0.8125	1.3079	-0.1000	0.9174	1.6704	-2.1447	-0.3110	1.8614	-0.7393	1.7025	-0.3703	0.0199	1.0071	-0.0728	1.3879	0.5350	1.1941	1.7335	0.9868	2.1481	2.4989	0.8115	0.9283	-0.3408	-0.7082	-0.8125	2.2381	1.5993	0.5007	0.6994	1.0775	0.1832	-0.3487	0.0684	-0.6102	1.1738	1.1549	-0.3328	0.3700	-0.0724	1.2954	0.6938	0.2081	1.7433
0.9931	0.9199	-0.2293	0.0255	1.0952	0.2964	0.8013	-0.8428	1.3852	2.2503	0.0416	1.4632	0.1652	-0.0877	0.8129	-1.7222	0.9629	1.6977	0.4861	2.8869	0.9386	1.2997	1.0326	0.3594	1.9631	2.7454	1.8077	-0.3351	0.3909	-2.3688	-0.4009	1.1787	1.2224	1.5897	1.0552	0.0516	-0.5646	0.6214	0.8662	-1.1832	1.4306	1.2315	0.7283	0.8915	0.2805	1.9489	0.7745	0.7238	2.1151
1.1973	-1.2146	-0.2598	0.3915	0.5521	0.7617	-0.2916	-0.9488	1.1560	1.5950	-0.3208	0.8881	-1.8132	0.9478	-1.2573	-1.6129	1.4458	1.8325	0.9191	2.4453	0.7850	-0.0771	-0.3340	-0.1315	0.6864	0.7730	0.8329	-1.0698	0.5267	-3.1513	0.6216	0.7667	0.7594	1.0279	1.2649	-1.4962	0.4558	1.1162	-0.0658	-0.5763	-0.3146	0.2075	1.0100	0.8422	-0.9241	1.2437	-0.2347	1.9079	0.3063
1.6668	-0.4430	0.0113	-1.0303	-0.0625	0.1981	0.7371	-1.3900	1.5767	0.7996	0.1385	1.1280	-1.9628	1.5958	-0.0029	-0.2370	0.6980	2.7207	1.5457	2.5980	0.0613	-0.1717	0.9104	-0.5649	-0.2145	-0.1584	-0.8969	-0.4829	0.6804	-2.7891	1.9398	1.1360	-0.1258	1.6735	0.0240	-1.5311	-0.3161	-0.1933	-1.1152	0.6846	-0.6879	-0.7592	1.0499	-0.1227	-1.5935	0.4286	-0.1738	1.6968	-0.3956
0.9641	0.2178	-0.5369	-0.0204	-0.3562	1.1764	-0.2303	-1.6218	0.7686	0.1031	-0.8165	1.2459	-1.3850	2.0640	0.0642	0.2559	0.1876	2.1292	0.8815	1.3130	-0.5932	-0.3979	0.6174	-0.2378	-1.0148	-1.2938	-0.2601	-0.4580	0.4316	-1.2789	2.0297	0.5753	-0.6575	1.8290	-0.6785	-1.6775	0.7773	-1.0636	-1.7057	-0.4261	0.1180	0.0895	0.6279	-0.5509	-1.8145	0.3988	0.0152	1.0462	-0.2816
0.8956	-0.4691	-0.3730	0.9178	0.2485	1.9651	0.1227	-1.4702	0.2714	0.9575	0.3591	2.1149	-1.1935	1.9051	-0.3469	-0.0357	0.0989	0.4335	0.4653	0.6206	-1.2391	-0.7977	-0.0606	0.1424	-1.5380	-0.2342	-0.2553	-1.2008	0.5446	-2.4881	1.5636	0.5438	-0.9093	0.7015	-0.5808	-1.2651	0.3653	0.4930	-1.1982	-0.3549	-0.3031	-1.1403	1.2926	-0.1641	-0.9931	-0.0630	0.2977	-0.2391	0.1469
0.8030	-0.9729	0.5571	1.3373	0.6137	2.2256	-0.0304	-2.3532	-0.5520	-0.3619	0.1663	-0.0680	-0.1662	1.0802	-1.3770	0.6600	1.0849	0.6175	0.6534	0.8306	-0.4859	0.1681	-0.4906	-0.7446	-1.4536	0.4846	-0.5749	-1.0755	1.9383	-0.5873	1.6999	-0.1691	1.1909	-0.1863	-0.5310	-1.3083	0.0971	0.1795	-0.3644	0.1392	-0.6418	-0.6672	1.1267	-0.3017	-0.3122	-1.8029	-0.8054	-0.7126	-1.4003
1.4053	0.5243	0.4474	0.0972	0.3959	0.6090	0.6009	-1.9330	-0.1730	0.1843	0.1008	-1.2628	0.3701	0.1068	-1.0215	1.2895	-0.1175	0.4089	1.2914	0.3383	-0.2669	0.4463	-0.4669	0.9769	-0.6292	0.1808	-1.2926	-0.3779	1.9728	-0.0902	1.1043	0.5613	2.4491	0.1178	-0.5173	-1.1599	0.6688	0.3195	0.4522	0.3038	1.0114	-0.1798	1.2842	0.5496	0.0482	-0.7510	0.5502	-0.4892	0.0625
1.9204	1.1229	0.3939	-0.5701	0.3799	-0.2958	-0.2802	-0.7763	0.9838	-0.5069	-0.2911	-0.3106	0.1370	0.4550	0.4333	-0.4755	0.4654	1.2816	1.2886	0.0080	0.1030	1.4163	0.0423	1.5437	0.1824	0.4842	-0.1904	-1.0182	1.6053	-1.2559	1.2997	1.0604	1.0332	0.8334	0.2141	-0.1059	1.0567	-0.3735	0.1141	0.1110	1.7716	0.2633	1.5773	1.1967	0.0276	1.0284	1.4738	0.2622	1.4078
1.0982	-0.2897	-0.2876	0.7313	0.6358	0.0212	-0.6080	-0.3679	1.2667	-0.7435	-0.4692	0.1966	0.0352	-0.0966	-0.3349	-0.7161	-0.8020	1.1326	0.4325	0.2885	0.0294	-0.0065	0.6517	0.7295	0.5059	0.0351	-0.5673	-0.4210	-0.1738	-1.9224	0.1992	0.4073	-1.2114	0.7588	-0.2010	-1.0367	2.4435	0.0092	-0.3441	-0.1751	0.7225	0.3968	1.0601	-0.3225	-0.7574	0.4882	0.9046	0.4746	0.8090
0.2033	0.2785	-0.0461	0.2441	0.5701	0.1880	0.4385	-0.9891	0.7898	0.0565	-0.1452	1.6060	-0.5268	-0.4047	0.2880	0.8478	-0.7940	0.0601	-0.4740	-0.0538	-0.0500	-1.6858	1.7340	-0.6856	-0.1116	-0.2340	-0.7620	0.5585	-0.8779	-1.2488	0.4964	-0.2066	-1.1274	0.9155	-0.5229	-1.3105	0.0413	0.7773	-0.4065	-0.1037	0.3814	-0.3702	1.4849	-0.8019	0.0287	-0.2690	0.5229	-0.6648	0.0864
-0.5128	-0.9123	-0.1055	0.3616	-1.1186	0.6550	-1.5768	-1.5391	-0.4697	-0.5009	0.4512	0.4827	-0.8768	0.3580	-1.9256	0.3783	-0.2293	0.0817	0.2295	0.6915	0.3496	-0.0699	-0.6958	-0.7262	-1.5298	0.1855	0.0536	-0.2520	-0.6803	-0.1547	0.6250	-1.1898	-0.7961	1.0588	0.0146	-1.4118	0.7313	0.5301	-0.3578	-0.2151	0.8514	-0.3566	0.9475	-0.1350	-0.7076	-1.2827	-0.2833	-0.5561	-0.6455
0.5859	0.2417	0.7286	0.5130	-1.3824	0.5709	-0.9805	-0.2045	-0.0762	-0.2690	0.9163	1.0221	-0.6690	1.7405	-1.1323	-1.2095	0.3763	0.9658	1.2909	-0.0947	0.2060	1.4685	-1.7933	-1.0828	-2.0919	0.0034	1.9132	-1.4485	0.2152	-1.0730	1.2631	-0.5978	0.6125	1.0274	0.3061	-2.0366	-0.8724	-0.6971	-0.8837	0.9233	0.5169	0.8140	0.2559	0.8355	-0.3553	-0.6748	-0.5235	-0.0211	0.4843
0.8273	-0.1904	0.4905	1.4516	-0.5035	0.8827	0.8832	0.2926	0.4549	0.2786	-1.1817	0.6899	-0.2951	2.6139	-0.3150	0.3707	0.3898	1.2164	1.0422	-0.6705	-1.0823	0.8397	-1.5199	1.0705	-0.8593	-0.0911	1.6160	-2.0489	0.3457	-1.5683	1.7034	0.2282	0.2504	0.2192	0.2137	-1.5746	-0.4760	-2.1221	-1.9594	0.0780	-0.0083	0.8927	-0.7164	0.7590	-0.1929	-0.1936	-0.2171	1.4364	0.4009
0.8493	-0.3748	0.2283	0.8038	0.5698	-0.0806	1.2728	1.4141	0.4093	0.7132	-0.5902	0.4548	1.0095	1.7587	0.3731	1.9190	-0.1530	1.3683	0.9355	0.2661	-1.5293	0.1237	-0.7000	1.3018	-1.2517	0.1766	-1.8856	-2.4032	1.2860	-1.0707	2.4097	-0.8329	-0.4283	0.5284	-0.4835	-1.5355	-1.0202	-1.8013	-1.5667	-0.5377	0.1078	0.1884	-0.0665	-0.2910	-0.4989	-0.0504	0.7938	1.3970	-0.1576
0.0004	-1.9858	0.4409	0.3259	0.5536	0.2955	-0.9463	2.0246	-0.0155	-1.1919	-1.4891	-0.9375	2.2136	0.8649	-1.0957	2.2121	1.3148	0.9559	0.6088	0.5792	-1.2314	0.1537	-1.1001	1.1930	-1.3016	-0.7567	-1.3565	-1.3746	0.5909	-0.4836	2.0746	-0.6393	-0.2574	-0.1329	0.0712	-0.3269	-1.0247	-1.6526	-1.5690	-0.1897	-0.5050	-0.2136	-1.0328	0.6109	-0.1331	-0.0280	1.2317	1.3258	-1.5610
0.3812	-0.9538	0.4338	-0.8275	0.4004	-0.3731	1.0291	1.0945	0.8098	-0.8029	-0.1356	0.2687	0.9097	0.7699	-2.1273	0.9381	0.0172	-0.0581	0.8315	1.4207	-1.8212	-0.3357	-1.0603	-0.1527	-1.6412	-0.2716	-1.0848	-1.8546	0.3939	-0.6005	1.1325	-0.4981	-0.2621	0.4075	-0.7663	0.3302	-0.3486	-0.7195	-1.0130	0.7432	-1.2493	-1.7985	-0.5993	0.4182	-0.6947	-0.5580	1.6373	0.6330	-0.1676
-0.2579	0.1160	0.5501	1.0537	0.3626	-0.0945	0.6102	0.5612	1.9463	-2.4448	-0.0728	0.7667	0.3995	0.6302	-0.4365	0.0464	0.1723	-0.0562	0.9893	1.5845	-1.3161	-1.0822	0.0333	-1.8609	-0.7522	-0.3443	-1.5610	-1.6053	0.4096	0.2982	1.3499	-0.5599	-0.3982	0.0140	0.2644	0.4130	-1.3852	-0.8011	-1.4616	0.6920	-1.3227	-0.3591	-0.7146	-1.4128	-1.1814	-0.6303	-1.1459	-0.8502	-0.3427
-0.4347	0.1339	-0.1152	2.2741	0.5917	0.1648	0.1603	0.7137	1.1424	0.3151	0.3062	1.2985	-0.0027	-0.1445	0.6910	0.4122	-0.9174	-1.0173	0.6457	1.0283	-0.8706	-1.3182	0.7968	-0.1749	-0.9486	0.0299	-0.8931	-0.2343	-0.1883	0.3995	0.8061	-0.5610	-0.0176	0.2438	0.4825	-0.3073	-1.6411	-0.6754	-1.7023	-0.0858	-0.8886	-1.2381	0.0555	-1.1462	-0.3053	-0.7924	-1.3912	-1.7506	-0.6775
0.3675	0.3452	0.1610	2.4789	0.6517	0.8980	-0.4438	0.4248	-0.7534	0.2705	0.4459	-0.6816	-0.3816	-0.4542	0.6220	0.8476	-0.7635	-0.2983	0.7549	0.4673	0.3694	0.7372	0.2817	0.2058	-0.9518	0.0992	0.6578	1.1329	0.8048	1.7665	0.5578	-1.7087	0.8155	0.1654	0.3388	-0.5739	-1.5642	-0.3270	0.2594	-0.1212	0.2189	-0.1394	0.0179	-0.1939	-0.7280	-2.4119	-0.8161	-1.0714	-1.2731
1.1030	-0.1810	0.0715	0.2200	-0.5797	0.3952	1.0589	0.6376	-0.8821	-0.4877	-0.3106	-1.6368	-0.3909	-0.1871	-0.1020	0.4681	-1.5369	-0.7368	0.2040	-1.3051	0.3200	0.8592	-0.4106	0.3533	-1.0236	-1.6426	0.8486	0.5239	1.3747	1.5684	0.3766	-1.1779	1.0902	-0.2629	0.5933	-0.2792	0.5663	0.0360	0.6958	1.2412	0.1901	-0.4009	-0.6064	1.8955	-1.6380	-1.5228	-0.3229	0.1119	-0.4081
0.4078	-0.7117	-0.1615	-0.7865	-1.1644	0.0718	1.5786	0.8868	-0.2598	-0.9754	0.0048	-1.4701	-0.6039	0.5729	0.4435	0.1108	-0.7231	-0.4141	0.4568	-0.7536	0.0791	0.4605	-0.7931	-0.0888	-0.6966	-2.1134	1.1865	-0.7716	1.3681	-0.0974	0.7063	-0.7324	0.9175	-0.8615	1.6478	-0.1495	1.5790	-0.6597	-0.1981	1.6182	-0.4490	-0.1997	-1.2863	1.5701	-2.1062	-0.4967	-1.3966	0.2668	0.4879
-0.5386	-1.3644	-0.9621	-1.0584	-0.8599	-0.0254	0.6696	0.1428	-1.2288	-2.1121	-0.7833	-2.3116	0.3515	0.0501	0.5511	0.6978	-0.4659	-0.6660	0.5065	-1.0561	-0.6426	0.1514	-0.6819	0.4928	-0.3818	-2.2228	-0.3397	-0.6166	0.7438	0.1491	0.7940	-0.3262	-0.4097	-1.0967	0.2764	-0.4884	0.7146	-0.8940	-0.0022	0.0833	-0.6865	0.2442	-1.8764	0.1492	-1.7293	-1.2264	-1.0123	-0.9825	-0.1058
-0.8135	-1.2661	-0.3347	-0.0035	-0.1346	-0.1166	-0.1533	-1.4615	-2.1332	-1.9509	-0.7591	-2.6913	2.0076	-0.9461	0.4477	0.9165	-0.5311	-0.5042	-0.3813	-1.0121	-0.3532	0.4930	-0.3397	-1.2490	-0.0155	-1.0282	-1.8242	0.5387	-0.5748	1.4845	0.5491	-0.2081	-1.1050	-1.2269	-1.1293	0.8271	0.3703	-0.1452	-0.0337	-0.3339	-0.6981	-0.2622	-1.3866	-1.2348	-0.5942	-1.6774	-0.7441	-1.5625	-1.3731
-0.6535	-0.2356	-0.3810	-0.1646	0.6693	-1.1726	0.6603	-1.6647	-1.0068	-0.5823	-1.4761	-2.0992	2.9062	-1.3344	0.0709	1.0193	-0.9720	-0.6246	-1.5638	-1.3794	0.3570	0.6082	0.0503	-1.1611	1.1107	-0.1374	-0.8877	1.0460	-1.6504	1.2222	-0.9026	0.2948	-0.1297	-1.4634	-1.6359	1.3934	0.5836	-0.2304	0.6481	-0.7260	-0.2445	0.1690	-1.1599	-0.6259	0.2123	-0.8230	-0.2275	-1.3803	-0.5760
-2.2898	0.9955	-0.0431	-0.7908	1.4577	-0.2713	1.1310	-0.2418	-0.0481	0.5010	-0.3050	-1.6998	3.3294	-0.7993	0.7118	1.2650	0.4500	0.4623	-1.5232	-0.7742	1.1243	1.2630	1.2855	-0.6487	1.9948	1.5423	0.7750	2.0895	-1.7404	1.7487	-2.1561	1.0635	1.3529	-2.0402	-0.7541	2.4901	-0.0804	0.1361	0.9047	-0.1677	0.3519	0.4292	-0.9516	-0.1816	0.9485	-0.4458	-0.8664	-1.1055	0.4625
-2.0170	1.5547	-0.9204	-2.1104	1.0343	0.2522	-1.5703	0.8503	0.4430	1.8280	0.4759	-1.7110	2.7296	0.2523	1.2123	-0.4219	0.9323	1.5172	-0.4743	0.3673	0.4178	1.6600	0.6987	0.5968	2.3671	2.3035	2.3505	1.7320	-1.3837	1.5207	-2.4006	1.5932	0.7788	-1.3050	-0.3958	2.5406	-0.2150	0.2464	2.0411	-0.6046	0.7414	0.0717	-0.0992	0.1576	2.1461	0.8828	0.5460	0.2288	0.6238
-0.2887	1.9847	-0.6567	-0.8691	-0.5194	1.1131	-1.6374	0.6627	1.2826	1.7902	1.4930	1.4298	-0.7448	-0.2707	0.8653	-1.3185	0.8387	0.8343	-0.5497	1.2110	1.2853	-0.7340	0.5698	0.7272	1.0104	1.3848	1.4192	0.8218	0.3735	0.4143	-1.1898	1.8116	1.1628	0.5441	0.7360	0.3207	-0.9195	1.5937	1.7260	0.4078	0.9113	0.5242	0.6515	-0.0109	2.5186	2.9951	0.3114	1.1616	1.2510
-0.0455	-0.5642	1.4790	0.0660	0.1623	-0.0723	-0.1812	0.2085	-0.4360	2.4385	0.9050	1.9934	-1.8630	-0.9933	-0.4513	-1.3927	0.3453	-1.2868	0.3163	0.3649	2.3049	-0.8400	-0.3685	0.9270	-0.0521	0.5042	-0.0626	0.9865	0.9491	-0.7920	-0.9914	-0.5247	1.4039	0.3164	2.1795	-1.1251	-0.2035	0.9489	0.3432	-0.6175	0.1058	0.6974	0.8784	-0.6894	1.6460	1.4054	-0.8861	0.6483	0.7939
-0.4690	0.0194	2.2538	-0.9448	0.1929	-1.6103	0.4207	0.5070	-1.4903	1.1293	0.3979	1.3442	-1.6285	-1.1230	-0.4756	-1.6804	0.0568	-1.7445	-0.1458	-0.9310	1.7033	-0.8503	0.3294	1.0207	-0.2622	-0.4983	-0.9618	1.0985	-0.6014	-0.6181	-1.3819	-1.1142	0.3099	-0.6663	1.1435	-0.8364	-0.7921	0.1562	-0.5500	-0.2980	-1.1241	0.0734	0.8023	-0.9825	1.2449	-0.1042	-0.1066	-0.4377	0.2497
-0.4318	0.0927	1.0625	-1.4918	-0.5311	-1.8449	-1.3764	1.1348	-1.0411	-0.4322	-1.0123	0.5377	-1.5044	-0.3718	-0.8290	-1.1553	-0.4752	-2.0271	-0.6368	-1.4491	-0.0631	-0.0531	-0.1461	1.3213	0.0799	-0.9447	0.4530	0.2782	-1.0286	0.4225	-1.4387	-0.0925	-1.1264	-0.3583	-0.2535	-0.5765	-0.1540	0.0449	0.2703	-0.3852	-0.3293	0.8141	-0.1813	0.5902	-0.0288	1.0271	1.5623	0.2119	-0.9165
0.0757	0.6095	-0.4760	-0.0001	-0.4521	-1.4294	-1.3730	0.9394	0.1979	-0.9470	0.4408	0.5651	-1.7767	0.1544	1.5647	-1.8084	-0.3094	-0.0955	-0.0442	0.0238	-0.5700	0.7057	0.2415	-0.0488	0.9255	-0.1496	1.7006	-0.0690	-0.0946	-0.1486	-0.9188	0.1232	-1.5552	0.9315	0.2149	0.0542	-0.4936	0.0223	0.5420	-0.4473	-0.3563	1.5729	-0.1504	0.7344	-0.6226	0.8954	1.1764	0.7731	-0.5160
-0.7099	-0.2391	-1.1532	1.0117	-1.0893	0.3042	-0.2324	0.5873	0.4633	-1.1310	0.6368	0.4672	-1.8445	-0.1383	0.1734	-1.7627	0.5301	-0.2043	-0.7761	-0.2827	-0.5361	-0.9540	0.2782	-0.9621	0.8641	-0.3175	0.0893	0.2708	-0.6305	-0.6944	-0.3743	0.5264	-1.7526	0.8441	0.0374	-0.2428	-0.2749	0.0419	-0.2389	-0.3939	-1.0441	0.3566	0.5785	0.0087	0.0252	-0.2397	-0.2590	0.8496	-0.6084
-0.5427	0.3587	-0.8112	0.9801	-0.1236	0.8448	0.4640	0.8346	0.1384	-0.5515	0.0502	1.6438	-1.2165	-0.8940	-0.2764	-0.5349	0.9816	-0.4987	-0.9753	-0.2158	-0.4723	-1.8063	1.2421	-0.6603	0.8239	0.4986	-1.9605	0.7948	-0.8551	-0.5519	-0.1910	0.9922	-2.1825	1.2133	-1.6361	0.5976	-1.1814	-0.0207	-0.3252	-0.2893	-1.0720	0.2075	2.0658	-1.1568	2.1883	-0.1238	0.5477	-0.6921	-0.5694