IC05	IC08	IC09	IC15	IC16	IC17	IC18	IC19	IC20	IC23	IC24	IC26	IC27	IC29	IC31	IC33	IC36	IC37	IC38	IC41	IC42	IC43	IC44	IC45	IC46	IC47	IC48	IC49	IC50	IC51	IC54	IC56	IC58	IC60	IC62	IC63	IC64	IC65	IC66	IC67	IC68	IC69	IC71	IC72	IC73	IC74	IC75	IC76	IC77
0.6236	-1.4244	-1.0539	-0.2424	1.2541	0.5913	-1.9031	-0.7091	0.9933	1.1257	1.8126	-0.6978	1.7910	-0.0662	-2.3040	-0.7536	1.0478	1.2353	0.3059	2.9679	0.6878	-0.1023	2.8476	1.3953	1.1108	0.2113	1.1900	-1.3283	-0.2348	-0.4797	-1.1791	-0.5032	2.7163	1.7866	0.4848	-0.8841	-1.4229	-0.2875	-0.2922	-0.6919	-0.7269	0.0859	-0.9936	0.6266	-0.6067	-0.2605	1.6911	-0.7929	-0.9596
-1.0398	-1.5476	-0.2586	-0.2265	0.4772	0.2967	-0.4774	-0.0899	0.4251	0.2123	0.7095	-0.4291	2.1528	0.4419	-1.4555	-0.7437	1.1360	1.7273	-0.3182	0.5257	0.2653	0.2710	1.4060	1.5895	0.1774	-1.2888	0.9590	-0.6409	-0.8729	0.1592	0.1714	-0.5328	1.2313	0.1764	-1.0493	-1.1001	-1.4050	-0.5365	-0.6859	-1.1561	-1.8214	1.2073	-1.5208	-1.1067	-0.2276	-2.7827	0.3054	-1.1016	-0.7052
-1.2012	-0.1678	-0.7281	-0.5236	1.1968	-0.6907	0.2686	-0.0346	0.1942	0.6944	0.1713	-0.3871	1.2763	0.8381	-0.6662	-1.5944	0.8347	1.4768	-0.1402	0.3388	-0.7538	0.5285	2.1598	1.6900	-0.0506	-0.3574	0.7551	0.0349	-1.4733	0.1780	1.0547	0.2840	0.8984	0.0795	-0.7397	-0.6508	-1.0876	0.4179	-0.8527	-1.5981	-0.8452	1.4173	-0.4446	-1.7664	0.4684	-1.5750	-0.5507	-0.1523	0.0914
1.9066	1.2499	0.2811	-1.4618	-0.3151	-0.8850	1.9663	1.7784	-1.4364	0.4526	-0.6797	-0.8153	-0.9738	0.1653	0.8284	-0.7421	-0.6536	-0.1502	0.7844	0.3121	0.2688	1.2819	-0.3580	-2.8053	1.1455	0.7341	-0.4809	0.5654	-0.0962	-1.4874	0.8215	1.1437	-1.0722	1.3532	1.1351	0.9955	0.6869	1.1415	-0.3193	0.5681	2.1435	0.8258	2.8804	-0.9039	-0.1197	3.2093	-0.8613	0.5994	1.0366
1.5763	-0.1282	0.1996	0.3988	-1.3763	2.4605	1.0746	3.7208	-0.7682	-2.0786	-2.2773	-1.6214	0.5380	-0.8475	-0.6108	-1.2944	0.1011	1.4431	1.3550	-1.6199	0.8213	1.5010	0.6488	-1.4230	0.1781	0.9267	-0.5368	0.7504	-0.0870	0.0659	-1.6658	-1.8382	-0.7515	0.6516	0.5138	-0.3545	1.2330	-0.4239	-0.8324	1.2954	0.1178	0.8551	-0.0945	0.2636	-0.3820	-2.8443	1.7331	1.1999	0.2938
-0.0523	0.1391	0.6225	-0.1675	-1.4697	0.2465	0.0108	1.5134	-0.8612	-0.0817	-0.4179	-0.7580	-1.4988	0.0844	0.4289	0.0859	-2.0220	-0.5082	-0.4517	-0.9202	0.7776	0.2688	-1.7351	-0.9410	0.6543	-0.7380	-0.9761	0.2885	1.9718	0.5555	0.3517	-0.7540	1.0645	-1.8481	0.3333	-0.6107	1.1692	1.9121	-0.1740	-1.5429	0.1774	-0.3178	-0.4181	-0.2921	-0.8748	1.1471	-1.9205	0.0677	-0.0911
1.6213	-0.5316	0.4045	-0.2567	-0.2703	-0.9860	-0.4832	-0.5503	0.9234	-0.3918	0.5682	0.2090	-1.2608	-0.1710	-0.3347	0.2033	-1.4208	-1.1971	0.0140	-0.0824	1.1313	-0.6391	-0.0648	0.8341	-0.2317	0.0015	-2.1255	0.5806	1.5143	-0.3236	-0.6568	-0.7628	-0.7425	-1.0653	-0.4119	0.6738	0.5763	-0.1310	-0.7629	-0.4271	-1.0403	-1.1280	0.1376	-1.1326	-0.1982	-0.6516	0.1894	-2.2041	-0.9042
0.0314	-0.9336	-0.3478	-0.1404	-1.1232	-0.1555	0.3759	-0.4835	0.0559	-0.1644	0.7434	0.6001	-0.8218	0.2869	-0.3670	0.5083	-1.4757	-2.2838	-1.1264	-1.3000	1.7052	-1.2134	-1.2083	1.3267	-0.6442	0.3425	-2.8293	-0.0365	1.2855	0.1304	0.1291	-0.7461	-1.0131	-0.9151	-1.6069	0.3360	-0.2581	1.3122	-0.4117	-0.5208	-0.9645	-0.7020	0.8194	-0.5658	0.1662	-0.5717	1.6781	-2.2322	-0.3920
-1.0899	-1.5899	0.5847	0.1774	-0.8043	-0.0241	-0.3864	-0.5526	0.6025	-0.0817	-0.5675	-0.1709	-0.9716	0.4685	-0.6962	1.0081	-0.2507	-0.5440	-0.4013	0.1083	0.6762	-0.9668	-1.3138	0.8295	-0.5158	-0.5646	-0.8302	-1.4337	0.8584	-0.7909	0.1774	-0.6145	-0.3098	-1.0302	0.2772	0.0175	-1.2691	1.4733	-0.2909	-0.2474	-0.7534	-1.0082	0.2735	0.8065	-0.3536	0.0944	1.2716	-1.6401	-0.5952
-1.3600	-0.7059	1.3669	-0.3716	-0.3864	-0.0564	-0.1047	-0.4660	0.3286	-1.8325	-0.4328	-0.1439	-1.1375	0.3003	-0.9093	1.8475	0.2255	0.4148	-0.3420	0.2317	1.2258	0.3219	-1.6132	0.0694	0.1176	-0.2553	-0.3746	-1.2698	1.5452	-0.3368	-0.2340	-1.7354	0.8323	-0.7131	1.6124	0.0248	0.0274	0.8387	-0.3494	0.4261	-1.4085	-0.5932	-0.8874	1.1577	0.0320	-1.6043	0.3405	-0.0357	-0.5225
-0.3937	-0.2670	1.2880	-0.7925	-0.4926	0.5297	0.4497	-0.3198	0.1011	-0.9455	-0.5416	0.0920	-1.1811	0.1168	-0.5950	1.7580	0.6061	0.5579	-0.1024	-0.4152	0.8920	0.2582	-1.6443	0.4028	0.1687	-0.8548	0.1433	-1.2692	1.9718	-0.2136	-0.8376	-1.7989	-0.4975	0.2466	1.7596	-0.7058	0.9357	0.3914	0.5820	0.8798	-1.3610	-1.0190	-0.9445	1.3087	-1.4123	-1.1710	0.3547	1.3499	-0.1725
-1.2753	-1.0577	0.8862	0.1297	-1.1329	0.6096	0.5308	0.0975	-0.1186	-1.3124	-1.9295	-0.5053	-1.2189	-0.1548	-0.5430	0.8682	-0.2766	-0.2513	-0.6844	-1.5698	2.8063	0.4044	-1.9298	-0.6355	1.2424	-2.3888	-0.8547	-1.8051	2.6738	-0.4969	-1.1281	-1.5484	0.5063	-0.2945	0.8212	-1.4251	0.3721	0.7270	0.5693	0.6037	-0.9623	0.3800	-0.8862	1.9391	-0.1077	-0.8630	0.3726	1.2983	-0.4853
-0.6873	-0.9500	0.5641	-0.4779	-1.4610	-0.0084	0.1486	0.0112	-0.0575	-1.3392	-1.4165	-0.4779	-1.2682	-0.7632	-0.8860	0.0450	-1.0722	-0.1289	-0.3619	-0.6784	2.3628	0.0636	-1.5088	-0.9753	1.2991	-1.5171	-0.6622	-0.8868	1.0490	-0.7649	-1.0459	-0.5379	-0.8800	0.4938	-0.5711	-1.8020	0.5130	0.3448	0.5902	-0.0784	-1.2896	1.0094	-0.1953	0.0625	0.3765	-0.8819	0.6287	-0.2495	-0.0362
-0.7414	0.2019	0.0658	-0.6346	-0.3163	-1.0266	0.4275	-0.3045	-0.0913	-0.9191	-0.5108	0.8038	-0.3696	-0.0864	-0.8494	-0.5669	-0.5593	0.2426	0.5068	1.0868	0.0087	0.6481	0.4101	0.6803	1.3321	-1.2264	0.6727	-0.4079	-0.9336	-1.1733	-0.3999	-1.0291	-1.8498	1.2205	0.1828	-1.5487	-0.7425	-0.1425	1.0223	0.0373	-0.8773	0.8853	-0.4715	-0.6078	0.2411	-0.3584	1.9759	-0.3510	0.1970
0.3780	0.9508	-0.3806	-0.2411	1.2584	-0.1473	-1.5985	-0.5036	1.3696	-0.7614	-0.3640	0.9403	-0.7397	-0.1891	-0.0412	-1.0764	0.1029	-0.7441	1.8323	3.6218	-1.4735	-1.1495	2.2471	-1.2423	0.7090	-0.9348	-0.3470	-0.4445	0.1220	0.0424	-0.1580	-0.1197	-2.1382	2.0569	1.2204	-1.5434	-0.4519	0.0326	0.1840	0.8569	0.7441	0.7685	0.1341	0.6195	-1.3366	0.8844	0.6519	0.0486	-0.5364
1.6048	0.8561	0.4489	2.1843	1.1548	1.0141	2.0898	-0.5095	-0.2923	0.1747	-0.4301	0.8866	-0.6366	-0.2007	0.8345	-0.2701	-0.6025	-0.1418	0.7548	0.7697	-1.1581	-0.6551	0.2341	0.5760	-0.0662	1.4105	-1.3579	0.5362	-0.0680	0.2721	-1.4540	0.5391	-1.2995	2.2060	0.3158	-0.9582	-0.2842	0.9665	-0.5000	2.4562	-0.7772	1.2272	-1.1036	0.5101	-0.7747	0.1006	0.8016	-0.4736	0.2958
-2.4078	1.0516	1.4327	4.2184	1.6881	3.6443	0.8848	-0.9641	-0.7264	-0.6974	-1.1226	1.2047	2.0488	0.2196	0.6744	1.4559	0.8293	0.1522	-0.7646	-1.0001	-0.4236	0.8529	-0.0590	1.0687	-0.4746	0.7894	0.8204	0.8329	-0.5477	2.3881	-1.8104	0.7059	-0.7022	0.5154	-0.4550	0.2303	1.1218	-2.2176	-0.6325	2.3863	-1.5435	2.7381	-1.9187	-0.3693	0.1719	-1.2128	1.3913	-0.9992	0.4374
-1.3364	0.7623	1.1104	2.8980	2.3905	0.6842	-1.1873	-0.8435	0.4368	2.1181	0.8985	0.4649	1.4624	-0.2734	1.2948	1.0369	0.8368	0.0529	-0.2854	0.4563	-1.9414	-0.6171	0.8095	0.4993	-0.8137	0.7471	1.1266	2.6631	-1.3117	1.6021	-1.7948	2.9374	-0.4859	1.5912	-1.6489	0.7652	0.2096	-0.3177	-0.2302	0.9164	-0.5937	0.7166	-1.1712	0.4070	-0.9970	0.4599	-0.0398	-0.9368	1.5658
-0.2715	0.5272	0.5465	2.1569	1.9987	-0.3997	3.7767	-1.1505	-0.6168	0.9807	1.2859	1.3783	1.7032	1.1893	1.1737	1.2374	-0.9886	-1.5781	-0.9207	0.6509	-0.9264	1.5970	-1.1588	1.6777	-0.5468	1.8080	0.0962	1.5153	-0.6549	0.4634	-0.3877	1.2674	0.1959	1.1903	-2.0594	-0.6207	-1.3829	-0.3548	-1.0484	0.2623	-0.7702	0.1290	-1.3100	1.5250	-1.0855	0.7166	0.6785	-0.7582	1.3917
0.7949	0.0367	0.7170	1.1848	2.1093	0.2928	0.3699	-0.5844	0.3149	0.5004	1.9119	0.9798	1.9360	0.7159	0.7232	1.8422	-0.7815	-2.1204	-0.7044	0.6653	-1.1743	0.9011	0.4327	0.3547	-0.5015	0.9364	0.5366	2.0134	-1.0245	0.4921	0.5614	0.1982	-1.2262	0.8468	-0.9428	0.2346	-0.1749	-1.1329	-1.3801	1.7186	-0.8462	-0.1089	0.3479	0.8678	-1.2062	0.4269	0.8150	-0.6750	1.3752
4.4855	2.2575	0.1303	2.2174	1.0550	-1.6368	3.6567	0.0856	1.6433	2.1161	3.2284	1.2843	1.7593	2.0351	0.4644	1.8692	1.2696	3.3536	2.5032	-0.6175	-0.7441	2.2427	2.3031	-0.7851	-1.7483	1.1397	3.6557	1.1506	0.4225	1.3412	2.2363	0.5878	-2.5710	0.3692	-0.2114	1.1894	-0.9696	-1.2868	1.3548	1.9385	1.0087	0.7612	2.6298	1.5068	2.3429	0.6179	0.2826	2.4812	1.4949
3.2950	0.6699	-0.0756	1.4505	2.2379	-0.2264	0.4692	2.4825	2.3384	1.8170	1.2343	2.6962	-0.1599	0.3124	1.8104	1.9055	0.8337	2.8623	1.0737	2.6120	-0.6179	-1.7345	-2.1980	-0.5489	-2.3862	1.5505	3.4584	0.3308	-0.2397	1.8378	3.0201	6.0958	-1.1293	-1.5616	1.3098	2.0127	1.2854	0.4286	0.6117	-0.0714	2.9769	-2.1492	1.4551	-2.6210	3.1079	2.7001	-5.3492	1.5422	-0.7075
1.4777	0.6011	0.1990	-0.1046	1.0726	0.1942	-0.5515	1.4492	-0.0474	3.8267	1.3394	1.1366	-0.5651	0.4251	1.8069	0.4115	0.1304	-0.7938	-0.1888	0.0177	0.2547	-0.2782	-1.0168	1.3692	-1.4962	0.1863	-0.6399	1.2578	-0.6499	-0.6848	1.2571	1.3448	0.8688	0.0609	-0.2472	-0.0705	0.4558	1.4516	0.3460	0.6348	1.7784	-0.6198	1.9678	-1.7438	0.4070	2.5060	-3.4600	0.0706	0.8146
-0.2048	-0.0023	0.4231	-1.1813	-0.4494	-0.8878	-1.7492	0.2486	-0.1771	0.4133	0.5397	-0.5496	-0.5198	-0.0722	0.7502	-0.5367	0.1176	0.8627	0.4779	-0.5642	0.0824	-0.0539	0.6332	-0.0951	-0.3001	0.2611	0.4654	1.1351	-0.8169	-1.3770	0.8151	0.0419	2.0471	-0.4652	0.3049	0.1686	1.1644	-1.3096	-0.4596	0.5160	1.3043	-1.0142	0.7844	-0.8560	0.4919	0.2381	-2.0981	0.2105	-0.3096
-0.0452	-0.3852	-0.2900	-1.8977	-1.4969	-0.8110	-0.9018	-0.3830	-0.2745	-0.8687	-0.4614	-1.3264	-1.0154	-0.8989	0.6963	-1.2972	-0.6982	0.1118	0.7197	-0.4323	-0.0911	-0.1813	0.4754	-0.0284	0.5075	0.3802	0.0330	-0.0257	-0.3462	-1.0992	0.8574	0.6208	1.1953	-0.7614	0.0431	-0.2648	1.1931	-1.9669	-0.4363	-0.1910	0.5808	-0.9818	0.1657	-1.2363	-0.6775	0.0935	-1.4429	1.1841	-0.6539
-0.6721	-1.3838	-0.8464	-1.3617	-1.5771	-0.4777	-1.4214	-0.4179	-0.3203	-1.2312	-1.8183	-1.2145	-0.8036	-2.3194	0.2881	-0.8827	-0.8640	0.2401	0.2876	-1.1402	0.2351	0.2205	0.6463	-0.2094	0.3823	-0.4102	-0.5064	-1.0058	-0.9884	-1.1165	0.1910	0.8258	1.1395	-1.8200	-0.4226	-0.0592	0.0282	-1.2554	-1.1651	-0.5725	0.7166	-0.9288	0.2342	-2.0213	-0.2057	0.3737	-1.5632	0.6006	-1.1379
-0.2865	-0.5498	-1.3051	-1.8144	-1.2435	-0.7107	-2.2199	0.3228	0.0536	-0.7464	-1.6808	-1.5048	-1.0229	-1.8561	0.0600	-0.8925	-0.3561	0.5430	0.7994	-1.0407	-0.7918	0.0593	0.8471	-0.4811	-0.9257	0.1807	-0.7207	-1.3537	-0.9947	-1.2177	-0.4208	1.3016	0.4787	-1.2658	-0.8647	-0.3331	-0.0590	-0.4412	-1.0386	-1.5971	1.1730	-1.0679	0.9814	-1.4159	-0.7482	0.4927	-2.2987	0.8297	-0.0178
0.7913	0.7336	-1.2105	-2.2791	-0.9178	-0.8294	-0.3669	-0.2951	-1.0169	-0.6828	-0.1015	-0.7857	-1.8480	-1.4287	0.0696	-0.8213	-0.2460	0.0465	0.5453	-0.3919	-1.1030	0.2743	-0.2229	-0.6186	-0.8640	1.3486	-0.6243	-0.5259	-1.3199	-1.2824	-0.1116	1.0592	-0.5421	-0.1323	-1.2194	0.0678	-0.2665	0.1128	-0.3937	-1.4661	0.6372	-1.7541	0.6101	-0.3677	-0.3450	1.2116	-1.6883	-0.0549	1.1923
-0.4293	0.5620	-1.5897	-2.0862	-0.3193	-1.1302	-1.8702	-0.5308	-0.1408	-0.9048	-0.6641	0.1545	-1.6542	-1.0010	0.0298	-1.0784	0.3452	-0.2506	0.4850	-0.1689	-2.1554	-1.0041	0.3680	-0.3249	-0.3251	-0.6253	-0.0473	-0.9949	-1.4713	-0.9718	0.1991	1.6434	0.1117	-0.1976	-1.0700	0.4553	-0.4926	-0.4074	0.7211	-0.7856	1.2660	-1.9692	0.3499	0.1129	-0.2669	1.0652	-0.9127	-0.0911	0.3360
-0.5826	0.9809	-1.3010	-1.4315	-0.1415	-0.4422	-1.1019	-1.2884	-0.2809	-0.0773	0.0123	0.8832	-1.4781	-0.4933	1.2234	-1.3183	0.0763	-1.3950	1.1156	0.5461	-2.4456	-1.4403	0.4808	-0.8595	-0.1268	-0.6136	-0.5508	-0.2611	-0.8806	-0.1932	1.2398	1.4599	-0.4515	-0.5763	-0.7884	0.4307	-0.0953	0.0467	1.4077	-0.5726	1.5672	-1.8112	1.1177	0.8469	-1.2886	2.2567	0.1512	0.4983	0.0956
-1.4696	0.0232	-0.7033	-1.0255	-0.5583	-1.5632	-1.9604	-1.7722	-0.0822	-1.1510	-0.4574	0.1211	-1.2177	-0.5299	0.1021	-1.1628	0.6887	-0.4865	0.7863	0.1663	-0.8098	-1.4472	0.1773	-0.5050	0.3516	0.9090	0.2239	-0.5513	-0.6940	-0.9859	1.3758	0.7652	0.8467	-1.5759	0.9012	1.0072	0.1648	-0.8659	0.4044	0.2260	1.1245	-2.1547	-0.4857	-0.1142	-0.0981	1.3558	-0.7679	-0.0034	-0.7293
-1.4468	0.9110	-0.6440	-1.2548	-0.1696	-1.0647	-2.0587	-1.4337	-0.2622	-0.9127	-0.6082	-0.5828	-0.4242	-0.0403	-0.2967	-1.2396	1.1331	-0.1155	0.2897	-0.7853	-1.0269	-1.4517	-0.5394	-0.5097	0.6105	0.9601	-0.2868	-0.9112	-0.5820	-0.7195	0.2793	0.2976	0.6468	-0.9503	1.0499	0.7749	-0.0196	-0.5154	1.6133	-0.4211	1.4682	-1.4374	0.2210	0.0207	0.1700	1.3407	-0.6159	1.1300	0.1249
-1.0379	1.7725	-0.7417	-0.5230	-0.1270	0.2025	-1.1337	-1.3588	-1.2338	-1.0116	-1.1780	-1.2197	0.2486	-0.5126	-0.1162	-0.8991	1.9903	0.0617	-0.4653	-1.8675	-0.1817	-0.0901	-1.4959	-0.9118	0.4874	1.1446	0.0638	-0.8345	-0.4695	-0.0580	-0.4959	-0.3108	1.0648	-1.1050	0.6005	1.1700	-0.2857	0.6912	2.0195	-1.5535	2.5687	-0.8380	0.8092	0.2860	1.0272	1.7961	-1.1125	0.9021	0.0774
-1.1397	1.4939	-1.4390	-1.4777	-0.4094	-1.2693	-1.8859	-0.9398	-0.5864	0.0801	-1.6406	-0.7900	-0.5359	-1.1039	0.1516	-1.0615	0.8230	-0.4560	-0.5117	-1.8813	-0.7522	-0.3441	-1.4040	-0.2921	0.9420	-0.1559	0.2223	-0.9971	-0.6729	-0.8657	-0.6104	0.4592	1.7616	-1.5497	0.6937	1.4218	1.0823	0.3095	2.4157	-0.5122	2.9157	-0.9395	1.5894	-0.1098	1.5308	0.7835	-1.1998	0.7759	0.5015
-0.7128	0.8475	0.6799	1.4385	-1.7271	2.8990	0.7965	-0.7833	-1.4754	-0.7810	-2.1479	-2.0851	1.7413	0.0531	-1.7755	0.8563	1.6740	-1.5602	-0.0720	-0.5967	-0.1008	1.9583	-3.1206	-1.0283	1.2031	-0.3895	2.2355	1.5967	-0.7396	2.3932	-1.3374	-1.5177	1.0121	-2.2071	2.2291	2.9525	1.3658	-1.8709	2.1136	-2.1527	1.4073	1.1592	0.2613	-1.3623	2.6111	-0.1353	-0.9702	-0.0295	-0.0231
-0.6397	-0.0984	-1.2992	0.5601	0.3417	1.2958	-1.6116	-0.3336	-1.1163	0.5697	1.3271	0.2079	1.9450	-0.2537	-1.6723	-0.5897	-0.3817	-1.6117	-0.6939	1.1897	-2.1870	-1.3056	-0.3337	-0.6109	-1.6990	1.0501	-0.6419	-0.5908	-1.3988	1.5691	1.2877	-0.4327	0.9784	-0.0793	-0.2833	1.2480	-0.4942	-1.3574	-0.1578	-0.5349	1.5949	-1.4292	2.1191	-0.6128	0.7231	0.6217	-0.0542	-1.2549	0.0076
-0.3907	0.2277	-1.2534	0.8406	0.5465	1.0493	-0.5191	1.1451	0.7582	0.0171	0.8834	-1.1995	2.2424	0.2574	-0.4226	-0.3474	0.6725	-0.2403	-0.4205	-0.3352	-1.8394	-0.6077	-0.6553	-0.0861	-0.6921	-0.6552	-0.2812	0.5962	-0.7528	1.3712	1.0507	0.2824	2.6006	-0.1239	0.1389	0.8972	-0.6374	-1.6358	-0.1792	-0.0471	-0.5597	0.0906	-0.3211	0.4412	0.8803	-1.2200	-0.7159	0.5880	-0.2570
-1.6992	1.3847	-0.0736	2.3384	-0.2543	1.3433	2.6879	1.8730	2.2947	1.0597	1.7067	2.4679	2.9780	3.1544	1.6758	0.0031	0.9626	-0.9330	-4.4942	-0.3187	1.2029	0.5139	-1.4465	0.0546	0.2362	0.8042	2.8861	2.7176	1.6162	2.5461	0.5890	-1.1865	2.8516	0.4083	2.6748	1.7506	-0.7867	-0.4832	1.2021	0.4838	-0.6621	2.6353	-2.0961	2.1942	2.6075	0.1077	0.0149	0.5097	0.6062
-1.2767	-1.1461	0.6091	1.6705	0.4571	1.0028	2.1902	1.2115	2.9008	0.6540	0.6818	2.4877	4.1393	4.4247	0.7815	0.2427	1.0267	-1.2130	-4.0726	-0.4984	-0.6254	-0.1781	-0.1806	2.9178	0.2515	-2.7287	2.7744	2.3867	0.2942	3.6072	-1.0245	-1.3483	-0.3614	-0.3588	1.1598	1.0099	-1.9444	-2.2260	0.4417	0.2597	-1.9530	2.9969	-2.1006	1.3458	1.6914	-1.4133	1.0850	0.5689	-0.5188
1.3912	-0.8612	0.6181	0.2106	0.8530	1.3395	1.8332	-2.4064	-0.4152	0.6095	0.3495	0.5554	1.4746	1.1888	1.1369	1.5837	-0.7248	0.6879	-0.9572	0.7014	-1.7525	-0.6500	-0.3818	0.9257	0.3694	-2.2869	-0.1966	1.8857	0.0949	2.0035	-0.4556	-0.0534	0.1303	-0.2404	0.2282	0.3688	-1.7352	-0.2301	0.3826	-0.3256	-1.1943	1.5053	-0.4527	1.3077	1.0168	0.9494	-0.4541	0.8484	0.3123
-0.9347	0.2573	0.2280	0.4194	0.5729	0.4260	1.0532	-1.6907	-2.0282	2.1630	-0.3041	0.7872	-0.0860	-0.2389	3.0922	2.7745	-1.8810	0.2467	-0.3212	-0.3986	-1.3864	1.3854	1.2755	-1.6322	0.5414	-0.6226	-0.5121	1.6773	-0.6068	1.2652	-0.2331	-0.2341	-0.6440	0.4472	-0.1039	0.6217	0.5077	0.5105	-0.3398	-1.2664	0.1236	1.6234	-0.0035	0.5817	0.8968	0.3631	1.1485	0.8890	0.1503
0.6094	1.1457	-0.6699	-0.2507	1.7419	-1.9287	-2.2496	2.6087	1.3781	2.5262	2.2708	1.0736	1.5882	0.8038	1.5163	-0.9512	1.3280	-0.9184	-1.0490	2.4094	-0.8297	0.5284	4.5928	-1.9649	-1.8297	1.9265	-1.2692	-0.7560	-1.1320	-0.1407	-0.4694	0.7631	-1.7740	2.7031	-2.4362	0.8728	0.6297	-0.8736	-0.5872	-1.4572	2.4537	0.7115	0.1594	0.2980	-0.6749	-2.6230	3.8101	-0.0132	-1.0355
3.5934	1.0325	0.1865	-0.5708	1.6130	-1.9283	0.4319	1.6989	-0.3814	1.0199	2.3398	-0.2771	-0.7006	-0.8549	1.4638	0.8707	-0.1043	-0.3582	-0.9621	0.5745	0.1058	-0.7949	1.6107	-1.5255	-0.2970	1.6752	-1.5944	1.2065	-0.5547	-0.9445	1.2591	0.6016	-0.8566	-0.2820	-1.1414	0.7763	-0.1773	0.8561	-0.5842	-0.6035	0.9431	-0.1139	-0.8411	-0.1210	0.1967	-0.9897	0.1173	0.1455	-0.2520
1.5695	1.2846	0.3306	-0.5850	0.0712	-0.6145	1.4302	1.1692	-1.7381	1.6418	1.6244	-0.4721	-0.8604	0.0851	0.7676	1.1041	-0.7331	1.0312	-0.2122	-0.5729	-0.4042	1.0772	1.0089	0.1645	0.9334	0.8739	-0.3892	1.1818	-0.7740	-0.6891	0.6204	-1.0443	-0.3001	-0.4332	-0.2919	0.5624	-0.0613	0.4243	0.4793	-0.6273	-0.0013	0.2589	-0.5043	0.1872	0.6256	-0.9488	1.4608	1.0613	0.8081
0.0326	0.2857	-0.6369	-0.2940	-1.1071	-0.0076	-0.0520	0.9398	-0.7311	0.7853	0.0059	-1.0346	-0.6760	-0.2852	-0.4372	-0.4051	-0.0377	0.9463	0.1128	-0.9018	1.3944	0.7737	0.6304	-0.1026	1.0637	-0.0006	0.3898	-0.2290	0.3514	-0.4293	0.1658	-1.7861	0.5583	-0.5261	0.7626	0.0464	0.3688	0.8141	0.5099	0.4615	0.1284	0.8968	-0.3126	1.1695	-0.1473	-0.7326	1.1354	1.1513	0.0872
-0.5954	-0.8451	-0.8509	-1.2267	-2.0883	-0.2930	0.1588	1.0302	-0.8282	0.6321	-0.3357	-0.2569	-1.5084	-0.4150	-1.2067	-1.1491	-0.5615	1.0731	0.8579	-1.2063	1.7110	1.1200	-0.1543	-0.9059	1.0928	-0.0459	0.3854	-1.3493	0.9300	-0.4296	0.1439	-1.2529	1.3623	-0.1623	1.0336	-0.7889	2.3162	1.1571	1.0581	2.0294	-0.6295	1.1486	-0.1423	1.3014	-0.4819	-0.3411	1.3311	1.1401	0.0910
-0.2833	-0.9678	-1.0737	-1.3407	-1.7332	-0.0626	0.4282	0.8575	-0.7250	0.1457	-0.2874	-0.5325	-1.0932	-1.7903	-1.0432	-0.5777	-0.9954	0.1461	1.5343	-0.9118	1.4039	-0.4182	0.1948	-1.2357	0.0989	0.2217	-0.0181	-0.3576	1.1150	0.0334	0.2048	-0.0722	-0.5673	0.1727	-0.2483	-0.9920	1.6793	0.1121	-0.3796	1.2803	-0.3791	0.6189	0.7775	0.0357	-0.5641	-0.5009	0.7824	0.0711	0.1654
0.2361	-0.1996	-0.8767	-0.8468	-1.6911	-0.3162	0.5479	0.8553	-1.3687	-0.4814	0.0310	-1.1135	-0.3086	-1.8187	-0.9742	0.2451	-1.3442	0.1427	-0.2601	-0.5723	1.7158	-1.1129	0.5344	-0.5544	-0.0766	-1.1555	-1.1590	-0.9229	0.3948	-0.3333	0.4228	-0.8655	-1.8697	-0.3971	-0.6176	-0.7617	-0.1385	0.0805	-1.3479	-1.3690	0.0001	0.6591	-0.2301	-0.4930	0.3330	-0.3316	0.7843	-0.7872	0.1017
-0.6224	1.0135	-0.2128	-1.1447	-1.7783	-0.6909	-0.0893	0.6301	-0.7421	0.2565	0.5451	-1.4785	-0.6522	0.0837	-1.5749	-0.4335	0.2606	0.8353	-0.1354	-0.4615	0.8228	-0.9673	0.4234	0.4973	-0.0511	-1.1158	-0.4911	-1.5398	0.5900	-1.5989	0.3619	-1.5481	-1.0019	-0.7408	-0.3530	-0.4743	0.3450	1.2510	0.1171	-0.8422	0.2611	0.7923	0.0939	-0.3617	-0.0670	-0.4967	1.2044	-0.0692	0.7772
-0.3115	0.2557	0.1424	-0.9160	-1.5045	-0.0406	-0.5183	0.3601	-0.5311	0.0264	0.1209	-0.6241	-0.5291	-0.6136	-1.3478	-0.0964	0.6701	0.3283	0.2536	-0.3687	0.5889	-1.3609	0.2207	0.3818	-0.2431	-0.2377	-0.0710	-1.3456	0.3457	-0.8344	0.5040	-2.1044	-0.6323	0.4533	0.2169	-0.8173	0.9538	1.1949	0.5018	1.8634	-0.4968	-0.4277	-0.2425	0.7414	-0.5424	-0.4640	1.4594	0.5304	0.3295
-0.5374	-1.1913	-0.3313	-0.7819	-1.6489	0.0042	-1.5819	-0.0598	-0.4959	-0.5450	-0.9528	-0.1895	-0.3821	-0.5506	-1.2093	-0.7508	0.1242	-0.2885	0.4744	-1.0523	0.1345	-1.6950	-0.1083	-0.4950	-0.9691	-0.3092	-0.5069	-1.6115	0.8534	-0.2761	0.0864	-1.2568	-0.5289	0.6796	-0.3807	-1.5288	1.1564	1.1444	-0.0287	2.2303	-0.9578	-0.6623	-0.1065	1.3376	-1.2756	-0.3735	0.8894	0.4065	-0.4726
-0.1618	-0.8415	-0.2592	-1.1233	-1.0790	-0.0841	-0.9298	-0.2730	0.1406	-1.4781	-0.8083	-0.1977	-0.0844	-0.4536	-1.2142	-0.9658	0.5630	0.1424	0.7653	-0.4162	0.1098	-1.8729	0.2219	-0.9388	-0.4062	-1.1355	0.1121	-1.4637	0.8115	-0.6466	-0.3129	-0.3125	-1.3407	1.3386	-0.4072	-1.5533	-1.0032	0.7299	-0.7764	1.2070	-0.6913	-0.3011	-0.1104	1.8856	-0.7587	-0.1055	-0.3061	0.3558	-1.3052
0.1061	-0.8790	0.1796	-0.6877	-0.0107	0.6454	0.3079	-0.9700	-0.0310	-1.0375	-0.5397	1.3587	0.5974	0.3737	-0.4586	-1.2667	0.6384	-0.3432	0.1018	0.8752	0.6251	-0.9404	0.4863	0.3283	-0.2052	0.6743	0.3019	-1.4803	0.6401	-0.5483	-0.0842	-0.5423	-0.9891	2.2684	-0.3418	-1.8479	-0.6855	0.8239	-0.4727	0.6646	-1.2006	-0.2362	-0.9657	0.8894	-1.5876	-0.0339	0.5034	-0.2043	-0.5928
0.4218	-1.7035	0.9664	-0.4297	0.7511	-0.6041	-0.5215	-2.2400	1.0900	-1.1339	-0.2479	0.4128	0.5112	0.3024	-0.0404	-1.6263	0.9758	0.4984	0.0232	1.1378	1.2446	-0.3235	0.2802	0.2318	0.8012	0.0568	1.0396	-0.6607	0.5602	-0.3174	-0.5428	-0.1531	0.4016	0.7527	-0.1093	-0.4030	-0.8025	0.8337	0.2548	-0.5109	-0.8718	-1.6034	-0.4296	0.9364	-0.4970	0.1597	-0.4912	-1.4785	-1.1239
0.3235	-0.9738	1.9502	0.3039	0.7638	-1.4519	1.0131	-1.2308	0.2813	-0.2529	1.8024	0.1138	0.0015	0.1616	0.2116	-1.3949	1.0957	0.0707	-0.3824	0.4794	1.2998	1.4200	-0.4878	-0.4341	-0.2885	0.7608	-0.4664	-0.2250	0.6150	-0.6727	-0.0630	-1.3580	0.6205	0.3963	-0.1657	0.2803	0.5772	1.4976	1.1875	-0.5696	-1.4605	-2.3661	0.8315	0.6649	-0.3863	0.2137	0.9949	-1.6254	-0.0447
0.8551	-1.0985	1.5946	2.3834	1.4175	-0.3956	0.0011	-0.8289	0.6875	0.2103	0.4784	-0.3280	1.0247	0.7699	0.7606	-0.4368	1.3394	-0.3651	-0.1244	-0.4268	1.4469	1.3864	0.8563	1.1405	-0.8410	-0.5641	-0.6936	-0.3801	1.0766	0.2683	0.3708	-0.8200	1.4429	-0.5008	-0.6921	0.5835	0.3222	-0.5533	-0.0671	-1.6850	-1.0254	-0.8587	-0.0673	0.5466	-0.6233	-0.4145	0.6740	-1.1778	-0.4115
0.0610	-1.2359	1.4798	3.5400	0.4266	-0.1454	-0.0076	-0.8750	0.0802	-0.7002	-0.9205	-0.2219	0.6579	0.6707	0.4109	0.2697	0.4390	-0.9965	0.4176	-1.3365	1.3818	1.3968	0.2842	-0.3037	-0.6533	-1.7779	-0.5239	-0.9181	0.9104	0.2572	0.2718	-0.0859	2.1249	-0.9249	-0.8112	0.8034	0.5875	-0.4539	-1.5234	-0.7370	-0.3583	-0.3245	-0.8186	-0.2541	-0.0080	-0.0731	0.0484	-0.1939	-0.0715
-0.1288	-1.1491	0.9483	2.7854	-0.5182	-0.0781	-0.1006	-0.9511	-0.2431	0.3356	0.3407	-0.9390	0.4442	-0.0985	0.1144	0.5110	-1.1032	-1.6049	0.1171	-0.4646	0.9887	0.3366	0.1457	-0.7775	-0.4537	-0.1740	-1.5148	-0.6919	0.8350	1.0165	-0.1080	0.1943	0.5068	-0.8155	-0.3778	0.1934	1.4713	0.1138	-1.9802	-1.2857	-0.8083	0.5789	-0.0526	-1.8343	-0.9492	-0.1216	-0.3212	-0.8255	0.4338
0.4155	-0.9961	0.8892	1.4149	-0.1350	-1.3880	0.5408	-0.5583	-0.3293	-0.5665	-0.0140	-1.3450	0.1032	-0.2212	0.3573	-0.1694	-2.0176	-0.6832	0.8899	-0.5489	0.1023	0.1304	0.4631	0.3168	-0.0274	-0.0802	-0.6097	-0.1094	0.2868	0.0126	-0.3045	0.0965	-0.8469	-0.9998	-0.5991	-0.3208	-0.1153	0.3928	-1.2364	-1.0942	-1.1846	0.7025	-0.4039	-1.6140	-1.4477	-0.6968	0.5751	-0.3310	0.3944
0.6288	-0.8582	0.4891	0.3901	-0.0533	-1.2837	-0.4415	-0.5737	0.1745	-1.1885	-0.0019	-1.2375	0.0756	-1.5335	0.4206	-0.0351	-2.5467	-1.2893	0.3744	-0.4586	0.3929	-1.0301	0.5303	0.2460	0.0244	-0.6359	-0.8951	0.1083	0.2545	0.0431	-0.7174	-0.2255	-1.1330	-0.6834	-0.7730	-0.5832	-0.7181	1.2061	-1.2751	-0.8031	-0.4920	-0.0801	-0.3202	-0.9905	-1.3100	-0.3582	0.0096	-0.6252	-0.2758
0.5246	-0.1482	0.9057	-0.3918	0.6004	-0.9896	-0.0887	-0.3864	-0.0486	-1.7695	0.0053	-0.1325	0.0039	-1.1442	0.8219	0.0268	-2.0735	-0.5443	0.3752	-0.3560	0.8512	0.1339	0.2195	-0.1273	0.6905	0.7048	-0.6851	0.3751	-0.1247	-0.5531	-0.4790	0.4448	-0.0842	0.2138	-0.5711	-0.3027	-1.1958	1.2136	-0.9801	-1.1922	-0.5697	-0.2065	0.0006	-0.4482	-0.6694	-0.5325	0.5462	-0.8950	-0.1819
0.6337	1.1351	1.0575	-0.1996	1.1239	-0.3647	0.1069	-0.3330	-0.3231	-0.6186	0.2703	0.0055	-0.2577	-0.9202	0.8536	0.2843	-1.1002	-0.4074	0.1091	0.1562	0.2767	0.7365	0.3518	-0.0289	0.7460	1.3675	-0.2996	1.1997	-0.9303	-0.6020	-0.2304	0.3267	-0.5444	0.4771	-0.1747	-0.1916	-0.2756	0.7857	-0.9103	-0.9808	-0.1655	0.0528	0.4801	-0.1383	-0.0612	-0.5486	-0.1302	-0.7564	0.2604
0.2428	1.6594	0.3543	-0.2798	0.5555	0.3307	1.4051	-0.2297	-1.2285	0.8767	0.5977	0.3932	-0.8126	0.5015	0.2533	0.4586	-0.0751	-0.3504	0.1648	0.6197	0.6994	2.0307	0.0780	0.5266	1.2599	1.7677	-0.4902	0.3684	-0.4698	-0.6890	-0.4069	-0.5854	-0.2454	0.4825	1.0632	-0.6801	0.9362	1.0412	0.2304	-0.7941	-0.0720	1.3107	0.6708	0.2686	0.6336	0.1148	0.2528	0.3815	1.4277
-0.4654	-0.2152	-0.5096	-0.5433	0.2538	0.2991	0.3577	0.2163	-0.8446	0.1603	-0.0743	-0.0113	-1.2013	0.5396	-1.1282	0.6669	0.4693	0.0841	0.4353	0.5088	0.7508	0.8474	-0.8317	0.8686	1.2562	0.5809	0.5405	0.2363	-0.1940	-0.7565	-0.5368	-0.7694	-0.3461	0.3458	1.0472	-0.8280	0.7668	-0.0988	0.2120	-0.3611	-0.0839	0.5329	0.9146	-0.4114	0.7048	0.2515	-0.0592	0.7928	0.3554
-0.3837	-1.4295	-0.9297	-0.1933	-0.4519	0.3573	0.2933	0.4408	-0.6973	-0.9275	-0.7422	0.3623	-1.1969	0.1948	-1.4922	0.5265	-0.1336	0.5791	0.3694	0.0289	1.0719	0.1485	-1.1551	0.2021	0.5775	-0.9412	-0.2738	-0.3189	0.0875	-1.2173	-0.2970	-0.7282	-0.1770	0.2029	0.7347	-1.4558	-0.3463	0.2618	0.8395	0.8918	-0.2432	-0.5602	0.9147	-0.8506	0.6823	-0.4565	-0.4089	1.0815	-0.8452
0.0096	-1.4231	-0.6224	-0.5609	-0.8401	0.4959	-1.1666	1.2295	0.5946	-1.2329	-2.1013	0.5682	-0.8266	0.1277	-1.0368	-0.0152	-0.3209	-0.0441	0.3134	0.5027	0.9603	-1.1397	0.0888	-0.0357	0.0500	-1.9648	0.1909	-0.5643	0.6932	-0.8733	-0.5735	0.0436	-0.9002	0.5037	-0.2478	-2.4209	-0.3517	-1.7362	-0.1968	0.2597	-0.1087	-0.5667	0.4274	0.0078	0.2109	-0.5109	0.0551	-0.4779	-1.4160
-0.5394	-1.4896	0.1285	-0.0836	-0.7824	0.9768	-0.4762	1.3545	0.6269	-0.2129	-0.7687	0.2872	-0.9035	1.0011	-1.2112	0.2128	0.7403	-0.3929	0.4800	1.5303	-0.4607	-1.1549	0.0833	1.6092	-0.3932	-0.9928	-0.1881	-0.3162	0.9031	-0.5866	0.1762	-0.5175	-1.5204	0.1694	0.1426	-2.0708	-0.5437	-0.3583	-0.2579	-0.0744	-1.5111	0.3517	-0.4246	-0.9935	-1.4557	0.0953	0.6370	-1.6071	-1.0142
-0.4450	-1.8444	0.3131	-0.2942	-0.4453	0.7105	-0.3054	0.9579	0.3567	-0.9331	-0.9929	0.4081	-0.8924	0.9773	-1.6721	0.1854	0.9527	-0.4793	0.9369	0.9702	-1.5290	-1.1541	-0.5151	0.7420	-0.5717	-0.2770	-0.2908	0.0997	0.0263	-0.8683	1.0506	-0.1513	-1.5774	0.5092	-0.7861	-0.5803	-1.6070	0.3857	-0.1765	-0.1019	-1.2935	-0.6591	0.2541	-1.2173	-1.1650	-0.1748	0.7763	-2.4772	-1.7146
-0.5007	-1.5449	0.5729	-0.2549	-0.7279	0.6594	-0.0315	0.6834	0.9428	-0.7293	-0.8127	0.3525	-0.6717	0.8451	-1.5250	0.1352	1.4910	0.2705	0.7665	0.9167	-0.7121	-1.0242	-0.5210	0.7908	-0.2082	-0.0424	0.0890	0.4877	-0.0920	-0.4469	0.6557	0.5318	-0.6432	0.6175	-0.7717	0.0905	-2.6748	1.2423	-0.5322	0.3498	-1.1440	-0.7832	0.0027	-0.8047	-0.1580	-0.4952	-0.0559	-2.0690	-1.7654
-0.1159	-0.8981	0.0376	-0.4341	-0.0233	1.0988	1.1177	0.3216	0.9039	0.2602	0.7616	1.2083	-0.5767	1.7893	-0.6774	-0.2379	1.0089	0.8444	0.7640	1.5943	-0.4094	0.1628	-0.6771	1.2466	-0.5981	1.3539	-0.9140	-0.3905	0.7060	-0.4223	0.8886	0.1335	0.4769	1.1147	-0.4880	-0.7921	-1.8215	1.5594	0.5625	1.3975	-1.1983	-0.2475	0.1960	-0.1531	-0.9272	-0.0891	-0.0228	-0.2005	-0.8151
0.2467	-1.0248	-1.0551	-0.2739	0.6260	1.7653	0.4998	0.2864	1.2208	0.4578	-0.0687	1.9630	-0.1960	1.7887	-0.7506	0.1159	0.5346	0.4838	0.7492	1.1677	0.1630	-0.3277	-0.7026	1.3703	-1.0115	0.5677	0.2427	-0.4864	1.1806	0.5262	0.8295	-0.6438	0.2578	1.1133	-0.7129	-1.2421	-1.9017	-0.0685	-0.5891	1.8732	-0.6579	0.0181	0.0458	0.4350	-1.1222	0.1771	-0.3072	-0.8407	-0.7341
-0.1054	-1.3228	-1.2292	-0.3145	0.6253	0.9481	0.7088	0.0795	1.2251	-0.5369	-1.7916	1.5421	-0.5873	1.0929	-1.0851	-0.1453	-0.5592	0.8477	0.9671	0.1896	0.3861	0.6702	-1.2199	1.1530	-0.7477	-0.7344	0.3241	-0.9599	1.0771	-0.7891	1.0994	-0.4734	0.2409	0.0868	-0.2869	-0.6689	-1.3040	-0.7684	-0.6399	2.2995	-0.5517	0.4467	-0.7111	-0.4305	-0.5487	0.2213	-0.0510	-0.6969	-0.9074
-0.5199	-0.7342	-0.8249	-0.5500	0.1442	0.7712	-0.3166	0.4250	1.0170	-1.1979	-1.6427	0.1249	-0.6409	0.1995	-1.3290	-0.1355	-0.4930	1.0177	0.0693	-0.4480	0.3125	0.4801	-0.8701	-0.0114	-0.5414	-0.9475	0.4157	-0.5022	0.4465	-0.4625	0.2219	0.0418	-0.0927	-0.0354	-0.4331	-0.2091	-1.0337	-1.1888	-0.1078	0.6975	-0.6094	0.7047	-0.2539	-1.9682	0.0040	-0.3974	-0.2723	-0.4331	-0.8042
-0.0886	0.6160	-0.1364	0.3237	0.2988	1.3254	0.7681	0.1345	-0.5727	-0.4466	-0.0617	-0.5916	0.3225	0.1377	-1.2328	0.4995	0.4973	0.9977	-0.8626	-0.3616	-0.3113	0.8808	-1.0027	-0.0795	-0.6934	-0.9598	1.3435	0.5725	-0.9306	0.5556	-0.1978	0.3112	-0.8356	-0.1249	-1.6512	1.3983	-2.3412	-0.8803	-0.3375	0.2612	-0.1937	-0.1399	-0.0972	-1.7346	1.6550	-0.3436	-0.6715	-1.3368	-0.1237
-0.7131	0.5479	-0.1595	-0.5763	1.5252	0.0546	0.2284	0.3593	-0.4811	0.3119	0.3129	-1.2507	0.6913	-0.2652	0.1858	0.0094	-0.0880	0.3937	-1.2700	0.0509	-1.3273	0.1731	-0.9266	0.5576	-0.1919	-0.7282	1.2664	1.2616	-1.3441	0.8686	-1.1426	0.8257	-0.9690	0.5642	-2.1792	2.1519	-1.3712	-0.6034	-0.0081	-0.2455	0.1659	0.4778	-0.3517	-0.7409	1.9240	0.2568	-0.7372	-1.4168	-0.2519
-1.2880	0.1304	-0.4666	-0.0168	1.0663	1.0118	0.8132	0.5470	-0.2488	0.5886	0.0889	-1.1768	1.4656	-0.8336	0.6349	0.6537	-0.2013	-0.1512	-1.6157	-0.0316	-0.4264	0.8455	-0.8880	0.9592	0.6630	-0.5205	-0.3395	1.1548	-0.9323	1.8519	-1.6647	1.8042	0.3422	0.5665	-1.6742	2.3018	-0.7763	-0.5499	0.7066	-0.1902	-0.4838	1.8677	-1.2957	-0.8082	1.5067	0.5270	-0.6805	-1.2403	0.2555
-1.3188	0.4845	-0.3143	-0.5826	0.6598	0.5302	0.9493	0.3936	0.4210	0.8009	0.5254	-0.1024	1.4850	-0.2248	1.0091	0.2525	-0.5393	0.1570	-1.0700	0.9950	-0.0519	1.3534	-0.5160	0.6172	0.6683	0.1274	-0.0785	0.6957	-0.5742	0.8830	-0.6055	0.9710	-0.1146	0.8829	-0.2810	2.2687	-0.1798	-0.0540	1.0006	0.2605	-0.3670	1.2818	-0.5841	-1.0311	0.5202	0.4011	-0.0648	0.0676	1.0566
-0.6912	1.2625	-0.5094	-0.4972	0.9857	0.4263	-0.5690	-0.0712	1.6365	0.4760	0.6419	0.3806	0.7062	0.2471	1.1219	0.1351	-0.2092	1.0016	-0.3677	2.2113	-0.2632	0.2102	0.7349	-0.4827	0.7102	0.3194	1.2308	1.0889	-0.0717	0.5063	-0.2008	1.4431	0.3441	1.2565	0.9751	1.5944	0.2707	-0.4776	0.2289	0.6774	0.4171	0.5596	0.4077	-1.0308	0.1845	0.2604	-0.2057	1.2820	1.3924
0.1890	1.7631	-0.5294	0.4432	0.8044	0.4585	-0.3994	0.0275	1.5795	1.1821	0.8366	-0.4333	-0.0601	-0.5779	0.8417	0.2920	-0.4874	0.7301	0.2354	1.0962	-0.3416	-0.3671	1.0274	0.5864	0.3908	-0.3639	1.3828	1.4622	0.1973	0.4745	0.2049	1.8875	0.1009	0.9363	1.7435	0.3234	0.6426	-0.4408	0.5550	0.9206	1.3219	0.0842	0.9154	-0.6436	-0.7847	-0.0627	-0.9370	1.3624	0.8649
-0.1483	1.8916	-0.2117	1.5849	0.7934	1.2756	0.7160	0.2869	0.6148	0.7111	1.0985	-0.2448	-0.6111	-0.8707	0.4912	0.8289	-0.2630	0.9247	-0.5028	0.2824	-0.1385	0.7354	0.1542	-0.2051	0.5128	-0.2656	0.3520	-0.0056	0.1992	1.0637	-0.0522	0.7785	1.2647	-0.7447	2.0252	0.3702	0.9834	0.2669	0.4909	-0.4664	1.2118	-0.1460	0.4613	0.8007	0.2342	0.5392	-0.4713	0.7348	1.2505
0.0966	1.4931	0.4210	0.9178	0.3479	-0.5780	0.7286	0.7152	0.6430	0.5129	0.4961	0.1304	-1.3444	-0.7553	0.4459	0.2499	0.4739	0.8624	-0.2082	0.4260	-0.9407	-0.0619	0.0366	0.0737	0.6434	-0.2008	0.5703	-0.5410	-0.0699	0.5737	-0.5895	0.4070	0.9026	-0.5205	1.9429	0.3295	1.5997	-0.1391	0.9204	-0.0697	0.2950	-0.6854	-0.0220	1.5707	0.0727	0.5970	0.2824	1.0007	1.4325
0.3755	1.6541	0.0033	0.7731	0.0823	-1.1310	1.0076	0.5051	0.6883	-0.0552	0.7197	0.6067	-1.1902	-0.7702	-0.0507	0.2413	-0.3060	1.0089	0.1786	0.2563	-0.2891	0.4625	0.0550	-0.4271	0.8590	-0.0175	-0.0617	-0.4956	-0.4668	0.5065	-0.6515	0.9307	0.9846	-0.4811	1.8268	-0.0791	1.6922	-0.1308	0.2314	0.9274	-0.1880	-0.1434	-1.0503	2.2358	1.1083	-0.4089	0.3025	0.0173	0.8628
0.8115	1.9376	-0.2344	-0.1932	0.5660	-1.2122	0.4956	0.3938	0.2319	1.3527	0.7531	0.3281	-1.0401	-0.8074	-0.5664	-0.1974	-0.6687	0.4078	0.7561	1.0983	-0.6786	0.4257	0.1271	0.9274	0.8348	0.3508	-0.4386	-0.0774	-0.8152	0.5561	-1.2291	1.2641	-0.6811	0.3279	0.7355	-0.3948	2.2893	1.0092	0.8433	0.2135	-0.4804	0.6125	-1.4548	1.0589	-0.0508	-0.4100	0.1957	-0.3435	0.2928
0.4637	1.7030	-0.3753	0.1097	0.4672	-0.7593	0.3541	0.5366	-0.5696	0.2122	0.1023	-0.4011	-0.2369	-1.1453	-0.8288	0.2320	-1.2485	0.4294	0.0887	0.0392	0.5086	1.0401	0.1131	0.8371	1.2655	-0.7046	0.2116	0.1832	-1.3104	0.1059	-0.9492	0.4084	-0.0329	-0.1923	0.5654	0.0656	0.8664	1.2053	0.6320	0.0588	0.4287	0.6364	-1.2972	1.4233	1.7374	-1.0398	-0.1007	0.0371	-0.1839
-0.2570	1.2029	-0.3613	0.2738	0.5754	0.1125	-0.4415	0.5082	0.5327	-1.1019	-0.8071	-0.0782	0.4401	-0.7171	0.4988	0.3461	-0.4533	0.1977	-0.7733	-0.0896	0.5455	0.2644	0.5250	-0.3322	0.7141	-0.3378	0.4960	-0.0422	-0.7155	0.5873	-0.5991	0.7712	1.2173	0.1753	0.5566	-0.0647	-0.3147	-0.5280	0.2540	0.1860	0.7103	0.7820	-0.4168	1.9794	1.3645	-0.6176	-0.4666	0.6628	-0.1564
0.0848	0.7277	0.1728	0.2390	0.2833	-0.1091	0.4321	0.3371	-0.0019	0.0111	-0.4381	0.1655	0.4957	0.0692	1.0933	0.2617	1.1446	0.8154	-0.9239	-0.2787	0.0872	1.4800	0.1475	0.0036	0.1953	0.6389	0.5387	-0.2137	-0.0740	0.0168	-0.4090	0.8700	1.5068	0.0911	0.8648	-0.1502	-1.0426	-0.2149	0.8322	0.3057	0.4995	0.6656	0.3364	1.1099	-0.5173	0.2039	-0.5753	1.6105	0.9223
0.8558	0.5389	-0.0035	0.5961	0.6731	-0.2198	-0.1199	0.0860	-0.0139	0.8967	0.1465	-0.0907	0.5808	0.8844	0.6336	-0.0459	1.6691	1.0057	-0.2534	0.6396	-0.5083	0.5916	0.5494	0.3844	-0.2484	0.3753	0.7881	0.4798	0.7348	0.4414	0.1528	-0.0075	0.5059	-0.0485	1.4420	0.0722	0.2529	-0.8792	0.1660	-0.0792	0.8057	-0.2086	0.4220	0.7106	-0.7252	0.2883	-0.4723	1.9221	1.1055
0.2189	0.7068	0.0688	-0.0685	1.1505	0.2641	0.7920	-0.2813	-0.9159	0.6108	0.0928	0.7671	-0.1218	0.5646	0.9823	-0.3320	0.3783	0.2812	-0.4730	0.0212	-0.8597	-0.0512	0.1882	0.3047	-0.5775	0.9028	-0.0939	0.8445	0.5798	-0.0734	-0.4455	0.1697	0.2741	0.1144	0.1868	-0.4790	1.3984	-1.1952	0.4192	0.9281	0.2102	-0.9588	0.3848	0.2244	-0.4399	0.4177	-0.2272	2.0157	0.9571
-0.1244	0.5815	0.6995	0.5152	-0.1275	0.3294	-0.6409	-0.5759	-0.2837	-0.2592	-1.4342	-0.0787	-0.1887	0.2228	-0.1267	0.4092	-0.0947	-0.1791	-0.3641	-0.4186	-0.3320	-0.8381	0.5408	-0.4899	-0.6764	-0.0723	-0.2058	0.4643	0.4151	-0.5078	-0.8452	0.3318	0.3642	-1.1141	0.1714	-0.8510	1.7013	-1.2472	0.1834	0.4856	0.7071	-1.5145	-0.6910	-0.2081	0.3852	0.6677	-0.5841	0.6825	0.0553
0.6101	0.8905	0.3918	-0.3326	-0.0661	-0.8040	-1.2190	-0.4952	0.1906	-0.5633	-0.3296	-0.1153	-0.4842	0.2102	0.1378	0.4778	-0.6482	-1.4296	-0.4097	-1.0057	-1.4014	-1.5565	0.7847	-1.1011	-0.7940	0.0787	-0.5237	1.1075	-0.0774	0.2963	-0.3255	0.2372	-0.7696	-1.3306	-0.7894	-0.7896	1.3609	-1.3745	-0.3497	-0.5019	0.9055	-2.0705	0.0207	0.2887	-0.0151	0.4759	-0.2004	-0.5171	0.8547
-0.4036	0.7954	0.4920	-0.0044	-0.5833	-0.4384	-0.9611	-0.2447	-0.3344	-1.2589	-0.3815	-0.3800	-0.2775	-0.7574	0.6682	1.4365	0.4909	-0.9715	-0.5222	-1.7451	-0.3145	-0.2458	0.3768	-1.3642	-0.5032	-0.1684	-1.0774	1.8405	-0.3540	0.9820	-0.7467	-0.1104	0.2139	-2.1232	-0.5077	-0.7083	1.8299	-1.1021	-0.6142	-0.9679	0.5006	-0.2218	-0.6622	-0.4414	-0.1444	-0.3642	-1.2963	-1.2292	0.6062
0.3096	0.4259	-0.4743	-0.0136	0.2640	0.1998	-0.7991	-0.4127	0.5643	0.4134	0.1407	0.2932	0.7273	-0.6834	1.4513	2.4057	-0.1267	-1.6556	0.3003	-1.5874	-1.0416	-0.6270	0.4338	0.1489	-0.7710	0.2162	-1.4497	1.9026	-0.5700	1.0742	-0.0230	0.3463	-0.0479	-1.2330	0.0267	-0.2347	0.8071	-0.9793	-1.2070	-0.0833	1.0327	0.0089	0.0665	0.5931	-0.6943	0.2739	-1.7167	-1.0201	-0.1127
0.7903	0.1114	-0.0134	-0.1520	0.8840	0.2436	0.0992	-0.9784	-0.0057	1.1248	0.4579	0.4367	1.6195	0.3833	1.7364	1.6828	-0.2757	-1.0693	0.7312	-1.3882	-0.4026	0.5743	-0.4589	0.1406	-0.6904	1.1921	-1.5538	0.3289	0.2700	0.5398	-0.3663	0.3745	1.4298	-1.5079	0.0360	0.4477	-0.4279	0.1533	-0.5302	-0.1262	0.6394	0.4951	-0.7607	1.6842	-0.7206	0.9043	-0.7361	0.0659	0.0151
0.7018	-0.3837	0.1764	-0.5931	0.8908	-0.4347	-0.7845	-0.6390	0.5164	1.1775	0.2248	-0.2777	1.7870	0.8921	1.3798	0.8195	-0.5728	-0.1065	1.0990	-1.1383	0.1103	0.3816	-0.0084	-0.0450	-0.4258	0.3289	-1.6783	-0.3390	0.6759	-0.2690	-0.2138	-0.0086	0.8248	-2.2457	0.5798	1.4563	0.3005	0.2544	-0.7244	-0.2760	0.7227	0.0824	-0.7617	0.5960	-0.5877	-0.2711	-0.4291	0.8626	-0.5880
0.4584	-0.0232	0.9312	-0.6448	0.4698	0.0790	0.4067	-0.7907	0.0388	0.1307	0.0350	0.1636	1.8044	1.1816	1.4128	0.0518	-1.1278	0.3492	0.8588	-0.6454	0.1196	1.6426	-0.0954	-0.5104	0.1439	0.5755	-1.5641	-0.5374	0.3147	-0.1934	0.2434	0.1625	0.5809	-2.0099	0.3612	1.5430	0.5434	-0.1669	-0.4084	-0.5312	0.2193	0.3211	-0.8344	-0.7845	-0.6163	-0.6471	0.4301	1.5883	0.0631
0.0939	-0.0959	0.5609	-0.2701	-0.6868	0.4809	-0.8777	-0.8026	0.0605	0.0415	-0.3231	-0.8001	1.3990	-0.1423	0.1781	-0.2639	-0.2104	1.0005	0.2186	0.9747	0.9554	0.5805	0.6360	-0.7594	0.2177	0.3901	0.4642	-0.5838	-0.6217	-0.0236	0.8349	-0.4347	-0.6194	-0.3335	0.9608	0.9948	0.6945	-1.5328	-1.4532	-0.9564	0.7473	-0.0444	-0.4739	-1.6564	-0.0108	0.0814	-0.4717	1.1447	0.2885
0.3357	-0.3435	0.3972	-0.1886	-0.1430	0.1456	-0.5514	-0.8744	0.0109	0.3572	-0.6822	-0.2139	0.4635	0.1692	0.1190	-0.5726	-0.3378	0.7197	0.3231	0.3193	0.6937	0.4180	0.1992	-0.4640	0.0843	-0.0924	0.3546	-0.8373	-0.6130	-0.6024	0.9789	-0.5164	-0.0399	-0.3707	0.3703	-0.0379	-0.3031	-1.0341	-1.3712	-0.6645	0.5787	0.3333	0.0178	-1.6041	-0.1168	-0.2058	-0.4260	1.8872	0.3093
0.2679	-0.6571	0.8285	0.5143	-0.8942	0.3133	-1.0666	-0.5986	0.0085	0.0956	-1.1278	-0.2839	-0.3537	0.1009	-0.3635	-0.2681	0.2033	-0.4026	0.0840	-0.9088	1.0418	-0.9301	-0.2816	-0.4641	-0.0599	-0.6501	-0.5561	-1.6756	0.7851	-0.5943	-0.4669	-0.9656	0.7811	-1.1347	0.8868	-0.5131	0.7875	0.4139	-1.1762	-0.6996	0.6149	0.9008	0.5620	-1.7902	0.1522	-0.4251	-0.5743	0.9844	-0.0903
0.0715	-0.8636	0.4025	0.1920	-0.8461	0.1620	-0.7877	-0.7384	0.0273	0.0882	-0.5569	0.3715	-0.3736	0.5452	-0.0390	0.1092	-0.4155	-0.7750	0.3576	-1.7788	-0.4304	-1.4156	-0.9253	0.1093	-0.1511	-0.2750	-1.1713	-1.1561	0.9294	-1.0689	-0.4416	-1.1057	-0.7167	-0.6040	0.8087	-0.7051	0.7931	0.2365	-0.8224	-0.1293	0.7848	-0.2263	1.4831	-1.2279	0.0010	-0.0283	0.2899	-0.1338	0.1483
-0.2153	-0.1319	0.7486	0.4622	-0.7083	0.6341	-1.6372	-0.6412	0.4037	0.2963	-0.1481	1.0380	-0.3228	0.3044	0.8844	0.0756	-0.3781	-0.7886	-0.3042	-1.5318	-0.1214	-1.5501	-0.0533	-0.8135	-0.3105	1.1069	-0.7219	-0.8101	1.1627	-0.3848	-0.6648	-0.3101	-0.1548	0.0157	0.2396	-0.8546	0.4684	-0.0477	-1.0987	0.6987	0.6822	-0.6028	1.4794	-0.5045	-0.1242	0.6185	0.2873	-1.0522	0.9642
0.5727	0.5524	1.1943	-0.0446	-1.3742	0.6300	-0.4857	-0.6132	-0.0573	0.5036	-0.0334	0.4243	-0.7654	1.0489	0.5120	-0.3200	0.2826	0.5087	0.5267	-0.3981	-0.3770	0.1350	-0.9179	-1.1689	-0.0899	0.5908	1.2474	0.2658	1.0877	-0.4548	0.4657	-1.1447	-0.7213	-0.1395	0.8673	-0.8144	0.9700	-0.3576	0.3428	0.5825	0.9264	-0.1035	2.1103	-0.4506	-0.4404	0.0091	0.0687	-0.3560	1.1813
0.5018	-0.0163	0.8271	0.4096	-1.3483	0.9381	0.1517	-0.7207	-0.3894	0.2223	0.4605	0.3374	-0.3212	0.7466	-0.6442	-0.2877	0.4095	0.7758	1.1072	0.6050	0.5584	0.4660	-0.7094	-0.8174	0.6777	1.0509	1.7355	-0.2038	0.5448	-0.8330	1.1072	-1.8047	0.1528	-0.0921	1.2343	-0.1499	0.7087	-0.4436	-0.2035	0.1285	0.5751	1.1799	1.8476	-0.3866	0.6754	-0.0207	-0.0952	-0.0402	-0.4705
1.1680	-1.5507	-0.3746	-0.4934	-0.5847	-0.5094	0.2648	-0.4532	-0.4534	0.4312	0.3139	0.6927	-0.6565	-0.4881	-0.7191	-1.0542	-0.1212	-0.1918	0.7921	1.4138	-0.3773	-0.3957	0.3198	0.1297	1.4207	1.4320	1.7470	0.1112	-1.0587	-1.5138	1.1475	-0.6417	-0.0446	1.5358	0.6412	0.3127	-1.3353	-0.5162	0.7678	0.6387	-0.2092	0.9366	1.2670	-0.0022	-0.2726	1.7246	0.6285	1.0180	-1.1242
0.2954	-0.8195	-1.7909	-0.3736	-0.9369	-0.1923	0.8317	0.0192	-1.0181	-0.1411	0.3176	0.6983	-0.7672	-1.4728	-0.9352	-0.9273	-0.0080	-0.2794	-0.1983	0.5971	0.4353	-0.2652	0.1186	0.1732	2.3306	1.1554	0.6248	-0.0100	-2.2650	-1.1320	-0.3658	0.0904	0.0472	1.1450	0.3101	0.5531	-1.1347	0.8441	1.9499	0.4666	0.2453	0.8645	0.8726	0.0417	1.0348	2.1670	0.8614	0.4817	-0.9247
-0.3680	-0.2786	-1.3826	-0.8236	-1.1291	-0.1894	0.0742	0.1748	-0.9173	0.0675	0.3381	-0.0386	-0.9073	-1.6562	-0.6990	-0.7891	0.3853	-0.5835	-0.6678	-0.2205	-0.2283	-0.7840	-0.2822	0.1869	2.1060	0.6178	1.3148	0.8661	-2.6970	-0.4739	-1.0791	0.7036	-1.2586	0.9671	0.0133	0.6972	-0.7677	0.6527	2.4871	0.1118	1.1864	-0.4453	1.7323	0.2067	1.4648	2.1259	0.2928	-0.3606	-0.8361
-0.2998	-0.5846	0.8974	0.2418	-1.4044	0.0941	0.7551	-0.2368	-0.8240	0.1716	0.4366	0.3220	-0.3593	-1.6388	0.4182	0.3719	-0.5850	0.2218	-1.1377	-0.7184	0.1668	-0.3483	0.0845	-0.1983	1.5309	0.6191	0.2249	0.2903	-1.9619	0.5470	-0.5220	1.0387	-0.5614	0.5508	-0.7333	0.4049	-0.7362	0.8619	2.1926	0.3407	0.6503	-0.0031	1.1395	0.7570	1.7503	0.8493	-0.0965	-0.8745	-1.1890
-0.3978	-0.1294	2.2352	0.5799	-0.7188	-0.5958	0.2860	-0.1560	-0.0098	0.2301	0.7162	-0.1407	-0.1937	-0.9520	1.5137	0.5555	-1.1592	-0.0255	-0.2836	-0.5158	-0.6786	-1.0471	0.4969	-0.6209	0.1933	-0.1336	0.9108	0.4753	-0.6379	0.9474	0.3094	0.5734	-1.2188	1.2763	-1.7378	0.2567	-0.3174	0.6987	0.7040	0.6365	-0.0150	-0.2818	0.9024	1.2308	1.0442	0.0071	-0.1926	0.3204	-0.8744
-0.1054	0.4735	1.1363	0.0407	-0.6155	-1.4796	1.2139	-0.0146	-0.8650	0.1190	1.1712	0.3783	-0.2212	-0.7965	1.8652	0.2059	-1.0609	-0.5411	-0.1805	-0.4251	-0.1780	-0.3986	0.6396	-0.3461	-0.8508	1.1850	1.7092	0.5783	-0.0318	0.6237	1.5375	0.0654	-0.6445	1.8543	-2.1817	-0.7131	-0.9389	0.1892	-0.1797	0.9002	-0.3985	-0.4251	0.5957	1.1650	0.4360	0.1387	0.3000	1.7275	0.4551
0.0504	1.0622	-1.1170	-0.4915	-0.2122	-1.2798	-0.9655	0.1661	-0.8753	-0.2126	1.9494	0.1923	-0.0995	-1.0669	0.6069	-0.5785	-0.1286	-1.4032	-0.4765	0.8587	0.2418	-1.1967	1.3258	-1.1781	-0.8471	0.6735	1.2704	0.4152	0.1137	0.9624	1.9153	-0.0718	-0.3171	2.0827	-1.0560	-0.5215	0.6127	-0.0628	-0.6800	-0.4805	0.6125	-1.0049	1.2015	0.2079	-0.2335	0.6257	0.3858	1.0192	0.7443
-0.3727	0.3856	0.1554	-0.1575	0.2460	-2.0086	0.0253	-0.0965	-1.9573	-0.6672	0.2577	-0.4402	-0.0363	-0.3561	0.0633	-0.8295	1.3602	-1.1800	0.3378	-0.1219	-0.4345	0.7086	-0.2126	-0.6377	-0.8613	-0.5558	0.6431	0.2840	-0.3591	-0.2844	1.9447	0.4085	0.1591	0.9267	-0.3716	-0.0576	0.1281	0.2342	0.7873	-1.2016	0.1469	-0.8067	0.5101	-1.3016	-0.6943	-0.2235	0.1692	0.6598	0.7384
-0.3463	-0.6078	0.2452	0.5473	0.3289	-0.5513	0.7089	-0.1000	-1.6885	-0.5296	-0.5285	-0.3741	1.7524	-0.1375	-0.3516	-0.3193	1.8601	-0.8849	0.4110	0.4840	-0.4190	0.9977	-0.6600	-0.4299	-1.2067	-0.2820	-0.7293	-1.1276	0.2202	-0.0779	1.6094	0.9763	1.6959	0.1412	-0.7091	0.1683	0.3448	0.3764	-0.0253	-0.8067	-0.1787	0.1762	-0.8334	-0.7216	-0.9318	-0.5405	-0.1914	-0.9807	0.0518
0.3639	-1.4144	-0.7688	-0.6291	-0.1481	-0.0587	-0.0976	0.1713	-0.8253	1.0586	-0.1832	-0.6746	2.4246	0.4948	-0.1295	-0.4683	1.0037	-0.6149	0.2358	-0.4161	-1.1673	-0.6304	-0.8234	-0.1045	-1.1205	-0.7742	-0.4646	-0.1117	0.2607	0.2089	0.3570	0.9380	1.0918	-0.2004	-1.2333	0.2675	0.5539	0.4223	-0.8399	-0.7174	0.0814	-0.2638	-0.5090	-0.2645	-1.4993	-0.0404	-0.2461	-0.7321	-0.2120
0.8777	-0.4299	-1.2024	-0.9215	-0.4264	-0.4318	0.4684	0.0249	-1.3265	1.3151	1.4162	0.3356	1.3854	0.8592	-0.0878	-1.2609	0.5244	-0.4836	-0.5996	-0.4221	-0.9658	-0.6734	-0.8744	-0.8274	-1.7922	0.9600	-1.4505	-0.5431	-0.0118	-0.0463	0.6210	-0.5901	0.0615	-0.4788	-1.3408	-0.0196	1.3216	1.2647	-0.4479	-0.3007	-0.1890	-1.5138	-0.2209	0.5915	-1.4575	0.0455	1.3778	-0.9721	0.4170
0.6576	-0.4637	-1.2963	-0.4064	0.9036	-0.6608	-0.4882	0.1262	-0.0499	0.1790	0.2845	-0.0517	0.4152	1.8236	-0.0103	-1.6774	1.5918	0.3879	-0.0088	-0.0080	-0.9708	-0.8301	0.3765	0.2109	-1.9200	0.4713	-0.7759	-0.7664	-0.0304	-0.4021	1.1450	0.1930	-0.8403	-0.1002	-1.3899	-0.4065	0.1284	-0.0980	-0.1569	0.0968	-0.3839	-1.6080	-0.8214	2.1171	-1.4742	0.0323	1.0551	-0.6247	-0.4999
0.8621	-0.7538	-0.6711	-0.3436	1.1044	-0.7600	0.5748	0.1330	-0.8133	-0.4326	1.5324	0.2230	-0.5570	1.5233	-0.1241	-1.6847	2.0105	0.9612	0.3306	0.6350	-0.7531	0.8269	-0.0733	-0.2230	-1.6741	1.3398	-0.6775	0.0747	0.3508	-0.4734	1.3217	-0.6378	-1.0075	-0.4006	-1.3709	0.0786	-0.9636	1.1264	0.4216	-0.4155	-1.0066	-1.3919	-0.3429	0.9161	-1.4645	-0.1175	1.2212	0.2602	-0.4042
0.0994	-1.0079	-1.1648	0.4658	0.0807	-0.5556	-1.0406	0.2041	-0.2172	0.0215	0.5636	-0.2299	-0.2258	1.1103	-0.1585	-1.2308	2.1508	1.6927	0.2500	-0.5434	-0.1856	-0.5436	0.4399	-0.2588	-1.1468	-1.0536	0.9492	0.5855	0.3197	0.0345	0.5673	-0.3795	-0.1612	-0.7483	-0.7119	1.1301	-0.4481	0.2400	-0.5446	-0.4854	-0.1759	-1.1771	-0.5103	-0.0734	-0.1209	-0.9976	-0.1228	-0.7900	-0.9032
-0.4993	-0.3665	-0.4239	-0.2659	0.0783	-0.7961	-0.1531	0.0379	-0.4694	-0.6394	0.4376	0.0581	-1.2847	1.0366	-0.3662	-1.1930	1.4793	0.6490	0.2414	-0.9478	-0.9708	-0.4960	-0.3966	-0.7643	-0.5078	-1.3329	-0.3189	-0.2675	-0.3612	-0.8223	0.4711	-0.1939	-0.2664	0.1985	-0.5947	0.2712	-0.4789	0.0415	0.1166	-0.2414	-0.2521	-1.7174	-0.8425	0.3258	-0.3562	-0.0702	0.0853	-0.2915	-0.3445
-0.7863	0.0425	0.2191	0.6448	-0.3119	-0.7469	-0.7094	0.4152	-0.2095	-1.1801	-0.4882	-0.3000	-0.5275	-0.2756	-0.4884	-0.5813	1.1810	-0.8132	-0.3244	-0.6501	0.0924	-0.5999	0.6141	-0.4485	-0.2977	-1.4281	-1.9708	-1.8547	-0.3529	-0.9722	0.5328	0.5847	-0.1843	-0.1723	-0.7906	-0.7512	-1.2502	0.3456	0.1986	-0.5773	-0.0881	-0.8184	-1.1945	-0.5182	-0.4809	-0.6559	-0.3992	-1.1320	-0.8611
-0.2018	0.1829	0.2248	0.0505	-0.4029	-0.7909	-0.3387	0.6344	-0.3826	-1.0162	0.0826	-0.9784	0.2138	-0.7915	0.3320	-0.2431	-0.6404	-1.7983	0.1827	-0.5236	-0.9358	-0.8970	0.2597	0.4238	-0.1341	-1.6540	-1.4894	-0.5220	0.0191	0.2596	0.4757	0.1811	-1.4207	0.6133	-1.6819	-0.2203	-1.2028	0.1952	-0.2236	-1.1827	-0.7538	-0.4682	-0.5595	-0.6591	-0.8325	-0.8073	-0.2164	-0.8686	-0.6499
-0.0158	0.5950	-0.5353	-0.2914	-0.5978	-0.9025	0.6725	0.5145	-0.2413	-1.1817	0.2435	-0.0988	-0.1294	-0.8763	0.2646	-0.0230	-1.3009	-0.3604	-0.1454	-0.0740	0.0761	-0.1542	0.1180	0.3730	-0.1856	0.1811	0.0089	-0.7224	0.8987	-0.5440	0.4408	-0.4596	1.6122	0.8442	-0.2040	0.9276	-0.7857	0.9265	-0.6616	-0.0137	-0.4137	-0.6485	-0.6961	1.7145	1.0950	-0.3756	0.2972	-0.1871	-0.1585
-0.0201	0.0783	-1.5129	-0.2611	-0.4235	0.9562	-0.6208	0.5634	0.3339	-0.6795	0.2167	-1.3139	0.1521	-0.8192	-1.2515	0.2589	-1.6090	0.2062	0.2765	0.6560	0.5021	-0.6843	-0.3157	0.3060	-0.3795	-0.0716	-0.0078	-1.3394	2.0901	0.2245	0.0989	-1.4170	1.1799	0.0510	1.3264	1.1690	0.4271	0.7826	-0.7597	-0.3147	-0.2597	0.0155	-0.6475	1.9609	1.1024	0.1185	-0.5460	-0.3099	-0.1333
-0.0403	-0.3850	-0.1970	-0.6729	-0.8219	0.5191	-0.6024	0.4857	0.0084	-0.7519	-0.1671	-2.3414	-0.2536	-0.4985	-2.0752	-0.0683	-0.7936	0.0211	0.7554	0.0815	1.1188	0.0344	-1.1200	-0.1076	-0.5392	-0.6591	-0.2856	-0.6735	1.7706	0.3751	-0.5509	-1.4495	-0.1119	0.1718	0.2929	1.1310	0.8848	0.1025	0.1983	-0.3936	-1.3170	0.5956	-1.1346	0.4068	0.5556	-0.1013	-0.6845	0.3834	0.3306
-0.9228	-0.0602	-0.3420	-0.0220	-1.6157	0.7963	-0.5110	0.5379	0.1296	-0.5067	-0.4703	-1.9151	-0.1533	-0.4167	-2.1116	-0.1317	0.2827	-0.4855	0.1095	-0.3748	2.2171	0.1371	-0.4827	-0.6169	-0.5116	-0.9468	0.0901	-0.5907	0.4851	0.6534	-0.6943	-1.2935	0.0078	0.1552	-0.4361	0.3059	0.3970	-0.3849	0.0210	-0.5258	-0.8888	1.1541	-1.1007	-0.3592	1.3419	-0.6025	-0.5720	0.2997	0.3348
-1.7719	0.1352	-0.1810	-0.5933	-0.9340	-0.6119	-1.0678	0.4185	-0.0223	-0.6199	-1.3202	-1.7471	-0.3778	-0.1648	-1.2793	-0.7797	-0.4855	-1.2088	-0.0037	-0.6724	1.2092	-0.0293	-0.3514	-0.0423	0.1121	-1.2536	0.4934	-0.6153	-0.9210	-0.1845	-0.7312	-0.4303	0.1405	-0.2616	-1.3505	-0.5371	0.1671	0.3036	0.3801	-1.2177	-0.1924	1.0663	-0.5244	-0.8657	1.0842	-0.0759	0.2700	0.7638	0.3251
-1.9390	0.4725	-0.4593	-0.5310	-0.5093	-0.6419	-0.5347	0.9927	-0.5031	-0.3649	-2.2845	-0.7446	-0.7120	-0.5755	-0.8598	-0.4057	-0.2870	-1.0447	-0.9538	-1.0158	1.1370	0.3376	0.0047	0.3108	0.4749	-0.7276	-0.0529	-1.3759	-1.3842	-0.7802	-0.3026	-0.1625	0.7360	-1.8288	-1.0830	-0.3531	-1.2141	1.7625	1.4333	-0.8752	0.3608	0.9812	-0.7649	-0.6340	2.0281	-0.1331	0.8240	0.3624	0.4305
-0.8788	0.8109	-0.6006	-0.3969	-0.3564	-0.1635	-0.2716	0.9096	-0.2152	-0.4384	-0.3962	-1.2276	-0.6732	-0.6917	-0.9448	-0.7913	-0.4404	-1.1043	-0.4207	-0.8785	0.4689	0.0251	0.1513	0.5084	0.3123	-0.2597	-0.0874	-0.4979	-0.8124	0.2432	0.1365	-0.5922	-1.0438	-1.2231	-0.3269	0.1854	-0.6182	1.5511	1.9390	-1.1829	0.5804	0.1765	-0.0740	0.2503	1.3314	0.5110	0.3018	0.3132	0.6247
-0.9506	0.4878	0.0760	-0.4704	-1.0039	-0.5748	0.4485	0.5362	-0.6680	-0.3142	1.7651	-1.4478	-0.8458	-0.6588	-1.0445	-1.0269	-0.6639	-0.3563	0.1769	-0.2235	0.2634	0.4659	-0.0640	0.1710	-0.5749	1.1211	0.0088	0.3871	0.0670	0.1119	0.3147	-1.0341	-1.0140	0.0436	-0.2927	-0.2513	0.0479	1.1562	2.0510	-0.7862	-0.4853	-0.3803	0.5111	0.5067	0.7570	0.2581	0.7708	0.8250	0.8863
-0.4394	-0.4381	0.0154	-0.3819	-0.4989	-0.5243	-0.1563	0.4213	0.1260	-0.3227	1.1268	-0.6826	-0.4150	-0.5861	-0.5012	-0.6463	-1.1840	-0.2198	-0.0160	1.0608	0.7340	-0.5355	0.4347	0.6102	-1.2853	0.9918	0.4470	0.3692	0.5136	-0.0561	0.9484	-0.3438	-0.3782	0.3808	-0.1215	-0.7586	0.0989	-0.2589	-0.0373	-0.5707	-0.9330	0.0353	0.7561	-0.1148	-0.1666	-0.8369	0.6790	0.2854	0.4942
-0.2384	-1.9313	0.1026	-0.4777	0.2518	0.1768	0.5311	0.6283	0.0012	-0.9667	-1.1134	-0.0617	-0.4707	0.4433	-0.7409	-0.4810	-0.8077	0.4657	0.6552	1.2722	1.3526	0.6967	0.0026	0.8418	-0.8610	0.0265	-0.3635	-0.6852	0.3632	-1.0521	0.8262	-0.2217	0.2903	-0.1062	0.6650	-1.5027	-0.8534	-0.5026	-0.3501	-0.5435	-1.5588	1.2747	-0.2708	-0.5421	-1.0200	-0.9422	0.9746	0.9918	-0.0218
-1.2703	-2.8518	-0.0014	0.8232	0.0901	1.1989	-0.6313	0.4972	0.9207	-0.8829	-2.1053	-0.4211	-0.1874	0.5731	-1.4660	-0.3238	-0.2304	0.0625	0.7037	1.3754	1.7580	-0.4706	0.1864	0.3269	-0.4795	-1.4837	-0.5141	-0.3168	0.2065	-0.6940	0.2357	-0.8540	-0.3437	0.2016	1.7678	-0.8377	-0.6299	-1.3213	-0.8887	-0.3982	-1.6714	0.7177	-0.9110	-1.5617	-0.7021	-0.0264	0.1115	0.4102	-1.0002
-1.1994	-2.1448	0.6362	0.3206	0.0665	0.4282	0.1397	0.0002	1.0368	-1.2580	-2.6093	0.2670	-0.2424	0.7624	-1.1749	-0.3233	0.1565	0.6543	0.4524	0.6137	1.2266	-0.3672	-0.2877	0.2376	-0.3028	-1.6108	0.3458	-0.1636	-0.2052	-1.2925	0.0075	-0.4112	-0.5024	0.8824	0.6583	-0.9154	-1.8167	-1.1765	-0.4276	0.0734	-1.9265	-0.1006	-1.2163	-0.8776	-0.3064	0.6241	0.4301	0.6489	-0.4682
-0.6137	-1.0594	0.5736	0.2256	-0.3664	-0.0871	0.3977	0.1987	0.4886	-1.0924	-0.8547	0.3377	-0.6113	-0.0663	-1.2491	-0.3332	1.5007	0.2471	0.4263	1.6768	1.8047	-0.0520	-0.2478	-1.1321	-0.3039	-0.1325	0.7397	-0.5573	0.6851	-1.2822	-0.1962	-1.0895	-0.0287	1.3347	1.4162	-0.8282	-1.3956	0.7858	-0.4098	0.5728	-1.6792	0.6660	-1.0949	0.4078	-0.1767	0.6125	-0.3534	-0.1071	0.2432
-1.0650	-0.9709	0.0699	0.5036	0.4934	1.2802	0.0435	0.2489	0.7003	-0.7390	0.1110	1.0917	0.1942	-0.2645	-1.0615	-0.1928	0.6395	-0.8222	0.7103	1.7846	1.2474	-0.3945	-0.4883	-0.9321	-0.0807	-0.1856	0.6076	0.1333	0.8295	0.0258	-0.0240	-1.2944	-1.0509	1.1473	1.7085	-0.7550	-0.9970	0.8121	-0.1177	1.0283	-1.5301	0.8843	-0.7059	0.4135	-0.6351	0.0181	-0.7809	-1.3934	-0.5819
-3.8361	-0.3926	0.7964	0.4282	0.6390	1.3658	0.5076	0.4749	0.7887	-0.8914	0.2819	1.4045	0.5612	0.6311	-0.5808	-0.0262	0.0136	-3.3073	-0.7029	0.1125	-0.0047	-0.8798	-1.0632	-1.1416	0.3157	-0.5346	-0.2519	0.5199	1.0615	0.7929	-0.1884	-1.0868	-1.5328	1.4479	2.2706	-0.1962	-0.9992	1.2426	-0.2521	2.6489	-1.0710	0.6192	-0.5905	0.6487	-1.5557	0.3251	0.0203	-1.8362	-1.6839
-1.4056	-0.1197	1.2998	0.5033	0.8356	0.2357	-0.0934	0.7581	0.3367	0.0358	-0.8855	0.4396	0.6002	-0.3648	0.4893	0.1234	-0.8579	-0.5569	0.0859	-0.1515	-0.2398	-2.2098	0.0109	-0.9449	0.2368	-0.3631	0.1700	0.6004	1.9145	0.1615	-0.5646	-0.2136	-0.8872	1.1515	2.1030	0.1237	-0.8052	0.7253	-0.3933	1.2136	-0.6165	-0.3011	-0.5583	0.3837	-0.3732	0.4322	-0.4956	-1.7712	-1.2213
1.8251	1.1561	0.7987	0.5608	1.6818	-0.5501	1.0686	0.3531	0.9327	-0.1203	-0.8317	2.2830	0.8523	-0.3694	1.8711	0.1068	-1.2803	0.9369	-0.2179	-0.3052	1.0958	-0.0129	0.8876	-0.0875	0.9095	-0.6313	-0.4968	-0.5802	2.1808	-0.2290	-1.6861	1.0780	1.4486	0.6202	0.8856	-0.6113	-1.0415	0.4565	0.2039	1.5225	0.3846	1.2626	0.2904	0.9668	-0.3559	0.0115	0.6496	-0.6709	0.0470
1.1263	1.6095	2.3221	1.6324	1.5846	4.2002	0.4074	0.3343	4.5821	-0.5398	-1.6262	3.8725	2.6627	3.2696	1.1191	0.0167	4.0983	3.9441	-1.0621	0.6280	1.1714	4.5580	2.3820	0.9284	1.7733	-2.7422	2.5277	2.6574	0.4427	2.0651	-2.5850	1.1582	0.9405	0.1774	0.1962	0.7504	1.5230	-3.3848	-0.4022	2.8237	-0.7246	2.7222	-1.2184	-0.4804	-0.0983	-3.8310	1.8533	-1.9079	-0.0325
2.4297	0.7279	-1.0558	0.6118	2.2661	1.5812	1.4675	-0.2987	3.7040	2.7210	0.9734	3.5626	0.4450	2.0710	0.3199	1.1949	0.5905	2.0434	-2.9950	2.4318	-2.0466	1.2827	3.1155	3.3923	1.6770	-0.7019	1.6562	0.8243	-0.2742	1.8189	-3.2610	0.8258	1.3964	0.0331	-0.3843	-0.3933	-0.6863	-2.2004	-0.7872	2.6530	-1.1877	-0.7899	1.6241	-1.4744	-0.7860	-2.8260	1.3145	-2.0938	1.2122
1.2228	1.2571	-2.0151	0.3674	0.8429	0.1360	0.7673	-0.4423	3.0834	1.0722	-0.5364	1.4467	-1.1150	0.7940	-0.6050	2.6479	-0.5485	2.2508	-2.8276	-0.9182	-1.5468	1.1207	1.7547	2.9749	3.1207	-2.2439	1.5608	0.4294	-0.4788	2.1143	-3.8493	-0.9758	0.9278	-1.4405	0.3913	-0.8856	-1.2924	-3.3155	-0.5975	2.2409	-0.0730	0.0752	2.5474	-1.3551	-0.2266	-3.1597	1.0628	-2.9504	0.7189
0.7423	2.2930	-2.2894	0.6155	0.7411	0.9362	1.0641	-1.0015	2.5644	2.2331	0.4328	1.9553	-0.9475	1.0715	-0.1534	2.7765	-1.1149	0.7729	-3.5487	-1.7287	-1.4845	1.0017	0.9082	3.5746	2.6944	-1.3764	0.4397	0.6884	-0.5466	2.9083	-3.2548	-1.6882	-0.2814	-0.6704	0.2399	-0.7568	-1.1734	-2.3087	-0.9077	1.5095	0.3189	0.1408	2.2217	-0.7969	-0.5446	-2.1059	1.6384	-2.6969	0.4858
1.8340	1.8881	-1.9109	1.0600	1.2815	4.1486	2.9903	-0.3560	2.7659	1.9042	-0.8581	2.5701	-0.0220	0.5569	1.7364	2.9361	-1.6017	-0.4916	-2.5297	-0.7159	-1.6027	2.2572	0.3568	2.6915	2.6943	-2.1554	-0.6821	0.6626	-1.2955	2.6929	-2.2078	-0.7146	-0.3010	-2.0075	0.4073	-0.3589	-0.9160	-2.6851	-1.6210	0.8814	0.5610	0.4739	0.6268	-0.0108	0.0979	-1.4137	2.1419	-0.4590	-0.1160
2.8610	1.6790	-0.2676	-0.2087	3.1770	0.9772	1.0510	-1.2831	1.0218	1.9501	0.6891	-0.3594	0.0728	-0.5240	2.3449	1.7463	-1.1067	0.7227	-0.6837	2.3832	-0.5368	1.7687	0.3778	-0.5936	2.1496	1.7936	-2.2844	0.9303	-0.8956	0.1176	0.7393	2.7471	1.3541	-2.1792	-0.8770	1.4572	1.9197	1.1993	0.1994	-2.4450	2.3421	0.7863	-0.6180	0.6313	1.1289	2.2882	-1.3497	1.2241	-0.8405
1.0184	1.3055	-0.2588	-0.3976	0.8567	1.0662	0.5921	-0.9136	-0.2482	1.6575	0.6881	-0.2521	0.0582	-0.1872	1.3295	2.2387	-1.6208	0.2564	-0.6353	-0.1997	-0.8460	1.3548	-0.6443	0.1455	2.3303	1.3163	-0.9591	0.8983	-1.6452	0.6614	0.9833	1.5774	-0.1645	-2.3608	-1.7877	1.9772	1.5362	0.7499	1.2201	-2.3996	2.6980	0.5983	1.4528	-0.5636	1.6156	1.2207	-1.0462	1.6567	-0.4149
0.8466	0.9947	0.4938	-0.3491	1.0915	0.5587	2.2618	-1.0326	1.7806	2.2213	0.1260	-0.5885	-0.4553	-1.0120	1.9036	1.6350	1.1726	3.8967	2.9412	2.6514	-1.2299	1.8266	-0.8153	-0.5335	2.0034	1.1853	0.0897	3.2013	-0.5473	-0.3495	-0.0438	2.2471	-1.8863	-0.7932	-0.4073	1.4829	0.9751	1.4652	3.2280	-2.2427	2.9308	-0.1118	1.4187	-0.7495	0.1891	1.5943	-1.2237	1.6603	-0.1705
-0.2453	0.0355	0.1643	-0.5093	1.4698	-0.9289	-1.6984	-0.5061	-1.7309	2.0572	2.0956	-1.4907	-0.2878	-2.0707	1.5561	2.3440	-1.4686	1.7051	1.0386	1.5746	0.0987	-0.7367	-0.1841	0.1928	0.5424	2.4683	-0.9548	2.2363	-0.7157	1.5286	-0.3706	0.6900	-0.3691	1.6971	-0.3766	0.5640	2.6643	0.7056	1.9463	-0.3286	1.2211	0.3864	0.9993	-0.2415	1.7235	1.7819	-0.2383	0.8396	0.4376
0.1870	-0.7613	1.7398	-0.7051	0.6226	-1.3740	-1.1831	-0.3653	-2.3924	1.5598	1.7658	-0.1132	-0.3435	-0.9018	1.2586	1.6777	-1.0383	0.5686	-0.2662	-0.5752	-0.1725	-0.9011	-0.1709	0.2181	-0.2273	1.3647	-0.4235	0.6509	-1.4275	0.6414	-0.6206	1.1513	1.1769	1.2534	-0.8160	0.6435	1.4820	-0.4706	0.7153	0.2498	0.1342	1.5783	0.9313	-0.4611	0.8213	0.7135	-0.1250	0.8605	0.2255
1.0041	-0.2007	1.7587	-0.9985	-0.3659	-1.9759	-0.2182	-0.7154	-2.7248	0.4216	1.8357	-1.0979	-1.2559	0.0515	-0.2056	0.2813	-0.1183	0.1974	0.0640	-0.6986	-0.4310	-0.5847	-0.9963	0.2905	-0.3496	0.4789	-1.2456	0.5477	-0.8438	-0.4868	-0.9432	1.4076	0.0993	-0.6616	-0.1016	1.2159	1.9016	0.4003	0.2066	-1.2151	-0.0945	1.5437	-0.2342	-0.6939	-0.4333	-0.7232	-1.3090	0.0602	-0.2572
0.0307	0.1748	0.8703	-1.3934	-0.5200	-2.4424	0.0491	-0.6574	-1.9728	-0.1681	0.8593	-1.2944	-0.8587	0.5718	-0.3587	-1.0777	-0.3763	-0.0559	-0.2619	-1.4189	-1.0283	-0.1055	-0.1446	0.4259	0.3530	-0.3954	0.6492	0.6274	-1.3813	-1.3670	-0.3342	2.2076	0.8839	-1.6121	-0.3128	1.5920	0.3810	-1.5410	-1.6756	-1.4248	0.8700	-0.3028	-0.7443	0.5551	1.4921	-0.8638	-1.1280	-0.7943	-0.3210
0.7624	0.1421	0.2355	-1.3820	-0.0626	-1.7460	-0.3533	-0.0919	-1.1772	0.0814	0.9959	-1.4361	-0.4734	-0.4352	-0.3853	-0.2012	-0.9513	-0.3744	0.6195	0.4018	-1.3547	-0.4574	0.2964	0.7574	-0.2979	0.7003	0.1872	1.1298	-1.2564	-1.0771	0.2724	1.1532	-0.6853	-0.5326	-0.5662	0.7787	0.6878	-0.6792	-1.6044	-0.4423	0.6393	-0.9981	-0.2765	-0.4956	0.2360	0.5522	-0.4738	0.0414	0.1884
0.3359	0.1500	-0.1317	0.2544	0.5978	0.4203	0.6333	-0.1187	-1.2186	0.0552	-0.4506	-0.7494	1.0336	0.0855	0.4828	1.6724	0.2221	-0.1888	0.5091	0.0565	0.7062	1.4281	0.2592	1.9269	-0.2465	1.7734	-1.3338	0.0288	-0.1125	-0.2480	1.0215	0.8883	1.5110	-0.6925	0.7886	0.0186	-0.4651	0.8317	-1.2042	-1.1958	0.2058	1.3847	-1.9350	-0.1990	-0.2135	0.3838	-0.7453	0.9267	0.6443
0.3263	-0.5841	-0.3531	0.8112	1.1301	0.3192	0.0403	-0.1633	-0.7631	0.1722	0.2149	-0.2080	0.2935	0.1739	0.4185	1.9480	0.7591	-0.3920	0.9972	-0.1554	1.1666	0.6803	-0.1043	0.5791	-0.4733	1.6194	-0.1725	0.8030	0.7595	-0.0117	1.1217	0.0405	1.0771	0.1677	1.1734	1.0205	0.0857	1.1177	-1.1723	0.1471	0.8472	0.5743	-1.0670	0.5839	-0.1190	0.5462	-1.4094	-0.2504	-0.2531
-0.3615	-0.5606	-0.1735	0.9603	0.7731	0.5029	0.0203	-0.0120	-0.3877	-0.1966	0.1047	0.8834	-0.0545	0.6847	0.8634	1.6828	0.1998	-0.4335	1.3505	-1.1341	1.0894	1.5466	-0.1672	-0.4515	0.2213	1.5201	0.0480	-0.1745	1.0777	-0.1462	0.6325	0.0400	2.6629	0.2201	1.2822	0.7319	0.3809	0.4246	-0.3671	1.3890	0.1426	0.6989	-0.7965	0.9980	0.1420	-0.3119	-0.3469	0.5677	-0.5557
0.5796	-0.5701	-0.2008	-0.0367	-0.1541	-0.1485	-0.4733	-0.2073	-0.2219	-0.2175	1.2820	0.1475	-0.4704	0.2590	0.0309	0.3729	-0.1782	-0.5972	1.8523	0.1997	0.9837	0.0403	-0.8796	-1.1907	0.1968	2.1231	0.2707	0.5669	1.8077	0.0231	0.4079	-0.4529	0.8352	0.3373	0.9240	0.6962	1.3771	0.7900	0.0410	0.3016	-0.4493	-0.4439	0.3108	0.3400	0.0042	0.2003	0.2325	-0.2205	-0.5843
0.3937	-0.7250	-0.3246	0.2329	-1.7041	0.2366	-0.0762	-0.3143	-0.2137	-0.1371	1.0464	0.5785	0.0056	-0.3271	0.3387	-0.3658	-1.2017	-1.1050	1.1896	-1.2886	0.5492	-1.4319	-0.9530	-0.4500	-0.7559	0.6932	-0.8599	0.0175	1.8132	-0.0716	1.3940	-0.5338	-0.6633	-0.0728	0.4589	0.0119	1.2623	1.1245	0.2672	1.4521	-0.3845	-1.9194	0.4214	-0.1397	-0.1353	-0.0316	0.5540	-0.3915	-0.9423
0.8990	-0.5046	0.3142	0.1830	-1.1934	-0.3059	-0.6725	-0.0680	-0.1074	-0.5517	0.3547	0.2262	0.0756	-0.2800	0.7863	-1.1763	-0.3100	-0.9670	1.5982	-0.8081	-0.2732	-2.2491	-0.0204	-0.5772	-1.4384	0.8794	-1.0389	-1.1245	2.1568	-0.7722	1.1839	-0.6489	-0.6360	0.6953	0.6809	-0.8624	1.5577	0.6706	0.0512	0.4440	-0.6807	-2.0453	-0.3657	0.8604	-1.3265	0.6836	0.5212	-0.5378	-0.8438
0.3608	-0.1337	0.8529	1.1125	-2.1130	-0.1250	-0.1269	0.0099	-0.4012	-1.1987	-0.8801	-0.1642	0.8328	0.4553	0.2574	-0.8677	0.5296	-1.0489	1.6784	-1.0126	1.0079	-1.0082	-0.7149	0.7115	-1.3478	0.1436	-0.6186	-1.7844	2.6936	-0.3519	1.1006	-1.3725	0.0192	0.6890	0.9785	-1.9141	1.6216	0.7220	-0.1878	0.7209	-0.9740	-0.0843	-1.5431	1.3846	-0.9544	0.5528	-0.3549	0.3636	0.0036
-0.2057	-0.1411	0.3454	0.9778	-1.1023	-0.3676	-1.2167	0.0088	0.1432	-1.4146	-1.7008	-0.3123	0.4694	1.2017	-0.4164	-1.5220	0.2562	-0.8330	1.7914	0.0880	0.2680	-0.9498	-0.9893	-0.0390	-1.5388	-0.2901	-0.4865	-1.9267	2.4650	-1.5263	1.2751	-0.8004	-0.1462	0.8268	0.0897	-1.9873	0.8326	0.8563	-0.5907	0.6621	-0.0848	-0.9935	-0.7154	1.3822	-0.6442	0.6948	-0.4688	0.7713	0.8234
-0.8526	-0.0704	1.2219	1.7997	-1.6076	1.6112	-0.3346	-0.0205	-0.6405	-1.0570	-1.4114	-0.2737	0.9261	1.1801	-0.6658	-0.6669	1.0405	-0.4598	0.9725	0.2074	0.1520	0.1640	-1.2320	-1.5434	-1.8616	0.5150	-0.1673	-1.3583	1.3339	-1.0987	0.8122	0.9395	0.1597	0.0605	-0.3907	-1.7469	-0.7768	0.3501	-0.9526	0.8351	0.0696	-1.4936	-0.3069	0.5100	-0.5339	0.6537	-0.7482	0.6648	1.4670
0.2677	-0.1654	1.8169	1.0146	-0.7671	0.0438	-0.2136	-0.1971	-0.5537	-0.7144	-0.8203	0.2517	0.3762	1.2678	-0.1640	-0.9956	0.4674	0.6137	0.7806	0.5106	-0.0707	0.0510	-0.7517	-0.7035	-1.9620	0.9519	1.1437	-0.9813	0.6293	-1.7140	1.9192	0.2045	-0.8223	0.7658	-0.6345	-1.3513	-1.1670	-0.3041	-1.1911	0.6900	-0.0761	-2.2226	0.0898	0.5252	-0.3075	-0.0574	-0.3302	0.6157	0.7615
0.1303	-0.0603	1.6122	0.7516	-0.2668	-0.1515	-0.0977	-0.0221	-0.1724	-0.6804	-1.1603	1.2616	0.4782	1.4700	0.3185	-1.1051	0.9101	1.1193	0.1537	0.2160	0.2736	0.5020	-0.2324	-0.4394	-1.5823	0.1423	1.0582	-0.7173	0.4497	-1.1530	2.3367	0.5789	0.0333	0.9190	-1.3926	-1.4259	-0.7339	-0.7356	-0.6211	0.8759	-0.3986	-1.1500	-0.0884	0.1034	-0.7823	-0.6334	0.2097	1.3241	1.1359
0.7416	-0.0345	1.3773	0.3890	0.0015	-0.8116	-0.1294	-0.3173	-0.4169	0.1919	-0.3583	0.2065	-0.1367	0.5118	0.1928	-1.2945	1.2355	1.8626	-0.0056	0.7946	-0.7339	0.2206	0.0263	-0.0591	-1.5665	-0.3078	1.5192	-0.5146	-0.8381	-1.4474	1.2023	1.0092	0.1884	1.0014	-1.1207	-1.0021	-0.3693	-0.8077	-0.5147	0.6678	-0.0105	-0.7461	0.2630	-0.0644	-1.2935	-0.1800	-0.5337	1.4109	0.4159
-0.1131	-0.1943	0.1578	0.5789	-0.7511	0.3114	-0.4186	0.0120	-1.1331	-0.0356	-0.2437	-1.0392	0.8505	-1.0762	-0.1158	-0.4615	0.1264	0.0329	-0.1649	-0.4189	-0.1687	-0.0209	-0.2237	0.3071	-1.7256	-0.5740	-0.5273	-0.6774	-1.4423	0.7950	-0.0725	0.9259	-0.7275	-0.1418	-1.4537	-0.6726	-0.2864	-1.4085	-0.9375	-0.2942	-0.1061	0.2087	0.1542	-1.2941	-0.7576	-0.5022	-1.0297	0.2497	-0.4493
-0.1982	-0.8811	-0.0228	-0.2428	-0.1781	-1.1100	-0.7808	0.0252	-0.8212	-0.5385	-1.2008	-1.9550	0.5738	-2.1807	-0.0691	-1.2174	-0.7555	-0.6047	0.1550	-0.4862	-0.6156	-0.1727	-0.0318	0.4566	-1.3180	-1.7572	-1.1017	-0.7180	-1.2536	-0.2557	-1.2826	1.0409	-1.5135	-0.3040	-1.3577	-0.2145	-0.4002	-0.7973	-1.6509	-1.2941	0.0190	0.1784	-0.2358	-1.5693	-0.8464	0.0576	-1.3348	-0.4676	-1.0019
-1.0967	-0.2958	-0.3853	-1.1769	-1.3539	-1.1086	-0.3816	0.0062	-0.9535	-1.5115	-0.1799	-2.2346	0.0915	-1.9644	-1.3309	-1.5194	-0.9245	0.1321	0.1703	-0.0740	-0.2682	0.5585	-0.5030	-0.9742	-0.4368	-1.2304	-1.3827	-1.2104	-0.9093	-1.1872	-1.2351	0.0142	-1.0510	0.1966	-0.1409	-0.6446	0.7224	0.4026	-1.4748	-1.1278	-0.4154	0.5188	-0.1577	-2.0848	-0.4876	0.0476	-1.4018	0.2113	0.3133
-0.4463	-0.2646	-0.6605	-1.1255	-0.4379	0.1301	-0.7234	0.0428	-0.0286	-1.7572	-0.4596	-1.8929	0.1533	-1.3870	-1.6814	-0.8498	-1.0670	0.4546	0.6315	1.1638	-1.0311	-0.6371	-0.3407	-1.3080	-0.2297	-0.6639	0.3378	-0.7392	-1.2600	-0.7482	-1.3507	-0.3768	-1.4261	0.8054	0.1667	-1.0134	-0.4050	-0.6157	-2.1015	-0.8168	-0.5095	0.5602	-0.1601	-0.8263	-0.3892	0.4789	-1.0458	0.2479	-0.0045
-0.4899	-0.0874	-0.8605	-1.0560	-0.4055	0.1972	0.7099	0.5921	0.4300	-0.6653	-0.0451	-0.6148	-0.2784	-0.6873	-0.7973	-1.1666	-0.7861	0.5175	0.5244	1.2395	-1.5106	-0.2413	-0.2889	-1.1664	-0.4123	-0.0694	1.0687	-0.4731	-1.2566	-0.6705	-0.8497	-0.1665	-1.3160	0.9528	0.1878	-1.4620	-1.8689	0.3637	-0.8111	-0.0989	-0.4998	0.5435	-0.4349	0.0788	-0.7946	1.6540	-0.4549	1.5080	0.4658
-0.4635	-0.3187	-1.3498	-0.5580	-0.2263	0.6641	-0.6166	0.1343	0.7517	-1.0053	0.0530	0.4764	-0.5356	-0.4993	-0.6383	-0.9656	0.1934	-0.4148	0.3027	0.5003	0.1985	-1.2027	-0.1312	-1.4322	-0.6185	0.1059	0.4023	-0.7112	-0.3697	0.5947	-0.4056	-0.2221	0.1302	-0.4399	0.6855	-1.3298	-0.5035	1.0032	-0.8679	0.3678	-0.4883	1.0781	-0.9740	0.1122	-1.0857	1.1910	-1.0562	0.9482	-0.0471
-0.5435	-0.8511	-0.0098	-0.4552	0.1719	-1.0558	-0.1316	0.0209	0.1493	-1.4677	-0.5324	0.8150	-1.1165	-0.3727	-0.4070	-1.3701	0.6355	0.4829	0.9107	-0.8711	-0.4584	-0.7873	-0.0664	-1.6068	-0.3815	-0.2482	0.1754	-0.4316	-0.9192	-0.1027	0.3691	-0.4516	-0.4397	-0.6901	1.1433	-0.7673	-1.1012	0.5581	0.0080	0.6018	-1.0495	0.0489	-1.4038	-0.4900	-1.1769	0.7377	-0.4867	1.1746	-0.7089
-0.0115	-0.6357	-0.0426	-0.3521	0.3213	-0.5813	-0.8007	0.2292	0.1846	-0.6286	-0.3998	0.1405	-0.3941	-0.5831	-0.2859	-0.7520	-0.2267	-0.6325	0.7526	-0.3005	-0.6841	-1.4944	0.2807	-1.1316	-0.4935	-0.2760	-0.0905	-0.0431	-0.4018	0.7699	0.6504	-1.0201	-1.7191	0.2396	0.9647	-0.2017	-0.4326	-0.8722	-0.1078	0.2837	-0.9630	-0.8651	-0.8393	-0.9206	-1.4491	0.2990	0.5943	0.4695	-0.9345
-0.3918	-0.7640	-0.2334	-0.3406	0.5798	-0.2891	-0.8088	0.3887	-0.0559	-0.9081	-1.8827	0.8347	-0.3551	-0.6053	0.2726	-0.5690	-1.1048	-0.9965	-0.1493	-1.9021	-0.7336	-1.2023	0.0895	-1.1933	0.1446	-0.4368	0.2070	-0.7164	-0.7781	-0.7147	0.0561	-0.2517	0.2401	0.0490	-0.1678	-0.6649	-0.9848	-0.9939	0.3451	1.2923	-0.4302	-0.8301	0.3133	-0.1510	-1.1604	-0.2134	0.4975	0.6691	-0.4460
0.6117	-0.0159	-0.2545	-0.7764	0.1590	-0.1861	-0.7727	0.3204	-0.5987	-1.0788	-0.1967	-0.4251	-0.3369	-1.1510	-0.9928	-0.1544	-0.9607	-1.1049	-1.0130	-1.4043	-0.0541	-1.7457	-0.1457	-1.7240	0.7924	-0.1891	-0.5850	0.3290	-0.2739	-0.6007	-1.2988	-1.0030	-0.3352	-0.8709	-0.1165	-0.1651	-0.2754	0.2247	1.1060	0.4431	-0.2822	-0.8530	1.0221	0.2492	-0.5583	-0.1175	-0.3600	-1.0983	0.5320
-0.0473	0.9304	-0.3365	-1.3475	-0.1373	-1.1689	-0.3370	0.3888	-0.9077	-0.2127	0.2746	-0.3991	-0.5691	-0.8123	-0.9198	-0.6880	-0.6041	-0.6593	-1.4771	-1.2485	-0.6671	-1.0808	0.3560	-0.9084	1.9695	-0.2328	0.0876	-0.0148	-0.9201	-0.9202	-1.7094	-0.6666	-0.0299	-0.8528	0.0859	0.4201	-0.2690	1.4738	2.1728	-0.2522	0.4213	-0.6050	1.1546	0.2853	0.6430	0.3133	0.3513	-0.0991	1.3494
-0.6162	1.3742	-0.6659	-1.5568	0.0100	-0.6864	-0.1272	0.5534	-0.4347	0.9428	0.8196	-0.4756	-0.6331	-0.7749	-0.5344	-0.9534	0.9561	-0.1407	-1.3202	-0.0759	-0.7714	-0.2497	0.8230	-0.3010	1.8972	0.7916	0.7856	-0.2721	-1.8565	-0.8523	-1.1418	-0.2566	0.7589	-0.0646	1.3000	1.0944	-0.2216	0.5102	1.9237	-0.5566	1.5339	-0.7430	1.5606	-0.0891	1.2591	1.3697	0.5167	0.2463	1.6522
-1.7162	1.1705	-1.3849	-1.1044	-1.0976	0.5936	0.6760	0.4360	-0.3046	0.4841	0.9703	-0.3297	-0.2350	-0.2514	-0.9387	-0.5552	1.8975	-0.5816	-1.0594	0.0990	0.9959	1.4806	-0.4553	-0.0010	2.2368	1.2628	0.4578	-0.7981	-1.1558	0.7374	-0.3321	-0.8501	1.3058	-0.4270	1.9286	1.6018	0.1740	0.7094	2.9134	-0.6263	1.6386	0.7775	2.0106	-1.5893	1.9219	1.0932	0.3817	0.6033	2.1776
-1.0463	0.1597	-2.2829	-1.1855	0.4643	0.0932	-0.0260	0.2744	-0.0572	0.7901	-0.4531	0.0236	-0.4909	0.1041	-0.1517	-0.8709	1.9013	-0.5104	-0.6033	0.5087	1.1015	1.2532	-0.1941	0.7360	1.6824	0.5980	0.3447	-1.2109	-0.8269	0.2575	-0.0338	0.1036	1.6219	0.1336	0.6089	1.3114	-0.3809	0.5777	3.1359	-0.1986	1.9455	0.5572	1.8234	-0.3056	2.1811	1.2033	0.5716	0.2859	2.5409
-0.9608	0.3106	0.0216	-0.0895	-1.1325	0.4327	0.2605	-0.0964	-0.4483	0.8136	0.5010	-0.0249	-0.1798	0.7967	-0.2397	-0.0472	2.0136	-0.2207	-0.3871	-0.1764	1.8936	2.1233	-1.0761	-0.7561	1.2912	-0.6164	0.1257	-0.6739	-0.4383	0.2696	0.5456	-0.4134	1.1460	-0.3114	-0.5826	1.1771	0.6607	0.7063	2.5733	-0.2242	1.9868	0.1048	2.7190	-0.3988	2.0598	-0.3371	0.2652	-0.9712	3.1159
-0.0583	0.5908	1.4646	0.4606	-0.0689	-0.1322	-0.1608	0.3599	-0.2786	0.9473	0.7074	0.4243	0.6274	0.6079	0.5117	1.1298	1.2116	-0.5000	-0.1787	-0.0910	0.2977	0.6041	-0.4486	-1.4780	0.3845	-0.1890	0.7088	-0.4999	-0.4953	-0.0424	0.7333	0.0720	-0.1887	1.0361	-1.2410	0.6784	-0.2281	-0.1322	1.2915	-1.5449	1.7879	-1.5465	3.1033	1.7858	1.8392	-0.3033	0.6992	-1.3664	2.7858
0.3237	1.2131	2.5110	1.1205	-0.4449	-0.2818	0.4198	3.1478	-0.3929	-0.0134	0.7166	0.9603	0.3207	-0.4484	1.7253	1.5241	0.6224	-1.2204	-1.0139	-0.3671	-0.1712	-0.0793	0.2656	-1.2377	-0.5108	0.0592	1.2981	-0.1596	-0.0551	0.6630	1.6602	0.1990	-0.8831	1.8333	0.1098	0.5839	0.4835	-0.5128	1.6892	-0.6984	0.9027	-1.1781	1.5140	1.3060	0.6784	0.1690	0.4134	-0.0690	1.2026
0.0255	0.9946	2.3758	0.9388	-0.3816	-1.5733	-0.1208	-0.2117	0.4171	-0.0187	1.1947	0.7402	-0.1811	0.0035	1.6801	0.5438	0.5075	-0.4856	0.2225	-0.2237	-0.8933	-0.5906	-0.3333	-0.3322	-1.2508	-0.1466	0.5785	-0.1995	0.1869	-0.2520	1.4880	0.7591	-0.2808	1.2363	-0.4254	0.6036	1.5832	0.2787	1.1644	-0.0890	1.1228	-0.9543	0.9749	0.3162	0.1566	0.4834	-0.1833	-0.1729	-0.6262
0.1278	0.4457	0.7709	0.7428	-0.6366	-0.8147	0.2811	1.8113	0.7332	1.0645	0.6127	1.0752	-0.3110	-0.3255	0.0106	0.2873	0.4502	-1.0218	0.1776	-0.2394	-0.1555	-0.7484	-0.2905	0.1025	-1.4160	0.6838	0.5619	1.4085	0.3058	0.7042	0.9148	-0.2906	-0.6029	0.2542	0.0624	1.1089	0.7197	-0.1822	0.8487	0.0363	-0.0109	-0.4484	-0.2381	0.5746	0.4358	-0.2390	0.7960	-0.9545	-1.0794
1.1182	0.1120	-0.6163	0.1429	-0.1131	-1.4618	-0.0635	1.1908	0.6401	0.9778	0.4296	0.3165	-0.3973	-0.8861	0.2033	-0.3793	-0.4860	-0.0247	-0.1310	0.2512	0.4083	-1.3392	-0.0437	0.6013	-1.2520	0.4251	-0.6626	1.0530	0.3513	0.2100	0.7991	0.3570	-0.5014	-0.6312	-0.8168	1.2770	0.2602	0.4479	0.7683	-0.1874	0.0007	-0.7300	-0.7923	0.0947	-0.3724	-0.3365	0.4855	-1.0798	-1.4666
0.3349	0.2135	-0.4540	0.6593	0.3441	-0.3466	-0.4358	1.1331	0.0259	-0.2061	-0.5999	0.1344	-0.2314	-0.9057	0.6998	-0.1479	-0.2934	0.5863	-0.7254	-0.8796	0.6718	-0.7368	-0.1261	0.3530	-0.7026	-0.8356	-0.9396	0.8096	0.1065	0.1951	0.7476	0.4589	0.3026	-0.5949	-1.4228	1.3491	0.3329	-0.5334	0.0862	-0.1314	0.1552	-0.4722	-0.7549	0.6029	0.3053	-0.5588	0.6777	-0.8415	-2.1046
-1.3503	0.7654	-0.3787	-0.1187	0.1381	0.2977	-0.4137	1.1254	-1.0368	-0.1588	0.3807	-0.7538	0.1479	0.3240	0.3924	-0.2362	-0.3265	-0.8849	-1.0899	-1.0552	-0.2527	-0.4206	0.2271	-0.1066	-0.4277	-0.3308	0.1691	1.7832	-1.0637	0.9786	1.2528	0.1465	-0.4454	0.5445	-1.1862	0.9063	0.3446	-0.5209	-0.1101	0.0700	1.1184	-0.9767	0.0585	0.5307	0.2313	0.5810	0.7296	0.2355	-2.3739
-0.3485	1.7541	0.6035	-0.2726	-0.8340	0.4466	0.1020	0.2756	-1.2410	0.8116	0.8700	-0.0259	1.1255	1.2509	0.2863	-1.1526	0.6434	-0.0172	-1.5875	-0.5558	-0.2324	0.5137	0.6648	-1.4368	-0.1312	-0.9868	0.8284	0.7656	-0.4783	0.2974	-0.2842	-0.3943	0.4920	-0.9823	-0.8052	0.6847	0.1560	1.0024	0.5131	-1.5670	1.1864	0.0048	-0.0526	0.3237	0.3842	0.1341	1.0751	0.3170	-0.4925
1.3955	1.9329	-0.2796	0.0625	0.0523	-0.8773	-0.8862	-4.1558	0.2432	2.0309	1.4179	-0.8582	1.8373	0.8822	0.4752	-0.8486	1.1208	-0.6230	-0.7612	0.1294	-0.7249	-0.2557	4.7058	1.9400	0.1949	0.2808	0.9256	1.2300	0.8028	0.0430	-1.2220	-1.0091	0.0023	0.1784	-0.6765	0.7100	-0.4665	-1.1807	1.4498	-1.3400	0.0507	0.8315	0.1285	1.9468	1.6247	-1.8267	2.6676	1.6351	0.8753
0.3765	0.8653	-0.8918	1.6678	0.2320	2.4087	-1.6442	-0.2624	-0.1342	-0.9872	0.3512	-0.9795	1.2241	0.2639	-0.3507	1.4717	0.3331	0.2901	-0.2826	-0.3243	0.9857	0.1968	1.8898	-1.0966	1.0524	0.3005	-0.3552	2.0720	0.9128	1.9000	-0.4880	-1.2626	2.1835	-1.6735	1.0703	0.4721	1.5183	-1.1068	-0.6913	-0.3421	0.6203	1.5082	-0.0563	1.0097	1.8533	-1.6729	0.0316	0.9641	0.8904
-0.4121	0.1461	-1.4979	1.9852	-1.4032	2.1476	-2.1555	-0.6277	1.5826	0.8476	1.1559	-1.2452	1.7768	1.4328	-0.9433	0.5642	1.2808	-1.2732	-1.2945	-0.4630	1.0265	-0.9792	1.5799	-0.6178	-0.1846	-0.6947	1.1442	2.3943	0.7746	2.6325	0.7146	-0.9452	2.0586	-1.5829	0.6240	1.0044	0.5017	-0.6129	-1.6113	-0.1438	0.6224	0.9764	-0.4365	1.0560	1.5265	-1.4370	-1.0410	0.6132	-0.1425
-1.0165	1.4594	-1.7088	1.3730	-0.0777	-0.0227	3.3603	0.9717	2.1654	2.7043	2.1652	2.9884	0.1134	2.4608	2.0819	0.6584	-0.4609	-3.0862	-4.1026	0.6422	1.3955	-0.1181	0.0942	2.0640	-0.1156	2.7088	1.9426	1.6537	1.9557	3.0786	1.9025	-0.4868	0.9310	0.1437	0.9900	1.2806	-0.5790	-0.3148	-0.2420	0.8522	-0.8360	1.7496	-1.5784	1.3752	0.9884	0.3761	1.8880	0.6185	0.0541
-1.8172	-1.1029	-0.1779	1.0582	-1.7135	0.1133	2.1685	-3.3408	0.9123	-0.5101	-0.0091	0.5000	1.7562	3.7205	1.4729	-0.6069	-1.2794	0.4296	-0.9361	-0.4383	-1.5208	0.4775	-2.1502	3.3486	0.2554	-1.4784	1.3301	-0.1041	-0.7394	2.6849	0.5656	0.6355	-0.3233	-0.7436	-2.6008	1.7259	0.1851	-2.9005	-0.1028	0.1155	-1.4077	1.8270	-2.1897	0.0590	3.0305	2.6795	-1.3465	1.9587	-1.5208
-0.6805	-2.0167	-1.9958	-0.0981	0.5246	0.3695	0.5358	-2.5282	-0.8014	0.5775	-1.8156	0.3927	1.0541	0.5825	0.7427	1.3141	0.2409	1.2341	0.3347	-0.7787	-1.6217	1.2293	0.3177	1.6397	-1.0687	-1.2335	-1.0740	-0.1680	-0.5375	0.4279	0.0388	-0.2882	-0.5941	-2.1787	-2.1394	0.5830	-1.7265	-2.0196	-0.2796	-0.8711	-1.4761	1.7038	-1.2061	-0.0532	1.3079	-1.2260	-0.8517	0.1471	-2.5258
2.0851	-1.7170	-2.1409	-0.9178	2.7384	-0.2597	0.1823	-3.6239	1.2074	1.1080	-0.2815	0.6931	0.7971	0.0296	1.9045	0.9167	1.4740	0.4143	0.5951	2.2094	-1.4967	0.4478	2.8320	1.1205	-1.1557	0.7762	-0.4461	0.9692	-0.1401	0.2469	-0.4091	0.1782	-0.8502	-1.2338	-1.1641	0.8850	-0.3372	-0.5415	-1.2631	-1.0389	-1.3300	0.3921	-1.8565	1.2839	-0.8382	-1.0769	1.1896	-0.5094	-2.1981
0.5306	-1.2392	-2.5945	-1.6606	1.6191	-0.8103	0.8109	-2.8949	0.0131	1.0652	0.5095	0.6722	-1.4637	-0.1488	1.2601	2.2865	0.0474	-0.3272	0.7650	0.0328	-1.1860	0.3416	-0.5150	1.3118	-0.4348	-0.0871	-0.4895	0.7739	1.0950	-0.0933	0.7574	0.5408	-0.5527	-1.4350	0.4719	0.7235	-0.7985	1.1675	-0.5960	0.2978	-0.7138	-0.3594	-1.3460	0.6062	-0.8926	1.5013	-1.8478	-1.0083	-1.9399
0.6897	-1.1381	-1.7084	-1.2422	2.7820	-0.0562	0.2086	-1.7935	0.7112	0.9941	0.4731	1.2086	-1.3926	-0.0363	0.4034	2.1306	0.0635	0.6991	1.1272	0.6880	-1.1530	0.0427	-0.7796	1.1123	-0.5578	-0.3693	-1.0511	0.6272	1.1459	-0.5350	0.4498	0.8333	-0.5130	-0.8725	0.0108	1.0373	-1.0622	0.3153	0.1161	0.7114	0.3379	-0.9056	-0.5524	0.4596	-1.0962	0.5330	-0.8772	-1.5528	-2.3860
-0.5776	-1.4971	-1.2879	-1.3879	1.9668	-0.3069	0.5028	-0.4842	-0.3628	0.5980	-0.5692	1.2244	-1.7910	-0.3322	0.5759	0.5783	-1.2450	0.3979	0.4131	-0.2693	-1.1423	0.2551	-1.4409	0.6119	-0.0308	-1.1478	-1.3116	-0.7827	0.8344	-0.5906	0.3921	0.3889	0.6167	-1.1918	-1.2759	0.6316	-0.5593	-0.1946	0.3162	0.8684	-0.0943	0.2105	-0.7924	0.0386	-0.9269	-0.3344	0.3652	-0.5560	-2.1667
-0.3686	-2.5932	-0.8999	-1.1981	-0.0192	0.1858	-0.4938	0.1911	-0.5470	-0.4315	-1.3637	-0.0177	-1.1074	-0.8090	-0.6939	-0.3749	-0.9850	0.7154	0.2116	-0.8022	-0.8674	-1.0191	-0.7690	-0.6384	0.1256	-1.5602	-0.8427	-0.8862	0.8921	-0.1439	0.2153	-0.7608	-0.2788	-1.1495	0.3947	0.5570	-0.5835	-0.8640	-0.3534	0.1526	-0.4978	0.0057	-0.7926	-0.8614	-1.0437	-0.5072	0.1343	-1.0626	-2.4985
0.3493	-1.7075	0.0460	-0.3420	-0.3052	0.3271	0.1722	0.4437	-0.8490	-0.0667	-0.5441	-0.2206	-0.2608	-0.6802	-0.5867	-0.4483	-1.7313	0.8761	0.7066	-1.2689	-0.8350	-1.5982	-0.8415	-0.4167	-0.2539	-1.6173	-2.0429	-1.0906	0.8299	-0.0184	-0.1382	-0.8142	-1.2198	-0.0996	0.4679	-0.3751	-1.3966	0.5034	0.1843	0.1850	-1.3220	-0.5738	-0.1027	-0.5126	-1.6130	-0.7237	0.5836	-1.3496	-2.2152
0.0044	-0.5554	0.4198	0.1846	0.3493	0.5194	-0.2422	0.7070	0.2451	-0.3965	-0.9909	0.2312	-0.2664	-1.1830	0.4539	-0.4187	-2.1727	0.0947	0.0504	0.3388	-0.2100	-1.6523	0.1144	-0.0303	0.1108	-1.0186	-1.3485	-1.1346	-0.0456	0.1911	-1.0013	0.4481	-0.2980	1.4284	0.3524	-1.3672	-1.2986	0.6866	-0.3153	0.2778	-1.1606	0.2009	-0.3916	0.4109	-0.9701	-0.1222	0.0871	-1.1710	-1.1346
0.1183	0.6289	-0.0668	-0.5319	0.1564	-0.8341	0.8109	0.7648	-0.5407	0.2018	-0.3954	-0.4386	-0.8974	-0.7982	0.0842	-0.8852	-2.1165	0.2618	0.6869	1.6771	-0.4750	0.3307	0.1499	1.5592	0.9318	0.1632	0.5779	-0.6530	-1.5419	-0.6373	-0.8919	0.6610	-0.5752	1.6228	0.4228	-1.3363	-0.3376	1.8241	-0.1128	-0.9280	-0.3738	0.8811	-0.0151	-1.1966	-0.4553	0.0132	0.5363	0.1969	1.0518
-0.6984	0.7963	-0.2793	-0.6977	0.0646	-0.5839	-0.2359	1.0041	0.3555	-0.9697	0.2876	-0.5037	-1.1570	-1.7499	-1.3998	-0.6983	-0.6762	0.3393	0.2342	2.1117	0.7594	0.9975	0.4372	-0.0509	1.8945	0.8575	1.1216	-0.7387	-1.9177	-1.5424	-1.0315	1.2497	1.2177	1.3290	0.7705	-1.1424	0.9697	0.9325	-1.1696	-0.3742	0.5567	0.6513	0.7638	-2.1778	0.0454	-0.2368	-0.4709	0.3737	1.8891
-0.2703	0.7382	0.9796	-1.0788	0.0354	-0.8367	-0.0574	0.9905	0.5492	-1.5765	0.6382	-0.6710	-0.8441	-0.7415	-2.2883	-0.8805	-0.2687	0.7720	0.5882	1.9374	0.6940	1.4549	-0.0379	-1.0563	1.9624	1.0421	0.0988	-0.4583	-0.8068	-2.2704	-0.4173	0.4777	1.1354	1.2782	1.3051	-1.3105	1.0464	0.7164	-0.5913	-0.1969	-0.0246	0.0253	1.0265	-2.4004	-1.0923	-0.6976	-0.5127	1.0162	2.9015
0.3523	0.2758	1.3259	0.4394	-0.2977	1.0876	-0.0521	1.2146	0.1331	-1.1781	0.0517	-0.7044	0.5422	-0.1125	-2.0823	0.2458	0.3099	0.7688	0.7198	1.3046	2.2854	1.3436	-0.0149	-0.0927	1.1854	1.2537	-0.2225	-0.4685	-0.2836	-0.6213	-0.7203	-0.4572	0.4265	1.1776	1.1024	-1.4472	1.0537	-0.2555	-1.4864	-0.6388	-0.4939	0.0478	-0.0770	-1.3310	-0.3899	-0.4201	-0.2937	0.0163	2.2905
-0.1089	0.1125	2.0513	0.8737	-0.0912	0.7997	-0.1680	1.2209	0.2027	-0.8962	-1.1047	-0.0240	0.3900	0.1026	-0.1370	-0.0535	0.5191	0.7387	0.4164	-0.4838	1.7044	0.9195	0.0988	0.1097	-0.0719	0.6077	-0.9441	-0.8204	-0.3356	-1.2060	-0.5774	0.2056	0.2024	0.9273	0.4039	-1.7522	0.2778	-0.2037	-0.9018	1.1277	-0.2852	-0.6014	0.0040	-0.2476	-0.8651	0.4701	-0.0288	0.3442	1.4758
0.7137	0.2700	3.0657	1.5307	-1.0964	1.0295	-0.3544	1.3903	0.0259	-1.3657	-0.4216	-1.0462	0.7257	0.6120	-0.6502	0.0622	1.1540	0.6301	0.4907	-0.6317	2.1814	0.1287	-0.5079	-0.9456	-0.5733	0.3198	-0.1080	-0.6891	1.3096	-0.4484	-0.9908	-0.2653	-0.0724	0.7518	0.7419	-1.7716	0.3653	0.3860	-1.0195	1.1543	-0.4147	-0.1867	0.3445	0.5313	-0.3808	-0.1918	-0.6757	-0.4541	1.0883
1.5346	0.6801	3.2351	1.4271	-1.0983	0.4641	0.2847	1.5873	-0.3387	-0.3140	-0.4297	-0.8718	0.5931	1.1743	-0.9787	0.0505	0.8890	0.2852	1.4967	-1.1182	0.9524	0.4379	-1.0972	-0.5430	-0.7334	0.1007	0.8653	0.2278	2.1030	-0.3852	-0.9499	-0.7090	-1.6165	0.7859	0.0161	-1.8515	0.7728	1.3236	0.4025	1.6776	-0.1728	-0.5517	1.4470	0.2052	-0.9410	-0.5808	0.4321	-0.5522	1.5998