IC05	IC08	IC09	IC15	IC16	IC17	IC18	IC19	IC20	IC23	IC24	IC26	IC27	IC29	IC31	IC33	IC36	IC37	IC38	IC41	IC42	IC43	IC44	IC45	IC46	IC47	IC48	IC49	IC50	IC51	IC54	IC56	IC58	IC60	IC62	IC63	IC64	IC65	IC66	IC67	IC68	IC69	IC71	IC72	IC73	IC74	IC75	IC76	IC77
0.9607	0.5617	-0.2876	0.6461	1.0729	0.5759	-1.5669	-1.5912	1.3755	1.1475	0.9224	0.2935	0.0896	0.0161	-0.0227	-0.7013	-1.0574	-0.1251	0.0370	1.9825	-1.3263	0.1006	0.4421	-0.1664	0.0839	1.1681	-1.0845	0.0049	-0.1724	-0.8816	1.9659	1.0279	1.7926	2.4767	-0.7287	-0.1841	-0.0617	1.5199	-2.1959	-0.1134	0.2761	-0.6483	0.0539	-0.5722	-1.5974	-0.2212	0.8393	-1.1611	1.6153
1.1296	0.1876	-0.3855	0.1516	1.6058	1.1235	-1.3365	-1.3441	0.9250	0.5900	1.2989	0.8966	0.4207	-0.1035	-0.0612	-0.3323	0.3578	0.4015	0.5909	2.2379	-0.8105	1.1647	1.3532	0.5571	0.2345	1.4358	-0.7973	-0.3847	0.2975	-1.3448	1.4151	1.3095	1.4299	2.3245	-0.8385	0.0504	-0.7881	1.1912	-2.0908	-0.5445	0.2673	0.1055	0.8627	-0.7825	-1.5812	0.3191	0.7507	-2.0057	2.0636
1.1276	0.7799	-0.1489	0.0379	1.8527	-0.3346	-0.4925	-1.3991	1.5474	1.1171	1.2090	0.0284	0.1081	1.3125	0.3788	-0.8245	1.1953	0.2007	0.1108	2.1166	0.4873	1.5576	1.5038	1.0256	0.4729	1.4829	-0.6639	-0.7311	1.6060	-2.0720	1.6883	1.1577	1.4030	2.3032	0.0923	0.4822	-0.7569	0.5044	-0.4215	0.6634	0.9945	0.4629	0.8319	0.2886	-1.5137	0.2021	-0.3853	-0.8435	1.2748
1.8496	0.2776	0.4929	-0.0072	1.8145	-0.2768	0.1910	-1.4272	0.8382	1.4942	1.9337	1.1180	0.0201	0.8995	0.7490	-0.3086	0.8081	0.8496	0.7852	1.6032	0.9213	2.3720	0.5842	2.0861	1.0941	2.0915	-1.1202	-0.4398	-0.0769	-0.8841	2.1632	-0.1092	1.2018	2.0083	-0.1192	0.4152	-0.4015	-0.8330	-1.4741	0.9071	0.4947	-0.4562	1.4742	0.1898	-1.0815	-0.0416	0.1170	0.0571	0.4725
1.2856	-0.6690	1.0679	1.5831	1.0204	0.4804	0.6876	-0.2400	0.4857	0.4284	1.3961	0.7914	0.3168	1.2099	0.3844	1.3167	-0.4426	-0.1479	1.4561	0.1918	1.9329	1.3439	-0.3035	1.4943	0.4834	0.8427	-0.3100	-0.4193	-0.1453	0.4277	1.7793	-0.4424	0.6880	1.0524	0.5479	0.0361	-0.3239	-1.4611	-0.8468	1.0268	0.2924	-0.3899	1.4185	0.3810	-0.7238	0.2347	-0.4820	0.2630	-1.1313
1.0066	-1.1383	1.1464	2.1583	0.1834	1.6942	0.1005	-0.8638	-1.1951	0.3523	2.4526	0.7064	0.3312	0.0340	0.2374	1.8289	-0.4713	-0.3043	1.0745	-0.1429	1.0126	0.9808	-1.1059	0.8257	-0.8344	0.1740	-1.0544	0.5463	0.4381	-0.1774	0.8428	-1.3502	0.5928	0.9750	0.0926	-0.0147	1.6435	0.8508	-1.3804	0.3515	-0.8988	-0.9735	0.9263	-1.1179	-0.0727	-0.9311	-1.3629	-0.0913	-2.0116
0.7743	-0.6729	0.3223	0.9786	-0.0409	0.0174	0.5462	-0.5410	-0.8280	0.7566	1.4495	-0.4818	-0.6676	-0.4387	0.6605	0.7944	-0.3475	-0.6832	-0.1775	-0.1196	-0.1635	-0.3315	-1.3424	-0.3174	-0.7375	-1.0565	0.4191	0.9691	0.3929	0.4781	-0.4493	-1.0174	-0.3923	-0.2454	-1.1970	-0.2899	0.3829	0.1524	0.5890	0.4840	-0.8690	-1.2270	-0.4289	-0.7496	0.0376	-0.0577	-0.3546	0.4929	-1.6851
0.8549	-0.2934	-0.7252	0.2134	-0.1386	-0.8300	0.6866	-0.6959	0.6698	1.0471	0.6330	0.1871	0.0034	-1.5226	0.8316	0.5012	0.0291	0.1947	-0.8806	-1.0024	-0.8229	-0.6418	0.4898	-0.4560	-0.1441	-1.1361	0.5613	0.2347	-0.1505	0.7267	-1.3462	0.0130	-1.1320	-0.9671	-1.7219	-1.1104	-0.8808	-0.0376	0.3458	-0.1081	-0.6329	-0.3631	-0.1213	-0.0368	0.0767	0.4717	0.0716	-0.0718	-0.6212
0.8204	0.4879	-0.3306	-0.8366	-0.4382	-1.3670	0.0196	-0.9439	0.6766	-0.4247	-0.4510	0.0968	-0.5414	-0.1644	0.1158	-0.3390	0.3127	0.3537	-0.7417	-1.1004	-0.2422	-0.3098	0.3760	-0.7800	0.2849	-0.7288	0.7724	0.7076	-0.1544	-1.2667	-1.3055	-0.1164	-1.2006	-1.0252	-1.0735	-0.1519	-0.6443	0.8765	1.0860	-0.4485	0.5196	-0.1394	0.0065	-0.0730	0.6422	1.1472	0.3536	0.4388	0.3978
0.8276	1.0241	-0.5225	-0.6495	-1.0784	-0.0042	-0.3446	-0.5174	-0.4572	-0.5913	-0.2319	-0.5816	-0.0236	0.0792	-0.6188	0.6514	0.2882	0.0856	-0.4680	-0.9864	1.3105	0.3126	0.0150	-1.1002	0.5549	0.5108	0.8899	-0.2165	-1.2103	-0.4281	-0.2865	-0.8877	-0.2899	-1.6779	-0.5270	0.4609	-0.5033	0.1328	0.6056	-0.2815	1.1238	0.0766	-0.9773	0.4306	0.7509	1.1793	1.3959	0.1936	0.1705
0.5455	1.3967	-0.8673	2.5150	-1.4790	-0.3919	1.1250	-1.3120	0.7740	-1.4165	-1.3511	-0.0728	0.9454	2.5806	-0.1639	0.1833	-0.2497	-0.2181	1.1798	-0.4210	1.4104	0.2339	-1.5085	-0.6512	0.1861	-1.0046	2.7900	-0.7696	1.1528	2.6210	-1.4158	-1.8031	-0.4513	-1.2470	3.0008	1.4749	-0.7657	-1.0376	3.2176	-1.7308	1.4922	3.4407	-1.5675	0.2449	4.0008	2.5798	-1.0696	1.9673	-0.5916
-0.3441	1.6369	-0.9040	0.3350	-1.1190	0.4926	2.0354	-0.2111	-0.6619	1.0884	-0.8084	0.3406	0.1976	1.5086	0.2023	-0.7378	-0.0357	-1.1728	-1.7772	-0.1231	-1.8574	-0.9402	-2.3018	1.7321	-0.5321	0.1253	0.8849	0.5458	-0.4243	2.7483	-1.5110	-1.1154	-1.7730	-0.8680	1.1143	1.7456	1.9665	0.7636	1.3406	-2.5520	1.1491	2.0449	1.9769	-0.8550	2.7921	1.8705	-0.9656	0.2541	2.8707
-0.2424	1.6359	0.6195	-0.0759	0.1423	-1.0777	1.4209	0.6174	0.2362	-0.6142	-0.1982	-1.1993	-0.3654	-0.4035	2.0778	-0.2511	0.5641	-0.7681	-2.7127	0.3295	-1.2884	-1.7313	0.2117	-1.8046	-0.3580	1.0609	1.8149	2.6770	-2.4648	2.2187	-1.2536	2.9961	-0.9678	-1.9038	-1.4867	1.9722	2.1567	0.8089	1.2609	0.3753	3.0680	-0.7326	1.7796	-0.3017	0.1512	2.2808	0.6316	0.9197	2.8916
-0.7585	2.0548	0.2596	-0.1686	0.1424	-1.5684	-1.1566	0.4636	-1.0180	-0.7126	-0.6760	-0.4098	-1.2372	-1.2972	1.2459	-0.4622	1.7467	0.0691	-1.8447	-0.6946	-0.9212	-0.3549	1.3291	-1.6808	0.3345	1.4478	0.3162	0.9247	-0.4991	-1.2457	-1.8354	1.1759	-0.7701	-2.4903	-0.7330	1.7723	1.5253	0.2976	1.4831	0.1708	2.7950	-0.0886	0.7546	1.5550	0.8765	2.2537	1.4513	0.4871	1.0660
-0.9072	1.6881	-0.3899	-1.8227	-0.6066	-1.4219	-0.3158	0.4692	-0.8634	0.8445	-0.6693	-0.5038	-1.6185	-1.0972	0.5828	-1.0820	0.8747	-1.0790	-1.5237	-1.6157	-0.0644	-0.5040	0.9596	-1.3839	0.3906	0.9315	1.3404	0.5284	-0.7832	-1.7899	-1.3102	-0.4206	-0.4237	-2.7923	0.0177	1.0562	1.1191	-0.6544	1.2627	-0.0649	1.7137	-0.3765	-0.4091	1.5417	1.5783	1.7392	1.6066	0.8600	0.7953
-1.1837	1.9182	-1.0702	-1.0636	-0.8018	0.1333	-1.4799	0.7549	-1.8555	-0.5661	-1.5320	-0.8977	-0.8255	-1.5585	0.2073	-0.4326	-0.0918	-1.0403	-1.1637	-1.7757	0.0876	-0.4469	0.5458	0.4340	0.6858	-0.4497	0.9397	-0.4241	-1.3774	0.2918	-1.7200	-0.5968	-0.0800	-2.2071	-0.3661	-0.1765	0.1954	0.2165	1.1253	-0.8088	1.3077	0.9148	-1.0480	1.9082	1.2953	1.0618	1.5704	1.0092	-0.2736
-1.0168	1.6955	-0.2780	-0.4432	-1.0635	0.0695	-0.5472	0.7526	-1.6246	0.1683	-0.9121	-1.5024	-0.8800	-1.4164	-0.3919	-0.8679	-0.0061	-0.9682	-0.8143	-0.0732	-0.0387	-0.5722	-0.6549	0.0644	0.7476	-0.0417	0.5241	-0.4104	-1.2285	0.6969	-1.7897	-0.5481	-0.9752	-0.6987	0.0386	0.1899	1.7313	1.6506	2.0828	-1.3087	0.8087	1.3532	0.0227	0.6850	0.9295	0.0673	0.1655	1.3142	-0.0050
-1.0968	-0.1843	-0.2158	-0.5378	-0.7103	0.5925	1.0018	0.4504	0.1036	0.6681	-0.2095	-0.3041	-0.2284	-1.3366	-0.5152	-1.1478	-0.2882	-0.4106	-0.7261	0.5564	-0.6831	-0.4896	0.9821	1.0960	1.5166	-0.0687	0.1049	-0.3692	-0.6276	-0.4603	-0.8948	0.8906	-0.4436	-0.1228	0.4993	-0.2246	0.7443	1.0757	0.1684	0.0147	0.0373	0.9823	0.7999	-1.1109	0.7027	-0.5252	0.0400	0.3428	-0.1392
-0.6504	-1.3588	0.0121	-1.4315	0.4810	-0.7531	0.2235	0.7479	0.6512	-1.0226	-0.9088	-0.5728	-0.8765	0.0581	-0.0914	-1.8019	-0.0869	0.6745	0.0734	0.2008	-0.6251	-0.2400	1.8974	0.4624	1.3664	-0.8450	0.4790	-0.2801	1.1122	-2.2364	-0.7744	1.4030	-0.1001	0.9308	0.2207	-0.5624	-0.5991	0.3609	0.1423	0.5287	-0.3779	0.5751	0.6698	-2.0087	-0.3856	-0.1489	0.0030	0.6890	-0.6708
-0.5071	-0.8089	0.0224	-1.1216	0.1405	0.3106	0.5196	0.7956	-0.3963	-0.4022	-1.0013	-0.9144	0.8381	0.2312	-0.2385	-0.2981	-0.2897	0.9981	0.1405	-0.4952	0.7860	0.4564	1.1858	0.1276	0.6129	-0.1697	0.4803	0.5594	0.7772	-0.3924	-0.2025	0.4176	0.2821	0.9827	0.4319	0.1062	-0.2784	-0.9674	-0.9675	-0.2083	-0.6443	0.8426	-0.1904	-2.2999	0.0166	-0.7022	-0.5132	-0.0395	-1.0525
-0.6580	-0.7458	-0.0887	-0.1792	-0.3970	0.5766	1.1892	0.8552	-0.2494	-0.5746	-1.4650	0.1459	1.0692	-0.4574	-0.2009	1.1212	-0.7518	0.5118	0.5558	-0.6035	-0.4540	0.5387	-0.0346	0.8815	0.1330	-1.3354	-1.0444	0.8119	-0.6247	-0.5534	0.1030	0.4139	1.1395	1.3606	0.8172	-0.2100	0.4417	-0.7455	-0.9054	-0.9584	-0.6309	-0.0207	-0.0821	-1.7207	0.5413	-0.5623	-1.1486	0.9283	-1.4650
0.0709	-1.1371	-0.4830	0.4817	-1.0591	0.6546	0.2748	0.7838	-0.4195	0.1156	-0.9279	-0.3955	0.5746	-0.4216	-1.2323	0.7546	-0.2189	0.5787	0.1509	0.9294	0.0877	-0.1222	-0.8540	0.3090	0.0589	-1.4526	-1.1143	0.1259	-0.2013	-0.2674	1.1762	-0.5214	0.0805	0.5666	1.2532	0.3915	-0.0724	0.0341	0.5118	0.3667	-1.6451	0.0548	-0.7246	-0.4898	0.3617	-1.5651	-0.5350	0.9891	-1.4494
-0.3270	-1.2239	-0.2765	-0.9046	-0.3609	0.8897	1.1780	0.1816	0.9362	0.4443	-0.3926	0.2789	-0.6917	-1.1948	-0.5375	0.4753	-0.7966	0.9270	0.1607	0.3817	-0.7313	-0.6618	-0.5436	-0.0698	0.0195	-1.1930	-0.4980	0.1073	0.6281	0.7515	0.9565	0.6466	-0.2985	-0.2962	0.2765	0.7092	-0.9462	-0.2943	0.4809	1.3600	-1.3071	-1.1718	-0.5557	-0.3646	0.0257	-1.2690	-0.4150	-0.1634	-1.0363
-0.5417	-0.7354	-0.4519	-0.9121	-0.1783	0.3146	0.8357	0.6273	0.2163	-0.0517	-1.5176	-1.0545	0.2499	1.0325	-0.7539	-0.0868	-0.0557	0.8635	-0.4279	-0.5448	0.3398	0.1501	0.8899	-0.8192	-0.4106	-1.2623	1.2797	0.1150	2.2784	0.6809	0.3021	0.7042	-0.0003	-0.0768	0.7917	0.9202	-1.9820	-0.9857	0.9888	0.6333	-0.3308	0.5238	-1.2386	1.1798	1.1941	-0.7885	-0.4378	0.4631	-0.6396
-0.1832	-1.0064	-0.7033	-0.2641	-0.4038	1.1914	1.5379	0.9057	0.0173	-0.8987	-0.7663	0.6446	0.5582	0.9227	-0.0966	0.6609	-0.2249	0.9169	0.5768	-0.1328	-0.3274	0.3893	0.2560	0.7635	-0.6525	-0.0753	0.0521	-0.7211	-0.0268	1.5180	1.0025	0.8075	0.4699	0.9430	-0.0184	-1.0172	-0.5414	-1.8448	-1.3449	-0.4172	-0.7116	-0.0650	-0.8290	0.0109	-0.4292	-0.8100	1.0752	0.9274	0.2191
-0.3701	-0.6491	0.1791	-0.0230	-0.7647	-0.1038	0.7492	1.0196	0.2030	-0.2737	-0.4117	0.3019	-0.4547	0.3740	-0.2123	0.5993	-0.9035	-0.2216	0.6728	0.1107	0.8064	-0.4238	-0.5672	-0.9963	-1.8650	-0.5991	-0.4056	-0.9795	0.0343	1.3035	0.8772	-0.1377	-0.3440	0.7021	-1.2464	-2.0957	0.3387	-0.4219	0.0145	0.9653	-0.5865	0.5757	-0.5897	0.0789	-1.3000	-1.0361	-1.2651	0.6480	-0.8282
-0.2073	-0.6037	-0.2627	-0.1319	-0.1250	-0.7019	-0.0690	0.6965	0.6655	-0.1410	-0.3004	0.6943	0.7768	-0.4459	-0.5207	0.2720	-0.6909	-0.1633	0.6312	0.6244	-0.3556	-0.6497	0.1467	-0.3616	-1.1628	-0.5388	0.6967	-0.3810	-0.0406	-0.1894	0.8114	0.5996	-0.4605	0.7274	-1.0767	-1.9442	-0.8203	0.5882	-0.6608	1.6837	-1.6788	0.3057	-1.3177	1.7604	-0.3381	-0.5434	-0.3017	0.5663	-0.5764
-0.3340	-0.7932	-0.3984	-0.6603	0.0105	-0.9528	0.5365	0.7855	1.0166	-0.7700	-0.7434	0.3764	0.3458	-0.5862	-0.7577	-0.8583	-0.2975	0.1174	1.5482	0.7466	-0.4795	-0.9079	-0.0671	0.3544	-1.0543	-0.3464	1.0178	-0.3085	1.1302	-0.1784	0.4885	1.3329	-0.3337	1.2771	-0.7858	-0.4162	-0.6192	0.2518	0.3191	1.8419	-1.6192	-0.4108	-1.4435	1.1354	-0.4233	-0.1910	-0.7294	0.5872	-0.4700
-0.7932	-0.9371	0.0452	-0.2968	-0.4702	0.0323	1.0360	0.5830	-0.1993	-0.1261	-0.6811	-0.8134	1.0331	-0.6362	-1.2154	0.3860	-0.1153	-0.1981	1.6945	0.1598	0.6208	0.4387	-0.4240	0.3048	-0.4805	-0.5975	1.8332	-0.3376	0.4552	1.1799	0.2904	0.0198	0.1188	1.4364	-0.2841	-0.5416	-0.7653	-1.1857	-0.6449	0.5434	-1.3837	0.0615	-1.6706	-0.0450	0.0190	-0.7324	-0.8154	-0.7526	-0.4160
-0.9823	-0.7370	0.6436	-0.1276	-0.7991	0.5989	0.4195	0.7644	-0.0645	-0.7638	-0.0351	-0.3091	0.2950	0.2723	-0.8081	1.4171	-0.8770	-0.4248	2.0148	-0.5253	-0.2015	0.2480	-1.0965	-0.4301	-0.9330	-0.8044	0.2769	-0.2458	-0.2806	0.4548	0.0914	-0.8326	0.1689	0.7944	0.5568	-1.6593	0.5329	-0.8883	-1.0411	-0.3821	-0.2634	-0.6539	0.0662	-0.5932	-0.5529	-0.7558	-1.5290	-1.0977	0.4335
0.1982	-0.6637	1.0440	0.2878	-0.5429	0.4477	-1.0580	0.6532	0.0281	0.2374	0.1982	-0.6455	0.4008	0.9104	-0.4871	0.6923	-0.8008	-0.1394	0.3501	-0.4106	0.2152	-0.7628	-1.1711	-1.2612	-1.4711	-0.2787	-1.8384	-0.2236	-0.0372	0.1113	0.3764	-1.1882	-0.0957	-0.3182	1.5746	-1.5544	0.1685	-0.0814	-0.3588	-0.1846	-1.1636	-0.5119	-0.0215	0.9172	-1.6557	-1.5289	-0.6146	-1.0509	0.5643
0.4581	-0.8860	1.4709	-0.1805	0.3594	0.5268	-1.1768	0.3237	0.9560	0.0552	0.3309	0.4492	0.3375	0.6936	0.2480	0.0249	-0.8926	0.5007	-0.4049	-0.9839	-0.5649	-1.2038	-0.5809	-0.5014	-1.7227	-0.2146	-2.7539	-0.9230	0.3092	-0.0908	0.1186	-1.0957	-0.2356	-1.3311	0.8687	-1.4109	-0.7527	-0.1685	-0.5889	-0.2339	-1.2723	-1.3982	0.0891	1.2950	-2.6003	-1.5830	0.3806	-1.1152	0.6401
0.1755	-1.0730	1.6411	0.2899	0.2445	0.1804	-1.1358	0.7108	0.6899	-0.6065	-0.5040	-0.2238	0.7525	1.9769	-0.1356	-0.8884	0.1753	0.5320	-0.1552	-1.2491	-0.1677	-0.9596	0.0629	-0.4440	-1.8636	-0.6345	-1.0778	-0.6206	2.0439	-0.7461	-0.4028	-1.4222	-0.7855	-0.8055	1.8377	-1.0092	-0.6351	-0.0271	0.1341	0.7847	-0.8460	-0.9540	-0.7642	2.0593	-1.7448	-1.5904	-0.1452	-0.3205	-0.0953
0.7137	-1.1938	1.4161	-0.6637	-0.3972	0.4226	-0.9916	0.0899	0.1084	-0.2591	0.4135	0.4606	0.6872	1.4054	-0.2362	-0.8850	0.0305	0.6063	0.6958	-1.0456	-0.7384	-0.5113	-1.0396	-0.5754	-1.1993	0.4232	0.3226	0.1890	0.0831	0.2372	-0.1490	-1.4209	-0.3800	0.0871	1.4536	-0.9716	-0.5166	-0.7489	-0.9988	0.9294	-1.0585	-2.6998	-0.9056	0.8049	-1.5694	-1.3912	1.4242	-0.7000	-0.3982
-0.0469	0.0128	1.2803	0.4122	-0.0445	0.3024	-2.2789	1.0755	-0.6538	-1.2130	-0.5255	-0.6365	0.6031	1.2008	-0.5411	0.7224	-0.4033	-0.2482	0.5093	-1.4162	0.8579	-0.5872	-0.7641	-0.7421	-0.8310	-0.1622	-0.0683	-0.3088	0.0803	1.5194	-0.0295	-1.1004	0.0318	-0.7290	0.7957	-2.1044	-1.1918	-0.6090	-0.4499	0.8320	-0.2073	-0.8985	-0.9405	1.4989	-1.7289	-1.1258	0.5268	-1.4850	-1.0814
-0.2335	0.1391	1.0564	-0.0415	0.3186	0.2404	-0.9663	0.5027	-0.6305	-0.5755	0.4450	0.1488	0.1902	0.1998	-0.2959	0.5409	-0.5064	-0.1135	0.8289	-0.7176	-0.1428	-0.1582	-1.4339	-0.5697	-0.8539	0.6695	-1.0741	-0.1839	-0.7163	-0.4987	0.0693	-1.7769	-0.4908	-0.7810	0.7901	-1.7338	1.2259	0.9806	-0.8192	-1.3962	-0.5711	-0.4733	0.3479	0.8172	-1.5319	-1.5222	-0.5469	-1.8619	1.0916
-0.7065	0.1297	0.4413	0.3698	-0.1365	0.0922	-0.4994	0.4093	0.2952	-0.1256	0.1283	0.4904	0.9787	-0.3990	0.0114	-0.1253	-0.8292	-0.5535	0.0304	-0.5354	-0.5790	-0.7461	-0.1699	-0.1106	-0.2766	0.2283	-0.5639	-0.6782	-1.5710	-0.6066	-0.0964	-0.5289	-0.5612	-1.4335	0.4968	-0.0083	0.8398	0.8188	-1.0365	-0.5383	-0.6881	-0.6903	0.1546	0.2478	-0.7215	-1.2049	-0.0159	-1.7779	1.0534
-0.3833	-0.7311	0.7384	-0.1260	0.3616	0.7887	-0.1014	0.0128	0.4088	-0.5758	0.0371	1.7124	0.4740	-1.3088	-0.0835	0.3203	-0.9330	-0.4008	0.7734	-0.3512	-1.2216	-0.4616	0.0629	0.0325	-0.0987	0.3692	-0.9744	-0.0268	-0.6077	0.3613	-1.0049	-0.2315	-0.1993	-1.0141	0.1273	0.7332	0.1064	-0.0285	-1.5470	-0.7458	-0.9135	-2.0119	-0.3742	-1.1414	-0.8596	-0.7078	1.3401	-2.2299	0.2503
-0.2292	-0.6898	0.8119	-0.8518	0.5163	-0.9637	-0.3252	-0.0968	-0.3566	0.5056	0.7768	0.9751	0.0244	0.1574	-0.4614	0.1401	0.1275	-1.4468	0.9301	-0.5886	1.0621	-0.1627	-0.1354	-1.9420	0.0352	0.6457	-1.2900	0.3763	1.6623	0.3252	0.0073	-1.2557	0.8554	-1.2595	0.2018	1.0067	-1.1926	-1.1607	-0.2048	-0.6286	-0.5059	-1.4592	-1.6449	0.1512	0.2843	-0.4781	1.2910	-1.6458	-0.5380
0.0676	-0.2095	1.2837	0.2657	0.5576	-0.1398	-0.5555	-0.1468	-1.6270	-0.6032	1.0646	1.1298	0.2099	-0.1168	-0.3997	0.7564	0.7580	-1.0601	1.4579	-0.8903	0.7506	0.3083	-0.6315	1.1107	0.9267	-0.1083	-2.0280	0.2535	1.0520	0.2395	0.9149	-1.1867	1.9531	-0.7605	-0.0466	-0.0751	-0.9508	-0.7671	-0.3990	-0.6682	-0.7702	-1.2065	-1.1435	0.3355	-0.1259	-0.6875	0.7868	-0.5483	-0.2211
-0.2872	0.4201	0.1316	0.8048	-0.0567	-0.0483	0.3254	0.0206	-0.8965	0.5444	1.3911	0.1695	0.5209	-1.0167	-0.4682	0.3393	0.0370	-0.8247	0.0824	-0.2677	0.8245	0.1654	-0.8708	0.6335	0.7565	-0.6859	-0.9747	-0.2918	0.2970	-0.0175	-0.2293	-0.7469	0.6522	0.6892	-0.3914	-0.3326	1.4392	0.4312	0.3923	-1.1396	-0.1708	0.1337	0.2606	-0.3946	-0.3036	-0.9435	-1.3063	-0.1298	-0.1737
-0.2083	-0.4454	-0.9375	-0.3729	-0.1125	-0.7333	-0.0916	0.0146	-0.0183	0.0451	1.3924	0.3783	0.7684	-2.0107	-0.4752	-0.4726	0.0393	-0.2510	-0.8431	0.7497	-0.5900	-0.1085	0.0445	0.5824	1.0843	-0.5253	-0.8872	-0.6796	-0.8711	-1.4758	-1.2051	0.5582	0.4413	0.7335	-0.7403	-0.7704	0.5266	1.3122	-0.8720	-1.6045	-0.7893	0.4204	1.1754	-1.0620	0.5373	0.0885	0.1046	-0.8364	0.3667
-0.7620	-0.9295	-0.6418	-0.4788	-0.4503	-1.5191	-0.2772	0.5225	0.1171	-0.2712	0.0954	-0.9550	-0.7440	-0.5931	-0.5980	-0.9488	1.0791	-0.3996	-0.9477	0.2396	0.0500	-0.5990	0.3876	0.4455	0.5501	-0.7999	-1.1677	-0.7373	0.2512	-1.6367	-0.9311	0.5993	-0.7837	-0.1856	-0.9217	0.0580	-0.2004	1.0438	1.4048	-1.6742	-0.1245	1.1827	1.1399	-1.2656	0.4262	0.8647	0.1912	-0.1327	-0.3301
-0.6625	-1.0989	-0.5656	-1.0154	-0.4432	-0.1963	-0.1248	0.0824	-0.6124	0.1076	-0.3158	-0.6115	-0.9365	0.0626	-0.4945	-0.4933	0.9267	0.2741	-0.5824	0.0219	0.7915	0.3296	0.1172	0.0001	0.4979	0.0855	-0.7826	-0.6666	-0.4166	0.1106	0.6973	-0.1631	-0.3703	-0.1448	-1.0841	-0.2976	-0.2609	-0.3350	0.5191	-0.9871	-0.0880	0.2766	1.0240	-0.9067	0.0957	0.2025	0.5799	-0.0797	-0.6532
-0.9295	-0.2821	-0.8464	-0.2310	-0.8357	0.3886	-0.4511	0.1551	-0.1461	-0.7977	-0.6912	-0.4772	-0.2392	0.0869	-0.3925	-0.0679	-0.3016	-0.0332	-0.5181	-0.0948	0.5842	-0.2476	-0.4631	-0.8311	-0.3024	-0.4754	-0.5534	-0.9649	-0.6207	0.9359	0.3676	-0.0549	-0.3704	0.4132	-0.6731	-1.1620	-0.0044	-0.3757	0.2216	0.4137	0.1569	0.4881	0.6144	-0.5454	-0.2295	-0.7186	-1.4345	0.5219	-1.0560
-0.3374	-0.2348	-1.3076	-0.3646	-0.0336	-0.4994	-0.8955	-0.2852	0.6068	-0.9107	-0.3852	0.2560	0.4388	-0.6112	-0.3118	0.2412	-0.0578	0.6974	-0.1105	0.8948	-0.5475	-0.1477	-0.3739	-0.0237	-0.2839	-0.5553	-0.6368	-1.0398	-0.3083	-1.0295	0.5249	1.0610	-0.8118	0.7437	-0.4569	-1.9716	-0.8658	-0.1532	-1.8200	0.8548	-0.9616	0.6976	-0.0912	0.2462	-0.2089	-0.9207	-0.6331	0.1910	-0.5275
-0.6177	-0.0551	-0.9410	-0.1079	0.3550	-0.8450	-0.7819	-0.1622	0.7654	-0.8341	-0.5276	-0.4745	-0.4273	-0.0698	0.2324	0.3151	-0.0654	0.3537	-0.0297	0.1367	-0.0508	-0.3976	0.3626	-0.3485	-0.2125	0.5942	-1.1083	-0.9642	1.4425	-0.3896	-0.2231	1.4532	-0.8970	0.6478	-0.6250	-1.2993	-0.8580	-0.3169	-0.4685	0.8412	-0.5945	0.8441	-0.7864	0.6035	-1.1666	-0.1102	-0.1860	0.7611	-0.3822
-0.5027	-0.4518	-0.3511	-0.4962	0.6681	-0.0930	-0.6560	-0.2806	-0.3940	-0.1651	-0.2530	0.0736	0.1651	-0.0456	0.0855	-0.0687	0.7952	0.9977	0.0781	-0.0553	1.2684	1.1219	0.1526	-0.1787	0.5420	1.0808	-0.9838	-0.4499	0.8409	0.1619	-0.1548	-0.0528	0.9706	0.1297	-0.1426	0.6124	-0.1943	-1.4758	-0.8958	0.8000	-1.0808	-0.0512	-1.5289	0.1886	0.1988	-0.3776	0.4371	-0.1019	-0.5024
-0.8064	-0.1122	-0.0006	0.5059	0.5803	-0.0461	-1.2058	-0.8325	-0.8272	-0.3681	-0.6301	0.2324	-1.2871	0.6006	-0.1536	-0.2217	1.1608	0.0474	-0.1354	0.0736	1.3924	0.5234	-0.3421	1.2498	0.8288	-0.0072	-0.6236	-0.6907	-0.0800	0.3528	0.4105	-0.8645	1.3917	-0.3888	-0.4636	0.6184	-0.7310	-1.0914	0.3840	0.6994	-0.2736	-0.6031	-0.8764	0.2544	0.2520	0.1449	-0.3969	0.1760	-0.7088
-0.2440	0.0167	-0.4497	0.2969	0.3870	0.6927	-0.7576	-1.2214	-1.3671	0.2718	0.4045	1.1030	-0.7651	0.5220	-0.5107	-0.0652	1.9227	-0.1140	0.1179	0.5841	0.0609	0.6418	-1.2722	0.7107	0.7147	-0.7831	-0.2437	-0.3394	-0.3703	-0.5163	0.3761	-0.8288	0.0791	-0.4595	-0.5704	0.7059	0.0267	0.2929	0.1250	0.1135	-0.7342	0.2031	-0.6376	0.1330	0.0715	-0.0880	-0.7604	-0.5970	-0.1480
-0.6317	0.1377	-0.5691	-0.0972	0.5751	0.7669	0.1752	-0.7858	-0.6081	-0.0303	-0.2606	1.6071	-0.8568	0.3390	1.0880	0.1398	0.9944	-0.0643	-0.3108	-1.1781	-1.4837	-0.2889	-0.8887	-0.8726	0.3774	-0.7675	0.0508	0.2378	0.2234	0.2629	-0.0347	0.4072	-0.8209	-0.8818	-0.7893	1.8491	-0.3230	-0.5615	1.0172	0.0874	-0.2663	0.6371	-0.4319	-0.6429	-0.3893	0.3653	-0.5895	-1.9365	-0.1205
-0.8878	0.0696	-0.5040	-0.3426	0.7365	0.2831	-0.4787	-0.9721	-1.1776	-0.3838	0.1237	0.9060	-0.8790	-0.0238	0.9084	-0.8977	0.9524	0.9488	-0.7328	-1.4080	-0.5159	0.4750	0.6454	-1.9728	0.7315	-0.2878	0.1129	0.3569	-0.3577	-0.2473	-0.4941	0.3769	-0.4838	-1.2491	-0.3246	3.7648	-1.1605	-1.6591	0.0013	0.6985	0.2485	0.1618	-0.7319	-1.4928	0.6248	0.2795	0.3915	-3.2556	-0.5545
-1.0388	-0.0771	0.1972	0.3580	0.8376	0.1929	-0.5644	-0.0450	-1.1183	-0.4847	-0.3525	-0.0333	-0.9629	0.4246	0.3790	-0.1524	0.6012	0.6659	-0.4034	-0.1665	0.5201	0.3136	0.2610	0.6538	1.2525	0.2572	0.1016	0.2120	-1.1865	0.3137	-0.3843	0.5501	-0.3695	-0.9237	0.0788	3.2967	-0.7438	-1.7357	0.4172	0.3981	0.4387	-0.3504	-0.4461	-1.2641	0.6620	0.8240	0.5426	-0.8905	-0.9974
-0.8301	-0.1053	0.1788	0.9839	0.5440	0.8536	-1.6891	-0.2317	-1.4063	0.0743	-0.3746	0.1891	-0.9551	0.3341	0.0527	1.0030	0.2581	1.0493	-0.0516	0.9840	1.1727	0.7152	-0.5611	0.2792	0.6865	-0.2012	-0.4662	-0.0374	-0.5809	1.4199	-0.0463	-0.5026	-0.6312	0.2592	0.9810	1.7202	0.3768	-0.3658	-0.3611	0.2015	-0.5539	0.9229	-0.0011	-0.0149	0.1894	-0.3556	-0.7351	-0.7988	-0.9502
-0.6605	-0.0786	-0.3984	1.5182	1.3291	-0.0134	-1.1042	-0.2812	0.0688	-0.2987	-0.8717	0.6390	-0.1135	0.0798	0.7067	1.0109	-1.0967	0.4523	-0.1217	0.8269	0.3967	-0.1423	-0.2467	0.0787	1.1186	-0.1685	0.2732	0.0097	-0.6041	0.6549	0.5232	0.3295	-0.3534	0.9119	0.6687	0.7297	-0.4403	-0.2275	-0.2259	-0.2791	-0.6132	0.8623	0.7421	0.1866	0.3513	0.4127	0.8157	-0.6783	-0.3912
-0.9538	0.4221	-0.0109	1.6930	1.0155	0.3200	-0.3320	-0.9054	-0.4566	0.6088	0.2467	0.0594	0.5840	-0.0273	1.2677	0.7758	0.3735	0.5454	-0.0457	0.2247	0.4436	0.0660	1.8073	0.5384	1.5088	0.5996	0.2201	0.0491	0.6944	0.4218	0.4190	0.6849	-0.1119	0.6873	0.0936	0.8140	0.1751	0.4099	0.9598	0.5556	0.1850	0.8833	1.2673	0.0742	0.4462	0.5499	0.1632	0.0992	-0.2263
-1.1876	0.9617	-0.1450	0.1159	0.4042	-0.6639	0.5819	-0.7250	-0.7493	0.2570	0.7386	-0.1626	0.4336	0.2060	1.4367	-0.5948	1.0275	0.5039	-0.3150	-0.1198	0.2788	0.2290	1.3810	-0.0891	0.7792	0.3159	2.0881	1.2607	0.7014	-0.0723	0.2349	1.0284	0.3988	0.9789	-0.0493	1.0512	0.0891	-0.2774	1.6384	0.6658	0.8863	-0.1231	1.4632	-0.2941	1.6895	0.8755	0.1000	1.5244	0.1818
-1.3542	1.0320	-0.5200	1.9530	0.4308	-0.2805	-0.4575	0.2552	-1.6399	-0.5661	-0.1773	-0.8092	0.1771	0.3677	0.2542	0.0447	0.2554	0.7597	-0.2547	0.0971	1.5715	1.1770	1.0341	0.9282	1.0640	-0.0069	2.4957	0.3615	0.6394	1.0766	0.5431	0.6952	-0.1981	0.2520	-0.0199	0.2279	-0.3243	-1.1724	0.7892	-0.9063	1.0181	1.8003	0.6531	0.3906	0.9953	0.8801	0.7124	1.5736	-0.4103
-1.2192	-0.4807	-0.5198	1.1560	0.2953	0.1011	-0.3537	-0.5192	-1.5537	-0.1673	0.0359	0.5617	-0.3543	-1.0478	0.2513	0.2290	-0.4068	-0.0577	-0.5577	0.1279	-0.5647	0.5666	-0.9724	-0.0541	0.4110	-0.2293	0.6414	0.7945	-1.4031	-0.3337	0.6586	0.1366	-0.2431	-0.1973	-0.2678	0.0163	1.8706	0.3710	0.0148	-2.5287	0.5189	0.1459	1.9410	-1.0821	0.7589	0.3883	-0.6651	1.4746	0.4213
2.1894	-1.4884	0.1435	0.9120	-0.8030	0.4688	1.2493	-0.6731	-0.3050	-0.4985	-1.3739	0.4999	0.0324	-0.2781	-0.0420	0.0459	-0.0486	0.2246	-0.1833	0.6578	-0.6046	-0.0494	-0.5657	-0.0739	0.8400	-0.3118	-0.3179	0.6418	-1.5394	-1.5961	0.0258	0.0434	0.2833	-0.3569	-0.3717	-0.2567	0.6450	1.0246	0.5697	0.6419	-0.5609	0.5613	2.1450	-1.0258	0.5125	1.4212	-0.4714	1.1160	1.7734
1.8463	0.1174	0.8386	0.2752	-0.4167	-0.2082	0.2933	0.0492	1.2070	1.0261	0.7547	-0.0511	-0.3213	0.2176	0.5559	-0.3923	0.3051	-0.2455	-0.0388	1.6120	-0.0172	-0.3972	1.6420	-0.6140	0.3157	0.9961	-0.3842	0.2379	0.0457	-1.3916	0.3843	0.6698	1.3062	0.4248	-0.3322	-0.1964	-0.3268	1.2525	0.3285	2.3987	0.2364	0.6096	1.3835	-0.4053	0.2726	0.8669	0.2382	0.6832	0.2900
1.4575	0.8781	1.2206	-0.4314	0.1603	0.3451	1.9411	-0.0105	2.0165	0.7819	0.9229	0.4707	0.3073	-0.1120	1.2753	0.2402	0.3654	-0.0286	0.5141	1.2988	-0.8479	-0.4230	1.4164	0.0598	-0.3395	0.9753	0.3688	1.1648	0.7032	-0.5751	0.2300	1.6760	0.6490	0.8695	-0.5766	0.2170	0.0541	1.0457	0.3603	0.5059	0.7802	-0.1286	1.2157	-0.5637	0.0800	0.8436	0.5598	0.9093	0.4418
1.0650	1.4664	0.6624	-0.6601	0.0417	-0.4749	1.2180	0.4743	1.3548	1.1504	1.0061	-1.1009	0.6679	0.8401	0.1412	-0.7407	1.5408	0.5658	0.5001	0.8825	0.9476	0.9531	2.1269	-0.5791	0.2680	0.5591	1.7166	1.1905	1.1943	-0.9316	0.2308	0.8108	0.2538	0.1312	0.4685	0.8699	-0.6356	1.0577	0.6816	-0.0407	2.1756	1.0015	0.7632	0.2866	1.0112	0.6865	0.2332	0.4212	0.8008
1.4837	1.6773	-0.8070	-1.0048	0.1532	0.7372	1.3246	0.8777	0.5300	0.8137	0.3534	-0.0087	-0.1042	0.2539	-0.2938	0.3440	0.3568	0.5279	0.3260	0.4792	0.0853	1.2948	0.3880	1.5893	0.6208	1.5355	1.8862	1.2930	-1.1311	-0.5849	-0.2615	0.6828	0.7835	0.5073	0.3526	0.0601	0.3073	0.5329	-0.0986	0.0056	2.0923	0.0767	0.4311	0.2037	1.4951	1.3670	1.3418	0.9230	1.6760
0.7866	2.6759	-1.4307	-0.4889	0.6124	0.8178	0.2858	1.0900	0.3348	0.3510	-1.0067	-1.1305	-0.5050	-0.0392	-0.0486	0.2118	-0.3532	-0.0938	-0.2621	0.3103	1.2746	1.0004	0.3022	1.4888	0.3961	0.1977	1.1101	0.6130	-1.0835	-0.3940	-1.0629	0.1359	1.2673	-0.0206	-0.6574	-0.7198	0.5722	1.7054	0.4862	1.0593	2.1473	1.5066	-0.1877	1.4065	0.9931	0.8990	-0.0118	1.1248	0.7257
1.4894	2.0143	-1.0689	-0.5762	0.9410	-0.4677	0.6165	0.1234	0.7358	0.4479	0.5667	-0.4370	-1.4724	-0.5379	0.0786	-0.5090	-0.0360	0.2603	0.2994	1.8835	-0.5917	1.0214	-0.2318	0.7371	0.4187	0.5324	0.5775	0.9649	-0.9703	-1.2351	-0.6787	0.1570	0.5942	0.5800	-0.7538	-0.1839	1.3550	2.3908	0.5410	0.1201	1.3259	0.4757	0.7335	1.3081	0.5794	0.7153	0.4132	1.4522	1.7257
1.5866	1.3394	-0.8676	0.2916	0.5638	-0.2622	1.0540	0.2118	2.1216	0.4951	1.1343	0.3396	-0.4757	-0.4044	0.7902	-0.5136	-0.6534	-0.2893	-0.7617	1.7606	-0.4011	0.0941	1.4594	0.0656	0.4810	1.1201	0.0801	0.5213	0.2219	-0.9124	0.3728	0.8480	0.9524	1.0148	-0.1856	0.2966	0.2344	1.4940	0.4426	1.4067	1.1280	-0.0255	0.8904	0.9968	0.5351	0.6679	0.2407	1.5061	0.7895
1.8756	0.0283	-0.1551	0.1530	0.6208	-0.6403	1.1674	-0.0979	1.2911	-0.2515	0.7382	0.6346	0.2083	0.3126	0.6778	-0.7802	0.6493	0.4251	0.2032	1.9234	-0.0741	0.2798	0.9586	0.4109	0.6218	0.4972	0.4269	0.5235	0.1989	-0.6380	0.5547	0.0543	1.0191	1.3437	0.7805	0.9450	-0.1632	1.1599	0.3954	0.9491	0.7156	-0.5285	1.7479	-0.8407	0.2781	0.9801	-0.3560	1.0444	0.5493
1.3518	1.2325	-0.2998	-0.4431	0.6384	-0.9457	2.0393	0.0813	1.1034	1.1876	0.2670	-0.4310	1.1518	0.7523	0.7365	-0.5378	-0.0744	-0.0552	0.3733	0.8963	1.2475	0.4228	0.6382	0.5146	0.2715	0.1610	2.0419	0.7653	0.2552	0.7737	0.2774	0.4181	0.3903	0.9415	1.1582	0.8488	0.4353	-0.2353	0.3537	0.9685	1.6498	-0.4374	0.9047	-0.1801	1.2823	1.2514	-0.0955	1.0929	0.0613
1.6549	2.1224	-0.9220	0.0638	0.7798	-0.5726	1.1350	0.3914	1.2084	-0.0212	0.8796	0.3957	-0.0087	0.6058	0.1883	-0.2162	-0.8575	0.3329	1.1249	1.2964	-0.3308	1.0333	0.0113	1.6815	-0.1031	0.0271	0.7216	0.5218	0.1642	0.5798	0.8078	0.7817	1.2750	1.5081	0.7607	-0.9005	1.1741	0.7532	-0.5640	0.0713	2.3696	-0.9514	0.9198	0.6357	1.0215	0.6758	0.4813	1.5619	0.8661
1.3557	1.4008	-0.9196	0.6379	-0.1632	-0.3980	0.8574	0.3971	1.7175	1.0340	1.5872	-0.1091	-0.7249	0.7515	-0.5060	0.2647	-0.8551	-0.1247	1.1764	2.2292	0.0751	0.3735	-0.6473	0.2114	-0.2566	0.1771	-0.3257	0.1974	0.8985	0.3011	1.4391	0.4915	0.9280	1.2424	0.8774	-1.2112	2.7848	1.7866	-0.1963	-0.3785	2.0326	0.0942	0.2530	0.2598	0.2684	-0.3277	-0.3723	1.5323	1.1823
2.2909	0.2284	-0.9769	-0.0776	-0.5354	0.5235	1.3019	-0.2640	2.3736	0.6989	1.6197	0.9494	-0.4567	0.5307	-0.0270	0.7015	-0.8535	0.0134	0.7310	2.0551	-1.1784	-0.6932	0.1581	0.0774	-0.7290	0.5589	0.0148	0.4010	0.5312	-0.4567	2.1324	0.9316	0.3172	0.6395	0.2489	-0.5605	1.0441	1.6461	-1.1521	0.2059	1.2987	-1.2544	0.9570	0.8240	0.6565	0.4750	0.1503	-0.0799	2.8698
2.0626	-0.8462	-0.0350	0.0971	-1.3474	-1.2593	2.0481	0.6564	1.8892	0.5154	0.1865	-0.1345	-0.0411	1.6645	-0.0160	-0.4260	0.5065	0.1921	0.1493	1.0118	-0.1278	-0.8587	1.1885	0.2644	-1.0166	0.3475	1.1211	0.3482	1.5561	-1.4293	1.5620	1.1905	-0.8510	0.0096	0.3108	0.2216	0.1321	0.9523	0.7747	1.0408	1.6829	-0.1497	0.4292	1.0324	0.6611	0.7350	-1.0846	0.6568	1.3626
-0.5951	-0.7832	1.2986	0.6583	-0.2256	0.8423	0.0877	0.7844	-0.0192	-0.0968	0.0844	-0.6677	1.2945	0.9893	0.6913	-0.2469	1.5997	0.9014	0.3155	0.4716	1.0460	0.2599	1.8028	-0.4591	-0.0688	2.1189	1.8396	1.4983	0.4777	0.8924	1.6589	1.1611	0.0856	0.1628	0.2739	0.3714	-0.3330	-1.4483	0.3235	0.6287	0.4983	-0.4126	-0.2668	-0.5132	0.2033	0.7639	0.1543	0.9806	-1.0780
-1.9615	0.4105	2.0273	2.5015	0.8106	4.5244	-2.4704	0.4301	0.1933	-0.3899	0.4984	0.2045	1.5674	1.2468	1.0608	0.3037	3.1545	2.0145	1.8119	-1.2156	2.4830	3.3553	1.7675	0.9457	0.3937	-0.2924	1.1721	1.4662	2.1706	2.3317	0.4522	-1.0793	-0.6103	0.0744	0.3700	1.9241	-0.6292	-2.5649	1.3877	0.8979	-0.7022	2.6474	-1.6635	0.3061	1.8773	0.9048	-0.8322	1.0918	-2.9824
0.8481	-0.1115	1.9364	2.1348	2.1387	3.2588	0.1483	-0.8295	0.2129	1.9309	1.1170	1.6907	2.2759	0.2829	1.3680	2.3609	1.0488	1.1816	0.7331	-0.2876	0.4125	2.2003	0.4845	2.9358	-0.0705	0.3253	0.2135	1.3059	0.1422	2.0069	-0.0687	-1.3918	-2.1699	-0.0900	-1.0897	1.7990	-2.0182	-1.3303	0.4456	0.6914	-0.8389	0.6484	-0.9613	0.2456	0.0794	0.0790	-0.6777	0.1298	-1.1853
-0.1188	0.9548	1.8502	0.6252	2.2742	-1.8799	-0.0882	-0.6712	0.6797	3.7666	2.8860	0.2558	1.4563	0.2973	2.9835	1.2070	-0.1000	0.2980	-0.1888	1.6267	-0.2334	1.0827	1.3491	1.2745	0.1804	2.7948	0.8211	2.0460	0.1980	1.1649	0.4409	1.4340	1.2276	0.3309	-1.6559	1.2807	1.5746	1.4178	0.4818	0.3943	1.2999	-0.3417	0.8279	0.5787	-0.7867	1.0325	-0.7633	0.4853	0.9177
0.3146	0.4225	1.5418	2.3723	0.4471	-1.4024	2.2214	-0.8636	1.1120	2.6841	2.5794	0.2471	1.8573	-0.9425	2.5488	1.0549	-0.0304	0.6749	-0.9934	0.5425	-0.5263	1.3460	0.0959	0.6320	0.2045	1.3316	0.4137	1.5586	0.3537	1.3211	-0.3850	0.4156	1.1797	-0.0346	-0.4864	0.6201	2.0635	1.1180	-0.3451	0.8269	0.6626	0.4849	0.0117	0.4953	-0.2129	-0.4445	-2.4727	1.0571	-0.8448
0.1165	-0.7329	1.4050	2.8238	-1.8991	-1.3751	1.4501	-1.0273	-0.5357	2.2592	3.5280	-0.4853	0.7097	-1.0008	0.3868	0.1688	-1.1669	-0.3053	-1.7551	-0.6989	-1.2995	0.1580	-1.2215	1.2358	-1.4577	-0.1357	0.3809	0.5040	0.1895	2.6321	-1.9019	-0.8485	0.8687	0.5688	0.8367	-0.5696	2.1571	0.3416	-0.4044	-1.0378	-0.1044	0.1051	-0.5237	0.0121	-0.0176	-1.4162	-3.1998	1.1849	-0.7765
0.5744	-0.5883	-0.0255	0.2319	-4.2654	-2.3067	-0.2131	-1.7293	-2.1066	0.2421	2.3039	-0.3054	-2.1933	-1.2342	-2.2909	-0.9513	-2.0863	-1.2536	-0.8838	-1.7289	-2.8361	-1.1553	-2.1598	0.4312	-3.5292	-1.2261	-0.6596	-1.7189	-0.7057	2.1836	-2.5264	-1.9044	-0.7388	-0.6668	0.8922	-2.4314	2.7398	-0.5265	-0.4640	-2.4570	-0.4192	-1.0192	-0.3798	-0.0003	-1.0376	-1.4171	-2.1131	0.3845	1.0165
0.1443	-0.8357	-2.1914	-2.4264	-4.6964	-1.8660	-0.6865	-0.5333	-0.6839	0.7970	-0.6727	-1.0972	-2.9726	-2.3818	-2.1981	-1.8050	-2.7662	-3.4977	-1.9857	-2.8330	-2.5095	-2.6022	-1.5855	-0.9150	-3.9979	-1.7372	-1.2337	-3.2921	-1.9324	1.0639	-2.8893	-1.0452	-1.6369	-2.6475	-0.5954	-3.2063	1.6173	-1.5038	-1.4566	-1.7316	-0.7260	-0.8058	-1.8529	-0.3613	-2.2647	-0.8201	0.4728	-1.3358	-0.2461
0.1442	-2.4757	-2.4740	-3.7347	-4.1082	-2.4205	-2.4073	-0.0297	-0.2325	-1.4616	-2.8913	-2.0806	-2.6768	-1.3119	-3.4429	-2.8083	-1.2626	-3.6680	-1.6339	-3.7128	-1.5388	-3.2842	-2.3272	-2.0308	-3.0568	-2.7107	-0.8580	-3.1957	-1.4389	-1.0362	-2.4305	-1.5103	-1.7528	-2.9414	-0.9243	-2.4206	-1.3113	-1.5639	-0.6913	-2.7226	-1.1519	-0.7006	-2.9879	-1.3151	-2.7042	-0.7662	2.3527	-1.5221	-1.2523
0.4228	-2.4842	-2.2623	-2.8146	-2.6490	-0.7157	-3.2315	-0.2988	-0.5077	-2.9655	-3.5797	-1.9581	-1.9403	-0.5000	-3.4635	-1.8745	-1.4039	-2.6389	-1.2910	-3.7166	-1.9976	-2.7411	-3.0064	-2.0069	-2.1243	-2.0917	-0.3892	-2.0503	-2.4736	-0.1831	-0.6474	-1.7476	-1.6067	-2.9687	-1.3549	-2.3839	-2.4613	-2.5754	-1.4209	-2.9929	-1.4494	-0.8211	-3.4125	-0.8041	-2.9025	-0.7434	3.0521	-0.8275	-0.4319
0.1296	-1.1290	-2.1010	-2.4707	-1.6287	0.3153	-2.6847	0.0772	-0.7127	-2.3813	-3.5918	-1.5787	-1.6485	-1.0435	-2.3345	-1.0307	-1.9266	-2.8273	-2.0164	-2.4503	-1.4879	-2.0753	-2.6672	-3.3102	-2.7810	-0.9395	-0.4725	-1.5316	-1.7844	0.4784	-1.5136	-2.0717	-1.9374	-2.8601	-1.1419	-0.3987	-1.2403	-1.3112	-1.3586	-2.0398	-1.7418	0.1256	-2.5869	-0.2234	-1.4397	-1.1155	1.2891	-1.7292	-0.8404
0.3845	-0.4747	-2.0160	-1.9972	-0.7225	0.6395	-1.0530	0.0000	0.2681	-1.9380	-3.2387	-1.1237	-0.4886	-1.2363	-1.2038	-0.2677	-1.8932	-2.2420	-1.8934	-1.1053	-1.2153	-2.0291	-1.9206	-1.8588	-1.6782	0.3654	-0.8993	-1.3723	-0.6843	-0.5616	-1.4412	-1.1539	-1.2034	-1.9603	-0.6216	0.8439	-1.7349	-0.1816	-1.3229	-1.4041	-1.8119	0.0360	-1.6683	-0.6421	-0.1974	-0.4131	2.4413	-1.7556	-0.2304
0.4202	-0.6809	-2.1893	-1.6708	-0.3565	1.5095	-0.5507	0.0594	0.9402	-0.8360	-1.9840	-0.7143	-0.2028	-0.8865	-0.8844	-0.5206	-0.6880	-1.2993	-0.9183	-0.8641	-0.9894	-1.8912	-0.7093	-0.9259	-0.1784	0.7755	-1.4556	-1.6417	0.4123	-0.2105	-0.2426	0.1107	-0.0071	-0.1273	-0.4707	-0.0894	-1.0920	0.0969	-1.6705	-1.2121	-1.2860	-0.4322	-0.6783	-0.7907	-1.5129	0.0057	1.5593	-0.7200	0.6074
0.2490	-0.6037	-1.2096	-2.0649	0.2927	-0.3582	-0.1031	-0.4284	0.2776	-1.0948	-1.4291	-0.1353	-0.6063	0.1717	-1.2238	-2.0254	0.1189	-1.1576	0.1291	0.0740	-0.4033	-2.0290	-0.7881	-1.8886	-0.0941	0.4784	-1.1060	-0.9736	0.7548	-0.9538	0.7082	-0.0739	-0.6619	1.1047	-0.0366	-0.0904	-1.3219	-0.6462	-0.9525	-1.0704	-0.7313	-1.6396	0.3446	-1.4285	-1.6345	0.1664	0.5509	-0.0368	1.2028
0.2079	-0.5761	-0.5705	-1.3285	0.3115	-0.3656	1.6393	-0.4963	-1.0619	-0.4967	-1.3929	0.1207	0.4173	-0.3554	-0.8531	-1.0032	-0.9166	-1.3551	0.1714	-0.1636	0.9628	-1.4997	-0.5954	-0.6226	0.0560	0.4349	0.0043	0.0091	-0.1558	0.1434	0.2201	-0.8568	-0.4934	1.0059	0.4719	0.0006	-0.6818	-0.4375	-0.0716	-0.0836	-0.8729	-1.5132	0.3344	-1.0925	-0.0818	0.1236	0.1075	-0.3759	0.5316
-0.6169	-1.0358	0.4848	0.1092	0.1703	-0.0611	0.3319	0.0884	-1.1996	-0.8732	-1.4461	-0.2344	0.1818	-1.0438	-0.4460	0.6990	-1.3786	-0.2708	0.1743	-1.2683	0.6606	-0.2158	0.1840	0.3107	0.2404	-1.5267	-0.2375	0.1991	-0.2246	-0.8193	0.4906	-0.2873	1.1170	0.5669	0.3252	-1.1275	-0.5016	-0.7877	-1.3032	-0.8132	-0.6853	-0.4147	0.0320	-1.2805	0.1234	-0.3882	-0.0584	-0.1790	-1.2926
-0.8393	-0.8912	2.3285	0.2719	0.6435	-0.4918	-0.2790	-0.0252	-1.3096	-0.9873	-0.5670	-0.3542	-0.3547	-1.4967	0.2972	1.2390	-2.0924	0.1824	0.3123	-0.2854	-0.9914	-0.0305	-0.2571	-0.4643	0.1507	-0.6722	-1.1838	0.9623	0.1143	-0.9786	-0.3680	0.1185	0.4168	0.8671	-0.2875	-1.0678	0.4498	-0.3768	-1.2772	-0.6910	-0.3940	-0.2854	0.2751	-1.6013	-0.6783	-0.1523	-0.7445	0.1818	-0.3367
-0.7570	-0.0243	2.5428	0.2663	1.1984	-1.2900	0.0801	0.5929	0.1531	0.2479	-0.3103	0.2180	0.2417	-1.2202	1.0990	0.5965	-1.8406	-0.1382	-0.4485	0.0645	-1.2941	-0.6581	1.4771	-1.3804	-0.0305	0.3502	-1.6475	1.2970	0.0412	-1.4542	-0.6111	1.3244	1.1247	0.6721	-0.3494	-0.1742	-0.4862	0.2023	-1.0452	0.6586	-0.6673	-0.1746	-0.0012	-0.4300	-0.6783	-0.3455	0.0064	-0.1505	-0.0007
-1.5559	-0.7639	3.3068	0.0583	1.3429	-0.8139	-0.0685	0.0098	-0.6275	-0.1228	-0.2850	-0.3216	0.3880	-1.1199	0.6714	0.1724	0.1680	1.2086	0.2925	-0.9573	-0.9997	0.4529	1.6976	-0.8708	0.8030	-0.2305	-0.1469	1.3951	-0.3639	-1.2767	-0.7807	1.4477	1.2239	-0.1165	0.6243	1.3589	-0.7198	-0.2764	-1.7375	-0.3168	-0.7366	-0.1750	-0.3527	-1.4717	-0.4602	-0.9308	-0.3165	-1.5556	-0.6040
-1.5911	-0.4245	3.4956	0.5212	0.8795	-0.0061	0.8221	0.0209	-0.6234	0.6327	-0.3612	-1.1490	1.4909	-0.7394	0.8908	1.1827	-1.1394	0.4291	0.3397	-0.9843	0.5052	0.3545	1.0999	0.1037	1.2011	0.4663	1.2277	1.6573	-1.0951	-0.0974	-0.5768	1.6940	0.4988	0.1981	0.5106	0.6748	-0.2345	-0.7970	-0.4862	0.6282	-0.4413	-0.3470	-1.3054	-1.4008	-0.0866	-0.5467	-0.6497	-1.1447	-1.0475
-0.7303	-0.1519	2.9576	1.0951	-0.2471	1.1857	-0.4223	0.5067	-0.3873	0.0353	-0.5261	-0.6431	1.3500	0.3925	0.2077	2.2516	-0.3132	0.1321	0.4296	-0.1454	1.1881	0.3252	0.1757	0.2763	0.8563	-0.5199	-0.3986	0.6330	-0.8457	0.3871	-0.1599	0.5593	0.0600	0.0424	0.6892	-0.1450	-0.2452	0.8267	0.9657	1.5018	-0.5558	0.7101	-0.7598	0.4594	-0.3757	-0.9840	-2.0868	-0.1759	-1.0562
-0.2362	0.8198	1.5689	-0.1401	0.2549	0.7499	-0.2991	-0.0942	0.8789	-0.5603	-0.2024	-0.0537	0.7762	0.2960	-0.2053	1.8986	0.2416	0.0609	0.5180	0.9567	-0.1445	-0.2985	0.1339	-0.0333	0.5854	-0.1561	0.0883	0.1015	-0.4910	-0.8455	0.7486	0.6397	0.2963	0.1977	0.6974	-0.3438	-0.8238	1.2677	0.5281	0.6242	-0.3430	-0.7780	-0.1173	1.5497	-0.2109	-0.0854	0.3035	-0.5660	0.5639
-0.3374	1.8566	-0.4153	-1.1519	0.2359	-0.0771	0.5604	0.1302	0.7687	0.0020	-0.4980	-0.9495	0.0735	0.7110	-0.5294	0.3282	1.9880	0.4031	-0.1370	-0.2132	0.5853	0.0860	0.2847	-0.4393	0.0037	0.1843	1.4065	-0.1824	0.9092	-1.7566	0.6434	0.0189	0.0377	-0.8871	0.3314	0.7313	-0.7681	1.4985	1.6592	-0.0317	1.0031	-1.1877	-0.5041	2.3615	0.9538	0.5215	0.6084	-0.6508	0.5715
-0.5203	2.3208	-0.8617	-0.7008	-0.4833	1.4173	0.0156	-0.0989	-1.4516	-0.4272	-0.5073	-0.7052	0.1065	0.3178	-0.8180	0.2428	2.1369	1.0513	-0.9062	-1.4403	1.1143	0.7809	-0.2827	0.8827	0.5175	0.9054	1.3231	-0.9066	-0.8753	-0.0802	0.5074	-0.9838	0.2090	-1.3625	-1.2738	0.5467	-0.3112	1.0766	1.5892	-1.3176	1.5099	-1.2811	-0.1880	1.7166	1.2076	1.1053	0.7236	-0.0308	0.8541
-1.4787	2.8245	-1.1660	-0.7552	-0.6589	1.6086	-0.1910	0.4591	-1.4760	-0.3905	-0.9792	-0.6900	-0.2598	0.4310	-0.7528	-1.0711	0.4655	0.0821	-1.7359	-0.9578	0.6655	-0.2124	-0.5861	-0.4107	0.6416	0.1046	0.3585	-1.5512	-0.7408	0.3542	-0.7527	-0.5529	0.1445	-0.4271	-1.3698	0.4331	0.7403	2.1984	2.0210	-0.0126	1.9119	-0.2794	0.6855	1.2825	1.2109	0.8861	-0.5730	0.7462	0.8874
-1.2464	0.7179	-1.1145	-0.3434	0.2616	1.0050	0.4786	0.4304	-0.1664	-0.3760	0.1493	-0.6256	0.1938	0.2942	-0.3099	-1.7254	0.0659	-0.0545	-0.8353	0.9650	-0.0386	-0.3626	0.2072	0.2330	0.8790	-0.2802	-0.2301	-1.7083	0.2619	-0.5623	-0.2027	-0.2840	0.1563	0.6136	-0.6522	0.0198	0.2968	1.6117	0.7753	0.6549	0.3524	0.6549	1.2132	0.8263	0.8524	-0.0334	1.0860	0.7370	1.5296
-0.6260	-0.9260	-0.3499	-0.1675	0.7698	-0.0430	0.9329	0.3872	0.6964	0.0550	0.4721	0.2708	0.0475	-0.1682	0.6164	-0.5084	-1.0362	-0.5651	0.6920	0.8943	-0.0931	-1.0439	1.1299	-0.1639	1.1765	-0.0538	-1.1074	-1.2534	1.3984	-0.7835	0.4600	0.0470	-0.0712	1.5004	-0.2723	-0.5389	-0.3264	-0.1077	0.9826	0.4010	0.0579	-0.2646	1.6608	0.1080	0.0960	-0.1947	1.1411	0.0088	0.6078
-0.4634	-1.5186	0.4756	-0.5854	0.7150	-1.1503	0.2017	0.6089	0.1965	0.0078	0.0661	-0.1048	0.8890	0.5092	0.0927	-0.4274	0.0436	0.0920	1.2871	0.3602	1.6442	0.2576	1.5887	-0.9562	1.2643	-0.3439	0.0133	-0.6176	1.7537	-1.8997	0.7902	-0.5099	0.0166	1.6541	1.0537	0.2338	-1.6515	-0.8365	0.6378	0.3118	-0.2024	0.1884	1.2853	0.0938	0.7922	-0.5537	0.1628	-0.7426	-0.8733
-0.4284	-0.5299	0.7058	0.5179	0.7934	-0.2642	0.4863	1.0378	0.2224	-0.7009	0.2170	-0.1140	0.8409	1.5618	-0.1307	0.3288	0.3736	0.1144	2.1035	0.1636	1.1299	0.6477	0.6221	0.7345	1.1486	-0.1619	-0.1214	-0.9690	-0.0160	-0.9439	1.5148	0.0040	0.5095	1.5690	1.8748	-0.7886	-1.0792	-0.4443	0.7517	-0.0194	-0.0192	-0.0812	1.2559	-0.6300	0.0684	-0.1796	-0.5444	0.9146	-0.9845
-0.7735	0.3242	0.4336	0.7979	0.6209	0.5046	0.2476	0.5512	0.0374	-0.0263	0.4527	0.0707	0.1370	2.2526	-0.7847	0.3792	0.0855	-0.4200	2.0102	1.2130	2.2230	0.2275	-0.5377	-0.4318	-0.2319	-0.0814	-1.0608	-1.5156	0.2990	-0.0332	2.1842	-0.8501	0.4902	1.7108	1.8262	-1.0368	1.5877	1.0913	0.1053	0.8222	-0.2109	0.3661	1.6825	-0.1490	-0.9534	-0.7222	-1.7414	-0.0487	-0.2357
-0.4118	-0.4213	1.4258	-0.4603	0.9578	-0.0554	-0.9755	-1.6380	0.0153	-1.5804	0.1815	0.6249	0.5776	1.8653	0.4384	0.5898	-0.1057	-0.5594	1.5923	0.9413	0.1147	-0.3928	-0.5227	-1.4095	-0.6500	0.9255	-1.4749	-0.6569	1.2712	-0.5308	2.4320	-0.1223	0.5718	1.3677	0.5773	-0.1228	1.8523	0.3454	-0.1547	1.0618	-0.3969	-0.9000	2.1015	0.4589	-0.3726	1.7131	1.1409	-1.1379	2.0047
-1.1961	-0.5922	1.5309	2.7787	0.8451	4.0548	-3.0099	0.0459	0.3129	-2.3119	-0.3712	0.4251	1.5880	2.0365	1.6039	2.1497	2.7610	1.5506	2.2583	-1.0611	2.6268	1.9320	1.3670	-0.5367	2.0462	-1.0226	-1.6270	-1.1662	2.8106	1.9108	1.4871	0.3631	0.6892	0.2067	1.5313	1.2989	-1.2737	-1.4926	2.0812	1.9195	-0.6169	2.8417	-0.4465	1.7759	0.8340	1.1791	1.2085	-0.5565	-2.7062
-0.5167	0.0276	-0.3007	2.1408	0.9791	1.3307	1.0076	-2.3948	0.4165	0.8705	0.6443	0.6948	0.6437	1.1625	0.9607	1.3872	1.6912	1.8328	1.3302	0.7812	0.7007	0.7439	0.2883	0.3348	1.5327	0.3439	0.1307	0.4990	0.9348	1.1065	0.0205	-0.1597	-1.2711	-0.0818	0.3797	1.0275	0.1488	-0.6756	1.4381	0.4459	-0.2174	0.4006	1.5222	0.3531	-0.7004	0.0779	0.4302	-1.1251	-0.6851
-0.5111	0.1430	-0.7534	1.0160	1.0482	0.8134	1.1440	-0.2525	-0.8720	0.5507	0.3584	0.6811	2.2540	1.2380	1.2725	1.7644	1.5311	1.4337	0.3487	0.4248	1.4991	1.4874	0.9105	2.3142	1.5911	1.0436	-0.0126	0.3409	-0.0678	0.7336	-0.2507	-0.6765	-0.5580	-0.7277	0.3101	0.2586	-0.7082	-1.0194	0.5680	0.9691	-0.6466	1.2428	0.0008	0.6885	0.1505	0.0395	-0.3891	-1.0654	-0.8522
-1.3150	0.5723	-1.3451	1.4717	1.9292	0.5744	0.6303	0.1569	-0.0774	0.0953	-0.0696	1.6135	1.9908	1.0394	1.5964	2.9828	1.0096	0.9998	0.6309	-0.0151	0.2073	1.7354	-0.1808	3.0394	1.2579	-0.0469	-0.0313	0.6122	-0.5914	-0.0312	-0.3635	-0.3212	0.8434	-0.7652	0.3140	-0.4265	0.0202	-0.3101	0.1391	0.6911	-0.2564	1.0220	-0.2682	0.3776	0.3874	0.0169	-0.7420	0.0850	-0.8802
-0.8428	-0.0373	-1.3945	1.3988	1.5836	0.6435	0.0925	0.5206	-0.2510	0.4828	1.1448	1.4370	1.7473	0.4022	1.1289	1.9708	1.0728	1.3739	-0.4664	0.5977	1.0064	1.5646	-0.4955	1.0070	0.9001	-0.1904	-0.9202	0.8375	0.4885	0.1436	-0.5883	-1.1786	0.6074	-0.3881	0.3134	0.4218	0.8054	1.6837	0.3296	1.2766	-0.3910	1.3944	0.7796	0.4117	0.8120	-0.7639	-0.9772	-0.4659	-0.6460
-0.0985	-0.9110	-0.6013	0.0562	0.6050	0.3271	-0.0209	0.2579	-0.5699	-0.0620	1.1774	1.9865	1.0261	-0.0145	0.6004	0.2536	1.1204	1.8390	-0.0581	0.8276	-0.3239	1.2005	-0.8037	1.6831	0.9876	-0.8557	-0.7407	0.3478	0.8875	0.0974	-0.7406	-1.1532	-0.2033	0.3375	0.1491	0.0683	-0.1295	0.8047	0.3133	0.2918	-1.0025	0.4283	1.4627	-0.2649	1.3971	-0.3310	0.3246	-0.4730	0.4354
-0.4491	0.0578	-0.6371	-0.5006	-0.4709	0.7377	0.8028	0.7874	-0.8862	0.9636	0.6963	2.4036	-0.7341	0.3162	-0.3790	-0.7990	0.9570	1.2478	0.3529	0.6096	-0.4126	0.5011	0.0245	1.6266	1.1481	-1.6820	-1.3250	-0.7958	1.2410	0.9250	-0.4101	-0.3934	-1.0762	0.0191	0.1017	-0.6772	-0.9067	-0.4300	0.7659	0.2467	-0.9438	0.0017	0.4168	0.5660	0.9588	-1.4003	-0.5780	-0.1027	0.1647
-0.9092	-0.2972	-0.1599	-1.1624	0.0225	-0.4104	-0.7646	0.7652	-1.8544	0.3690	0.3434	1.9787	-2.1961	1.2857	-0.8760	-2.6006	2.0481	1.9224	0.8172	0.3274	0.3521	0.9456	0.4002	0.7734	1.5421	-2.8440	-1.3537	-1.2206	1.5006	-0.1009	0.4248	-0.6332	-1.2229	-0.3191	0.4996	-0.3419	-1.3468	-0.3259	0.1471	-0.2884	-0.9879	0.2413	-0.7300	0.4666	0.4829	-1.8654	-0.6385	-0.4002	-0.0347
-1.0028	-0.6457	-0.3016	-2.0556	-0.1908	-0.9849	-0.0868	0.6856	-1.3456	1.1143	0.6121	1.7451	-1.7585	0.6070	-0.5738	-2.3958	1.0413	1.8385	0.4832	-0.2370	0.6695	0.4465	-0.7395	0.4748	0.7605	-2.5297	-0.6367	-0.8620	0.8627	-0.1218	0.3986	-0.8708	-2.4248	-0.0219	0.1475	-0.3245	-0.6273	-1.1646	-0.0274	-0.5244	-1.2131	0.0239	-0.6238	-0.7890	0.3025	-1.5461	0.4530	-0.9316	-0.6105
-0.5375	0.0456	-0.4801	-0.0311	-0.4235	1.3648	-0.7129	1.4267	-1.7635	-0.2336	-0.1439	1.9936	-0.1809	0.0412	-1.3133	0.1784	0.2518	1.7795	0.5266	-0.6715	1.3952	0.5292	-0.5043	1.7696	0.5802	-2.2443	-0.7654	-0.8917	0.2848	1.1403	-0.4749	-1.6781	-2.8013	-0.3330	0.3225	-1.3386	-1.4120	-1.3791	-1.4738	-0.3096	-0.8550	0.9010	-0.5401	-0.0915	-0.3969	-1.8480	1.1509	-1.9733	-1.1307
-0.6255	0.8736	-0.5053	-0.4131	-0.8435	1.3404	-0.2811	1.6542	-1.4210	-0.8904	-0.6660	2.8398	-0.6321	0.7658	-1.2363	-1.0824	0.4632	1.5431	1.2008	-0.7075	0.0757	0.3070	-1.6470	-0.2441	0.0102	-1.4101	-1.2535	-0.9154	0.0532	-0.3141	-0.6227	-1.7847	-1.6150	0.5114	0.5673	-1.4445	-0.2081	-0.6290	-0.0866	-0.2170	-1.0835	0.1094	-0.3680	0.9670	-0.3283	-1.1626	-0.5768	-0.6206	-0.1187
-0.2298	-0.2948	0.0897	-0.2377	-0.9204	-1.2882	-2.6028	3.0053	-1.6785	-1.4300	0.4442	2.6779	-0.0894	1.5447	-0.6318	-2.1750	2.0344	3.4869	1.5376	-1.0552	1.9593	2.8790	-1.9983	-0.3468	0.6871	-2.9671	0.5664	-1.5212	0.4306	-2.3522	-0.7666	-1.3914	-1.7600	-0.3185	1.1935	0.4843	0.0161	-1.9566	1.4837	1.7127	-1.9031	3.9825	-3.0184	2.6944	1.6264	-1.0171	-0.3330	0.7705	-1.4341
0.3061	-0.4811	-0.0518	0.4150	-0.2358	-2.7954	-0.7419	-1.0496	0.5479	-2.1550	1.0953	-0.3153	-0.9738	0.8987	0.4010	-0.5699	0.5879	1.2685	0.1705	0.6713	0.3716	-0.0962	-1.3792	-2.2051	0.3389	-1.1121	1.4068	0.1789	0.3355	1.0290	-0.5778	0.9929	-1.6597	-1.2942	0.6785	0.8018	4.7234	-0.8039	1.4125	1.6085	0.4929	2.7011	-1.3936	0.6369	-0.0725	0.2669	-0.2731	2.1032	0.2085
1.2403	-0.3377	-0.2942	0.9632	0.6855	-0.2412	2.2213	-1.3116	0.6813	-0.2158	-1.5330	0.3918	1.3353	-0.5424	1.6034	1.3461	-0.2928	0.3095	-0.2181	-0.4421	-1.8470	-1.1050	-0.9244	-1.7827	-0.2123	0.7640	0.5795	2.5111	-0.2538	1.1229	-0.8992	0.3048	-1.3372	-1.2911	-1.1764	0.9446	-0.0012	-0.2050	0.4999	-0.4003	-1.5601	-0.3580	0.4179	-1.1206	0.2181	0.6657	1.0743	-0.6597	1.7607
0.9473	0.3055	-0.1818	1.0948	0.8740	-0.5986	-1.5540	0.1543	-0.8497	-0.3128	0.8813	0.8868	2.5446	-1.1386	1.6852	1.9520	-0.7913	0.3797	-1.2002	-0.6982	-1.0846	0.2075	-0.6043	-0.1170	-0.3219	1.1274	0.0077	1.2068	0.1853	0.5536	-0.9013	-0.1817	0.2074	-0.8253	-1.0868	0.8016	-1.2161	-0.3381	-1.1036	-0.0296	-1.1516	0.1204	-0.5623	0.1939	1.4531	-0.8413	1.1746	-0.8151	-0.3363
1.6000	0.9016	0.6910	0.8962	0.4303	-1.8377	-2.0646	0.7693	-0.8242	0.8807	0.8681	2.8046	0.8523	-0.4027	2.3495	3.0484	-0.0101	0.9391	0.5443	-0.8459	0.3364	2.5163	-1.3487	2.2242	0.8691	0.0425	-0.4143	-1.3254	0.1565	-0.8699	-0.8108	-1.2026	0.0301	-1.0514	-1.7902	0.1763	-0.1826	-0.7750	1.0786	0.6539	-1.5859	1.7765	-1.1457	1.0577	0.0164	0.7284	1.1584	-0.1121	-0.3982
2.1837	-0.9036	1.7014	-0.3516	0.4692	-0.2638	2.8983	1.4808	2.6210	2.5534	-0.5028	1.1953	-0.9575	-1.0267	1.6447	0.2803	-0.3981	0.1455	2.0316	1.7340	-0.4823	0.6902	0.8141	0.2560	0.7627	0.9247	0.7108	2.4205	-0.9930	-0.2426	-0.6732	3.6776	-1.2694	-0.9069	-1.5874	0.9857	1.9532	0.2925	-0.4577	0.3831	-0.7152	-2.8433	-1.1343	0.3666	-2.8505	0.5162	0.2164	-0.1799	1.7291
2.1680	-1.1066	0.3680	0.5698	0.9356	-0.8800	1.5727	-0.9837	2.3295	1.0540	1.4406	-0.4397	-2.7297	-1.5722	0.7247	-2.1568	0.1654	-1.0849	-0.5344	2.8579	-2.0223	-1.9042	0.8404	-1.2200	-1.9557	2.5373	1.1193	2.5078	-2.1222	2.2951	0.6188	4.1584	-1.0944	-0.3211	-0.7950	0.9085	1.7640	0.7466	-0.8808	0.6897	1.9357	-4.1418	0.0145	-1.3067	-2.7461	0.3613	-0.8763	-0.1056	0.3404
0.6937	-0.1706	-0.2888	0.5692	-0.5046	-2.3185	-0.2818	-0.6030	0.8122	0.9665	0.0639	-1.7341	-1.8016	-1.5912	-0.2179	-1.8517	-0.5632	-2.2095	-1.4263	-0.1753	-0.4966	-1.9015	1.0807	-1.6450	-1.3411	1.9709	2.5437	1.1623	-0.9863	0.3358	-0.7079	1.7542	-0.2452	-0.6324	-0.3562	0.1880	0.1655	-0.6734	-0.8275	-0.2952	1.5313	-1.0613	-0.7139	-0.5949	-0.6943	0.4523	0.1432	-0.4277	-0.7399
-0.0936	-0.1645	-0.6118	0.8770	-0.9487	-0.7888	-1.4256	-0.2241	-0.1845	-0.2420	-0.7819	-1.2159	-2.1053	-1.9495	-0.3192	-0.8838	-1.0028	-1.8163	-1.2126	-1.1215	-0.4696	-0.9528	1.0836	-0.1010	-0.9364	1.3949	1.6334	0.3343	-2.4473	-0.3923	-1.0068	0.9999	1.4566	-0.2997	-0.9641	-1.2506	-0.0914	0.1665	-2.0284	-0.5300	0.7916	-0.0815	0.0721	-0.6733	-0.3405	0.7058	-0.6171	0.4161	-0.9479
0.2167	-0.4598	0.0185	0.1947	-0.7530	0.5387	-0.7988	0.0391	-0.1337	-0.0020	-0.6745	-1.5100	-1.7361	-0.9462	-0.4365	0.0826	-0.5438	-1.5865	-1.0444	-0.0910	0.1397	-0.9903	-0.0332	-0.8616	-0.3283	0.9581	0.8719	0.7099	-1.7284	-0.3913	-0.2828	0.4588	0.7635	0.2454	-0.5485	-0.6590	0.6353	0.7585	-0.6325	0.4909	0.5249	0.4166	0.3369	-0.5895	-0.6684	0.0117	-1.8567	0.9842	-0.6375
0.8891	-0.7658	0.7781	-1.1736	0.2054	0.1295	-0.2323	-0.6778	-0.3681	-0.9814	-0.1054	-0.9266	-0.7163	-1.3659	-0.1269	0.5703	-0.6911	-1.2328	-0.7768	1.1288	-1.4961	-0.8003	0.2359	-0.5779	-0.2531	1.3508	0.4307	1.8316	-0.1412	-1.1182	0.3298	0.9505	1.0178	0.8177	-0.7504	-0.3150	-0.3412	0.8552	-1.1007	0.5390	0.2453	-0.7999	1.2505	-0.0841	0.1768	0.4298	-0.6685	0.3119	1.0749
1.0636	0.4882	0.0712	-0.5917	0.5995	-0.3953	0.2719	-0.8699	0.0786	0.0169	0.9820	-1.1590	0.8759	-1.9436	0.0294	0.2807	-1.1953	-1.8341	-2.2282	0.4461	-1.2329	-1.0176	0.5241	-0.5046	-1.6320	1.1631	0.2319	1.5362	0.1641	-0.2001	0.2861	1.1475	2.2427	0.3291	-0.9771	0.6446	-0.1448	1.2516	-0.3646	0.6122	0.9012	-1.4799	1.1358	1.0490	1.1688	0.5242	-0.1417	0.6168	0.5390
0.5728	0.0209	-0.7638	-0.9135	0.1828	-0.1174	1.4899	-0.5151	0.5803	0.3865	1.0683	-1.1051	0.1791	-2.1956	0.1052	-0.7725	-0.4954	-1.0276	-1.7520	-0.2305	-1.3896	-0.9507	-0.2354	0.1666	-2.1535	0.8313	0.8413	1.3930	-0.9626	0.9320	-0.6988	1.0805	2.5175	-0.5233	-0.7586	1.1495	0.8400	0.2364	0.1283	-0.1642	0.8938	-1.6772	1.0462	-0.2204	0.4408	0.6669	0.1194	0.9520	1.0649
0.3108	-0.0837	-1.1126	-1.2992	-0.5915	-0.6458	0.3797	0.0438	0.6663	0.1259	-0.2333	-2.1417	0.0694	0.0517	-0.9862	-1.4370	0.4308	-0.7699	-1.0309	-0.0214	0.1788	-0.2571	0.1665	-0.1607	-1.9688	0.0816	1.5264	0.2430	0.2546	0.5091	0.4907	0.9814	2.6251	-0.0054	0.2871	0.7193	-0.0557	-0.4192	0.4809	-0.0205	1.3326	-0.4370	-0.2910	-0.2367	0.2844	-0.0057	-0.6603	1.3747	0.3852
0.4058	0.0681	-1.0938	-0.4983	-1.3348	-0.4153	0.0820	-0.1997	1.3229	0.5310	-0.2737	-1.2881	-0.0089	0.7603	-1.3981	-0.6715	-0.5686	-0.8650	-0.2563	0.6297	0.1001	-0.4484	-0.3938	0.6631	-1.8827	0.9783	0.6644	-0.0276	-0.1254	0.0610	2.1604	0.4319	2.0525	1.3234	0.8411	-0.2453	0.2464	-0.8062	-0.5320	-0.9536	1.4742	-0.3550	-0.2633	-1.1725	0.2769	-0.0964	-0.3360	1.8523	0.1471
0.3987	0.3255	-1.1254	0.7414	-1.2597	0.6082	-0.9881	-0.0893	0.6065	0.2810	0.2565	-1.0200	-0.4131	0.3196	-0.9978	0.4109	-0.5691	-1.2965	-0.5495	0.4711	0.7056	-0.5503	0.3783	-0.1152	-1.2792	0.3900	-0.8894	0.0868	-0.1157	0.3468	1.7651	0.0827	1.8641	1.1185	0.5064	0.2137	1.0113	0.0705	-1.1077	-0.4557	1.0834	-0.2577	0.3473	-1.4337	0.5448	-0.0702	-1.7365	1.4051	-0.6738
0.6275	-0.3947	-0.4224	0.0198	-0.8178	0.5305	-0.6487	0.4333	0.5073	-0.0300	0.5874	-0.8797	-1.0477	0.0272	-0.5761	-0.3836	0.1935	-0.9468	-0.1927	1.3531	-1.1918	-1.2558	-0.3649	0.1142	-0.8110	0.5014	-0.7484	0.3028	0.3400	0.0340	1.2966	0.1034	0.1862	0.3478	0.4901	0.9904	0.5149	0.7033	-0.8730	-0.7185	0.0099	-0.2539	0.6097	-1.3028	0.5486	0.2471	-0.5801	1.1673	0.3666
0.4494	-0.0585	-0.6516	0.0025	-0.9735	0.0550	-0.2421	0.4598	1.4687	0.7941	0.4509	-1.3715	-0.1652	-0.0760	-0.6506	-0.2062	0.1146	-1.2155	0.0965	0.5640	-0.7613	-1.7069	0.3191	-0.6175	-1.2952	0.8867	-0.4170	-0.0659	1.5883	0.6328	1.3464	0.5024	-0.1083	-0.2452	0.4136	0.3214	-0.1786	-0.1680	-0.5864	-0.3770	0.7474	0.4896	0.3474	-0.6982	0.1272	0.0561	-0.3385	0.9695	-0.0157
0.4122	0.3566	-0.6859	-0.8988	-0.9546	-0.5202	-0.1078	0.1899	1.6430	0.0501	0.0033	-0.6408	-0.5573	-0.2366	-0.2101	-0.7386	-0.7190	-1.0696	0.2041	-0.1069	-0.5391	-1.4207	0.3555	-1.5892	-1.5524	1.2082	0.2002	0.2557	-0.4264	-0.0532	1.9985	0.9000	0.7882	-0.1028	-0.5626	-0.2542	-0.8205	-1.0275	-1.0774	-0.5922	1.5879	-1.2070	0.1600	-0.9956	0.2156	0.4415	1.5832	0.6220	0.7845
0.2591	1.4224	-0.5304	-0.1553	-0.8954	0.6438	-0.0229	0.4740	1.3188	-0.7594	-0.6204	-1.6825	-0.1187	0.1732	-1.1466	0.1341	-0.4977	-1.0732	0.1931	0.1234	0.8291	-0.3121	0.7192	0.3232	-0.8196	1.4600	0.6702	0.0847	-0.6536	0.8466	1.1200	0.5533	1.0625	-0.3693	-0.3439	-0.6815	-0.5982	-0.2190	-0.9001	-1.3479	1.6411	-0.6736	-0.4536	-0.1098	-0.1595	0.3830	0.4879	0.6487	0.3828
0.0006	0.9614	-0.1845	-0.5558	-0.3991	0.3318	1.5520	0.1548	0.8416	-0.0851	-0.0035	-0.4508	-1.4683	-0.3273	-0.3822	-0.3088	-0.3609	-0.7753	0.2126	0.1955	-0.5357	0.1260	0.3713	0.6738	-0.4443	0.6752	-0.9797	0.1096	-0.5714	-0.6267	-0.0541	-0.2842	0.8774	0.9452	0.1719	-0.3371	0.4960	0.8336	-0.8328	-2.1111	0.6358	-0.5310	0.5104	-0.0695	-0.2229	0.5021	-1.3413	0.7929	1.0223
0.5280	-0.1559	-0.4481	0.6480	-0.5125	0.5546	0.5794	0.3225	0.0191	0.3545	0.3953	-0.5750	-0.6862	0.1587	-0.6738	0.2245	0.0967	-0.3582	-0.7523	0.3766	0.2402	0.2084	0.6781	-0.4999	0.2055	-0.4277	-0.1721	0.3347	-1.0746	-0.5044	-0.5555	-0.3163	1.3412	0.3360	1.5665	0.2648	0.3215	0.7233	-0.2133	-1.2349	-0.4924	0.7260	-0.0657	0.2525	-0.1370	-0.8233	-1.4946	0.6729	0.3408
0.4056	-0.5743	-0.9167	1.0033	-0.0800	0.0804	0.0438	-0.1242	0.2539	-0.0164	0.4063	0.6723	-0.5422	-0.2108	-0.0165	-0.0553	-0.8597	-0.5816	-1.0244	0.4582	-1.0025	-0.5623	0.7945	0.2313	-0.5410	-0.1994	0.2489	0.3985	-0.8773	-0.6443	-0.5347	0.1905	2.0338	0.9149	1.2208	0.2080	-0.8011	0.7443	0.0385	-0.6791	-0.0178	-1.2141	0.4104	0.0178	0.3782	0.3372	0.6025	0.4498	0.6636
0.0883	-0.3492	-0.5647	0.4028	-0.3141	-0.3579	-0.5893	-0.1195	-0.0809	-0.4071	-0.3173	-1.1043	-0.3743	0.5230	-0.3119	-1.1248	0.7016	-0.2336	-0.3108	0.3042	0.1019	-0.1193	1.3174	0.4056	-0.2943	-0.3115	0.7175	-0.0079	1.5392	-0.8507	-0.5379	0.1300	1.7255	0.1881	0.7802	0.3853	-0.7089	0.7296	0.9049	0.6418	0.8427	0.1653	-0.0446	-0.2090	0.3387	0.5640	-0.1939	0.5843	0.0724
-0.4658	-0.2860	-0.3818	-0.1493	-1.3549	-0.0639	0.0790	0.3681	0.9318	0.5708	-0.2784	-1.5324	0.0337	1.0922	-0.3865	-0.4973	-0.0545	-0.2499	0.3410	-0.1722	1.1693	-0.3869	-0.0089	0.1296	0.6104	-0.3603	1.2359	0.1109	0.8914	-0.2762	0.3130	-0.4581	0.9017	0.6253	1.4474	0.1241	-0.9442	-0.1081	1.1638	0.5286	1.1772	0.1809	0.1386	-1.0105	0.6396	0.5777	-0.2651	1.1233	-0.8959
-0.5213	-0.1440	0.0673	0.6717	-1.1086	0.5935	-0.1114	0.0465	0.6632	-0.2515	-0.7760	-1.4597	-0.2214	-0.2720	-0.6566	0.9664	-0.8372	0.0567	0.8248	0.0076	1.7357	0.1863	0.1255	0.9590	0.5782	-0.7874	-0.4397	-0.4704	0.2265	0.0179	0.8349	-0.7902	1.4779	0.6296	1.3634	-1.0818	-0.0434	0.1838	-1.1731	0.0452	0.7509	0.5361	0.3806	-0.7891	0.1041	-0.3276	-1.1242	0.5287	-1.6562
0.1156	0.4161	-0.1996	0.7925	-0.0034	0.6758	0.6250	0.1494	0.4498	0.2805	0.2442	-0.5625	-0.9160	-0.4824	-0.4651	0.8630	-1.5732	-0.2071	0.3165	1.0612	0.7637	0.2616	-0.3133	0.4722	-0.5528	0.4114	-1.1325	-0.7549	-0.7156	-0.2048	1.0747	-1.0312	-0.5142	1.7291	0.1024	-0.9001	0.8698	0.7104	-0.5398	-0.9382	0.3456	0.6932	0.2395	-0.0607	-0.8873	0.0446	-0.5151	0.0806	0.1610
-0.0627	0.2581	-0.7973	0.1421	0.2444	0.1649	0.0280	-0.1191	0.7049	0.6535	0.7314	0.0621	-1.0357	-0.1925	-0.5323	0.2142	-1.4541	-0.7647	-0.3391	1.4243	-0.2909	-0.2609	1.1000	-0.8976	-0.8687	0.8840	-1.0528	-0.9002	-0.7280	-0.9312	1.4384	0.1870	-0.1698	0.5370	-1.0862	-0.8896	-0.6759	0.8999	-0.9058	0.1411	0.1210	0.1283	0.3603	-0.0138	-0.1192	0.1677	0.2567	-0.9069	0.9745
-1.8204	0.9557	-1.0001	0.4800	0.7944	-1.1384	-1.1709	-1.8400	1.0990	1.0043	-0.1150	-0.0621	-1.4035	1.1677	-0.6967	-1.8654	-0.7791	0.7873	0.3240	1.8492	-1.4082	0.3306	1.7997	-1.0402	-0.0871	0.8105	-0.6912	-1.5509	0.3775	0.9301	0.4117	0.5772	0.4779	-0.0984	-2.0585	-0.7463	0.8338	0.5027	0.5809	0.1669	0.6908	-0.5667	0.7882	-1.2014	-0.5386	1.7668	-0.3744	-0.7345	1.4647
-0.2983	-0.1342	0.8833	0.7433	1.1249	-0.5008	0.7378	-2.2360	0.3350	-0.0360	-0.6779	0.5045	1.7341	-0.9311	0.1382	-1.1773	1.0104	2.2294	1.5205	0.4364	-2.2329	1.3169	0.9734	0.3760	-0.2917	-0.7680	0.2923	0.0537	-1.6233	1.5398	-0.1072	0.1076	-0.5900	-0.0653	-1.1854	0.8775	-0.6945	-1.6605	-0.9093	-0.5821	0.1071	0.2065	-0.3920	-2.1550	-0.2465	-0.4270	2.4991	-1.0088	0.9127
-0.3129	0.9161	2.2851	0.0687	0.6885	-0.9406	0.5065	-1.1943	-1.2752	0.5575	0.5846	-0.7606	1.8339	-0.1824	1.4220	-0.3916	-0.1165	0.1150	-0.0110	-0.7303	-0.3195	1.1928	0.9200	-0.6846	0.0389	0.8121	0.3633	-0.3593	-0.6935	0.8223	-1.7469	0.1654	-0.3963	-0.6742	-0.8884	1.3704	-0.0127	-1.7807	-0.0867	-0.1030	0.6594	1.7469	-1.1714	-0.7411	-0.2134	1.0069	0.8367	-0.1370	0.0086
-0.9452	1.0489	2.6789	-0.3383	1.3038	-0.3914	-0.5558	-0.9199	-1.8474	0.4780	-0.2621	-0.8551	1.1169	0.8377	2.2818	0.1620	-0.1595	-0.7268	-1.1416	-1.0312	-0.1301	1.5197	1.1080	0.7116	1.2362	0.9428	0.4561	0.4115	-0.2383	0.5517	-1.2427	-0.0831	0.5685	-1.1212	-1.1752	1.3653	-0.5633	-0.9477	-0.4372	-0.6640	0.5066	1.2401	-0.6267	-0.0180	0.4199	1.8206	0.4582	0.1083	-0.0764
-0.4196	0.2290	3.0997	-0.2754	1.9063	-0.0841	0.8925	-0.8723	-1.1002	0.0513	-0.4941	0.4853	-0.0467	-0.0432	1.9081	-0.2455	-0.1185	0.3005	-0.4613	-0.0436	-1.2651	1.5941	0.7444	1.9898	0.4851	1.0205	0.5989	0.3912	-0.9693	0.2995	-0.7070	-0.5565	-0.4401	-1.0443	-1.8771	0.4886	-0.3854	-0.8311	-0.7296	0.1423	-0.2663	0.7264	-0.0621	-0.9690	0.0191	0.4946	1.0688	-0.4412	0.3425
-0.0175	0.0465	2.0593	0.3075	0.5275	0.5287	0.8189	0.1238	-0.6234	0.0329	-0.3518	-0.2498	0.6623	0.5475	0.3972	1.0775	-0.2555	-0.2380	-0.2892	-0.5309	0.4705	0.8493	0.3366	1.0474	0.0551	0.0354	1.1155	-0.0240	-0.3969	1.1941	-0.6973	-0.6101	-0.9014	-0.9589	-1.0931	0.2626	-0.1461	-0.7950	0.1317	-0.0142	0.2988	0.5655	-0.5662	-0.5401	0.2071	0.0876	0.2151	-1.3244	-0.6305
0.2554	0.3085	0.0966	-0.2488	-0.9712	0.7921	0.3449	-0.7399	-0.8260	0.0013	0.9890	-0.2780	0.6241	0.0698	-0.4392	1.3642	-0.1629	0.2533	-0.0290	-1.1055	1.1525	0.9391	-1.1819	-0.1443	0.3514	-1.3834	0.1429	-0.7168	-0.6857	0.9380	-1.3191	-2.2640	-1.3347	-0.3323	0.0621	0.0034	1.3745	1.0411	-0.1391	-0.9950	-0.4441	0.9746	-0.2730	0.3055	0.5951	-1.0294	-0.9319	-1.1966	-0.9965
0.6423	0.9139	-1.0616	-0.6624	0.2013	-0.0801	1.1420	-0.9988	0.8627	-0.0333	0.0756	-0.2250	0.4201	-0.4698	-0.0023	0.4641	-1.7945	-1.0092	-1.1003	-0.4324	0.1558	-0.4401	-1.3364	-0.6853	0.7607	-0.6158	-0.4651	-1.1900	-0.2204	0.3347	-1.7920	-0.9515	-1.3331	-0.5579	0.3759	-1.1523	-0.6208	1.4309	1.0781	0.5694	-0.6928	0.0218	-0.6854	2.3145	-0.9538	0.0536	-0.1654	-0.1532	-0.5753
0.5114	-0.0918	-0.4458	-0.2645	1.1285	1.0736	0.1794	-0.9096	1.1133	0.4773	0.2203	-0.4994	1.1093	0.1072	0.3788	0.5152	-0.9162	-0.9071	-1.1222	-0.4886	0.2232	-0.3189	0.3425	-0.5524	1.6236	0.4243	-0.7001	-1.3191	2.1713	0.2302	-1.0524	-0.4392	-0.6608	-0.4879	1.1086	-1.3597	-1.3166	1.5327	0.8436	1.5695	-0.8699	-0.0012	-1.2811	3.2194	-2.0061	0.2568	0.2736	-0.4006	-0.5896
0.4602	-0.0244	0.1665	-0.9636	0.6379	-0.0933	0.5214	-0.7807	0.9905	0.6895	-0.0253	0.2235	0.8595	0.9259	0.1704	-0.6753	-0.0123	-0.0266	0.5298	-0.5850	0.7083	-0.0517	-0.0586	-0.0545	1.4040	0.1287	1.0287	-0.2072	2.7299	-1.0027	-0.1574	-0.4850	-0.5238	0.6543	1.2623	0.3455	-1.0216	1.2441	1.8998	0.8345	-0.5365	-1.1613	-0.6547	1.9796	-0.8498	0.4406	1.1012	0.2929	0.2348
0.5667	-0.0361	-0.1845	-0.3564	0.4567	0.6012	-0.1974	-0.0590	-0.0834	-0.2519	-0.9456	-0.0399	1.5174	0.5691	0.0862	-0.2243	-0.0413	0.9760	0.7247	-0.5967	1.9830	0.5621	-0.1210	1.7822	1.6070	0.4144	1.1987	-0.2348	2.1020	-0.0621	0.0584	-0.4315	-0.3171	0.7947	0.3754	0.7416	-1.2208	0.4500	1.7006	0.3622	-0.3012	-0.8484	-0.0919	1.5661	0.3083	0.5886	1.0252	0.3277	-0.0584
0.7310	0.3952	-0.7731	0.4058	0.0463	-0.0729	-0.7438	-0.3966	-0.8091	-1.1335	-1.1146	0.5054	0.4398	-0.2775	-0.1130	0.8760	0.7718	2.8245	3.0043	-1.6361	0.6741	0.3959	-1.0064	1.0839	1.4394	-1.3085	0.9313	0.6413	0.7725	-0.9474	-0.2780	-0.5293	-1.1759	0.0025	-1.3764	0.0817	-0.3572	0.7275	2.3407	-1.5978	0.6948	-0.4863	1.1890	-0.4581	2.0129	1.5174	0.4628	0.8582	0.2289
0.2791	1.2894	0.0978	0.3447	0.1642	-0.2232	-0.7445	-0.4236	-3.2035	0.7502	-0.0071	-0.0685	0.3784	-0.9273	0.2897	1.1931	1.3232	0.3290	-0.5449	-1.6754	0.1193	0.8069	-0.9811	0.6827	1.7632	-0.9597	0.9526	1.1088	-1.3386	-0.9643	-1.3332	-1.0218	-1.6238	-0.0112	-2.3032	0.6587	2.1373	2.6649	2.0343	-2.5740	0.6420	0.6879	1.5371	-1.0052	2.4398	1.0504	0.6801	0.9529	0.3553
-0.4999	1.7098	0.9567	-0.5984	1.1259	-1.1343	-0.4505	-0.2645	-3.2950	0.6018	0.6443	0.2019	-0.2496	-1.6284	1.0063	0.6240	1.2213	-1.2797	-2.4634	-0.9346	-2.5163	0.5720	-1.3982	0.7772	1.0767	-0.3061	0.0263	1.7488	-1.8933	-1.8230	-2.0166	0.4871	-1.3119	0.2544	-2.8140	1.6350	1.8865	2.0897	1.6636	-1.6765	0.4027	0.0663	2.1096	-1.0669	2.4095	2.0652	1.8031	-0.6006	1.2104
-0.4556	1.8047	0.6760	-0.1816	1.0293	-1.1912	0.0340	0.1127	-1.2188	1.2490	0.4937	-0.2088	0.9255	-1.7708	1.0410	1.0418	-0.1452	-1.4939	-2.2978	-1.1271	-1.5541	0.0045	-0.0161	0.4151	0.8113	-0.7693	-1.0215	0.5980	-0.5526	-0.5365	-2.2138	1.4093	-1.1728	-0.1862	-1.9072	0.5397	0.8440	1.4465	0.7368	-0.1578	0.6415	1.0518	1.5724	-0.1850	0.8254	1.7016	1.2175	-0.8181	-0.2123
-0.2341	0.3308	0.1714	-0.6706	0.0761	-0.3782	0.3833	0.0643	0.2560	0.5856	0.5194	0.0182	0.1282	-0.8164	0.5059	0.4579	-0.6012	-0.6902	-0.8178	-0.9084	-0.7842	-0.6547	0.1567	0.5059	0.6577	-0.6658	-0.3950	0.4074	0.5879	-0.0555	-1.2426	0.8713	-1.0993	0.4627	0.0405	-0.4795	0.7843	0.8956	0.2923	0.9539	0.1346	0.0636	1.1162	0.4475	-0.5138	0.9336	0.4422	-0.2250	1.0394
0.0854	-0.3262	0.0258	-0.8632	-1.1860	-0.6486	0.2287	0.1018	0.3872	0.8087	0.6336	-0.3565	0.4047	0.4976	-0.5712	-0.6906	0.4703	-0.1545	0.0051	-0.6516	1.7179	-0.2756	0.2559	-0.5740	0.6917	-0.3911	0.9591	0.1006	1.3951	-1.2646	0.6742	-0.5729	-1.1660	0.2696	1.6600	-0.1706	-0.2274	-0.7633	0.6419	2.0339	-0.0489	0.2005	-0.7077	0.9371	0.2807	-0.7140	0.0402	0.3344	0.6256
0.1133	-0.3311	0.1003	-0.2829	-1.2624	0.2219	0.4858	0.0917	-0.0636	0.0913	-0.0051	1.1619	1.0191	0.7228	0.1348	0.1522	0.3870	-0.3444	0.6232	-0.2925	0.4512	-0.0953	-0.9442	0.6689	0.6513	-0.2145	0.7377	-0.2236	-0.0228	0.1327	1.0461	-0.7592	-1.8350	0.3990	1.3608	-0.0711	0.2716	-1.3208	-0.8177	-0.2692	0.1892	-0.5008	-0.4153	-0.0410	0.7790	-0.1552	0.9748	0.5686	0.0096
-0.1347	-0.3723	0.1883	0.6517	-1.1632	1.1809	0.1111	1.1277	0.1269	-0.7915	-0.7033	0.9615	0.5436	0.8306	0.0325	0.7857	0.3159	-0.1488	0.8292	-0.1908	1.2741	0.1053	-0.7738	-0.6786	-0.2202	-1.1577	-1.8485	-0.9790	-0.0984	0.6757	0.9958	-1.0546	-0.7579	0.2979	1.4432	-0.7139	1.2658	-0.5272	-1.0876	-0.0447	-0.0488	1.1469	0.1903	-0.3543	-0.2841	-0.6281	-0.9797	0.5338	-0.9021
0.2381	-1.3046	-0.1562	-0.2026	-0.3726	0.9027	0.4166	0.6605	0.2642	-0.0979	0.0401	1.7015	-0.4373	0.8397	-0.4845	-0.3185	0.4622	0.2003	0.8632	0.9989	-0.0994	-0.1104	-1.7584	-0.6972	-0.9717	-0.3352	-3.1021	-1.0874	0.2041	-0.4540	0.6872	-0.9039	-0.9711	0.2851	0.9726	-1.1228	1.3707	-0.3690	-0.9664	-0.2937	-1.0030	0.8092	0.5109	0.2905	-1.3388	-0.8063	-0.7984	-0.2272	0.2805
0.2823	-0.8420	-0.7849	-0.1859	-0.3552	0.9009	-0.4323	0.3561	0.7864	-0.0280	0.0489	1.5642	0.5158	0.6826	-0.3309	0.0017	-0.4190	0.6149	0.2720	0.1006	-0.1475	-0.8688	-0.7339	-0.5059	-0.3136	-0.6627	-0.7733	-1.0536	0.1000	-0.3876	0.4250	0.0816	-1.4796	-0.3332	0.5500	-0.9209	-0.8657	-0.4279	-1.2749	1.3106	-0.7749	0.8295	-0.0382	0.9205	-1.1051	-1.2846	0.3034	-0.7662	-0.5870
0.1005	-0.9958	-0.3614	-0.5300	-0.3321	-0.0931	0.1215	0.1510	0.9855	-0.9413	-0.8637	0.7135	-0.4696	1.2186	-0.2210	-0.9621	-0.4288	1.2780	0.7860	-0.1885	-0.5629	-0.9956	0.1378	-0.5460	-0.0919	-0.5801	-0.2316	-1.3274	1.5181	-1.4234	0.3143	0.2692	-1.5073	0.3724	1.0560	0.0386	-0.7523	-0.3063	-0.4055	0.8953	-0.8723	0.2808	-0.0441	0.1120	-1.5455	-0.7439	0.8103	-1.0900	-0.0460
-0.4603	-1.0134	0.0322	-0.5020	-0.5434	0.3178	0.6830	0.2805	0.7052	-0.6519	-1.0959	-0.4603	0.3790	1.0205	-0.8433	-1.5730	0.0329	1.3627	0.4296	0.0449	1.0106	0.0335	0.2563	-1.0185	0.5709	0.0772	0.6560	-0.9207	1.9223	-1.5616	1.0220	-0.6689	0.1371	0.1651	1.9984	0.0056	-0.5215	-1.3697	-0.6144	1.7234	-0.8257	0.5439	-0.4475	-0.0462	-1.2599	-1.4382	-0.0492	-1.9988	0.0032
-0.6548	-0.5520	0.5458	0.5755	-0.4449	0.9787	1.0217	0.9571	0.3883	-1.3834	-1.0189	0.3628	0.6795	0.6544	-0.5247	-0.3043	-0.3379	0.9814	0.8326	-0.2327	1.3123	-0.1123	-0.5285	0.6009	0.9545	0.1224	0.7372	-0.4631	0.3843	-0.3465	0.4367	-1.2206	0.5710	0.6285	2.1368	-0.5618	-0.1034	-1.1191	0.2966	1.1202	-0.5236	-0.0542	-0.3482	-0.5609	-0.8263	-0.6680	-0.3505	-1.6887	-0.3866
-0.1551	-0.5103	0.2736	0.8787	-0.0552	0.4984	-0.4501	0.2753	-1.0007	-1.0677	0.0361	1.7232	-0.0608	0.1789	0.4664	0.9397	-0.4875	0.8400	0.7065	-0.6598	1.0455	0.0725	0.0009	-0.5540	0.3220	-1.3233	-1.3459	-0.3325	-0.4045	-0.1567	-0.2373	-1.7925	0.6683	0.8114	0.7940	-1.4084	0.3254	-0.3055	-0.7469	-0.1664	-0.6796	-0.1181	-0.3218	-0.6023	-0.8591	-0.8585	-0.5327	-1.7100	-0.9088
0.7789	-0.1473	0.2337	1.2287	-0.2260	0.7979	-0.8013	0.0569	-0.3849	-0.4611	0.1873	1.2748	0.7446	0.7814	0.4828	1.6152	-0.5764	0.3830	0.6057	-0.5342	-0.2154	-0.6137	-0.8813	-1.2501	-0.8682	-1.4137	-1.6482	-0.1220	-0.6398	0.9675	-0.1327	-0.9961	-0.3205	0.4618	0.5783	-1.2712	-0.6009	-0.2839	-0.2215	-1.0202	-0.8367	-0.6312	-0.5687	0.4552	-1.2302	-1.0869	-0.0671	-0.8814	-0.4845
0.8551	0.1412	-0.2081	0.6062	-0.0539	1.6551	-0.5922	0.0573	0.8950	-0.3792	0.3258	1.3778	1.7387	1.0086	0.0883	1.2537	-0.2088	0.5830	0.4799	-0.2378	-1.1062	-0.4275	-0.0214	-0.7284	-0.8707	-0.3394	-1.3232	-1.0972	0.4581	0.6072	0.5707	0.2948	0.0074	-0.4213	1.0926	-0.8919	-0.8754	-0.0316	-0.8907	0.6158	-0.7884	-0.2603	-0.3497	1.9724	-0.7612	-1.7272	-0.0100	-1.3231	0.3507
0.4349	-0.4067	-0.4658	-0.4431	-0.1039	0.5734	-0.4119	0.9017	1.0341	-0.8790	0.2059	0.6591	-0.8818	1.7190	-0.9543	-0.8102	0.8947	0.7135	1.0885	-0.0609	-0.3079	-0.4012	-0.1083	-0.2367	-0.7030	-0.0445	-0.9620	-1.1930	1.6640	-0.9735	0.5528	-0.1379	-0.2059	-0.1815	1.5949	0.1282	-0.0180	-0.3837	1.2763	1.8166	-1.0105	-0.0797	-0.2405	1.0579	-0.7042	-1.5382	-1.2025	-0.4522	0.8172
-0.1296	-1.2318	-0.1193	-0.6286	-0.0975	1.4547	-0.6898	0.8032	0.2145	-0.4149	-0.5682	0.8748	-0.9809	1.6818	-0.9003	-1.1824	1.2129	1.1119	0.5600	-0.2056	0.2031	0.4403	-0.1929	-0.5981	0.0931	0.1762	0.3629	-0.5062	-0.6281	-1.0013	1.1082	0.1268	0.4554	-0.6633	1.5668	0.0013	-0.9120	-2.0014	0.3675	1.8845	-1.4026	-0.6542	-1.4790	0.1741	-0.1527	-1.6979	-0.3138	-0.1782	-0.2653
-0.3645	-0.7440	-0.6175	0.4059	0.0375	1.4262	0.0201	1.9888	-0.1244	-0.8825	-1.1080	0.6512	-1.0623	1.6555	-0.9213	-0.2567	1.0823	0.2833	0.5636	0.2384	1.2014	-0.1213	-0.6616	-0.0066	-0.0246	-0.0082	1.0571	-0.7157	-1.1047	0.1273	0.5597	0.3799	0.6588	-0.8508	1.0942	-0.5200	-0.9155	-1.6257	1.0373	0.9408	-0.8164	-0.1164	-1.5541	0.5645	-0.6567	-0.4357	-0.0753	0.4925	-1.2737
-0.4534	-1.3056	-0.1957	-0.6108	0.2033	0.6901	0.6764	0.9404	-0.5599	-0.7071	-0.4138	1.4806	-0.9232	1.1913	-0.6714	-0.0423	1.9066	0.8334	1.1716	0.9516	1.1607	0.2045	-1.3242	-0.4609	-0.6110	-0.4816	-0.6221	-0.6421	-0.4167	-0.9905	0.4083	-0.7828	0.2183	-0.3891	1.0438	-0.2008	0.6960	0.1937	-0.4555	-0.1336	-1.6946	0.5828	-0.0052	0.0647	0.0930	-1.5763	-1.2813	-0.3178	-1.5851
-0.2923	-0.3767	-0.3524	-0.6764	0.7896	-0.2710	0.6830	0.3229	0.2825	-0.8196	-0.7198	1.5891	-0.6772	0.4764	-0.1742	-0.0341	0.5105	0.2260	0.8238	0.9994	-0.0543	-0.7515	-0.4586	-0.5997	-0.4892	-0.4429	-1.0222	-0.9307	-0.3281	-1.2379	0.1859	0.6174	0.0601	-0.3675	0.7125	0.3376	-0.5168	-0.1459	-0.8200	-0.4941	-1.1671	-0.8884	0.2304	0.0642	0.9529	-0.8090	0.4100	-0.9560	-1.1814
-0.0211	-0.6302	0.5269	-0.5400	1.0445	0.0715	-0.0554	-0.0757	-0.6308	-0.7375	-0.5458	0.7599	0.4936	-0.9891	0.3105	0.8476	0.4855	0.3678	0.5170	0.0636	-0.8259	-0.4706	0.6497	-0.9014	0.1198	-0.5634	-0.8911	-0.8676	-0.1229	0.3540	-0.5592	0.9577	-0.4338	-0.6104	-0.3763	-0.3228	-0.9379	-0.5660	-0.7438	-1.0800	-0.4428	-1.8888	0.6601	-0.3562	0.1773	-0.3888	0.6214	-1.3368	-0.7691
-0.1920	0.3542	0.4637	-1.2075	0.5189	-1.7249	0.2180	0.0390	-1.4047	-0.5394	-0.4667	-0.6175	1.0500	-0.4417	-0.0956	0.5322	1.8883	-0.5242	0.0784	0.0004	0.3022	0.0227	0.6833	-1.6510	-0.4276	-0.6005	0.4550	-0.2494	0.7607	0.3762	0.5026	1.2643	0.6851	-0.3064	-1.3875	-0.6289	-0.9894	-0.9060	0.6297	-1.3769	0.5388	-1.9971	0.3324	1.3954	0.4088	0.0279	0.0168	-0.2404	0.2086
0.0201	0.6200	-0.3746	-0.8320	0.5201	-0.7193	0.6443	-0.2228	-1.6985	-1.6382	-0.0107	0.6576	0.8037	-1.2849	-0.6146	0.5505	1.4224	-0.7516	0.4747	0.4536	-0.3131	0.8577	-0.0150	0.8374	-1.1746	-0.0283	0.0938	-0.4915	-0.4195	0.7113	1.8345	1.5733	2.0662	0.2743	-2.4892	-0.8966	-0.1594	-1.0830	-0.5511	-0.8266	-0.0214	-2.2291	-0.3144	2.2453	0.7474	-0.3846	0.3198	0.3931	1.3109
-0.2920	-0.1614	-0.4772	0.5947	-0.7812	-0.3180	-0.1574	0.3997	-1.4453	-0.8065	0.5066	0.4773	-0.2209	-0.2324	-1.0355	0.5629	0.9466	-0.7157	0.5563	-0.7463	0.1695	0.2542	-0.9770	-0.6500	-2.1656	-1.6949	-0.3286	-0.0303	-0.3612	0.9865	1.2430	0.1321	0.8076	-0.4286	-1.5047	0.4053	1.2086	-1.0185	0.6976	-0.3812	-0.5864	-1.2170	-0.8328	0.6763	1.1034	-1.7052	-2.1829	1.5270	0.1889
-0.8103	-1.5878	0.9824	0.5175	-0.9017	0.1280	-1.0745	0.3022	-1.6653	-1.0900	0.3692	-0.3813	0.5549	0.0232	-0.6202	0.2434	1.9861	1.0897	1.0684	-0.7412	-0.6590	0.2939	-1.6047	-1.2117	-0.7460	-2.5704	0.9978	0.9698	-0.5356	0.6134	-0.4305	-0.3375	-0.5934	-1.9291	-0.2164	1.8732	0.3122	-0.4913	0.8257	-1.5463	-1.7843	0.5485	-0.9304	-1.3888	1.2682	-1.7941	-2.3409	1.8068	-0.8683
-0.8758	-1.1401	0.1728	-1.1441	0.0249	0.3756	0.3714	-0.5064	0.5480	0.1037	-0.1859	0.2946	-0.5566	-0.7989	1.0161	0.4238	0.9182	0.7751	-0.5328	-0.0738	-2.0393	-1.0622	-1.2546	-0.8579	-0.4625	-0.3000	1.0892	1.4959	-0.8541	1.6086	-0.0441	2.2265	-0.5289	-0.8822	-0.3836	0.5934	-0.3882	-0.3073	-0.1710	-0.7692	-1.0662	-0.5937	0.3012	-0.9600	-0.7196	0.4849	-1.4270	1.4551	0.1653
-0.8628	0.5080	-0.4645	-0.1394	0.3814	-1.7360	-0.7309	-0.9258	0.2914	1.6958	-0.0469	-1.1584	-1.9947	-0.9660	1.0732	-0.2209	0.0582	0.1008	-1.4912	0.2109	-0.8755	-0.5169	0.7988	-0.1677	-0.8659	1.8055	0.3742	1.0991	-0.5235	0.9842	-0.1748	0.6373	0.1889	-0.0807	-0.5059	0.7384	-0.1194	0.4173	1.0820	0.3906	0.2196	-0.1888	0.0878	-0.0504	-0.8843	1.5893	0.6762	1.8501	0.7078
-1.0870	0.8638	-0.5255	0.7139	0.1146	-1.9875	-0.4097	0.6130	-0.3017	1.5332	-0.1292	-1.8605	-1.6291	-1.2656	0.7239	-0.0052	-0.8941	0.0424	-1.7178	0.1135	1.2817	0.4108	0.6850	1.1326	-0.2969	2.2065	1.1598	1.8631	-0.2290	0.3589	-0.8793	-0.3209	0.1211	-1.2518	-0.8851	0.6303	-0.7047	-0.5874	1.2983	0.0270	0.6544	0.6303	-1.0459	-0.3791	0.2778	0.7971	0.5591	1.5499	-0.9690
-1.3383	1.3660	-0.4844	1.5773	0.9340	-1.1330	-1.5847	0.1013	-1.4101	0.3981	0.5585	-1.2039	-1.0666	-1.3243	1.7620	0.8181	-1.4890	-0.4721	-2.5815	-0.1912	0.8698	0.5685	1.1630	0.7321	-0.6417	2.2905	1.1634	2.0826	-0.9629	2.0652	-1.6300	0.3863	0.6820	-1.0338	-1.9128	0.9205	-0.1305	0.0572	1.0204	-0.4098	1.6690	1.0058	0.3915	-0.5914	0.4126	2.2445	-0.7552	1.3958	-0.4214
-1.6236	0.6404	-0.5147	2.1108	0.5170	-0.4376	-1.1777	0.5433	-0.9815	1.5401	0.7510	-1.2966	0.4670	-0.7991	1.6232	0.9326	-0.2490	-0.6928	-2.6053	0.4241	-0.2845	0.1725	0.5464	0.9102	0.1755	1.4706	0.8146	2.6591	-0.9270	1.6439	-1.1799	0.5106	0.9993	-0.8091	-0.8487	0.6283	0.3481	0.8408	0.0798	-0.2500	-0.2271	1.1498	0.0353	-0.4655	1.0015	0.4425	-0.7612	1.5332	-0.5079
-1.5773	-0.3755	-0.4344	0.7423	0.6144	-0.2640	-0.2011	0.2561	0.8669	0.9730	0.4195	-0.3261	0.1589	-1.5084	1.4394	-0.2468	-0.3379	-0.2706	-1.5046	0.7149	-1.4765	-0.2189	1.1441	0.6066	0.7100	1.5346	-0.0203	2.5158	-0.4069	1.0833	-0.9647	1.9647	1.2344	-1.0859	-0.2747	0.4039	-0.6077	-0.1291	-0.8740	0.3003	-0.5021	0.1512	-0.4654	-0.4517	0.6097	0.3048	0.0519	0.4708	-0.2354
-1.0630	-0.9459	-0.7163	-1.0773	-0.4918	-1.6083	-0.5128	1.1280	0.8473	0.0912	0.2057	-1.4465	-1.1031	-1.4067	-0.2394	-2.3895	-0.7090	-0.5067	-0.2584	0.6780	0.4205	-0.2164	1.1725	-1.1844	0.7976	0.6579	-0.0420	0.5683	0.9457	0.6281	-1.1478	0.9935	0.9815	-1.4722	-0.3867	0.4633	-0.5339	0.0023	0.0680	2.2242	0.0601	0.9585	-1.1015	0.3291	0.4348	-0.1881	-0.2766	-0.6750	-0.3995
-0.6037	-1.0559	-0.1578	-1.0809	-0.4662	-0.8689	-0.1849	1.5106	0.6073	-1.3326	-0.7355	-1.3985	-1.6440	-2.0193	-0.7002	-1.7275	-1.7142	-0.2051	1.5470	-0.1711	0.1433	-0.2012	0.5059	0.8165	0.7385	0.2307	-0.7215	-0.3958	0.5112	0.3206	-0.2548	0.6137	1.3552	-1.0701	-0.7588	-0.5317	-0.3681	-0.0072	-0.7769	1.6286	0.2791	0.4718	-1.0456	0.5085	-0.1249	0.3062	0.5035	-1.1773	0.7043
0.1249	-0.4034	0.1842	-1.0648	-0.8062	-0.1483	-0.5018	1.2201	0.2986	-0.0497	-0.0058	-1.0747	-2.4130	-1.2167	-0.9836	-0.9615	-1.9328	-0.9297	0.7786	0.0253	0.5121	-0.5465	-1.0045	0.1876	-1.3124	-0.0582	-1.7604	-0.2030	1.0485	0.9950	0.6968	-1.4288	-0.1421	0.0905	-0.8737	-0.4876	1.6112	1.4406	-0.4881	1.1523	0.2200	0.7018	-0.0169	0.7148	0.0450	-0.8479	-1.7556	-0.5806	0.5241
-0.4340	-0.5125	0.3019	-0.8910	0.0386	0.3102	-1.1977	0.4097	0.6218	-0.1245	-0.5741	-0.0386	-0.8287	-0.7497	-0.5464	-0.7374	-1.0883	-0.3395	0.7652	0.5615	-0.6583	-0.8436	0.2289	1.1356	-0.8946	-0.5498	-0.9968	0.5330	1.3158	0.0971	1.5659	-0.2940	-0.1091	0.6449	-0.3051	-0.1817	-0.5064	0.5496	-1.9627	0.6141	-0.0815	-0.1699	-0.0100	-0.0462	0.7114	-1.1869	0.8199	-0.9421	0.7939
-0.2605	0.4467	0.1313	-0.4505	-0.0306	-1.1260	-0.4736	0.6734	0.4287	0.3828	-0.6433	-0.3014	-0.2851	0.2308	-0.2921	-0.8752	-0.3710	-0.1033	0.6191	0.3666	-0.0806	-0.4903	0.8226	1.3385	-0.5948	-0.4884	-0.2556	0.2398	2.1128	-0.3513	1.1146	0.1498	-0.1065	1.3774	-0.1699	0.1383	-0.1320	0.1247	-1.0107	0.2253	0.7176	-0.3501	-0.2969	-0.2779	0.2570	-0.2179	1.7517	0.0131	0.9611
-0.8386	0.5442	0.0121	-0.1407	-0.8504	0.1393	0.0465	0.7707	-0.3384	-0.2359	-0.0880	-0.5402	0.0101	0.0744	-1.3871	-1.0100	0.2178	0.3168	1.0658	0.2551	0.9283	0.1891	0.2019	1.3968	0.0578	0.4302	0.5670	-0.0711	-0.1273	1.1151	0.1166	0.2575	0.1749	1.2715	-0.0831	-0.0185	0.9237	-0.2401	-1.0154	-0.3848	0.8976	-0.2195	0.2910	-1.4013	-0.3650	-0.7191	1.3060	0.8124	0.1085
-0.6834	0.4876	-0.5314	0.6554	-1.2595	0.2466	0.5900	1.3957	0.0575	-0.4685	0.6698	-0.2657	-0.5394	0.3024	-1.5132	-0.2047	-1.0183	-0.9432	0.3587	0.0543	1.7226	-0.4917	0.0444	0.1212	0.0117	-0.3689	-0.1752	-0.6145	-0.7485	0.8288	-1.0629	-0.4488	0.5768	1.6272	0.5535	-0.8528	1.1518	0.0155	0.3045	0.3519	0.9525	-0.2150	0.7623	-1.3194	-0.2393	-0.0633	-1.2544	1.4522	-1.2075
-0.2826	-0.8551	-0.3564	0.0111	-0.5273	0.0583	0.1699	0.9226	0.4918	0.1713	0.8837	-0.7523	1.4028	-0.6277	-1.2665	0.3070	-1.0893	-0.4354	-0.0949	1.0117	0.2089	-0.7252	0.1052	0.0145	0.9075	-0.2489	-0.7081	-0.1687	-0.9013	-0.3179	-1.0671	-0.5315	0.6253	0.6682	1.1139	-1.1263	0.3696	1.0534	-0.5430	-0.1751	-0.5299	0.2579	0.6622	-0.9514	-0.0047	-0.6707	-0.8020	0.5250	-0.8230
0.0949	-0.7042	-0.2187	-0.3417	-0.3665	0.0572	0.6770	1.1723	1.5375	0.0050	-0.0419	-0.7773	1.4394	-0.1627	-1.3499	-0.6999	-0.9924	-0.1820	-0.3726	1.4684	-0.6937	-0.6889	0.9389	0.2524	0.6937	-0.0777	-0.5416	-0.8199	0.3119	-0.3082	-0.5862	0.2129	0.0528	0.7800	1.5110	-0.4129	-0.3381	0.0891	0.1147	-0.3916	-0.3732	0.7531	-0.5756	-0.9205	-0.6080	-0.3582	-0.5348	0.0680	-0.8565
-0.0687	-1.3575	0.0914	-0.2065	-0.7823	0.6738	0.2586	0.5441	1.5791	-0.4709	-0.6125	-0.9465	1.7695	0.2820	-1.7588	-0.5662	-0.3160	0.3253	-0.0028	0.5226	0.4873	0.0341	1.4054	-0.9208	0.2713	-0.2210	1.3818	-0.8056	-0.7919	-0.3438	0.1445	-0.0598	0.8469	0.2112	2.4277	0.1382	0.0053	-1.4158	-1.0440	-0.4275	-0.2382	0.3012	-1.2756	-1.1491	-0.1494	-0.8643	0.0496	-1.3050	-1.0162
-0.3709	-0.8893	0.2494	1.0573	-0.7516	0.5772	0.1959	0.5722	1.1145	-1.3663	-0.7485	-0.4525	0.2486	0.4086	-1.2002	0.7592	-0.6448	-0.1884	0.4584	-0.0926	0.1769	-0.7659	0.6461	0.3947	-0.6289	0.0179	1.2596	-0.1659	-1.7398	-0.7190	0.7590	-0.6906	1.1488	0.6261	1.5116	-0.9454	-0.3184	-0.9335	-1.0212	-0.7841	0.0912	-0.7905	-0.0555	-1.1885	-0.1945	-0.0758	0.2973	-1.0095	-0.8050
0.0986	-0.6365	0.5909	2.0585	-0.8357	0.3268	-0.7221	0.2694	0.4119	-0.4851	0.2974	-0.7853	-0.1628	0.4335	-1.2257	1.5091	-0.7776	-0.4046	0.6073	0.3436	-0.1886	-1.1908	0.1607	-0.0802	-0.7878	-0.3934	-0.3581	0.0613	-1.2282	0.4908	0.5226	-1.6739	-0.1877	0.5645	0.6703	-0.5369	0.4100	0.6902	-0.4138	-1.6074	-0.2020	0.4166	1.1661	-1.7243	-0.3607	-1.2836	-0.0720	-1.4712	-0.8589
-0.3090	-0.7948	0.7517	0.7349	-0.2449	-0.7310	-0.0331	-0.2539	0.6565	-0.6615	0.1699	-0.0360	0.0930	-1.0137	0.3168	0.9964	-1.1004	-0.8056	0.3210	-0.4719	-1.0371	-1.2582	1.2587	-0.4562	-0.3222	0.0798	-1.1653	-0.1204	-0.5215	-0.2450	0.2475	-0.4517	-0.8481	0.6218	-0.7022	-0.8160	-0.0167	0.0574	-0.7709	-1.4941	-0.2043	-0.4300	1.1672	-1.3046	-0.4198	-0.4838	1.3605	-1.5580	-0.3884
-0.2197	-0.7382	0.3926	-0.2612	-0.9526	-0.9054	-0.1475	0.4974	-0.3274	-0.4782	-0.1034	-1.3179	1.2881	-0.5933	0.3629	0.0727	0.0347	-0.7921	-0.3232	-1.7091	0.5324	-0.2353	1.7956	-1.8167	0.4999	-0.2240	0.9313	0.2122	-0.0818	-0.1831	-0.6754	-0.2375	-0.1245	0.0684	0.0971	0.1265	-0.1472	-0.4651	0.0331	-0.9759	0.3189	0.0083	-0.2286	-0.0254	1.0532	-0.0020	1.1275	0.0705	-0.7538
-0.4733	-0.5448	0.0396	0.0072	-0.4721	-0.7455	-0.1125	-0.1140	-1.0128	-1.9936	-0.6709	-0.2488	0.0693	0.0490	0.5855	-0.4206	1.1896	-0.3879	0.1386	-1.9101	-0.2056	-0.0950	0.0351	0.4880	1.2739	-0.6304	0.6180	0.2898	-1.3266	-0.5053	-0.6499	0.0557	1.1037	0.0243	-0.0477	-0.7929	-0.0752	-0.2789	-0.2402	-0.0994	0.2930	-0.0328	-0.8548	-0.0703	0.7579	0.5427	0.0541	1.3002	-0.3134
0.8067	1.7325	0.6509	-0.0599	0.8042	1.2293	-0.5771	-8.6999	-0.6902	-0.0350	-1.3199	0.4166	1.3314	3.8900	0.8488	-0.4281	4.2432	2.5889	0.4546	-0.4074	-0.0886	1.9947	-3.7384	-1.1446	1.2562	-1.0422	0.5379	-0.3680	0.4952	-2.1389	0.8265	1.5971	-0.6933	-1.5935	-1.3376	1.7995	1.3700	0.3464	-0.0086	0.0604	0.1819	1.1421	-0.2688	1.0146	0.2801	2.2570	-2.7313	-0.6872	1.0970
4.4856	4.4742	-1.3623	-2.1593	3.2247	0.0747	1.8024	-3.0613	-0.8695	6.0115	1.9321	3.4270	-0.5964	2.5201	3.1676	0.1100	-0.3439	-0.2656	-0.7253	0.1381	-1.8528	2.6990	-0.3843	1.4010	0.1922	1.3011	-0.3946	-2.2132	2.0997	-2.2648	-0.4141	-0.3935	-2.4526	1.7318	-1.8746	1.6381	0.4334	1.7027	3.1620	0.4869	1.4142	-0.2304	2.9689	2.5995	-1.1104	4.1381	2.6113	0.1389	4.4988
6.2587	3.3935	0.4775	1.7207	2.6416	2.8583	2.6112	-1.2995	1.0494	2.5607	3.3400	2.9486	-0.4697	-0.3515	3.3100	1.4330	0.4076	0.0299	-2.0840	2.0073	0.7012	3.1773	-1.0229	1.1526	0.6129	2.5859	0.8173	0.7040	1.1128	-0.6292	1.5371	-0.3054	-1.1354	0.6526	-0.4808	1.5234	-1.1748	2.1669	1.3138	1.2109	3.1157	-0.2674	1.5928	2.3349	-0.4656	2.7000	0.9815	1.7084	2.1598