IC05	IC08	IC09	IC15	IC16	IC17	IC18	IC19	IC20	IC23	IC24	IC26	IC27	IC29	IC31	IC33	IC36	IC37	IC38	IC41	IC42	IC43	IC44	IC45	IC46	IC47	IC48	IC49	IC50	IC51	IC54	IC56	IC58	IC60	IC62	IC63	IC64	IC65	IC66	IC67	IC68	IC69	IC71	IC72	IC73	IC74	IC75	IC76	IC77
0.5538	0.9067	-0.1939	-0.2216	0.7652	2.0216	-0.7202	1.1232	0.4757	1.0276	0.1602	-0.5161	0.7707	1.0353	-0.2953	0.5974	1.5805	1.0771	1.4729	0.8132	-0.3167	0.7173	-0.6378	1.3166	0.5398	0.0658	0.9904	0.5282	1.1241	2.2581	0.1920	1.1838	-0.2384	-0.2608	0.1130	0.3222	1.2520	1.1003	-0.1473	2.1002	0.4609	1.1465	-0.3462	0.6634	1.6047	-0.3056	-0.9656	0.4600	-0.9035
0.6394	-0.6835	-0.9660	0.8202	0.0067	0.9437	-0.3064	0.4359	0.0586	1.1210	0.2438	-1.4235	0.2808	0.9085	-1.5945	0.1206	1.2518	0.1279	1.1723	0.0393	0.6587	0.7202	-0.5706	0.7227	0.0707	-0.0039	0.9781	0.6163	0.5676	-0.0633	0.3209	-0.1791	-0.0983	-0.3992	-0.5652	0.5681	2.5187	1.7265	0.3564	0.8214	0.7575	0.4683	0.3212	-0.2304	1.0119	-1.1245	-0.7599	-0.2097	-0.8745
0.7154	0.5665	-1.2296	0.6358	0.2363	0.1238	1.0916	1.2934	1.5952	0.1580	1.3858	1.4843	-0.3084	0.7118	1.0081	-0.1609	-0.3763	0.1987	0.3177	0.6549	0.3399	-0.1448	1.7764	-0.0356	-0.2510	1.5633	0.5531	-0.2554	0.9691	-0.7704	1.6934	1.5671	0.5928	0.5752	-0.3972	-0.6167	-0.3416	-0.3603	-0.7738	1.1930	-0.3396	-0.5598	0.4213	1.4298	-0.9731	1.3840	1.1064	0.2766	-0.4169
0.8056	0.5737	-0.9245	-0.1376	-0.2703	0.1658	0.9410	1.3801	1.6123	-0.3574	0.9750	0.2545	0.1123	0.6987	-0.5609	0.3466	-0.3438	-0.2313	0.2795	0.7080	0.8509	-0.3416	-1.0749	-0.7786	-0.3583	1.5812	1.0563	0.5347	0.2476	-0.1923	0.4378	1.3907	0.0035	0.0788	0.8615	-0.7913	-0.3445	0.3240	-0.1582	0.3483	0.6480	-0.5128	0.1280	1.3341	-1.3500	0.5019	0.3034	1.3044	-0.0540
0.6984	-0.2567	-0.4181	-0.2412	0.4631	-1.0295	0.0048	1.1846	0.5994	1.2176	0.7891	-0.4584	-0.7486	-0.5240	-0.3428	-0.4950	0.5585	0.4515	0.3897	-0.4888	2.2846	0.8499	-1.3576	-0.7709	-0.5992	0.6286	-0.0650	0.5393	0.2400	-1.3097	-0.7982	-0.5861	1.3462	-1.0478	0.9125	-0.4298	1.3716	0.9333	1.1540	1.1477	0.9446	0.8389	0.4256	0.1766	-0.0463	0.5371	-1.4342	0.9908	1.2077
0.2931	-0.3837	-1.2288	-0.9363	0.2869	-1.5507	-0.1668	1.4281	0.6154	0.4698	1.0934	0.1111	-1.0505	0.1984	0.7631	-1.2269	-0.1428	0.0989	0.4594	0.1962	0.0019	0.0584	0.7245	0.2548	-1.2713	1.1823	0.7997	1.2763	0.2185	-0.6655	-0.1807	0.4460	0.5052	-0.1361	-0.4539	-0.7926	1.3899	0.4513	-0.1586	0.5405	0.1993	0.0565	-0.1549	-1.0305	-1.4706	0.3827	-0.6082	0.8208	1.4861
0.4167	-0.0239	-0.1993	-0.2909	0.8070	-0.3386	-1.2477	0.4049	0.1304	-1.1450	-0.0817	1.0323	0.7165	0.6379	0.0354	0.3259	0.0643	-0.1615	0.7626	0.5569	-0.4330	0.4382	0.0023	-0.0684	-1.4112	1.4380	0.7124	0.3915	0.1231	0.2070	1.4772	1.5617	-0.1245	0.1191	-1.4876	-1.0993	-1.0537	-1.8523	-2.2655	0.1402	-1.2544	0.3707	-1.0301	0.2446	-0.8671	-0.6931	-0.2348	-0.3284	-0.2769
0.5605	-0.3158	-0.5234	0.3614	-1.0979	-0.2940	-1.3809	-0.1390	0.2661	0.3146	0.0881	-0.9714	0.4286	-0.3709	-0.8116	0.1392	0.1371	-0.4232	0.6914	-0.3064	-0.4449	0.4234	-0.9496	0.1322	-1.6968	-0.7823	-0.7321	0.1909	0.5357	-1.2440	1.5146	0.6764	0.6588	0.1065	-1.4354	-1.0503	0.6034	-0.3903	-1.4511	0.2250	0.0874	-0.7191	-0.7232	-0.0333	-1.7670	-1.5816	-0.6916	0.0720	-0.9855
0.8307	0.7686	-0.0797	-0.1343	-0.9367	0.4312	-0.6289	-0.0603	1.2262	-0.4132	0.6010	0.5216	-0.1268	0.7999	0.1926	-0.0083	0.5989	0.8044	0.5845	0.5505	-0.2126	0.2392	-0.0914	0.8666	-1.1646	-0.2090	-0.4856	0.2027	1.6545	-0.8681	1.1603	0.3258	0.6731	0.6020	-0.1401	-0.7823	0.3290	-0.0703	-0.5566	0.4283	-0.2795	-1.3477	-0.6695	0.7855	-1.2746	-0.0273	-0.1172	1.4323	0.6962
-0.3139	-0.0763	0.1709	-0.0216	-0.1125	0.5133	-0.6141	0.0771	0.9512	-0.5762	0.3877	-0.0923	0.1960	0.6712	-0.2394	0.2642	-0.8527	0.0324	0.1654	-0.5604	0.2895	-0.7829	-0.7117	-0.0258	-0.9501	-0.5856	0.7088	0.4504	1.9939	0.2331	1.1955	-1.1978	-0.5818	-1.3744	1.6203	-0.9419	0.2581	0.1891	-0.3338	0.8576	-0.2958	-1.0450	-1.3541	1.5091	-0.4954	-0.3336	-0.0346	1.1761	0.3249
-0.7364	-0.7080	0.4232	0.5763	-0.1855	0.5598	-0.5672	0.8936	-0.0317	0.6883	-0.2161	-0.5031	1.1184	0.4924	-0.2515	0.2776	-0.4376	-0.1792	0.0801	-2.2516	1.2940	-0.0728	-0.6160	-0.1595	-1.0696	-0.9185	-0.1939	-0.3389	1.5863	-0.1098	0.2091	-1.8128	0.7497	-1.4816	1.8329	-0.5004	0.7595	0.3472	-0.2098	1.2961	-0.4204	-0.6415	-0.3836	1.0455	0.3126	-0.1944	-0.2215	-0.2100	-0.1950
0.7243	0.0401	0.0944	0.4709	-0.6952	0.1093	-0.4505	1.1952	0.6488	0.3211	0.3860	0.5494	0.3597	-0.1936	0.3006	0.1873	-0.8412	-1.3377	-1.0846	-1.2604	0.4248	-2.1752	0.3458	-0.5899	-1.9452	0.0466	-0.6681	0.3277	1.2903	-0.0092	-0.7833	-1.1319	0.5709	0.2346	1.1585	-0.1440	0.0203	0.8239	0.2300	0.7641	-0.2199	-3.0326	0.6612	1.3936	-0.3899	0.8881	1.1015	-0.2916	1.1118
1.6860	-0.3094	1.3917	0.0460	-0.7594	-0.2766	-0.3572	0.7371	-0.4428	-0.5788	-0.5652	-0.8271	0.3620	0.1900	-0.3290	-0.2631	0.5256	-0.3341	-0.7696	-0.3137	1.1461	-0.1542	-0.8252	-0.1492	-0.5909	-0.4631	0.4991	0.3631	-0.1660	0.0300	-1.2142	0.4116	-0.6479	0.0346	0.2235	0.0491	-0.8432	0.2606	1.2118	0.2113	-0.4644	-0.6210	-0.9684	1.5558	0.3430	-0.6496	-0.4357	-0.0947	0.0533
0.7208	-1.1858	0.3360	0.2786	-0.9497	-0.0319	0.1990	0.2379	-1.3248	0.5101	-0.4306	-1.8674	-0.0889	-0.4224	-1.4448	-0.5984	1.2565	0.3157	-0.9395	-0.8268	0.8070	-0.1645	-1.2825	-0.3431	-0.4701	-0.4928	-0.0873	0.0860	-1.2395	-0.3254	-1.4597	-0.6694	-0.7146	-0.5415	-0.0182	-0.4520	1.2622	1.0513	1.3655	-0.8836	-0.5267	0.5443	-0.2379	-0.6831	1.0069	-0.8954	-0.2354	-0.0109	0.2726
-1.0875	-0.7144	0.8406	0.3690	0.8536	0.9627	0.9315	-0.4886	-0.3184	0.1608	-0.7328	0.1918	-0.2155	0.3664	-0.0245	-0.0870	1.2578	1.5055	-1.1743	-0.3585	-0.7451	0.6841	1.1465	0.7076	0.8424	0.9580	0.2645	-0.2823	-0.4854	0.5429	-1.2207	-0.1006	-0.0377	-0.5672	0.4556	-0.2592	-1.3002	-0.5937	1.3201	-2.3834	-1.9564	1.5961	-0.6552	-0.9043	0.3981	1.9907	1.1149	1.2569	1.2877
-1.1000	-0.6881	0.8982	0.1299	0.3739	-0.4862	0.2507	-0.3744	-0.8761	-0.3550	-0.1467	-1.4350	-0.6172	0.3764	-0.4925	-0.4223	-0.8118	-0.1225	-1.2258	0.2910	-0.8333	0.7279	-0.5840	0.0904	1.5039	0.2664	1.2514	0.9304	-1.4555	0.1934	-1.2214	-0.1923	-0.7749	-0.7385	-0.3617	0.7888	-1.3440	-0.8940	0.8882	-1.5727	-0.6342	1.6396	-0.1691	-1.6840	0.3486	0.1687	0.4148	0.3309	0.7077
-0.6392	0.3777	0.2514	-0.2683	0.0887	0.2612	0.5356	-0.0336	-1.2516	0.4689	0.5818	-1.0719	-0.5435	-1.3420	-0.0775	-0.5528	-0.6623	0.0304	-0.9684	0.4204	-0.1978	0.2055	-0.2568	-0.3498	0.3330	0.1459	-1.0129	-0.1627	-1.6860	1.4574	-0.0557	-1.7047	-0.0726	0.1336	-0.1858	0.8001	-0.4452	-0.9714	-0.2542	-1.3078	-0.1149	0.6181	1.0094	-1.8325	0.2191	0.2668	-1.4853	-0.9726	0.7408
-0.4616	0.4692	-0.3159	-0.6779	-0.8662	-0.2305	1.0765	-0.1827	-0.2133	-0.1741	-0.1380	-0.5128	-1.3339	-0.7763	0.5557	-0.2495	-1.1382	-0.0425	-1.2814	0.1003	-1.1332	-1.1078	0.8901	0.0219	-0.4186	0.5941	-1.3832	-0.3786	-0.9455	1.9309	0.1323	0.0386	-0.0632	1.1039	-0.9105	0.1421	-0.2306	-0.6305	-0.7895	-1.4679	-0.6889	-0.4714	0.2175	-1.5764	-1.0276	0.5336	-1.0231	0.0391	0.5757
-0.0918	-1.1336	1.3105	0.0649	-0.9862	0.0334	-0.3839	-1.0851	-1.4179	-0.3830	-2.0333	-0.6062	-0.5265	0.6977	-0.9613	-0.1958	0.0648	0.1836	-0.3310	0.0186	-0.0667	0.2916	-0.3359	2.0816	0.8885	-0.5202	-0.5743	-0.3547	-0.8316	1.1663	-0.7725	-1.2394	-1.4119	-0.4231	-0.1148	0.1804	0.1850	-1.8186	-0.9079	-1.5632	-2.1418	1.2402	-1.6141	-1.7048	-0.5014	-1.2207	-2.0476	-0.4763	0.0387
-0.8422	-0.8830	0.3239	-0.1253	-0.1881	-0.1431	-0.3796	-0.9597	-2.2252	1.1218	-0.1085	0.2615	-0.5809	-0.0822	-0.4319	-0.6145	0.7676	-0.9856	-0.9468	0.2058	-1.4536	-0.2910	0.1269	1.1004	0.9276	-1.1892	-1.2414	-0.3089	-1.8396	-0.2282	-0.5759	-1.7765	-1.2512	-0.7126	-0.1261	-0.0650	0.2643	-0.9002	-0.0727	-1.8093	-1.2059	-0.1155	-0.6277	-1.8927	-0.2755	-0.4988	0.0262	-1.0438	0.2774
-2.2472	-0.4586	0.6639	-0.2354	0.1064	-0.9415	0.5074	-1.2346	-2.0948	-0.3431	0.3421	-0.0165	-1.0097	-0.9890	-0.0426	-0.9536	0.8787	-0.5820	-1.0675	0.8944	-2.4791	-0.2743	0.7459	0.0259	2.4244	0.3527	-0.4545	-0.3411	-2.2895	-0.1320	-2.4940	-0.0452	-0.7952	-1.0236	-1.1923	1.0438	-0.9329	-0.3734	0.9062	-1.5067	-0.5045	-0.0847	-0.5616	-2.2859	0.5222	-0.9285	-0.5140	-1.1348	-0.5084
-2.0622	-0.8075	-0.0485	-0.1820	0.2917	-0.8063	0.0222	-2.2469	-1.1003	-0.4401	-0.1638	-0.8400	-0.8501	-2.0151	0.3141	-0.9506	-0.6386	-1.4514	-1.6852	0.0939	-1.7227	-0.3168	0.8186	0.0909	2.2083	-0.8218	-1.6240	-0.6524	-2.4269	-0.2950	-1.7885	0.3092	-0.4301	-1.6094	-1.9020	1.0101	-0.5377	-0.4656	0.7870	-1.2847	1.1713	-0.1061	-0.2153	-1.3222	0.5754	0.5849	-0.3081	-1.6095	-0.7355
-2.2936	0.1602	-1.4028	-0.5649	0.4374	0.1620	0.9272	-2.1938	-0.8652	-0.3472	0.8080	0.5040	-0.7609	-2.1008	0.6114	-0.4029	-1.6159	-1.6848	-1.9752	1.1433	-2.1656	-1.3681	1.2510	-0.9154	2.0181	0.2064	-1.3945	0.6707	-2.4450	1.0169	-1.6251	-0.7135	-0.8387	-0.0053	-1.1120	1.8722	-0.7524	1.0396	0.6021	-0.9284	1.6522	-1.2696	2.0836	-2.4462	1.4884	1.2323	0.7999	-2.1950	-0.1006
-2.4041	-0.6132	-0.2009	-1.8101	0.5978	-3.0986	0.9104	-1.9023	-1.7721	-0.6198	-0.3044	-0.6193	-1.9482	-1.5873	0.5195	-0.3525	0.2213	-0.5446	-1.4009	0.4943	-1.6352	0.0814	1.1825	-0.6140	1.7256	0.2572	-0.2321	-0.1014	-1.4598	-0.1751	-1.8931	-0.0310	-1.2732	0.2610	-0.8311	2.4577	-1.5663	0.3907	2.2581	-1.9721	1.1925	0.4011	1.2045	-1.4260	1.2761	2.4637	1.2608	-1.3350	-0.2722
-2.6409	-0.6351	-0.4252	-0.6232	0.6595	-0.1373	-0.8653	-1.4801	-0.8373	-0.0713	-2.4926	-1.2478	-0.0504	-1.3315	0.7940	0.3762	0.2972	-0.5067	-1.4034	-0.5765	0.1111	0.7124	0.0432	-0.5882	1.2308	-0.9058	-0.7494	-1.2175	-1.0997	2.1934	-1.3855	0.9345	0.6986	-0.2452	-0.6799	0.9908	-1.5907	-2.0695	1.9797	-1.0544	0.4122	1.3120	-0.0080	-0.1167	1.1740	1.5372	1.4546	-1.1281	-0.6457
-0.2041	0.5636	-1.6974	-0.7624	-0.0331	0.0974	-0.2665	-0.5947	0.6105	-0.1813	0.0150	0.8174	0.8761	0.1754	0.6042	-0.0725	-1.6788	-1.1660	-0.2262	0.9607	0.3253	-1.3468	0.1917	-0.9791	-0.6372	0.1268	-0.7171	-0.4890	-0.0558	1.7004	-0.4069	0.1702	1.3013	0.2872	-0.5020	0.4470	-0.9772	-0.1910	0.1826	-0.5303	0.8554	-0.4415	1.4944	0.4368	0.0009	0.1248	1.5569	-0.8274	0.2596
0.9165	0.1076	0.4607	-0.7058	-0.0234	-1.4196	-0.1659	-0.5164	0.3310	-0.3552	-0.3766	1.6612	0.7447	1.0211	0.4993	-0.0236	-0.1823	0.0226	1.7970	0.5576	0.8114	-0.1709	0.3877	0.2925	-0.7660	0.6416	-0.7513	-1.7234	1.3965	-0.9352	0.6800	0.1999	0.8482	0.2788	0.3962	0.3337	-0.9628	-0.2862	-1.4221	1.1612	0.0933	-0.1887	-0.2340	1.4566	-0.3545	-1.8087	0.0461	0.3380	0.3067
0.9084	0.2519	1.6694	1.0521	-0.1386	0.1480	-0.9557	0.9363	0.0104	-0.2410	-2.1520	1.0370	1.3433	0.6822	0.6085	1.4956	-0.7505	-0.2258	2.7252	-1.3388	0.7841	0.5063	-0.1487	-0.2342	-0.0009	-1.1795	0.7112	-1.2167	1.0680	-1.1542	0.0413	0.2389	0.7685	0.7495	2.1000	-0.0914	0.2001	-0.5456	-1.6036	1.9566	-0.6848	0.0469	-1.4337	1.5192	-0.4712	-1.3390	1.6532	-0.2794	-0.6388
0.3912	1.2254	1.6445	1.4558	0.2428	-0.0493	-0.7802	0.2120	0.6415	-0.8817	-1.1483	2.0437	1.3478	-0.5670	1.6311	1.2824	-1.7328	-0.4162	1.4413	-2.0407	-0.0184	-0.9874	0.1987	-1.4529	-0.9146	-2.1100	1.0267	0.0408	1.0897	-1.0388	0.1935	-0.9067	0.2280	1.1552	1.7508	-0.5674	0.4213	0.1376	0.0171	0.9226	-0.1093	-0.4599	-0.2663	1.9755	-0.7848	1.3745	1.8070	-0.3932	-0.1714
0.3529	1.2209	1.4723	0.7160	0.7368	-0.1486	0.4242	-0.1790	0.5849	-0.6192	0.3761	0.5465	0.7053	-0.3309	2.1357	0.8857	-1.3795	-0.3045	0.2435	-1.0520	-0.9475	-0.8949	-0.0886	-1.7313	-0.6556	-0.5409	0.6054	1.0942	1.3635	-1.3023	-0.1785	0.6944	-0.9052	1.7238	0.0661	-0.2202	0.7542	0.2734	0.8192	2.1130	0.6253	-0.6097	0.4426	0.9105	-0.6939	0.9912	1.1674	0.9690	-0.3698
0.4396	1.6884	1.0943	2.0316	1.0565	-0.0649	-0.3085	-1.0623	-0.8425	-0.0177	-0.1880	-0.8296	1.5481	-0.4593	1.1776	1.5460	-0.9753	0.1483	-0.4933	-0.4677	0.4145	0.5022	-0.7514	-0.7999	0.5058	-0.0790	1.0312	0.6304	0.2497	-0.4273	-0.3621	0.4042	-0.7290	1.2632	0.0399	-0.1256	0.2778	0.0216	0.5132	1.0444	1.0598	0.9039	0.4192	0.3552	1.3056	1.7510	0.9020	0.9861	-0.8476
-0.2505	0.8314	-0.7035	0.7327	-0.6136	0.3304	-0.5035	-0.7589	-0.6149	0.6504	0.9669	-0.7215	0.2624	-0.5337	-1.1677	0.5323	0.3648	0.1236	-0.2355	0.2908	0.2473	0.8078	-1.3629	-0.6918	0.9080	0.1084	0.5895	-0.5577	-0.5142	-0.3349	0.8494	-0.9005	-0.6921	0.0813	0.0081	-0.7007	0.8129	0.9972	0.6623	-0.5160	1.5972	0.6768	1.1245	-0.4192	0.9879	0.1918	-0.9430	1.2982	0.3584
-0.1719	0.0873	-1.5879	-1.0774	-0.4847	1.0255	-0.1825	-0.0732	0.9219	-0.2527	1.0010	1.7765	-0.3011	0.4121	-0.6068	-0.6146	0.2146	0.9850	0.5604	1.2627	0.4479	0.5843	1.1217	-0.4323	1.2100	0.2463	0.1128	-1.1501	0.6492	-0.1017	1.5981	0.9951	1.1640	0.9436	0.6024	-1.1494	-1.0641	-1.0464	-0.9065	0.2946	-0.0477	-0.3274	1.2037	1.0784	-0.3457	-0.8897	-0.1392	1.3400	1.4800
0.8911	-0.7724	-0.6734	-2.1176	0.8161	-0.6950	-0.1307	-0.9044	0.4199	-0.6861	0.3886	0.7502	-0.7158	1.1112	-0.1701	-0.8576	-0.3743	0.8308	1.1548	1.3311	1.5566	0.0553	0.9837	0.0469	0.2721	0.5556	0.1925	-0.3792	1.9463	-0.4633	1.6825	-0.6997	0.5596	-0.0974	1.8144	-0.3456	-0.7155	-0.2199	-0.8592	-0.2197	-1.5195	0.4834	-0.2050	1.1057	-1.1964	-1.7834	-0.3464	0.9491	1.0642
1.2074	-0.6687	-0.6715	-0.6628	1.4081	-0.2062	-0.5152	-1.0033	-0.7528	-0.1814	-0.7904	-0.0222	0.4475	-0.1855	-0.8006	-0.6142	-0.1621	1.4315	0.8751	-0.6984	1.9753	0.7704	-0.0194	0.9593	0.5034	-0.4994	-1.2462	-0.6017	0.8468	0.4481	0.9964	-0.1427	1.2526	0.0513	1.2056	-0.9459	0.4314	0.1115	-1.0600	-0.6223	-1.0504	1.2045	-0.2972	-0.6946	-0.2449	-1.1915	-0.5864	-0.1996	-1.0026
0.3382	-0.2900	-0.8888	-0.7045	0.1048	0.4541	0.5864	0.6247	0.0846	-0.1721	-0.7011	0.9408	0.7841	-1.7368	-0.5985	-0.4356	-1.8574	0.8608	1.0113	-0.8575	-0.3124	-0.7334	0.3284	1.2279	0.1532	-1.0979	-0.9804	-0.1654	-0.5130	0.8570	0.4224	0.2247	0.6105	1.0773	1.0399	-1.0801	-0.1266	0.4104	-1.3803	-1.7726	0.4710	-0.4907	0.2020	-1.1586	-0.4134	0.3022	0.6591	-0.1580	-0.3154
-0.0186	-1.1104	0.0229	-1.1143	-0.4542	-0.3112	0.2041	0.9608	0.4165	-0.8152	0.0039	0.2569	-0.3354	-0.2461	-0.5728	-0.2280	-1.4507	0.8324	1.7583	0.2998	-0.2386	0.0032	0.1397	0.3602	0.2971	-0.7763	-0.1361	-2.0188	-0.1448	-0.2046	0.9270	-0.2761	-0.2067	0.1326	1.2973	-0.7861	-1.4049	-0.1726	-0.7370	-0.3143	0.1743	1.0323	-0.5363	-0.1428	-0.7924	-0.6138	-0.7286	0.5158	0.4409
0.4158	-1.6609	-0.3118	0.1181	-0.5352	0.0455	-1.6176	1.0507	0.5088	-0.7022	-1.1029	-0.8453	-0.1907	0.5441	-0.8273	-0.7021	-0.1615	0.2699	0.7168	-0.8391	0.6372	-0.5787	-0.6823	0.2837	-0.0202	-1.6690	0.7921	-1.9967	-0.0626	-0.5805	0.3303	-0.3923	-0.1167	-0.6655	1.6768	-1.0159	0.2506	-1.5396	-0.8940	0.6930	-1.3223	0.8637	-2.0628	-0.1006	-0.7225	-0.1601	-1.1122	0.9251	0.2397
0.2865	0.7746	0.0768	-0.0757	-1.3673	1.4656	-0.4847	0.0146	0.2908	-0.8155	-0.7922	1.3602	0.6483	0.5304	0.8679	-0.9745	0.2631	0.3882	-0.8193	-0.7646	-0.9066	-1.5470	0.3411	-0.2199	-0.0536	-0.2252	0.3975	-0.8299	0.4258	-0.1830	0.3359	-0.8991	-0.8201	-0.5099	0.3433	-0.2066	-0.6723	0.2856	-0.2069	0.8573	-0.6480	-0.3008	-1.1352	-0.5893	-0.1996	0.7183	-0.9327	0.5209	-0.5654
0.2538	1.0119	0.4895	-0.5555	-0.4367	-0.1446	0.5741	0.7392	-0.5934	-0.0491	-0.4594	0.2895	-0.3918	0.5833	-0.0701	-0.0530	-0.2398	-0.5186	-1.0056	-0.3361	-1.2655	-1.1702	-0.1076	-0.2031	-0.1109	0.2590	0.2404	-0.1913	-0.4512	-0.0362	0.5890	-0.0288	-2.4830	0.5149	-1.5839	0.3635	-1.0392	0.9766	0.5902	-0.4409	-0.1446	0.1878	-0.2747	-0.8080	0.0797	-0.8320	-0.0958	-1.3397	-1.8555
-1.7520	0.2614	0.9195	1.0530	-0.2104	0.1818	-0.0350	0.6681	-0.8459	1.4902	-0.2440	-1.3042	0.5911	-0.7942	-0.7681	1.0941	0.9906	-1.0337	-0.5264	-1.0139	-0.0858	0.8034	-0.8402	-0.2575	0.0977	-1.9246	-1.6621	-0.8035	-1.1048	0.5251	0.7255	0.1181	-0.9165	0.7135	-1.0079	0.9133	-1.0421	0.8709	0.7703	-1.1739	0.7361	1.1441	0.4982	-0.4773	1.1674	-0.8921	0.1401	-1.8807	-1.6641
-1.3001	0.7339	-0.2357	0.4619	-0.7116	1.0829	0.7953	0.1277	0.9218	-0.1782	1.3058	0.2702	0.4895	-1.1779	0.2027	0.6264	-0.4912	-0.7476	-0.8652	-0.0741	-1.3223	-0.9967	0.4824	-0.8032	-0.1316	-0.0951	-1.3627	0.6218	-1.2326	-0.6601	1.6773	0.4686	0.0355	1.3314	-0.5422	1.6245	0.0769	1.7697	-0.4368	-0.0150	0.6492	-2.0432	1.8557	-0.7308	1.2389	-0.9257	0.7275	-2.1142	-1.5996
-0.5929	1.6730	1.8598	-0.0718	-0.0921	-1.8568	0.8356	-0.9114	0.2432	-2.2362	0.2955	0.0308	-0.1664	0.1518	0.6793	1.2976	0.1470	0.3895	0.3058	0.0649	-1.1424	0.6262	0.7838	-1.1982	-0.4684	0.0236	-0.4883	0.9625	0.0048	-2.0978	1.3387	0.8471	-0.5133	0.6896	-1.7739	1.8570	-1.1178	1.1831	-0.1939	0.6807	0.5599	-0.8825	1.1262	0.5642	0.9815	-0.9143	0.7736	-1.8642	-2.5055
-0.9468	1.4108	1.7294	1.5744	-0.4653	-0.0438	-0.0423	0.2331	0.5571	-0.6941	-1.2818	-0.2150	1.1808	0.0251	0.4024	2.3183	-0.1989	-0.3596	0.4944	-0.2998	0.2430	0.3017	-0.0028	-0.7443	-0.6669	-1.5962	0.0037	0.1923	0.0472	-0.2042	1.1483	0.6269	-0.1483	0.9355	-0.6554	0.5007	-0.3137	-0.1785	-0.3261	0.2690	1.0113	-0.5457	0.3622	0.8921	0.6274	-0.5950	1.7052	-0.6458	-1.7443
-0.2763	1.8441	-0.2127	1.7809	-0.9062	1.3474	0.7023	1.0302	0.9325	0.1144	-0.3436	0.8927	2.2463	0.6897	-0.1665	1.7252	-0.5418	0.8409	0.6196	0.9060	0.7755	-0.4817	0.6760	-0.0724	0.0675	-0.6645	0.2823	-0.5788	0.4796	0.1185	-0.0978	-0.5787	0.1086	0.8511	1.2205	-0.3865	0.2935	0.9117	-1.2740	-0.0329	0.7705	0.1814	1.5876	0.6026	0.6696	-0.2916	1.2143	-0.4214	-0.7040
0.1929	0.8660	1.2907	0.3153	-0.4014	-0.6062	1.3249	0.9337	0.4279	-0.1216	-1.2384	0.5314	0.2287	0.7719	-0.0320	1.0908	0.5591	1.4294	0.7167	0.6219	0.9101	0.0254	0.3433	-0.3528	0.3124	0.0122	0.0175	-0.2170	1.1226	-1.8166	-0.4028	0.1026	-0.0456	0.7095	0.9002	0.0397	0.6880	-0.2847	-0.0188	0.6168	0.5210	0.8408	0.7213	0.7585	0.5115	0.5896	0.1465	0.6135	0.0457
0.2511	1.2396	2.4378	1.4067	0.2501	0.8388	1.0561	0.7319	-0.6063	0.2307	-1.6727	0.1871	1.0621	-0.2398	0.6962	2.1926	1.3283	0.2672	0.0539	0.0801	1.4748	1.0172	-0.8884	-1.3570	0.2123	-0.2582	-1.0784	0.4004	0.2016	0.1590	0.1526	0.0740	0.1166	1.8502	-0.4222	0.9173	0.8836	-0.1364	1.2945	0.4282	0.3318	1.0425	0.2551	1.0829	1.3576	1.3200	1.0632	0.1914	-0.4139
0.0404	1.5787	1.3037	1.9469	-0.5988	0.0224	1.8611	-0.0243	-0.8217	0.4405	1.0904	1.0470	0.6109	-1.1142	0.9946	1.3773	1.8178	-0.9728	-0.4317	-0.3011	-0.0277	0.2755	-0.7681	-1.4149	-0.8566	-1.1950	-0.0486	1.5417	-1.0416	-0.4939	0.0032	-1.0972	-0.1872	2.1030	-2.2844	1.8772	1.4718	1.3586	1.3313	0.1316	1.3763	-0.4520	1.9322	0.9359	1.8103	0.9068	0.7361	-0.6511	-0.5838
-0.0295	1.1867	1.4923	1.6512	-0.7590	0.2468	3.0602	-0.0842	0.2167	-0.0730	-0.0474	1.9569	1.0333	-0.0754	1.9851	0.7942	2.4576	-0.4524	-0.6459	-0.7233	-0.8715	0.9102	0.1134	-0.1024	0.0235	-1.4583	-0.1666	0.6965	-0.2528	-0.0471	-0.8921	0.6130	0.2567	1.3247	-2.8436	1.6762	-0.8184	0.5909	2.1196	1.7603	1.1448	-0.8763	1.7548	0.5924	2.0574	1.7889	2.0281	-0.5207	-1.1711
1.1221	1.0323	0.9223	1.2308	-0.0385	0.4059	2.3740	-0.1963	-0.5138	0.4237	-0.3139	0.2634	1.6882	1.2772	0.6028	0.9781	1.7206	-1.5962	-1.4789	-0.1705	-0.2484	0.6753	-1.6090	0.5123	0.0106	-0.5726	0.8924	0.7816	0.1479	0.4107	-1.9393	-0.5440	-1.0256	0.1483	-1.4931	1.1403	0.2978	0.8682	2.2761	1.5868	0.9689	-0.8547	1.7651	-0.1345	1.9609	1.7580	2.1367	-0.3120	-0.2670
0.7750	0.2095	0.1081	0.3680	0.5120	0.7321	-0.0501	-0.2926	-0.5675	1.2652	0.5890	-0.5095	0.3177	1.0316	0.0192	0.0617	2.0552	-1.0453	-0.8607	0.4581	0.1527	1.4369	-0.2414	0.9081	-0.2339	1.2111	0.2420	-0.6893	0.5728	-0.2291	-1.2009	-0.4533	-0.1702	-1.7058	-0.1059	0.4515	1.8576	1.8046	2.0136	1.6480	1.5991	-0.4389	2.0846	0.7838	2.1313	0.1361	-0.0876	-0.4468	0.6815
0.5497	0.3516	-1.8813	-0.8649	-0.0296	0.9996	-0.2933	0.8553	0.9129	-0.9373	1.9067	0.4410	-1.6442	1.0732	0.4938	-1.0684	1.6088	-0.6780	0.2893	2.0167	0.1238	0.7335	1.7419	-0.0068	0.5537	1.9618	0.6528	-0.1951	0.4341	0.0737	-0.4347	1.3373	0.7907	-0.9739	-0.3594	-0.3595	0.5817	0.9295	1.1425	1.2311	0.5395	-0.6877	1.4063	1.3677	-0.4355	-1.3891	-1.0490	0.7189	1.9076
1.0151	-0.7120	-1.6975	-0.7929	1.0807	0.8532	-0.0244	0.4296	1.4366	-0.0790	0.3371	0.3524	-0.9779	0.5668	0.6093	-1.6744	1.1443	0.1749	1.0141	1.1456	1.3103	1.6909	1.3586	1.5513	0.7551	1.5868	1.9235	0.4699	-0.0388	0.7946	0.7743	1.7329	1.0712	-0.8224	0.9017	-0.9742	-0.3490	-1.2797	-0.2810	-0.0715	-0.9137	1.2124	-1.3394	2.4855	-0.6288	-0.9954	-1.7733	1.0505	1.3711
1.5186	-1.0014	-2.7523	-1.6216	0.4491	0.1311	0.7035	0.3050	0.6815	1.2357	1.4332	0.0538	-1.3020	0.0581	-0.2399	-2.1559	0.7108	0.3261	1.0244	1.1551	1.0126	0.7187	0.3443	1.3492	0.5253	1.6186	1.7741	0.1865	0.0046	-0.2756	1.1866	0.7199	0.9395	-0.3577	1.3908	-1.0421	2.0159	-0.5740	-1.8145	-0.5146	-0.5457	0.1925	-0.9517	0.1044	-0.7606	-0.4839	-1.4459	0.6867	0.4978
1.8257	-1.0038	-0.8897	-1.6817	0.5108	-0.7425	0.6722	0.1846	1.3416	-1.2072	0.4774	0.7055	-1.9081	1.6077	-0.9700	-1.1515	1.9474	2.0714	0.9977	1.9388	0.6788	0.7032	0.6776	0.9602	1.2213	1.6547	0.7715	-0.9930	1.3472	-0.6917	0.4094	1.1691	1.1781	-0.4116	0.5021	-0.2375	-0.5266	-0.5069	-1.2518	0.1258	-0.6261	0.3131	-0.5310	-0.0433	-0.4291	0.7546	-0.9590	1.2267	0.1217
3.3213	-0.7974	-0.4422	-0.8076	1.2969	1.0707	1.5342	-0.4518	1.7881	-0.1626	-0.1440	1.0461	-1.0222	2.0896	-0.7083	-0.6251	0.1568	2.0242	0.2201	1.6163	1.6573	1.2394	0.1564	1.7337	0.6896	0.7860	-0.1693	-0.7398	0.8583	-0.6264	1.0192	0.6325	1.3621	0.1002	-0.0071	-0.0251	-1.0140	-0.5524	-0.3938	0.0037	-0.5356	-0.8065	-0.1317	1.8654	-0.2871	1.2568	-0.0455	0.1908	0.3528
2.3812	-0.8281	-1.3710	-0.9115	0.9226	1.7963	1.3833	-0.1964	1.4552	0.6629	0.7538	0.2998	-1.4480	1.5971	-0.5585	-0.8431	-0.1327	1.2271	0.1850	1.1408	1.1619	0.5650	-0.8468	0.0703	-0.4624	0.8115	-0.3038	-0.0037	0.3984	-0.6433	0.6032	-0.1076	0.7642	-0.1524	-0.4261	0.0831	0.2983	0.3314	-0.0955	-0.9456	-0.4345	-1.0261	0.6751	0.5597	-0.3727	0.1959	0.0037	0.0449	-0.0271
0.6701	-0.1510	-0.4038	-1.9504	1.7087	0.7135	1.4362	-0.8287	1.5778	-0.4183	1.1185	1.0269	-2.5806	0.5453	0.5526	-1.7207	1.7841	2.1679	1.6382	1.7618	0.2071	1.0590	0.4285	-0.3003	0.7578	0.9960	0.2087	0.4703	0.8237	0.6699	0.5990	0.2911	1.1199	-0.1879	-0.6706	0.0793	-0.3592	-0.6263	0.8557	0.4886	-0.6491	0.6650	0.5737	-0.6150	-1.2804	-1.4253	-2.5040	0.6484	0.2745
0.9985	-0.8831	-1.3483	-1.2616	1.5269	0.7429	-0.7283	-0.2035	1.2277	0.0802	0.7395	-0.0929	-1.1925	-0.2279	-0.5777	-1.2779	-0.4097	1.2635	1.1236	1.2188	-0.7275	0.3286	-0.0102	0.8016	0.7723	0.6881	1.3929	2.1112	-0.3549	1.5597	0.3813	0.9203	-0.5991	-0.6047	-0.3437	-0.3261	0.1631	-1.9904	-0.7136	0.5621	-0.4482	1.7425	-1.3846	-0.3092	-0.8200	-2.3174	-1.6837	0.0515	0.3318
0.8785	-1.2625	-0.8879	0.7070	2.1498	0.3903	-2.2112	0.0209	0.5861	1.0737	0.3120	-0.5390	-0.1187	-0.7770	-0.4658	0.4643	-0.2527	-0.0904	0.2586	-0.2250	-0.0801	0.7804	0.5034	0.8886	-0.2622	0.6099	0.3647	2.2650	-0.6208	0.9248	-0.2406	1.5451	1.1737	-1.0707	-0.0674	0.3424	0.0849	-1.4284	-1.5733	0.1623	0.2911	0.8004	-1.2356	-0.1776	0.2018	-1.2147	-0.9525	-1.3944	1.0536
0.3106	-0.3862	-0.5040	1.8460	1.7682	1.3306	-0.3141	-0.2192	0.2648	1.5447	1.0032	0.3583	0.0656	-0.6517	1.3838	0.7395	0.2125	0.5102	-0.0261	-0.3576	-0.8039	1.5190	1.3744	1.7377	-0.2299	1.0395	0.5568	2.8763	-0.5355	1.8488	-0.1589	1.6162	2.2551	-0.3079	-0.8034	0.7698	-0.4502	-0.2596	-0.0092	-0.7492	0.8628	0.0244	-0.1280	0.0816	-0.0894	-0.2678	-0.1234	-0.5029	0.8071
0.6490	-0.4648	-0.8999	0.8115	0.6636	-0.5331	-0.4786	-0.1239	-0.4965	1.5194	1.2805	-1.1727	-0.6718	-1.2221	0.3374	-0.9662	-1.9379	1.4480	-0.0077	-0.1325	-1.0040	1.1324	1.1198	2.2702	-0.0449	1.7726	0.7769	2.1326	-1.0055	1.3341	-1.0093	1.7719	0.7291	-0.0992	-0.1207	0.6017	0.9800	0.4731	-0.4809	-1.2719	0.7270	1.0270	-0.2414	-1.1438	-0.6055	-0.8700	-1.0590	0.7227	0.5591
0.2223	-0.4879	-0.3546	0.4933	0.3287	-0.4634	-2.1217	-0.4360	0.0853	1.0624	-0.3662	-2.0272	-0.9476	-1.5370	-0.1213	-0.4106	-1.6262	1.1871	-0.0062	0.1193	0.4506	0.3139	0.5783	1.7172	-0.1613	1.5650	0.0837	1.3622	-0.3369	1.0374	0.3178	1.0601	0.0904	-0.4422	0.4791	-0.0974	1.1776	-1.0538	-1.8402	-0.7459	-0.2710	1.5428	-1.1206	-1.6012	-0.8146	0.3679	-1.3520	0.9042	0.6136
0.2642	-0.1960	-0.1908	0.1625	-1.0576	0.7267	-1.2135	0.3725	0.3340	1.8993	1.3042	-1.5498	0.7716	-0.7450	-1.2205	0.8146	-0.4559	0.4625	1.2452	0.3413	-0.3997	-0.3159	-0.7796	0.1547	-0.9859	-0.4789	-0.9379	1.0357	1.0896	0.0848	1.2263	-0.2322	-0.2424	-0.6284	0.3190	-0.0762	1.2905	0.9242	-2.1340	-0.0307	0.9364	-0.0886	0.1609	-0.9303	-0.5038	-1.2299	-1.2045	-0.1903	1.0910
0.8354	-1.1952	-0.0663	-0.6184	0.6556	0.5344	0.4354	0.0908	1.2928	0.9093	1.1844	0.2234	-0.2689	-0.3624	-1.3518	-0.6484	0.9146	0.3206	1.3847	0.5268	-0.8947	-0.0617	-0.1978	-0.2849	-1.3455	0.7097	-0.8169	0.5411	0.5370	-1.1073	-0.2286	-0.5521	0.2312	0.2111	-0.8182	-0.1709	1.0576	-0.1633	-0.0369	-0.9872	-0.0392	-0.4712	0.4175	-0.5657	-1.9412	-0.7113	-0.1719	-0.4061	1.2199
1.0609	-1.3661	-0.5894	-1.2900	0.8595	-0.1848	-0.9932	0.0373	1.1088	-0.3908	0.1646	-1.1765	-1.2406	-0.1685	-0.7079	-0.6636	-0.9757	0.0912	-0.5384	-0.4524	-0.1871	-1.1125	-0.7380	-0.5357	-0.9213	0.2317	0.4977	0.7725	-0.5885	-0.3195	-0.6362	-0.8565	-0.1528	-0.3548	-0.9715	-0.0863	0.5385	-0.3044	0.5138	-0.6725	0.2238	-0.8094	-0.4952	0.0137	-0.9435	-0.3974	0.4224	0.0380	-0.2716
0.0008	-0.8823	-0.4312	0.1397	-0.3562	-0.6485	-1.2115	0.7592	-0.3208	1.2473	-0.4171	-1.6021	-0.0817	0.5111	-0.0859	0.0946	-0.1298	-0.5416	-1.9094	-2.0634	1.0607	-1.4310	-0.3281	-0.4953	-0.4314	0.0484	-0.0873	-0.9420	-0.6578	0.2475	-0.3796	0.6280	0.8429	-0.7733	0.1702	-0.7475	0.5888	0.8127	-1.0133	0.1579	0.9177	-1.3302	-0.7293	-0.2872	0.6920	0.2020	0.8548	0.8603	-0.2013
-1.3163	0.1606	-0.2028	0.3234	-1.7674	-0.3089	-0.1742	-0.5674	-0.2757	0.2432	-0.2830	0.6877	0.2339	1.0189	0.3830	-1.1378	0.8715	-0.4874	-1.1858	-1.2140	0.7437	-1.7455	0.3428	-0.3068	-0.0334	0.2832	-0.4511	-1.1325	0.3192	-0.2673	1.0552	-0.1010	0.4459	-0.6322	0.0700	-0.7264	0.2863	-0.1414	-0.8566	0.1955	-0.1091	-2.2181	-0.7766	0.1302	-0.2568	0.6388	0.3832	1.5066	0.6148
-0.7131	-0.7817	0.0897	-0.5231	-1.6272	-2.1056	-2.2677	-1.3203	-0.4457	-1.2593	-0.3224	0.0299	-1.2215	1.7901	-0.7469	-1.5542	0.6224	-1.1141	0.2941	-0.0927	0.7675	-1.9894	-0.1086	0.8802	-0.0996	0.7118	0.3575	-0.3200	0.5259	-2.0649	1.0504	-0.3576	-1.9860	-0.7745	0.2862	-1.2119	1.2490	0.1727	-0.7798	0.2379	-0.8411	-0.8336	-1.4460	0.1456	-1.0471	-0.7101	0.2826	1.4878	0.2606
-1.2350	-0.1813	0.6321	1.0812	0.0479	-0.8623	-2.7494	-0.5994	-0.7724	0.0420	-0.4048	-0.4070	-0.1132	0.8084	-0.8974	0.8586	0.3464	-1.5385	0.4458	0.1380	0.6108	-0.4472	-0.2825	0.7484	-0.7846	1.4075	0.6795	0.6082	0.1131	-0.9008	1.1231	-0.5481	-1.6494	-0.6919	0.2684	-1.3995	-0.0127	0.4007	-0.5425	0.3115	-0.6388	0.3728	-1.4048	0.3120	-0.4729	0.4646	1.1211	0.6489	0.5756
-1.8141	0.9517	0.0400	0.5129	0.5252	-0.7686	-1.9382	-0.0800	-1.3597	1.8878	2.5825	-0.3545	0.3501	1.0195	-0.6740	1.4500	0.0022	-1.2822	0.1147	-0.1409	-0.7971	-0.8618	-0.6323	-0.7554	-1.6597	1.4141	1.3331	1.9228	0.4449	-0.5030	2.1306	-1.4804	-0.7329	0.1942	0.6273	-0.6324	0.8987	2.6864	0.6930	0.6446	0.6541	0.1126	0.1127	0.8953	0.2316	0.9481	0.1639	0.7025	1.2476
-1.5501	0.6156	-0.1207	0.3526	0.3175	-0.3799	-0.6063	-0.3769	-0.6157	1.5575	2.0311	0.3758	0.3463	0.9456	1.0499	1.3793	-0.7731	-0.3937	-0.0803	0.1451	-1.0016	-0.3992	1.2679	-0.0597	-0.9392	1.8026	1.7980	1.1384	0.7439	0.6485	-0.6459	1.0500	0.5418	-0.0680	1.0424	-0.3532	0.3951	0.7093	0.8490	1.6893	-0.1204	-0.0034	-0.5089	0.9913	0.2188	1.5474	0.3861	1.9850	1.7236
-0.7294	-0.9795	-0.2189	1.3912	-0.1599	0.3693	0.2389	-0.0785	-0.9650	0.5153	-0.8951	-0.4751	0.4603	0.2512	0.5572	1.9314	0.1082	0.0860	-0.4314	-0.1332	1.4440	1.1756	0.1426	0.9583	-0.0229	0.9712	1.6474	-0.5386	-0.0648	0.9689	-2.3868	0.0632	2.0202	-1.6550	0.5608	-0.1258	0.2963	-1.7858	0.8888	0.5378	-1.2540	0.3023	-1.2533	0.5681	-0.2763	0.8077	-0.6084	0.5955	0.8185
-0.0509	-1.1452	-0.3517	0.1222	-2.5857	-0.0946	-0.3621	1.5947	-2.0024	-0.4493	0.3935	-1.3434	-0.0717	-0.1320	-1.4859	0.6013	0.6990	-0.7590	-0.3817	-0.4058	0.6914	-0.2852	-1.9367	-0.0492	-0.5657	-1.1662	0.2231	-1.4887	-0.7144	0.5983	-1.9893	-2.4096	1.1842	-2.0926	0.1067	-0.1925	2.3667	0.0977	1.0685	-0.7771	-1.0931	-0.4701	-0.5955	-0.5949	-0.9091	-1.8347	-2.8640	-0.8924	-0.2847
-0.6972	-0.6591	-0.2768	-1.4570	-1.8624	-0.7605	-1.0401	0.3684	-0.5898	-1.4652	0.1818	-0.6267	-1.3796	-0.8137	-0.5883	-1.7756	-0.5254	-0.8393	-0.5294	-0.7777	-1.0055	-1.3885	0.3765	0.5113	-0.6891	-1.0770	-1.1346	-1.3430	-0.2319	-0.3055	-0.9818	-0.8566	-0.2490	-1.2025	-0.2316	-1.3540	0.3330	-0.3124	1.0558	-1.3768	-0.9858	-0.3574	-1.2245	-0.4059	-1.6734	0.8770	-1.0345	-0.3674	-0.8011
-1.3543	-0.5089	0.2220	-1.1871	-0.6026	-1.6732	-0.2209	0.1463	-1.1208	-0.5303	-0.5700	-1.5621	-0.3757	-1.1775	-1.2640	-1.4374	-2.2003	-0.9413	-0.4428	-0.9617	-0.7003	-1.2132	-0.9199	1.0339	-0.4790	-1.4331	-0.5696	-1.2959	-0.3308	-1.2428	-0.8719	-1.0736	-1.4637	-0.4693	-0.1912	-1.7901	-0.3156	-0.7666	-0.6260	-1.3907	0.0219	0.4425	-1.3180	-1.9108	-1.2633	1.6884	0.8333	0.3769	-0.9031
-1.4291	-0.4256	0.3454	-0.3491	-1.1495	-1.5510	-0.3698	1.1418	-1.7341	0.0472	-0.9172	-1.3157	-0.2028	-1.2485	-2.4048	-0.5220	0.1268	-0.1779	-0.3065	-1.1884	-0.2558	-1.0950	-1.8408	-0.5304	-0.1348	-2.0842	-1.8211	-2.3729	-0.0786	-0.4991	-0.5737	-1.9977	-1.0249	-0.7888	0.5963	-2.7232	-0.2400	0.6422	-0.7609	-1.0039	-0.1176	1.1206	0.3889	-2.0012	-0.5172	0.0244	0.4901	-0.1874	-0.4454
-0.8673	-1.2488	0.0673	-1.4230	-0.9916	-0.9363	-1.2808	0.5290	-0.0909	-0.9188	-0.9719	-0.4863	-0.2771	-0.1423	-1.6102	-0.7665	0.1918	-0.6445	-0.3287	-0.6514	-0.6843	-1.8248	-0.5146	-1.6557	0.1529	-0.7047	-1.0849	-1.9150	0.4723	0.1425	-0.5697	-1.1138	-0.8136	0.0919	1.0871	-1.9262	-0.5952	-0.4706	0.3370	-0.4162	-1.9721	0.3954	-0.4417	-1.1347	-1.2009	0.0739	1.2114	0.1300	0.3298
-0.0957	-0.8811	0.2757	-0.3908	0.3494	-0.7586	0.3546	-0.1154	0.1606	-0.9279	-1.4087	-0.0258	2.3410	0.1614	-0.9468	0.3180	-2.5004	-0.0428	-0.4174	-1.4463	0.5566	-0.5687	-1.0936	-1.1845	-1.3276	-0.4591	0.2674	-0.4167	-0.5735	0.9092	-0.7663	0.2486	-1.3815	1.0058	1.3780	-0.3197	-1.9384	-2.1652	-1.3736	-0.3898	-1.4136	-0.7858	-1.1099	-0.2520	-0.2473	1.5517	0.1192	0.7728	-0.3451
0.0593	0.1937	0.0387	0.2084	-0.8617	-0.7923	0.4877	0.3678	0.3880	0.1082	-0.5907	-1.3831	1.8562	-0.0569	-0.6024	0.2940	-2.9391	0.4416	-0.7015	-2.7596	0.8415	-0.9798	-1.5960	-0.5372	-2.1088	-1.5659	-0.7652	-0.8029	-0.2180	-0.5511	-0.0863	-0.6751	-1.2003	-0.5410	1.8928	-0.6880	-0.0130	-0.3246	-2.1508	0.1274	0.8747	-1.1201	-1.2367	-0.7598	-0.7272	-0.3436	-1.1290	1.0317	-0.5193
-0.2370	1.2956	0.1268	-1.3552	-2.0986	-0.5886	-0.3104	-0.0255	1.4684	-1.5159	-0.5122	-0.7101	0.1629	0.0713	0.2124	-0.7219	-0.7266	-0.3772	-0.4711	-1.2977	0.2960	-1.6218	-1.3511	-1.1834	-1.2973	-0.5891	-0.8800	-1.1305	1.2887	-0.7657	-0.3052	-2.3235	-0.7994	-0.1551	1.4148	-1.3609	-0.9977	1.5588	-0.2903	-0.1793	0.3745	-1.5771	-0.2271	-0.1105	-1.7426	-0.8667	-0.1395	0.7916	0.2824
0.8765	0.1952	-0.0029	-0.5891	0.3983	0.6582	-0.6212	-0.0855	0.4055	-0.3926	-0.2308	0.8064	1.2611	0.1587	0.0031	-0.2981	-0.0635	-1.0003	-0.5204	-0.2378	0.7645	-0.6674	-1.4599	-1.5590	-1.1315	0.5469	-0.6514	0.2231	2.0378	1.2838	0.2397	-1.8414	-0.4037	-0.2771	1.4641	-1.1094	-1.3489	0.8667	0.6093	0.6824	0.3416	-1.1605	-0.1012	1.4707	-0.9466	-1.0354	-0.3343	-0.1720	0.6093
0.3153	-1.3309	-0.1886	-0.5870	0.8170	1.3638	-0.4737	0.5681	-0.4182	0.9315	-1.0928	0.0140	2.7333	-0.0805	0.2620	-1.0511	0.3393	-0.2563	-0.4311	-1.3292	0.6761	0.6135	-0.8520	0.2479	-0.9568	-0.7331	-0.6695	0.1086	1.6504	0.5786	-0.2109	0.0175	0.7406	-1.4143	1.5547	-0.1918	1.3338	-0.0869	0.6786	0.7079	-0.0374	-0.1148	-1.0037	0.4203	-0.6157	0.1779	-1.0305	-0.3712	0.0458
-0.4748	-0.5568	-0.8248	-1.4698	0.4427	0.5892	-0.3733	0.3769	0.3434	-1.1001	-0.2928	1.5721	1.4737	-0.7557	1.1164	-1.7188	-0.2049	-0.5777	-0.4689	-0.2530	-1.0461	-0.2226	1.2199	0.0493	-0.4206	0.9246	-0.1579	0.1425	-0.2256	0.3126	-0.6667	1.5453	1.2160	-1.1972	-0.2878	0.6139	-0.0602	-0.6374	-0.0571	0.2934	-0.8155	-1.4004	-0.9882	-0.6547	-0.7729	2.1001	-0.1822	-0.3166	0.9105
-0.7532	0.2164	-0.4026	-0.7022	-0.0044	0.5204	0.1965	-0.2132	-0.6668	-1.3481	0.6635	0.6915	0.7425	-0.3903	-0.1326	-0.8375	-0.5938	-1.1671	0.4698	0.7130	-0.7910	0.2923	-0.8618	-1.5633	-0.0492	0.7634	0.3314	0.0803	-0.8330	1.7047	0.3355	-0.4699	-0.3209	-1.1214	-0.3408	1.6264	-1.7414	0.0748	0.1583	0.0338	-0.4666	0.1067	-1.0623	-1.0505	0.1088	-0.3451	0.0792	-0.2038	0.4242
-1.0533	0.4167	-0.2670	0.7510	-1.2238	-0.3955	0.1819	0.4949	-1.1881	-0.6740	0.1487	-0.5889	-0.0444	-0.0162	-0.5206	-0.3345	0.0873	-0.4993	0.1634	-0.5150	-0.1876	-0.3711	-2.4245	-1.6078	0.0785	-0.8028	0.1623	0.3219	-1.1327	1.4240	0.2307	-2.1601	-0.6158	-0.7678	-0.3599	1.5529	-0.1603	-0.1751	0.3656	1.0421	-0.3590	0.8904	-0.5061	-1.7952	1.9302	-0.6263	-0.3707	-0.5142	-1.3925
-1.1255	0.8834	0.9667	0.4868	-1.0523	-1.7064	0.8459	-0.6589	-0.3122	-1.3018	-0.7312	-0.1546	-0.8739	-1.0269	1.3880	-0.2707	-0.6236	-0.2450	-0.9626	-1.5515	-1.8136	-1.1628	0.7562	-0.5120	0.0529	-1.2853	-0.5918	-0.1070	-1.1361	0.4391	-0.1494	-0.8899	-0.5913	0.8032	-1.3535	0.3357	-1.0340	-0.4177	0.4829	-0.6411	-0.8269	-0.5407	0.4241	-1.0038	0.7552	1.8166	0.1527	-0.6858	-1.0930
-1.7605	0.9468	2.2703	1.8669	-1.3605	-1.2957	0.3806	-1.3488	-2.2030	-0.7273	-2.0306	-1.6133	1.4229	-1.4911	1.7681	1.4441	-0.3466	-0.9896	-1.1602	-1.3674	-1.2961	0.5086	0.0473	-0.4869	0.2895	-2.6052	-0.8374	0.0290	-2.1357	0.1380	-1.0613	-0.6610	-1.1940	1.0801	-2.0220	0.3474	-0.8062	-0.4992	0.6806	-0.9037	-0.9671	0.2763	0.0926	-0.7972	0.5882	-0.1604	-0.2364	-1.4015	-2.1086
-1.2826	1.8091	1.2681	1.8413	-1.1326	-0.7903	-0.5158	-0.8580	-2.1535	-0.5419	0.1481	-0.9941	1.4998	-1.7282	0.8264	1.2432	-0.4438	-1.3232	-1.4412	0.0983	-1.7950	-0.0830	0.3954	-1.7605	0.3651	-1.8758	-0.5843	-0.3634	-1.4564	-0.6914	-0.9945	-0.9314	-1.6322	1.4046	-0.8561	1.1847	0.0188	0.6463	0.4670	-1.5988	-0.0067	0.2153	1.3865	-0.2152	0.6072	-0.2654	0.9938	-0.5618	-1.0772
-0.5356	0.8475	0.7596	0.6172	-0.8541	-0.5354	-0.0846	0.4973	0.1364	-0.5627	-0.9039	1.0157	-0.5022	-0.0594	-0.0874	1.2434	-0.3101	-0.3703	-0.2281	0.8345	-1.1732	-0.1592	1.2665	-0.6930	1.5543	0.0119	-0.9207	-1.2653	0.6049	-0.9776	-0.6232	-0.0051	-1.2412	0.9092	1.3322	0.2750	-1.5096	-0.4683	0.2374	0.6518	-0.5245	0.5793	0.8923	-0.2194	0.6282	-0.2714	2.0106	0.4417	-0.1826
0.2146	-0.1179	1.6237	1.4401	-0.1594	0.5542	0.0571	1.0071	0.5460	-0.1311	-3.0234	1.2299	0.1334	0.3339	-0.1456	2.0530	-0.0363	-0.1217	1.5511	0.1806	0.6152	0.9937	-0.3189	0.0238	1.2998	-0.3602	-0.5729	-0.7963	0.9938	-0.0821	0.3327	0.4329	-0.4999	0.4874	0.7520	-0.1342	-1.2648	-3.7245	-0.6750	1.1634	-2.1638	2.2083	-0.4131	-0.4246	0.5476	-0.2445	2.0315	-0.5458	-1.0896
0.4505	1.7132	1.6607	1.5841	0.6715	0.9481	0.7546	0.7201	0.7839	-0.5904	-0.2355	1.7777	0.9093	-0.3669	2.4794	1.3173	-0.5895	-0.9638	0.6879	0.6134	-0.5444	-0.4587	0.9084	-1.2533	-0.3502	-0.8346	-0.9616	0.7665	0.0482	-0.1833	0.8769	0.0178	-0.9532	1.4100	-0.7549	0.7931	-1.0752	-0.8496	-0.6210	0.7291	-1.1821	0.3387	0.9311	-0.1162	0.3535	1.3368	1.0344	-2.0125	-0.5117
-0.1453	2.0328	2.3216	0.6850	0.6706	-0.7622	1.2129	0.8863	0.0748	-0.6502	-0.4466	0.4555	0.4005	0.6737	3.4586	0.9751	0.8694	0.2829	0.7040	0.4167	-1.4666	1.9363	1.2831	-0.2068	0.3336	-0.7011	0.4892	0.5856	-0.7292	-0.8034	-0.1634	1.5380	-1.2023	2.2590	-1.0932	1.1799	-1.7732	1.0896	0.3148	1.1761	0.8840	1.0439	0.5258	0.6474	0.8514	0.2117	0.5704	-0.2148	-0.7089
-0.3517	1.9044	0.6213	0.9178	0.3371	1.1385	0.5403	0.5182	-0.1507	0.1698	-1.5360	-0.4558	0.8342	-0.3242	1.0008	1.3052	1.0183	0.1113	-0.1670	0.9805	-0.6684	2.1350	-0.2928	0.0183	1.2228	-1.0943	0.6719	0.4175	-0.9913	0.5974	-0.0470	1.0363	-0.8241	2.2929	-0.5166	0.7292	-0.2435	-0.3535	0.8251	0.1226	1.0425	1.8224	0.7594	0.3426	1.1519	0.3910	0.6906	0.1917	-0.4127
0.2656	1.8772	-0.9303	-1.0967	1.2646	1.4754	1.4786	-0.1841	0.4465	-1.1388	0.7016	1.4821	0.0768	-0.5120	0.1923	-0.3920	0.0818	0.9056	-0.1914	3.1332	0.0866	0.5352	0.8740	-0.2276	1.7884	0.7679	-0.1404	-0.4713	-0.2499	0.2051	0.7123	0.2500	0.3894	2.3654	-0.3700	0.3822	0.0520	-0.7443	0.4174	-0.3205	-0.7116	0.5268	2.3323	0.1018	0.8213	0.1427	-0.9740	-1.2926	1.0648
0.8275	-0.9963	-0.6003	-2.4310	0.9827	-1.5402	1.5573	-0.0040	0.7302	-1.0241	0.1168	1.8405	-1.7524	0.6237	-0.0763	-1.0286	0.5249	0.6551	2.2844	1.5882	0.6912	0.4517	0.4977	0.1066	1.5683	0.4158	0.3214	-1.3805	0.5789	-1.3574	0.6962	2.0892	1.6246	0.6555	-0.2066	0.3460	-0.2289	-2.1819	-0.8008	1.1499	-1.2463	0.9871	1.4112	0.8908	-0.1453	-0.4392	0.6905	0.0388	1.1768
1.1026	-1.3206	-0.1646	-0.8166	0.7133	0.1525	1.0032	-0.9734	1.1042	0.2156	-1.3443	0.9525	-1.2669	1.3085	-1.2450	0.6214	-0.0301	-0.1632	2.5636	0.2828	1.9226	0.5486	-1.1841	-0.0662	0.6270	-0.7623	1.0113	-0.5246	1.6365	-0.0518	1.4615	-0.0703	2.2820	-1.0130	0.4874	1.1608	-1.5965	-1.3825	-0.7619	0.9375	-0.3029	0.6354	0.2076	2.4195	0.6720	-1.8832	1.4043	0.2033	-0.2036
1.7908	0.6892	-0.4402	-0.3117	0.9925	1.4132	0.9491	-0.9397	0.9774	0.3942	0.1325	0.5688	-1.1909	1.5230	-1.0022	0.6934	-0.2193	0.6689	1.6961	0.5408	1.3162	0.2409	-0.8583	-0.2679	-0.3303	0.0861	0.3033	0.2951	2.2314	0.2152	1.7096	-1.4904	1.9095	-0.1104	-0.3632	1.1456	-0.2407	1.0137	0.6058	0.4973	0.1756	0.2471	0.8439	2.4154	0.9651	-1.4589	-0.5337	-0.6844	-0.9766
1.1097	1.7082	-0.1719	-0.9921	1.5960	1.8986	1.6594	0.5776	2.5050	0.2740	0.8667	0.1884	-1.6629	0.7198	1.2636	-0.3503	1.0738	1.5464	0.9879	1.1725	0.7456	1.1592	1.7393	1.2892	1.0633	0.3653	0.5064	-0.6764	2.2528	-0.1256	0.1127	1.2160	1.5714	0.0074	-0.0312	0.3461	-0.4354	1.0921	1.4651	0.6878	0.4080	0.1946	0.5702	2.0522	-0.1284	1.1173	-0.2695	0.8745	0.8872
0.8426	0.4474	-0.2304	0.0545	1.5283	1.2576	1.2263	0.7656	0.9019	1.2428	0.8395	0.3627	-0.9205	1.0143	0.1165	-0.7624	0.7755	1.9942	0.1517	2.0187	2.2957	2.1728	-0.4721	0.9235	2.3450	0.3538	2.5946	-0.4616	0.5665	-0.4925	-0.6635	0.8972	1.1800	-0.3182	0.6504	0.8252	-0.2199	0.4037	2.1049	0.4195	0.7980	1.1040	0.3237	1.2620	0.9453	-0.6097	0.4375	1.0906	1.5840
0.2812	-1.2023	-0.4893	1.7008	0.7154	1.3914	1.5237	0.0764	-1.1628	1.7390	1.1532	0.2895	-0.2785	-0.3811	-1.8603	0.1219	1.3362	0.9907	-1.3969	0.7800	1.7986	0.7496	-1.2026	0.3235	1.3022	0.5324	1.1156	0.6492	-1.9301	-0.2590	-1.0583	-0.9203	1.5384	0.1732	0.3183	1.0815	2.0410	2.3686	1.7813	-0.6184	2.3830	-1.1381	2.4102	-1.0076	1.9508	-2.0356	-0.3867	-0.4745	0.9060
0.0265	-0.4607	0.0020	0.2845	-0.2288	1.4199	1.2134	-0.2589	-0.9560	0.4745	0.5471	1.4036	-0.0879	-0.4474	0.0499	0.2409	0.6644	1.1238	-1.4363	-0.0639	-0.1874	0.1283	1.5030	1.3443	1.4180	-0.2394	-1.1593	1.1225	-1.4200	0.2180	-0.5680	0.9288	0.4444	1.1598	-0.8358	0.7157	-0.2405	2.1203	0.9930	-1.6093	1.1627	-0.7305	1.7911	-0.8870	1.0253	0.3291	1.3586	-0.7430	0.0486
-0.5890	-0.5516	-0.1470	-1.7779	-0.0508	-1.4400	-0.5114	-0.9305	-0.7312	0.1010	0.4413	-0.7992	-1.4064	0.2119	-0.4159	-1.0394	-0.1923	1.0753	-0.2607	-0.3754	-0.7270	-0.1646	1.3407	1.5078	1.1194	-1.2590	-1.3516	0.5859	-0.2944	-0.1077	0.0065	2.1843	-0.7894	0.0641	-1.1227	0.4586	-0.9456	0.5078	-0.1442	-1.1230	0.9315	1.1782	-0.1113	-0.0245	0.0657	0.0405	0.3965	0.1534	-0.4084
-0.5165	-0.2984	-0.6667	0.4579	1.2427	0.8117	-0.5194	-0.0663	-0.0357	1.6031	-0.1005	-0.6837	-0.8098	-0.8025	-0.4847	-0.4288	-0.1100	0.6991	0.1758	-0.1058	-0.3036	0.6732	1.1821	0.8411	1.1583	-1.5282	-0.9708	-0.1098	0.3187	0.6423	0.8761	1.8256	0.3630	-0.6678	-0.6999	0.3723	0.1873	-0.5785	0.1495	0.0691	0.8508	-0.0620	-0.3532	0.1097	0.8199	-0.2207	-0.2478	-0.6383	0.6238
0.3957	-0.3836	-1.2426	0.4999	1.5726	0.9479	0.4382	0.1101	0.0197	1.2149	1.6118	0.7215	-0.4860	-1.0159	-1.1007	-0.1985	-1.1873	0.5350	-1.1911	0.9849	-0.9418	-1.2710	1.7036	-0.0283	0.7751	0.8945	-0.3516	0.6597	-1.1078	-0.3689	0.1797	0.5384	-0.0604	0.4524	-0.5187	0.1811	0.8583	1.6053	0.7438	-1.9317	0.9909	-1.8623	1.6396	-0.1677	1.5474	0.2109	0.9687	-2.0796	1.3872
-0.1592	-0.7271	0.4425	-0.1020	1.1081	-1.2110	0.6024	-0.8978	-0.9712	0.1985	1.3427	1.2779	-0.5873	-1.4084	0.7511	-0.8397	-0.3140	0.6602	-1.4027	0.2262	-1.0850	-0.3191	1.7850	-0.2400	0.2596	1.5402	-2.0178	0.1741	-1.9940	-1.0547	-0.0437	1.4467	0.3133	0.8900	-1.5441	0.5170	-1.0268	0.9972	1.1958	-0.1507	1.3342	-1.0928	1.3072	0.2393	1.0131	0.3183	-0.5695	-1.9204	0.0729
-0.4831	-0.9378	0.0861	1.5913	-0.5725	0.5564	-0.9634	-1.5408	-1.1733	0.4560	-0.6625	-1.3682	0.5498	-1.5135	0.6271	0.2451	-0.2903	-0.3254	-1.7597	-0.7401	-0.3969	0.6446	0.4542	0.9338	0.8030	-0.2882	-0.8110	1.3043	-1.6550	1.1020	-1.5693	-0.0577	-0.6034	-0.2002	-0.6626	0.7544	0.6941	-0.0341	1.8982	-0.3646	1.3967	-0.1152	-0.8022	0.0008	0.3078	0.0072	-0.5273	0.2726	-0.9552
0.0429	-0.2167	-0.7118	1.0681	-1.2737	-0.0778	-0.3821	-0.5084	-0.6079	0.3054	0.4158	-0.1479	0.1087	-0.7144	0.9206	0.1795	-0.6894	-1.1170	-0.9458	-0.5961	-0.1841	0.2714	0.6293	-0.2621	0.1965	0.4525	0.4293	0.6483	-0.6016	0.7907	-1.7188	-0.4615	-0.4474	0.0089	-0.8595	0.6267	0.9690	-0.0617	0.5694	-0.9360	0.4011	-0.3664	0.7928	0.1903	0.5457	0.0118	-0.3268	-0.0802	-0.5483
-0.1749	-0.7614	0.8473	0.0178	-0.5590	-2.6312	-0.0278	0.1258	0.9930	0.1661	-0.0400	-0.0140	-0.7344	0.4096	1.2844	-0.0386	0.3773	-0.7622	0.0303	-0.3303	0.2181	-0.6485	0.4164	0.4214	-1.2273	0.7094	0.3282	0.1022	1.0014	-0.8904	0.1388	0.8755	-0.4319	-0.1798	-0.9661	-0.6578	-0.0335	0.9194	-0.0657	-0.2234	0.1831	-0.1533	0.8437	1.0588	-0.0469	0.9087	0.1745	0.1449	-0.9552
0.4169	-0.0132	0.8387	0.4299	0.2486	-0.5661	-0.9962	-0.6654	0.8726	-0.2655	-0.5125	-1.6279	1.0252	0.3688	1.0972	1.1885	-0.0620	-0.5928	-0.3851	-0.3352	0.6169	0.0722	0.0571	-0.4609	-0.7414	-1.2806	-0.0799	0.6515	1.2193	0.1589	0.2321	0.7959	-0.5061	0.5846	-1.1593	-0.4186	-0.0705	1.1839	0.2869	0.0837	0.8048	-0.3889	0.2256	0.6405	-0.3639	1.0744	1.9173	0.1604	-2.2310
0.4820	0.7520	-0.5064	0.1877	0.6549	0.0585	-0.7018	-0.8501	0.4909	0.3702	0.9668	-1.0263	2.0332	-1.1770	1.0841	1.1139	-1.7123	-0.7640	-1.5019	-0.1713	-0.5967	-0.6976	1.8383	-0.4438	-0.9637	-0.1641	-0.4635	1.6157	0.1407	0.9118	-1.5255	-0.2687	-0.9719	-0.1976	-1.5494	1.0934	0.8714	1.8306	0.2830	-0.7910	0.7384	-0.8161	0.9872	0.1396	0.1854	1.3239	1.8831	0.1842	-0.4708
-1.0226	-0.5933	-0.3539	-0.6209	0.5691	-0.5222	0.6951	0.6000	-0.2533	0.4452	0.0603	-0.4729	1.6774	-0.0407	0.9289	0.4919	-1.2398	0.5101	-0.1922	0.0999	-0.5116	0.7071	1.8886	0.6059	0.5979	2.4324	0.0502	1.3459	-0.4568	0.5236	-2.5505	1.2791	-0.2103	-1.4564	-0.4975	2.2308	0.2103	0.2918	-0.0930	0.3270	-0.4445	0.6452	-0.0664	-0.4477	0.2586	0.1914	-0.6520	1.1856	0.5337
-1.6560	-0.9872	-0.3209	-0.3371	-0.3913	0.3747	0.0204	1.8414	-0.7215	-0.2194	-1.6083	-1.5391	0.4061	0.0630	-0.2589	0.1580	0.3326	0.3069	0.4225	-0.2273	0.1684	0.2639	0.3568	0.9160	1.0657	1.7663	0.1114	0.0579	-1.5961	0.3907	-1.4923	0.6280	0.3266	-1.3524	0.3719	1.1998	0.9793	-1.0180	-1.2302	0.4109	-0.5237	1.8226	-1.9691	-1.3048	-0.7301	0.4255	-2.5574	0.2359	-0.4908
-1.0410	0.8548	0.1991	1.4061	-1.2841	2.0465	0.4532	0.9399	-0.4903	0.3659	0.7064	0.7654	0.7967	-0.6657	1.1264	0.8140	0.5330	0.3946	-0.2702	-0.2287	-1.6770	-0.4402	0.8894	-0.8416	0.1460	-0.7108	-0.0832	-0.0732	-1.3369	1.1328	0.4163	-0.0956	0.2250	1.5213	0.4570	0.9868	-0.0843	1.3571	-0.2459	-0.8990	0.8844	0.0453	-0.1483	-1.4063	0.3022	1.1467	-0.8340	-1.8276	-0.4335
-0.3377	1.3640	1.0792	1.0289	-0.7914	-0.5562	0.9218	0.1254	-0.9437	0.5209	0.5792	0.1265	-0.3632	0.4240	1.3618	0.0281	0.3661	-0.0066	-0.4620	0.4621	-1.6015	-0.3813	0.9637	-0.2913	0.7668	-0.2111	0.4702	0.6868	-1.0086	-0.4282	-0.2916	0.4971	-1.5424	2.2338	-0.0191	1.1405	0.5029	1.6680	0.5266	0.0961	0.8219	-0.4447	-0.6907	-0.9158	0.8748	0.5290	-0.7307	-0.0306	-0.6013
-0.7135	2.0273	0.5646	1.1014	0.8369	-0.5365	-0.1496	-0.6242	-1.2055	0.7044	-0.5928	0.0437	0.3995	-0.2330	1.6808	0.0697	-0.1571	-0.3398	-0.6813	-0.2062	0.3771	1.0582	0.9017	0.6274	1.2504	0.7340	0.6348	0.4103	-0.9069	0.7764	0.6790	0.7393	-0.0747	0.2416	-0.6093	-0.2982	0.0961	-0.8234	-0.4146	0.9123	0.7693	0.5982	-1.1949	0.7447	1.0674	1.4722	-0.3418	0.5938	-0.7937
-0.0290	1.8088	-1.8214	-0.0742	-1.0310	-0.0869	-0.5017	0.2727	-0.5638	0.1465	1.5514	-0.4132	0.0253	-0.1491	-0.8508	-0.3061	0.4556	-0.7805	0.1065	0.3972	0.1304	0.0667	-1.6762	-0.2414	-0.8071	0.4290	1.2787	0.2657	0.0714	0.1327	1.5196	-1.2050	-0.2213	-0.8760	0.3079	-1.4704	2.3434	0.3873	-0.7047	0.0020	1.2233	0.8853	0.5689	0.5318	-0.0852	0.2679	-0.4037	1.0194	1.1562
0.6343	-0.6416	-1.5429	-1.7380	-0.1260	0.1463	-0.7742	-0.2035	1.4423	-1.2153	0.4477	1.8374	-1.0023	0.4867	-1.2086	-0.9584	1.5442	-0.0987	1.1707	0.9894	0.4842	-0.1786	-0.1349	0.5784	-1.0802	1.6992	0.5315	-1.3598	1.2640	-0.9032	1.7643	1.0171	0.6090	0.0612	2.0625	-1.6349	0.8441	-1.9822	-1.8560	0.8531	-1.5255	-0.1377	0.0023	0.6348	-0.9105	-0.2088	-0.0924	1.4607	2.5106
2.1868	-1.8375	-0.9211	-1.4581	0.9432	1.0125	-1.2307	-0.2001	0.9663	-0.1333	0.1635	1.5482	-0.8024	2.0567	-1.7184	-0.9394	1.3364	-0.6629	1.9265	0.4221	1.0426	-0.3721	-0.8393	1.3523	-0.9933	0.6483	-0.0498	-1.6617	1.4628	-0.2451	2.2441	0.1298	0.3748	0.5710	1.2487	-1.1900	0.7654	-1.5333	-1.4508	0.3053	-1.1711	-0.0716	-0.8912	0.4624	-2.2162	-0.9285	0.6476	-0.0346	0.7992
1.1995	-1.2798	0.2651	-0.0559	0.2490	0.4611	-1.8384	-0.4615	-0.4195	0.2769	1.1696	0.2077	0.0654	2.6068	-1.6701	0.0615	2.2519	-0.8179	1.2369	-0.8316	1.3478	-0.2376	-1.8489	-0.1302	-0.7306	0.0799	-0.2871	-0.5130	1.0871	-1.3520	1.0658	-1.5781	0.2504	-1.0793	1.3052	-1.2563	1.0557	0.0970	-1.3535	0.1405	-0.3109	0.0117	-1.1593	-0.0652	-1.7508	-1.7743	-0.5078	-0.7406	-0.5632
0.4240	0.6347	-0.3692	-1.0917	0.6695	1.3530	-0.5379	-0.9316	0.1463	0.0347	1.3905	1.9260	-0.2900	1.7013	0.6286	-0.0894	1.3675	-0.4959	-0.1538	-0.2983	0.2621	-1.1337	0.6527	-0.1084	-0.1193	0.6401	-0.9780	-0.2649	1.1912	-0.2036	1.1235	-0.9451	1.4843	-0.3157	1.4717	-1.3855	-0.4716	-0.3065	-0.5436	0.4408	-0.6571	-2.1503	-0.2234	-0.2650	-0.6474	-0.2811	-0.6895	-1.9375	0.3519
0.2455	-1.0121	-1.5246	-1.3868	0.3311	0.2471	-0.5023	-0.0678	-0.2862	-0.7964	0.7818	0.3511	-0.6900	0.5803	0.0615	-0.6240	0.4243	0.6042	-0.4437	-0.8308	0.0030	-0.8693	0.2199	0.4153	0.0811	-0.5477	0.3829	-0.3293	-0.1898	0.5210	-0.0105	0.1016	0.4579	0.4913	1.4339	-1.4738	-0.0214	-0.8073	-0.7647	0.0311	0.1861	-1.8947	-0.0331	-1.1739	-0.7555	-1.2173	-1.1980	-0.4025	-0.9806
-0.1271	-0.7839	-0.3283	-0.3746	0.1545	-0.5726	-0.3121	0.2521	-0.9209	-0.5206	-1.3151	-1.7248	0.3017	-1.7430	-0.6510	-0.5276	-0.0897	0.3628	-1.4017	-1.3091	0.1727	-0.3713	-0.9807	1.0129	-0.2405	-1.7243	-0.5537	-0.7099	-1.4904	1.1321	-0.4001	-0.4088	-0.0327	0.3311	0.2601	-1.0005	0.6241	-1.1135	-0.8824	-1.1272	0.2764	-0.6101	-1.0198	-1.7519	-0.6096	0.2998	-1.7693	0.5226	-1.6582
0.0605	0.1600	-0.0850	-0.1858	-0.9407	-0.7376	0.6261	1.0232	-0.3249	0.0861	0.0624	-0.7356	0.8777	-1.7374	-0.8754	0.0924	-1.5532	-0.2619	-1.4944	-0.6945	-0.9385	-1.5222	-0.6468	-0.2270	-0.9946	-0.8727	-0.7187	-0.4610	-0.5450	-0.4080	0.5686	-0.8023	0.0483	0.7217	-0.2097	-1.2278	1.2047	0.7935	-0.5565	-1.6239	0.1868	-1.7595	-0.1383	-0.6484	-0.9467	-0.3665	0.1246	-0.5534	-0.9604
-0.0895	-1.1817	-0.3314	-0.4385	-1.4134	-1.9186	-0.1430	-0.5505	0.7977	-0.4242	-0.1694	-0.2782	-0.0650	-0.3227	-1.7788	-0.3191	0.1644	-0.6455	-0.1951	0.0073	-0.6055	-1.6155	-1.1161	-0.0362	-1.6696	0.5797	-0.1749	-1.2748	0.5419	-1.2808	0.4853	-0.1119	-0.8497	-0.1730	0.7117	-1.5365	0.6575	0.7544	-0.8487	-0.4409	-0.2942	-0.5255	0.1410	-0.0617	-0.8867	-0.2542	0.6614	0.8498	-0.4962
0.1680	-2.0244	0.0698	-0.3890	-1.9199	-0.5810	-2.0001	-1.1797	1.3170	-0.6765	-1.4050	-1.1525	-0.5305	0.3397	-1.6702	-0.5725	0.1228	-0.1443	1.1534	-0.6171	0.4694	-0.4082	-1.4026	-0.4668	-1.1886	-0.8479	0.6897	-1.8333	1.1588	-0.8133	1.0235	-1.1346	-0.7120	-1.5430	1.2763	-0.8618	0.1579	-0.8706	-0.9292	0.1988	-1.1530	0.4240	-0.9411	0.4221	-1.0678	-1.5682	0.7136	0.9598	-0.4545
1.1841	-0.9064	-0.6050	-0.7628	-1.6825	-0.1125	-1.2597	0.0258	1.0713	-0.5829	0.5398	-0.6058	-0.4179	-0.2433	-1.7969	-1.1656	-1.1800	-0.5101	1.0281	-0.3365	-0.3920	-1.4320	-1.6903	-0.8985	-2.0950	0.0160	0.5175	-1.5252	0.8897	-1.0387	0.9401	-2.0538	-1.0278	-0.7839	0.4420	-1.2710	0.1967	-0.3693	-1.2232	-0.3737	-0.6959	-0.4202	-0.5180	0.9039	-1.5451	-0.9328	0.9018	0.3050	0.1532
0.2328	-0.4104	0.0208	-0.2322	-0.0454	-0.5262	0.4172	-0.3972	1.6402	-0.7636	0.6600	0.3214	-1.2513	-0.0733	-0.4934	-1.2437	0.3284	0.4455	1.8444	0.2252	-0.1099	-0.5666	-0.6254	-0.3053	-1.1178	1.3444	0.4356	-0.3964	1.0699	-1.2794	1.1141	-0.7366	-0.2789	-0.4509	1.1514	-0.8323	-1.5060	-0.0888	-0.5593	1.3639	-0.5377	-0.4602	-0.7546	1.0084	-1.0985	-0.2915	-0.6055	0.4464	0.4658
0.9302	-0.3376	-0.5600	0.1102	0.7188	0.9636	0.0287	-0.3967	1.1646	-0.5320	-0.6735	-0.8834	-1.0552	0.5154	-1.5388	-0.3741	0.1217	0.8351	1.5185	0.1030	0.7782	0.5549	-1.4510	0.1548	-0.2984	0.6533	1.3330	0.6927	0.0943	0.5719	0.4470	-0.6262	-0.6529	-0.7936	0.3536	-0.6909	-0.5516	-0.6973	0.3298	-0.1243	-0.3003	0.7999	-0.5415	-0.0044	-0.7231	-1.0039	-0.6018	0.2849	0.2945
0.2877	-0.3018	-0.4834	-0.7049	0.3371	1.2292	-0.2611	0.0743	0.4143	-0.6069	-0.0633	-0.6479	-0.7603	-0.8564	-1.7730	-0.4723	-0.0748	1.5390	1.4141	-0.4107	0.7934	1.0597	-1.9078	-0.5031	-1.3018	0.0848	-0.7216	-0.6415	0.2321	-0.0420	0.6475	-1.2998	0.1947	-1.4895	-0.1543	-0.3696	-0.2059	-0.9357	-0.5018	-0.2584	-0.6798	0.9701	0.6056	-1.0240	0.4905	-1.2670	-1.2883	-0.8290	-0.0566
0.1211	-1.0291	-0.0103	-1.3206	0.1303	-0.7469	1.1818	-0.1486	0.8254	-1.1386	-0.1072	1.0632	-1.3215	-0.3089	-1.0390	-0.4390	0.3736	0.8523	0.8617	-0.4348	-0.3518	-0.6243	-0.5186	-0.7729	-0.8643	0.7175	-1.0424	-1.0924	0.4295	-2.3897	0.6153	-0.5305	1.1356	-0.1659	-0.1479	-0.4841	-0.3123	-0.4729	-1.2195	0.2580	-1.3580	-1.4892	-0.4580	0.0404	-0.6156	-0.8724	0.9844	0.1844	0.1998
0.4096	-0.8638	0.5831	-0.0091	-0.4173	-0.9427	0.4949	-0.5707	-0.2630	-1.8567	-2.0548	0.2541	0.3353	0.8221	-1.0476	0.3373	1.4938	-0.3266	0.5352	-0.7838	1.0267	-0.3158	-1.2697	-1.2026	-0.1770	-0.6269	-0.5260	-0.7182	0.1263	-1.4271	-0.1113	-0.9689	0.4840	-0.5217	-0.5932	-0.5790	-0.5569	-1.2510	-1.0905	0.1670	-1.7483	-0.8764	-1.8132	1.4010	-0.6380	-0.9789	1.0860	0.6165	-0.9395
-0.3906	0.9968	-0.1981	1.8327	-0.7263	-0.2799	0.0168	-0.3231	-1.3264	-1.0187	-0.1002	-0.5085	1.0243	-0.2639	-0.1927	1.0512	0.6668	-1.2440	-0.4774	-0.8491	0.1360	-0.6573	-0.7547	-2.2150	-0.3951	-1.3546	-0.9064	0.2925	0.2631	-0.4168	0.3620	-2.2439	-0.2690	-1.1001	-0.9378	0.0150	0.3332	0.1625	-0.0275	-0.5966	0.0457	-0.4822	-0.2540	0.8955	0.1024	-0.4969	-0.7663	0.2311	-1.1101
-1.2036	0.5984	0.8235	0.7744	-0.1200	-1.6156	-0.6389	-0.6804	-0.8148	-1.6341	-0.8104	0.0754	-0.0411	0.4043	1.1719	0.4454	0.3117	-0.1031	-0.3427	-0.3384	-0.5647	0.5486	0.9890	-0.9631	0.2576	-0.3822	-0.6175	-0.1324	0.5172	-0.9717	-0.3162	0.4187	-0.8049	-0.3455	-0.6065	-0.0159	-0.7930	0.3388	0.4687	-0.2585	0.0444	0.7283	-0.5006	-0.6360	-0.0170	0.3222	-0.4496	1.4130	-0.8491
0.1342	0.3901	0.5919	0.6332	0.1132	-0.7723	-0.3364	0.9044	-0.7681	-1.8600	-1.8037	0.6781	-1.1731	0.7880	0.2682	0.9190	-0.0961	0.3335	0.3628	0.3678	0.5577	1.2470	0.2836	-0.7900	0.3404	0.5924	0.4050	-0.8517	0.0656	-1.1396	0.3359	-0.1508	-0.6244	0.4854	0.0567	-0.5049	-0.5094	-1.5336	0.8543	-0.1717	0.0824	1.4617	0.1283	-1.1758	-0.3178	0.4862	0.6635	0.9376	0.0774
0.7125	0.4270	0.5882	0.8639	-1.4167	1.1905	1.0057	3.5340	-0.3651	-0.6926	-1.5653	1.2915	-0.0946	0.7839	-0.0823	1.9511	0.0700	0.3623	1.4375	0.2884	0.8931	0.4646	-1.3152	-0.7964	-0.5684	0.3305	-0.0620	0.3766	0.0520	-0.7822	1.2954	-0.4460	-0.8834	1.5236	0.4819	0.0727	-0.3678	-0.8389	-0.4987	0.4079	-0.0040	1.1374	0.7774	-1.1218	1.0499	0.0663	0.8611	-0.5554	-0.6240
0.3447	0.6116	1.3004	1.0756	-0.1277	0.7576	0.9149	1.7163	1.3768	-1.0129	-1.0092	1.9166	0.1917	2.0115	1.6284	1.2566	0.8662	0.6271	1.7898	0.3371	-0.4065	1.1297	0.8071	-0.4318	-0.3773	-0.1866	-0.1500	0.5120	0.6489	-1.3584	1.6461	2.4608	-0.0821	2.4787	-0.6016	0.5605	-2.4815	-0.2006	-0.6417	2.3678	0.4091	-0.1849	0.3611	0.5617	0.0717	0.2657	1.1528	-0.7071	-1.2359
1.1275	1.7385	1.5324	2.1090	0.5813	-0.7377	1.2266	0.7321	0.8549	0.3283	-0.9019	-0.2920	0.7586	1.6878	1.4299	1.2134	0.0931	0.2628	0.8374	1.4044	0.6245	2.0181	-0.1779	-0.8292	0.9959	-0.7698	1.2953	1.5546	0.2018	-1.3610	1.8168	0.9899	-0.8295	1.6971	-0.1659	1.8820	-2.2795	-0.2499	0.6461	1.6244	1.4556	1.0151	-0.2385	1.8139	0.5044	0.4667	1.2650	0.1678	-0.6125
1.7981	2.8935	0.3243	2.1588	0.4485	1.1966	1.2301	0.0667	0.5988	1.7779	0.6809	-0.3532	1.3082	-0.0164	1.1583	0.6976	0.2680	1.2281	0.4445	1.1782	0.6086	2.0948	-0.6626	-0.6552	0.9990	-0.4545	0.8931	1.5421	-0.6339	0.7025	-0.1138	-0.0654	0.2539	1.0500	-1.6176	1.7252	0.9395	0.2914	0.6014	1.0600	1.8990	0.2360	1.4574	0.4654	0.7616	0.3399	-0.4733	0.0745	0.2376
1.3298	3.2730	-0.1982	0.1401	1.5621	1.8612	1.6264	-0.6534	1.6753	0.7772	-0.9274	0.0846	0.5476	-1.4505	0.0751	0.2447	-0.0161	1.5158	-0.2803	0.7640	-0.5186	1.0352	1.2315	1.7606	0.7031	-0.1649	1.3186	1.9563	-1.0074	2.6838	-2.3366	0.6510	0.7176	-0.2175	-0.6307	1.1289	0.6614	0.2873	-0.2086	0.2689	1.3436	0.4285	1.0473	-0.5719	1.3916	3.1873	-0.7706	1.1268	3.0784
0.0531	1.7775	0.9165	-1.6653	0.7539	-0.2208	2.7596	-0.6322	0.8264	1.7417	-0.3044	-0.1567	-0.7998	0.7572	-0.0144	-1.4227	0.1319	2.1702	0.4966	2.0907	0.1745	2.3184	0.4571	2.3270	0.4956	0.1975	1.9598	0.3942	-0.2238	1.9662	-0.7387	0.6080	2.4316	-0.2039	1.9399	0.4862	-1.0015	0.7695	0.7371	1.1750	1.7176	2.0662	1.0739	-0.0800	1.0891	0.3804	-1.7513	2.3416	2.8829
1.0225	0.4731	1.8792	-1.5882	1.2311	0.1439	2.6544	-0.2802	1.2707	2.6231	-0.6805	-0.1345	-0.9488	1.4996	0.2072	-1.6797	-0.4824	1.3134	0.8181	1.3455	0.6795	1.0528	0.4357	2.2959	0.5779	0.2838	2.8442	-0.0863	0.3022	0.7370	-0.3532	1.2367	2.6998	-0.5002	1.7855	-0.4139	1.0779	-0.2539	0.0786	0.8516	0.3629	1.4834	-0.1740	-0.2090	0.4085	-0.1475	0.3594	2.8723	2.6640
0.0112	-0.3338	2.2925	-0.6029	1.4477	1.4901	-1.3733	0.1396	0.7618	2.0516	0.8914	-1.2438	-0.4286	0.5372	1.0453	0.1841	-0.1501	0.2264	0.0182	-0.0359	1.6360	1.0380	-0.3765	0.4996	0.7860	-0.0949	1.4967	1.1668	0.3116	1.6777	-1.2622	0.7944	1.4354	-2.0634	0.3024	0.5138	2.0663	0.5947	0.3810	0.5751	0.2525	1.6878	-0.5234	-0.5895	0.8005	-2.5538	-0.2064	1.6387	1.6340
1.1609	-0.1920	3.0929	-0.4986	1.0384	0.3772	-1.4342	0.6305	0.9063	1.1264	2.0512	0.7120	1.1230	0.8339	2.0161	-0.2000	-0.3234	0.5364	0.1997	1.0199	1.3731	1.2297	0.6832	1.4217	0.6564	0.4322	1.5640	0.5119	0.1528	0.9968	-1.8450	0.0563	1.5107	-0.3304	-1.0750	1.0320	1.4760	0.6371	0.4989	-0.0155	-0.5739	0.9050	0.2220	0.3675	1.2778	0.3355	-0.7649	0.5859	1.6758
0.4944	-1.1365	1.1313	-0.8485	1.0615	1.7958	-2.1740	-0.6630	1.4664	1.5268	2.1392	0.8602	2.4696	0.8110	1.4292	-0.5038	0.1671	-0.5278	-0.0325	0.8798	0.3086	-0.5708	2.3972	3.3904	0.3347	0.8956	0.7057	1.4048	-0.2372	1.1694	-1.1405	0.4672	0.8586	-1.0472	-0.0108	0.4361	0.5866	1.0599	0.2412	0.7183	-1.1332	-0.9555	-0.5125	0.5483	1.2111	0.6139	-1.4902	-0.1515	2.1758
-0.3401	-0.4239	-0.8323	-0.5508	1.6065	-0.3303	-1.5356	-1.1308	1.0298	2.7214	2.5699	0.2806	0.9984	1.3803	2.6335	-0.3016	-0.1295	-0.1620	-0.7876	1.8719	0.4530	0.6771	2.3108	1.9760	0.2895	2.1457	0.4758	1.7280	0.5608	-0.1485	-0.6461	2.9045	0.7522	-0.4202	0.1069	0.6653	-1.0503	1.8519	1.2119	1.7871	-0.8902	0.0656	-0.4457	0.8524	0.3231	1.6563	0.0841	0.6150	1.9336
-0.9265	-0.1765	-0.4714	1.3609	2.1436	0.4594	0.2754	-1.7573	0.1990	2.9463	2.0012	0.3579	1.5093	-0.1140	1.2473	1.6696	-1.2884	-0.0965	-0.2674	1.8616	1.1021	1.2903	0.5267	1.3292	0.5219	1.9165	1.7755	3.5358	-0.2097	1.6986	-0.8285	1.1580	1.1091	-0.1976	-0.0794	1.8346	-0.2778	0.1243	0.4017	0.1323	0.2751	0.0979	0.1247	1.0229	1.4489	0.4368	-0.2386	-0.1678	1.2271
-0.7210	-0.9123	-1.0590	2.2158	1.1584	0.5660	-0.1494	-0.2549	-0.0987	2.5181	2.4854	0.3342	0.8125	-0.9227	0.8804	2.6741	-0.0212	0.2312	0.0693	0.7317	0.3971	1.0408	-0.0219	1.0262	-0.5860	1.7323	0.9241	3.2616	-0.1595	1.7590	-0.7619	-0.6989	1.7511	-0.9166	-1.0993	1.3845	1.5241	-0.3141	0.8900	0.3923	1.0360	0.5631	0.7983	1.1241	1.0582	-0.5428	-1.1687	-1.0842	0.0144
-0.1741	-1.1752	-1.9830	0.7418	-0.7315	0.4596	-1.4246	1.2141	1.1565	1.2162	1.8461	0.0993	-0.5927	0.6237	1.0361	1.4453	1.0533	0.2663	0.2895	0.3569	0.0249	-0.7957	0.6947	1.0775	-0.6470	1.1701	1.0049	1.2473	0.2018	1.6168	-0.8254	1.8603	1.4639	-0.4004	-0.6527	0.1850	1.8171	-0.4649	1.2012	0.3912	1.3882	1.1318	1.3728	0.6048	-1.3885	1.0000	1.0795	0.7785	0.1454
-0.2766	-0.9665	-1.0997	-0.5784	-0.9850	1.0022	-1.1018	-0.2252	-0.4638	1.8049	0.7483	-1.1484	-0.1886	1.0599	-0.9968	0.3311	-0.4716	0.2699	-0.0409	-0.4022	0.4226	-1.0759	-0.6431	1.1745	-0.2216	-0.1951	0.9533	0.9376	0.0990	1.8151	0.2045	-0.1200	-1.0705	-0.7885	0.1170	1.1294	0.6722	-0.5587	0.5768	-1.7757	0.5376	0.8750	0.5588	-1.0882	-0.0756	-0.5715	0.1685	0.2996	-0.1464
-0.6600	0.2833	-1.4682	-0.9915	-1.8164	-1.0399	-0.5316	0.0995	-2.5510	1.7629	0.9115	-1.1671	-0.2101	-0.9657	-2.2891	-0.8111	-1.3594	-0.3251	-1.2587	-2.1272	-0.8823	-1.9283	0.0415	1.2929	-0.7414	-1.4521	-1.0355	-0.3120	-0.4466	0.8435	0.0119	-1.3346	-1.0404	-0.0674	-1.1105	0.7733	1.1507	2.1301	0.7919	-2.5193	0.9568	-1.2674	0.9555	-1.4073	1.6859	-0.1166	-0.6763	-2.3510	-0.8630
-0.6327	-0.6624	-1.3426	-1.3968	-1.6571	-2.7950	-1.5287	0.0540	-2.4478	-0.1405	0.1759	0.2938	-0.9079	-2.1398	-1.4591	-2.5240	-0.7066	-2.9742	-0.7879	-2.6177	-2.2773	-1.9308	1.2446	-0.4885	-1.4245	-1.1410	-2.5065	-1.9614	1.3010	-0.3141	-0.5897	-0.6706	-0.4505	-0.1077	-0.5968	-1.1862	0.5810	1.8745	1.5365	-1.1123	-0.0115	-1.6967	0.9737	0.5674	-1.0609	1.4517	1.3273	-3.0552	-0.5676
-0.2272	-1.3510	-1.1023	-0.7689	-0.3379	-0.9749	-3.3502	-0.2407	-1.9877	-0.0276	-0.4535	-1.5663	-0.1437	-1.6426	-1.2007	-1.8277	-0.5444	-3.6537	-1.4967	-2.6090	-1.5362	-1.5947	-0.2135	-1.5878	-1.8856	-1.5640	-3.6968	-1.6708	1.7472	0.9789	-1.2115	-0.6250	-1.1875	-0.8132	-0.2766	-3.0105	0.9300	0.4619	1.0785	0.2056	-1.7954	-1.7102	-0.6669	1.0471	-3.3690	0.1326	0.4491	-2.1959	-0.6117
-0.5142	0.1112	-1.6325	-0.7384	-0.9653	-0.7921	-0.7264	0.0660	-1.8799	0.0901	0.7183	-0.7975	0.6502	-1.3872	-0.4578	-1.7441	-2.1575	-2.3717	-1.5499	-1.5302	-1.7809	-2.3733	-0.8736	-1.9765	-1.7897	0.0949	-2.7067	0.6377	0.7003	1.9059	-1.2649	-0.7840	-0.8609	-0.2428	0.1041	-1.9356	-0.4301	0.9745	-0.2425	0.1332	-2.2192	-2.5424	-1.1947	-0.1466	-2.4832	0.1822	-0.4194	-0.5989	1.0001
-0.7871	-1.0740	-2.3422	-0.1759	-1.2418	-0.7581	-0.2117	0.3001	-0.7708	-0.6410	-0.1675	-0.6996	-0.3429	-0.6680	-0.6447	-1.1661	-2.5324	-0.2869	-0.5727	-0.9936	-0.2716	-1.1392	-1.3381	-0.5936	-0.4450	0.1303	-0.5813	-0.9332	0.1224	1.0231	-0.1587	0.5101	-0.5860	-1.6017	0.0040	-1.4341	-0.7560	-1.3478	-0.2561	-0.0001	-1.6885	0.4959	-2.2680	0.2638	-1.7524	-0.0024	0.0486	0.7787	0.8076
-0.5433	-1.7579	-2.0417	-0.4120	-1.4815	0.5304	-1.1526	0.8970	-0.4525	-0.8128	-0.2234	-1.6668	-0.7133	0.3656	-2.0170	-1.2696	-1.2013	0.1697	-1.0783	-1.2723	0.2371	-1.0874	-1.3838	-0.5812	-0.1624	0.1125	-0.5512	-2.1323	-0.0685	-0.2061	0.0529	-0.9473	-1.1520	-2.3936	1.0602	-2.1656	0.5653	-0.4927	-0.8431	-1.2152	-0.8435	0.5432	-1.0602	-0.3352	-1.6245	-0.2955	0.0173	0.6531	-0.0176
-1.4868	-1.4530	-0.7186	-0.4749	-0.7937	-0.0984	-0.1987	-0.0842	0.9721	-2.4837	-0.6040	-0.4209	-0.7776	0.3531	-0.3222	-1.4444	1.0683	0.5020	-0.7731	-0.4056	0.5945	-1.5412	0.1494	-0.9792	0.5311	1.0520	0.2953	-1.4570	0.3173	-1.7710	-0.3732	-1.2313	-0.4392	-1.5446	2.4005	-1.6914	-1.7897	-0.6413	-0.8909	-0.9024	-1.4478	-0.7510	-1.3864	-0.2715	-1.5792	0.2655	-0.1860	1.3596	0.7875
-1.5283	-1.3557	-1.2004	1.1465	-0.8018	-0.2043	0.1319	0.1405	-0.7369	-1.8466	-0.4985	0.2812	0.7858	-0.4851	-0.0571	-0.3865	1.3441	-0.4563	-1.0093	-0.4004	1.6477	-1.3497	-0.7922	-0.6111	1.2471	0.0857	-0.0861	-1.6762	-0.4358	-0.9426	-0.9513	-1.0235	-0.2139	-0.5854	1.6530	-1.1892	-1.1522	-0.7284	-0.7077	-0.2831	-1.4826	-0.7480	-1.7328	-1.0704	-0.2624	-0.7024	-0.2754	0.7684	0.2176
-0.5710	0.2420	-0.8358	0.6798	-0.6341	-0.8664	0.1131	0.6023	-1.6064	-1.7819	-0.0807	0.8621	0.3886	-1.7923	-1.1353	-0.5406	-0.2013	-0.8921	-2.1130	-0.4001	-0.1769	-2.0306	-0.9739	-1.1432	-0.1799	-0.6292	-1.8492	-1.7429	-1.4198	-0.0583	-0.9542	-1.5983	-1.2223	0.2244	-0.6362	-1.4872	0.2504	-0.3482	-1.0285	-2.3245	-1.1185	-1.1936	-0.7509	-1.9138	-0.4915	0.7615	-0.5815	0.1876	-1.2802
-1.8794	0.5774	0.3827	-0.7177	-1.6375	-2.5930	0.7923	-0.3029	-1.0760	-2.3851	-1.5363	-1.0190	-0.5260	-1.6525	-0.9989	-0.2481	-2.3080	-1.2944	-1.6163	-1.0441	-2.1754	-1.4729	-1.3518	-1.7576	-0.8556	-1.4577	-1.6206	-0.7957	-1.2643	-0.0194	-0.7890	-0.2733	-1.9209	0.2309	-0.9559	-0.5528	-1.8902	-0.5203	-0.6964	-1.4128	-1.0729	-0.7275	-1.3321	-0.9726	-0.5276	0.4550	-0.3898	0.0596	-2.4481
-1.6771	0.3240	0.5236	0.9558	-2.1546	-2.0018	0.2046	0.9153	-1.4690	-2.1228	-1.9714	-2.0715	0.0775	-2.2191	-0.8805	1.6035	-1.8313	-2.1138	-0.6700	-3.0498	-1.8961	-0.5449	-1.9969	-2.3599	-0.8267	-3.0068	-2.0701	-1.1020	0.0029	-0.8607	0.6310	-0.0501	-1.7799	0.1572	-1.0465	-1.0107	-0.7638	-1.0381	-0.5018	1.6466	-0.3397	-0.1966	-1.1626	-0.3426	-0.2341	-0.6930	-0.5925	-1.3310	-2.7993
-0.7149	1.0891	0.4183	1.0971	-2.1181	-0.8404	0.8550	1.0663	-1.3673	-2.3341	-1.0604	-0.6356	0.1707	-2.3217	-0.1558	1.0849	-1.1662	-3.3685	-0.5069	-1.6735	-2.9106	-1.9921	-0.3253	-2.1793	-1.0802	-1.2345	-2.7573	-0.9158	1.9151	-0.8237	1.4001	-0.9776	-2.6074	1.8959	-1.1688	-1.0145	-0.1996	-0.2573	0.0637	1.0788	-1.7801	-1.7625	-0.4189	-0.2320	-1.1799	0.0590	0.3880	-1.1921	-1.1631
-1.2675	0.9188	0.9295	0.5747	-0.4467	-0.6404	0.8807	1.1631	-1.3559	-2.7269	-1.8737	-0.8047	1.7614	-1.1856	-0.0700	1.4050	-0.5710	-2.4022	-0.5389	-1.0743	-1.3414	-0.4912	-0.8671	-2.5897	-0.6763	-1.2887	-0.7899	-0.8948	0.5300	-0.2141	0.3715	0.0351	-2.8232	1.5750	-0.8337	-0.1497	-2.2520	-0.3880	-0.0683	0.6164	-1.5744	-0.2248	-1.5369	0.2342	0.0896	-0.1942	1.2490	-0.0500	-1.1899
-1.8523	0.2560	1.0835	0.3584	0.3564	-1.4526	0.2269	0.8865	-1.5230	-0.2383	-1.3076	-1.0147	1.3509	-1.8552	-0.2365	0.8701	0.6855	-0.8357	-1.2784	-1.2114	-0.5439	-0.2574	-1.1061	-1.9364	-0.7827	-1.2986	-0.1987	-0.4772	-1.9693	-1.1642	-0.0486	-0.6644	-2.0038	0.7117	-0.2139	0.2953	-0.7749	-0.3384	-0.4923	-0.7251	-0.7720	0.5113	-1.1208	-0.3791	0.9717	-0.2578	1.0876	0.0888	-0.3052
-1.4671	-0.0058	1.0004	-1.5107	0.2745	0.1603	1.3025	0.4331	-0.3495	-0.8158	-1.3357	0.2088	-0.0614	-0.4761	0.1898	-0.5281	0.8454	0.3154	-1.1263	-0.2811	-1.6373	0.0512	0.8904	-0.2493	0.8806	0.4847	-0.2405	-0.3908	-1.9324	-0.3378	-0.9791	0.6283	-1.0788	1.0407	-0.5685	1.0317	-1.4444	-0.7601	0.3692	-0.8193	-0.5412	0.1351	-0.4993	-0.9473	0.4831	-0.5087	0.3281	0.3512	-0.7916
-0.1854	-0.7069	0.3751	-0.8315	0.5487	0.0034	1.3192	-0.2519	-0.8027	-0.6209	-1.4015	0.0865	-0.9596	0.8339	-0.7333	-0.2868	-0.1192	0.1738	0.1486	0.6089	0.1027	1.3572	-0.2872	-0.0102	1.1697	0.8904	-0.3266	-0.0135	-1.3017	0.4499	-0.4289	0.0429	-0.2127	0.1227	-0.9819	1.1661	-0.5776	-1.6293	0.3069	-0.1729	-0.5704	1.4564	0.4329	-1.5968	0.4564	0.1173	-0.3980	-1.0766	-1.5522
0.0669	-0.6450	-0.2247	0.5760	0.5445	0.4073	0.8123	-0.0364	0.5348	0.0378	-0.4915	0.8786	-1.3903	0.6212	0.1997	0.0100	-1.2082	0.3559	0.4424	0.6550	-0.3519	0.1712	-0.2743	-0.5822	0.5308	-0.5783	-0.8802	0.4651	-1.5126	-0.0403	0.1981	-0.3904	0.2684	-0.2122	-0.8760	1.6329	-1.2619	-1.5775	-0.5795	-0.3901	-0.1821	1.1641	1.2336	-1.5877	1.6054	1.0585	0.7816	-2.4633	-1.0892
-0.7889	0.1635	0.3557	-0.1933	0.5713	0.6779	1.7441	1.1149	1.1922	-0.4050	0.0849	0.1579	-1.0705	2.1345	0.6868	-0.2722	0.4141	1.6530	1.3384	0.7201	-1.5930	0.7815	0.5671	-0.0031	1.9006	-1.3921	0.0227	0.2424	-0.9953	-0.8918	-1.0884	0.5678	0.6362	-0.0742	0.3903	1.6684	-1.6575	-0.1549	0.4291	0.2085	0.9382	1.0020	0.7237	-1.7082	0.1081	0.0296	0.4647	-0.7210	-0.8171
-0.4647	0.8198	0.5211	-1.2899	1.9838	1.0040	0.1198	0.1855	-0.2182	-1.0353	-1.2669	-0.2957	-0.7213	0.4752	0.5321	-0.4991	0.4290	0.8536	0.2384	1.0556	0.3728	0.9825	0.9724	0.5627	1.6705	0.2992	0.7052	0.0336	-0.6054	0.1723	0.0581	0.0438	0.0239	0.4855	1.3223	1.6121	0.4956	-0.3962	0.2990	-0.0369	0.6766	0.9072	0.1384	-1.1267	0.6078	1.5646	-0.4762	-0.1779	-0.7427
-0.1465	0.9790	-0.0300	-1.5447	2.6483	1.2468	-0.4007	-0.8146	-0.4812	-0.2535	0.7674	-0.9230	-0.9928	0.2988	0.7872	-1.1383	-0.1359	1.8957	-0.5978	1.2313	0.4714	1.0624	1.3528	-0.2640	1.4110	-0.4939	0.3056	0.7236	-0.6621	0.1558	0.2803	-0.7541	-0.0511	0.6063	-0.0989	2.0110	0.2140	0.8556	0.5467	-0.4842	0.7272	-0.6096	2.2852	-0.8556	0.6962	-1.0307	-2.2225	-0.3444	-0.2532
-0.2409	0.2421	0.5382	-1.4593	3.1707	-0.0300	-0.2124	-0.2253	-0.0325	0.3506	0.0935	-0.2827	-0.8527	-0.4348	0.9972	-1.2118	1.2780	2.1708	-0.9614	0.7089	0.5005	2.0265	2.2038	1.0379	2.2241	0.5951	0.2100	0.2134	-1.1811	-0.7363	0.0492	1.6514	1.0872	1.1012	-0.9835	1.2836	-0.4016	0.2599	0.9629	-1.3478	0.6974	-0.7418	1.6215	1.2513	1.4433	-0.8544	-1.3547	0.3070	-0.1332
0.8796	-0.7708	0.0022	-0.2309	1.6794	0.1907	0.2621	-0.5294	-0.0864	1.5575	-0.5395	0.3530	-0.4933	-0.8835	0.0833	-0.5711	0.8139	1.0594	-0.4177	0.7727	1.2841	2.2967	1.5343	1.2481	2.5456	0.9275	0.1160	-0.1909	-0.8018	-1.5146	0.3674	0.8417	1.9598	1.3702	-0.6091	0.0913	0.8928	-0.1082	1.8116	-2.2847	1.2638	-0.2802	1.0097	1.7114	0.2517	0.1950	1.7178	0.0649	0.2824
1.0994	-0.7483	0.0455	0.4750	-0.6071	-0.4851	-0.9369	0.3438	-0.1021	0.2425	0.8573	1.0962	-0.6029	-1.0105	0.3250	0.0007	0.4088	0.8515	0.0426	1.3888	1.2217	0.9018	1.4465	-0.3999	2.1029	-0.2034	-0.8467	-0.9477	0.1474	-2.3333	-0.0350	0.6267	1.5765	0.7933	-0.5409	0.6540	1.3162	1.4095	1.5223	-1.7400	1.6445	-0.9255	2.2084	1.5449	0.4995	0.5997	2.6463	-1.5296	0.0570
0.3214	-0.7455	1.5814	0.2166	-0.8725	-0.7453	-0.5110	1.3336	0.2983	-0.1349	0.4613	0.8940	-1.2942	-0.2064	0.6689	0.7111	1.0572	0.3309	1.2882	1.0771	0.2513	0.3254	1.2082	0.5251	2.3255	0.0657	-0.7460	-0.7829	0.4765	-2.4596	0.5684	0.4960	0.7429	-0.0943	0.0983	1.6669	0.6179	2.4502	1.3730	0.2531	1.1896	-0.5389	2.7005	0.7115	1.4080	-0.0504	1.5386	-2.4981	-0.3639
-0.4143	-0.0388	2.0750	1.5569	-0.6547	2.1404	1.0674	-0.4073	-0.1230	0.2799	-1.1102	0.3261	1.3659	0.2927	0.3645	2.0320	1.3032	-0.7735	0.6348	-0.2246	-0.2464	0.5108	0.3801	0.4268	0.7256	-0.2904	-0.2503	-0.1656	-0.4853	0.2726	0.6984	0.0982	0.4578	1.3872	-0.1137	1.8738	-0.1300	1.8039	0.8984	0.5699	0.8362	-1.3732	2.1703	0.4457	2.3491	0.4637	1.5223	-2.3148	-1.8724
-0.5931	1.8807	0.8290	1.8289	-0.5450	2.3438	0.9039	-0.4880	-0.5795	0.3990	1.0366	0.4504	1.4295	-0.5106	2.2054	1.4424	0.7372	-0.4192	-0.5885	0.1758	-0.7684	-0.1603	1.6259	-1.4921	-0.4641	-0.2509	0.1949	1.2778	-0.2606	0.9763	0.5489	-0.1570	-0.2540	2.4862	-0.9461	1.5402	0.7013	2.1940	1.2327	0.1464	1.5928	-1.9321	2.2918	0.8634	0.9050	0.5089	0.3449	-0.6776	-1.0897
0.2635	2.5846	1.0840	0.7966	0.1380	-0.0917	0.6876	-0.3108	0.1056	0.0307	0.6083	0.0529	0.8867	0.0668	2.7873	0.9096	1.2507	1.4769	-0.7185	1.0027	-0.2728	0.5144	1.5693	-0.9406	0.6809	-0.0116	1.1239	0.5645	0.5556	0.8582	-0.4441	1.2527	-0.2877	1.6791	-0.8061	1.1265	-0.2576	1.1183	1.5521	0.8956	2.2669	1.0459	0.3562	1.5605	0.8220	1.8331	0.7682	1.5422	-0.0257
1.0725	1.4141	0.8346	0.8927	0.5380	0.1439	0.4114	-0.8253	-0.1286	0.4014	-0.8257	-0.5022	1.2718	0.8330	0.0471	1.2068	0.7599	1.1092	0.3844	0.9684	0.3493	1.3246	-0.2588	1.0934	1.1977	0.5965	3.1971	0.1744	0.1846	0.3832	-0.5810	0.4416	-0.0088	1.1908	1.5666	0.7106	0.9806	-0.4902	0.2022	-0.1495	2.4802	2.0040	-0.7977	0.9329	0.9450	0.9383	0.8846	2.3723	0.8928
0.9688	0.0312	-0.0781	0.2411	0.3207	0.3892	-0.3383	-0.7211	0.8582	1.2195	-0.0789	-0.1191	0.6432	0.9096	-0.5778	0.9977	-0.1270	0.8003	1.2432	0.6093	1.3269	1.0190	-0.0820	0.9263	-0.3694	1.1064	1.2945	-0.4299	0.8620	-0.1636	0.8165	-0.1926	0.1164	-0.3193	1.8605	-0.6100	1.5942	-0.2523	-1.6558	0.0160	1.9090	0.9773	0.1199	0.5511	-0.1208	-0.3414	0.1999	1.8566	0.7662
1.3297	0.2488	-0.0848	-0.2551	0.6379	0.8689	-0.2185	-1.3038	2.2918	-0.1901	0.5978	2.7548	-0.3663	1.8707	0.8894	0.2064	0.9602	1.2657	2.2481	1.6482	1.9195	0.5127	1.0544	0.5312	-0.8675	1.2830	-0.3684	-0.5410	1.8904	-1.1051	1.2163	1.0671	1.3215	0.5021	0.5186	-1.1040	0.1652	-0.7349	-1.7724	2.2064	-1.1329	0.0114	0.0743	0.8212	-1.3833	-0.4520	0.6755	0.8191	1.0234
2.5219	0.0857	0.1742	-0.9420	0.2832	1.1095	-0.1116	-1.3972	2.3310	0.1764	-0.0038	2.0542	0.1676	2.2406	-0.0155	0.0541	0.7530	0.7687	1.5891	1.2610	2.6345	0.1762	-1.1654	0.8886	-0.8782	0.2213	0.5545	-0.2843	0.8848	-1.1247	1.3603	0.1599	0.6979	-0.5220	1.5946	-0.6023	-0.2409	0.1453	-0.6694	1.1724	-1.1077	1.2378	-0.8401	1.2520	0.4496	-0.9349	0.8162	-0.1177	0.8696
3.1955	-0.3048	0.6958	0.8446	-0.8830	1.8112	0.0077	0.6247	1.0268	1.4650	0.0786	2.1007	-0.1549	2.3068	-0.5243	0.2805	1.6675	1.4435	1.0239	1.0913	2.7092	1.2665	-2.2024	1.4570	-0.3171	0.0583	0.5580	-0.8496	0.2754	-1.0279	0.2443	-2.0852	1.1344	-0.6069	2.7430	-0.3120	1.4159	0.4282	0.6937	1.1255	-0.4837	1.8938	0.3290	0.1069	2.1462	-2.0043	-1.7286	-0.4029	1.2043
1.7141	-0.9193	0.3766	0.1759	0.1031	-0.8818	0.6768	0.0305	0.9870	0.2564	0.1549	3.2071	-1.7300	1.7982	-0.0661	-0.5758	1.0641	2.3546	0.5504	1.4975	0.5238	-0.1543	0.0330	1.1266	-0.3617	-0.1065	1.1299	-0.2941	-0.3247	-1.9397	-0.0233	-0.5355	1.1828	1.0380	0.6724	0.3494	0.1066	-0.6377	-0.0609	0.1170	-0.4113	1.0580	0.6751	-0.3375	0.5639	0.3126	-0.3565	-0.0630	1.0707
-0.1752	0.1940	1.4250	1.8221	0.3199	0.7576	0.3240	-1.6822	-0.1358	-0.1035	-1.4101	0.9895	0.7381	0.6346	0.7334	1.1586	0.9522	1.1952	0.5760	0.2763	-0.1931	0.9667	0.2812	1.3261	0.6678	-1.1652	1.5360	0.8572	-0.3871	0.1193	0.3409	0.7644	0.7648	0.4427	0.5141	0.1383	-1.1203	-1.4068	-0.7979	1.0013	-0.7023	1.8660	-1.0493	0.4097	0.5976	-0.1670	-0.4919	-0.2286	-0.5489
0.2758	1.9002	-0.0096	1.3061	-1.4753	1.3522	1.3817	-1.5385	-0.3746	-0.0789	1.5083	0.0286	0.9072	-0.1908	0.1336	1.2513	0.2231	0.2129	0.7412	0.5906	-1.2556	-0.2290	0.2156	-0.4090	0.9199	-1.0311	1.6110	0.5333	-0.0139	0.9180	0.0143	-0.1698	-0.0440	-0.0179	1.0271	-0.4607	0.0757	0.5343	-0.8976	0.2948	1.5249	0.3164	0.7212	-0.0647	-0.5341	-0.5382	-1.3315	0.6274	0.3923
1.1594	0.6217	-0.5991	-0.9449	-0.4440	-0.5876	1.0637	-1.8073	1.0397	-0.3811	1.0740	1.8186	-1.0204	0.4949	0.0031	-0.7487	0.6782	0.0543	2.2566	1.5807	0.0401	0.0038	0.8928	0.6818	0.6819	1.5228	0.8473	-0.5866	0.2500	-0.1820	0.6437	0.3643	-0.1706	-0.4373	1.4020	-0.6611	0.1374	-0.4208	-1.7111	0.4782	1.0579	-0.0132	0.7246	0.2921	-1.7605	-0.1095	-1.4228	1.1641	1.4008
1.3956	-0.5775	-1.1340	-1.0824	-0.1212	-0.1222	-0.9070	-0.4115	1.8102	0.1358	-0.6261	0.7524	-1.1660	0.0171	-0.2764	0.3147	-1.3044	-1.1710	1.6546	0.1706	0.9704	-1.6846	-0.4930	1.4734	-0.9242	0.7879	-0.1969	-0.2753	-0.1562	0.7112	1.9630	-0.0004	0.1748	-0.7204	0.5945	-0.6063	1.0639	-1.5026	-2.3922	0.6545	0.4742	-0.1497	-1.0081	-0.1792	-1.0401	-0.3211	0.6323	0.4477	0.2522
0.8318	0.6944	-0.2014	-0.3528	-0.0569	0.3930	-0.3339	-0.8686	1.4256	-0.1780	0.2475	2.1407	0.3948	-0.0939	-0.2038	0.4740	-1.2108	-1.2128	1.4449	-1.1902	0.0540	-1.9404	-0.2452	0.6796	-2.5618	-0.6942	-1.2031	-0.2818	1.3701	0.9747	2.4411	-0.7739	0.5336	-0.2687	-0.8442	-0.8952	-0.5700	-0.0767	-1.9264	0.7874	0.5851	-1.0946	0.1016	-0.1196	-0.0050	-0.2487	1.0812	-0.9086	0.0717
1.1758	0.5704	1.0597	-0.9664	0.0672	-1.8648	0.3064	-0.3085	0.2856	-0.5407	-0.2631	0.8049	0.3066	0.8534	-0.6355	0.3107	-0.6819	-1.3447	1.8243	-1.1882	-0.3764	-1.2000	-1.3040	-0.0582	-2.3072	-0.5841	-0.8653	0.2797	2.1567	-0.5289	1.4960	-0.7684	-0.5518	1.0574	-1.2384	-0.7677	-0.1561	0.5727	-0.5399	0.6768	0.6209	0.1805	-0.6698	0.0313	-1.3369	-0.2425	-0.4677	-0.2749	-0.4364
0.4603	0.2813	1.0673	1.0990	-0.3785	-0.2153	-0.7209	-0.5869	0.0450	-0.1920	-1.0243	-0.5202	1.4510	0.1366	-0.4715	1.9714	-1.0289	-1.4020	0.8735	-1.6249	0.6730	-0.6036	-1.3319	-1.2531	-1.1288	-1.7726	-0.3725	0.6322	1.2041	0.9434	1.6241	-0.2584	-0.2627	1.4236	-1.3184	-0.2667	-0.4462	-0.5637	-0.3204	0.5166	1.0834	-0.6305	-0.9592	0.5610	0.2884	-1.3669	-0.7615	-0.1703	-0.2546
0.3940	0.9272	-0.0734	0.8249	-0.1760	0.9472	0.2683	-0.8923	0.7649	0.3828	0.7724	-0.1636	0.9425	-1.2200	0.5696	0.8253	-2.1373	-0.7179	-0.6769	-1.0590	-0.7696	-1.3561	1.1048	-1.0939	-0.5176	-1.0408	0.1080	1.0001	0.2738	0.8720	1.0665	-0.5402	-0.0536	0.6967	-1.4136	0.2016	0.2804	-0.3328	-0.2014	-0.9044	1.2344	-2.8284	0.5965	0.2849	0.7874	-0.6248	0.1680	0.0349	1.1701
-0.3285	-0.1562	-0.1137	-0.3144	0.3890	-1.0082	1.0173	-0.5406	-0.5798	0.3258	0.1414	-0.7371	-0.1730	-0.9081	-0.0085	-0.3330	-0.4554	0.7299	-0.9276	-0.4132	-1.4382	0.5354	1.0789	0.0032	0.5668	0.2698	0.1231	0.2134	-0.8110	0.5685	-0.8780	0.8967	-0.4039	-0.0824	-1.3521	0.4254	-1.1560	0.0266	0.5363	-1.4919	1.2032	-0.2624	-0.1616	-0.3486	0.1850	-0.6344	0.3254	0.4759	0.3910
-0.8283	-1.7780	-0.8758	-0.4096	0.5849	-0.5869	-0.3317	-0.8655	-0.5862	1.2435	-0.5836	-1.1740	-1.4286	-1.8106	-0.2776	-0.6856	0.1737	0.3532	-1.2607	-1.4638	-0.2052	0.8521	-0.0676	0.8138	0.5604	-0.4312	-0.2203	-0.1246	-2.0852	1.3916	-0.2722	0.3874	0.4568	-1.3088	-0.2524	-0.3997	0.0681	-1.0392	0.5043	-1.2937	1.0706	1.1610	-0.1496	-0.5767	0.8594	-0.7933	-0.1581	-0.0510	-0.5137
-1.2171	-0.8785	-1.3388	-0.5503	-0.1751	0.2562	0.0978	-0.9616	0.1880	-0.6496	0.0380	-0.0968	-2.0794	-0.9131	-0.0339	-1.2806	0.8755	0.3497	0.1379	-0.4213	-0.7766	0.2409	0.0935	0.5622	0.6320	0.2658	-0.7433	0.1516	-0.8749	1.5523	-0.1685	-0.1951	-0.0119	-1.6548	-0.6397	-0.8407	-0.8361	-0.6323	-0.8656	0.0736	-1.1895	0.5296	0.7779	-2.0820	0.5673	-1.4511	-0.1692	-0.5948	-0.8204
-0.5476	-0.3472	-1.0443	-1.1224	1.2093	-1.3143	-0.0132	-1.1063	-0.4344	-1.2831	0.5422	-0.6524	-1.7531	0.0953	-0.7880	-1.8639	0.9441	-0.9456	-0.1325	0.2690	-0.8565	0.0144	-0.6344	0.0447	0.0196	1.1399	0.2346	0.0813	-0.7885	-0.3904	-0.5282	-0.6679	-0.8885	-1.0673	-0.9161	-0.6098	-1.0869	-0.1789	-0.5437	-1.3827	-1.4664	0.1139	0.1215	-1.1930	-1.0157	-0.2879	-0.0587	0.0030	-0.6941
-0.1282	0.3140	-1.0972	-0.6606	1.9333	0.2375	-0.4435	-0.9336	-1.1246	0.4665	1.1688	-0.8373	0.5487	0.1427	-0.3187	-1.1338	1.3019	-0.6386	-1.3039	0.1286	-0.3019	1.0834	-0.5299	0.4659	-0.6776	1.5009	-0.5613	0.1967	-1.0866	-0.4236	-0.9052	0.0265	0.2324	-1.0161	-0.8845	-0.3592	0.4487	-0.0409	0.1441	-1.9582	-1.8207	-0.0147	-0.2166	-0.3938	-0.6004	0.1514	-0.4961	0.4119	-0.5582
-0.8503	-0.0670	-1.4398	-1.0254	1.7586	-0.1805	0.3320	-0.5235	0.6414	-0.0566	1.9175	-0.9804	1.8765	-1.0416	0.4725	-0.8649	-1.0578	0.3596	-1.2283	-0.1980	-0.8358	0.6930	1.1003	0.5050	-0.3151	1.2964	-0.0607	1.5220	-1.0068	0.8099	-2.2838	2.6285	1.6285	-1.7378	-1.2808	-0.1798	-0.1509	0.0957	-0.8637	-0.7498	-1.0513	-0.9381	-0.8048	0.4225	-1.3427	-0.5589	0.2673	1.7440	0.1882
-0.3167	-1.3916	-1.3026	-0.2001	1.4652	-0.8753	0.3081	-0.1187	0.1535	0.5031	0.4439	-1.5514	2.6915	-1.2299	-0.0024	-0.4108	-2.3089	1.4639	-0.3629	-0.7025	0.8678	1.4695	0.4073	0.7999	-0.6544	0.6591	0.6012	0.5404	-0.1107	2.1973	-1.7629	0.3487	1.5062	-2.9988	-0.1824	0.3944	-0.2173	-0.7936	-1.1580	-0.1415	-0.9985	0.5727	-1.3793	0.9645	-1.1115	0.1115	-1.2716	1.4019	1.4654
0.6421	-1.8184	-2.2021	-0.5878	-0.3554	-0.6886	-0.9259	0.4887	0.3581	1.5369	0.4968	-1.9098	1.4416	-0.1645	-1.0656	-1.5635	-1.5084	0.1510	-0.8397	-0.8093	0.9459	-0.5894	-1.1740	0.4264	-2.2583	0.9676	0.1466	-0.4766	0.0955	1.0228	-0.1483	-2.1444	0.2046	-2.0351	1.5829	0.7331	2.0139	0.1109	-1.3670	-0.4941	-1.0523	-0.6423	-0.7242	0.0105	-0.6691	0.0892	-1.6235	0.6220	1.4385
0.1126	-1.0958	-0.2797	-0.7285	-0.6961	-0.0069	-1.4351	0.5841	0.8194	0.0521	0.1197	-0.7063	-1.1770	0.1499	-1.1618	-1.5332	0.7853	0.6134	-0.2942	-0.4464	0.1098	-0.3216	-0.2712	-0.1206	-1.0738	0.7866	0.1100	-1.8571	0.7262	0.1853	-0.6202	-0.3367	0.2038	-0.3828	0.8652	-0.1269	-1.0343	-0.2890	-0.1656	0.0895	-0.5311	0.5210	-0.1627	-0.6735	0.1224	-0.6566	-1.0004	0.6250	0.5003
-1.0143	-0.8042	-0.1137	0.2128	-1.2896	1.5270	-0.4427	0.4066	-0.5251	0.4901	-0.7584	-1.0641	-1.3326	-0.2034	-1.5075	-0.6773	0.4868	-0.7663	-0.3714	0.1578	0.2005	-0.3193	-0.2633	-0.6836	0.2923	0.0960	0.1591	-1.1245	0.5872	-0.2745	-0.6675	0.6544	0.3752	0.0263	0.0972	-0.9938	-0.5804	0.2475	0.9214	0.4108	-0.5731	0.6093	-0.4816	-1.0203	0.0468	-0.1504	1.4153	-0.4607	-0.2388
-1.3362	0.7950	0.6191	1.4126	-1.6506	1.0409	-0.4306	-0.0411	-0.8945	0.3913	-0.0234	-0.6574	0.0703	0.8540	-0.3713	0.4447	0.6354	-0.5191	-0.5547	1.0361	-0.0111	-0.6946	0.1987	-0.8681	0.3964	-0.9912	0.8924	0.7681	1.2176	-0.8347	0.0448	-0.3619	-1.1090	1.3997	0.4879	-0.4426	-0.8221	0.6852	1.7670	-0.0786	-1.3161	0.3010	-0.4628	0.0289	0.2553	0.1292	1.2159	-0.8438	0.2048
-0.8979	1.1236	1.5002	0.4631	-0.9924	-1.8126	0.6760	2.8703	-0.7028	0.0439	0.1944	-0.0199	-0.8324	1.4768	1.1508	0.4875	0.5424	-0.6889	-0.4735	0.4273	-0.5324	-1.0461	-0.1559	-0.7149	0.3168	-0.7706	-0.0103	0.8830	0.9447	-2.8786	-0.1449	0.0782	-1.6046	1.4043	0.6885	-0.3057	0.3498	0.8167	2.2476	1.9220	-1.2209	-1.2529	-0.7119	1.1087	-0.9223	1.4914	-0.0764	-0.3714	0.1325
-0.2939	0.2721	1.0364	0.6788	-1.2805	0.1665	-1.8270	7.7659	-1.6123	-1.3357	-1.0472	-0.4215	0.3621	0.1409	0.2899	2.0462	-0.4780	-1.5541	-0.1469	-0.6978	0.0826	-0.3039	-1.8605	-1.6464	0.4723	-0.0928	-1.5883	1.0829	0.3983	0.1561	-0.2625	0.2917	-1.8766	0.4809	-0.1761	-0.0045	3.2649	1.3653	1.7999	2.4711	1.1379	-0.6837	-0.0615	0.5594	-0.2330	4.0564	-0.7095	-0.2144	-1.6901