IC05	IC08	IC09	IC15	IC16	IC17	IC18	IC19	IC20	IC23	IC24	IC26	IC27	IC29	IC31	IC33	IC36	IC37	IC38	IC41	IC42	IC43	IC44	IC45	IC46	IC47	IC48	IC49	IC50	IC51	IC54	IC56	IC58	IC60	IC62	IC63	IC64	IC65	IC66	IC67	IC68	IC69	IC71	IC72	IC73	IC74	IC75	IC76	IC77
0.7163	1.7957	1.4746	2.0478	2.3921	1.7448	-0.2618	1.7040	1.5757	1.2379	1.3874	1.5990	1.9257	-0.2991	1.4651	-0.4328	-0.3439	0.9699	0.5645	-0.0152	-0.5120	0.3336	2.1866	1.1645	1.2648	1.3249	0.7646	3.0089	0.2465	1.4251	1.0915	1.6174	2.3242	2.4857	0.8001	-0.0651	0.5335	-0.7009	0.0692	0.9130	-0.3960	1.6847	0.4309	0.5362	-1.4134	1.2037	-0.8855	0.2005	2.4905
0.3053	-0.7972	-0.0597	2.3343	1.3349	2.2327	-0.9190	1.6314	0.4072	-0.3107	1.0368	0.2204	1.1499	-1.3354	1.9026	0.1497	-0.3089	0.9477	0.4200	-1.0554	-0.3503	1.3902	2.8700	-1.2429	1.2102	-0.8873	1.4475	2.9875	-0.2689	0.8193	1.1568	0.2717	1.5470	-0.1975	-0.4232	-0.3674	2.0510	-2.5407	-0.0604	1.2691	0.4889	1.1891	0.2987	0.0686	-0.4427	0.3626	-0.4437	0.9559	1.2169
-0.6371	-0.7179	-1.7193	-0.0680	-0.5599	1.0059	-1.1925	-0.8877	-1.5309	0.9490	2.9112	-0.0642	-1.5145	-0.9900	0.5840	-0.8933	1.1849	-0.1549	-0.6147	0.6735	-1.2574	0.2581	0.2085	-0.0046	-0.3421	-1.4450	1.1034	1.7931	-0.3028	0.2133	0.4786	-0.5525	0.6913	-0.9852	-1.4546	-0.3233	1.9599	-0.5355	-0.4233	-0.4350	0.5113	0.5403	1.4373	-1.5027	-0.3835	-0.3854	-0.8547	-0.0452	0.4628
0.6954	1.0748	-1.0066	-1.4893	0.8253	0.5385	0.0018	0.7496	0.3658	-0.5693	0.7489	0.4161	-0.0671	-0.9288	0.8583	-1.2374	1.7830	-0.2134	-1.1660	0.9792	-0.0454	-1.3059	0.3986	0.8170	-0.0959	0.6148	1.0721	1.4329	-0.4049	1.4758	0.9029	0.7976	-0.1721	0.5453	-0.4794	0.9568	0.5200	0.7610	0.4993	1.1052	-0.1439	1.1197	0.9047	0.1136	0.9557	1.7535	-0.2094	0.5508	0.2902
-0.2673	1.8041	0.1712	-1.2065	0.3540	-0.7964	0.4533	2.0996	0.1067	-1.1409	0.2139	0.0891	-0.3965	-0.9719	0.4906	-0.4928	0.9551	1.8554	-0.3900	-0.5717	0.9764	0.6526	0.9868	-1.8865	0.8009	0.4337	0.7893	1.1151	0.1259	1.0606	0.6353	0.4524	0.6236	0.4920	0.1095	1.0579	0.9851	0.7000	1.2310	2.4304	1.1322	1.2232	0.7483	0.5727	1.3264	1.9876	0.7481	1.3850	0.4524
-0.7844	-0.7758	-0.7262	0.9774	-1.3824	-0.9688	1.1924	0.2080	-0.5844	0.8182	1.0944	-0.1022	-1.2333	-1.3859	-0.0355	-0.0562	-0.8742	-0.9706	-0.3553	-0.1012	0.4137	0.3182	-0.0050	-0.4944	0.6123	0.0911	0.1435	-0.0390	-0.3753	-0.6631	-0.9889	1.5014	-1.5134	-0.0028	0.2652	-1.1164	1.0799	-1.0003	-0.0174	-0.0224	1.3755	0.0750	0.6666	0.0972	-0.1514	0.0966	0.1933	1.3956	0.1567
-0.7466	-0.4059	0.0229	0.7224	-0.2160	0.6016	-1.2550	1.6016	-1.0502	-0.3290	0.3670	0.4225	-0.3176	-1.2212	-1.0629	2.1301	0.2217	-1.6386	-0.3388	2.1908	0.6881	-0.2955	0.1142	-0.6588	0.9541	0.9367	0.1376	0.0123	-0.9398	0.4818	1.0761	0.0661	-0.6544	0.3056	-0.0659	-0.2659	-0.6317	-0.8381	-0.7373	-2.4044	0.3491	-0.0610	1.0415	-1.0717	-0.3301	-0.6371	0.0908	0.1497	0.2832
-0.6339	-0.2276	-0.3583	-0.5090	-0.2242	-0.1241	-0.4499	1.6372	0.0645	0.7324	0.0681	1.1848	-0.1441	0.7579	-0.6720	0.0646	0.9752	-0.4485	0.1920	0.8446	-0.8878	-0.5596	-0.3743	0.9239	0.6969	0.4732	0.2471	-0.6780	-0.8063	0.1952	1.1282	-0.0104	1.4141	-0.3986	-0.6659	1.2208	-1.2848	0.8455	-0.2262	0.4773	-0.7553	0.5772	-0.3928	-0.0591	-0.1861	0.2161	-0.2963	-0.8568	-0.1137
0.0416	0.9036	-0.1298	0.0401	0.1198	0.1607	-0.7151	-1.0993	-0.0376	0.1688	-0.5112	-1.1089	0.6152	1.0951	0.2574	0.2677	0.5434	-0.4629	-0.3371	-0.6098	-0.8746	-1.0953	-0.8556	1.0866	0.1838	1.0877	0.1632	0.2310	-0.7016	0.5247	-0.4451	-2.2948	0.3633	-1.2797	0.9734	1.1783	-1.1442	1.3796	1.3731	1.4712	-0.1239	-0.6572	-0.7158	0.8040	0.4601	2.4269	0.8447	0.2499	-0.6118
0.2922	0.6339	2.5752	0.5636	0.1972	-0.9145	-0.8960	-0.8129	1.2945	-0.7403	-0.0338	-0.9405	0.8286	1.4588	1.4618	0.8038	1.1323	1.1734	0.9046	0.3562	0.4103	-0.3640	-0.5280	2.9883	0.0645	1.1544	0.9628	0.7210	1.7603	0.7729	-0.1722	-1.4833	0.5394	0.4246	1.8503	1.1967	-0.0604	0.8893	2.5680	-0.0807	0.1108	0.0206	0.2255	0.6054	1.0908	1.6700	0.7750	1.2799	-1.7462
1.0951	-1.0070	2.2519	0.3366	-0.7070	-1.3405	2.0464	-0.8419	0.7911	1.5450	-0.9222	0.2503	0.8586	1.2251	0.5519	-0.5491	0.3704	0.4088	1.9857	1.5393	1.3039	-0.1317	-0.8552	0.9590	-1.4728	-0.0582	-0.2998	-0.8615	2.1279	-0.3631	0.0883	-0.3951	-0.1919	1.1940	1.6739	-0.3051	2.7562	-1.7725	2.6751	-0.5093	-1.4184	0.0638	0.0643	-0.5362	0.2813	-0.4444	0.5364	0.9465	-0.9012
-0.2737	-1.5057	0.8618	-0.0029	0.2281	0.5337	0.7298	-0.3923	-0.4178	0.4793	0.2584	-0.4887	-0.6240	0.0036	-0.8295	1.3050	-0.9795	-0.6858	1.3106	0.6943	1.6915	-0.1351	0.6266	-0.9918	-0.6147	-0.2318	-0.0784	-0.9000	0.1299	-0.3436	-0.0972	0.6887	-0.6540	-0.1820	0.2075	-0.6960	2.1060	-2.0175	-0.8453	0.6194	-0.3367	0.2703	-1.4565	0.7388	0.6498	-0.1304	-0.0724	0.8963	-0.4647
-1.2008	0.4428	-1.0844	-1.2443	-0.4390	0.7826	0.2403	0.3351	-1.4188	1.5232	0.4357	-0.9903	0.0718	-0.4472	-1.0231	-1.0837	-2.5094	-0.8047	-1.1221	0.0865	-1.8876	0.2529	0.4922	0.0870	1.0791	-0.7314	0.4948	0.0198	-1.1129	-0.2635	-1.9781	0.3470	0.1025	0.3510	-0.6791	-0.0581	-0.1180	0.1024	-1.3665	0.2638	0.1125	-0.3679	0.2803	-1.3271	0.7982	-0.6270	-0.8016	-0.0711	0.8067
-0.7402	0.3421	-0.9855	-1.0909	0.4326	-0.5338	-0.3176	-0.2815	-0.3595	-1.4029	-0.0952	0.2842	0.1346	-1.8683	0.8379	-0.7708	-2.1126	-1.7803	-1.9613	0.1383	-2.2657	-0.5046	2.3527	0.0985	1.2521	-1.1804	-0.8809	-0.1844	-2.0757	0.3566	-0.3870	1.4591	-0.6317	-0.1574	-0.5425	-1.3951	-1.5900	0.1444	-1.7982	-0.8255	0.9558	0.3806	0.0140	-0.5366	-0.1996	0.7703	-0.5859	-0.6119	-0.7194
-0.9265	-0.6933	0.6203	-0.2692	0.6464	-3.2807	-1.3278	-1.9232	-0.7091	-1.1051	-1.2599	1.3241	-1.2915	-0.3057	0.1363	-0.9495	0.5431	0.7671	0.2876	-1.7819	-1.0500	0.9459	0.6100	-0.2360	0.3879	0.5502	-1.7278	-1.4500	-0.8175	-2.5189	-0.2943	0.7339	1.4467	0.0818	0.3511	-0.6192	-1.9205	2.4302	-0.4603	-1.0875	1.3506	0.1628	-0.4624	0.5447	-1.1015	-0.5901	0.4135	-1.1213	-2.1004
1.4095	-0.5503	0.7535	0.2270	1.5349	-2.0437	0.6053	-1.7124	0.8079	-0.3115	-1.4835	0.9663	0.2621	0.5904	0.4618	0.1648	-0.1426	-0.3554	0.2461	-1.5799	0.2402	-0.7991	0.0700	0.7152	-1.2814	2.4175	-1.4468	0.4869	1.1667	-1.8245	1.2728	0.3204	-0.3791	0.6876	1.0268	0.3096	-1.2505	1.2723	0.2472	1.1996	-1.0225	-1.4741	-0.4660	1.1445	-0.6183	-0.5712	1.4373	-1.1681	-0.1696
0.5848	-0.4081	1.6906	0.9599	1.2408	0.6525	-0.1510	-0.7127	0.5540	0.1398	0.2838	-0.7394	-0.6116	-0.3124	0.1608	2.7130	-0.8605	-0.0292	1.2252	-1.3322	1.6459	-0.0503	0.6418	0.7889	-0.4869	0.5017	-0.0533	1.4674	1.4333	1.2643	0.6077	0.6716	0.2583	-0.2861	0.2066	-0.0080	0.2612	-0.2892	-0.0832	1.8164	1.4642	0.5972	-0.1971	1.6273	0.0121	0.0522	0.1341	0.2145	-0.6010
-0.3881	1.4343	0.1967	0.0664	-0.7403	0.3071	-0.4790	-0.1486	-1.4484	1.9473	1.2763	-0.7752	-0.1151	0.2571	-0.2502	0.2810	-1.0850	1.9324	1.6437	-0.6708	0.5158	2.1146	-0.8632	-0.6400	0.5205	-0.3722	1.0699	-0.2124	0.4496	-0.4440	-0.2412	0.1734	1.3727	2.0243	-0.2763	0.7097	0.0337	0.8258	-0.1731	0.1100	2.6878	0.2403	1.6647	-0.0458	0.1420	-0.6452	0.0283	0.8076	1.9074
-0.2069	0.0554	-1.1712	0.1301	0.2982	0.2966	0.2756	-0.1760	-1.3709	0.9769	0.6552	-0.1764	1.0384	-0.4557	0.6290	-0.1902	-1.6005	-0.4215	-0.8638	0.4360	-0.6332	0.3559	-0.5972	-0.3289	0.3199	-1.1943	0.9800	-0.5003	-1.2292	-1.3734	0.9324	0.0126	-0.5057	0.6731	-1.2011	0.5450	0.1393	-1.4959	-1.3692	-1.4082	-1.1951	0.2305	0.6209	-0.8994	1.3696	0.4713	-0.1595	-0.1385	1.2134
-2.0806	-1.0139	1.9756	-0.0172	-1.5341	-0.3147	-0.7599	0.2964	-2.2471	-0.9805	0.0783	-0.3925	0.9964	0.7116	-1.9467	-0.9800	1.2620	-0.0273	-0.1597	-1.5902	-0.5007	0.1452	-1.0239	0.0748	1.0841	-1.5058	0.3149	-1.3260	-0.6631	-0.1985	0.1135	-0.5917	1.0731	-2.3799	0.0495	1.7781	0.1676	1.2039	1.8574	-1.5791	0.0455	2.2060	0.6468	-2.0319	3.0061	-0.4922	-0.1859	0.3739	-1.3194
0.4137	-2.0398	-0.2514	0.5044	-1.3510	0.2875	0.6743	-0.9348	-0.0352	-1.0471	-2.9232	-0.4538	0.7336	0.9023	-1.9048	-0.2224	1.5455	-0.5595	0.2026	-0.2190	-0.9313	0.5981	-0.5836	-0.2493	-0.0799	-0.4701	-0.7598	-1.2794	-0.1600	-0.3701	0.2687	-0.6563	-0.1083	-1.1845	0.1766	0.8242	-1.0239	-0.0204	2.0353	-0.8163	-1.3382	-0.1144	-0.5948	-0.3721	1.7197	-0.1117	0.8594	-1.5351	-1.7225
0.2979	-0.7425	-1.3397	0.3489	-0.8222	1.4675	1.2905	-0.5837	0.2352	-1.0205	0.6129	0.2675	-1.3296	0.2578	-1.7667	1.0874	0.6528	0.3032	0.1985	1.2228	-0.1834	0.7483	-1.0997	0.4800	-1.8329	0.2104	-1.2198	-0.7056	0.1977	-0.0870	-0.1674	-0.2025	-0.2096	1.1396	-0.0072	-1.0873	0.0136	-1.4224	-0.6557	0.1931	-1.3807	-0.5767	-1.1430	-1.1071	-0.1526	-0.9112	-0.3882	-2.4076	-1.4444
1.1547	0.1616	-1.6712	0.2908	-0.7464	0.6543	1.1695	0.3161	0.5901	-0.0377	-0.1737	1.6257	0.6629	-0.3855	-0.3985	0.0376	-0.4727	0.2666	0.0430	1.0197	-0.3038	-0.1283	-0.2672	1.0981	-1.7275	-0.3066	-0.9414	-0.8531	-0.3321	-1.3834	-0.5187	1.0915	-0.9344	1.1663	-0.8617	-1.5879	-1.0896	0.0994	-2.1289	-0.6099	-1.4339	-1.3052	-1.0605	-0.1480	-1.5270	-2.3391	-0.2799	-3.1021	-0.1845
0.2204	0.0510	0.0879	0.0537	-0.2014	0.7612	-0.9180	-0.8164	0.9704	-1.7806	-0.9323	0.4309	0.3483	-0.1839	-0.2719	0.4256	0.6842	1.4560	0.0288	0.4922	-0.1451	-0.5971	-0.2778	1.1063	0.3609	0.3430	-0.6760	-0.2550	-0.2140	-0.3627	0.0706	0.5612	-0.9745	-0.1953	-0.8309	-1.2737	-2.0660	1.7982	-0.5755	-0.8250	-0.0732	0.2925	-1.0545	0.1004	-1.6283	-2.2201	-0.6629	-1.0622	-0.7703
0.6279	0.9141	0.1787	-0.6473	-0.0564	-0.3207	0.6100	0.1197	0.2651	0.2960	-1.6169	1.3531	-0.5986	1.5589	-0.1030	-0.9958	-0.3038	2.5936	0.7357	0.0286	0.1179	0.9936	-0.6923	-0.2349	0.7924	0.3108	0.3887	-1.5136	0.2734	-0.8371	0.2073	-0.0683	0.0649	0.2762	-0.0676	0.2509	-0.5461	1.1474	0.6831	0.5767	1.3177	-0.4753	0.0114	0.4758	0.3053	-0.3719	0.9579	-0.0142	0.2638
0.3309	0.0157	-0.8416	-0.1337	0.2432	0.0632	1.1202	-0.8077	1.2992	0.3289	-0.6624	-0.1202	0.1397	1.0267	-0.4730	0.3071	-0.2297	0.1458	0.0531	-0.7456	1.7226	0.8620	-0.5155	-0.4611	-0.4851	-0.5828	-0.1215	-0.5576	0.0101	0.6976	-0.2602	-1.3319	-1.5765	-1.2303	0.3293	0.5978	-0.1777	0.1219	-0.2969	0.6741	1.5215	-0.9989	-0.3514	0.3304	0.4893	-0.2388	0.4264	0.8307	-0.8363
0.2343	1.7283	-1.1487	-0.8111	0.3046	0.3182	0.6022	-0.5372	-0.1440	0.3188	0.1221	0.3945	-0.7563	-0.2281	0.0073	-0.2692	0.0596	-0.0713	-1.7077	-0.2429	1.8160	1.2699	-0.7821	-0.3914	-1.1331	-0.2012	-0.0675	-0.6785	0.3337	1.0444	-0.8639	-1.7390	0.4705	-0.2437	-0.4031	2.0592	0.1443	-0.0328	0.0530	-0.0883	0.0833	-1.3057	0.8671	-0.8389	1.0002	0.4347	0.1559	0.8712	-0.8988
1.1066	0.5746	-1.9605	-0.7446	-0.3337	-0.6233	0.2017	0.5604	0.2567	0.4246	0.0288	0.3681	-0.2232	-0.8942	-0.9368	-0.9821	1.1819	-1.4153	-0.9330	1.1272	1.0684	-0.0098	-1.1140	0.1642	-0.5106	-1.1785	-0.5083	-1.7638	0.2445	-0.2940	-3.0215	-0.3756	0.1749	-0.3448	-0.1160	1.4541	-0.0076	-0.1663	-1.0505	-2.2828	-1.2012	-1.9580	-0.5327	-0.4123	0.2020	0.7054	-0.3964	-0.3129	0.1108
0.0023	-0.0171	-1.3187	-0.5337	-1.2836	-0.6203	-0.3496	1.0413	1.1771	0.3138	-0.3077	1.3066	-0.1005	-0.0297	-0.7934	-0.4066	2.2831	-0.2839	-0.1184	-0.0587	-0.1571	-1.0257	-0.8691	0.6550	1.0973	-0.4273	-0.8668	-2.1145	-0.1421	-0.3669	-1.9477	0.4086	0.6979	-0.9603	0.0684	0.2626	-0.2754	0.8932	-0.0181	-1.2656	0.2876	-0.9832	-0.9588	-0.0094	-1.0154	0.4960	0.2893	-0.4464	0.7297
-0.2296	-0.5398	-1.9332	-0.6352	-3.0839	-0.9806	0.6194	-0.2487	0.0595	-0.1684	-1.5126	0.0007	-0.7759	1.3461	-1.0537	-0.9224	0.1577	-0.4109	-0.4334	-1.0373	0.4845	-0.5134	-1.4739	-0.9546	0.2942	-1.0216	0.5228	-2.2217	0.0048	-0.0195	-1.7143	-0.3022	-1.0723	-1.3897	-0.4257	0.3882	0.9460	-0.6208	-0.6766	-0.0340	-1.3949	-1.5327	-1.5152	0.2551	-0.8324	-1.4878	-0.2979	-0.1835	0.3937
-1.3910	-0.1949	-0.4316	-0.4257	-2.5403	-0.1230	0.2842	-1.2089	-1.2078	-1.5827	0.1842	-0.9318	-1.0892	0.9818	-2.0318	0.6759	-1.2250	-1.1012	-1.1282	-1.5713	1.3197	-0.8827	-1.0922	-1.3528	-1.2060	-0.9605	-0.1371	-0.6426	1.0092	1.5679	-0.4955	-1.9776	-2.2196	-1.4338	-0.1380	0.5277	-0.1066	0.8397	-1.3953	-0.3387	-1.6599	-1.4244	-1.1296	0.9252	0.1599	-2.5701	-1.4653	-0.5239	-0.4976
-0.8173	-0.2055	-0.7699	0.5761	-1.8661	-0.5852	0.8805	0.0533	-0.3408	0.6080	-0.9887	-0.0243	-0.1410	1.1235	-1.2311	-0.1104	-1.3708	-2.0845	-1.0626	-2.7091	-0.4761	-2.5111	-0.6998	-0.0952	-1.7096	-1.7679	-1.2745	-0.9212	1.8480	-0.1726	1.5949	0.0156	-1.8284	-1.2429	-0.8719	-1.3437	-1.7877	0.9724	-0.0873	0.9717	-1.7872	-1.5250	-0.7776	0.9065	-0.3754	-1.9267	-0.0929	-0.6075	1.0911
0.1001	0.2138	0.6721	-0.3950	-0.5144	-0.3857	0.1106	0.4535	-0.4444	-2.2342	-3.0424	-1.6412	-0.1084	0.4919	-2.5591	0.6066	-0.2257	-1.7601	0.2816	-1.1393	0.8983	-1.5840	-0.9478	-0.8570	-1.3377	-0.6238	0.4583	-0.5019	1.1996	0.9096	1.9221	0.0017	-1.6080	-0.6964	0.1379	-1.0605	-1.6274	0.2098	-0.0728	-0.6704	-0.7343	0.0110	-1.4987	0.8423	-0.2523	-1.8332	-0.9955	0.5983	0.3029
-0.7671	0.0390	-0.2421	-1.2521	-0.7390	-0.5353	-0.0308	0.3410	-0.3731	-0.2323	-1.0497	-0.7107	-1.3853	0.1609	-1.1632	1.1140	0.2559	0.3165	0.0697	-1.1253	0.0851	-0.0629	-1.1673	-0.6472	-1.1540	-0.8065	-0.1084	-1.1524	1.2468	0.9114	1.2230	-0.3648	-0.5896	0.0311	-0.1444	-0.9896	-1.4432	0.0950	-0.2312	-0.9613	-0.3449	-0.1300	-0.4782	-0.4297	-0.6295	-1.0796	-1.6776	0.8833	0.4900
-0.0368	-0.7762	-0.5989	0.0833	0.1983	-0.2217	-0.7285	1.3089	-1.0524	0.3570	-1.7259	-1.2652	0.2853	0.5150	1.5718	0.3870	-1.8386	-1.7173	-0.9584	-0.1409	-1.1521	-1.3285	0.0362	-0.4078	-1.7022	-1.1687	-1.4921	0.3870	0.3690	0.1247	-1.6252	0.5009	-3.8327	1.1329	-0.7179	-0.2805	-1.2773	-0.3143	-0.1574	0.2983	-2.6996	-0.2954	-0.5718	-0.1578	0.8704	0.9945	0.5770	2.0676	2.9629
-1.1251	0.1177	0.4403	-1.6374	-0.1796	-1.0928	-0.6753	0.7482	-1.3759	-1.4554	0.8344	-0.3734	-1.3034	-0.2060	0.9434	-0.6623	-1.0849	-1.6551	-1.8297	-0.4613	-0.6103	-2.4497	0.8447	-2.2245	-0.1678	-1.0390	-2.4244	-0.3288	-0.5189	-0.5186	-0.6096	0.2111	-2.2691	-0.4478	-1.1232	-1.6792	-0.4851	0.7249	-0.3381	0.6409	0.3886	0.6699	0.9956	0.2780	-1.0607	0.6894	1.5792	0.8921	1.3512
-0.7208	1.1416	-0.5282	-1.6287	0.2692	-1.8288	-0.5043	0.1114	0.1005	-0.8623	0.4724	-2.4770	-1.6478	0.2640	-0.2659	-0.9901	-0.4316	-1.0602	-0.6661	0.2039	-0.3149	-1.5281	-1.8187	-3.3470	-0.3127	0.2419	-1.7897	-0.5893	-0.4641	-0.5867	-1.7587	-1.8983	-0.9965	-1.4533	-0.3453	-2.8815	0.8447	-0.3774	0.3942	-0.6583	0.9270	-0.6705	1.3495	-0.3993	-2.3715	0.0803	1.4404	-0.5667	1.6242
-1.0044	0.6352	1.3333	-1.2402	1.2057	-1.5111	0.0125	-0.8543	1.1688	0.1534	0.2938	-2.3800	-0.1897	-0.1385	-0.4105	-0.8758	0.0554	-0.1596	0.4114	1.6276	0.5419	-0.6762	-0.7426	-1.2086	-0.6731	1.2649	0.4913	0.4710	-0.4618	-1.0425	-0.8570	-1.5280	0.5373	-1.2437	-0.1331	-1.1618	1.4458	-0.6579	0.1628	-0.8035	0.3107	-0.9439	0.6442	0.6218	-2.0121	-1.0635	-1.4368	-1.3713	0.2898
-1.1112	-1.0096	2.3837	0.3164	0.2467	-0.0778	0.6964	-0.6307	0.9022	2.5967	-0.4774	-0.9491	0.5454	0.9343	-0.0722	0.1181	0.5828	1.2028	0.8798	0.1221	-0.1418	0.8325	-0.6572	-0.4849	-0.5538	-1.2570	1.0593	-1.3137	-0.1528	-1.0876	-0.1360	-0.8486	2.7895	-1.1805	-0.4497	0.6226	0.5329	-1.2750	-0.0723	-0.9492	1.7388	-0.6294	-0.1401	0.7473	-0.4839	-0.2579	-0.7055	-0.4725	0.0094
0.2617	-0.9665	0.1183	0.8167	-0.0333	1.0262	-1.0179	-0.6298	-0.2586	-1.1428	1.1547	-1.2817	0.9446	0.3068	0.0894	0.4515	-0.3362	-0.6845	-0.3143	0.4451	-1.1226	-1.1947	-0.8842	-1.3195	-1.2022	0.1775	-0.5171	0.3568	-0.4203	1.0604	-0.7178	-0.1882	-0.8686	0.5249	0.2828	-0.4960	-0.0545	-1.4835	-1.1700	-0.7147	-0.5944	-1.2916	0.0189	-1.0265	-0.8594	-0.2824	-0.1981	-0.6859	1.0027
0.7996	0.6337	0.2245	-0.1010	0.8714	-0.2643	-0.4657	0.6674	0.9477	-1.1083	0.8413	0.2151	-0.0570	-0.0361	0.8380	0.2500	-0.5767	1.0357	0.4559	1.0103	-0.8076	-0.0576	-0.0545	0.0413	-0.3120	1.1580	-0.7832	-0.7515	-0.7072	-0.3917	0.2340	0.6286	-0.2725	0.1636	0.4747	-1.1029	-0.5682	-0.1246	-1.0898	-0.7643	0.1491	-0.4036	0.2276	0.8991	-1.3757	-0.2112	1.5087	-1.5514	-0.0104
0.9710	0.0482	0.1350	-0.3897	0.9337	-0.8239	0.7097	0.1554	1.5994	-0.7793	-0.7150	-0.5210	-0.0783	0.6443	1.1539	-0.3674	0.2736	-0.2966	0.8242	0.9819	-1.1339	0.2026	-0.7291	0.7290	0.0252	1.0526	-1.7525	-1.1297	-0.2569	-1.8027	-1.1713	0.3102	-0.1890	-0.0683	-0.4679	-1.9350	-0.8061	1.1524	-0.3736	-0.9492	-0.5778	-1.0834	-0.5138	0.8502	-2.4746	-1.8655	0.2496	-2.1239	-0.0570
0.2419	-0.0624	0.9252	2.1934	1.2693	2.0367	-0.3878	0.3347	1.2289	-1.2020	-0.1786	-0.9451	1.4871	0.5063	1.6744	2.3347	1.1251	1.0273	1.6600	0.7155	1.1555	1.6571	0.5304	0.1042	0.2098	0.0028	-1.2837	0.1432	-0.1289	-1.2487	-0.4510	-0.9250	1.4411	-0.9718	-0.2570	-0.0352	-0.5671	0.1098	0.2401	-0.1061	1.1078	-0.4328	-0.4205	0.5717	-0.3120	-1.0643	-1.0022	-1.5817	-2.2445
1.2573	1.1257	-0.0412	2.6265	0.9615	2.5565	-0.8721	0.3143	0.3071	0.6561	0.1330	0.3680	1.8291	0.4202	1.9467	1.9420	0.4823	1.5004	0.6732	0.4331	0.9893	1.7600	0.0891	-0.4919	0.1115	0.3219	-0.4447	1.0874	0.5760	-1.8317	-0.7181	-0.8952	0.7433	-0.2381	-0.3088	0.5617	-0.3001	-0.4771	0.8537	-0.7686	0.4554	0.6499	0.3739	0.6487	0.7334	-0.7425	0.6117	-0.5733	-0.8458
0.9395	1.6094	1.8025	0.4114	2.1602	2.5735	-0.3966	-0.3891	0.6508	0.2581	0.2158	1.3364	2.2122	-1.4054	0.3772	1.8793	1.1957	1.1884	-0.2396	0.8913	0.9437	0.8543	0.6666	-0.3733	0.4006	1.7759	-0.0270	1.8466	0.2128	0.8623	-0.1898	0.0791	0.5983	0.5130	0.4018	0.4409	0.3776	0.4403	1.1239	-0.8631	1.2441	1.4198	1.3462	-0.5950	0.9792	1.0408	0.7793	0.7510	-0.5372
0.3729	0.4058	2.1889	-0.4535	3.5225	0.8455	-0.8846	-0.3624	1.0477	2.5561	-0.5407	0.9149	1.3370	-0.9091	0.4524	0.4238	1.4960	1.7840	0.1856	0.9132	-1.2373	1.2372	0.5686	-0.1350	1.6237	1.3551	0.3217	0.5770	0.3999	0.9199	0.2869	0.4374	1.7057	1.1147	0.2004	1.0663	0.6068	0.2965	2.3482	-0.5234	1.1160	0.9226	1.4636	-0.6437	0.8088	2.4133	0.9340	0.7431	-0.0528
1.0184	-0.4977	0.7391	0.5190	2.1582	0.0275	0.2558	-0.0599	1.0446	1.4354	-0.9096	-0.4304	1.4581	-0.2380	1.8992	-0.5313	-0.6584	0.2848	0.3658	0.1911	-0.3389	1.0235	0.7112	0.6311	1.1639	0.4083	0.0168	0.6985	0.1289	0.8618	-0.2459	0.9980	0.6964	1.1724	0.6373	-0.5921	0.9482	-1.5611	1.2850	0.3241	-0.4711	0.9535	-0.7067	0.0346	0.8839	1.1686	-0.1695	0.6906	-0.7396
0.8745	2.0333	-0.0015	0.3487	0.0131	-0.3765	-0.4137	0.3684	-0.6016	0.9112	1.1529	-0.3376	0.9392	-0.4232	1.2309	-0.4932	-1.4947	1.3264	0.6880	0.8804	1.0454	0.9284	0.6032	0.1165	-0.0108	-0.3516	-0.0572	0.4635	0.0873	-1.1739	0.8748	-0.6208	1.2324	1.9297	1.4005	-0.7303	1.3918	-0.4653	-0.5139	0.1702	0.3050	0.3205	0.0637	0.2221	0.4991	1.8051	-0.0145	0.0753	1.0131
1.1998	-0.1489	-0.5678	-0.1148	-0.4101	0.0297	-0.4978	0.0634	0.4310	-0.8754	0.6864	0.8330	0.4970	-0.1365	1.5509	-0.0673	-1.4123	-0.7375	-0.4213	0.1305	-0.0586	-0.8076	0.3397	1.1963	0.5007	0.1967	0.5559	0.2363	-0.1349	-0.7411	1.2236	0.8646	-0.8414	0.6846	0.5489	-1.2183	0.2354	0.8514	-1.9253	0.2885	0.0763	-0.1996	-0.0964	0.2045	0.2049	1.5498	0.9224	0.5890	0.5752
0.2290	-0.6598	0.5372	-1.8212	0.4700	-0.9097	0.1344	0.6287	0.2775	-1.0903	0.0625	0.2260	-0.2454	-0.1304	0.3693	-1.1249	1.0515	0.7873	0.3195	0.0685	-0.1286	1.0113	1.0749	0.1838	1.4825	1.2834	2.0254	-0.0531	-0.3942	-0.5727	1.8594	-0.3667	0.6101	0.0559	0.5227	0.9986	0.5854	0.9809	0.0275	0.6947	1.1290	0.3129	-0.2720	-0.3085	1.1899	1.2549	-0.7373	1.2162	0.3972
0.1857	-1.3085	-0.8585	-0.7908	-0.3246	-0.3657	0.7809	0.1951	0.6346	0.3325	0.3793	0.1098	-1.2743	-0.1205	1.0125	-0.7585	0.3012	0.1937	0.0372	0.4096	-0.5788	0.5029	1.9529	0.3241	0.9144	0.8988	0.7463	0.9692	-0.5749	-0.6688	-0.2278	0.4241	-0.1928	0.1745	-0.3741	-0.1816	-0.0376	-0.2544	0.9966	0.9741	1.1490	0.2248	0.3870	0.0545	0.9093	2.0403	-0.5533	0.4214	-1.0748
0.7756	1.0317	-0.3703	-0.0470	-1.2161	1.2031	-0.5761	0.5067	0.3195	0.5796	1.4431	1.7622	-0.0263	-0.7516	0.0545	-0.2072	-0.7468	1.3116	-0.7586	0.7023	0.3323	0.2760	1.7062	0.7102	0.5228	0.7599	0.7063	1.3425	-0.4632	1.6267	0.7117	1.7564	0.5238	1.3336	0.5504	0.7723	-0.3624	0.5747	0.5321	1.3457	1.5475	-0.0381	1.7418	0.0010	0.6520	2.1777	0.9465	0.3759	-0.9658
0.2968	-1.0904	-0.1154	-0.2314	-0.5386	-0.2116	-0.2147	-0.0076	1.0785	0.9290	-0.5193	0.1751	-0.3407	-0.4969	1.0423	0.0052	-0.0872	0.6262	-0.7261	-0.5269	-0.2020	-0.3768	0.8630	2.2652	1.0603	-0.0971	0.8265	0.6545	-0.0556	1.9661	0.9017	1.6915	-0.7930	-0.6211	0.2732	0.5784	-0.4967	0.1544	0.1670	1.4991	-1.3362	1.0806	-0.1911	1.1806	-0.0568	0.7646	1.4776	0.9547	-1.3596
-0.5399	-0.6962	0.8550	0.1716	-0.3853	-0.2606	0.7915	-0.4968	-0.9053	0.9251	0.2296	-0.0702	-0.3150	0.1720	-0.7826	0.1431	-0.0053	-0.1576	-0.0093	-0.3218	-0.1408	1.6013	0.2013	0.4318	1.2330	1.5082	0.3476	0.6000	-0.2145	0.3875	0.6585	0.3521	0.5418	-0.3544	0.1552	1.1350	0.9616	-0.9460	-0.6731	0.7018	0.1043	0.6139	0.2967	-0.7400	-0.0388	0.0604	1.2385	0.6858	-0.2925
-0.0084	-0.6213	0.1478	-0.4818	-0.2177	-0.4493	-0.0507	-1.9185	-1.3789	-0.5352	1.2541	-0.6669	-0.1625	0.8067	-0.3685	-0.3176	-0.5628	-1.9222	0.1491	0.7944	-0.7339	0.0211	-0.0485	0.7713	-0.0622	0.7431	-0.4350	2.1573	-0.0715	-0.6564	0.6841	-1.6630	-0.4975	0.2334	0.1065	0.7868	0.3479	0.1634	-0.5970	-0.5328	-0.9101	0.6387	0.6242	-2.5818	-0.0409	-0.3341	-0.6859	-0.0097	0.0501
-0.5671	-0.8296	-0.6003	-1.3751	0.7883	-1.2371	-0.9968	-0.3607	0.1538	0.0445	0.7616	1.0879	-1.1178	0.9890	0.5523	-1.7781	0.7552	0.4716	0.7291	0.2600	-0.6029	-0.0246	0.4255	1.8073	0.5981	0.4446	1.6288	0.8216	-0.6648	0.0961	0.6809	1.0508	0.7625	-0.7618	0.1128	0.4115	-1.1608	1.2396	-0.5503	1.4937	-0.4896	1.2070	-0.7087	0.4244	-0.1445	-0.0325	-0.1895	0.5619	-1.3814
-0.3400	-1.6189	-0.7149	-0.3827	0.4183	0.4439	-0.1909	-0.3244	-0.2622	0.0029	-1.4585	0.4934	-0.6339	0.8622	0.2208	-1.7387	1.8193	0.4419	0.4728	0.0087	0.8534	0.4639	0.5607	1.1835	-0.3368	1.2081	1.2312	-0.4220	-0.7303	1.5998	0.0483	0.0396	-1.0445	0.1073	1.2472	1.0935	0.2131	0.0536	-0.2675	1.6397	-1.3380	-0.0394	-1.7133	0.7625	0.0489	0.8306	0.2325	0.6412	-0.3510
-1.0591	-0.7667	-0.4143	-0.0384	-0.3155	1.3812	0.5534	-0.6749	-1.0043	-0.6192	1.3631	-0.7187	-1.1449	0.3659	-0.6728	-1.2181	1.3463	0.3141	-0.4158	-0.2154	0.3289	0.0350	0.1361	0.6004	-1.3482	0.5817	-0.1944	0.1465	0.4112	2.6179	-1.3388	-0.9757	-1.1520	0.6100	0.9021	1.5374	0.7830	-0.1068	0.1032	1.1055	-0.8945	-0.6186	-0.6067	-0.6013	0.8180	1.0998	-1.6331	0.2134	0.4212
0.0769	-0.8499	-1.1105	0.1965	0.2107	1.3034	1.3563	-0.9468	0.3056	0.2978	0.5243	0.6003	1.6900	-0.3450	0.8996	-1.4190	-1.3065	0.0956	-0.8229	-1.4774	-1.1382	-0.0820	-0.3423	1.4561	-0.6273	-0.6453	0.9534	0.5193	-0.4025	1.6291	-1.1590	1.2984	-0.2004	-0.0093	-0.2812	1.5643	-0.2709	0.0139	-1.2586	1.5732	-0.3825	-0.6843	0.2877	-0.4975	0.6848	-0.1195	-1.4359	-0.1802	0.0298
-0.1304	-1.1767	-0.4302	0.4674	1.1045	0.4026	-0.5169	-1.1617	0.4470	-0.8091	-0.8220	-0.6935	1.1084	-1.0088	1.2486	0.5841	-1.3127	-0.2277	-0.4020	-0.5597	0.0864	1.3808	-0.3547	-0.5777	0.5332	0.2365	2.4550	1.0882	-1.0024	1.2552	0.3342	0.3958	0.1909	-1.5137	-0.2566	1.4602	-0.1715	-1.3546	-2.1157	0.6859	-1.1216	0.6152	-1.2488	-0.1308	0.4098	-0.9568	-1.3951	0.2996	-0.7493
-0.7662	-1.1822	-0.2157	0.5997	-0.4348	-0.4182	0.9726	-0.3402	-0.4754	1.0847	1.0684	0.0893	-1.0483	0.1072	0.1769	0.3065	-1.0987	-0.9384	0.0579	-0.0748	-1.1480	1.3173	-0.5572	-0.4558	0.4453	-0.2920	0.3408	0.1560	-0.0675	-0.2825	-0.2483	-0.6564	1.0834	-0.7106	0.0649	-0.5797	0.0860	-0.8230	-1.1411	-0.6723	-0.9403	0.5949	-0.9310	-0.4746	-1.6234	-0.9341	-1.8517	-0.6220	0.8961
1.2842	0.1562	0.2237	0.4782	-0.2042	-0.2765	1.9142	-0.0528	-0.2965	-0.5781	1.2683	1.0713	-0.2561	0.0982	-0.3673	0.4202	-0.2727	-1.5008	0.0908	0.7329	0.1854	-0.6141	0.6079	0.1802	-0.6552	0.1085	-0.7732	0.7223	0.6229	-0.4453	0.6359	-0.5725	0.3254	0.7605	0.8053	-0.2688	-0.3627	0.2692	0.1012	-0.5642	-1.4273	0.1217	-1.0327	0.2383	-1.3004	0.1861	-1.6413	-1.4914	1.0905
2.1701	0.6863	0.2323	1.1713	0.6362	0.7082	1.7693	-0.0278	1.4577	1.2743	-0.0525	0.8739	1.0302	0.8114	0.7222	0.3310	-0.1468	-0.2816	1.4784	-0.6871	0.5020	-1.3895	0.3344	0.6120	-0.6542	-0.2177	-0.6969	0.6522	2.4782	0.2470	0.9139	-0.1207	1.2514	0.7528	0.8402	0.2334	0.5383	0.1477	2.5814	0.9577	-1.1246	0.1218	-0.4329	1.9725	-1.6108	0.0311	-0.8935	-0.5799	0.6904
1.6969	0.6817	0.2150	2.1206	-0.2042	1.2570	1.7917	0.4803	1.0210	0.3543	0.3043	-0.5465	1.2662	-0.0246	-0.4385	1.2456	0.1492	0.6128	3.0607	-0.7272	3.0185	0.3853	0.3051	-1.4643	-0.2563	-0.7907	0.2894	0.6628	2.6725	1.3537	-0.6779	1.2359	1.4078	1.4447	1.0767	0.1906	2.0010	-1.2581	2.1284	1.2196	0.2346	0.5922	-0.2561	1.5065	-0.1159	-0.4118	-0.5702	0.9520	-0.3753
0.3859	0.4021	-0.7439	1.0716	-1.4741	-0.0308	1.0471	-0.3535	-0.8937	1.6838	2.2317	-0.2078	-0.9025	-0.3702	-1.4975	0.4223	-0.0242	0.1523	1.7882	0.3424	1.7021	-0.1838	-0.4934	-0.4641	-0.4662	-1.5822	0.5729	1.0605	1.1575	-1.3767	-0.0359	-0.1879	0.5110	0.9625	-0.1296	0.5448	2.5778	-1.3986	0.4741	-0.1226	-0.3182	0.4254	1.9028	-1.2083	0.6459	-0.8171	-0.6517	0.6922	0.0959
-0.2699	-1.0452	0.5996	0.6627	-0.6760	-0.1717	-1.2538	-0.2177	-0.5983	0.4593	0.3199	0.6073	-1.8666	-0.3522	-0.6094	-0.2209	0.7497	0.6087	0.9138	0.4412	-0.4555	-1.2173	0.2119	1.5051	1.9049	-0.7145	0.8886	0.3515	-0.7532	-1.1749	1.4544	1.4135	0.4658	-0.6505	-0.6254	0.4840	0.7186	-0.6191	-0.0207	-0.0871	-1.3576	1.0641	0.4524	-0.9067	-0.0169	-0.3080	1.4082	0.5873	-0.8944
-0.1614	-0.8205	1.3902	0.1775	0.2686	-0.3646	-0.7533	0.1754	-1.3572	-0.4071	-0.9858	-0.4685	-0.8103	-1.0007	-1.1871	-0.3470	0.3808	-0.0051	0.0205	0.2452	-0.0200	-0.0964	1.4604	-0.3096	1.8821	0.0398	0.8412	-0.0005	-1.5979	-0.1662	1.1677	-0.6537	-0.2941	-0.6653	-0.6046	0.5504	0.1899	-0.7582	0.2121	-0.6411	0.1967	0.4695	0.5151	0.0524	-0.1140	0.1872	1.4110	0.7565	-0.7445
-0.9231	1.2954	1.4123	0.5710	0.3054	-0.5360	-1.1424	0.3428	-0.6282	-0.1092	0.1721	-0.0751	-0.8825	-0.8514	-0.5790	0.6521	-0.2429	1.9871	0.6795	-0.0700	0.8645	1.3802	0.8258	0.0235	1.1827	0.2924	0.5459	0.5552	-0.3756	-0.3213	0.0666	-0.6789	0.9350	0.5250	1.3500	0.2467	-0.5009	-0.4359	0.7675	-0.4527	1.9379	1.0430	0.7469	0.1359	1.3019	-0.2553	0.8895	1.2779	0.0244
1.0878	2.4368	-1.5686	0.6618	0.5677	-0.9407	-0.3231	0.5765	0.8797	0.8457	0.4395	1.5631	0.1376	-0.5892	0.5118	0.1024	-1.8524	-0.3441	0.1637	1.2155	0.0908	-1.1561	0.2424	0.7226	-1.2569	-0.4076	-0.7612	-0.2390	0.5386	0.1361	0.1267	1.0405	-0.3376	2.2696	1.9070	-2.3913	-0.0982	0.2580	-0.2398	-0.5658	1.7989	-0.2662	1.4997	-0.0222	-0.4797	-0.5965	0.7264	0.0869	1.4078
0.1938	-0.0183	-1.2674	0.2254	0.4076	-0.3804	-1.2268	-0.0664	-0.0179	-0.7508	-0.3794	0.3221	-0.0866	1.1756	-1.0507	0.4120	0.4996	-0.8439	1.4448	0.3696	-0.1161	-1.1920	-0.5070	-0.2330	-1.6432	-0.5870	0.0020	-0.4890	0.2283	-0.2784	1.0846	0.4931	-0.1569	0.6867	1.1188	-1.3997	0.4931	-1.0811	-1.3541	-0.2594	-0.2861	-0.2222	-0.0827	-0.4400	-1.0012	-1.6605	-0.3632	-0.2280	0.6465
-0.8421	-1.6294	-1.2528	0.1698	-1.1377	0.6061	0.5762	0.4858	-1.6317	-0.0595	0.6124	0.7557	-0.5608	1.2668	-0.7926	0.3146	0.3831	-0.4589	0.8393	-0.7082	-1.5162	-0.1706	-0.7467	-0.7394	-1.2378	-2.3243	-0.3212	-0.7950	0.0336	-1.2873	0.4482	0.8348	0.8487	-0.0334	-1.1248	-0.3480	-0.4887	-1.2668	-1.3203	0.0578	-0.6757	-0.0127	0.0471	-0.9545	-0.8741	-1.8283	-1.7796	-1.4371	-1.0102
-0.0558	-0.3799	-0.4226	0.5139	-0.6288	-0.0876	0.1892	-0.1304	-1.6267	-0.9426	0.8260	0.6972	0.4172	-0.1770	0.6559	0.0909	-1.3441	-1.5529	-1.2623	0.4685	-1.5303	-1.0993	0.0379	-0.5258	-0.3565	-1.1224	-0.6305	0.6358	-0.5938	-0.3921	0.3551	0.1067	-1.2747	0.5951	-2.5078	0.6566	-2.0291	1.3178	-0.9779	-1.0825	0.5149	-0.6673	1.5373	-0.0183	-0.1198	-0.3107	-0.3995	-1.6628	-2.0873
0.3414	1.0588	0.8240	0.2445	0.4270	0.2805	-0.1649	0.9626	-0.4688	0.1495	0.4435	1.0760	0.3793	-1.5273	1.0332	-0.5535	-1.5373	0.3929	-2.4868	-0.6843	-1.0826	-1.3891	0.7132	1.7352	0.8731	0.1212	-0.7520	1.0566	-0.4939	1.3007	1.0038	0.6501	-0.2701	0.4910	-1.4577	-0.0511	-0.9328	1.3992	0.6059	-0.4525	0.9379	0.7202	1.3811	0.2194	-0.6192	0.5060	1.5323	0.4518	-0.3694
0.1899	1.5863	0.9494	-1.2562	0.8084	-1.3554	-0.2522	0.7971	0.2069	0.0942	-0.5123	-0.0569	0.8313	-2.0224	-0.5229	-1.3241	-0.1559	0.2183	-1.2490	-0.3705	-0.0673	-0.4981	0.8078	-0.3122	0.3594	0.5927	0.2646	-0.5045	-0.3200	-0.3185	0.0750	0.3617	0.5657	0.3788	0.6913	-0.4882	0.6600	0.4554	1.1931	-0.7871	1.7964	1.3269	0.8402	1.1395	0.2446	0.6987	1.0112	1.9906	1.8496
-1.0241	-0.6573	-0.5740	-0.6947	-0.2327	-0.6576	-0.0018	1.0413	0.1491	0.4120	0.2277	0.9292	-0.9571	-0.3024	-0.8601	0.5983	1.5681	0.0662	0.9599	-0.7169	0.7219	0.5738	0.3760	-0.9914	-1.1497	-0.8595	0.2475	-1.6512	0.9313	-1.1796	-0.1300	0.1854	2.0356	0.5066	0.1997	-0.9510	0.7272	0.1324	0.2197	-0.4701	1.2593	0.9521	-0.5766	0.5355	0.7736	0.3523	-0.7215	1.0045	0.5848
0.1282	0.0155	-1.8385	-0.6046	-0.4860	0.6859	-0.6021	1.2683	0.3530	-0.6898	0.5269	1.3144	-0.0959	1.3377	-1.3098	-0.5764	0.9809	-1.9946	0.7738	0.3364	0.1691	-2.0881	-0.3913	-0.4821	-1.9822	-0.7263	0.1405	-0.4434	0.3831	-1.1121	-0.1512	0.7892	0.1545	1.0291	-0.7336	-1.0263	0.1077	2.0807	-0.4939	0.8334	-0.8388	-1.3783	-0.4962	0.2730	0.6265	0.5560	0.0324	0.0160	0.8333
-0.5994	0.5579	-0.1244	-1.2301	-0.3611	0.4609	0.0478	1.4144	-0.0116	-1.2838	-0.9461	-0.1895	0.6705	0.9186	-0.9317	-0.9584	2.1194	-0.1491	0.4260	-0.9040	0.0208	-0.2435	-0.2348	-1.7071	0.0321	0.3642	1.7419	-0.1481	-0.2004	-1.1701	0.2818	-0.5511	0.5146	-1.2767	-1.1657	0.4959	0.3304	2.2975	1.1439	2.2117	-0.2005	-1.4115	-1.0629	1.5209	1.5697	-0.0422	0.5629	0.8824	0.4583
-1.8793	0.5283	-0.0341	-0.7277	-0.7753	0.5523	-0.0449	0.8324	-0.6366	-0.5145	-0.4084	-0.8140	-1.3073	0.0598	-0.3440	-1.3710	2.0055	0.2253	-0.7118	-0.5143	-0.5766	0.7828	0.4689	0.4181	1.4726	0.6952	1.7982	-0.5973	-0.7631	-1.0225	-1.2569	0.2430	-0.0882	-1.5443	-1.5856	0.1059	0.7852	1.6583	1.9915	1.5125	1.1960	-0.7894	-0.9221	0.9383	2.0057	0.2798	0.9037	1.4715	0.8146
-0.9831	1.7782	-0.0889	0.7780	-0.7301	2.1322	-2.0793	0.8151	-0.5424	-0.7632	0.8691	-0.1281	-0.9154	-1.8111	-0.0733	-0.1575	1.0256	0.9616	-1.0778	0.9952	-0.0380	-0.0223	0.5582	-0.1937	1.0368	1.3927	1.7977	0.3783	-1.2310	0.6182	0.0183	-0.4317	-0.1395	-0.0347	-0.2141	0.8311	0.5896	0.9373	1.7447	0.0940	1.7647	0.8438	1.1260	-0.0693	3.3543	1.5442	0.3002	0.4692	1.0074
0.1748	0.4439	-0.0788	0.5270	-0.4831	1.0240	-0.8113	0.6514	0.5154	-0.1443	0.1643	0.9149	0.2421	-1.7245	0.5119	-0.2109	0.3111	-0.1383	-1.2003	-0.1874	0.6012	-0.9462	-0.3232	-0.6722	-0.1275	0.5150	0.1338	0.2813	-0.9844	1.0959	0.2340	0.2699	-0.0054	0.8463	0.4209	-1.2674	-0.1798	1.0465	1.5517	0.1902	1.4926	1.5969	1.1251	-0.4176	1.0242	0.6433	0.8928	0.7197	0.4731
0.4915	-0.0802	0.9866	0.7788	-0.9626	0.1018	0.3969	1.1695	-0.7834	-0.6219	-0.3718	-0.0006	2.0664	-1.4480	-0.4860	1.1968	0.3538	-0.4041	-0.4431	-1.1089	1.3754	0.3964	-0.5809	-1.8375	-0.9600	1.3179	-0.1030	0.8077	-0.3315	1.9805	-0.5990	0.4310	0.2656	1.1711	1.5140	0.2217	0.4252	-0.2972	0.7305	0.2119	1.1052	0.0897	-0.1799	-0.2867	-0.1135	-1.1232	-0.5675	-0.0424	0.7736
0.2916	-0.6473	-0.0162	-0.3042	-1.2119	-3.2607	1.1768	0.3950	-0.3939	1.1211	-0.3976	-1.2074	-0.6491	-0.3478	0.3387	0.8888	-0.2820	0.2725	-0.1383	-1.4264	-0.0414	1.5312	-1.1822	0.0107	-1.1423	-1.5912	-0.5013	-0.9435	0.3727	-1.7304	-0.7706	-0.2400	0.8072	-0.7694	-0.7384	-0.0828	0.2175	-0.8793	-0.6818	0.3405	1.0779	-0.5750	-0.8910	0.3793	-0.8404	-1.5192	-0.5542	-0.9595	0.1498
0.7618	0.6678	-0.2553	0.0982	-1.5426	-1.3008	-0.0815	1.0591	0.4629	-1.0033	0.2955	-0.3364	-0.8486	0.6828	0.9055	1.0345	0.2304	-0.3225	-0.4585	-0.1093	0.3121	0.5343	-0.5137	-0.8101	-0.7082	-2.3060	-1.3171	-0.8249	0.2147	-0.8396	-0.3136	0.5069	0.9853	0.0752	-2.0667	-0.6349	0.1235	-0.3609	-1.3200	-0.2018	-0.0156	-0.4055	-1.0379	0.4187	-0.1124	-0.2672	0.2520	-1.4303	0.7558
1.4263	-0.8550	0.1019	-0.1963	-0.6149	0.0354	-0.0866	0.2577	1.4135	-1.2925	-0.9200	-0.4101	-0.0063	0.3385	1.1440	0.6702	0.6647	0.2355	-0.7627	0.0712	0.4414	-0.5585	0.3165	0.2584	-0.1961	-0.5864	-0.6955	0.1193	-0.3178	0.2367	0.4834	0.0301	-0.1020	-1.0629	-2.2421	-0.6818	-0.0167	-0.3542	0.4165	-0.2573	-1.0878	-0.4474	-1.0101	1.0072	-0.7034	0.1826	1.5951	-0.2649	0.2393
0.5014	-1.3786	0.7179	0.7632	-0.7256	0.8034	-0.5953	0.4226	-0.1225	-1.0271	-0.6815	-1.1603	-0.3464	-1.4799	-0.2095	1.9723	0.6455	1.7111	-0.5964	-0.1641	1.0800	1.5550	0.9504	-0.1449	1.0048	0.5826	0.3213	1.2029	-0.9247	1.5574	-0.2698	0.0657	-0.5332	-1.5906	-1.5860	0.2369	-0.1594	-1.5275	-0.1961	-0.1687	-0.4103	0.8429	-0.9853	-0.4035	0.0953	-0.7927	1.5115	0.3377	-0.6142
0.0229	-0.0522	0.4004	0.2894	-1.3552	-0.3167	-0.3909	-0.3507	-1.4375	0.3346	1.0613	-0.2498	0.3651	-2.4482	-1.0231	0.4437	-1.2208	0.6119	-1.6428	-0.0401	-1.0140	0.2114	0.4208	0.4900	0.3041	0.9685	-0.4670	0.6165	-1.1573	-0.4774	-0.8912	-0.5376	-1.6368	0.4069	-0.5160	0.3002	0.0510	-0.2551	-1.0991	-1.2293	-0.0447	0.4275	1.5495	-1.2311	-0.6218	-0.9582	-0.0633	-0.6082	0.0975
-0.3538	-0.0588	-0.0334	-0.5753	0.5304	-1.1000	0.0145	0.8923	0.1836	-0.6076	-0.4895	1.2427	-0.7821	-1.5789	-0.0864	0.0188	-0.7741	0.2998	-1.8440	-0.3897	-2.5498	-0.5184	0.5197	0.4776	1.6227	1.8741	-0.8519	-1.6140	-1.6434	-0.9641	-0.2754	1.3013	-0.8957	0.1361	0.0358	-0.4588	-1.7060	-0.2478	-1.2633	-0.0601	-0.0234	1.6844	1.1903	0.5234	-0.6789	1.0526	-0.2124	-0.6273	-1.3864
-0.8016	0.2904	-0.7424	-1.5923	0.2374	-0.3528	-0.6372	-1.4105	0.7423	-0.2441	-3.6235	-2.1874	-1.1567	1.1421	-0.9127	-1.4146	-0.6019	0.5980	0.4631	0.4323	-2.0827	-0.0303	-1.1911	0.1995	2.3441	0.2342	-0.1355	-0.5842	-1.0526	-0.2621	-2.2045	-1.5157	-1.0885	-1.5067	1.0737	0.4961	-1.2030	0.1319	0.3506	1.3819	-0.1093	1.0543	1.1538	-2.5556	0.7425	2.1685	0.1877	1.0451	0.2893
-2.3310	-0.8707	2.2793	-1.1837	1.7759	-1.2876	-2.1894	-2.4240	0.7285	-1.4561	-1.5891	-1.0061	-0.0303	0.9483	0.2061	-0.9873	-0.3086	0.0034	-0.2675	0.5632	0.5662	0.1490	0.3898	2.0766	2.0696	1.0844	0.8388	1.3835	0.0788	1.4857	0.3030	-1.5157	-1.4132	-1.1123	0.2864	1.8987	-0.9975	-0.5596	-0.0822	-0.2105	-1.4317	1.1790	0.4580	-3.4879	-0.0947	0.5474	-0.5291	1.4582	0.8746
-1.0787	1.3206	2.3562	0.0974	2.3781	-1.8412	-0.0081	-1.5453	-0.0581	1.9096	0.4624	1.1774	-0.6874	0.0429	2.0163	-1.3742	-1.7229	0.4138	-1.7946	0.0925	0.0882	1.1854	0.5941	-0.5683	1.3070	1.1272	1.6432	0.0133	-0.3877	1.0874	1.1914	-0.0148	0.1973	-0.0059	-0.7601	1.0453	1.0494	-1.8419	-0.1670	-1.1909	0.3179	1.2257	0.8050	-1.4860	-0.1966	1.2441	1.1691	1.4007	1.7707
-1.7843	-1.0037	0.9996	1.2976	0.3905	0.3084	-0.2468	-1.4207	-0.5643	0.8555	0.6455	-1.7769	0.8588	-1.3856	0.6072	0.7236	-1.3749	-0.1509	-1.3844	-0.8468	-0.5359	1.2841	0.1308	-0.7778	0.5581	-1.1803	1.4429	-0.0439	-2.0827	0.2115	-0.6365	-0.5868	-0.6758	-1.5886	-0.1817	0.1695	1.2365	-2.4908	-0.5981	-1.7035	0.8991	1.1253	0.0445	-1.5555	1.5809	0.1034	-0.4847	1.4693	-0.3431
-2.2986	0.1144	-0.1618	-0.7016	0.2089	1.9086	-2.2325	-0.6605	-1.7547	0.4815	0.5854	-0.2894	0.1238	-0.9974	-1.7097	0.0617	0.8229	0.8938	-1.7715	1.2602	-0.3501	1.8494	-0.8209	-0.1772	0.4859	-1.5323	0.2109	-1.1145	-1.9542	-0.4766	-0.6276	-0.8464	1.1568	-0.5033	-0.3744	1.4677	-0.3888	-0.7284	-0.3647	-2.0709	0.5953	1.1592	0.5699	-2.8288	2.2487	0.6813	-0.2145	0.1317	0.2151
-0.6504	0.0818	-0.6495	0.0745	0.6895	2.1791	-1.1736	-1.5192	-0.4125	1.5434	-0.6415	-0.4383	1.5182	0.5207	0.3300	0.0596	0.9372	-0.6331	-0.6158	1.8539	-1.1565	0.6822	-0.4039	2.2061	0.2501	-0.5772	-1.1014	0.5889	-0.9537	0.7462	-1.0483	0.7232	-0.6727	0.9171	-0.5595	1.4246	-1.7282	1.3407	-0.3075	-1.7969	-0.7635	0.9217	-0.2725	-1.6008	1.8226	1.3427	0.0497	-1.2201	-0.4634
-0.6443	1.3163	0.2934	0.6413	0.4521	0.3977	0.3504	-0.5351	0.8346	1.7143	0.5539	-0.2341	0.9301	1.0692	1.0536	0.4571	0.9934	0.0400	0.4469	0.9111	-0.5069	0.4644	0.4110	0.8177	1.2022	0.2384	-1.2312	0.3730	0.5880	1.7681	0.3152	0.2522	0.2151	0.5078	0.4926	1.0123	-0.2165	0.9829	0.6869	0.4918	0.4150	0.6943	0.8531	0.1484	0.8467	0.5871	-0.0333	-0.7045	-1.7201
-0.8040	0.0274	-0.3375	1.1184	0.3663	-0.2147	1.6171	0.7508	0.7005	1.2115	0.1346	-0.3709	0.1807	1.8378	-0.4451	1.2307	0.4966	-0.5770	1.5031	1.4744	0.3378	1.6551	0.2074	-0.6655	2.0220	0.4147	-0.5362	-1.1950	0.7611	0.1398	0.0976	-0.1080	0.7136	0.0759	1.5924	-0.0174	0.4037	-1.9605	-0.2379	-0.1947	-0.4260	-1.4467	-0.3371	0.1970	-0.2487	-0.4472	0.2927	-0.7905	-0.7293
0.3212	1.5133	-0.9662	0.7858	1.2302	0.2079	0.1880	0.3832	1.2288	0.9977	0.4250	0.0821	0.9439	1.2249	-0.4234	0.3309	-0.6065	-1.8489	1.0923	2.8897	0.4461	-0.6122	-0.4222	0.0947	0.5134	1.2422	-1.3370	-0.3153	0.7325	-0.9248	1.1966	-1.2681	0.6315	1.0007	1.9274	-0.7038	-0.0828	0.2993	0.0835	-1.8408	-0.1708	-2.4237	0.8152	0.3020	-1.3233	0.0485	-0.6793	-1.3089	0.6397
-0.1407	0.4572	-0.3152	-0.6021	0.0722	-0.7067	0.6497	0.5419	1.8407	1.3845	0.0310	1.3470	0.3168	1.0733	0.0024	-0.8943	0.4317	0.5025	1.2241	0.8191	0.2935	-0.6865	-0.9576	0.8428	-0.5647	0.8017	-2.5034	-1.0773	1.8255	-1.3155	0.8031	-0.3172	1.2899	-0.5574	1.3147	-1.0175	0.0524	1.8090	0.8962	1.0264	0.2870	-1.5982	0.0676	1.2599	-1.4872	-0.2610	-0.2392	-0.4759	0.0394
-0.6754	-0.5908	-1.2450	0.8648	-0.8238	0.4032	2.5756	-0.6487	-0.0885	0.9428	-0.2118	0.6755	1.6129	0.2980	-0.7314	0.2637	-0.3398	-0.6767	1.0878	-0.1823	1.5251	0.1564	-0.0016	0.5082	-1.7457	0.8014	-2.1379	-0.7625	1.5214	-0.6144	-0.4946	0.0960	-1.1734	-0.1878	1.6256	-0.7496	0.5094	-0.5859	-0.1223	1.6533	-0.8108	-2.6201	-1.5728	1.0428	-0.2171	-0.6749	-0.8210	-0.6097	-1.5325
-0.1708	1.0751	-1.3594	-0.3944	-1.2943	-0.1817	-0.4307	-0.6512	-0.9002	-0.8200	0.4147	0.1588	-0.3978	1.3182	-1.4627	0.5362	0.2430	-0.4677	0.0301	-0.1204	1.3043	-0.3784	-2.1181	-1.0918	-2.0608	-0.6520	-1.9791	-1.5195	2.1241	-0.4411	0.3520	-1.3798	-1.1405	0.9737	0.4984	0.1758	-1.1671	0.7022	-0.1551	-0.8171	1.2625	-2.2458	-0.1460	-0.0352	-0.7244	-0.2579	-0.4498	-0.8123	-0.1988
0.6091	0.2723	-1.3169	-0.5696	-0.6878	-1.5798	-1.2742	-0.2739	1.3441	-2.0274	-0.7765	-0.7033	-0.8249	2.5358	-0.9090	-0.1938	-0.1466	-1.2889	-0.1247	-0.9729	0.1812	-2.2545	-2.8216	0.3585	-1.1391	-1.0071	-2.0636	-1.3114	2.2426	-0.1575	0.1232	-0.5012	-1.7227	-0.1656	-0.2266	-1.4777	-1.0923	0.5284	-1.3961	-1.1914	-1.1303	-1.8833	-1.1904	0.4095	-1.8297	-0.9833	0.5364	-0.6077	0.3678
0.7572	0.8310	0.7501	-0.3052	1.2364	-0.5051	-1.1540	0.4058	1.0571	-0.7611	-1.7851	-0.0193	-0.2751	2.3379	-1.1127	1.2166	0.3108	0.1638	0.7681	-0.9166	1.4816	-0.7627	-2.5143	-1.1721	-1.1593	0.8340	-1.1970	-0.9602	2.8503	0.1216	1.3932	-1.7348	0.4685	-1.1408	1.0947	-0.2634	-0.0166	0.2521	-0.4898	-0.2975	-2.1479	-1.0709	-1.4531	1.0832	-0.3828	-0.9915	1.0316	-1.3631	-0.9354
0.5938	-0.5006	-0.1534	-0.7354	-0.1369	0.9779	0.4473	0.2012	-0.1149	0.7224	-0.8064	-0.7955	-0.7117	2.3894	-0.6696	0.7477	-0.5612	-0.3261	2.2462	-1.9096	0.7945	-0.9470	-1.1538	0.1481	-1.7894	-0.6612	-0.6438	-0.6440	2.7084	-0.0755	-0.1832	-1.5810	-0.4660	-1.7649	0.9814	-1.1344	0.3406	0.2210	0.7705	0.2369	-1.2241	-1.5318	-0.7548	2.8264	0.2636	0.0405	1.7691	-1.3647	-0.8115
0.8405	1.2256	-0.9373	-1.7134	0.3329	0.8927	1.4450	0.7222	-0.6463	-0.2769	0.5498	0.7267	-0.2333	0.4296	-0.1876	-0.2882	-0.8301	-0.6021	0.9206	-1.1979	0.7136	-1.6238	0.6149	-1.2291	-1.8592	-1.0193	-1.0845	-1.3497	1.8071	-0.6402	-0.0638	-0.7973	-0.0104	0.0395	1.1012	-1.4911	0.4160	0.2481	1.7138	0.7803	-1.0497	-2.3869	-0.5878	3.4364	-0.3150	1.1736	1.2721	-1.5709	0.7011
-0.4728	-0.3646	-1.0914	-1.8963	0.1361	-1.4894	1.7080	0.4813	-0.9230	-0.4620	-0.7140	-0.3688	-0.8651	0.7753	-0.7942	-0.1211	0.8043	-0.8552	0.3714	-1.2968	-0.5528	-1.9417	-1.1740	-0.5030	-1.2870	-2.0938	-1.6490	-2.0907	1.3632	-0.0270	-0.9956	-0.4672	-0.0491	-1.2446	0.3105	-2.1930	1.2993	1.4429	2.3282	0.6171	-1.5704	-2.0554	-2.1148	2.3669	-1.7805	-2.0096	1.0291	-1.5136	0.0177
-0.8506	-1.5037	-0.2519	-2.2429	-1.1723	-1.3159	0.5901	-0.2532	-1.7845	-1.2645	0.8521	-2.1366	-2.2298	0.4436	-1.8191	-1.5365	-0.0565	-0.0811	0.7111	-0.8910	-0.6001	-0.8400	-1.3763	-0.1115	-1.5746	-2.6023	-0.4817	-0.7051	1.0496	0.6113	-1.9402	0.2634	-0.3835	-0.6314	0.4208	-1.6459	0.5663	0.5878	-0.4943	-1.0480	-1.3362	-0.7711	-1.8430	0.0694	-1.4747	-2.1064	-1.8019	-1.5062	-1.0402
0.7712	-0.4807	0.4567	-2.5218	-0.2160	-2.3326	-0.0628	-0.5124	0.1428	-0.7413	-0.6453	-1.5414	-2.2407	-0.0966	-0.5165	-2.2297	-1.4780	-0.0135	-0.1320	-0.4230	-1.3594	-1.7748	0.7947	0.6686	-0.8370	-0.0239	0.6037	0.0456	-0.1021	-1.0805	-0.0064	1.3791	-1.1925	0.1360	-0.5277	-0.6170	-1.5324	0.7549	-1.4655	-1.6791	0.3238	-0.3381	-0.4773	0.9083	-1.6665	0.1321	-0.8943	-0.3911	-0.6996
-0.4830	-0.4897	0.8686	-0.5645	-0.7396	0.2803	-0.0605	-0.4583	-0.6284	-0.5385	-0.2382	-0.5739	-0.8094	-0.3718	0.3193	0.2827	-1.2148	0.8448	-0.7006	-1.2243	-0.7885	0.6401	1.5766	-0.0878	-0.6671	0.9569	1.3789	0.0029	-1.6887	-0.7684	0.6780	1.1527	-0.4280	-1.1104	-1.3077	1.5321	-1.2261	0.0653	-2.1723	0.6751	1.1415	-0.6627	-0.6185	-0.2981	0.1321	-0.1864	-0.8228	0.1033	-1.1354
-0.9740	-0.1102	-0.1343	-1.7852	0.0024	-0.4674	-0.0840	-0.1878	-0.4547	-1.1497	0.1606	0.3358	0.5067	-0.8066	1.1030	-0.2076	-0.7466	-0.4071	-1.9772	-0.6458	-0.2950	-1.1821	1.5414	1.0057	-0.7592	-0.1797	0.4855	0.0784	-1.9314	-0.4920	0.7441	0.0390	-2.0709	-0.9566	-1.6355	1.2278	-2.0954	1.2700	-1.9825	0.3947	-0.1754	-0.6130	-0.1661	-0.2778	0.0200	-0.1461	0.2071	0.1514	-0.6565
-1.3419	-1.6840	0.6474	-0.9408	0.8819	0.7649	0.5869	1.4731	0.3609	-2.2671	-1.7196	1.2134	0.7918	-0.4839	0.1517	-0.5753	0.5871	0.5590	-0.9624	-1.1012	0.5656	-0.1707	0.6277	-0.1910	-0.1086	1.3644	0.5302	-0.0952	-1.2345	0.4949	-0.1001	-0.3955	-0.1533	-1.7603	-0.8809	1.4050	-1.1593	-0.1273	-1.1618	0.8344	-1.6976	-0.3593	-1.6618	0.6159	-0.3291	-1.2015	-0.6630	-0.1637	-0.9638
-0.4605	-2.2775	0.6188	1.3249	0.2337	1.2352	1.0370	0.9638	-0.4676	-1.3075	-1.0439	0.4728	1.2510	-0.2959	0.1888	0.3713	0.2499	-0.1607	0.2475	-1.2537	-0.7518	0.7431	0.2203	-0.6460	-0.6115	1.1109	-0.1260	0.2015	-0.3765	1.6807	-1.2551	0.0691	-0.4271	-0.3434	-0.2650	0.7881	-1.1344	-0.3836	-0.7816	0.4196	-0.2200	-0.5092	-1.3499	-0.1117	-0.5969	0.2584	-1.7347	-0.6720	-0.8112
0.8647	1.3012	1.5666	2.1795	1.2854	0.5014	0.1978	0.4271	-0.2492	-0.4029	0.7049	0.3905	1.8699	-0.6263	1.0617	2.0087	-0.6901	-0.6318	0.4053	0.4032	-1.0069	-0.0679	-0.6571	-1.7339	-0.0699	0.0818	-0.2438	0.9885	1.1375	1.6104	-0.2264	0.8430	-0.0996	1.4681	-0.1203	0.4273	-1.4935	0.7521	-0.0896	1.1684	0.1629	1.1563	-0.0485	-0.8446	0.6661	0.6919	-1.4728	-1.4412	-0.4902
2.2076	1.8114	2.1084	2.8481	1.2661	0.1071	1.0378	-0.5188	-0.2447	1.0568	0.2963	0.9038	3.0141	-0.2971	1.1720	2.3656	-1.5150	-1.5334	0.1937	-0.8646	-0.9634	-0.6930	-0.9352	-0.9391	0.0725	-0.2882	-1.3832	1.6820	2.0929	-0.3082	-0.3370	1.2562	1.2531	1.9819	-0.0286	-0.4218	-0.1119	0.2926	1.5303	1.8316	-0.8418	1.2956	0.3703	-0.1081	-1.0276	-0.1283	-0.4269	-0.5552	0.3747
2.0479	0.1373	1.4041	1.0881	0.7844	-0.1943	1.2624	-0.1361	-0.8162	0.5458	0.1379	-0.6064	2.6308	-0.0574	0.7972	2.6376	-0.7044	-0.6361	0.3580	-1.2573	-0.0162	0.5679	0.0313	-1.6967	0.6722	0.5084	0.8606	1.6837	1.0828	0.3949	-0.1766	-0.9094	0.9221	0.9220	0.6925	0.1622	1.2890	-1.1384	2.2058	0.6661	-0.4390	0.0946	0.5105	1.8889	-1.1444	0.3239	0.8616	0.6711	1.5253
0.5761	-1.7172	-1.0153	0.9995	0.1821	0.2734	1.5068	-0.3104	-0.5447	1.7060	1.3315	-0.1981	0.7010	-0.2564	1.2233	1.2832	-0.0544	0.2793	-0.0905	-1.0941	0.5128	1.9822	0.7531	-0.8637	0.3272	-0.0809	1.7422	0.9113	-0.3660	0.7112	-0.9031	-0.3324	0.5995	0.0052	-0.1197	-0.0684	1.8896	-1.8368	1.1016	-0.0206	0.5011	0.0946	0.3011	0.9138	0.1994	0.0934	-0.7907	0.9868	0.1643
1.0808	-0.2297	-0.5502	1.4000	1.1766	0.8218	-0.1280	-0.7625	0.3328	0.8124	1.3697	0.3055	0.7149	-0.6724	2.2587	-1.4228	-0.0462	-0.0546	-0.2258	0.8853	0.9062	0.3082	2.0028	0.9196	-0.7297	-0.7905	0.7246	1.0194	-1.4845	0.8577	-0.1591	1.5530	-0.4526	1.1366	-0.5336	-0.8077	1.1588	0.3032	0.5502	0.3368	-0.0108	0.9230	0.5021	-1.6564	0.8156	0.6569	-1.1916	2.2072	-0.4385
1.1037	0.3244	0.8797	0.8041	-0.3286	0.1837	0.7167	0.9848	-0.3200	-0.6112	0.4857	0.7902	-0.7160	-0.2181	1.1352	0.2230	1.3982	0.8653	0.7488	0.8481	0.4915	1.2107	1.3973	-1.8202	0.5555	0.0501	1.3665	-0.5055	-1.1699	-0.4347	0.1793	0.5436	1.4491	-0.0438	-1.4605	0.4435	1.3576	-1.1042	-0.2996	0.1066	0.5243	0.5147	-0.2028	-0.2899	0.2746	0.2963	0.6668	0.8727	-0.5325
0.6776	-0.9928	-1.2448	1.6909	-0.9677	0.9640	0.6560	-0.5801	0.6958	0.3076	-1.2257	-0.0017	0.6149	0.3646	1.2410	0.2928	1.2149	-0.4880	0.8068	0.1833	0.1273	0.8287	0.3413	1.0578	0.6208	-0.0546	0.1163	0.1029	-0.7623	-0.3300	-1.4630	0.0679	-0.1161	0.8132	0.1283	-0.0340	0.5743	-0.7494	-0.8188	-0.7142	-0.1215	0.1704	-0.8058	0.6070	0.0825	0.5823	-0.2231	0.3784	0.1529
0.6660	0.9630	-2.0183	0.9595	-0.6214	1.5983	-0.7930	-0.4029	1.3337	1.6480	0.5891	0.3563	0.1669	0.3721	-0.2801	-0.9459	0.9720	0.1024	0.2457	1.6632	1.0361	0.0746	-1.3785	1.5165	0.1780	-0.1428	0.1515	0.3819	-0.5982	-0.0161	-0.5672	-0.3639	-0.0491	1.6825	0.7378	0.9631	-0.0924	0.4518	-0.9079	-1.3658	0.7228	0.0315	1.2767	-0.5128	0.6693	-0.9902	-0.7255	0.0562	0.5435
0.9576	-0.1001	-0.7789	0.2882	-0.7466	0.8605	-0.3071	-0.1112	2.1342	0.7875	0.7846	-0.1148	-0.4914	0.3931	-0.8913	-1.4053	0.2305	1.4638	0.5540	1.6604	0.7432	-0.2631	-0.5646	1.4049	0.6295	0.2389	0.4639	1.0725	-0.6378	0.4007	0.3842	0.5581	-0.6218	0.7766	0.4349	1.4246	0.2023	0.0127	-0.9273	-0.5387	0.8106	0.3964	2.0268	-1.0098	0.6398	-1.5612	-0.5390	0.8885	0.6753
0.5488	-1.8585	-1.0596	-0.7837	-0.1860	0.2395	0.7773	-1.3617	0.7790	0.7524	0.5448	0.1090	-0.7237	-0.7449	0.3253	0.2620	-0.8702	1.2926	0.0103	1.3065	-0.0163	0.6083	1.3593	0.5412	-0.9338	0.4017	1.0001	0.2171	-0.8565	-0.0027	1.8885	-0.2625	-0.4375	-0.3654	-0.6567	-0.0987	-0.1992	-0.6486	-1.0914	-0.7234	0.7221	-0.3740	0.8706	-0.8406	0.0145	-0.7815	-0.8685	0.2042	0.0558
0.1364	-0.2718	-1.0226	-0.4241	0.0217	-0.1090	-0.7059	-0.5223	0.3837	-0.4102	0.6802	0.7238	-0.9991	-1.5810	0.8878	-0.2090	-1.2071	-0.4243	-0.7757	0.6626	-0.3857	-1.1418	0.6601	0.6886	-1.7816	-0.7653	-0.9101	-0.7882	-0.8493	0.9500	0.4933	0.8683	-1.0003	-1.2659	-1.1635	-2.6378	-0.5538	1.2360	-1.0476	-0.5177	0.6968	0.2733	0.3673	-0.5051	-1.7433	-0.9805	0.2974	-0.9719	0.0782
0.5441	0.2104	0.9651	-1.3400	-0.5842	-1.2684	0.3236	-0.4182	0.0975	-1.0579	-0.3326	0.7421	-0.5370	-0.3588	-0.3094	-2.1579	0.7899	0.4421	0.3528	-0.5638	-0.0123	0.6088	-0.5851	-1.1362	-0.9396	-0.5325	-0.3996	-1.8216	-0.7117	-1.2130	-0.6130	0.5362	0.7747	-1.3261	-0.1359	0.8898	-0.4307	0.6305	-0.0915	0.1958	1.2519	-0.1527	0.6547	0.2360	-2.0501	-0.5535	0.3198	-0.6920	0.3833
-0.5369	-0.8210	-0.3142	-0.1751	-0.8207	-1.1642	-0.0094	-1.5646	0.2764	-0.8913	-1.3188	-0.8249	-0.3749	0.5902	1.2263	-0.7294	1.3714	-0.2852	0.1152	-0.1816	0.3452	0.6108	0.5352	0.4522	0.0253	0.7421	-0.3967	0.0241	-0.8700	-2.1659	-0.6763	-0.1683	-1.0605	0.4452	-0.5508	1.0855	-1.0075	-0.7930	-0.5132	-0.2295	-0.4846	-0.6490	0.2410	-0.5852	-0.2483	-0.5722	-0.4344	0.1866	1.1744
1.2073	1.7872	0.0607	0.5906	0.2024	0.2642	-0.5514	-0.6801	-0.3288	0.0064	0.1643	0.6189	0.0312	0.3454	1.6380	-0.2749	-0.1024	0.6091	-0.6446	2.1502	0.1707	0.5821	-0.0382	0.8521	0.8995	1.9325	0.2612	1.6508	-0.5807	-1.3869	0.1257	0.8712	0.1784	2.0624	-1.5246	0.3893	-1.4613	0.6560	-0.5774	-1.7313	0.6734	-0.0740	2.3545	-1.0264	0.3013	-0.9874	-0.1676	-0.0634	0.6352
1.6021	0.8650	1.0997	1.0329	0.8518	0.6772	-0.4301	-0.5481	0.2448	0.5234	-0.5622	0.5701	0.5505	0.0679	1.0413	0.9256	0.1074	0.9211	-0.3973	2.3552	0.1263	-0.1078	0.4428	0.2666	1.2972	0.9512	0.6506	1.5898	-0.2163	0.0221	1.8015	-0.3897	-0.0251	0.9056	-1.6581	-0.2978	-0.6021	-0.0654	0.2314	-1.7793	0.6795	1.7813	2.5207	-0.2313	0.5337	0.8439	1.6571	0.8562	0.0392
1.0189	0.7771	1.1310	0.7962	1.3207	0.7802	-0.6153	0.0962	-0.4639	1.4599	-1.2024	1.9944	-0.4149	-0.1729	1.0995	0.8365	0.1502	2.5285	0.3086	1.5914	0.4017	2.4251	0.4353	-1.2561	1.1139	0.3843	1.3900	-0.2886	-0.4355	-0.8121	2.3634	-0.5391	2.2431	0.6474	-1.1203	0.1449	1.0864	-2.3818	0.3134	0.1909	1.3747	2.1155	0.8809	-0.4494	1.9370	0.6640	1.8224	1.1662	0.2264
0.7618	0.9888	-0.2501	0.5970	0.1661	1.2680	-1.2720	-0.5351	-1.0578	0.1353	0.8304	-0.7223	1.2805	-0.9808	0.1976	-0.2461	-0.5015	-0.0820	-0.1020	0.4855	-0.7213	0.2600	0.2270	-0.1257	-0.5306	-0.3483	0.9351	0.9779	-1.5627	-0.4058	0.4151	-1.0000	0.4122	1.4145	0.0461	-0.8941	1.3464	-1.2680	-0.5806	-1.1421	0.2479	1.0456	1.1158	-1.7455	1.5199	-0.5301	-0.8255	0.7776	1.7379
0.7765	-0.0086	1.0604	-0.2167	0.0349	-0.2835	-1.7247	0.5952	0.1463	-0.4577	1.1012	-0.7113	0.6621	-0.8131	-0.3036	0.0870	0.6833	1.1172	0.3387	0.3431	-0.0733	0.2837	0.9389	1.0127	0.5361	-0.8756	0.6779	-0.2240	-0.6947	-0.6282	-0.6126	0.1165	0.5630	0.5667	0.9405	-0.1548	0.4421	0.0323	0.1429	-0.0728	0.2368	1.9471	0.7611	-0.0743	0.2553	0.9045	0.7593	2.0277	1.2979
0.3581	-1.7520	-0.3853	0.0162	-0.3825	-2.2381	-0.8929	0.4835	1.4459	-0.2475	-0.2331	-0.7382	1.2143	0.0870	0.2253	-1.5581	-0.0056	-1.0628	-0.1528	0.7547	0.0210	0.6200	0.4772	0.6390	1.1847	-0.4155	0.5701	-0.3329	-0.0615	-0.3884	-1.7255	0.0703	-1.0630	0.6533	1.1539	0.2057	1.1864	0.0090	0.6677	1.7980	-1.7774	0.0080	-0.5612	-1.0784	0.1739	1.5955	-0.8392	1.0585	0.5878
-0.4056	-0.3820	0.5843	-0.7976	-0.2068	-0.4002	-0.5258	1.4787	1.0524	-0.0067	0.3945	0.1026	0.8293	-0.3835	0.8910	-0.5673	0.8159	0.3668	-0.6717	-0.0736	1.2561	1.4971	0.3022	-0.2892	2.0264	-0.3487	-0.1455	-0.3243	0.0554	-0.1106	-0.0055	-1.0938	1.5712	-0.0625	1.9560	0.5925	0.6593	-0.5854	1.1938	-0.0225	0.5097	-0.0732	-0.7423	-0.9972	0.6340	1.5530	-1.1763	-0.4145	-0.4547
-0.0038	1.2726	-0.4971	-1.2766	-0.2628	0.7155	-1.1413	1.5033	0.9496	0.4333	1.3178	-0.9323	-1.1210	0.4089	0.3067	-0.8543	-0.6208	0.1079	-0.2662	1.5626	1.3128	-0.4922	-0.0030	0.3878	1.1301	-0.0001	-0.7149	0.4941	0.9209	1.1052	-1.0325	-0.8792	0.4335	0.5485	1.6930	-0.7712	1.3070	0.8010	0.8819	-1.2371	0.2863	-0.2917	1.0885	-1.0541	-0.6522	0.7799	-0.6418	-0.1986	0.8469
0.8557	0.5077	-0.2811	-1.2112	0.7362	1.8136	-0.1938	0.0511	2.2409	0.9566	0.3818	0.1381	-1.3662	0.3376	-0.4097	-0.9739	-0.7518	2.9697	0.9130	0.7569	1.1375	-0.7672	0.2475	1.8154	-0.0385	1.0743	0.2378	0.0588	1.4886	0.9435	0.7459	-0.7769	1.8213	0.8416	2.6208	-0.0056	1.0984	0.9483	1.4012	0.8690	0.0665	0.4236	0.2622	0.6342	-1.5160	0.5632	-0.5612	0.7841	0.6307
0.0160	-1.3158	-0.9579	-0.9993	-0.4883	0.4437	1.0271	0.0232	1.5967	-0.3336	-0.4716	-1.3009	-1.9633	0.2102	-1.3017	-1.9990	0.0125	1.3850	1.3407	-0.1435	0.6518	0.3637	-0.4691	-0.5278	-1.2078	-0.1690	1.6212	-0.6341	1.2100	-0.3281	-0.7448	-0.5239	-0.1262	-0.1077	0.7918	0.3810	1.6702	-0.8671	0.3344	1.3209	-1.2745	-0.1106	-1.2294	2.3112	-0.2997	0.0132	-0.3395	0.7872	0.5422
-0.7284	-0.8827	-1.0792	-0.0923	-2.0803	0.0987	1.5035	-0.4247	-0.6108	-0.1232	1.4064	-1.0729	-1.1739	-0.9270	-2.7247	-0.9647	-0.5896	-0.4511	0.4685	-1.4883	-0.7982	-0.4950	-1.3576	-1.5968	-1.1838	-1.3582	1.2116	0.0600	-0.0032	0.4820	-2.2814	0.5009	-0.6872	-0.3631	0.7855	0.0665	0.5340	-0.2923	-0.0457	1.4850	-0.3242	0.0800	-0.9307	1.4098	1.1979	-0.1670	-0.3313	-0.6109	-0.2399
-0.6848	-0.0005	-1.9873	0.3559	-1.9794	-1.3849	1.1755	-0.4717	-0.0550	-0.1833	1.1480	0.3269	-0.4568	0.3109	-1.8729	-0.1510	-1.0545	-2.3097	0.2038	-1.0458	-0.6842	-1.8572	-0.3398	0.0717	-0.2410	-0.0128	0.1039	-0.1662	-0.1322	-1.5276	-0.9029	0.6986	-0.5981	-0.5734	0.4592	-1.3932	-0.8763	2.6853	0.4374	2.2759	0.1016	-0.8600	-0.7677	1.6066	-0.0092	-0.0384	2.5680	-0.2194	-0.1534
-0.1040	0.4016	0.0708	-0.5062	-0.8738	-0.1305	0.4882	0.1657	0.9215	-1.5230	-0.2216	-0.5028	-0.1180	2.1478	-0.8909	-1.1777	0.5980	-0.9911	1.1284	-0.6196	-0.7357	-0.4405	-1.0320	0.7003	0.8961	1.5476	-0.1609	-0.3662	1.2545	-0.8610	0.7638	0.6900	0.2116	-1.0939	0.8023	-1.0286	-0.6351	3.2929	1.8391	1.6595	-0.0879	-0.2927	-2.2133	1.9252	-1.4607	-1.4362	0.8218	0.4383	0.0947
-0.3456	-0.4167	-0.0972	-1.4268	-0.6722	0.9403	1.5283	-0.5413	0.1509	-1.3331	1.5593	-0.3644	-2.1101	0.9689	-0.7304	-0.7389	1.0256	0.4600	1.2915	-0.5901	-0.8044	0.8962	-0.6909	-0.2481	0.4304	0.8348	0.1606	0.4624	1.3387	-0.1505	2.3025	-0.3239	0.1982	-1.5057	0.7395	0.5713	-0.1636	-0.2226	0.1326	1.2410	-0.6290	0.0585	-1.4409	1.1364	-0.4825	-1.0290	-1.3882	-0.8466	-0.0342
-0.6341	-2.2089	-1.0454	-1.1321	-0.3577	0.0942	-0.4454	-0.9874	0.9734	-2.0293	-0.1567	-0.1041	-2.9989	0.1984	0.4779	-2.1631	1.1040	0.4805	0.0152	-1.4569	-1.7467	-0.3960	0.6150	-0.0369	1.1261	0.2167	1.1130	0.6033	-0.3509	0.4761	0.8717	1.7002	-0.3745	-2.0611	-1.2498	0.3346	-1.3420	-0.4205	-1.7553	1.5983	-1.5861	0.5149	-1.4058	1.0416	-0.1384	1.0862	-0.1611	-0.1260	-1.0745
-1.0191	-1.8894	0.7393	0.1468	0.1518	0.1610	-0.6690	-0.2171	-0.3779	-0.6234	-1.7968	-0.0967	-0.1232	-1.5702	0.1723	-1.2531	1.1441	0.9578	-1.3604	-0.6918	-0.6417	0.9852	0.9289	-0.0677	0.9022	1.9557	1.9383	0.5813	-1.6448	1.2468	-0.3117	0.7660	0.0805	-0.9897	-1.4164	1.6137	-0.4618	0.4242	-1.5045	1.4217	-0.6790	0.8034	-0.9918	-1.0479	1.1470	1.0186	-0.2346	0.7114	-1.8040
-1.1899	-1.7002	0.5805	1.4079	-0.6283	0.1328	-1.0489	-0.0465	-0.8563	0.1329	-0.4054	-0.6028	1.0898	-1.9214	-0.8108	1.4967	-0.0779	-0.9258	-0.5566	-0.9691	-0.0475	0.2003	0.7128	0.3070	0.7915	-0.2769	0.4222	0.4208	-1.2951	0.5683	-0.6709	0.3482	-0.5258	-0.0637	-0.5512	-0.4286	-1.0235	0.1845	-0.8526	0.1821	1.0477	2.1080	0.5874	-1.0904	1.6401	0.4722	-0.0962	0.6209	-2.3813
1.0126	1.0893	0.1878	0.1367	0.1435	-0.3113	-0.9029	0.9573	-1.0968	1.4581	-0.5638	1.2015	0.2204	-0.5453	-2.2351	1.4556	-1.9224	-1.6748	0.5922	-0.3061	0.5338	-1.4101	0.0657	0.1901	0.4845	-0.6931	-1.1899	-0.3321	0.0124	-0.8917	0.9043	1.4671	0.3437	2.2253	1.2688	-2.4517	-0.4600	0.0995	-0.0963	0.3121	0.3008	0.8732	0.2710	-0.0293	0.0605	0.3119	1.1867	0.0791	-0.3057
2.0031	0.6634	0.2289	-0.8199	0.5229	-1.7223	0.1015	-0.2738	-0.1433	0.7813	-1.2117	0.0706	-1.3792	1.2313	-1.0890	-0.0908	-0.9766	-1.3786	1.4992	-1.2000	0.2095	-2.5512	-0.5700	0.5749	-0.1427	-1.4165	-1.2606	-0.6491	1.3531	-0.6411	2.1671	0.4553	-0.1342	1.0199	1.3891	-2.6033	1.0517	-0.6122	1.2569	0.2171	-1.5402	0.2742	-1.4489	0.7121	-1.8818	0.7073	1.4870	0.5216	1.2241
0.8490	-0.3634	1.9575	0.5490	-1.3826	-1.1448	0.4052	0.8393	-1.8749	-0.0217	-1.1276	-0.0882	-1.3694	1.1012	-0.9153	1.6998	0.7043	-0.0734	1.1344	-2.1131	0.7632	-0.3779	-1.3763	-2.1080	0.1676	-1.4006	-0.0804	0.1018	1.8970	2.3876	2.2881	-0.7779	0.8523	-1.1669	0.3135	0.4286	2.2485	-1.1011	1.2861	0.1799	-0.0772	0.4087	-0.3650	-0.8946	0.3153	-0.2256	2.3648	-0.0385	-0.4322
-1.2781	-1.5903	0.7407	1.5635	-1.2474	-0.2762	1.2545	-0.2919	-2.7771	1.8742	-0.8445	0.3084	0.7497	-1.1010	-0.5947	2.4317	0.4806	-1.5887	-0.4427	-1.5346	-1.5675	-0.4076	0.3175	-1.0337	-0.0841	-1.0173	-0.2162	0.3652	-0.0512	1.1360	1.0982	-1.0661	-0.7321	-1.0899	-1.0988	0.1762	0.4019	-1.0261	0.9820	-1.5834	0.2745	-0.1834	1.2489	-1.6408	1.3997	0.5739	1.9664	-0.7705	-1.9732
-2.5815	1.2843	0.4770	0.5909	1.0261	-0.1456	-0.5914	-0.3788	-3.1553	1.3675	0.6013	2.0348	0.8440	-2.1385	-1.2316	2.2235	0.3379	-2.0649	-1.9218	-0.0796	-1.3449	-1.0753	1.1954	0.6346	0.5005	0.3170	-0.1037	0.9466	-1.8766	0.3955	1.1025	0.5064	-0.3949	0.1289	-1.9512	-0.1267	-0.7519	0.8613	-0.5323	-0.8763	1.4841	0.2294	2.3254	-2.1107	1.8731	0.2753	1.6852	-0.9341	-1.4058
-1.1527	1.2616	1.1919	-0.2590	2.2118	-0.7675	-0.9549	0.1359	-1.5846	1.1555	-0.8663	1.6144	0.7533	-1.9759	-0.6157	0.6722	-0.8017	-0.6343	-1.2990	-0.3097	-1.6954	-0.8968	0.7685	1.8977	1.2974	1.0771	0.4213	0.8881	-1.5840	0.0803	0.2253	2.6139	0.1774	0.0879	-0.3703	0.1217	-0.4999	0.9275	0.1147	0.8869	1.6744	1.0714	0.4425	0.0566	0.9149	-0.1496	-0.0592	0.8410	-0.2215
-2.0574	1.4559	1.3466	0.0334	1.8150	0.2916	-0.3983	1.2038	-1.3206	0.4596	-0.6269	0.6721	-0.6558	-1.4032	-0.7146	0.6396	-0.3650	0.4930	-0.1977	-0.2707	-0.3507	1.1390	1.7002	0.6245	1.7312	0.6298	0.4753	0.4298	-0.9464	-0.1760	-0.4538	1.9754	0.5139	-0.4643	0.2886	-0.4346	-0.4670	-1.4297	0.0744	0.5778	2.0378	1.4051	-0.8417	0.7153	0.3023	-0.2235	-0.1259	2.0497	-0.5411
-3.5681	1.6428	0.5347	0.4150	0.0299	0.1813	-2.7578	3.2714	-1.3676	-0.9934	1.3485	-0.1701	-0.8260	-0.2529	-0.8334	-0.3060	0.5312	0.2522	-0.4072	-0.8666	-0.3069	0.5848	-0.4896	-0.2548	0.5179	-0.1615	0.5144	1.2296	-0.7394	-0.9299	-0.5494	0.2884	0.3447	-0.7799	-0.8918	-0.2444	-0.7221	-2.3025	-1.0067	-0.2047	1.0726	1.0013	0.2086	-0.4689	0.9358	-1.2819	0.0870	0.6427	0.5862
-2.1770	1.0092	1.1886	-0.3417	1.1393	-0.6158	-3.4134	1.0133	-2.0240	-0.8236	1.4256	-1.7791	0.8054	-0.5557	-0.4685	0.7810	-0.5945	0.5776	-0.7762	0.6798	0.1039	0.7757	-0.5519	0.9241	-0.0424	0.9857	0.5091	1.4624	-0.5814	-1.1030	0.0090	-2.1743	-0.5362	-0.4595	-0.7229	1.0616	-0.8029	-0.5065	-0.7537	-1.3279	1.3534	1.2283	1.7891	-1.0149	0.7650	0.1687	0.9553	0.2553	1.4999
-0.0261	1.7331	1.3851	0.2865	1.5824	1.0222	-1.4756	0.5840	-1.0160	1.4579	1.5377	0.3167	0.3256	-0.5743	0.4663	0.8281	0.9494	0.8755	-1.2746	2.0265	1.2907	1.4206	-0.6076	0.0778	-0.3287	0.8175	-0.6966	0.2458	0.5892	-0.3463	-0.1685	-1.1741	1.2778	0.9437	-0.3694	2.2439	-0.3842	0.8920	1.3243	-1.7721	0.9131	0.9610	2.0127	-1.0203	0.0147	1.3099	1.0874	0.6040	1.9713
0.5276	0.8107	-0.7361	0.4448	1.2708	0.6687	0.5533	1.5897	1.6492	0.3163	2.0868	0.7379	1.0324	-0.8281	1.6763	0.4480	1.0798	-0.8678	-0.7805	1.4027	1.7375	-0.6264	0.8691	-0.0154	-1.3665	-0.6491	-0.6411	-0.1149	0.2012	1.3713	-1.4970	1.0479	0.6003	0.9896	0.6792	1.6341	1.5086	-0.1222	0.5925	0.1000	-0.7410	-0.7253	0.4085	-0.1780	0.8408	2.0388	-1.2995	0.7156	1.3906
0.1119	-0.1074	-1.2128	0.0572	1.0325	0.2484	0.5053	0.5077	2.4782	0.4083	0.4702	0.9305	0.2182	0.9828	0.7102	-0.9039	1.9673	1.4053	0.3946	0.4876	1.2871	-0.1302	0.0766	2.1331	-0.7009	-0.7853	1.0539	-0.6480	0.0651	0.1565	-0.4035	-0.0137	1.6639	-0.3736	0.6148	1.6528	1.7098	-0.5454	0.6356	0.6849	-2.1745	-1.2914	-0.8260	0.2882	0.9123	0.8268	-1.3284	0.9408	1.1004
-1.2337	-0.8578	-0.7241	0.8549	-0.7405	1.5028	-0.8196	0.7486	1.2399	-1.1593	-0.4104	0.4461	-0.9291	1.6166	-0.3678	-0.3199	1.4373	1.6726	1.1990	0.9362	2.3801	0.2160	0.0546	-0.3520	0.4719	-0.3740	1.9748	0.4279	0.3221	1.5875	-0.2420	-0.4207	0.8816	-0.0794	0.8090	1.6418	2.4144	-0.8017	-0.4197	0.5180	-1.1273	-0.3806	-0.6810	0.1845	1.6089	-0.0978	-1.2677	1.0195	0.1741
-1.3071	-0.2562	-0.2593	1.3977	-0.9321	2.0738	0.9821	-0.2255	0.8235	0.5169	0.2644	1.7421	0.4534	0.8615	1.4607	0.8322	0.2855	1.8304	0.3272	0.8817	0.8620	1.1587	0.2399	-1.1047	-0.0491	-0.5108	0.8321	0.3454	0.2275	0.3404	1.2436	-1.0264	1.0998	0.7955	0.6217	2.0662	0.5309	-0.2688	0.5700	0.5803	2.0979	-0.3493	1.1663	0.4079	1.7696	0.8375	0.5545	-0.2905	0.0330
0.5760	0.8526	-0.2340	2.1322	1.0718	0.4601	0.2185	-1.1627	0.6310	-0.4708	0.0997	0.6057	1.2988	0.2003	3.5545	0.0232	-0.7168	0.0910	-0.4074	2.2278	-0.9369	0.4605	0.0555	1.2879	-0.6378	1.3631	0.5700	1.4497	0.1360	0.0578	0.5234	-0.0449	-1.1800	1.7853	-1.5311	0.9727	-0.6479	-0.2206	0.2817	-0.7733	-0.8378	-0.1648	1.2402	-0.3624	1.0049	0.6863	0.8905	-0.7137	0.5449
1.5188	2.2871	0.8377	0.7125	1.8882	-0.6213	0.3549	0.1040	0.3911	-0.0361	0.8215	1.5414	1.9934	-0.5820	2.1707	0.9775	0.3613	1.0371	-0.7178	1.7975	0.0162	0.1354	0.2155	1.2877	-0.6330	1.2247	-0.5302	0.3797	0.3528	0.8597	1.6446	0.3805	0.6317	1.5694	-1.4430	-0.3223	-0.4869	0.7765	1.2921	-0.3778	0.7018	-0.0126	1.7130	0.5336	-0.8126	0.8130	0.5213	-0.2692	-0.4358
0.7537	0.3655	0.5478	-0.2568	1.9208	-1.3550	0.2157	-0.0372	0.7714	-0.5108	0.0866	-0.6621	1.4372	0.2098	0.1353	1.8264	1.6176	-0.0659	0.5452	0.5150	1.0918	0.9955	0.4489	-1.9958	-0.0166	0.0594	-1.2618	-0.7223	0.8072	-0.0488	0.5535	0.1117	0.6629	-0.8529	-0.8282	0.4985	0.2952	0.1565	1.3459	-0.6865	0.1956	-0.8845	-0.0746	1.5756	-0.6448	-0.5546	-0.5233	-0.6935	-0.0823
-0.2688	-0.3572	-0.5096	0.4557	0.7872	0.5979	1.8512	-1.6773	-0.7227	0.7970	1.8960	-0.4792	0.3952	0.4728	-0.3630	0.2702	-0.9427	-1.2653	0.7394	0.3331	-0.9218	0.5006	0.4862	-0.7833	-1.1760	-0.8831	-1.5645	0.1541	0.5544	0.1344	-0.6905	0.9889	0.0601	-0.1143	-0.2605	-0.5597	1.1422	-0.5192	0.8495	-0.8943	0.4098	-0.7411	0.3331	-0.1492	-0.9799	-1.0837	-2.1379	-0.7886	-0.0863
-0.2780	0.4580	-1.1017	-0.8540	0.8089	-0.1969	0.6940	-0.4476	-0.5079	-0.5323	0.6424	1.2217	-0.0907	-1.4387	1.4483	-0.9735	-2.8000	0.4168	-1.3187	0.8531	-1.0184	-0.1444	2.6708	0.1571	-0.4037	-0.8747	0.1007	0.8248	-1.0392	-0.3948	0.0654	2.1985	0.3729	0.6955	-1.2872	-0.8443	-0.2932	-0.5303	-1.5784	0.5807	-0.2664	0.4489	0.3169	0.1261	-0.7271	0.0190	-0.3659	-0.0586	0.0161
-0.9861	-0.7544	0.3355	-0.8841	-0.2422	-0.9429	-0.5533	1.1671	-1.3405	-2.3676	-0.4851	0.0027	-0.4434	-2.1282	1.3346	-0.2584	-2.0359	0.0495	-2.2518	-0.5914	-2.8330	-0.2539	2.2291	-0.6263	0.5495	-0.1794	0.9569	0.2640	-1.8057	2.3778	-0.3323	2.2531	-1.2693	-1.2858	-1.9491	-0.1263	-0.0211	0.3682	-1.5819	0.7299	0.2051	1.1319	-0.3952	-0.6632	-0.5948	0.1509	-0.3912	0.4695	0.7903
-1.7776	-0.4433	0.5930	0.0248	-0.7601	-0.6409	-0.0971	0.2044	-1.3654	1.7567	-0.3142	-0.6202	0.6417	-1.1830	0.3610	-0.2266	-1.1968	-1.0222	-2.4396	-2.2378	-2.0185	0.8042	1.2073	-0.0495	-0.0970	0.2079	-0.0523	-0.1860	-0.7504	1.0431	0.4767	-0.1407	-0.4144	-2.1737	-0.4012	1.2216	-0.6993	-0.9364	-0.6264	0.5569	0.3851	0.0071	-1.8115	0.1976	-0.1392	0.2323	-1.7508	-0.8350	0.5002
-0.4967	0.0136	0.0484	-0.0713	-0.5524	-1.1410	-1.1329	0.4542	0.1757	0.3662	-0.3812	-0.4676	-0.6170	0.7405	0.7424	-0.4762	0.5015	-1.8361	-0.5799	-2.2388	0.2492	0.2577	0.8541	-0.3013	-0.4829	0.0834	-2.3210	-0.3674	1.6338	0.2584	-1.1272	-0.7848	0.2775	-0.3664	0.9558	-0.3567	-0.7469	-1.0890	0.3869	-0.9466	-0.3431	0.0934	-2.7616	1.5449	-0.8602	1.1014	-2.2023	-0.7665	-0.2283
0.9579	0.8083	-0.2231	-0.7096	-0.7309	-0.5620	-0.9497	1.3608	-0.1041	0.2605	0.0229	0.2513	0.4178	1.0632	-0.3505	-0.2516	0.2955	-0.7598	1.2781	-0.3714	1.0803	-1.1939	-1.0116	0.1110	0.0140	-0.1587	-1.7731	-0.8305	1.9364	0.0393	-1.2819	-1.0881	0.0084	1.5626	2.2596	0.1792	-0.1500	0.2978	0.2780	-0.3770	-0.5380	-1.3087	-0.5369	0.4511	-0.7869	-0.0373	-2.1105	-1.4454	-0.4991
1.1973	-0.1697	-0.8704	-0.2806	-1.4812	0.2311	0.4243	1.0420	0.3531	-0.4469	-0.4181	0.3320	0.4726	1.0314	-0.3479	0.7825	0.0103	-1.1916	1.3761	-1.2466	0.9400	-2.7035	-1.1675	-0.1678	0.8234	-0.3313	-1.7213	-1.3604	1.5297	-0.5505	0.1604	-0.3918	-1.2095	0.8620	2.0745	-1.0525	0.3145	0.5867	0.3856	0.9772	-1.2738	-1.8447	-0.1743	-0.2092	-1.7732	-0.4541	0.7610	-0.5689	-0.6302
0.3170	-0.0558	-1.0725	-0.3102	-1.7231	-0.0289	1.6715	0.7388	-0.1100	-0.5070	-1.5402	1.0538	0.0475	2.5059	-0.4961	-0.5735	-0.1100	-0.9668	0.9958	-0.8880	0.0952	-0.8571	-2.8087	-1.3026	0.7992	0.8026	-1.1561	-1.9696	1.1683	-0.4820	-0.3635	-0.8428	-0.2365	-0.0725	1.9050	-0.3124	0.7350	0.3947	0.4363	0.5219	-0.9926	-1.9672	-0.7769	-0.9004	-1.1129	-0.6248	1.4103	-0.5261	-0.6358
-0.2559	-0.3378	-2.9429	-0.5664	-1.6570	0.0697	1.2459	0.3702	1.4206	-0.9355	-0.0322	-3.6718	-0.3069	2.2010	-0.4956	0.2194	0.7956	-0.8254	0.5505	-0.1004	-0.2015	-0.9030	-3.0485	-1.6698	-0.2636	-0.6720	-1.7839	-1.7302	0.6069	0.3650	-2.4403	-4.6632	-0.0379	-1.6807	1.6758	-0.4537	-0.6947	-0.2505	-0.3268	-0.7647	-0.6151	-2.4434	-1.5851	0.6064	0.0142	0.9287	-1.1201	-1.8786	-0.7746
0.6881	1.3651	-1.9787	-0.8539	-1.2631	0.9527	0.6429	0.5485	1.0027	-0.1565	-0.4323	-2.6660	-0.1386	1.8936	-0.9676	-0.5381	0.5189	0.3133	0.3829	0.5833	0.1513	-0.9205	-2.3432	-0.5216	-0.6261	-0.6483	-0.8929	-1.3742	0.1421	-0.1119	-1.3525	-3.8637	-0.7627	-1.0863	-0.1690	-0.1945	-1.0664	0.7096	-0.7742	-1.5550	0.3119	-1.9216	0.0855	0.7154	-0.1090	-0.2469	-0.1187	-1.9647	1.2970
0.6023	0.4094	-0.0249	-0.1879	-0.7528	0.3936	0.7760	-1.0780	0.4187	-0.1597	-0.9189	-1.3296	0.9386	0.0771	-0.0686	-0.9152	0.1383	0.4203	-0.6650	-1.2911	-0.1652	-1.3327	-0.1019	0.4555	-0.4167	-0.1249	-0.3420	-0.6342	-0.0158	0.4691	-0.1897	-0.3303	-1.8562	-0.4236	-0.8252	0.1437	-1.4884	0.9346	0.0701	-0.4581	0.2964	-0.2365	-0.1230	0.0472	-0.2990	-0.4474	-0.1478	0.0691	0.0008
-0.1904	0.0644	0.0989	-0.4892	-0.1595	-1.0423	1.1103	-0.9269	-0.7475	-0.3499	-1.2127	-1.0251	0.4863	-1.0246	-0.2063	0.1914	-0.5772	-0.1601	-1.6776	-2.4149	-1.2110	0.0295	-0.1081	-1.1377	-0.7738	-0.1763	0.5531	-0.7647	-0.5171	0.3579	-0.6157	0.0099	-1.2655	-0.6913	-2.3184	0.3809	-1.6457	0.1967	0.1435	-0.3794	0.7683	-0.3827	0.2605	-0.3129	0.8012	-0.4908	1.0628	-0.3076	-1.5000
-0.8410	-0.8297	-0.2783	-0.3098	-1.8158	-1.4069	0.4522	-1.4918	-0.7493	-0.2894	-1.0457	-2.7829	-0.7971	-0.1813	-1.3302	0.5057	-0.1438	-1.2780	-0.5176	-1.7276	-0.5020	0.5056	-1.1495	-0.2938	-0.6792	-0.9958	-1.0006	-0.6526	-0.7702	-0.2698	-1.5493	-0.7848	-1.1004	-1.3166	-1.8099	-1.1538	-0.6283	0.2490	-0.9419	-1.9309	0.7729	-0.4015	0.2340	-1.1511	-0.0177	-2.3253	-0.2050	-0.4850	-0.8020
0.2113	-0.0668	-1.1995	0.1115	-0.5703	-1.1118	-0.9772	-1.3698	-1.3509	-0.0813	-0.7845	-2.1205	-0.4214	0.0827	-0.1913	0.3338	-2.2820	-1.3021	-0.9130	0.1117	-1.6038	-0.1906	-0.8694	0.0437	-1.5328	-0.8707	-2.3689	-0.8143	-0.9500	-1.2325	-0.7494	-1.5656	-1.8577	-0.0904	-1.2022	-1.8233	-0.8442	0.9699	-0.4175	-1.4697	-0.5380	-1.4738	1.2239	-0.8970	-1.8801	-2.1084	-0.1690	-1.2154	1.3708
0.2955	-0.0992	-0.6590	0.0256	0.0518	-0.9273	-1.0240	0.0858	-1.2323	-1.0549	-0.9237	-0.3371	-0.5249	0.2175	0.4498	-0.2575	-1.1556	-1.3734	-1.6227	0.0187	-1.2413	-1.4146	-0.1844	1.4183	-0.5712	-0.8891	-1.7652	-1.1195	-0.2385	0.1290	-0.8939	-0.2068	-1.0841	-0.5106	-1.1688	-1.9662	-0.9139	0.8006	-1.3868	-0.8361	-2.0629	-1.0363	-1.0508	0.2542	-1.8090	-0.5429	0.2559	-1.2992	0.6698
0.3652	-0.5094	0.9966	-1.6870	1.6082	-1.3474	0.8450	0.2792	0.2374	-0.9858	-1.2722	0.9230	0.1743	0.3561	-0.7369	-0.9045	0.7609	0.0743	-0.6923	0.6390	0.0560	0.6573	0.2056	0.0430	0.0878	0.3082	0.1752	-1.0940	-0.1707	-1.6595	-0.1641	-0.5465	0.7107	-0.3572	-1.0076	-0.0206	-0.8111	0.7498	-0.3305	-1.0177	-1.1515	-0.8776	-1.3652	0.7666	-0.1827	0.0999	0.7103	-0.9538	-0.4323
-0.5817	-1.1755	0.9246	0.4237	1.0527	0.2515	2.0355	-0.8329	2.0031	-0.3516	-0.6061	1.2845	0.4784	0.0255	-0.7311	1.2539	0.7007	0.2253	0.3840	0.9067	2.0512	2.1107	1.3668	-0.5764	0.0629	1.4451	0.4443	-0.5436	-0.5588	-0.9610	0.3119	0.5172	0.7341	-0.1919	-0.2840	0.4988	-0.0927	-0.1836	-0.6350	0.0874	-0.0981	-0.4333	-1.1410	0.4618	0.7825	-1.1726	-0.0072	-0.7875	-1.6036
-0.7439	-0.7056	0.5081	0.8266	-1.2588	0.3796	0.4314	-2.1578	1.3588	1.1660	0.2585	0.3198	0.8535	0.5616	-0.4894	0.1886	0.9432	2.0982	1.1188	-0.1614	1.2565	1.8244	-0.8072	-0.7212	-1.1605	-1.1190	0.5756	-0.4878	0.1697	-1.6712	0.3743	0.6055	1.0311	0.7686	-0.0501	0.2719	-0.7984	0.1136	0.0698	-0.8686	0.7234	0.1487	0.6756	-0.1783	-0.0935	-1.9410	-1.0112	-0.7237	-1.0097
0.7506	0.6235	0.0338	0.6089	-0.5679	0.2261	-0.0940	-1.9152	1.0501	0.5416	-0.9953	0.2076	0.7155	0.8240	0.4074	0.9109	-0.6497	0.5833	0.8738	0.8899	0.2950	-0.0305	-0.8300	-0.3834	-1.6914	-1.2700	-0.5621	-0.6047	0.6691	-1.1235	1.1903	0.9379	-0.1680	1.4334	-0.1702	-0.9635	-1.0717	-0.1693	-1.3207	-0.7850	0.1422	0.0994	1.3310	1.1861	0.0518	-0.4642	0.8625	-1.1844	-1.0000
1.9403	-0.3444	0.3890	0.2248	-0.6561	1.1567	0.6195	-1.7435	1.1195	0.6988	-1.3698	1.1810	0.2693	1.4935	0.0114	-0.4958	-0.2605	0.2836	0.5256	0.4138	-0.4158	-0.5881	-1.3341	1.7341	-0.5575	0.0903	-1.3798	-1.1954	0.9449	-0.5068	1.0761	0.5139	0.0415	1.0426	0.5535	-1.1063	0.4359	1.2409	0.0577	1.3354	-0.1187	0.0096	0.6510	0.1510	-0.9396	-0.8269	1.5528	0.4589	0.2827
1.3558	-1.7965	0.6513	-0.5481	-0.4394	-0.2137	2.0877	-1.6986	1.0881	-0.8299	-1.6859	-0.1296	-0.2421	1.2583	-0.8631	-1.5213	0.7438	0.3997	1.6116	0.6383	1.1710	0.9363	-0.8931	-0.2156	-0.3261	0.4804	0.4964	-1.3750	0.8233	-1.3809	0.5753	-1.1476	-0.6018	-0.2201	1.5906	0.3671	1.2046	0.0120	0.6115	1.2738	-1.5800	-0.9126	-0.9372	0.1182	-0.1716	-0.9082	0.4773	0.3692	0.0542
0.4453	-2.2079	0.4130	-0.2642	-0.8561	1.0322	2.2467	-1.3279	1.0616	0.7910	0.0811	0.6015	-0.2766	0.7747	-0.8316	-1.0857	1.6836	1.5020	1.9514	0.6067	0.0313	1.1587	-1.6357	-0.4516	-0.8715	-0.4020	0.5670	-0.5863	0.6557	-1.1094	-0.5508	-0.8143	-0.1253	-0.4908	0.6391	-0.3607	0.1701	0.0922	0.0292	-0.6222	-1.1554	-1.0047	-0.2353	-0.7029	-0.5964	-2.0607	-1.3967	-1.9232	-0.8546
1.4145	-0.0742	-0.5002	-0.6574	-1.0179	1.6771	0.2151	-1.6328	-0.3956	-0.0581	1.1511	-0.6674	0.0431	0.3242	-1.1123	-0.5609	1.2051	0.3607	1.4748	2.2132	0.0980	0.2378	-1.3890	-0.5352	-1.5594	-0.2072	-0.3411	-0.3278	0.7408	-0.8344	-1.2997	-0.5979	-0.8283	0.3395	0.6018	-1.2162	-0.5637	0.9628	-0.1896	-1.7630	-0.7569	-1.6471	0.5742	-1.1780	-1.3293	-1.0277	-0.9364	-2.0770	-0.7819
1.7595	1.2435	-1.3436	-2.2837	0.1972	1.0992	0.0719	-1.4983	0.0586	0.2236	0.1800	1.5768	-1.3788	0.6165	-0.9738	-0.5031	0.7561	-0.0677	-0.0859	1.0880	0.2251	-0.4738	-0.8769	1.2923	-0.9325	-0.1229	-0.3374	-1.2982	0.3875	0.0074	-0.0721	0.7496	0.2618	0.6486	-0.0201	-2.0130	-0.7670	1.9020	0.2919	0.1653	0.6552	-0.7749	-0.2822	-0.8552	-1.3602	0.3243	0.5167	0.3055	-1.0263
0.8101	0.4569	0.4467	-2.2738	0.3204	-0.9981	0.2567	-1.0528	1.0206	0.2888	-0.7374	0.6942	-1.3076	0.1190	-1.2494	-2.1551	0.2169	0.4964	0.4655	-0.2729	1.1759	0.1104	-0.3913	1.3455	1.9958	0.7913	1.5450	-1.1553	-0.7868	-1.1882	-0.0661	2.9669	0.9093	0.4513	0.8973	0.3447	0.1340	1.1783	-0.3913	1.3533	0.7488	0.2223	-0.9247	-0.0882	0.7858	-0.2734	0.3829	2.0546	-0.5706
0.5018	-1.5077	1.9662	-1.1807	0.9282	-0.4927	0.7172	-1.2191	0.5626	1.0177	-0.8245	0.0409	-0.5106	-1.4678	-0.0402	-0.8560	-0.9919	1.1396	-0.4645	0.0492	1.6812	1.3865	0.6319	0.4088	2.6602	0.1713	1.3456	-0.7796	-0.8421	-1.3896	1.3211	1.4746	0.3463	-0.0652	0.7146	1.0043	0.1605	-0.9294	-0.4755	0.0525	-0.0752	1.2374	-0.6390	-0.5520	0.8893	-0.2592	-0.3446	1.3261	-1.7375
0.5554	-2.1236	1.1765	0.2340	0.7281	1.1814	-0.1597	-1.1243	-0.6883	-0.1234	-0.2746	0.6955	0.1371	-1.6053	0.0289	0.7581	-1.1372	0.3639	-1.4543	-0.1554	0.6073	1.0095	0.0885	-0.5706	0.8536	-0.3034	-0.2698	0.1790	-0.6901	-0.4286	-0.0508	0.0935	-0.2681	-0.0911	-0.4971	-0.6940	-0.6730	-0.7919	-0.4848	-2.2802	-0.2400	1.1872	-0.0853	-1.3073	-0.3549	-0.9736	-1.2352	0.0591	-1.8455
1.3706	-0.0120	-0.2058	0.2224	0.1350	0.3713	-0.4013	-0.3280	-0.9325	0.6310	0.0492	0.5645	0.9404	-0.2687	-0.0161	0.3338	-1.8050	-0.2096	-0.6237	0.1945	-0.8362	-0.0900	-0.0034	1.3049	-0.3362	-0.7936	0.1172	0.2008	-0.7692	-1.3216	0.4618	-0.3540	-1.6838	0.6900	0.2250	0.5101	-1.6187	0.4138	-0.0234	-0.5555	0.0005	0.0337	1.1844	-0.7336	0.7430	0.3916	0.5709	0.0902	0.7114
1.1252	-0.1998	-0.1599	1.7135	-0.3190	-0.2108	0.3085	1.5123	1.0355	0.7824	-1.5056	-0.4348	0.9530	1.1284	0.9762	0.0257	-1.3025	-0.8018	3.4041	1.5910	-0.8464	-1.5423	2.4913	2.1007	-0.7485	-1.9913	0.4458	1.3659	0.3462	0.2135	-0.4300	0.6527	-2.8577	1.7877	1.0166	-0.1686	0.0008	0.6394	1.0796	1.0727	-2.1462	0.6299	0.4445	0.9575	0.7567	2.6011	2.3024	1.6783	3.8147
2.8681	-0.5025	1.0994	-1.2429	1.1610	-1.2938	-0.7673	4.7772	1.0698	-1.1797	-1.8266	0.8884	0.5773	0.7568	0.1932	-0.7745	-1.3011	0.3213	2.3100	-0.3442	-0.1235	-1.1934	-1.3064	-2.5326	-1.5586	-1.1984	0.6558	-0.3154	0.2884	-0.6539	0.3869	0.3160	-0.5856	0.2707	0.3126	0.2424	1.0197	0.9344	-0.1235	-0.2918	1.5067	0.5431	1.9081	1.5660	-0.9020	0.4286	2.4225	1.4990	2.3408
-0.5016	-1.9244	0.8216	0.5308	0.7961	-1.0246	-1.9434	1.8825	-0.0538	-1.6865	0.9278	-3.7256	-0.4887	-0.7491	0.3841	1.2999	0.0224	1.5398	0.9998	-0.7860	1.2696	-0.1585	-0.4519	-1.5345	-0.1105	-0.1313	0.0770	2.3899	0.2102	1.2158	-1.7844	-0.2458	-1.1622	-3.0735	0.3884	0.1384	0.5763	-2.1456	-1.4516	1.0099	-0.4543	1.1645	-0.4545	1.7382	0.0357	0.2908	0.3945	1.7445	-0.6235
-1.2843	0.4357	1.5156	2.9255	1.2464	1.4829	-2.8615	1.4566	-0.6910	-0.7007	1.8723	-2.1189	0.5890	-1.6834	1.0593	2.3693	-0.4321	1.1094	-0.8259	-0.3838	0.5708	1.1639	1.2023	-0.5290	1.3912	2.8797	0.8371	3.7125	-0.8594	3.5614	-1.4871	0.2623	0.4355	-1.6127	-0.7429	0.3983	0.6762	-1.6954	-1.4434	1.2444	0.7260	1.8811	-1.0119	0.1059	0.0888	0.2066	-0.7196	2.2021	0.8076
-1.7321	1.5781	-0.1628	-0.1433	-0.1071	-0.1998	-1.8697	0.6331	-1.4416	0.6449	2.7126	-1.4011	-0.8136	-1.8647	0.7080	-0.5115	-1.5021	-0.8539	-1.0972	-0.1901	-1.3434	-0.0116	1.7497	-0.5537	0.8831	0.1684	1.4727	1.7474	-1.6299	1.3805	-0.6094	-1.1695	0.5898	-0.8606	-0.2336	-0.6311	0.8952	-0.5525	-1.1817	0.5951	0.4323	2.0037	-0.5634	-0.4230	-0.1057	0.5765	-1.5461	1.5209	2.2488
-1.3337	0.3258	-1.0517	-1.5521	-0.8904	-0.9966	-1.1544	0.7729	-0.3280	-1.1148	1.2326	0.8877	-2.8812	-0.4059	-0.1606	-1.1009	-0.0270	-0.7463	-0.2186	-0.4431	-0.8373	-1.4382	1.1864	0.4167	1.3443	1.0795	1.6990	-0.9177	-1.2213	0.4513	-0.1688	0.6616	0.5723	-1.3198	1.3517	-0.7433	-0.5572	-0.8693	-0.1016	1.1955	-0.6495	2.3766	-2.0354	1.0023	-0.3125	0.7728	0.7650	1.6718	0.9921
0.0550	-0.7952	-1.4807	-1.3573	-0.6615	-0.9334	-0.2855	-0.3684	0.3107	-1.7766	-0.7305	1.0995	-1.3506	0.2410	-0.3172	-1.1280	1.0508	-1.1624	0.0590	-0.0827	-0.1074	-1.4857	0.7839	-0.7939	0.4834	3.2622	1.2462	-0.8865	-0.6214	-0.2819	-0.9935	0.8787	-0.1919	0.0206	1.0012	1.1407	-0.6049	-0.1976	-0.0409	1.1483	-0.8987	-0.6154	-1.4693	1.0565	-0.0747	0.4665	-0.7198	0.1580	0.1296
-0.7576	-0.7823	0.3399	-1.1201	-1.0831	-0.0647	-0.1053	-0.4771	0.3558	-1.8050	0.9784	0.1250	-1.8577	0.8842	-0.3724	0.6027	2.5142	0.4097	0.5457	-1.4862	1.6143	-0.0571	-0.2983	-0.8894	0.0828	1.8147	0.0497	0.8059	0.4466	-0.4482	-0.7808	-0.2749	0.7111	-0.3331	0.6905	1.4753	-0.5696	0.1371	0.5677	1.2212	1.0480	0.0687	-0.4134	-0.1853	0.9210	-0.4853	-1.5401	0.2185	-0.4157
0.9851	1.3947	-0.4827	1.0713	0.1831	0.3629	-0.4669	0.0763	-0.0101	1.0723	1.3828	0.6547	-0.0598	1.1293	0.9153	1.7589	-0.6473	-1.2759	-0.9041	0.2102	0.4220	-0.7952	-1.1717	-0.6334	-1.4304	2.2638	0.0032	2.1488	0.4917	0.4865	0.1008	0.4804	-0.3381	1.6431	-1.4173	-0.9042	-0.7573	0.9061	-0.4265	0.5456	1.1433	-0.8782	0.9726	0.2132	0.3637	-0.1232	0.8276	-0.7253	0.9028
0.4103	1.4606	1.5263	2.1965	1.5707	0.7141	-0.6387	-1.2221	0.9145	2.2297	0.3469	0.5955	1.0093	0.8525	1.9062	1.3299	0.3830	0.8275	-0.8776	0.2768	0.3429	0.5181	-0.5255	0.3141	0.0108	1.7732	1.0023	1.2299	1.0534	0.8086	3.0811	0.4539	0.6763	0.5489	-1.4361	0.0511	-0.5162	0.4729	1.3213	0.4161	0.6937	0.5538	0.0043	0.5587	1.0756	0.2203	1.6972	0.8511	-0.0400
0.0314	0.7299	-0.0507	1.5528	1.6921	0.0196	-0.2698	-1.9887	1.6191	0.8571	-0.9573	-0.0033	0.4665	0.4480	1.4819	-1.4250	0.3811	1.3286	-0.0096	0.4371	0.3616	1.3569	0.5770	-0.5776	0.8193	0.6391	1.0537	0.0099	0.9121	-0.2002	2.0330	0.1699	0.9696	-0.3430	-0.7955	0.7604	1.1809	-1.4873	1.2932	-0.1353	-0.4787	0.4506	0.4820	1.1306	1.2495	-0.0082	0.0541	0.7656	-0.2566
0.0479	-0.2473	-0.2971	1.4427	0.6738	1.5946	-0.0721	-1.0880	1.3089	-0.3650	0.8740	1.1828	-0.0242	-0.4619	-0.0833	0.4594	0.6049	1.5030	0.6904	-0.3649	2.3589	1.4413	1.0853	-0.0341	0.2194	-0.7911	-0.1411	0.2693	1.1803	0.3950	0.9794	-0.2415	2.5346	-0.1073	2.0813	1.3074	2.0418	-1.7464	0.6345	0.7157	0.9357	0.6247	0.2332	0.9860	1.1685	0.4507	-1.8225	0.2580	-2.0276
0.6226	-0.0369	-1.6190	0.1415	0.9330	0.3875	-0.8960	0.9652	0.1328	1.3100	0.7371	0.0657	-0.9709	0.3039	-1.1572	0.3911	-0.6462	-0.2007	1.1616	1.1966	1.6513	-0.1136	-0.3982	0.8525	-1.0961	-2.5207	-0.2658	0.7108	1.3981	-0.8146	-1.3054	-0.8862	0.9650	1.6475	1.7218	0.1758	2.4537	-0.6781	0.6137	-0.0380	-0.8527	-0.3786	0.0034	-0.1843	0.0937	0.5454	-0.6961	-0.5056	-0.7889
0.5994	0.7763	0.5576	-0.3082	0.0264	-0.2054	0.2230	2.1166	-1.2252	1.8088	-0.2857	0.8343	-0.5003	-0.2064	-0.3430	-0.3466	0.1489	1.1376	-0.6175	-0.3230	-0.2372	-0.0881	-0.3581	2.1694	0.4764	-1.0391	0.3039	-0.1291	0.2952	0.4470	-0.0671	1.0942	1.6106	1.0302	0.2422	1.0955	1.7226	0.1280	1.4549	0.5577	0.0765	0.4582	-0.4736	-0.6460	0.0347	1.2195	1.2839	0.7325	-0.1376
-1.2104	0.5725	-0.2521	0.6601	-0.6272	-0.4473	0.9397	1.0412	-1.3811	-0.8606	-0.7472	-0.5988	0.4530	-0.2303	0.4884	-0.9124	0.7151	-0.8308	-0.6311	0.5106	-1.9545	-0.0360	1.3346	-0.3248	0.1690	-0.3333	-0.0947	-0.0298	-0.7376	2.4735	1.3368	0.3011	-0.9995	-0.6041	-1.4512	0.6539	1.1283	-0.1035	1.3039	0.3934	0.1706	0.0073	1.1510	-1.1759	0.3710	1.3656	0.7609	-0.0297	-0.0905
-1.1474	0.7908	0.1795	-0.5698	-0.4365	0.9552	2.8555	0.3812	-1.8734	0.3621	0.8717	1.5848	-0.1771	0.0931	-0.4426	-0.5973	0.6635	0.0407	-0.0871	-0.4403	-1.9484	0.6708	0.2685	-0.6414	-0.0946	-0.3981	-1.5706	-0.3743	-0.4883	-0.1235	1.6574	0.1341	0.8713	0.5492	-1.0104	-0.0215	-0.2563	0.0207	0.7043	-0.3073	1.0476	-0.4755	1.5038	-0.8355	-0.7158	-0.3902	-0.2884	-1.7862	-0.0500
-1.0855	0.5803	-0.7546	-0.6324	0.4982	0.1677	-0.4487	0.6546	-1.1866	-0.2152	1.1522	-0.5287	1.4287	-0.9268	0.4615	0.1048	-1.3181	-1.3430	-0.6294	0.4245	-1.1325	-0.7956	1.1281	0.6683	-0.4641	-1.0191	-0.0449	0.8965	-0.4773	-0.6394	0.4986	-0.6782	-1.1491	0.9903	0.1467	-0.5582	-0.7024	-0.2256	-0.9234	-0.8295	-0.4731	-0.8096	1.0111	-0.2358	-0.1606	0.9028	0.0336	-1.3607	0.7808
-1.3403	0.2255	0.0227	0.3744	-0.4437	0.1308	-0.7744	0.7653	-0.7759	0.9571	0.4444	0.0715	1.6142	-1.4241	0.3054	0.5314	0.1943	-0.5652	-1.4749	-0.4779	-1.3837	-0.4755	0.3169	1.3043	0.7281	-0.8815	-0.2241	0.1303	-0.9654	0.2278	0.0880	-0.5082	0.3687	-0.3102	-1.1214	-0.9015	-0.7799	1.2507	-0.0443	-0.4538	0.6438	0.4297	0.9702	-1.1903	-0.5117	0.1747	0.2996	-0.1108	0.4879
-1.4132	-0.5189	0.4446	0.3640	-0.9264	-1.1082	0.4837	0.5986	0.2711	-1.2751	-0.3095	0.2576	1.0281	-1.5323	-0.6557	0.4641	1.3336	-1.0473	-0.4344	-0.4201	-0.5508	0.1705	0.4991	-0.1087	2.0849	0.1428	-0.5240	-0.3409	-0.5551	0.4235	-0.9705	0.5906	0.8565	-0.2624	-0.2873	0.5249	-0.1882	0.2920	-0.4491	-0.5717	0.4186	0.4566	-0.2539	-0.5398	0.4887	-0.1249	-1.3593	-0.5644	0.0524