IC05	IC08	IC09	IC15	IC16	IC17	IC18	IC19	IC20	IC23	IC24	IC26	IC27	IC29	IC31	IC33	IC36	IC37	IC38	IC41	IC42	IC43	IC44	IC45	IC46	IC47	IC48	IC49	IC50	IC51	IC54	IC56	IC58	IC60	IC62	IC63	IC64	IC65	IC66	IC67	IC68	IC69	IC71	IC72	IC73	IC74	IC75	IC76	IC77
-0.6720	1.1427	0.3155	-1.6299	-0.7027	0.2169	-1.5852	-1.4128	-0.9816	-0.1550	-1.0693	-1.0300	-1.0371	0.2306	-0.4018	-1.2312	0.3832	1.3001	-0.2401	-0.3816	0.9024	0.0534	0.0264	0.5957	-0.0036	0.4000	1.2272	0.0628	-0.4163	-0.6648	-0.4245	0.5500	-0.4819	-1.0128	0.9238	-0.1421	-0.7094	-1.0858	-0.6451	-0.1707	-0.1203	0.4984	-0.5929	0.0583	0.0979	0.3802	-1.9010	1.0998	0.8153
-0.7964	0.0171	-0.9111	0.2941	-0.3310	1.4977	-0.7783	-0.9398	-0.1418	0.8000	-0.8140	-0.6483	-1.1277	0.6334	-1.0359	0.8570	0.2248	1.0534	0.3210	-0.4944	0.7901	0.3116	-0.0581	0.3127	0.2527	-0.2085	1.0410	-0.0855	-0.0637	-1.0879	0.6506	0.2232	0.0222	-0.5034	1.0256	-0.2444	-0.1369	-0.8472	-0.4846	-0.0614	0.3383	0.7261	-0.2893	-0.0863	0.2546	-0.2676	-1.0842	0.6538	0.2947
-0.8536	-0.8991	-1.2249	0.5145	0.6283	1.3049	0.9594	1.2673	-0.3853	0.4346	1.0036	-0.3688	-1.8498	0.7125	-1.9536	0.4430	0.2215	0.3547	0.6902	0.9740	-0.2159	-0.0206	-0.4780	-0.2665	0.2188	0.0407	-0.4696	0.2812	0.2519	-0.9658	0.7910	-1.2075	0.0850	0.2305	0.3605	-0.3581	0.3699	1.0042	0.0928	-0.0258	-0.5206	0.9621	0.6068	-1.0859	-0.1250	-0.8624	-0.5667	-0.1796	-0.0304
-0.2754	-0.4949	-0.8985	-0.0320	0.3758	1.4699	0.3406	-0.0488	-0.1744	-0.0600	0.4740	-0.2570	-1.4938	0.5244	-2.0971	-0.2127	0.0178	0.0792	0.6170	1.8876	-0.1836	0.1197	-0.6025	0.1704	0.3260	0.9505	-1.4187	-0.1604	0.5443	-1.1436	1.1101	-1.1223	0.4598	0.4205	0.0257	0.0223	-0.4673	1.6922	-0.4360	-0.2587	-0.5592	0.8640	0.9807	-1.2492	-0.1945	-1.1080	-1.1267	-0.8946	-0.8547
0.3411	0.7242	-1.3159	1.0105	1.2906	0.8499	0.2353	-1.4862	1.6535	1.3051	0.9624	0.9148	0.4302	0.3703	-0.1556	0.5629	-0.2967	0.9591	0.8513	2.5892	0.1655	0.5479	0.9577	-0.0263	0.9142	0.8944	-0.6341	-0.2271	0.8023	-1.2566	1.6785	1.0986	1.6243	1.6017	-0.0226	0.1537	-1.5874	1.1297	-0.0062	0.6994	0.0206	-0.0607	1.6297	-0.2198	0.0904	-0.2470	-1.1141	-0.4791	-0.5895
-0.2802	0.3504	-0.9612	1.0277	1.1928	0.8968	1.6553	0.9534	2.2845	1.7741	0.8065	1.9165	-0.2195	0.5837	0.1301	1.0263	-0.3003	2.4117	1.5485	2.0356	0.4956	1.6898	1.6061	0.3265	0.7389	0.2013	0.0029	-0.0139	1.6906	0.3543	1.3160	0.7143	2.7117	1.8803	0.6408	-0.7712	-0.2101	0.3852	0.7782	1.2699	0.1915	0.7469	1.0198	1.0543	-0.2364	0.4984	-0.0310	0.2669	-0.0080
-1.2907	-0.4035	-0.4382	0.2896	0.5510	-0.5032	0.9743	2.6679	2.0311	-0.4056	-0.3042	1.4747	0.0207	-0.0976	-0.5190	-0.1763	-1.1887	0.9816	0.8666	2.4322	-0.9731	0.8643	1.8665	0.9361	0.2854	-1.1158	0.2076	0.8274	0.6542	0.1541	0.5931	0.9382	1.5085	2.2401	0.3196	-2.0453	1.7962	-0.7881	0.8167	0.6694	0.3594	0.4424	0.7509	0.8021	-1.2803	0.9247	1.3491	0.9410	0.8345
-0.6407	-0.1884	0.2379	0.2272	-0.0870	-0.7772	-1.7604	0.0096	2.2914	-0.8949	-0.5907	-0.3472	0.8230	-0.5725	-0.1207	-0.9597	-0.3779	0.2724	0.9491	2.1620	-0.1748	0.0281	2.7348	2.1309	0.1799	-1.2023	0.1149	1.8528	0.3681	0.5811	0.0479	2.3460	-0.5400	1.8555	0.2725	-1.8675	1.1273	-1.1941	0.5820	0.5920	1.5484	-0.3035	-0.0137	0.3923	-0.5197	0.4969	1.2141	0.3712	1.3509
-0.0127	1.6329	1.4797	0.5264	0.6957	-0.8970	0.5135	-0.2627	1.4733	1.7137	1.3518	0.5450	0.2949	-0.0202	1.9934	-0.8872	-0.8268	0.1320	0.4648	0.7054	-0.3588	0.1814	1.9085	1.0175	0.1532	-0.7318	0.0216	1.0959	0.9104	1.0445	0.7003	1.3464	1.1146	1.7738	0.1408	-1.2931	-0.0586	0.3585	0.5435	1.3524	1.2510	0.3483	-0.1420	0.2356	-0.2624	0.8931	2.1148	0.4003	1.6415
0.1356	-0.0747	2.2542	0.0846	-0.2367	-1.6882	0.6210	0.5368	0.5879	0.1826	0.9688	0.3150	1.1259	0.2762	1.4225	-0.1726	-1.7536	-0.4880	0.8018	-0.8677	-0.9175	0.5186	0.5535	0.8980	-0.7637	-1.0591	0.2226	0.7839	0.3002	0.7805	-0.2223	-0.2027	1.2903	0.0410	0.2353	-1.1152	1.4026	0.3233	-0.2502	0.6566	1.1551	-0.3359	0.2756	0.7120	-0.8351	-0.4201	0.9149	0.6343	1.7656
0.6922	-1.6259	1.5352	0.3422	-1.3886	-1.2678	-0.9124	0.3806	0.4281	-1.0083	-0.3155	-1.2627	1.7945	0.5972	0.6905	-0.7366	-1.6143	-1.0889	0.4889	-2.4953	0.3493	-0.2682	-0.1513	1.0221	-1.7338	-0.3595	0.5127	0.4121	0.6277	0.6117	-1.2013	0.2607	-0.4465	-1.6449	1.1007	-0.8045	1.1816	-1.0020	-1.2829	1.3750	-0.0921	-0.8443	-0.3748	0.9736	-1.0397	-1.8326	-0.7469	0.4731	0.0502
0.6627	-1.2268	0.4128	0.4324	-0.6608	-0.1716	-0.6832	0.4150	-0.1360	-0.3302	-0.5522	-1.1465	0.9373	0.9085	0.8225	-0.1577	-0.4617	-1.2819	0.2318	-2.3468	0.4302	-0.1112	-0.5512	-0.8950	-1.2362	0.6591	0.9466	-0.3201	0.4553	0.1112	-0.7632	-0.2241	-0.8170	-1.4449	1.1483	-0.3122	-0.5471	-1.1051	-0.8085	0.5709	-0.7050	-1.4651	-0.5852	1.4500	-0.5254	-1.0464	0.6365	0.0810	-0.8509
-0.1455	-1.0617	-0.1568	-0.6028	-0.6793	0.0543	-0.0671	0.0794	-1.1934	-0.7994	1.0293	-0.6175	0.6670	0.2596	-0.5997	0.6099	-0.0337	-1.2007	-0.1778	-2.4676	0.4691	-0.0991	-1.7259	-2.5489	-0.3339	0.2359	-0.3414	-0.5078	0.3280	-0.2752	-0.7947	-1.8251	-1.8504	-1.3666	0.1975	-0.2093	-0.3049	0.9095	-0.0975	-0.8607	0.3689	-1.9898	0.1415	0.4521	-0.3230	-1.0393	0.5966	-0.2396	-0.3605
0.4543	-0.8703	-0.2323	-0.8754	-0.7212	0.3172	-0.4353	-1.0253	-1.1864	-1.7785	0.0413	-0.8180	-0.3861	-0.1290	-0.9698	0.6086	-0.1397	-1.8559	-1.3253	-1.6885	0.6338	-0.7179	-1.9718	-2.1860	0.0199	0.8383	-0.7647	-0.5525	-0.0925	-0.7208	-0.5448	-1.2941	-1.9536	-1.3438	-0.9556	0.4124	-0.4521	1.3233	-0.2323	-1.5336	0.2882	-1.5737	0.1052	-0.6372	0.2780	-0.9357	0.1878	-1.2511	-0.5909
0.9139	0.2555	-0.2821	0.4435	0.1798	0.7564	-0.0289	-0.2779	-1.1895	-0.1839	0.7342	-0.3507	-0.3144	0.1772	-0.3140	1.2055	0.8688	-1.0575	-1.3188	-0.3894	0.7374	-0.4494	-0.7848	-0.8471	0.5518	1.2932	-0.5079	-0.6900	-0.5034	-0.9911	0.5385	-0.9348	-0.3566	-0.1400	-1.7311	0.7937	-1.6865	1.5128	0.4049	-1.4824	-0.3829	-0.5390	0.9043	-0.5805	1.5064	-0.0575	0.5804	-1.5471	-0.5440
0.5966	0.0403	-0.7176	-0.1047	0.3432	0.1325	0.4237	0.4687	-0.0919	0.6305	0.6670	1.8772	-0.6607	-0.2224	-0.3642	0.5417	2.0874	-0.2010	-0.3475	-0.2894	0.0771	0.3284	-0.0970	-0.1594	0.6901	-0.3193	-1.1513	-0.8689	-0.6752	-0.6601	0.7855	1.3710	0.3627	-0.4317	-2.2281	0.6657	-0.3006	1.6744	0.8633	-0.8328	-0.7138	-0.2671	0.8140	0.4640	1.4847	0.8445	0.8181	-1.5340	-1.2946
0.6083	-0.9160	-0.3566	-1.0307	-0.8406	-1.1043	-0.5774	0.5508	-0.0109	-0.1897	-0.5167	0.1171	-0.8416	-0.2651	-1.2123	-0.5584	2.9036	-0.5794	-1.0319	-0.8543	-0.5324	0.3824	-1.4830	-0.5310	-0.2077	-1.7305	-0.8911	-0.4893	-1.0383	-0.2569	-0.1273	0.8469	0.0929	-1.7245	-1.3949	1.2906	0.3694	0.4638	0.7530	-0.9949	-1.2751	-0.7642	0.5157	0.7673	1.3307	-0.8736	-0.6532	-1.9291	-1.8736
0.3548	-0.2972	-0.3609	0.5524	-0.0107	-0.1803	0.0234	0.2391	-0.6051	-0.4686	-1.0549	-0.5707	1.7033	-0.7573	-0.1687	0.7835	1.7266	0.1467	-1.5463	-1.0302	-1.3190	0.9541	-0.7653	0.1449	-1.0467	-0.3744	-0.3681	0.1165	-1.5212	0.1142	-1.0939	0.5677	-1.1604	-1.5301	-1.0548	1.7635	-0.2555	-0.7870	0.6913	-0.8919	-1.2046	-1.0733	-0.3891	0.3825	0.9117	0.0289	-0.3198	-1.0001	-0.2622
-1.0306	-0.0001	-1.1971	0.2795	0.3827	-0.3602	1.5500	-0.2673	-1.1004	-0.3509	0.4069	-1.2196	2.9405	-1.5562	0.3171	1.1569	0.0658	0.9974	-2.1564	-2.0540	-1.7094	0.6144	-0.1098	-1.4080	-1.4448	-0.1805	-0.1315	0.7420	-1.5920	1.1767	-2.2752	0.8299	-1.4353	-1.5442	-1.5376	2.0670	0.7757	-0.0140	0.3883	-0.6397	0.4964	-0.7098	-1.1775	-0.6475	0.3099	0.1980	-0.7306	0.2196	1.0952
-0.8065	-0.1288	-0.6078	-0.2450	0.3172	-0.3724	0.5357	0.3634	-1.6896	-0.0345	1.0066	-0.8993	1.9487	-0.6295	0.6606	0.0343	-0.1137	-0.3486	-1.5754	-1.0308	-0.9857	0.0495	-0.5853	-0.7454	-1.0717	0.2483	0.6337	-0.1369	-1.2926	1.2814	-1.1905	-0.0762	-0.3976	-1.5343	-0.5567	1.8584	-0.3933	0.3182	-0.3882	-0.1441	-0.4768	0.0149	-1.9894	-0.8585	0.6112	0.1309	-0.2909	-0.1080	1.2379
-0.5870	-0.6170	0.2311	-0.6064	-0.2464	-0.9872	0.4044	-0.0531	-0.6315	-0.0464	0.3669	0.1745	-0.5880	-0.5913	1.3401	-1.0407	0.9937	-0.2538	-1.1310	-0.6700	-0.8718	-0.3804	-0.1395	-0.1520	0.5721	0.2789	1.0392	-0.2078	-1.0973	1.2223	-1.0147	0.1226	-0.1935	-0.8861	0.5175	1.0367	-0.0038	-0.5349	0.2594	0.5780	-1.3898	0.8731	-1.6916	-0.6190	0.2785	0.0781	1.0579	0.7035	-0.1774
-0.5073	-0.7356	-0.3164	-0.7615	-0.8914	-0.8390	-0.1428	-0.0561	-0.4384	-0.7163	-0.4111	0.2818	-0.8157	-0.5250	0.5901	-0.8619	0.8789	0.4970	-0.5994	-0.7692	-0.6969	-0.2287	-0.4961	0.3115	0.4888	0.5229	1.2705	0.3697	-1.1057	1.6513	-1.0328	-0.2317	-1.9271	-0.5736	0.0194	0.3099	0.3968	-1.3304	0.8440	0.4957	-0.8298	0.6278	-1.0115	-0.4713	0.1312	0.2007	0.3581	1.3548	-1.5067
-0.1470	-0.6845	-0.1542	0.7626	-0.6414	-0.4035	-0.2155	-0.8182	-0.6578	-0.8402	-1.3419	0.1142	0.2606	0.3902	0.5149	-0.5301	-0.1137	-0.3093	-0.4987	-0.5768	0.3712	-0.6480	-0.7891	-1.0743	-0.3661	0.0508	1.3402	-1.0716	-0.7358	0.7869	-0.2258	-0.1837	-1.1010	-1.1129	0.5408	-0.1180	-0.8495	-1.5892	-0.6527	0.1878	-0.4655	0.2861	-1.1699	-0.1617	0.4509	0.3048	-0.7915	0.5559	-1.3252
0.1503	-0.5333	0.6004	1.1685	-0.4550	-0.2139	-0.3119	-0.7897	-0.5632	-0.6526	-0.1924	0.0651	0.5766	0.4196	-0.2524	-0.7009	-1.1018	-1.0976	0.3679	0.6499	-0.0081	-1.4923	-0.9845	-1.3015	-0.8388	-0.2495	-0.7046	-2.2371	-0.0674	-0.9547	0.4913	-1.7592	-0.2408	0.2840	1.1971	-0.0644	-0.4838	-0.1827	-1.4060	-1.3559	-0.7703	-0.2957	-0.3116	-1.3185	-0.9098	0.0023	-0.3745	0.1554	0.2794
0.0674	-0.5544	0.2232	-0.0053	-0.6203	-1.2543	-1.5751	0.4999	1.0076	-0.8200	-0.9053	0.8971	-0.8100	0.2066	0.2327	-0.4647	-0.9794	-2.6145	0.8927	0.8327	-0.1311	-2.4765	-0.5738	-0.7391	-1.1210	-0.7761	-2.2752	-2.7435	0.8584	-1.3029	1.3498	-0.3545	-0.9675	0.1828	1.4833	-1.1248	0.1587	-0.7534	-2.1028	-0.8910	-1.3253	-0.8088	-0.9501	-1.2069	-2.3596	-0.0307	1.1093	0.6024	-0.1032
0.2131	-0.4922	0.1687	-0.7840	-1.2537	-1.2955	-1.4351	-0.0477	0.8767	-1.1304	-1.3660	-0.4260	-0.9176	0.1995	-0.2092	0.3996	0.4235	-2.2570	1.0879	0.2091	0.0486	-1.7819	-1.4985	-1.1955	-0.2042	-0.5028	-0.8824	-1.8325	1.1473	-0.8178	0.9170	-1.5519	-0.6752	-0.0542	1.4638	-0.3462	-1.0695	-1.4914	-1.2071	-0.4154	-1.9268	-0.8662	-1.4352	-1.1009	-1.5933	-1.7212	-0.4213	0.4866	-1.6486
0.9366	-0.1936	-0.2896	0.3168	0.3535	0.8153	-0.4083	0.3813	-0.0425	-0.9282	-2.7654	0.7775	0.0788	-0.2760	0.1446	1.8411	-0.2772	-1.1441	1.2539	0.3277	-0.0467	-0.9261	-0.4170	-0.3311	0.6261	0.2628	-0.2504	-1.2137	0.7386	-0.7064	0.5986	-0.5237	0.3343	0.2214	0.5684	-0.1084	-1.2743	-1.5647	-0.1154	-0.0812	-1.0192	-0.1453	-1.0359	0.1339	-0.7867	0.0235	0.5227	0.0146	-1.6207
0.3944	-0.0277	0.1318	0.5979	1.2528	1.3431	-0.4503	-0.8701	-0.8236	0.2846	-2.6701	0.4962	-0.3730	-0.4649	0.3168	1.0398	0.6223	0.2506	0.4186	0.7829	0.1798	-0.7526	0.2274	-0.0051	0.9011	1.0632	0.1557	-0.4154	0.0435	-0.3647	0.0397	-0.0379	0.2195	-0.0514	-0.3549	0.1884	-0.5859	-1.3208	0.1174	-0.2858	-0.1477	0.5334	-0.4398	0.2786	0.3843	0.7660	0.6363	-0.5085	-1.4364
0.2837	0.2600	0.8703	1.2615	1.4186	1.2326	0.8550	-0.8999	-0.7339	1.3671	-0.0767	0.3123	0.0802	0.1352	0.6385	0.6392	1.2246	0.7247	-0.7015	-0.1259	0.9596	0.3017	0.2623	-0.4966	1.2493	0.0533	-0.0710	0.2775	-0.4116	-0.2130	-0.3711	-1.4009	0.9461	0.3483	-0.4393	1.1024	-0.2611	-0.1105	0.3497	-0.0263	0.2477	1.1324	1.3459	-0.7942	1.7333	0.1057	-0.3309	-1.0712	-0.8797
0.0963	1.1934	0.9435	0.2256	1.3480	0.5365	1.3488	-0.4851	-0.8126	0.6515	0.8439	1.3383	0.0720	-0.5989	0.5480	0.5559	0.1424	0.8953	-1.5089	-0.8385	-0.0839	0.3627	0.7666	0.0116	1.6317	-1.5504	-0.0600	0.6801	-1.5539	0.0236	-0.6029	0.4446	1.7908	0.6541	-0.8326	0.7945	0.6055	1.0422	0.2095	-0.5995	0.8170	1.2383	2.2634	-1.5138	1.4587	0.5926	0.4925	-0.7689	0.2511
0.3736	1.0811	0.8127	-1.2098	0.2370	-0.7908	-0.2724	0.0964	-0.3822	0.1410	-0.4929	-0.0722	-1.6647	-0.9386	0.0992	-0.5476	0.0093	0.1817	-1.3978	-1.0929	-0.1234	-0.2975	0.0516	1.1684	1.1335	-1.1562	0.0758	0.3251	-0.9599	0.3496	-0.1871	0.5346	1.1708	0.0017	-0.3943	-0.1163	1.0806	0.2970	-0.9039	-0.8234	1.1035	1.4356	1.0929	-1.4370	0.5169	0.5595	0.8830	-0.0229	0.2835
1.2417	0.9290	0.3489	-0.0810	-1.1197	-0.1415	-0.5615	0.3601	-0.8023	0.0961	-0.1355	-1.2214	-0.7836	-0.3186	0.0318	0.7156	0.0682	-0.6043	-0.2219	-0.7825	-0.2276	0.2222	-0.6271	1.6367	0.0915	-0.3104	0.0357	0.5446	-0.2070	0.2019	0.5626	0.1722	0.3148	0.3542	0.1449	-0.2613	0.0007	-1.2750	-0.9509	-0.6953	0.4988	0.2006	0.9625	-0.5766	0.1792	0.1195	1.0742	-0.1952	0.4996
0.7256	1.4233	0.1223	-1.2683	-1.2989	-0.3088	0.8402	-0.4488	-0.7279	0.3202	1.1764	-0.6378	-0.5870	-0.6717	0.0482	0.3504	-0.8708	-1.2595	-0.1959	-0.5780	-1.3367	-0.4213	-0.9388	-0.2705	-0.6239	-0.2037	-0.7388	0.6726	0.1790	0.0211	-0.1420	-0.4562	-1.4007	0.9967	-1.0781	0.0964	0.9134	0.3640	0.8930	-0.8210	1.1064	-1.1488	0.9468	-0.1726	-0.4555	0.2701	0.2323	0.4451	0.1230
0.6356	1.4124	-0.0767	-1.6144	-0.9645	-0.0103	-0.4173	-0.3595	-0.9352	-0.0152	0.0361	-0.6242	-0.7262	-0.8026	0.6265	-0.4275	-0.6080	-0.9854	-0.5661	-0.3384	-0.3677	-0.5115	-0.5669	0.4282	-0.7909	0.4827	-0.7989	0.0460	0.0602	0.4312	-0.6755	-0.2313	-1.6049	0.3885	-1.3429	1.0496	0.0020	0.8976	0.4218	-0.2406	-0.1911	-0.2577	-0.2074	-0.1964	-0.3257	0.5900	-0.9852	0.3698	-0.7547
1.1177	1.2568	0.3036	-0.3471	-0.0483	0.2787	-0.2512	-0.3299	-0.5776	0.2091	0.2795	0.1942	0.2380	-0.6393	1.6470	-0.5024	0.4373	-0.1218	-0.1738	0.3185	0.6082	0.2046	0.5703	0.3443	-0.0751	1.0788	0.2351	0.3530	-0.6708	0.5474	-0.5754	-0.6543	-0.3549	1.0010	-1.1124	1.6385	-1.0168	0.6577	0.6028	-0.3563	-0.7687	0.2156	-0.1488	0.5900	0.0241	1.1049	-0.8837	-0.0148	-0.3525
0.8109	0.6891	-0.1510	0.0734	1.4890	-0.9214	1.7466	0.3038	-0.2105	0.7759	1.6010	2.4590	0.4813	-0.1470	1.7071	-0.6198	-0.4940	0.2230	0.1474	0.8762	0.7742	0.3371	1.0972	-0.1802	0.3228	1.5806	0.5585	0.7905	-0.9531	0.5307	-0.7532	-0.0316	0.7743	0.8312	-0.6715	0.4470	-0.0964	0.5958	1.0309	0.5956	-0.0028	0.2662	0.2353	0.7527	0.4242	1.2963	-0.7154	0.0861	0.9498
-0.8829	-0.5319	-0.1668	0.9798	1.4459	-0.7079	1.0280	0.5367	0.6574	0.3218	0.9150	1.8746	0.1412	-0.0589	1.1975	-1.4345	-0.3900	0.0127	-0.1468	0.3474	0.2959	0.4250	1.4272	0.4832	-0.0976	0.4991	-0.1087	0.8356	-0.7913	1.7496	0.0211	0.6330	0.9840	-0.4167	-0.1359	0.0384	0.5118	0.1934	0.5742	0.9631	-0.1502	1.0234	-0.3068	0.0370	0.0869	0.0290	-0.2397	-0.2382	1.7219
-1.2495	-0.7830	0.4840	1.8628	0.5675	0.1095	0.4901	0.0137	-0.4309	0.1276	0.9601	-0.8404	0.1153	-0.9355	-0.4299	-0.4712	0.3427	0.7516	-0.3922	-0.2904	-1.4771	1.4271	0.5447	1.6222	-0.3935	-0.7997	0.6091	1.1279	-1.1571	1.6838	-0.2660	-0.0109	0.1363	-0.5620	-0.3292	0.4305	0.1992	-0.6016	0.1108	0.1481	-0.4349	0.2169	-0.5868	0.1858	0.0676	-0.7151	-0.5564	-0.1331	1.1484
-0.4195	0.2712	0.1018	0.6701	-0.5391	-0.6701	0.1587	0.3723	-1.0736	-0.6800	0.7312	-2.0711	-0.5610	-1.8007	-0.4851	-1.7772	-0.2010	0.4961	-1.4049	-1.4488	-1.7880	0.4819	-0.0163	0.2131	-0.2768	-1.6786	0.8815	0.7765	-0.9740	1.0161	-1.1538	0.0889	-0.5323	-0.8532	-1.3062	0.2305	0.5933	-0.6149	-0.0228	-0.1942	0.4004	0.1882	-1.3129	0.5081	0.3655	-0.0417	-1.0734	-0.0557	0.0715
-0.2965	2.3003	-0.7050	-1.3561	-0.3855	0.2283	1.4863	1.2415	-0.4981	-1.8248	0.0928	-0.8081	-1.0004	-1.5119	0.8267	-1.7562	-0.5953	0.3955	-1.6972	0.1936	-1.5671	-0.5619	0.5836	-0.0794	0.2824	-0.8636	1.0193	-0.1109	-0.8565	0.8095	-0.6791	1.1205	0.1769	-0.5856	-1.0994	-0.0777	-0.7159	0.1962	0.1893	-0.0558	-0.2934	1.1157	-1.3634	0.1105	0.7078	1.4892	0.4459	0.3675	0.0330
-1.2403	2.5677	-0.2882	-2.2039	-0.6963	0.6309	1.5425	0.4716	0.6199	-1.6761	-0.7650	-0.3346	-0.1255	-0.9428	0.2864	-1.1684	0.5637	1.6289	-0.7381	1.3338	-1.1376	0.1919	0.7323	-0.4264	1.3484	1.1976	1.5591	-0.3530	-0.9372	-0.1622	-0.6408	0.2638	-0.0502	-0.0125	-0.1124	0.4208	-0.1386	0.6041	0.9082	-0.6251	0.2568	1.1547	-1.0285	0.1162	0.4208	1.2681	0.8346	1.3649	-0.3155
-0.3174	1.7527	-0.6543	-2.2552	-1.2289	0.9762	0.0586	0.6715	1.4909	-0.7271	-1.4412	0.0770	-0.2758	-0.0374	-0.0681	-0.6459	1.0677	1.1482	0.1270	1.2641	0.9194	0.0221	0.1806	0.4222	1.0284	2.1037	1.4606	-0.2959	-0.0610	-0.0610	0.1414	0.3418	0.3035	0.1370	0.5538	0.1770	0.4384	-0.1118	0.8802	0.2983	0.8922	0.9004	-0.8596	0.5740	0.6705	0.7168	0.1683	1.0707	-0.6864
0.9991	1.1822	-0.1438	-0.4494	-0.3399	1.5773	-0.3551	0.8546	0.9715	0.6300	-1.3373	-0.2388	-0.0746	0.9924	-0.0354	-0.1073	1.4487	0.9272	1.1373	1.7189	2.6566	0.6249	-0.3475	0.1425	0.8155	2.1880	1.2414	-0.7981	0.9163	-0.8221	0.8821	-0.3806	0.9131	0.1545	0.7371	0.0972	-0.8215	0.2918	1.2176	1.4523	1.0347	1.2032	-0.4804	1.2469	0.7495	0.9868	-0.1159	0.8714	0.2001
0.6646	-0.0230	0.2980	-0.0081	0.6556	0.6160	-0.2588	0.2900	0.5428	0.7412	0.5282	0.0562	1.1641	0.7682	-0.7023	-0.3578	1.3875	1.7321	1.6829	1.4633	2.4933	0.6646	-0.5047	-0.9059	0.6502	1.1588	0.0638	-0.5159	1.4071	-1.2321	0.2846	-2.1564	0.9463	1.0167	-0.2458	-0.2435	0.3872	1.6288	1.3800	1.7203	1.7315	1.1553	0.6649	1.4606	0.6998	0.6344	-1.0540	0.5332	0.1619
0.9521	-0.4614	-0.2640	-0.0203	1.2505	1.2768	-1.5886	0.3243	-0.1775	0.4724	0.1687	-0.0555	1.1790	0.6863	-1.0070	-0.1041	0.8959	1.0186	0.8060	0.1877	1.7141	-0.3155	-0.7149	-0.3028	0.2567	0.3002	0.1978	0.1310	1.3349	-0.3789	0.1216	-1.2857	0.5502	1.0108	-0.3794	-0.1187	0.8844	1.4261	0.7635	1.8395	1.3427	0.6028	1.0186	1.0991	1.2540	0.7414	-1.0747	-0.1444	-0.7108
1.6719	0.5202	0.2078	0.4703	1.6061	0.8819	-0.9258	1.0196	-0.8710	1.9843	1.3003	0.8769	0.7295	0.9612	-0.1493	0.0560	-0.4019	0.7645	0.8173	1.4829	1.1963	-0.2444	0.2554	0.6092	-0.0177	-0.4298	0.2954	0.2671	0.8768	-0.4135	1.1307	0.1188	1.1670	2.0724	-0.0029	-0.3831	0.2424	1.6009	1.2173	1.2913	0.8873	0.0397	1.8734	0.3626	0.9969	2.0162	0.8571	-0.1445	0.7629
1.2088	-0.9303	0.8824	0.5019	1.2128	-0.8344	-0.2857	0.4453	0.0115	1.6357	0.7039	1.8695	0.3802	1.2113	-0.1244	-0.6114	-0.5599	0.2888	1.8220	1.1455	0.9066	0.1005	0.4598	1.4536	-0.4109	-0.5686	-1.1620	0.0414	1.2112	-0.8254	1.4301	1.3500	0.5789	1.4114	0.9220	-1.7046	1.2622	0.7110	0.5292	1.0474	0.5431	-0.0939	1.9485	0.2036	-0.6786	0.8059	1.2874	0.2907	1.0239
1.6515	-1.5250	0.5402	0.5859	0.5609	-0.1240	-0.7260	-0.0966	0.1003	0.0600	-0.4141	0.2872	-0.8192	1.5633	-0.9202	0.1452	-0.5376	-1.2090	1.7801	0.5491	1.1551	0.1362	-0.2089	1.9973	-1.3141	-0.4861	-1.6166	0.2820	1.6515	0.1641	1.2465	0.5804	-0.0433	0.1577	1.3001	-1.5634	0.4510	-1.2895	-1.4926	0.2066	-0.6033	-1.0320	1.0881	0.2472	-1.2555	-1.4621	0.4921	-0.8842	-0.2553
1.1975	-0.9234	0.7198	1.0259	0.1649	0.9945	-0.4994	-0.5782	0.1136	0.0671	-0.0692	-0.6323	0.7488	1.2069	-1.0884	0.6718	-1.1594	-0.5751	1.6207	-0.2844	0.6618	-0.1069	-0.2217	-0.1497	-1.2667	-1.0349	-2.0971	0.3079	2.0520	-0.4506	1.1999	-0.6589	-0.2167	-0.1311	0.7791	-0.2928	0.0560	-0.1264	-1.1071	-0.7051	0.0572	-1.1410	0.6764	0.4811	-1.2915	-1.9845	-0.3635	-0.5400	0.1208
1.1824	-0.2667	0.5232	0.3205	0.2128	0.0665	-1.3600	-0.7691	0.4028	0.5070	0.3889	-0.6138	0.5657	1.3791	-1.2464	0.8957	-1.2773	0.1087	1.6406	0.3105	0.0858	-0.6768	-0.3902	0.1132	-0.7437	-0.4794	-1.6022	0.4541	1.7582	-1.0906	1.3817	-0.7895	-0.8175	0.1226	-0.1905	0.2141	0.5328	0.8899	-0.7752	-0.9752	0.8508	-1.0669	0.4375	0.2866	-0.7577	-1.2620	-0.7670	-0.8559	0.6595
0.1745	-0.3473	-0.2862	0.3453	0.5802	0.6297	0.0328	-0.2616	0.6056	0.0556	0.1281	0.9876	-0.4274	1.7385	0.5449	0.7358	-0.7224	-0.1926	1.3715	1.1030	1.3428	-1.2009	0.4822	0.4376	0.0133	0.8038	-1.7201	-0.0391	2.0414	-0.1026	1.9010	-0.1406	0.4549	0.1440	0.1623	-0.1638	-0.8936	0.6649	-0.4049	0.9989	0.5237	-0.3862	-0.1001	0.3984	-0.4547	0.3294	0.5422	-0.6076	1.1764
-0.8459	-1.1458	0.6016	0.1306	0.6638	0.7686	0.6454	0.0399	0.9623	0.3320	-0.2077	1.4470	-0.4373	1.9277	0.4822	0.5123	0.0005	1.1189	2.1318	1.1899	1.2871	-0.2670	0.5268	0.5159	0.7880	0.7805	-1.5804	-0.0546	1.9321	-0.1089	1.1248	-0.8343	1.0714	0.6551	1.5877	-0.0445	0.2230	0.6410	0.2960	0.9277	0.7824	0.2181	0.2911	0.0812	-1.4157	-0.0359	1.7510	-0.0505	1.1496
-0.0472	-1.3865	0.7241	-0.3193	-0.1680	0.3055	-0.7789	0.4290	1.1739	0.5602	-0.5313	0.4849	-0.3106	1.6530	-0.2966	0.5620	0.0335	0.3930	1.8286	0.6619	1.0490	0.1334	0.2813	1.3278	0.7181	0.1504	-0.7041	0.6150	1.2635	0.1715	0.3367	-0.7884	0.6477	0.2934	2.1852	-0.0267	0.5311	-0.7586	-0.5588	0.6478	0.3510	-0.0426	0.1671	0.0006	-1.0118	-1.2074	1.3734	-1.0643	-0.3054
0.5330	-0.7491	0.3295	0.9945	0.4689	1.6355	0.7389	-0.1240	0.0714	0.2403	-0.0452	0.2933	0.7998	-0.0248	-0.0483	1.0069	-1.0588	0.3628	0.3914	0.8390	-0.4218	0.6168	1.3878	0.5751	0.3348	0.9671	0.1507	0.5740	-0.2493	-0.2635	-0.3454	0.8124	-0.0403	0.7600	1.0580	0.3413	-0.5707	-1.2637	-0.9788	-0.1271	0.2932	-0.8476	0.5280	0.0593	-0.1304	-0.3588	1.0130	-1.1626	-0.2587
-0.9435	-0.5639	0.3069	0.1341	0.4463	0.7686	1.2066	-1.5022	-1.1219	0.0749	1.9266	-0.3979	-0.4445	-1.2775	-1.0953	0.5137	-0.4428	1.3589	-0.7674	0.2935	-1.1450	1.1848	0.7765	-0.5793	0.6089	0.0119	-0.6460	0.0436	-0.8966	-0.1651	-1.9025	0.2398	-0.3778	0.4978	-0.2637	0.2796	0.7373	0.3865	-1.2564	-1.5360	0.7264	-0.2682	0.6546	-1.3321	0.0196	0.1112	-1.2827	-1.1213	-0.6929
-1.7944	0.3005	0.7316	-0.4673	-0.0509	-0.3383	-1.0939	-1.9153	-0.1677	0.1518	-0.6644	-0.5202	0.2897	-1.0146	-0.6562	1.0730	-0.3559	0.9701	-0.7903	0.3665	-0.8681	0.6811	0.0723	0.3389	1.5611	-0.6104	0.3553	0.9616	-1.2063	-0.6317	-1.8892	1.1319	-0.9302	0.0014	-0.2642	-0.0580	1.2418	-0.0293	-0.6460	-1.7220	1.3449	0.6506	0.3719	-0.8476	-0.2801	1.2716	-1.5935	-0.2061	0.0452
-1.1937	1.6598	1.4714	1.2242	0.4483	-0.1869	-1.6392	-1.2625	0.4206	1.6865	-0.7131	-1.0393	1.6279	0.3590	0.9505	2.0087	0.4129	1.8339	-0.1504	1.0523	0.1079	0.7183	0.7616	1.0929	1.0506	0.4642	1.9215	2.2311	-0.3306	0.5487	-1.1005	2.6708	-0.0910	0.6431	0.4548	-0.3262	0.5633	-0.3513	-0.2178	-0.2296	2.3260	0.3765	0.4858	0.3964	0.1843	1.5862	-1.1093	0.8642	1.7942
-1.9050	2.2100	2.5859	1.9487	0.1865	-1.4044	1.0321	-1.4285	1.1348	3.6606	1.9264	-0.5260	0.7927	0.5044	2.1682	0.8747	0.3555	2.1044	-0.1722	0.9364	1.2154	2.1998	1.4839	0.6146	0.8033	0.7306	2.3414	2.1326	-0.0769	2.0678	-0.3248	1.2871	2.6433	1.5386	0.7174	-0.1333	0.3607	0.0901	-0.1255	0.6963	1.2533	1.1545	0.6542	-0.3386	0.2988	0.1479	-1.7296	1.4362	2.1721
-1.9110	0.4027	2.2198	1.4454	-1.2799	-1.3027	0.9660	-0.6120	0.3298	2.0774	1.3728	-0.1862	0.7928	-0.7512	1.1139	0.3944	-1.1677	0.5540	-0.4879	-0.7768	0.6374	2.6760	1.6016	2.3896	0.0453	-0.5699	1.3323	1.7584	-0.9404	1.6387	-0.8602	0.2637	1.5101	1.0362	-0.1568	-0.4255	2.2869	-0.7763	-0.2334	-0.5318	0.9913	0.5438	-0.3815	-0.1478	-0.2310	-0.1072	-1.1089	1.4163	0.6037
-1.0071	-0.9340	0.8304	-0.6620	-2.5811	-1.2027	-0.3080	-0.3622	-0.4497	-0.4961	1.2942	-1.2212	-0.5281	-0.3901	-0.2906	-0.2922	-1.8678	-1.5165	-1.0808	-1.2715	0.7357	0.4909	0.2393	0.3719	-1.1953	-0.6173	-0.2361	0.7323	-0.4245	1.8366	-0.5915	-0.3167	-0.8812	-0.5368	-0.5079	-0.3123	1.5875	-0.3138	-1.1602	-0.7877	-0.2120	-0.4936	-1.5502	-0.8830	-0.5115	-1.1880	-1.7960	0.9063	-0.6136
-0.3052	0.0963	-1.6920	-1.8967	-2.9152	-0.8007	-0.4702	0.6666	0.2826	-1.6097	0.0770	-0.2317	-0.2712	-0.3115	-0.3473	-0.4526	-2.5351	-2.2153	-1.4212	-0.2332	0.0161	-1.3831	-0.0883	-1.3086	-1.4296	-0.4947	0.0011	-0.7171	0.0113	1.1373	0.3724	0.8440	-1.5176	-0.9736	-1.1016	-1.0248	-1.1334	-0.0409	-1.1155	0.4060	-0.5040	-1.1705	-1.0927	0.4171	-0.0861	-0.3658	-0.5308	0.2054	0.0963
-0.8985	-0.0058	-1.7519	-2.5063	-1.8806	-1.2680	-0.6605	1.1978	0.7406	-1.8173	-1.3171	-0.7013	-0.7446	0.1804	-1.4310	-0.2181	-1.1015	-0.9300	-0.3526	-0.7468	-0.4327	-1.2817	-0.4450	-1.1818	-1.1638	-0.9366	-0.3938	-1.3907	0.0685	-0.5338	0.1603	0.5459	-2.3623	-1.3263	-0.8988	-1.2224	-1.2310	-0.0386	-0.7910	-0.6312	-0.5650	-0.4465	-0.9862	0.4727	-0.6951	-0.3736	0.9443	0.4189	0.2251
-0.8079	-0.5398	-2.2188	-2.8302	-1.2635	-0.5486	-1.1586	0.9436	1.0921	-2.4161	-1.8547	-1.5674	-1.5588	0.5007	-1.3770	-0.6151	-0.4959	-0.6883	-0.1776	-0.6974	-0.5172	-1.9908	-0.3940	-1.4289	-1.6044	-0.1688	-0.4199	-1.3998	0.6600	-1.0296	0.3300	0.3657	-1.9992	-1.1505	-1.1729	-1.0063	-1.8194	-0.3530	-1.0156	-0.1765	-1.0965	-0.0232	-1.6885	0.1082	-0.8628	-0.3427	0.6631	0.5086	0.2558
-0.8748	-0.0250	-1.3735	-2.0060	-0.4580	-1.0622	-0.3177	-0.2113	1.4068	-1.5328	-0.2057	-1.0962	-0.9756	0.4995	-0.6121	0.0755	0.7574	0.0649	0.0699	-0.1452	-0.6269	-1.9034	-1.0432	-1.9310	-1.1057	0.9729	1.1577	-0.9607	1.2935	-1.4556	1.1770	-0.4215	-0.3458	0.5551	-0.1706	-0.6340	-2.0549	-0.4613	0.1505	2.0631	-1.1862	-0.1749	-1.2046	0.5157	-0.8010	-0.9452	-0.4131	1.5358	1.0935
-0.4964	0.2927	-1.4230	-1.3977	0.6176	-0.8028	0.5791	-0.6290	0.7427	-0.5247	0.5724	0.5189	-0.9355	0.4457	-1.2465	-0.1374	-0.1593	-0.3504	1.0321	-0.9564	-1.1370	-1.2829	-2.0374	-0.4200	-0.7890	0.9380	1.9120	-0.9390	1.8025	-1.2422	0.8402	-1.7980	-0.2987	1.7552	1.0227	-1.7261	-0.3713	-1.1651	0.7783	2.6493	-1.2949	-1.1569	-1.3183	1.5965	-1.0722	-0.9160	-0.3229	2.4494	1.1375
-0.4481	-0.1672	-1.1000	-0.7872	0.9171	0.3220	1.1185	-0.2290	0.2800	-0.3997	-0.4422	0.6034	-1.6755	1.0786	-1.3306	-0.4406	-0.1134	-0.5116	1.2113	-1.6575	-0.7241	-0.5201	-2.1328	0.3511	-0.3291	-0.7927	2.0878	-0.9614	2.5077	-0.8371	0.3230	-1.7573	0.2390	0.7875	2.0724	-2.0543	-1.1904	-0.9593	1.1331	2.1963	-1.4790	-1.4250	-1.4273	2.3460	-1.5165	-0.9512	0.0992	2.3096	0.5427
-0.7893	-0.2171	-0.5790	1.0624	0.9930	0.8651	0.5011	-0.0888	-0.2470	-0.8332	-1.4443	-0.2014	-1.1612	1.3917	-0.2996	-0.3517	0.0939	-0.0251	0.0163	-1.6508	-0.0100	-0.0938	-1.4160	-0.1724	-0.3108	-1.5755	1.8894	-0.2009	1.8377	-0.3967	-0.1570	0.2232	1.0855	-0.0461	2.5087	-1.0779	-0.7990	-0.9210	1.1710	1.5336	-0.7317	-1.0647	-0.8334	2.5088	-1.7134	-0.9827	0.2524	1.8948	-0.0110
-1.6746	-0.2089	-1.1209	2.0944	0.6269	0.6380	-0.1286	-1.7724	0.0859	-0.0829	-0.4828	-0.7919	-1.2458	0.9006	0.0523	-0.3678	0.0151	0.4388	-0.6965	-2.2518	-0.3931	0.1963	-0.4370	-0.9291	-0.5174	-1.6156	1.5593	0.9143	0.4230	0.5384	-0.8055	0.3052	0.5081	-0.7998	0.9887	-0.1437	1.0157	-0.8290	0.9418	-0.0715	0.4512	-0.4233	-1.1111	1.7686	-0.8141	-0.7866	-0.2096	1.2436	-0.2921
-0.9621	-0.2043	-0.9302	1.5009	-0.2884	-0.2559	-0.6484	-1.3654	-0.8157	-0.2318	0.4735	-1.6179	-2.1840	-0.5000	0.0574	-0.6753	-0.0657	0.3430	-1.2723	-1.6382	0.1772	0.3550	-0.3854	-0.7974	-0.6477	-0.3004	1.0648	1.3424	-0.9792	1.3751	-1.1103	-1.1233	-0.3447	-1.4186	0.0418	0.3505	0.7405	-0.0979	0.4797	-0.8736	-0.3114	0.7646	-1.1829	-0.0817	0.2373	-0.6430	-1.2832	0.3222	0.3676
-0.7695	0.5527	-1.6817	-0.4834	-1.3602	-0.4037	-1.0959	-0.2276	0.3751	-0.2448	0.1572	-0.0472	-1.7454	-1.4564	0.8190	-0.7412	-0.5354	-0.2454	-1.1047	-0.1566	-0.0449	-0.2653	0.4867	-0.0434	-0.3296	-0.0108	0.6910	0.5673	-1.8415	0.9603	-0.1128	-0.2670	-0.6318	-1.0655	-0.3461	0.1324	0.2380	0.3028	0.3182	0.1590	-0.6482	1.1944	-0.6376	-0.5211	0.6115	0.3655	-1.2158	-0.1668	0.7976
-1.4089	-0.6740	-1.3164	-2.0221	-1.1878	-1.0899	-1.0992	-0.1008	0.3655	-1.0097	-0.6697	0.6939	-0.2867	-0.9442	-0.0433	-1.0548	0.1716	-0.3391	0.2323	0.6209	-0.1942	-0.3229	0.7041	-0.1912	-0.0975	0.7249	0.1350	-0.8884	-1.7080	-1.5107	-0.4152	-0.3862	-1.2882	-0.7668	-0.1025	0.1975	0.0325	-0.2529	-0.1899	0.1257	-0.6364	0.8719	-0.5169	-0.3073	0.4903	0.3913	-0.9941	0.0945	-0.0319
-0.0314	-1.7086	-0.4988	-1.1255	-1.2080	-0.4312	-1.6399	-0.1828	0.2779	-1.4821	-1.6719	0.4912	-0.0218	-0.1710	-0.3417	-1.5033	0.5797	-1.2135	0.6451	0.7596	0.4118	-1.5709	-0.3655	0.0366	-0.0664	1.0115	-0.0900	-1.1735	-0.5490	-2.3787	-0.0730	-0.6348	-1.1477	-0.4401	0.7870	-0.4293	-0.4955	-1.4736	-1.7611	0.3611	-0.9995	0.6415	-0.5772	0.3219	-0.1027	-0.4438	-1.4401	-1.1475	-0.5440
0.8427	-0.4183	0.3352	0.3945	0.1964	1.1114	-0.6716	0.1864	0.7496	-0.7870	-1.0440	0.2451	0.9941	0.4312	0.2927	0.3300	-0.0642	-0.1896	0.8807	1.3225	0.4341	-0.9692	-0.3070	-0.5520	0.7694	1.6547	-0.0055	-0.5037	0.1313	-1.6222	0.6809	-1.0665	-0.9248	0.5847	1.0250	-0.0613	-1.8147	-0.6758	-0.6645	0.2358	-1.1547	0.2656	0.4071	0.0451	-0.2762	-0.4005	-0.5464	-0.7955	-0.3786
1.1603	0.6554	0.0841	1.3985	1.5129	1.2499	0.5463	0.7638	-0.1664	0.3040	-0.3414	0.8732	1.6953	0.4758	-0.2221	1.3776	-0.2475	1.2307	0.9267	1.3632	0.0060	0.8878	0.1563	-0.0007	1.3848	0.8378	0.7757	-0.3034	-0.2868	-0.5951	0.3057	-0.1848	-1.0000	1.2178	-0.0276	0.2134	-0.7514	-0.3010	1.2889	-0.4121	0.0996	-0.5081	1.3854	-0.0551	0.4198	0.7992	1.0197	-0.1712	-0.6571
1.4086	-0.0725	-0.2982	2.7972	1.8217	0.4072	1.7991	-1.0737	-0.5647	1.6873	0.0559	1.3512	1.4174	-0.0637	-0.7612	1.2201	0.9902	-0.1775	0.1829	0.4800	0.8841	1.5517	0.7103	-0.3437	1.3351	-0.8112	-0.0169	-0.0140	-0.6585	0.3251	-0.1585	0.1018	1.0478	-0.1785	-1.0004	0.6857	0.5689	1.3774	0.8854	-1.3881	0.4429	-0.0222	2.2584	-0.8563	1.8569	0.8315	1.0914	-2.3123	-0.8902
0.7224	-0.7823	-0.6666	1.8348	1.0592	0.4231	1.7061	-0.7871	-1.2858	1.2320	1.5895	1.8122	1.5225	-1.3350	-0.6304	0.4451	1.2710	-2.0072	-0.5392	0.0229	-1.0413	1.0672	0.7196	-0.3262	0.5975	-1.6609	-2.2014	0.0531	-1.4936	0.0730	-0.8705	0.0190	1.7740	-0.6235	-1.2656	0.6184	1.1496	2.6454	1.1108	-2.0126	0.0457	-1.2979	3.4349	-2.0406	1.7526	0.7375	2.2020	-3.2573	-0.3834
-0.4765	-1.1343	-0.5345	-0.4549	-0.1100	-0.5222	1.2383	0.7419	-1.1301	0.1910	0.8363	0.4712	0.5274	-1.3992	-0.3313	-0.8796	1.5229	-1.8749	-1.1007	-0.6857	-2.5024	0.5362	-0.0164	-0.2038	-0.0727	-1.9826	-2.0850	-0.4463	-1.7639	-0.9277	-1.6487	-0.1945	0.8041	-1.3326	-1.1341	1.0227	0.8758	1.3049	1.0682	-1.7993	-0.5573	-1.9521	2.1435	-1.4850	1.1465	0.1143	1.4414	-1.6863	-1.3515
0.0158	-0.5849	-0.0761	-1.2658	-0.5447	-0.4786	0.5324	0.7164	-0.7044	-0.6696	0.1998	-0.8274	0.8045	-1.4318	0.7685	-0.8668	1.1858	0.3066	-1.9798	-1.2016	-0.8418	0.3053	0.3519	-0.2919	-0.3767	-0.9160	-0.3672	0.1200	-1.5476	0.3288	-1.7496	1.0114	0.7515	-1.3687	0.0568	1.9582	-0.7039	0.1607	0.6313	-0.5881	-1.0965	0.1865	-0.1022	-0.8352	1.2314	-0.4272	-0.7003	-0.2372	-0.8164
0.6290	0.2939	0.1711	0.2279	-0.2194	0.1401	0.8801	0.5666	-0.6734	-0.0252	0.4671	-0.5828	1.8486	-1.7305	1.4507	0.3621	-0.4438	1.2934	-1.2566	-1.0353	-0.3791	1.3117	0.9351	0.5204	-0.1473	0.8920	0.2745	0.7536	-1.0113	1.2857	-1.0973	1.2728	1.1292	-0.4698	-0.0381	1.7309	-0.5141	0.2369	0.4448	0.1362	-0.4877	0.6079	-0.3852	0.0504	0.6481	-0.1728	0.2496	0.3232	0.7253
1.1569	0.0538	0.1855	1.4364	0.0087	0.3417	0.5681	0.3568	-0.1521	0.4573	-0.2844	-1.3675	0.8080	-0.8222	0.6403	0.7160	-0.6363	0.8355	-0.8697	-0.4532	0.4647	1.1879	0.6510	0.5035	0.2916	0.4704	0.5514	0.9644	-0.4058	1.5075	0.2006	1.1242	0.2017	-0.2903	-1.0278	1.2354	0.2133	-0.4623	-0.2456	-0.5960	0.7760	0.1227	0.2898	0.2471	0.6062	-0.5957	1.1334	-0.6340	0.0794
1.2600	-0.2085	0.0732	2.0379	0.4900	0.0997	1.1722	-0.6243	-0.7329	0.6988	0.8495	-1.0582	1.0650	-0.7253	-0.1387	0.6013	0.6102	-0.2368	-0.5989	-0.0323	0.5020	1.0743	0.2387	0.5154	0.2791	-0.0398	-1.0004	0.4992	-0.6137	0.5186	0.8425	-0.2124	-0.7708	0.1029	-1.8928	1.0910	0.3581	0.9806	-0.1096	-2.1099	0.5868	-0.7146	1.8353	-1.3086	1.3863	-0.4899	1.2067	-2.3138	0.2178
0.6635	-0.1741	0.1691	1.6016	0.5105	-0.3897	0.4697	0.4075	-0.7534	0.4705	0.3721	0.8423	1.5828	-1.4054	0.2398	0.9652	0.8028	-1.7005	-0.9563	-0.0942	-1.7301	0.8549	0.9158	0.8463	0.1825	-0.3710	-2.5178	-0.4743	-2.0506	-0.8160	0.3963	1.8397	-0.8223	-0.6350	-1.9751	0.3387	0.6462	1.4869	-0.3800	-2.0107	-0.1758	-0.8826	2.0447	-1.4485	1.5471	0.5394	2.3148	-2.7612	-1.0227
0.1855	-0.7141	0.6215	0.3803	0.1719	-1.0931	-1.0544	0.7032	-0.4895	0.0655	-0.7097	-0.3156	0.0516	-1.3530	-0.0159	-0.6318	1.7609	-1.6849	-1.7509	-0.2267	-2.9212	0.0134	0.2936	-0.3479	0.9150	0.0456	-2.8615	-1.2556	-2.2606	-1.6232	-0.0328	1.3583	-0.4953	-1.8891	-1.1825	1.0437	-0.0500	0.7901	-0.5413	-1.8415	-0.7485	-0.0944	1.1281	-1.8889	1.9171	-0.1328	1.6269	-3.2587	-2.6171
-0.1877	0.0861	0.4431	-0.2640	0.7625	0.5352	-0.2017	0.4046	-1.1889	0.0838	-0.9115	-0.5036	0.6704	-1.5032	0.3043	0.7276	2.1888	-0.1422	-1.6182	-0.1638	-3.3799	0.0393	0.4477	-0.4269	1.4627	0.9105	-2.3361	-0.6899	-2.2747	-0.9584	-0.3394	1.0541	0.4382	-1.2444	-0.8902	1.6499	-0.8322	0.1337	-0.0010	-2.2388	-0.6498	0.0764	1.0760	-1.9169	2.3559	0.0444	0.7409	-2.6579	-1.5868
-0.1430	0.2903	-0.3216	0.1807	1.4426	1.1663	-0.4527	-0.0260	-0.8431	0.3359	-0.4925	-0.2310	1.5386	-1.4769	0.8023	1.3095	1.2248	-0.0757	-1.7114	-0.1599	-2.6028	0.1227	0.6882	-0.9598	1.7604	1.1877	-2.0654	0.0909	-1.3554	0.2398	-0.6659	2.1462	0.5271	-0.8430	-1.0466	1.4013	-0.4063	1.0652	0.6521	-1.7475	0.6446	0.3197	1.3097	-1.7842	1.3319	0.3439	0.6011	-1.7670	-0.7601
0.3062	1.1717	0.3246	0.6354	2.1139	-0.3224	0.0707	1.2483	-0.3137	1.6221	0.2456	-0.7281	2.7791	-1.1880	2.1599	0.4404	0.9392	1.4663	-1.6560	0.3837	-0.7068	1.3994	0.8917	-0.0593	2.1781	1.3077	-0.2693	1.0692	-0.9718	1.2423	-1.0479	1.3814	2.1274	-1.1087	-0.1998	1.8868	-0.3497	1.2424	1.5176	0.0979	1.2523	2.2343	1.3307	-1.4254	1.3434	1.0348	1.1089	-0.4427	0.5280
0.4943	0.6241	-0.1551	0.9186	0.7349	-0.2290	0.6184	1.6086	-1.2105	1.8658	0.4632	0.5840	2.6989	-0.1185	1.1131	1.0156	0.7820	1.1154	-0.4103	-0.5424	0.3834	2.6257	0.9171	1.9440	0.7864	1.0228	1.0257	1.2433	-0.7126	1.3203	-0.8273	1.0394	2.6317	-1.3595	0.8810	1.1952	1.5662	0.4319	0.7474	0.6475	1.4432	1.8830	0.7130	0.2446	0.7596	0.7588	0.8976	0.6727	0.9545
0.5221	-0.5057	-0.0133	-0.4162	-0.7652	0.0441	0.3581	0.1765	-0.5802	0.3365	1.9767	0.2293	-0.7776	0.3702	-0.5230	-0.9775	-0.4824	-0.7082	-0.2500	-0.9169	0.7042	1.0721	0.0249	0.3499	-0.8900	-0.3424	0.7071	0.5505	-0.1674	0.7664	-0.1470	-0.7909	0.9407	-0.0274	0.6038	0.4623	2.2790	0.5139	-0.5723	0.2126	0.6124	0.8104	-0.1759	-0.7200	-0.2619	-0.7589	-1.7250	0.6753	0.0240
0.7947	-0.9798	0.7582	-1.1577	-1.2077	-1.0387	-0.3569	0.9000	0.8661	-0.5185	1.2215	0.7776	-3.0917	0.3087	-0.0304	-2.0355	-0.0401	-0.6857	-0.2021	-0.4981	1.3897	-0.1004	0.7518	-0.4610	-0.7174	-1.4825	0.2365	-0.0417	-0.2490	-0.1432	0.1658	0.5161	-0.6719	0.1617	0.4942	0.1851	-0.0658	-0.1456	-0.3997	0.8049	-1.0238	1.0981	-1.0901	-1.2879	-0.5852	0.2841	-1.3625	1.2141	-0.4898
0.6739	-1.3049	-0.2848	-0.7722	-2.2377	-0.3124	-0.0208	1.5797	0.1591	-1.4331	0.3443	0.9971	-0.9752	0.6462	-0.8396	0.0308	0.1009	-0.4698	0.6151	-0.2331	1.0219	-0.0014	-0.2198	0.6325	-1.0413	-0.8732	-0.1417	-0.4174	0.1020	0.2474	0.1360	-0.0520	-1.7775	-0.5023	0.2923	-0.4110	-0.1480	-1.0865	-0.7627	0.5702	-1.0504	0.1391	-1.0009	-0.4353	-0.7596	0.1208	-0.1800	1.2258	-1.3197
1.2877	-1.0381	-0.3287	-1.1353	-2.2017	-0.5734	0.1919	0.8456	0.4743	-1.6191	-0.2900	-0.4893	-1.3308	0.9995	-0.9346	-0.3072	-0.8212	-0.7613	1.2176	-0.1809	1.0724	-1.3095	-1.5145	-0.9926	-1.4636	-1.0975	-0.5571	-1.1369	1.1253	0.1490	0.5685	-1.5678	-1.7805	-1.1396	-0.0618	-1.2474	-0.1103	-0.3816	-1.4124	0.5412	-0.7438	-0.4618	-1.1907	0.8216	-1.4267	-1.1723	-0.1527	0.4283	-1.3166
1.7605	0.5704	0.8590	-0.0444	0.2724	0.4176	0.5845	1.7820	0.1700	-0.5791	0.2496	-0.4949	-1.2945	1.0987	0.2285	0.1297	-2.1978	-0.4746	1.7896	2.1615	0.5679	-1.9835	-0.7426	-0.9525	-1.3214	0.7025	-0.4047	-1.4131	1.4411	-1.1119	1.7420	-2.1676	-0.7155	0.6469	0.7929	-1.7511	-1.7466	0.4813	-0.8315	1.0132	-1.4520	-0.8807	-0.8018	1.8348	-1.9631	-0.2222	1.2004	0.8990	0.7010
0.9838	0.7527	1.9604	0.0088	1.0216	-0.6856	0.8442	0.9984	1.2005	-0.0711	0.3533	0.1679	-0.6530	1.0601	0.5412	-0.2093	-1.0754	0.6455	1.9939	1.5435	0.3558	-1.0665	-0.7977	-1.1409	-0.1610	1.2325	-0.4085	-1.6042	2.3078	-2.2448	2.0942	-1.1389	-0.1240	1.0236	1.2982	-2.1026	-0.8489	0.6034	0.1906	1.5255	-0.6610	-0.6628	-0.6731	2.0320	-2.4907	-0.5681	1.7311	2.3193	0.4916
0.4852	-0.0805	1.7252	0.7363	0.4112	1.1966	-0.4402	-0.2604	0.9965	-0.2042	-0.4300	0.3131	-0.1048	1.6822	-0.3331	0.8682	0.3712	0.6064	1.8308	-0.0540	0.5450	-0.9876	-1.5721	-0.8189	-0.8331	0.4309	0.0268	-0.8448	2.5662	-0.3880	1.4279	-0.7621	-0.2591	0.5282	1.7480	-1.4926	-0.3413	-0.7634	0.0023	1.7378	-0.6546	-1.1080	-1.2751	2.1580	-1.8974	-1.6054	-0.0796	1.3585	-0.7266
0.9473	-0.2844	0.5641	0.6295	-0.2677	1.7652	-0.4044	0.1305	0.2510	-0.1659	0.5735	0.4319	-0.3217	1.7169	-0.9967	0.7517	0.2902	0.2016	1.4049	-0.7916	0.8400	-1.3856	-1.9210	-1.2000	-1.2100	-0.5213	-0.2775	-0.6832	2.0663	-0.1435	1.0273	-2.0076	-0.7626	0.3829	0.9632	-0.3921	0.3676	-0.7796	0.0310	2.1336	-0.5803	-0.7558	-0.8046	0.8475	-0.7663	-1.4841	-1.0991	0.6289	-1.2650
0.1668	0.0687	-1.0292	-0.0692	0.2289	1.0941	0.2510	0.4045	-0.2739	-0.1525	0.2136	2.3516	-0.8279	1.2219	-0.2857	0.1986	-0.2588	-0.4975	1.2232	-0.3883	-0.1505	-1.8175	-1.1580	-0.2461	-1.2061	-0.5592	-0.3879	-1.1715	1.0202	-1.1243	1.4635	0.0632	-0.4718	1.0864	-0.1223	-0.7358	0.2989	-0.3178	-0.3337	2.0292	-1.5950	-0.5205	-1.2176	0.3841	-0.7966	0.2880	-0.2557	1.1785	-0.6036
-0.6834	-0.8969	-0.8657	0.0929	-0.6667	0.1952	-1.0888	0.2662	-0.2254	-0.7118	-1.6749	0.6332	-0.7808	1.9525	-1.2059	0.3118	0.8373	0.2044	0.8941	-0.3570	0.2953	-1.4838	-1.6507	-0.6850	-0.4569	-0.6005	0.4901	-1.3721	0.9837	-1.3569	1.4183	-0.3793	-0.1182	-0.1849	0.6450	-1.0883	-1.0579	-0.8765	-0.7870	0.9569	-1.2018	0.1128	-1.6987	0.0618	-0.8066	-0.7433	-0.9802	1.2511	-1.0954
-0.5102	-0.6660	-1.0773	1.1706	-0.4096	0.5646	-1.1031	0.6482	-0.4099	-0.4916	-0.9482	-0.1635	-0.4632	1.7108	-1.0907	0.5897	0.7801	0.0581	1.0049	-0.1953	0.8471	-1.4427	-1.8689	-0.7638	-0.1852	-0.9092	-0.2586	-1.3104	1.5596	-1.1187	1.5769	-1.3685	0.9304	-0.0610	0.8193	-1.2185	-0.5318	-1.1819	-0.3172	0.2825	-0.3615	-0.2658	-0.8388	-0.0589	-0.6657	-1.0985	-0.6130	0.2481	-1.3013
-0.3893	0.1086	-0.6056	0.2650	0.5478	1.0537	-0.3371	0.7372	0.0655	-0.1421	-0.2199	1.7170	-0.7525	0.8802	0.5716	0.6559	0.1995	0.2572	0.8273	0.4238	0.8860	-1.3616	-0.7019	-0.3438	-0.0608	-1.1157	-1.1503	-1.2645	0.7580	0.0250	1.3932	0.3208	1.3263	0.7610	0.5187	-0.6396	-0.3742	-0.2870	0.3300	-0.0700	-1.0643	-0.0569	-0.4764	-0.5452	-0.7135	0.3264	-0.2341	0.5879	-0.7240
-0.7115	-0.3961	0.8877	-1.0529	0.6371	-0.2286	-0.6113	0.4937	0.0922	-0.5640	-0.9453	1.5063	-0.9698	0.3869	0.8588	-0.5922	1.1525	0.4517	0.3381	0.0460	0.7172	-0.0144	-0.6061	-0.6490	0.4920	-0.5486	-0.1275	-0.2947	-0.1078	1.1870	0.7217	0.0177	0.0564	0.1301	-0.3509	1.0862	-0.5260	-0.5953	0.3619	-0.4122	-0.8335	0.8044	-0.9395	-0.1091	-0.0564	0.2251	-1.1210	-0.2220	-1.6434
-0.1172	-0.7334	1.1574	-0.3298	-0.0757	0.6373	-0.6897	0.9168	-0.9515	-0.0955	-0.7832	1.6139	0.0610	-0.0284	0.7572	-0.5114	1.2107	0.1237	-0.0162	-1.0157	1.0749	0.7190	-0.1947	0.1752	0.6811	0.0867	0.2892	0.0199	-0.3481	1.3698	-0.0463	0.1127	-0.5338	-0.3232	-0.4587	2.2737	-0.6161	-1.1150	0.3516	0.3307	-0.5090	1.1918	-1.1449	0.1094	0.9215	0.3033	-1.1558	-1.0401	-1.4541
0.0003	-0.1656	0.6368	-0.6674	0.4079	1.6650	0.6245	0.5237	-1.4193	-0.0823	1.4341	1.5750	0.6506	-1.1738	0.4553	1.0318	0.4066	1.2233	-0.2498	-0.7796	1.0663	1.1809	0.3264	-0.5652	1.1004	-0.5557	-0.2829	0.3208	-0.1109	2.2578	-1.6557	-0.7889	-0.2520	0.4662	-1.6187	2.0022	-0.0596	0.5118	0.2767	-0.5398	-0.0399	1.6116	-0.1045	-1.1112	0.9272	0.9570	-1.1237	-1.0129	-0.4168
2.7414	0.5023	0.5621	0.4904	-0.1602	1.2299	2.5176	-4.2291	1.1129	1.4045	0.3723	1.8959	0.8348	-0.4948	0.3872	0.7924	-1.6832	0.6496	0.0797	1.3831	0.0976	0.4303	1.1762	-0.1228	1.8458	-0.0110	0.7670	1.8274	-0.1019	1.9765	-1.1371	-0.1312	-0.5163	1.6118	-0.9387	0.5684	0.0633	0.8856	0.7741	-1.1053	1.2503	0.3267	1.1481	-0.5836	0.3653	2.6878	0.0516	-0.6821	0.5527
-0.7761	1.5131	1.3237	1.3533	1.2426	-0.6601	-0.2667	-3.3722	1.8423	1.5964	-0.5748	-0.6526	0.6711	0.4254	1.2028	-0.6948	-0.2706	0.7407	0.8130	2.2369	0.7775	0.8094	1.5826	1.5581	1.1972	1.0619	1.8867	2.6233	-0.6103	1.8701	-0.3508	0.8225	-0.4793	2.5152	1.0363	0.4952	-0.1063	-0.1530	0.3647	-0.4073	2.1430	-0.1975	0.8784	-0.0148	0.3126	2.1574	0.1836	0.5018	2.0248
-0.8189	2.5329	1.5612	0.8220	1.6836	-1.1853	0.3228	-1.3351	0.6052	2.4764	2.3925	-0.3930	-0.1558	-0.8475	1.4663	-1.4065	-1.0774	0.0636	-0.1720	0.8995	0.3000	0.9657	1.7809	2.2204	0.1235	0.8829	1.0984	2.5515	-0.6587	2.1041	-0.5607	0.2895	0.7298	3.5816	-0.4679	-0.4887	2.0417	0.2380	-0.3508	-0.3258	2.2252	-0.2324	1.5266	-0.5009	-0.1316	1.1325	-0.6576	0.5704	2.2533
-0.3538	2.0350	1.9648	-1.0386	0.7090	-3.0245	1.0430	0.1420	-0.0132	0.7540	1.6969	-0.0884	0.0327	-2.3003	1.3849	-1.8986	-2.1374	-0.7173	-1.2417	-0.6014	-0.8943	0.4291	2.2270	2.4362	-0.8298	-0.1792	0.2023	1.9768	-1.3883	1.6038	-1.6068	1.7960	1.2062	1.2761	-2.5626	-1.2530	1.9376	-0.2285	-0.4031	-0.2373	1.4339	0.1152	0.6642	-0.2420	-0.2853	1.7312	0.1023	0.4496	1.8359
-0.7561	1.1792	1.8367	-2.0638	-1.0210	-4.4460	-0.1616	0.7572	0.6810	-1.3505	0.3348	-2.4886	-0.2062	-1.5775	0.4301	-1.7877	-0.4877	-1.4393	-1.5850	-1.7094	-0.1597	0.2589	1.3387	1.1562	-1.4087	-0.8330	0.9655	1.2845	-1.4709	1.1590	-2.1303	0.8640	0.3610	-1.7045	-2.6459	-0.3116	0.8560	-0.7413	-0.8506	-0.5503	1.1544	-0.1967	-0.4142	-0.0308	0.1008	0.0103	-0.4134	0.1942	0.6440
-0.4482	0.3646	-0.0900	-1.1531	-1.4482	-1.6128	-0.2882	1.0287	0.8190	-0.8111	-0.3770	-2.3084	-0.3248	-0.2703	0.0874	-0.6340	-0.7136	-1.9434	-1.1550	-1.4813	-0.2829	-0.3537	0.4835	0.3517	-1.6142	0.0068	1.2228	0.2238	-0.6163	0.5643	-1.2457	0.1907	-0.9803	-1.8048	-1.2271	-0.9975	0.2585	-0.6488	-1.2766	0.4200	1.2728	-0.8148	-0.7689	0.8611	-0.2391	-0.1345	0.6091	0.1052	0.8740
-0.5615	-0.5651	-1.6138	-1.7399	-1.9456	-0.0819	0.2495	0.5527	0.3268	-1.6211	0.3091	-2.3973	-0.5781	-0.0369	-0.8534	-0.0407	-1.1004	-0.5860	-0.5931	0.1702	-0.5378	-1.0106	-0.8630	-0.9052	-1.7412	0.0460	0.1630	-1.1626	0.4527	-0.2812	-0.6685	-2.2741	-1.3050	-0.2487	-0.3746	-1.3117	0.0665	0.2848	-1.3957	-0.2746	0.8527	-1.0459	-0.5052	0.4150	-1.1553	-0.8593	0.4367	0.8122	1.7954
0.1138	-0.6715	-1.6765	-2.4845	-1.5667	0.0617	-0.7368	0.4687	0.7141	-2.2018	-0.5992	-2.6755	-0.7594	-0.2246	-1.3418	-0.3275	-1.5223	-0.2886	-0.1698	1.0503	-0.2629	-1.6752	-1.4520	-0.7434	-1.4362	-0.0231	-0.2416	-1.4305	1.0543	-1.0660	-0.4031	-1.9594	-1.2150	-0.1153	0.0107	-1.3734	-1.1168	-0.2291	-1.3271	-0.0319	0.5748	-0.9010	-1.0290	1.1391	-1.2012	-1.0639	-0.6963	0.7175	1.3867
0.1201	1.0006	-1.2372	-0.9524	0.7608	0.9050	0.1908	0.3456	0.7179	-0.7089	-0.6238	-1.5576	-0.5429	0.1874	-0.5584	0.1094	-1.8881	-0.1818	0.2234	1.6098	0.3426	-1.5110	-0.6806	-0.6442	-0.8645	1.8707	0.0247	-0.9865	1.2505	-0.8048	0.4824	-0.8807	-0.1054	1.2836	0.4531	-0.9313	-2.3619	-0.0694	-0.3470	0.5547	-0.1164	-0.8114	-0.9910	1.0744	-0.5738	-0.2173	-0.5325	0.9876	1.5382
-0.7616	0.7893	-0.5276	-0.2727	1.1250	0.4378	0.6919	-0.2543	1.7593	-0.0615	-1.1824	0.2617	-0.7287	0.7379	-0.2047	-0.5987	-0.5035	0.5857	0.4539	1.0798	-0.2105	-0.5069	0.0168	-0.4343	-0.4011	1.0806	0.0301	-1.3520	1.2539	-0.9769	0.7827	0.6230	0.9105	0.9097	0.7930	-0.9861	-0.5974	-0.1871	0.5516	0.4443	-0.1221	-0.6152	-0.9710	0.7165	-0.9702	-0.3051	0.3926	1.5583	0.4684
-1.3799	0.0703	-0.9110	-1.1339	0.2462	-0.9663	-0.1484	-0.7228	1.8149	-0.5303	-1.2876	-0.1839	-1.5373	1.5732	-1.1381	-1.4449	1.1914	-0.0981	1.0825	0.6414	0.5083	0.2317	-1.3153	0.5707	-0.8711	0.1414	1.0221	-0.9413	1.3868	-0.7103	0.6220	-0.6166	0.3040	0.2810	1.0670	-0.5598	0.3865	-1.6584	-0.0064	-0.3097	-0.1608	-1.3506	-0.9744	0.8982	-0.7340	-0.9429	-0.2526	1.2468	-0.2380
-1.0059	-0.1071	-1.0152	0.7312	-0.0793	0.6388	-1.3322	-0.5180	-0.3001	-0.8482	-2.2309	0.3853	-0.2104	1.9420	-1.0781	-0.9384	1.9132	-0.4782	1.3093	0.0639	1.2427	-0.0138	-1.1773	1.3186	-1.0569	0.0615	0.5508	-0.9883	1.5244	-1.1430	1.1910	-0.2966	-0.0954	-0.6700	0.8235	0.2603	-1.2924	-2.4451	-0.5682	-0.0229	-1.0768	-1.6696	-1.0862	1.3375	-0.2848	-0.5688	0.0579	0.6168	-0.6737
-1.0201	-0.4567	-0.5299	0.9234	-0.0289	1.2384	-1.8229	-1.2622	-0.9798	-1.0068	-0.3220	0.8849	0.2660	2.0310	-0.8631	-0.8263	1.9237	-0.3414	0.7763	-0.7846	0.7085	-1.0027	-1.3649	-1.2982	-0.9799	-1.0921	-0.1601	-0.7803	1.3193	-1.3481	1.3353	-0.2364	0.1286	-0.5543	0.8360	0.6464	0.0763	-0.8192	0.2614	0.2464	-0.6327	-1.3961	-0.8129	0.9941	-0.3139	-0.9831	-1.1428	0.5335	-0.2043
-0.3172	0.3310	-0.3921	-0.3629	-0.0817	1.8319	-2.1140	-1.5785	-0.9484	-0.8519	0.1547	0.3620	0.0223	2.0237	-1.0610	-0.4719	1.1186	-0.4064	0.0224	-0.7240	-0.4763	-0.8693	-2.0880	-1.0337	-1.0243	-0.3036	0.2364	-0.0689	0.8121	-0.9506	0.6613	-0.6984	-1.2035	-0.3313	0.4180	0.3705	0.8124	-0.3072	1.1579	0.1648	0.0478	-2.0920	-0.7505	1.0556	-0.0091	-1.0567	-0.3978	0.1696	0.9245
0.2328	1.5380	0.0351	-0.6312	0.1246	1.8460	-1.9231	-0.4606	-0.5676	0.5701	-0.0788	-0.7955	0.1164	1.1275	-0.3267	0.1606	0.4542	1.4992	-0.8647	-0.0831	0.3967	-0.0500	-0.7618	-0.0918	-0.1364	-0.2276	0.8741	0.3890	0.2811	0.0592	0.9430	-0.3207	0.0451	-0.3253	-0.6604	0.3265	-1.3193	0.3333	1.1731	-0.1898	0.5725	0.2027	-0.1094	1.0587	1.1913	0.0141	0.3955	-0.2947	1.3479
-0.1121	2.1433	0.9180	-0.2393	0.1840	-0.6573	-0.5927	-0.1948	0.6659	2.0704	0.1744	-0.7993	-0.6158	-0.9631	0.3223	-0.5310	-0.1502	1.6348	-1.0607	0.8276	0.1045	0.7890	0.9010	0.6538	1.4485	0.4537	0.9168	0.7971	-0.4305	0.2557	0.8485	0.5262	0.2461	0.8603	-0.8581	-0.0040	0.4177	0.7092	1.1577	-0.3975	0.8755	1.7692	0.8702	-0.3937	1.1044	1.3066	1.0776	0.1376	0.9629
-0.6196	0.1763	-0.0956	0.5476	-0.3162	-1.2687	-0.0106	-0.0510	-0.1227	0.8500	-0.2439	-0.6659	-0.0291	-1.8638	-0.3871	-0.3927	-1.0869	0.7194	0.0591	1.0236	-0.6942	1.4443	0.2372	2.4779	1.1128	1.0483	0.0914	0.6831	-0.3267	-0.1157	0.6636	0.7515	-0.2056	0.7356	-0.2987	-0.5438	1.7809	-0.8919	-0.0698	-0.3712	0.8141	1.1436	1.1342	-0.9859	0.0056	0.2896	0.6367	-0.0306	0.0928
-0.5617	-1.5624	-0.6372	0.0465	-0.0794	-1.4582	-0.2094	-1.2631	-0.4888	-1.0431	-0.0905	-1.4500	0.5776	-1.0804	-0.0452	-0.1484	-1.6978	-0.5454	0.3943	0.6172	-0.7145	-0.1054	0.0505	0.2969	0.2056	-0.7759	-1.0613	0.3149	0.2254	-0.7849	0.5536	1.4829	-0.0719	0.1040	-0.4146	-0.9097	0.7257	-1.0955	-2.5730	-0.2345	0.3251	0.3071	0.6144	-1.1384	-1.2617	-1.3161	-1.0308	-0.8015	-0.2170
0.8952	0.4825	-0.3005	-0.3870	0.4084	-0.3872	-0.9617	-0.1774	-0.6070	-0.6642	0.4698	-1.2002	2.1563	-0.8544	1.0247	0.8411	-1.5912	-0.3671	0.1887	1.1454	-0.4017	-0.9673	0.8228	-0.6834	0.4326	-1.2634	-0.5140	0.4360	-0.0151	-0.6542	0.4842	1.7965	0.4008	0.7168	-0.7625	-0.5170	-1.4994	0.0579	-1.9716	-0.3417	-0.3643	0.2208	0.8067	-0.7757	-0.8946	-0.0902	0.0431	-0.6935	1.3847
0.0834	1.2007	-0.3394	0.1330	0.4240	-0.1372	0.6282	0.1425	0.3123	0.2493	-0.4112	-0.0609	1.6501	-1.0359	0.9190	0.7856	-1.3483	0.3246	-0.0887	0.8698	-0.9511	-0.2777	1.5612	-0.5403	1.0612	0.5430	-0.4824	0.4023	-0.1785	-0.8939	-0.7276	1.1384	-0.0338	0.8128	-0.9782	-0.1402	-0.6423	1.0308	0.2089	-0.8000	0.6975	0.8260	0.5355	-0.3350	-0.3145	1.2384	0.6493	0.8343	1.8295
-0.7711	0.5987	0.3078	-0.3645	-0.5776	-1.3081	0.3579	-0.0078	0.5105	-0.2922	-1.3461	-0.5912	0.3807	-1.1389	0.2777	-0.8582	-0.0811	0.6616	-0.5807	0.4125	-0.2189	0.4122	0.8021	-0.0163	1.4603	1.2879	0.9258	0.4101	-0.8015	-0.0290	-1.1875	-0.4271	0.4016	-0.7103	-0.3003	0.3018	-0.5047	0.5170	0.4591	-0.6624	1.1316	1.9448	0.5505	-0.4628	0.8912	0.8849	-0.4481	0.2914	1.2245
-0.4354	-0.7784	0.4071	0.6905	-0.8368	0.7730	-0.4531	-0.2592	-0.3238	-0.2555	-2.1757	0.1153	0.2936	-0.4464	0.2202	-0.5377	0.2239	1.4504	0.2713	0.2958	0.5711	1.2935	0.6993	1.6682	1.9414	1.4792	1.0906	0.1165	-0.7864	-0.0741	-0.7340	-0.5925	0.7361	-1.2026	0.5014	0.5503	-0.0052	-0.2855	0.1304	-0.4393	1.2406	2.1844	0.5404	-0.3522	1.2550	1.0187	-0.9006	0.2748	-0.3684
0.1450	-1.9372	-0.3307	0.4506	-0.4595	0.9541	-0.5878	-1.5304	-0.1427	0.4572	-0.9651	1.1472	-0.5661	0.2062	-0.0543	-0.3491	-0.0074	0.0703	0.6066	0.1979	0.6864	0.4603	0.2959	0.7197	1.9820	-0.0049	0.3909	-0.1673	-0.1364	0.2631	-0.9924	-0.8193	0.5162	-0.3039	1.2410	0.1274	1.2016	-0.3202	-0.3262	-0.6646	0.5915	1.4644	0.2371	-0.6579	0.7971	0.8594	-1.3643	-0.4302	-1.6878
1.0575	-1.4049	0.0620	-0.5703	-0.0068	0.8891	-0.3334	-1.1217	-0.8103	1.2030	0.7287	1.2491	0.2408	0.4482	-0.2545	0.7630	0.6306	-0.1167	0.8672	0.8653	0.9684	0.4080	-0.0707	-0.2976	1.4290	-0.4566	-0.7298	0.3911	-0.1409	0.8933	-0.7485	-1.8290	0.1579	1.1971	1.9098	0.9500	0.2033	0.2249	0.5208	-0.5746	-1.1675	1.3441	0.7984	-1.6799	0.6480	0.7758	-0.3169	-1.3505	-1.9256
0.1640	0.0420	0.2606	-0.8700	0.5230	0.8222	-0.0671	0.6552	-1.4929	1.2172	0.4916	1.4306	0.1561	0.1243	0.0554	0.8768	0.4633	0.5785	0.5411	1.1592	-0.0312	0.4459	0.1960	0.0212	1.3029	-0.8338	-0.5008	0.7219	-0.6062	0.5011	-0.1984	-1.2273	0.7484	2.0079	1.3035	0.7857	0.3863	1.0834	0.9216	-0.9517	-0.3668	0.7130	1.4584	-1.5761	0.3796	1.3201	1.0278	-1.1943	-1.2809
-0.7334	-0.4708	0.2001	-0.0795	1.0047	0.5879	0.0381	0.6790	-0.8781	1.0291	0.1336	1.5307	0.3005	-0.4019	0.7182	1.9266	0.7030	0.5080	-0.5132	0.3914	0.0453	-0.1322	1.5212	-0.2263	1.0215	-0.2139	-0.5714	0.5511	-0.8599	0.6743	0.2456	0.7734	-0.0819	0.0071	1.1908	0.2574	0.1439	1.2104	0.2273	0.1045	0.0616	0.7157	1.3578	-1.3276	0.6103	0.5170	1.2878	-0.8922	-0.5714
-0.8892	-1.0630	0.2939	0.2005	1.6392	-0.7136	0.8329	0.0137	-0.3890	0.3420	0.8346	0.9428	0.3202	-1.0869	1.2318	2.8884	1.4024	1.0092	0.1975	-0.2671	-0.3600	0.7230	1.6946	-0.3858	0.8198	0.2100	0.1205	0.8900	-1.0673	0.0106	-0.7107	1.1324	0.5724	-0.6819	0.6336	0.9681	0.4660	1.1468	0.6668	0.2978	0.3898	0.7634	0.6949	-0.5447	0.6965	0.0611	1.4296	-0.2602	0.1037
-0.1116	-0.3088	0.1386	0.1834	0.6289	-0.8744	0.2578	-0.0384	-0.4220	0.2057	0.2277	-0.7226	0.1806	-1.6014	1.6376	3.4933	0.1753	1.0861	-0.8421	-0.4620	-0.3010	0.9645	1.5861	1.2632	0.6800	0.7190	0.7635	1.6213	-1.1025	0.9033	-1.9292	1.8218	0.4195	-1.0393	0.0789	1.0251	0.6438	0.2432	0.5012	1.0662	0.5260	1.2734	-0.5306	-0.0016	0.4833	0.3977	1.3429	-0.2368	-0.5243
-0.6253	1.0136	0.4189	1.3912	0.6951	0.7618	1.3918	-0.6695	-0.6334	0.7489	-0.1589	-1.8093	0.6205	-1.3511	1.5989	5.0926	-0.0573	1.5575	-1.5260	-0.8414	-0.3424	2.0752	1.5825	1.4123	1.0793	1.7347	1.0295	2.1928	-1.3290	1.0620	-1.5242	1.3293	0.2185	-0.8730	-0.3588	1.7281	0.2326	0.8714	1.2449	0.6173	1.1510	1.1975	-0.0630	0.5433	0.5857	0.9974	1.9366	0.0854	0.3829
-1.9251	0.8448	0.4009	0.8596	0.1668	1.1140	1.8127	-1.2761	-0.3903	0.8678	0.1189	-0.8972	-0.1992	-1.2148	0.6685	3.0908	0.0502	1.2033	-0.9914	-1.1977	-0.3011	1.5838	0.9823	0.4361	1.0239	1.3719	0.8539	1.6784	-1.1494	1.2904	-0.7580	0.2319	-0.3972	-0.7426	-0.4366	1.5280	1.9867	1.5814	1.8749	0.2215	2.1833	1.1060	0.3266	1.2318	1.1789	1.0084	0.7060	0.0183	0.8880
0.0786	-0.0827	0.6419	-0.3691	-1.0575	1.4416	1.3996	-0.7430	-1.4358	0.9811	0.5501	0.0782	-0.7726	-0.5246	-0.4710	-0.2413	1.0320	0.9723	-0.5927	-1.4016	0.6624	0.6125	-0.6237	-0.5369	0.9819	0.5737	0.9975	0.4561	-0.4995	1.4141	-0.1676	-1.4359	0.0952	-0.9207	0.5693	1.2033	1.1058	2.2251	2.5866	0.9335	1.5250	1.1688	0.6580	0.8301	2.1022	0.3923	0.4587	-0.9804	1.0630
0.6869	-0.3764	0.1002	0.7235	-1.1469	1.5047	0.2975	0.4689	-1.6772	0.6077	0.9535	1.7568	-0.4680	-0.1722	-0.7232	-2.6521	0.9198	0.3747	0.2472	-0.5121	-0.4583	0.0469	-0.6273	-0.4255	1.0146	-0.3076	0.5921	-0.8698	-0.5750	-0.2636	-0.0686	-1.0168	1.0741	0.3545	0.7211	0.2859	0.9508	1.7166	2.4022	1.2167	0.4767	0.4212	1.1884	1.1940	1.8273	0.5219	0.6539	-1.7369	1.0641
1.3253	-0.8532	-0.4949	1.4109	-1.2475	0.8744	-0.8686	1.1260	-0.7152	0.7718	0.8822	2.2226	-0.9684	0.5710	-0.7968	-2.3513	-0.1507	-1.8806	0.5669	-1.2774	-0.1194	-1.0769	-0.6711	-0.0003	-0.3549	-0.6890	-0.9359	-1.1998	0.0122	-0.8798	-0.0748	-0.4301	-0.7968	-0.5102	0.9967	-0.8372	0.7948	0.1114	0.5533	1.9092	-0.7814	-0.8541	0.2714	2.0159	0.7626	-0.3177	-0.5200	-2.4066	0.2713
2.2602	-0.1646	-0.0214	1.8430	0.2044	0.8049	-0.2318	1.0797	-0.2373	1.0655	0.3301	2.3043	-0.5270	1.3056	0.2867	-1.0249	0.0014	-1.4438	1.0264	-0.5353	0.0721	-0.9910	0.0405	0.2017	-0.7206	0.0824	-1.0827	-0.6772	0.2357	-1.2592	0.0386	0.1921	-0.6689	0.0571	1.2470	-0.9771	-0.2772	-0.0456	0.4858	1.7740	-2.0556	-1.2862	-0.4928	2.0166	-0.7644	-0.2846	-0.2211	-0.9563	0.0951
1.1020	-0.1508	-0.0197	0.4934	0.1261	-0.7421	0.3614	0.5812	0.1407	0.5886	1.2402	1.5600	-0.5214	1.6283	-0.1134	-0.7540	0.6754	-0.6732	1.3698	-0.6978	0.1223	0.0375	-0.4334	-1.0157	-0.4192	-0.1597	-0.1747	0.1361	0.5126	-1.5414	-0.3913	-0.5094	-0.4765	0.5666	0.5850	-0.6287	0.6078	0.8677	1.0809	0.9660	-0.4558	-1.7249	-0.2395	1.3760	-1.0353	-0.3726	0.1737	0.5546	-0.6326
1.2076	-0.6183	-0.2519	0.1919	-0.4783	0.1952	0.2946	-0.5195	0.0682	-0.1525	0.3351	0.9106	0.0126	1.9243	0.2371	-0.5486	1.3167	-0.3616	0.3261	-1.0150	1.8486	-0.0690	-0.4473	0.2792	-0.4284	-0.2498	0.4439	0.8612	1.2128	0.3589	-0.2272	-0.1683	0.0260	-0.3560	0.5479	-0.1113	0.0138	0.3335	0.8862	1.4987	-0.3891	-1.3424	-0.2805	1.3923	0.0106	-0.3925	0.6950	0.2136	-1.0541
1.0107	-1.0783	-0.2930	0.8956	-0.7099	1.3357	1.6319	-1.2638	0.3104	0.2133	0.5881	0.2151	0.7966	0.5179	-0.6799	0.2583	0.4473	-0.5562	-0.4356	-1.5905	1.4419	0.4273	0.0502	0.2561	0.2179	-0.1179	-0.1232	0.5732	0.8132	0.1478	-0.4074	-0.4024	0.6623	-0.8152	-0.3048	0.6945	1.1635	0.6563	1.1927	1.2486	0.0844	-0.6814	0.5852	0.7173	0.6914	-0.5122	0.3924	-0.2230	-1.0978
0.4852	-0.7085	-0.0262	0.4280	-0.3125	-0.0047	0.0663	-0.8238	-0.5989	-0.0217	1.0826	-1.6310	0.7899	-0.3704	-2.0522	-0.9474	-0.1953	-0.3727	-0.7223	-0.8612	0.1844	0.2472	-0.5507	0.4059	0.2565	0.0566	-0.7367	0.3629	-0.1482	-0.5048	-1.5474	-0.5369	-1.3099	-0.1398	-0.1021	0.8716	1.5316	0.9198	0.8539	-0.3630	-0.2823	-0.4555	1.1791	-1.5454	0.7785	-0.4047	-1.4103	-0.1417	-1.6634
-0.2103	0.9483	0.3920	0.4667	0.5491	-1.4655	0.8162	-0.9288	-1.2080	1.0063	0.9730	-2.5943	1.2977	-1.1300	-0.8448	-0.9554	-0.9990	0.6806	-1.5782	0.0754	-0.1498	0.0707	0.0972	0.2270	0.4151	0.6943	-0.7997	0.2414	-0.9976	0.1146	-1.9591	-0.4332	-1.0795	0.4087	0.2206	0.8390	-0.7618	1.5174	0.0206	-1.3553	-0.7510	1.3380	1.3328	-2.4211	1.6093	0.7757	-1.2380	-0.1056	-0.7304
-0.5323	1.1609	-0.1632	1.1089	0.7728	-0.6747	1.4177	0.1041	-0.5121	0.7850	0.9995	-1.0229	1.2407	-2.1979	0.1390	0.3935	-2.2618	1.1508	-1.6316	0.5733	-1.3771	0.1877	1.1146	-0.2055	0.2785	-0.0316	-0.6956	0.1377	-1.4391	0.6599	-1.5745	1.0479	0.1931	0.4584	-0.3769	0.1690	-0.3859	1.5310	-0.0765	-1.1575	0.0219	1.2410	1.1515	-1.3207	1.3411	1.6126	0.2051	0.1524	0.9351
-0.3671	0.2729	-0.7483	0.3131	0.9292	-0.0180	0.1503	1.3179	-0.8289	0.0466	0.1166	-0.6440	0.3885	-1.9813	-0.2280	-0.1634	-1.9391	0.9952	-1.8474	0.7040	-1.3005	-0.2893	0.9891	0.6354	0.1036	-0.7577	0.1074	-0.0922	-1.2658	0.3093	-1.3332	2.1880	0.0356	0.1994	-0.9600	-0.1529	-0.0941	-0.0592	-0.8413	-0.8735	0.3268	0.3816	0.5422	-0.7984	0.7695	0.9131	-1.2218	-0.1290	0.2010
0.3460	0.2649	-0.4235	0.1310	0.7585	-0.2698	1.0880	1.2939	-0.0612	0.3578	0.8986	0.0242	-0.4761	-0.9516	0.9568	0.0195	-1.0930	0.3073	-1.4672	0.7068	-0.4772	-0.2529	1.4173	0.0702	-0.2886	0.1467	-0.2234	0.0648	-0.5219	0.8184	-0.4316	1.9666	0.4867	0.7604	-0.1824	-0.3161	-1.0671	0.4015	-0.8206	0.4249	-0.5875	0.2623	0.1928	-0.2100	-0.7837	0.0845	-1.5743	0.4973	0.5056
-0.3574	-0.2364	-0.3946	-0.6390	-0.1110	-1.9630	1.3225	0.8682	0.5145	-0.4414	0.8381	0.1807	-1.4948	0.2598	0.2451	1.3032	0.1917	0.1668	-0.2934	-0.6152	-0.1180	1.3044	1.1341	-0.0238	-0.6871	-0.6441	0.1275	0.4409	-0.2413	0.3982	-0.7468	0.4582	0.7528	-0.0752	0.1679	0.1341	0.2122	-0.5427	-1.3169	-0.6507	-0.4829	-0.5501	-0.8768	0.4656	-1.7065	-0.9462	-1.5773	1.0707	0.7908
0.5513	-0.3365	-0.4392	-1.4998	-0.9357	-2.1387	0.3952	1.2296	0.8174	-1.1055	-0.1012	-0.1136	-2.0490	0.5370	-0.6090	-0.0241	0.8859	-0.6225	-0.2497	-0.4889	0.8993	0.9422	1.0529	0.9261	-1.2252	-1.1446	0.1338	0.2115	0.2060	-0.3931	-0.5200	0.7267	0.0594	-1.3306	-0.0986	-0.1446	0.6583	-1.7706	-1.9970	-0.6588	-0.6277	-1.0701	-1.4940	0.2623	-1.4828	-1.4951	-1.6728	0.4922	0.2530
0.7874	-0.2993	0.1239	-0.0523	-0.3797	-0.1700	0.6503	0.4030	1.1827	-0.9197	-0.1739	-0.1591	-0.3109	0.9023	-0.6756	-0.4845	0.4025	-0.9299	0.1401	0.0917	0.3426	0.7919	0.3783	-0.2923	-1.5707	-0.0363	-0.0678	0.1214	0.6305	0.1078	1.0407	0.3902	-0.5303	-0.5628	-0.0796	-0.6943	-1.1550	-1.1189	-0.8291	0.0730	-1.0653	-1.0549	-1.1131	0.5934	-1.2509	-1.6387	-0.6962	0.1191	0.0382
0.2635	0.0715	-0.1716	1.2105	0.3499	0.0349	0.4255	-0.7372	2.0458	-0.2557	0.0436	0.4661	1.2061	0.7316	-0.7020	-0.6620	-0.7300	-1.0796	0.5549	-1.2442	-0.6799	0.8662	-0.4477	-1.7405	-1.3848	-0.3448	-0.9053	-0.4814	1.1080	-1.0041	1.8324	0.2659	-0.2192	0.2919	-0.9909	-0.6754	-0.6640	-0.2191	-0.6832	-0.3202	-0.1112	-1.4000	-0.0893	1.3547	-0.7012	-1.5152	-0.1576	-0.2387	-0.6342
0.6070	-0.4733	-0.0146	0.6117	-0.2651	-0.2496	-0.6339	-1.0916	2.0477	-0.6195	0.6642	-1.3743	1.1934	1.3835	-1.2165	-0.4916	-0.2858	-0.7192	0.8430	-1.5475	0.3031	0.3475	-1.4487	-1.8992	-1.4643	-1.0713	-0.8559	-0.2319	1.4630	-0.8855	1.7622	-0.8068	-0.0971	-0.3722	-0.3409	0.2528	-1.1637	0.2509	-0.9310	-0.4253	-0.5331	-1.1495	0.1162	0.1698	0.1116	-2.6375	-1.1827	-0.0709	-0.9818
-0.3349	-0.0341	0.4974	0.0844	-0.7202	-0.3011	-0.5531	0.3845	1.5432	-0.5972	0.8515	-0.0842	1.3401	1.0868	-0.0720	0.4266	-0.4489	-1.2610	1.3109	0.1951	-0.3896	-0.2498	-0.7702	-1.0802	-1.4070	-0.3786	-0.7480	-0.6002	0.4811	-0.4262	2.3619	-0.2986	-0.2097	-0.0625	-0.1502	-0.1771	-1.1738	0.3822	-0.8736	-0.2591	-1.0591	-1.3341	0.3191	-0.1463	-0.4209	-1.7943	-0.1790	0.6336	-0.2309
-0.7951	-0.7150	0.2107	-0.6608	-0.9436	-0.8009	-0.5784	1.9718	2.2860	-1.0483	-0.3710	0.4894	0.2848	1.4229	-0.1932	-0.3000	-0.1777	-1.1349	1.1290	0.8446	-0.2662	-1.1289	-0.5831	-0.3205	-1.8057	-0.2853	-0.2212	-1.5250	1.0292	-0.7301	2.3662	0.6444	-0.0274	-0.1635	0.6093	-1.8897	-0.2070	-1.4597	-2.1899	0.4332	-0.9099	-1.3271	-0.6350	0.2980	-1.5297	-1.3802	-0.1243	0.9915	-0.3668
-0.8270	-0.4270	1.0024	-1.0125	0.1158	-0.8291	0.7123	1.1672	2.9978	-1.1271	-0.3515	0.3857	-0.0742	2.0434	-0.0964	-0.8384	0.7845	-0.8625	1.7708	1.1763	-0.1852	-0.7961	-1.1148	-1.2894	-1.9045	0.6314	0.1924	-1.4006	1.5014	-0.9541	2.1867	0.3408	0.9088	-0.1941	0.9444	-2.1524	-1.8108	-1.6162	-1.5129	0.9179	-1.9106	-0.9906	-1.3453	0.7664	-1.9289	-1.6139	0.9004	1.0275	0.7012
-0.6554	-0.2557	1.1000	0.4667	0.3898	1.4061	0.1452	1.3871	2.0718	-0.8120	-1.1139	0.3279	0.7091	1.5879	-0.3556	0.2622	0.3621	-0.3663	2.3663	0.5810	-0.4384	0.4257	-1.5400	-0.1455	-1.3641	-0.0286	0.2043	-0.9939	1.2764	-0.7472	1.5619	0.1027	1.2811	-0.4559	0.7235	-1.7497	-1.3841	-1.5860	-0.7585	0.4414	-1.2593	-1.1761	-1.7673	0.9254	-2.1161	-1.6728	0.5493	1.3625	0.5659
-1.2243	-0.3800	0.1006	-0.2245	0.6172	0.9252	-0.7041	1.2533	1.0545	0.3280	-1.1478	-0.0428	-0.6164	1.0557	-0.6643	-0.0863	-0.0995	-0.7920	1.9552	0.6271	-0.4571	0.4240	-1.4392	0.4472	-1.5069	-0.1501	-0.1665	-0.6847	1.3349	0.3150	1.4472	-0.0584	0.4158	-0.6337	0.4133	-1.0341	0.0434	-1.8778	-1.4413	-0.1290	-0.5476	-1.5280	-1.5977	-0.0582	-1.6313	-1.7985	-0.6974	0.6560	-0.1165
-0.7498	-0.5536	-0.9971	-0.4578	0.3740	-0.5971	0.0665	0.6662	0.2328	0.5335	-0.3742	-0.1957	-0.0465	0.3774	-0.1007	-0.5277	-0.6534	-0.8491	1.0500	0.0924	0.0946	0.1255	-0.9260	-0.2252	-1.6557	-1.3033	-1.0885	-0.5372	1.3135	1.3978	1.8217	-0.0702	0.8832	-0.2480	-0.4892	-0.6924	-0.7555	-1.1025	-1.6076	-0.6218	-0.9041	-1.1644	-0.7076	-0.4442	-1.2154	-1.6721	-0.2667	-0.1669	-0.0457
-0.6349	-0.7945	-1.5187	0.7646	-0.0743	-0.7028	-0.8135	1.0270	0.1509	-0.6496	-0.2151	0.5834	0.6276	0.0823	0.1456	-0.3964	0.1086	-0.1961	0.1701	-0.4286	-0.6331	-0.1407	-0.3122	-0.5706	-1.8307	-2.3484	-1.0003	-1.0451	0.1721	-0.2087	1.7806	1.3921	1.6705	-0.2202	-0.9552	-1.1622	-0.5734	-0.5295	-1.6318	-1.3362	-0.8963	-1.5784	-0.5662	0.0630	-1.3812	-1.0948	-0.4433	0.4136	-0.1946
-0.5213	-0.8980	-1.2892	-0.3345	-0.5992	-2.1912	-2.6806	1.2204	0.4725	-0.9787	-1.3414	0.1486	-0.8389	0.7385	-0.6402	-1.2282	1.0328	-1.0137	0.3265	-0.2012	-0.3781	-0.8647	-0.6284	0.1860	-1.5619	-1.0259	-0.2158	-1.6443	-0.1116	-2.9059	1.0784	0.5900	0.0095	-0.8752	0.0308	-1.9184	0.8268	-1.6601	-2.4434	-1.4126	-1.0636	-2.1625	-1.0488	-0.6647	-1.5723	-1.0012	-1.2698	0.6319	-1.0678
-0.3512	-0.6834	-0.7851	-0.2397	-1.0676	0.4727	-2.2002	0.1959	0.0222	-0.8003	-1.6847	-0.0515	-0.5781	1.2050	-1.1121	-0.1535	0.7602	-0.8267	0.9442	0.2212	-0.0604	-1.0391	-1.1409	0.2034	-1.1299	-0.0367	-0.2248	-1.2175	0.4898	-1.3947	1.2960	-0.2599	-0.5417	-1.1926	1.0883	-1.7672	-0.9028	-2.3812	-1.8454	-1.0371	-1.8390	-0.9252	-1.4104	-1.4794	-1.4984	-0.5046	-0.4738	0.5403	-1.3883
-0.7455	-0.8683	-0.6797	-0.4436	-1.2609	0.6849	-1.0827	-0.6766	-0.1840	-0.7867	-0.1810	-0.5753	-0.1462	0.3278	-1.5516	0.7817	-0.2366	-0.0696	0.8938	0.1340	-1.2637	-1.4934	-1.6406	-1.1082	-0.5472	-0.8377	-2.1359	-1.2152	0.6946	-1.2869	1.2502	-1.7161	-1.0333	-0.5044	0.4379	-0.8658	-0.0717	-1.2503	-0.9752	-1.4115	-0.7948	-0.4197	-0.3992	-2.3030	-1.3672	-0.7830	0.0902	-0.2696	-1.2803
-0.7374	-0.5915	-1.4165	-0.6353	-1.2188	-0.2913	-2.2011	0.6737	-0.4272	-1.7213	-1.0083	-0.2348	-0.4557	-0.2220	-0.5358	-0.0035	-0.4112	-0.5380	-0.2167	0.3329	-0.6937	-1.9831	-0.8368	-0.6692	-0.3575	-0.9869	-1.9105	-1.5421	0.0778	-1.5262	0.9003	-0.2884	-1.0829	-0.8996	-0.9853	-0.3226	-1.0462	-1.0999	-1.2075	-1.3882	-0.6726	-0.6403	-0.5218	-1.5105	-0.2806	-0.0249	0.4330	-1.1213	-1.1443
-0.2243	0.3557	-0.5482	-0.0147	-0.3433	0.3132	-0.9274	1.0798	-0.3229	-1.2853	-0.6653	0.2287	0.0648	-0.8656	1.0920	-0.3043	0.3336	-1.1111	-1.3144	0.3759	-0.2629	-1.3174	0.0431	-1.0210	0.4182	1.2875	-0.9902	-1.2258	-0.6279	-0.8787	0.3770	0.1709	-1.3720	-0.7444	-1.9685	0.9407	-2.3354	0.3064	0.4822	-0.6820	-1.0211	-0.1261	0.1462	-1.0425	-0.0673	0.4079	1.4597	-0.5499	-0.3254
-0.0102	0.8640	-0.0435	-0.2317	0.3750	-0.5261	0.2461	0.8909	0.1698	-0.5408	0.2499	0.4661	0.1099	-1.1058	1.0503	0.4173	0.5958	-0.5324	-1.3669	0.0941	-0.6696	0.1832	0.0593	-1.1537	1.2169	0.8395	0.1550	-0.6715	-1.1681	-0.4834	-0.5526	-0.5510	-0.4835	-0.1136	-2.3456	1.1199	-0.8607	0.8672	1.4530	-0.5026	0.0052	0.7809	0.8943	-0.6676	0.4918	1.1913	2.1839	-0.0413	-0.0411
-0.4663	0.1144	-0.8081	-0.4076	-0.3250	-0.5915	-0.2581	0.6787	-0.9254	-0.5143	0.1220	-0.2625	-0.6721	-0.7864	-0.0743	0.1565	0.4010	-0.6222	-1.6184	-0.3318	-0.2350	0.4547	-0.6597	0.3771	1.1651	0.5661	0.9405	-0.2929	-1.3773	0.4312	-1.0163	-0.6903	-0.5281	-1.0197	-1.3614	0.7869	0.0810	-0.6837	0.2814	-0.6821	0.2469	0.4814	0.2766	-0.6977	1.1044	0.9953	1.2995	-0.5638	-1.0633
-0.0097	-0.3693	-0.5093	-1.5637	0.0127	-0.4460	0.2591	-0.0762	-1.4114	-1.0041	0.8011	-0.6176	-0.3602	-1.0942	-0.4624	-0.2249	0.1488	-1.1392	-1.4250	-0.5142	-0.6504	-0.9184	-1.1453	-0.4521	0.8243	-0.1838	0.1577	-0.5139	-1.3191	1.0623	-0.8851	-1.8878	-1.3434	-0.9381	-0.8690	1.0790	-0.0827	0.1757	0.4247	-0.7582	-0.1825	0.5868	0.3217	-1.5951	1.2552	0.1487	1.4681	-0.9472	-1.0734
-0.0404	-0.1539	0.0210	-1.9333	0.2452	-0.0181	0.3345	-0.0997	-0.9995	-1.1820	-0.1927	0.4080	-0.5152	-2.1409	0.1668	-0.1059	-0.3390	-0.9995	-1.2522	-0.3891	-1.8322	-1.4422	-0.0130	-0.9151	0.4235	-0.6499	-0.8132	-0.6814	-1.4540	1.3262	-0.3522	0.0116	-1.4577	-0.5289	-1.3070	0.5947	0.4064	0.2230	0.6114	-0.4652	-0.4804	1.2266	0.0033	-1.5371	0.5308	0.4499	3.2118	-1.0264	-0.8186
-0.0203	-0.4298	-0.0911	-1.9875	0.5822	-0.4565	-0.2558	-0.4094	-0.8539	-1.4096	-0.6125	-0.4952	-1.6276	-1.8874	-0.0125	-0.6429	-0.1476	-0.7474	-1.3002	-0.6333	-1.8584	-1.6197	-0.6783	-1.7206	0.2593	-0.4490	-0.8049	-0.2003	-1.2023	0.7441	-0.6502	-0.5795	-2.1854	-0.0769	-1.9515	0.7211	0.5888	-0.1671	0.4201	-0.6534	-0.0576	0.6956	-0.0085	-0.7483	0.4345	0.6275	2.2562	-1.6574	-0.5569
0.4506	0.1130	0.2895	-1.0538	1.7341	0.2754	0.0700	-0.2718	-0.7242	-0.7008	-0.7059	-0.6422	0.1805	-1.0560	1.2391	0.1437	1.0311	0.4850	-1.4682	-0.2032	-0.0677	-0.8921	-0.5613	-0.8324	0.7275	0.5971	0.6214	0.1672	-0.8460	0.6421	-0.8050	0.0370	-0.6866	0.2652	-1.6022	1.2656	-1.8614	-0.2311	1.4030	0.6160	0.1502	0.6573	0.2097	0.5776	1.4868	1.0559	1.2002	-1.0647	-0.3972
0.3608	0.5511	0.6952	1.1268	1.7277	1.6587	0.5508	0.6358	-0.8628	0.9281	-1.5308	0.1596	1.0168	-1.1038	1.5111	1.0820	0.8216	1.4871	-0.7573	0.5726	0.2378	0.6294	-0.3784	0.0700	1.8912	0.8446	1.4805	0.4905	-0.5387	0.7659	-0.1061	0.7232	0.8511	0.9381	-0.8648	1.6855	-0.3189	0.1695	2.7420	1.0326	1.7850	0.8988	0.6981	1.2161	1.3801	1.3026	1.7482	-0.2581	-0.6507
0.9373	0.0688	0.2304	0.7305	0.9759	1.1347	0.7397	-0.5990	-0.9607	1.7253	-0.6392	-0.0314	-0.2682	-1.2675	0.1545	-0.0685	0.1779	1.4517	-0.6565	0.3163	0.5342	0.5877	-0.1270	-0.1819	1.5217	0.2110	1.3910	0.4825	-0.3287	1.3626	-0.4321	-0.5728	1.1057	0.8804	-0.6531	1.3397	1.3923	0.7845	2.1034	0.7622	2.3819	1.3030	0.8401	0.4157	1.7040	1.0132	0.1794	-0.5306	-0.8460
2.0156	0.6441	0.2208	-0.2567	1.2806	1.0690	1.0451	0.1259	-1.6329	2.0416	0.9309	-0.0388	-0.7700	-0.6827	-0.0687	-0.9081	-0.8096	1.5443	0.0206	1.2319	0.3112	0.0806	0.5622	1.3070	1.0795	-0.2850	0.9257	0.1816	-0.1640	0.5409	-0.5029	-1.4021	0.9961	1.9328	0.1784	0.6556	-0.0460	0.9335	1.4504	0.2691	0.7241	1.8249	1.2662	-0.7425	1.6268	1.7754	0.8700	-0.2593	0.5350
1.4609	-0.3907	-0.1263	0.2310	0.5145	0.9710	1.2469	-0.8486	0.4305	0.0515	0.0744	0.5498	-1.0683	-0.2495	0.1824	-0.2732	-0.2368	2.1928	0.3067	0.4190	0.0353	-0.2071	1.1753	1.0391	1.3568	-1.3135	0.4961	-0.2425	-0.1348	-0.2127	-0.7494	0.4522	1.0571	1.1444	1.0628	-0.0909	0.3849	0.3566	0.7378	0.3070	0.3194	2.2402	0.7496	-0.8658	0.6950	1.1378	0.0475	0.7829	0.5660
1.3462	-1.0135	-0.5597	-0.4196	-1.2335	0.0401	-0.4115	-1.3936	0.6224	-0.8802	-0.5826	-0.2903	-0.7989	0.5211	-0.6667	-0.4450	0.6922	1.3127	0.5126	0.2045	0.5445	-0.5358	0.1009	1.2461	0.9002	-1.0204	0.9624	0.1068	0.0489	-0.1450	-0.7719	-0.4280	-0.1520	0.1171	1.1527	0.1961	0.9139	-0.7335	-0.1907	0.7428	0.2563	1.5553	-0.1130	-0.7928	0.4094	0.0722	-1.7956	0.5174	-0.4868
1.8618	-0.8336	-0.3330	0.4118	-0.9690	1.3061	-0.6649	-0.4589	-0.5272	0.4198	-1.3422	0.1916	0.0257	0.8824	0.1193	0.0215	0.7250	0.5983	0.9516	0.1093	0.7996	-0.8223	0.2332	0.6728	0.9244	0.1487	0.6396	0.0079	0.1330	0.2767	0.2783	-0.5389	-0.8653	-0.0269	0.7023	0.9355	-0.7806	-0.9210	0.0875	1.0926	-0.0627	0.9574	-0.7131	-0.0460	0.9000	0.6282	-0.3903	-0.0155	-0.2548
1.6040	-0.3663	0.5105	0.7171	-0.7844	0.9109	0.6046	-0.8709	-0.8756	0.3666	0.7940	0.2781	0.3957	0.7229	0.7254	0.0753	1.6018	0.8197	0.5866	-0.3289	1.0653	-0.5065	-0.7858	-0.8314	1.5421	0.3077	0.3948	0.1883	0.6842	0.5161	0.3360	-1.9147	-0.5496	1.1164	0.0820	1.2948	-0.1459	1.1932	1.5314	1.2166	0.5415	0.7548	0.1839	0.1385	0.7152	0.4703	-0.3265	-0.1123	0.2986
2.2423	0.4339	-0.0319	1.3137	-0.1011	1.6206	0.1415	-1.0806	-1.2672	-0.3982	-0.1230	0.2068	0.8929	0.0280	0.8173	0.5736	1.7173	1.0183	-0.5822	-0.9273	0.7801	-0.0060	-0.9035	-0.6080	1.7476	0.4474	1.2040	0.5127	0.1287	1.1674	-1.2681	-1.3708	-0.0305	0.6486	-0.1152	1.0922	0.1879	1.8611	1.9017	0.6994	1.4795	0.7593	0.4759	0.6380	1.4664	1.5849	-0.8626	-0.4349	0.0936
4.4014	1.9544	-0.4000	1.3748	1.7211	1.3893	-1.5127	2.3468	-0.3509	0.2005	-1.2171	0.6621	-0.3092	0.1280	1.0924	0.3960	0.6474	1.8481	-0.5054	0.4266	0.7294	0.6680	1.3594	-0.4635	1.2100	0.8577	1.2743	1.2764	0.0598	2.0967	-2.4055	0.3200	0.6770	1.0169	0.8072	-0.2142	-0.2910	1.4426	2.0934	0.8125	2.7941	-0.0473	0.8174	1.2854	2.1669	3.0752	-0.2373	0.1766	1.5267
-3.3151	2.6613	2.9435	0.8059	1.3562	-1.3778	-1.8923	-3.4554	1.4380	2.5752	-0.6987	0.9253	1.7033	1.3521	1.7323	-2.1793	1.7762	0.7784	-0.0972	2.7131	0.2164	1.2916	3.7128	1.7877	1.1904	1.9901	1.7509	1.1944	-0.7225	1.0050	-0.4610	0.3610	2.1288	2.7102	-0.3981	0.6348	0.9355	0.9948	1.7435	1.3653	1.9177	0.9518	1.6902	0.2578	0.9108	1.1980	1.1235	1.9395	2.8375
-4.0449	2.0346	3.3580	0.1918	0.6891	-0.8309	-1.3259	-3.7660	0.7585	2.2820	0.7701	-0.9604	-0.1480	0.2974	1.1151	-1.2746	0.3194	-0.3934	-0.2228	1.2550	-0.3333	1.2987	2.1328	4.1328	0.0886	2.2534	1.0224	1.9260	-0.3653	1.3511	-1.0985	0.0540	1.2479	1.3883	0.9412	0.0050	3.1436	0.4588	-0.0370	0.2421	2.8641	0.5934	0.5231	0.8671	0.0364	1.1835	-0.2609	1.7408	1.9035
0.4190	1.7990	3.6109	1.1058	-0.3061	-0.1261	1.9586	-1.9977	-0.9352	1.3069	1.6631	-0.8226	0.1791	0.1512	1.9983	0.6698	-0.5853	0.4739	-0.1873	-0.4983	0.1973	1.7474	1.4245	1.6502	-0.2955	0.5454	0.1260	3.0619	-0.4339	1.1036	-1.1983	0.1157	0.6407	0.1934	0.9875	0.7794	1.4702	1.0768	-0.5172	-0.1525	1.2639	0.4412	-0.2230	-0.0236	-0.0582	0.1230	-1.8344	1.4400	1.4534
-0.2315	1.9288	3.5659	0.6779	-0.2466	0.6300	0.6693	-1.1080	-1.4988	-0.0573	1.7405	-0.3013	-0.2857	0.3871	2.2921	0.4969	-0.5930	1.5263	0.0616	0.0141	0.1155	1.7688	1.5178	0.7363	0.2192	0.4055	0.5766	2.1558	-0.3700	1.4315	-0.8290	0.3831	1.0447	0.3862	0.6155	0.9299	1.8314	0.7289	0.0119	-0.5344	0.9464	1.1383	-1.3460	0.3107	0.2476	0.5045	-2.0678	1.3959	1.3045
-0.7284	2.0402	2.6429	-0.8149	-0.4995	-0.3789	1.4504	-1.8755	-1.1379	1.1740	1.9265	0.4958	0.2042	0.2076	2.9397	-0.4535	-0.3492	-0.9469	-0.1385	-0.3123	0.9016	1.2466	1.0159	0.4863	0.2331	1.7300	0.2199	1.2411	-0.1920	0.8821	-0.5257	0.4304	0.9464	-0.1269	0.3411	0.6747	0.7493	1.5670	0.8816	0.0989	0.3891	0.6353	-1.1760	1.9900	0.3451	2.0807	-0.6458	0.5523	1.6887
-1.1293	2.8039	2.3731	0.4394	1.0012	-0.3500	-1.4088	-0.5409	0.0864	0.1053	2.0554	0.2616	-0.8294	0.4796	2.8345	0.2059	1.1616	-0.0547	0.2998	1.0902	2.1711	1.1064	1.2656	-0.0713	0.6239	4.4020	1.0631	2.1362	-0.0104	0.2649	-0.0251	2.9925	0.2579	1.4192	0.8598	1.2529	0.1513	1.5503	0.7009	1.0669	1.6577	-0.1187	-0.2236	2.9009	-0.0713	2.4036	-1.0408	1.0639	1.5659
-1.2356	2.5417	1.4611	1.0399	1.5497	1.2105	0.9676	-1.4007	0.3774	1.8963	3.1761	-0.0152	-0.3443	0.5119	1.7392	1.5739	0.3387	0.4509	0.8237	0.8899	3.1329	2.1044	0.7933	-0.2788	0.6909	2.8437	1.2171	2.2337	0.6289	1.3646	-0.2112	1.5225	0.3628	1.9293	0.8289	0.9234	1.6482	1.5089	0.8627	1.5071	1.8011	0.9501	0.0966	2.1810	0.3270	0.5387	-1.4251	0.4757	0.7055
-0.6374	1.5484	-0.4062	0.8657	2.5728	0.1270	2.5326	-0.5857	0.8100	1.1311	2.2184	0.8975	1.3035	-0.5091	1.1288	0.6148	-1.6240	0.2923	0.9184	1.5277	2.5808	1.6187	1.1121	1.0829	0.5339	1.4142	0.9983	1.7241	0.5207	0.2347	0.2817	1.9851	2.2775	2.2357	0.1545	-0.3372	1.5769	2.1512	0.1844	1.0628	1.1751	1.0038	1.0743	1.2993	-0.2081	0.5816	-0.7215	0.4957	1.4780
-1.4961	-0.8494	-0.5346	-0.0018	1.1428	-2.1806	2.1227	-0.1541	0.8241	1.2612	0.1061	0.9848	0.9741	-0.5020	-1.0835	-0.1265	-2.2835	1.1537	1.6776	0.5078	2.7625	0.4215	-0.0680	2.2036	0.2920	0.2340	0.0384	0.4452	1.1798	-1.2592	0.5757	-0.1760	0.8485	0.3054	1.6464	-1.1574	2.6077	1.1947	-0.9648	0.0977	0.9877	0.9833	1.4341	-0.3727	-0.8387	-0.0752	-0.2768	0.3499	1.6494
-1.3481	-2.1859	-0.8327	-1.5054	-1.5859	-2.0863	0.4260	0.4751	-0.3565	0.5635	-1.0565	1.0355	0.2764	-0.5438	-2.9688	-0.4891	-2.4190	-0.0336	1.6735	-1.0057	2.0329	-0.3989	-1.2142	2.6745	-0.3998	-2.4090	-0.4370	-0.7427	0.9681	-1.2305	-0.1382	-1.8178	-0.7633	-1.1523	2.9489	-1.8791	2.1399	-1.6450	-2.1592	-0.9059	-0.2533	-0.1777	1.3459	-0.5483	-0.7407	-0.5848	0.1312	-0.6194	0.8033
-0.1420	-2.2094	-1.4911	-2.3087	-3.3818	-1.1240	-1.3265	1.2004	-2.0137	-1.0008	-2.4546	1.1442	-0.3762	-1.0758	-3.3966	-0.4922	-1.2062	-1.7642	0.1237	-1.5126	1.1309	-1.3617	-1.5445	1.7465	-0.6282	-1.8519	-1.1989	-1.9138	0.1021	-1.8262	-1.1288	-0.8984	-2.5549	-1.9016	2.1379	-2.2445	0.7481	-3.0665	-1.8929	-1.9683	-1.7085	-1.0439	0.2439	-0.3676	-0.8988	-0.4104	-0.2392	-1.0759	-1.3665
-0.8227	-1.6779	-1.9036	-1.3817	-2.8652	-0.2619	-1.4474	0.6730	-1.9866	-1.4034	-2.8557	0.7198	-1.1115	-1.2538	-2.4719	0.1617	-0.8581	-1.5594	-1.3730	-1.9939	-0.2941	-2.0865	-1.3423	-0.3607	0.1789	-1.7132	-1.4172	-2.4514	-0.4460	-1.7244	-1.1061	0.3818	-2.1151	-1.6621	0.4501	-2.4755	-0.6325	-2.0413	-0.4953	-2.1039	-1.4854	-0.3480	-0.8950	-0.2684	-0.8337	0.1483	-0.4781	-1.0306	-1.9566
0.1688	-1.3985	-2.2152	-1.5594	-1.6504	-0.3348	-1.4729	0.8646	-2.5156	-1.0891	-1.2741	-0.9190	-0.2008	-1.1701	-3.3195	1.3689	-1.1192	-1.8546	-0.9546	-1.2559	-2.4522	-2.1160	-1.4721	-1.3876	-0.7963	-1.8969	-2.0574	-1.9560	-0.5554	-1.1167	-1.2131	-1.0511	-2.4367	-0.9509	-0.6603	-1.5166	-1.1141	-1.5625	-0.8195	-2.3256	-0.6023	-1.6991	-0.9407	-0.4030	-1.1404	-0.3565	-0.0568	-2.2096	-1.6177
1.0335	-0.9595	-1.7763	-0.8175	-0.0856	-0.8617	-1.1806	1.3410	-2.5179	-0.8120	-0.0769	-1.3866	1.5478	-0.6369	-1.4967	1.6556	-2.0269	-2.3079	-1.0745	-1.0366	-2.7142	-2.1010	-1.1148	-1.7019	-2.2683	-1.1584	-2.6508	-0.7970	-0.1321	-0.7874	-0.0911	-1.4333	-1.8418	-0.4965	-1.8869	0.1305	-1.6881	-0.9318	-1.5494	-1.2445	-1.7110	-2.2500	-1.0894	-0.7015	-1.4110	-1.5720	0.3416	-2.3570	-0.9028
1.1330	-0.3505	-1.5459	-0.2857	0.0938	-0.7921	0.0330	1.8243	-0.5091	-1.0875	-0.2411	-0.6844	3.0501	-0.3635	0.4265	2.2697	-2.1497	-2.1906	-1.0881	-1.6039	-2.0654	-2.3629	-0.3917	-2.0386	-2.3924	-1.2360	-2.0997	0.0832	0.1693	-0.5828	0.2934	-0.1954	-1.3422	-1.0650	-2.6330	0.8050	-1.0979	-0.8855	-1.3344	0.0326	-2.0647	-2.4817	-1.6355	0.4128	-1.1891	-1.5785	0.8429	-0.9950	-0.9298
1.0141	-0.2246	-0.7649	-0.5043	-0.3317	-0.3208	0.6994	1.0758	1.2350	-0.8456	-1.4595	-0.6644	2.4080	0.4217	0.3089	0.8355	0.2214	-0.3328	-0.5526	-1.0656	-0.4656	-1.6269	-0.3108	-1.5262	-1.1495	0.0571	-0.8660	-0.4773	0.4425	-0.4178	-0.0584	0.0395	-0.4616	-2.2177	-1.1879	1.3584	-2.1793	-0.5249	-0.9336	0.7621	-2.2245	-0.7032	-2.4805	1.2808	-0.6909	-1.7320	-0.4850	0.2200	-0.9281
1.0408	0.7719	-0.1945	0.1990	0.0433	1.5220	1.3873	0.2742	2.4313	-0.1053	-0.3862	-0.6023	1.4547	1.1074	0.2072	0.9527	1.1112	1.6825	0.3893	-0.2017	-0.0537	0.5856	-0.2323	-1.4460	0.1461	1.0430	0.8073	0.2275	0.5485	0.9654	-0.2900	-0.1727	0.3711	-0.1549	0.2681	2.2593	-2.7239	0.2425	0.1812	2.1061	-0.8262	-0.0056	-1.0696	1.3369	0.2811	-1.1923	-1.2668	0.3130	0.6089
0.4653	0.6041	-0.7794	0.5007	0.3463	0.7328	2.6391	0.1056	2.2792	1.3151	0.4546	-0.1248	-0.4678	1.3474	-0.7044	-0.3769	-0.0254	1.6644	0.9029	-0.4719	-0.3100	1.5802	-0.3521	-0.2878	-0.6907	0.3062	1.1137	0.3197	0.6072	0.6787	-0.5452	-0.9870	0.2378	1.1107	0.6067	1.2251	0.4155	0.6188	1.2149	2.0620	0.7529	-0.8999	0.1326	1.0891	0.2407	-0.0359	-0.2483	0.4937	1.4632
0.1272	-0.7600	-1.1087	-0.1817	-0.7347	-0.0822	2.2100	-0.2081	2.2467	0.5026	0.9158	0.5347	-1.8545	0.7683	-0.6537	-1.8079	-0.1456	0.8316	0.6601	-0.3661	0.2815	0.8548	-0.1681	0.7310	-1.0885	-1.1774	1.2845	-0.0407	0.7745	1.4497	-0.0298	-0.0511	1.3704	-0.0189	0.7050	-0.8143	0.3298	0.4452	0.7607	1.8022	-0.3194	-0.5905	0.2690	0.5857	-0.4035	-0.8482	-0.3835	1.0071	0.7927
-0.3811	-1.7836	-0.7357	0.0265	-1.9325	-0.2015	0.0179	-0.4942	1.7106	-0.9843	0.2014	-0.3607	-0.7789	0.9590	-1.0516	-1.3693	0.7217	0.4394	0.6395	-0.2804	-0.2104	0.7093	-0.6049	0.6335	-1.0522	-1.7782	1.4108	0.0551	0.8458	0.5392	1.0774	0.1197	0.8365	-1.0329	0.3767	-1.1677	-0.0081	-0.9074	-0.2765	0.6882	-0.4985	-1.2564	0.3213	0.1422	-1.2266	-2.6646	-0.2478	1.0190	-0.5184
0.4223	-1.1975	-0.9401	-0.0225	-1.0447	-1.0192	-1.4505	0.5339	0.3681	-0.4613	-0.2240	-0.7925	-1.1548	0.9914	-0.6916	-1.3338	-0.9344	-0.4846	0.8566	0.2204	-1.2794	-0.5136	-0.2866	-0.0875	-1.7268	-1.3099	-0.5905	-0.3099	0.9480	-0.7925	1.0626	-0.1959	-0.7243	-0.3275	-0.9646	-0.6098	0.0966	-0.6711	-1.2052	-0.8317	-0.3085	-2.0631	0.0653	-0.0410	-1.5857	-1.5265	0.6684	0.2899	-0.1272
0.7469	0.1565	-0.0793	0.2549	-0.7194	-1.1966	-0.9707	0.6726	1.0087	-0.9009	-0.6644	-1.3923	-1.2073	0.5352	0.3511	-0.8409	-0.4325	-0.4678	0.1854	0.1741	-0.9882	-0.7965	0.5421	-0.8255	-0.9856	-0.7674	-1.0922	-0.4441	0.8720	-0.0376	1.1069	0.7564	-0.3565	-1.0793	-0.9409	-0.3744	-1.4260	-0.5079	-0.9485	-0.1701	-0.8053	-0.5505	-0.7940	-0.4470	-0.5543	-0.9553	1.2764	-0.0593	-0.0684
0.7341	1.7706	0.0664	-0.1066	-0.3043	-0.8471	-0.1945	0.7184	1.1232	-1.1781	-0.1044	-1.3814	-0.9733	-0.1255	0.6490	-0.0086	0.0227	0.4193	0.0043	0.9105	-0.8337	0.4925	0.1799	-0.8132	0.4373	0.7106	0.1985	0.2758	-0.0078	-0.0580	0.9079	0.4877	0.6589	-0.5521	-1.1709	-0.3613	-0.8153	0.0312	0.0257	-0.8850	0.0928	0.3514	-0.1092	-0.5476	0.3262	0.4501	1.4195	0.3088	0.1419
-0.1183	1.2730	0.2352	0.6279	0.4202	0.5352	-1.3227	0.4090	0.4122	-0.1340	-1.1734	-1.2548	-0.5551	-0.4470	0.4234	-0.3786	0.0230	-0.0062	-0.3814	0.9092	0.3379	1.0555	0.3303	0.1579	1.0804	1.1506	0.7897	0.0719	-0.6905	-0.0237	0.5837	0.8357	0.2081	-0.7876	-0.5818	-0.1951	-0.0949	-0.1065	-0.1321	-0.8637	0.6811	0.9455	0.1218	-0.7331	0.9382	1.0717	0.5490	0.3599	-0.0578
-0.9828	-0.5058	0.7200	0.4654	0.9675	1.1515	-0.4159	-0.0035	-0.3380	0.0204	0.6484	-0.4261	0.0293	-0.8487	-0.3539	0.7598	0.6329	0.1819	-0.1820	0.4526	0.7333	0.7638	0.0698	-0.7367	1.3336	0.6830	-0.3983	-0.2352	-1.0546	-0.8827	0.0368	-0.6754	-0.0317	0.0072	0.2853	0.5437	0.2736	1.3430	0.0130	-1.1973	0.7768	1.1744	1.5528	-1.8437	1.1448	0.2945	-1.1908	-0.2822	-0.2527
-0.8640	-1.5363	0.0130	0.1160	1.0847	0.4321	-0.9718	0.5255	-0.7887	0.2407	0.5348	0.6418	-0.4254	-0.5747	-0.7774	0.0708	0.4626	-0.2301	-0.0308	0.8042	-0.3017	0.2106	-0.0714	-0.1377	0.7755	0.6047	-0.1955	-0.3436	-1.1212	-1.7764	-0.1723	-0.4537	0.3393	0.7451	0.7203	-0.3252	0.4022	0.5277	0.2979	-1.3667	0.5192	0.4374	1.2236	-1.1626	0.8145	0.6676	-0.2155	-0.6015	-0.7087
-0.5019	-0.9394	-0.2337	0.9782	1.5864	1.2040	-0.1325	-0.1519	-0.5960	0.8208	1.0658	1.7430	0.0471	0.0878	0.7327	-0.1254	1.4141	-0.3076	-0.5134	0.6530	-0.6640	-0.0582	0.7427	-0.0389	0.6880	0.2784	-0.0627	-0.5032	-0.6970	-0.3745	0.7772	1.4364	0.7164	0.9493	0.4743	-0.4851	-0.8074	-0.1157	0.6906	0.8923	-1.1092	0.7656	0.5291	-0.5345	0.7865	0.3070	0.4790	-0.6232	-1.1875
-1.1975	-0.7739	0.6138	1.2537	1.5079	1.2902	0.4463	-0.5274	0.3625	0.2904	0.7840	2.2285	0.1641	0.8202	0.3625	0.2914	2.6119	0.6529	0.2301	0.3566	-0.3361	0.6456	0.3750	0.2419	0.5420	-1.0590	-0.4227	-0.5759	0.0054	0.0511	1.6458	1.0944	1.0856	0.7939	0.2735	-0.7691	0.3928	0.2497	0.9641	0.7399	-0.8111	0.9733	0.8376	-0.9970	0.0290	-0.8525	0.7052	0.1305	-0.9119