IC05	IC08	IC09	IC15	IC16	IC17	IC18	IC19	IC20	IC23	IC24	IC26	IC27	IC29	IC31	IC33	IC36	IC37	IC38	IC41	IC42	IC43	IC44	IC45	IC46	IC47	IC48	IC49	IC50	IC51	IC54	IC56	IC58	IC60	IC62	IC63	IC64	IC65	IC66	IC67	IC68	IC69	IC71	IC72	IC73	IC74	IC75	IC76	IC77
-0.3775	-0.2256	-0.3639	-1.0395	-0.5512	-0.4278	-3.1715	-0.6766	0.9767	-1.3314	2.7611	-1.3505	-1.5388	-0.6911	-0.8723	-1.2164	0.4537	-0.8288	0.3410	0.3287	-0.5746	-0.7675	1.1156	-0.3228	-2.1965	0.0595	-1.1574	-1.1658	0.3494	-0.7530	0.5215	0.0882	0.1339	0.3904	0.7524	-1.3295	0.0199	-0.7337	-1.5054	0.3748	-0.0294	-0.2421	0.4406	-0.1615	-1.3172	0.1257	-1.5147	0.1508	-0.3532
1.2256	1.4509	0.6291	-0.2298	0.6508	1.3836	-0.2798	1.7442	1.2805	-0.2666	2.4805	1.0641	-0.7240	-0.4220	0.3083	-0.8757	1.4070	1.9724	-0.2822	1.0354	0.3053	0.2470	0.4922	-0.6230	-1.2448	0.8874	-0.1243	0.4344	1.0371	-0.6272	0.7360	0.0441	1.1312	1.1026	0.9558	-0.3193	-0.8036	0.2738	-0.7725	0.3741	-0.6292	0.0166	-0.1030	-1.1060	-1.0346	0.0927	1.2926	-1.0035	1.0264
0.8248	0.8131	0.5945	-0.1287	0.2222	0.0806	1.2724	2.1808	-0.2005	-0.8674	-1.7487	-0.2733	-0.4995	0.8056	-0.5652	-0.2932	0.2539	1.5855	-0.3774	0.1153	-0.3400	0.4747	0.2390	-0.1820	-0.6591	0.9223	0.0260	0.4344	-0.9492	-1.0700	-0.1807	0.3620	-0.0672	0.3055	0.1386	0.2302	-0.8109	-1.3513	-0.4756	-0.8855	-0.8552	0.6231	-1.1200	-1.0234	-0.0879	0.0240	1.6090	-0.7994	0.5757
0.6482	1.3522	0.0542	-0.5055	0.9135	-0.0963	0.7473	2.1130	-0.4254	-0.0471	-0.0460	-0.2505	-0.6630	1.1759	-0.6278	-0.4109	-0.2339	1.1654	-1.3307	0.5412	-1.1313	0.7738	1.1248	0.8202	-0.0527	0.2784	-0.4190	0.6050	-1.8173	-1.1390	-0.6839	0.3302	0.5092	-0.2324	-0.7257	-0.0391	-2.0987	0.5243	1.2953	-0.9723	1.3299	0.5225	0.6597	0.0787	1.6990	0.0822	1.4693	-0.3438	1.1519
0.7883	1.2992	-0.8566	-0.9848	0.5091	1.1229	-0.4312	0.2237	0.2576	0.3594	1.5367	-0.5306	0.0080	0.9534	-0.9905	-0.6029	-0.7168	0.9705	-1.2870	1.3992	0.1453	0.7998	0.7966	-0.5878	-0.0689	1.6975	0.3722	0.1541	-1.5555	-0.1254	-0.0133	-0.2008	1.0273	-0.0319	-0.5406	0.1939	1.4162	1.1012	0.4727	0.2112	1.5646	-0.5926	2.1527	0.8309	0.8254	0.1826	-0.3920	0.9035	1.1208
-0.5129	0.3446	-0.7182	-0.7956	-0.3532	-0.2921	-1.3001	-0.1617	0.0547	0.3068	0.0517	0.0645	0.5876	0.8745	0.1370	-0.7073	0.8517	0.3830	-2.0146	0.0734	0.5546	1.5364	1.2692	-0.1812	-0.2639	0.8623	0.4725	-1.0181	0.3333	1.0574	0.5959	0.1647	0.3425	-1.2393	0.5848	-0.4526	1.5033	0.4919	-0.2054	0.1021	0.9380	0.4098	0.5520	0.3512	0.7129	2.1345	-0.9443	1.5072	0.8682
0.0073	-0.2647	-0.5192	-0.4965	-0.8356	-1.2661	-0.1772	-0.2454	-1.4330	1.5905	-0.8402	0.8146	0.8350	0.6615	0.0050	-0.9031	0.2603	-1.3010	-1.7348	-1.4715	0.2676	0.3479	0.6644	0.3681	-0.9283	-0.3242	0.5335	0.0225	0.4081	0.8778	-0.1996	-0.2030	-1.4741	-1.4519	0.1782	0.2066	0.4795	0.2092	0.3588	-0.2941	1.0205	-1.4355	-0.3805	0.1756	-0.8592	0.5634	-0.4554	0.8679	1.9479
-1.0535	-0.5026	-0.4828	-0.6778	0.0595	-0.1387	-1.3924	-0.5519	-1.3265	0.8247	0.1854	-1.2751	0.2471	0.3686	-0.8247	0.2579	0.0616	-1.6256	-2.6291	-1.2333	-0.0458	0.2629	0.3979	0.0747	-0.2863	-0.9091	0.4208	0.1175	0.2088	1.8780	-1.6148	-0.3112	-1.4333	-2.8937	-0.6011	1.9261	0.1748	-0.1621	0.2993	-0.9098	1.7934	-1.8291	-1.3539	0.2002	0.4162	-1.0042	-0.3212	0.7403	0.5433
-1.1341	-0.4082	-0.6338	-0.3521	-0.2086	0.2561	-0.1443	-1.3110	-1.5920	-0.0850	-0.2074	-0.3073	-1.1943	-0.0410	0.2446	0.6990	-0.6317	-0.7320	-1.7921	-0.8938	-0.8455	-0.1920	0.4279	0.5247	-0.0719	-0.6260	0.0207	-0.3926	-0.8418	0.9768	-1.6532	0.3742	-1.0431	-2.3225	-0.4879	1.6412	1.0090	0.8079	1.3821	0.2855	-0.5226	-0.8706	-0.3935	-0.6927	0.6252	-0.6770	0.7778	0.4174	0.5406
-2.9478	-1.4060	-0.2083	0.0492	-1.0989	0.0970	-0.7707	-0.9976	-1.9025	-0.2545	-1.2160	0.1042	-0.7777	-0.2868	0.1665	0.7717	0.7536	-1.0463	-0.7229	-1.3669	-0.3339	-0.3137	-0.3678	0.4977	1.1498	-0.2236	0.4490	-1.0027	-0.9584	1.3902	-0.9467	0.5667	0.3113	-2.3616	0.7908	1.3993	0.4275	0.1448	0.0238	0.4734	-0.7453	0.5031	-1.0450	-0.6772	1.0722	-0.0415	0.3604	0.0174	-0.1134
-2.4906	-1.5802	-0.3997	2.0956	-1.6892	1.3356	-0.2702	-1.0155	-1.1965	-0.2283	-0.8373	0.9575	-0.1368	-0.0280	0.4137	0.1826	-0.8214	-0.7505	0.1162	-1.0494	-1.4671	-1.7142	-0.1106	-0.1118	0.5038	-0.4048	0.1225	-0.6890	-1.4652	0.3679	-0.1010	-0.2147	-0.6210	-1.3890	1.0199	-0.1279	-0.9572	0.1675	-0.0586	0.8516	-0.1082	-0.6587	0.2144	0.1054	0.6379	-0.1133	1.6947	0.1865	0.0921
-1.3047	-0.9113	0.1584	1.5017	-0.4330	0.9698	-0.4984	-0.5264	-0.4293	-1.9086	-1.1732	0.6070	0.6567	0.2382	-0.1597	0.5654	-0.1527	0.1059	0.2966	0.0661	-0.8801	-1.1855	-0.0762	-1.3446	0.7853	-0.1523	0.9395	-1.3948	-0.2962	0.1426	-0.7858	0.4907	-0.1199	-0.6659	1.4287	-0.5402	-0.9132	-0.6998	-1.5171	0.8634	-0.7274	1.3789	-0.7409	0.5727	1.8080	0.3177	1.4451	-0.1274	-0.3955
-0.4188	-0.8308	0.2571	0.8737	-0.0907	-0.4517	0.2846	-1.2094	0.7099	-0.6620	-1.0730	0.3795	0.2472	0.1117	0.6943	-0.2702	0.1713	0.5212	1.3153	0.4867	-1.2090	-1.2400	-0.5884	-1.9623	-0.0577	1.3009	1.1122	-0.3236	0.3660	-0.4513	0.2626	-0.3407	-0.0402	0.6528	1.3405	-0.9731	-0.5087	1.0163	-0.8662	1.4020	-0.4678	0.8395	-0.1669	0.9076	-0.4702	0.3236	1.3127	0.4319	0.0345
-0.5823	-0.3309	0.1785	0.6925	-0.1907	-0.2790	-0.6139	-1.0303	0.6161	-1.1354	-1.6430	0.5170	1.0851	0.0503	0.2135	-0.1202	0.2815	0.6752	1.7669	0.9336	0.7926	0.0059	-1.0956	-1.8051	0.5175	2.5451	1.5313	-0.0770	0.8554	-0.2801	0.5486	-1.0717	0.8076	0.6735	0.8595	-1.1955	0.3973	-0.1289	-0.6910	0.1806	-0.3307	0.9896	-0.3318	0.8256	0.0000	-0.2012	0.7732	0.4320	-0.4163
0.2895	-0.3625	-0.1237	1.4796	0.1601	0.5841	0.2124	-0.5389	0.5883	0.2210	-0.8979	1.8071	1.3660	0.7228	0.0269	0.6165	-1.1617	-0.1008	1.9698	0.3683	1.3072	-0.5135	-1.3676	0.1852	0.3682	0.9682	0.3747	0.0058	0.6806	-0.5916	0.4407	-0.4702	-0.0045	1.5820	0.5148	-1.8741	0.3891	-0.2281	-0.4623	-0.1592	-0.1758	-0.4774	0.2975	0.3898	0.1706	-0.3567	-0.6094	0.5008	-0.2887
-0.2515	0.1936	0.4137	0.6697	0.2351	-0.3620	0.0735	-0.5068	0.6759	-0.0645	0.4435	1.1603	1.1406	1.1155	0.0923	0.7112	-0.1878	0.0021	1.2860	-0.0949	1.3641	-0.1484	-1.0850	-0.8341	0.7657	0.0009	-0.4218	-0.0378	1.5648	0.4569	-0.0926	-0.8447	0.1378	0.4335	-0.2478	-0.8062	0.7641	-0.1892	-1.1985	-1.1036	0.4970	-0.7147	0.2757	-0.0878	0.3768	-0.1691	-0.1898	0.1526	-1.1243
0.5921	0.0885	0.6150	-0.1309	0.4851	-1.5121	1.1464	-0.4577	1.0200	0.9429	0.2705	0.5275	0.2122	0.8168	0.5800	-0.1971	-0.3287	0.4510	1.2443	-0.4734	1.1397	-0.9116	-0.7905	0.3323	0.6873	-0.8100	0.4363	0.5904	0.8293	-0.2376	0.9703	-0.7380	0.7233	0.8584	-0.1062	0.1608	0.1216	0.7209	0.8232	1.2036	0.6643	-0.1591	-0.1406	0.7744	-1.2759	-0.1012	-0.1776	0.7642	-0.1517
0.9035	0.6307	0.9269	0.1186	0.3540	1.5955	0.6640	-0.6231	0.4707	0.5401	0.0013	0.0121	0.6607	-0.4604	-0.2894	1.1984	0.4412	-0.4888	0.3919	-1.1833	0.6623	0.4186	-0.0624	0.4581	0.4632	-2.0248	2.0869	1.5989	0.9174	1.6720	1.1805	-1.4695	0.4996	-0.2234	0.0394	1.3637	0.2106	0.0085	1.4131	1.3612	0.9737	-0.6851	-2.4877	1.2002	1.0681	0.9396	-1.1221	0.1307	0.0183
2.3170	0.9990	0.8292	0.3937	0.4193	1.8777	0.6801	-0.6984	-0.2355	0.5361	0.9220	0.9801	-0.4873	-0.0025	-0.4500	1.5090	-0.3060	-0.6922	0.8009	0.3843	0.7077	-0.0803	-1.2617	0.5346	-0.1052	-0.5234	0.5851	1.0494	0.5353	1.8014	0.0880	-2.0227	-0.2193	0.5540	0.0800	1.8061	1.9515	0.5435	1.6847	1.4492	0.2044	-0.7679	-1.0998	0.5367	0.6986	0.0908	-1.8840	-0.0748	0.4586
1.2617	0.8486	1.3604	0.7556	0.9526	0.2585	0.3022	0.0003	1.0789	0.6377	0.4308	1.3466	-1.1294	0.8487	2.0813	1.8147	1.7680	0.4072	0.3411	-0.5504	1.0399	0.4272	-0.5974	0.1372	-0.1149	-0.3373	0.1211	0.0690	0.8485	2.2819	-0.9509	0.5855	0.2015	-0.4276	0.9135	1.8675	1.2336	-0.4238	0.6914	0.4089	-0.3915	0.2194	-1.0713	0.9303	0.3120	0.8233	0.6869	0.1776	0.4456
0.7949	-0.2002	1.0536	1.7804	0.0283	-1.4282	1.1213	-0.4470	0.5774	0.5009	-0.0064	-0.7232	-1.1394	1.5239	1.8936	0.9104	0.4241	-0.0922	0.4904	-0.5939	0.7440	-0.3618	-0.6820	0.0312	-0.5798	-0.1265	-0.0046	0.8093	0.2629	0.6332	-1.4860	-0.2809	-1.0280	-0.2378	0.1451	1.6577	0.8323	-0.1563	0.7703	0.2286	-0.0068	-0.2683	0.3337	0.8303	-1.0866	-0.9599	0.1981	0.9628	-1.7376
0.5168	-0.0927	-0.3144	0.7257	0.3797	-1.3848	0.4237	-0.0968	-0.6611	0.1289	0.7783	-1.1420	-1.0371	-0.0950	1.3327	0.2340	-0.5670	0.2997	-1.6424	0.0472	0.7734	0.6374	0.3216	0.8692	1.0728	-1.1269	0.0293	1.1776	0.3657	-0.9439	-1.3813	0.2384	-0.5107	-0.1840	-0.8743	1.2476	0.0783	0.2524	-0.5904	0.2401	0.0610	1.4304	0.4751	-0.1576	-0.0542	-0.4676	-0.4355	0.2948	-1.7982
0.1518	0.4504	-1.2220	0.0722	0.1119	0.3189	0.3312	0.1202	0.1861	-0.3850	0.5732	-0.5581	-1.5317	-0.7302	1.3111	-0.5359	-0.7995	0.0672	-0.6442	0.9343	-0.3693	-0.0682	2.2382	0.4612	1.1465	-0.6021	-0.4445	0.8468	-0.1570	-0.8407	-1.1087	0.8111	-1.0269	1.1056	-0.5721	0.3792	-0.1163	0.2638	-1.1882	-0.3272	-0.8448	0.8534	1.3457	-0.5674	-0.4568	0.8570	0.4832	0.5274	-0.2921
-0.6896	-0.5619	-0.9096	0.5751	-0.1015	0.8439	0.5291	0.0810	-0.0886	0.0122	-1.1622	0.4373	-0.8428	-0.3783	0.2567	0.3150	0.4538	1.0395	0.4118	0.8960	1.0866	1.2890	0.1591	0.4946	2.1154	-0.3283	-0.3149	0.3591	-0.2240	-0.4213	-0.7261	0.2587	-0.2211	0.7849	0.2226	0.4827	-0.2664	-1.1713	0.2531	-1.2548	-2.1462	1.8612	-0.2958	-0.8916	0.1853	-0.6740	0.2721	-0.3645	-0.5158
-0.4722	-0.6675	-0.9988	-0.1113	0.1899	-0.0114	-0.3370	-0.1859	0.4430	-1.2548	0.3558	0.2243	-1.4818	-0.9511	-0.6839	-0.0886	1.0431	-1.3587	1.0131	0.4041	0.5099	0.5423	0.0504	0.4172	0.6985	-0.8363	-0.6535	-0.2313	-1.1156	-0.5748	-0.2938	-0.2047	-0.9429	1.2304	0.1716	0.9393	0.3966	-0.8663	1.0939	0.0240	-1.7029	-0.3536	1.4833	-0.5420	-0.2784	0.2042	-0.0502	-0.6667	-1.1516
-0.2758	0.2695	-0.8690	-1.1834	0.3624	-0.7056	-0.0379	0.5943	0.6277	-0.2933	0.7846	0.7176	-1.2570	-0.5285	0.6345	-0.6751	0.4892	0.0804	0.6016	0.2123	0.3875	0.4997	-0.1450	0.0226	0.8848	-0.3952	-1.3969	-1.0937	0.0169	-1.4050	-0.4977	0.0047	-0.9030	0.6162	0.2410	0.0510	-0.3306	-0.0182	0.4713	0.3143	-0.9643	0.1563	1.6504	-0.9381	0.3058	0.1610	0.9184	-1.2021	-1.6786
-1.0854	-0.7512	-0.3711	-0.9127	0.1792	-0.0268	0.6647	0.3632	0.4573	-0.7634	-0.9140	-0.6951	0.4618	0.2361	-0.2967	-0.2367	-0.3477	0.0793	1.0295	-0.5857	-0.5260	-0.5676	-1.0051	-0.0351	0.1471	-0.1485	-0.7273	-0.2965	-0.8481	-1.3597	0.3670	-0.3296	-0.2499	0.6157	0.2418	-0.7688	-0.0893	-1.2086	-0.6887	-0.6272	-0.7630	-0.2625	0.9993	-1.8873	-0.5573	-1.1781	0.3305	-0.6097	-1.7237
-0.7672	-0.3879	0.2593	-0.5492	0.5224	-0.4280	0.1263	0.2955	0.2195	0.4623	-0.6442	-0.6750	0.9909	-0.3305	-0.5508	-0.0421	-0.5866	0.9156	0.4247	0.4066	-0.3661	-0.2770	-0.5333	0.2227	0.0803	-0.8582	-0.6937	0.2625	-0.7134	-1.4969	1.5678	-0.0731	0.1046	0.6193	-0.5926	-0.8530	-0.9812	-0.7034	-1.5367	-1.5443	0.4345	-0.1829	1.5001	-2.0550	-1.0430	-0.6279	0.0496	-0.8663	-0.7474
-0.1573	-0.2001	-0.2886	-0.7896	0.7303	-0.2184	0.1081	0.2212	-0.4810	0.7658	-0.3995	0.2104	1.0040	-0.9824	-0.7522	-0.6582	-0.7891	0.9530	0.8832	0.8543	-1.4552	-0.1817	0.4217	0.3298	-0.2496	-0.7218	-0.5729	-0.3853	-1.7801	-1.5907	1.7879	0.8845	0.2069	1.7816	-1.0280	-0.3290	-0.8294	-0.0617	-1.2722	-1.0682	0.0143	-0.1619	1.8593	-0.9556	-0.7644	-0.0408	-1.2824	-1.4760	-0.7618
-0.8901	0.0909	-0.2090	-0.9447	0.4447	-0.9782	0.5275	-0.0291	-0.8641	1.6064	-0.3950	-0.5312	0.2136	-1.3560	0.0952	-1.5570	0.5868	-0.1847	0.4860	0.0882	-2.6056	-0.0451	-0.0493	0.6968	0.3763	-0.7377	-2.2376	-0.0766	-1.3218	-1.4175	0.9890	0.5526	-0.2955	1.1870	-0.9781	-0.0017	-0.8310	0.4435	1.2892	-0.3332	0.0375	0.0899	0.9762	-0.9670	-0.3937	1.8494	-0.6198	-1.6309	-0.1717
-0.4187	-0.3574	-0.7908	-0.7366	0.0281	0.8811	-0.7383	-0.0026	-0.9973	-1.0602	-0.3879	-0.5411	0.8305	-1.6468	-0.5241	-0.4851	0.3121	-2.0102	-0.5170	0.3975	-2.8939	-0.5697	0.2301	-0.5304	1.2737	-0.3390	-3.1222	-0.9715	-1.1250	0.4933	-1.0418	0.7338	-0.5654	0.3806	-2.2303	-0.0389	0.1235	-1.9488	0.2346	-0.3693	-0.8040	-0.4280	0.9019	-0.1930	-0.2264	0.6462	-0.2499	-1.8412	-1.6546
0.7206	0.6395	-0.5049	-1.0919	-0.0708	-0.6098	-0.2313	0.6585	-0.9811	-0.0761	0.4570	-0.0850	0.7931	-1.6345	-0.7460	0.5643	-0.0250	-1.0259	0.2216	0.6697	-0.7133	-0.4980	-0.1725	0.2687	0.3980	-0.2127	-2.5300	-0.9970	-0.6964	-0.7243	-1.3611	0.9227	-0.3877	0.8083	-2.0465	-1.1360	-0.5069	-0.2238	-0.2023	-0.2588	-0.9173	-1.1401	2.4605	-0.7002	-1.2123	-0.3699	-0.7474	-2.1498	-1.3424
0.0479	-0.0006	0.3527	-1.3857	-0.7131	-1.2387	-0.0726	0.4566	0.3477	-0.4109	-0.0503	-1.5634	1.4911	-1.0790	-0.8193	-0.0595	0.0659	-0.7022	0.6876	-0.4385	0.1043	-0.2615	-0.2699	-1.6771	-0.6798	0.5410	-1.3061	0.2020	0.3212	-0.7270	-0.7040	0.9272	0.6706	-0.0161	-1.6011	-1.0974	-0.6925	-0.0506	-1.3420	-1.8301	-0.1174	-1.0281	-0.4010	0.1506	-1.9036	-0.7737	0.1161	-1.2139	-0.6437
0.2980	0.5938	-0.0429	-0.8231	-0.8832	-0.2402	0.3938	-0.8655	0.5483	0.2618	-0.7673	-1.7820	2.0424	-0.3344	-0.8688	-0.2521	-1.3994	-0.2101	2.0184	-0.3107	0.2376	-0.3707	-0.7060	-0.4376	-1.0635	0.4894	-0.6741	0.7120	0.7480	-0.2708	0.8669	0.4911	1.6800	0.1329	-1.4461	-1.2850	-0.5816	-0.1336	-0.0117	-0.2844	0.3686	0.1088	-1.0600	0.4859	-1.9648	-1.0131	-1.1744	-0.0065	1.1060
1.2692	1.5746	0.3556	-0.5109	-0.4264	-0.2416	0.0978	0.4920	1.0080	0.0560	1.1951	-1.9824	1.5280	-1.6470	-1.3969	-0.1621	-0.8352	-0.9844	2.1941	0.7815	0.1018	-0.1882	-0.0810	0.4261	-0.9454	-0.2810	-0.4272	-0.2781	1.4912	-0.3647	1.2184	-0.0037	1.9669	0.5203	-0.7590	-1.7710	-0.4757	1.9230	0.9018	0.8255	2.2427	-0.0205	-0.4894	0.6510	-1.4001	-0.5462	-1.9578	0.2779	1.4454
1.1436	1.2661	0.4261	-0.2732	-0.8766	-0.9634	0.3774	1.0924	1.3903	1.5546	0.5605	-0.2954	1.0270	-1.0240	-0.3403	-0.9172	0.4665	-0.3390	1.7982	1.0680	0.5935	0.4269	-1.0005	-0.2853	0.5483	0.1286	0.5594	-0.6802	2.5577	-1.0306	1.1813	-0.0211	1.3267	0.6467	-0.1187	-1.3526	0.5448	1.9476	1.0953	0.8865	1.9932	0.9491	-0.3827	0.4020	-0.7967	0.8068	-1.8039	0.4330	1.8907
0.7065	-0.1749	-0.0991	0.0448	-0.2494	0.2513	0.0764	0.9939	0.2199	1.2493	-1.7923	0.2838	0.5854	-0.6715	-0.8923	-0.1802	1.2844	-0.6861	1.6457	-1.1785	0.0947	-0.1141	-0.7473	0.4338	-0.1259	0.3758	0.3022	-0.0529	0.8581	-0.3131	0.6820	0.7529	0.0715	1.2024	-0.7525	-1.3839	0.2952	-0.1986	0.9965	0.5842	1.1538	0.6420	-0.2758	-0.2953	-0.4157	0.1787	-1.3975	-0.0167	0.8234
1.4632	0.2476	0.2893	0.1412	0.5984	0.7912	-0.2585	1.6060	0.0887	-0.4044	-0.5985	0.3234	0.1879	-0.6922	-1.0101	0.4453	-0.0683	-0.7018	0.7153	-0.6004	-0.0240	0.3259	0.8533	0.5409	-0.2349	-1.0072	0.1288	0.0460	0.6539	0.3417	0.5474	1.9384	0.4497	1.7192	-1.4026	-0.8429	-1.3490	-0.3418	0.2468	0.0404	0.4995	0.6824	-0.6295	-0.2063	0.9592	0.5365	-1.2071	-1.0286	-0.2594
0.6889	-0.8231	0.4178	-0.1703	0.9731	-0.8146	1.2076	1.3296	-0.0494	0.8066	-0.9383	-0.9939	0.5355	-0.6011	-0.4819	-0.3981	-0.9533	0.1669	1.0965	-0.0430	0.0002	0.1753	-0.0689	0.4769	-0.1194	0.0064	-0.2814	0.1446	0.0347	-0.3433	1.5294	1.0456	0.9136	2.4607	-1.3447	-1.1470	-0.3921	0.3480	1.3986	-0.4554	-0.4896	1.1370	-0.6268	-0.6279	-0.1095	-0.1357	-1.3222	-0.4048	-0.7626
0.3079	-1.6528	1.0534	0.1103	1.1165	0.3985	0.3179	0.7114	0.1811	0.1821	1.1132	-0.9308	1.2278	-1.6399	-0.9047	-0.7979	-0.6581	-0.5824	0.5170	0.7939	-0.5372	0.1164	0.2240	0.5701	0.0175	-0.3083	0.3112	0.1920	-0.8034	0.0459	2.0766	0.4904	0.8105	1.8325	-0.4888	-1.2450	-0.7212	-0.6955	0.0782	-0.8874	-0.2243	1.2614	0.1641	-0.1081	0.1885	-1.5276	-1.1047	0.0506	-1.2312
0.1243	-0.2977	1.1077	-0.8769	0.8964	-0.9182	0.5303	1.0907	0.4092	0.7797	1.1861	0.1545	0.2895	-2.0392	0.6385	-1.4734	-1.2513	0.2502	-0.1479	0.8714	-0.7701	0.9132	1.1801	0.4327	0.2808	0.1212	0.5747	0.3339	-0.7700	-0.9372	1.3482	1.5922	0.6337	0.9752	-0.6402	-1.1205	-1.1563	-0.1135	-0.4982	-0.1128	-0.5569	2.4165	-0.2134	0.0118	-0.2864	0.2026	-0.1954	-0.1440	0.2312
-0.2158	-1.1275	1.0201	-0.8127	0.5796	-0.5558	1.0197	0.1031	0.4908	0.0898	0.0385	-0.0553	-0.9189	-1.6679	-0.0742	-0.3305	-0.3821	-0.7474	-0.0537	-0.0263	-0.5997	0.7331	2.1282	0.4585	-0.0603	1.0591	0.6926	1.4814	-0.9270	-0.3309	0.1823	1.2977	0.1030	0.1488	-0.0964	-0.4218	-0.9422	-0.5372	-0.2534	0.0048	-0.5658	1.4636	-1.1239	0.4135	-1.1502	0.8596	-0.8562	0.0909	0.2359
1.0016	0.4167	0.1341	-0.0296	0.2616	1.5780	-0.2929	0.1187	-0.3651	-0.0127	1.6464	-0.0715	-0.1424	-0.5055	-0.0521	1.4607	-0.9261	-0.4255	-1.4776	0.8161	0.2425	1.1268	1.6710	0.8404	-0.3197	0.2566	1.0521	1.1337	-0.2481	0.6756	-0.1354	1.1626	-0.1180	-0.5706	-0.0059	1.1595	-0.3813	0.4607	-0.3185	0.1872	-0.0528	0.5623	-0.2268	1.4069	0.5466	-0.2881	-0.8505	0.1897	-0.3564
-0.6886	-0.6965	-0.5448	-0.3107	0.1516	0.4425	0.3858	0.0079	-0.6929	-1.0550	0.0776	-1.0856	-0.6849	0.3194	1.0367	0.9009	-0.8369	0.7506	-0.4075	0.0605	0.6459	0.2171	0.4683	-0.3388	-0.2363	0.5251	0.1534	1.1966	-0.5194	0.4902	-0.7084	1.6338	-0.0643	-1.1052	-0.3450	1.3449	0.1340	0.4764	0.1097	-0.0452	-0.8332	0.0772	-0.9619	1.0470	-0.3858	-1.3663	-0.3575	0.8593	0.0567
-0.7531	-0.6920	-0.2841	0.3261	0.6020	1.0862	-0.2085	-0.2955	-0.2793	-0.6294	-1.3921	-1.0435	-0.3263	0.3740	0.4018	0.7520	-0.9617	0.6738	-1.9255	-0.0978	0.1944	-0.1201	1.0181	-0.2577	-0.3317	1.7252	0.2987	2.1282	-0.2814	1.5248	-0.9219	0.4086	0.1414	-1.0002	-0.4246	2.2721	-0.9221	-1.2150	-0.3194	-1.1038	-0.4651	-0.2733	-0.2892	0.6277	1.4001	-0.8566	0.5168	0.9408	0.0077
0.7729	0.8033	-0.1704	0.7993	0.3924	0.3405	1.2751	0.3663	-0.4182	1.1545	-0.1460	-0.1688	-0.6133	1.4980	1.0199	-0.0361	-1.2151	1.9946	-1.4289	0.2634	0.7805	0.5013	0.4225	1.4352	-0.2922	-0.1365	0.3285	0.5321	0.5269	0.3713	0.2052	-0.7041	0.0311	-0.1517	0.3452	1.2746	0.0572	0.3776	0.7928	0.2509	0.3414	-0.3709	0.2443	0.0744	0.4211	-0.3019	-0.3513	1.0848	1.1888
0.4629	0.6511	-0.0015	0.8200	-0.4130	-1.0035	-0.0577	0.0216	0.9811	-0.6831	0.4660	0.3205	-0.4670	1.8843	0.7536	-0.9389	0.9829	1.0868	-0.8727	0.4088	0.8605	0.0023	-0.1709	-0.2484	-0.7559	-0.1736	1.3046	-0.4828	1.0839	0.4073	0.7136	-1.5872	-0.3247	-0.3746	1.5512	1.2586	1.3534	0.1727	0.2943	0.0145	-0.2748	-1.5180	-1.5833	0.6443	0.1732	0.2443	-0.6745	1.3347	0.7165
1.7913	0.5105	0.0406	1.5790	-0.2803	0.3666	0.3106	0.3870	1.1266	1.1667	0.6684	2.2279	0.9930	0.7500	0.7080	0.3836	0.4018	0.3725	-0.7694	0.0456	0.9240	0.3239	-1.4993	0.3973	-0.8916	0.6164	1.3814	-0.5323	1.4149	0.9116	0.6113	-1.1364	1.2345	-1.0069	1.7620	-0.4441	1.0465	0.3484	0.5890	-0.2148	-0.2606	-1.6743	-0.6948	1.4423	0.1738	-1.0257	1.3771	0.3672	0.0447
1.3648	-0.1450	0.5228	0.7053	-0.7833	0.0614	-0.2279	0.5014	-0.4339	-0.5839	0.2820	0.4533	0.1530	0.3340	0.4342	0.6449	-0.4324	-0.7114	-0.3971	-1.2186	0.4962	-0.4868	-1.6685	-0.0585	-1.7598	-0.5406	-0.3563	-0.8292	1.3544	0.4647	-0.0763	-0.9910	0.2772	-1.2224	1.0853	-1.8600	1.0034	-0.2804	-0.0754	0.2521	-0.0203	-1.7951	0.0954	1.6079	0.0847	-0.8008	2.3317	-0.2602	-0.3718
0.6800	0.9123	1.7338	-0.4039	-0.6357	-0.5506	-0.0011	0.3362	0.4593	0.8136	1.0082	0.6089	-0.6631	0.8235	0.7001	0.2822	0.1880	0.0356	-0.7334	-1.2323	0.4210	0.1331	-0.5690	0.7421	-1.0127	-0.5110	0.0735	-0.1929	1.6947	0.6506	-0.3184	-0.3523	-0.4134	-1.1579	0.9413	-1.4642	0.0126	0.1255	-0.3199	-0.7674	1.2730	-0.7046	-0.8511	1.0539	0.3073	0.5032	1.6876	0.2138	0.2972
0.4214	0.4932	0.5496	0.1938	-0.6967	0.0978	0.9499	-0.2766	0.8136	0.9919	0.1642	-0.1544	-0.4178	1.3110	0.1064	0.1677	-0.8321	0.6746	-0.6754	-0.0906	0.5414	0.0667	-0.5579	0.1720	-0.4229	0.8406	0.9862	-0.4201	0.1838	0.2765	0.1529	0.0075	0.0390	-0.5073	0.4964	-0.8462	0.6691	-0.3952	0.0306	-0.5683	0.8878	-0.1394	-0.9389	0.2258	-0.2638	-0.2908	0.3726	1.0072	0.4741
0.5066	-0.0555	-0.1790	1.1580	-1.0848	0.3614	-0.6780	-0.2663	0.2774	-0.6380	0.5151	-0.9001	-0.2312	0.6142	-0.8359	-0.3751	-0.1149	0.5797	-0.9954	1.2114	0.6675	0.6610	-0.3213	0.8831	0.0782	0.4553	0.9662	-1.2235	0.0138	-0.6520	0.9629	-1.3625	-0.1655	-1.1163	0.4572	-0.2009	0.9310	-0.6874	-0.3133	-0.6529	-0.9520	0.5788	-0.1131	-0.4214	1.7122	-1.5138	-0.2284	0.7988	-0.4682
-0.1896	-0.7020	-0.7778	0.8781	-1.0744	-0.7459	-0.3911	0.1094	1.1367	0.1431	0.5591	1.2606	-0.3190	0.3099	0.1114	-0.5065	-0.1529	0.3971	0.6827	-0.0215	-0.0306	-0.4217	-0.3783	0.6941	0.5085	0.7040	0.6250	-0.9159	-0.2844	-1.2284	0.9737	-0.2038	-0.1336	-0.7639	1.1754	-0.8111	-0.4452	0.9426	-0.5265	-0.2985	-0.4513	-0.1740	0.0797	0.1009	0.6721	-0.0413	0.7673	-0.0234	0.7991
-0.8319	-1.9133	-0.9605	0.6538	-0.2999	0.1078	-0.5016	0.0464	1.0794	-1.7312	-0.9615	1.3858	-0.4705	0.1971	-0.5177	0.4209	1.4600	-0.2107	0.4155	0.0409	1.2294	-0.3990	-0.1370	-0.8601	0.3947	1.9611	0.9570	-0.3730	0.3153	-0.1798	-0.2190	-0.6458	0.4133	-0.6097	2.3013	-0.2627	0.1480	0.3774	-0.8247	-0.6714	-1.0400	-0.4042	-0.7888	0.0730	1.0801	0.6164	0.6270	-0.5297	0.5198
-0.3101	-1.4171	-0.1156	0.6313	-1.0241	0.1574	0.7277	0.1853	-0.6153	-0.6620	0.1826	0.8378	-0.3009	0.0769	-0.1042	0.3424	0.5970	0.7166	0.5651	-0.4569	1.8626	-0.5395	-1.6375	0.6320	0.2309	-0.3367	0.1663	-0.4087	1.0197	-0.7008	-0.1667	-2.1845	-0.2724	-0.6323	2.3668	-0.7826	-0.1373	1.6907	-0.4419	0.9961	0.5429	-0.1958	0.0839	-0.6738	-0.3058	-1.0979	0.8354	-0.5408	0.9262
-0.0698	-1.0446	0.4944	1.1816	-0.6346	0.8759	0.1831	0.1534	-0.5345	-1.6680	-0.1313	-0.0656	-0.3025	1.3854	-0.1559	1.0005	0.8249	1.5664	0.2880	-0.6295	0.5953	-1.0147	-1.5086	-0.1871	0.4193	-1.0274	-0.0390	-1.3667	1.0951	0.2657	0.2017	-1.4350	-1.0072	0.5109	1.8194	-0.2154	-0.5548	-0.4876	-1.5429	0.7328	-0.2318	0.8053	-0.8446	-0.8869	0.3304	-0.5922	-0.3502	-0.8610	0.1667
0.1684	-0.6708	1.2669	1.1371	-0.0088	-0.3491	0.0447	0.2222	0.1018	-0.2229	0.3762	1.2779	-0.4046	1.0951	1.0210	0.7808	1.0174	2.1290	0.0726	-0.1492	-0.0326	-0.2901	-0.8843	-1.3554	0.4980	0.4597	0.2688	-0.4676	1.0787	-0.4023	1.0421	-1.6023	-0.7465	0.6521	1.2866	-0.2497	-0.9005	0.6891	-0.7750	0.5533	-0.2547	0.9976	-0.2663	-0.7052	-0.2311	0.3583	1.2381	-0.5204	0.8380
-0.1002	-0.8349	0.0768	0.6155	-0.2154	0.2052	-1.0269	-0.2016	0.1402	-0.7316	-0.4484	0.4145	0.4045	1.0971	0.1325	0.3441	1.2564	1.0702	-0.0319	0.0394	0.8006	0.5453	-0.4442	-0.6092	0.5120	0.4683	0.9406	0.3170	0.7300	-0.0306	0.9593	-1.6455	-0.1897	0.1236	0.6852	1.1157	0.5883	-1.1195	-1.1896	-0.0780	-0.8643	0.9314	0.1790	0.0167	1.0764	-0.0123	0.2768	0.3760	-0.3034
0.0462	-0.1993	-0.8404	0.2310	0.2464	0.5669	0.6779	-0.1857	-0.1813	0.4601	-0.2798	1.7360	-0.0655	1.3923	0.2892	-0.3620	0.7832	1.1446	-0.3625	0.4258	0.5726	0.5925	1.0588	1.5513	0.0407	-0.8396	0.4332	0.4078	-0.2213	0.0583	0.7463	-0.3331	-0.1612	0.3498	0.0958	0.5263	-0.4514	-0.0909	0.3162	-0.7982	-0.6371	-0.7933	0.8010	0.3653	1.1139	1.3575	0.6633	0.8217	0.5053
0.0386	0.1216	-0.4537	-0.3206	0.0353	0.7690	-0.1009	-0.9790	-0.4408	0.0079	1.5380	1.3958	-0.0451	1.3317	-0.0629	0.2228	0.7639	-0.3977	-0.2062	0.3877	-0.2704	-0.3796	0.8267	0.1370	-0.5809	-1.6261	0.3097	0.0648	-0.5169	1.5282	0.4471	-0.2576	0.3688	0.3846	-0.1338	0.5784	0.6014	1.0850	0.1609	0.5185	-0.3745	-0.9705	1.3206	0.8246	1.4533	0.7999	-0.0161	0.7894	-0.3267
-0.3527	0.0399	0.5536	-1.4287	0.0440	-2.0342	0.5355	-0.4439	-0.7089	0.8223	1.2109	0.9601	-1.0572	0.6951	0.7253	0.3387	1.3235	0.2553	-0.0184	0.1288	0.3702	0.8170	-0.4904	0.2076	-0.4107	-0.9722	-0.3782	-0.3192	0.2476	0.9553	-0.0117	-0.6946	0.0717	-0.5957	0.0236	1.0709	1.3929	1.6854	1.0782	1.6519	-0.6388	-0.0293	0.4847	-0.4427	-0.2098	0.6808	1.3961	0.5697	0.7035
0.0480	-0.6934	0.2084	-1.3979	0.4111	-0.9487	0.0803	-0.5491	-0.8825	-0.5283	-0.3496	0.5035	-0.3696	0.2375	-0.1082	1.0371	0.0559	-1.0132	-0.5496	-0.5535	0.0842	-0.4173	0.8434	-0.4323	-0.8439	-0.1017	-0.6000	0.7258	-0.8789	0.9889	-1.0350	0.8684	-1.7691	-0.4501	-0.9743	1.9662	0.4420	-0.5752	0.3197	0.0530	-0.8632	-1.8835	0.0100	-0.3021	-0.3856	0.8160	2.5678	0.3173	1.2760
1.0364	1.3597	0.0581	-0.7671	0.3253	-0.4687	-0.1931	-0.2230	-1.6576	1.0117	0.7969	-1.4196	0.2828	-0.6275	0.3934	1.6601	-1.0131	0.2600	-1.9761	-0.2311	0.1128	0.7581	0.8720	0.4048	-0.7122	-0.9532	-0.5703	1.2552	-0.6184	0.0766	-0.6842	1.1766	-1.0419	-1.4550	-1.7777	3.1699	0.2526	0.6082	-0.5576	0.2859	0.0054	-0.9358	-0.5874	-0.7280	1.5259	-0.5110	-0.0442	-0.6470	0.8511
0.5254	1.1292	-0.0050	-0.7009	0.5355	-0.3032	0.4289	-1.1771	-0.7694	-0.0490	-0.0570	-2.2888	-0.1961	-0.4289	1.2295	0.3938	-0.6685	-0.6167	-1.2384	-0.8300	-2.1740	-0.2893	1.5805	0.0021	-2.1935	-0.3508	-1.7028	0.8874	-0.7570	1.1132	-0.5914	1.6326	-0.8060	-1.4266	-2.4049	2.6045	1.2574	0.9870	0.7572	1.4394	-0.9414	-1.2672	0.6042	-0.4723	-0.2980	0.1234	1.0313	-0.6340	1.1716
-0.4120	0.7826	0.2676	-1.2026	0.5573	-2.0516	-0.0689	-0.5870	-0.8021	0.5241	0.1968	-1.0725	0.0639	0.5422	0.7785	-0.5179	-0.1874	-1.6239	-1.7188	-0.5107	-0.9467	0.0690	0.3550	-0.4406	-1.8991	-0.4784	-1.0563	1.1377	0.2095	1.3767	-0.2665	0.4684	-1.4731	-1.5688	-1.6796	0.9954	-0.8358	-0.3588	0.5130	-0.2648	0.4239	-0.2116	0.1793	0.6588	-0.4002	0.8572	1.3044	-0.0322	0.2255
-0.2400	0.6455	0.8282	-0.4185	-0.6998	-1.9546	0.0323	-0.7653	-0.6280	1.3271	-0.6754	-1.2133	0.8998	-0.0753	0.3581	-0.5499	-0.0230	-1.9660	-0.8165	-1.2227	0.1163	-0.5496	-0.6775	-0.4377	-1.6803	-1.3247	-0.2603	0.7402	-0.2245	0.3479	-0.0632	-0.4807	-0.6807	-0.9253	-1.4670	-0.7363	-0.6796	-0.7662	0.9478	0.2004	0.9200	-1.3843	-0.3155	0.4637	-0.4458	-0.3484	-0.5287	0.7226	-0.2297
0.3901	2.3258	0.5870	-0.9056	-0.4854	-0.9535	-0.4875	0.1557	-0.7107	0.3144	0.5265	-0.0006	1.4663	-0.6751	-0.4435	-0.5490	-0.9510	-2.2407	-2.0905	-1.2996	-0.6157	-0.7322	0.2685	-0.4371	-0.9411	-1.1909	1.3133	-0.3289	-0.5862	0.3782	-0.9988	-0.0445	-0.0634	-0.5770	-1.1558	-0.4911	-0.2880	0.7692	0.1278	1.0295	1.0609	-1.7327	-0.9916	1.2123	1.8966	0.2473	-0.1272	0.1195	-0.7637
-0.3586	2.3971	0.6467	-0.4731	-1.4497	-0.2488	-0.3545	-0.2026	0.3854	0.1007	0.1746	-1.6941	0.5772	0.4567	-0.3130	-0.7296	-0.2228	-1.5890	-1.5256	-1.5491	-1.6904	-1.2793	-0.7819	-0.2958	-0.2399	-0.5178	-0.1219	-0.0380	-0.1837	1.3339	-1.4897	-0.3452	-0.6857	-1.2353	-0.4035	-0.1820	0.6820	1.4642	2.3530	2.2672	0.7612	0.5621	-1.1814	0.5834	1.0441	1.5107	0.5282	1.9702	0.2477
-1.0848	2.2489	0.1346	-0.4552	-1.7119	0.1769	-1.0824	-0.7710	-0.3522	0.2890	-0.8986	-1.4564	-0.1165	-0.4772	-1.2796	-0.1190	-0.3221	-0.1151	-1.6061	-1.1166	0.1960	0.0740	-0.7027	-1.1063	0.7325	0.7226	0.1055	-0.2123	-0.2304	1.5915	-2.0623	-1.7857	-0.7943	-2.7301	-0.1727	-0.2363	0.7894	0.2849	1.9130	0.3619	2.4491	-0.3414	0.3215	0.5788	0.6493	2.1925	2.3844	1.5362	2.0620
-1.1687	0.5496	-0.5889	-0.4147	-1.8199	0.3867	-1.4097	-0.6960	-1.0126	-0.0699	-0.6632	-1.1207	-0.4277	-0.2713	-1.1457	-0.5132	-1.3785	-0.8002	-0.5939	-0.9967	0.8912	-0.5080	-0.9642	0.0100	0.5961	0.4353	-0.0192	-0.8379	-0.6636	0.6403	-0.7760	-1.7969	-2.0993	-1.0462	0.1441	-0.4776	1.8082	-0.2351	0.3631	0.8700	1.8331	-0.0958	0.9878	0.0805	0.2872	0.4646	-0.2545	1.1076	1.0098
-0.9791	0.2304	-0.5062	-0.0906	0.0619	1.0412	-0.9439	0.0059	-0.1473	-0.4321	-1.3284	-0.1821	-0.6941	-0.5046	0.2136	-0.0350	0.2194	-0.6095	-0.8803	-1.2957	1.1212	-0.4004	0.5916	-0.5568	0.2699	0.7599	-0.2828	-0.8388	-0.0181	0.5873	-0.4234	0.1565	-1.9461	-0.6502	-0.1106	-0.3480	0.3808	-1.5710	-0.2506	0.2264	-0.0039	0.6033	0.5447	-0.1912	0.5771	1.2083	-1.2266	0.0103	-0.2292
-1.1548	-0.6608	-1.0005	-0.3224	0.4022	0.4588	0.0683	-0.8848	-1.0608	-1.0892	-1.8694	-0.4813	-0.6437	0.2926	-0.4186	-0.4556	0.3181	-0.9691	-0.1662	-1.0972	0.5310	-0.2854	-0.3776	-0.8793	-0.1004	1.2058	-0.0654	0.1602	-0.3380	-0.3566	-1.0689	-0.5478	-0.8142	-0.4693	-0.1115	0.1087	-0.3615	-1.8802	0.4164	-0.4691	-1.3039	0.9278	0.4432	-0.2540	-0.5867	-0.9500	-1.3547	0.4756	-1.0850
-1.4096	-1.4991	-1.2609	0.1595	-0.0904	0.6349	-1.0261	-1.3424	-0.9310	-1.7565	-0.1694	-0.5767	-0.2897	0.2340	-1.0238	0.1629	0.6279	-1.1110	-0.3204	-0.3670	-0.3123	0.3676	-0.9856	0.3769	0.2302	-0.2219	-0.0536	-0.9720	-0.1104	-0.2050	-1.2914	-0.4367	1.6371	-1.0807	0.5115	-0.0611	-0.9976	-1.0243	-0.9382	-0.6722	-0.9897	0.9851	-0.4923	-0.7866	0.2206	-2.0358	-1.5826	0.5105	-1.4256
-1.1029	-1.2271	-0.9692	0.4713	-0.7027	0.3976	0.0099	-0.7479	-0.0627	-1.3271	0.2901	1.2450	-1.3447	0.8443	-0.1097	-0.4302	-0.2538	-0.6604	0.6774	0.7052	-1.1036	-0.5440	-0.7198	0.1937	0.9077	-0.0652	-0.5975	-1.4837	-0.0900	-1.2769	-0.8922	-0.1026	1.0178	0.3221	1.2298	-0.9188	-0.8196	0.3191	-0.1149	-0.1435	-0.6405	0.5074	0.4922	-1.6382	-1.2286	-0.5262	-0.1488	0.4257	0.8759
-1.8649	-1.5200	-0.6049	0.4581	0.1366	0.4699	-0.3757	-0.5623	0.4298	-0.7163	-1.1064	1.6753	-0.5589	0.9049	-0.7081	-0.5771	0.9318	-0.2563	0.6675	1.1491	-0.1644	-0.0092	-0.7188	-0.2247	1.6070	1.0713	0.1516	-1.2009	0.5426	-0.8069	-0.3437	-0.3110	1.1819	0.0792	1.6236	-0.3644	-0.3059	-0.8863	-1.4332	-1.3972	-0.3793	0.7399	-1.0587	-2.2221	-0.4208	0.6122	-0.0649	-0.4666	1.8803
-1.6004	-1.5278	-1.1044	0.9245	0.2300	0.7222	-0.0240	-0.9178	0.1079	1.0562	-1.1087	0.9509	-0.4980	0.1985	-0.1917	-0.6230	0.5581	0.7614	1.3523	0.6707	-0.4834	-0.1665	-0.3315	-0.2617	1.1006	-0.2064	-0.2909	-0.8497	-0.3304	-1.0547	0.1432	-1.2356	1.2198	-0.2781	1.1759	-0.5627	-0.4900	0.0266	-1.3731	-0.6702	0.3555	-0.1017	0.1190	-1.7958	-1.2404	-0.9565	-0.9593	-1.4297	-0.0661
-0.9337	-0.6891	-1.2990	0.4230	1.3029	1.0611	-0.4946	-0.3969	-0.2109	-0.6010	0.3460	1.1380	-0.6981	-0.3668	-0.6702	-0.4051	-0.1953	0.9466	0.9153	1.4311	-0.8179	-0.6106	0.7668	-0.4510	0.5878	-0.4153	-0.6649	-0.8048	-1.5186	-0.7150	-0.4620	0.2282	0.5147	0.9237	0.4708	0.0428	-1.1161	-0.4929	-2.0584	-0.8597	-0.4621	0.0414	0.5036	-1.2015	-0.0400	-0.6186	-1.4049	-2.7653	-1.4912
-1.3988	0.0606	-1.4129	-0.6167	1.7702	-0.5937	-0.1837	-0.5579	0.6823	0.3168	0.0729	1.9293	-1.4514	-0.6721	0.5549	-1.1881	0.2979	0.8823	0.7005	0.6762	-1.2273	-0.4799	0.7881	-1.0793	0.3366	0.3804	-1.1404	-0.3739	-1.3838	-1.4288	-0.5865	1.7725	0.6774	1.5675	0.4663	-0.7613	-1.4760	-0.2403	-1.3755	-0.0656	-0.2003	0.2179	0.3173	-0.6720	-1.6600	1.3734	0.4167	-2.3210	-0.5518
-1.1744	0.7629	-1.2357	-0.4202	1.5289	0.5026	-0.3839	-0.9827	0.3135	-0.5375	-0.8625	0.9025	-0.6123	-0.1421	-0.5591	-0.9803	0.1000	0.1848	2.1105	0.6414	-1.3475	-0.2069	0.0364	-1.5553	0.6874	1.1724	-0.9589	-0.2646	-1.2952	-1.3190	-1.1108	0.9661	0.6875	1.0283	0.5877	-1.4089	-0.1056	-1.3895	-0.7064	-0.5910	0.6767	0.8432	-0.9916	0.4513	-1.7330	0.3196	0.3207	-0.9457	-0.8301
0.4403	2.0391	-1.3341	-0.2529	2.1616	1.3638	-0.7582	0.0478	0.0789	0.0454	0.4985	0.7289	0.0348	0.1841	-0.6234	-0.0290	-0.6649	0.5130	0.6887	1.2153	-0.4060	0.2670	0.6467	0.9066	0.4800	0.1218	-0.5757	-0.6236	-0.1160	-0.4100	-0.7441	1.1014	1.1746	1.2871	0.4095	-0.9641	-0.7324	-0.7030	-1.6555	-0.2466	1.0877	1.5729	0.2527	0.5721	0.4591	0.7389	-0.0799	-0.8363	-0.0172
-0.1615	0.6125	-0.8141	-0.5233	2.2224	0.0231	-0.5090	-0.4921	0.4591	-1.0491	0.8696	-0.1758	-1.2831	-0.5048	0.8124	-1.4079	-0.3780	0.8471	0.5371	1.4626	-0.7664	-0.3057	1.1329	-0.3896	-0.2091	0.1291	-1.2647	-0.1759	-0.0855	-0.7479	-0.5230	0.7967	-0.2716	0.9623	0.2304	-0.3400	0.1833	-0.6046	-1.5105	0.3992	0.2076	0.5028	0.9926	0.2282	-1.2992	1.1497	0.2244	-0.5907	0.5002
-0.8332	0.1148	0.0672	0.1424	1.1997	1.4561	-0.4159	-0.5226	-0.3978	0.3439	-0.6717	-0.4650	-0.2639	0.0366	-0.0798	-0.3585	0.4359	2.2730	-0.9588	0.3065	-0.6113	0.9653	0.3927	0.6836	0.9301	0.9246	0.9968	1.3506	-0.7819	-0.2740	-0.7469	0.9657	-0.7081	0.3076	0.6307	1.1348	-1.3453	-1.8493	-0.7716	-1.6364	-0.4913	1.5146	-0.1416	-0.1671	1.0020	1.5628	-0.4357	-0.7081	0.3874
2.0563	0.3588	-0.7438	1.0210	0.7746	2.5883	0.2692	-0.8556	0.3304	1.2409	0.2508	-0.0915	-0.1484	-0.6523	0.3219	-0.0464	0.3460	2.0289	-1.1064	-0.7026	-1.6670	-0.1074	1.0276	1.3374	-0.3760	0.1783	-0.0418	0.8502	-1.3491	-0.2182	0.0662	0.9682	0.9173	1.5932	-0.2062	0.4631	-0.5361	-0.4076	-1.6774	-1.4805	0.4651	-1.0741	1.9096	0.1341	0.6277	0.4604	-0.8646	-0.4298	0.1402
-0.6659	0.7719	-0.1784	0.1014	0.9536	0.8077	-0.0263	-0.3421	-0.3802	-0.4839	0.2826	0.8242	-0.6125	-0.6719	0.6169	-0.4702	1.2189	1.6933	-0.2359	0.9967	-0.3567	1.0921	1.8499	-0.0550	0.7319	-0.6676	-0.0417	0.9022	-0.8928	-0.1613	-0.7957	1.4259	0.5736	0.6872	-0.2115	0.1280	0.2527	-0.0010	-0.2940	-0.5775	0.7932	1.3298	0.3981	-0.4095	0.6403	0.6125	-0.0208	-0.8328	-0.4495
-1.1813	0.5595	-0.6126	0.5690	-0.3846	1.1718	0.1610	-0.3488	-1.1726	1.3460	-0.3001	-0.3802	-0.6409	0.1668	-0.5968	-0.1695	0.8154	1.3586	0.0514	0.4993	0.2988	0.9826	0.3413	0.3001	0.8943	-1.1412	0.7408	1.2300	-1.3299	0.2942	-1.4586	0.2233	0.2768	-0.0074	0.3110	-0.0504	-0.5620	0.5346	1.6072	0.3768	1.4401	1.2686	0.4275	0.2028	0.6211	-0.8396	-1.2831	0.6189	-1.0223
-0.2362	1.0793	-0.4022	0.1021	-0.8230	1.2582	-0.9201	0.6961	-0.8525	-0.3351	-0.3992	0.0722	-0.0309	0.6622	-0.7053	0.0616	0.7242	1.3443	-0.6026	1.4505	0.3362	1.2091	0.2951	0.6024	1.1389	-0.1825	1.1138	-0.4509	-0.8608	0.2160	-0.7986	0.2151	1.7541	-0.0461	0.5385	0.2736	0.8685	-0.1810	0.2509	-0.1404	0.6884	0.4738	0.6582	0.6699	1.7054	0.1576	-1.1448	1.0628	-0.8402
-0.6485	0.7233	0.0151	0.1830	-0.7120	0.0384	-0.8982	0.6880	0.4853	-0.6852	-1.0330	1.0115	0.3671	0.9369	0.7179	-0.5151	0.3163	0.7570	0.6802	0.9036	-0.4748	0.0845	0.6304	0.2257	1.6689	0.8592	0.3009	-0.2875	-1.0206	-0.4821	0.5186	1.5178	1.0923	0.5354	0.6401	0.4858	1.2487	0.2574	1.2963	0.3948	-0.8078	0.1588	-0.2325	-0.6120	0.5880	1.5735	-0.6208	1.8102	0.2737
-0.4107	-0.1572	1.1603	0.7649	-0.3398	-0.2168	-0.9792	0.3310	0.1665	-0.7031	-1.0246	0.2511	0.8543	-0.1558	-0.2640	0.5356	1.1441	0.1501	0.7653	0.9713	1.0552	0.9022	0.2130	-0.0971	1.9192	1.1732	0.6749	0.7218	0.0217	-0.3048	0.9012	-0.1068	0.4982	-0.0108	0.8149	1.2473	0.6246	-1.0626	0.4578	-0.7135	-0.7515	0.1130	0.0817	-1.7924	0.9824	-0.0252	-0.5132	0.7958	-1.0256
0.3417	-0.6946	1.1322	0.8043	-0.3859	0.2934	-0.2239	0.7832	-0.2165	-0.6997	-0.1142	0.2535	1.4300	0.5077	-0.6494	0.5960	0.0973	-0.4663	1.6046	1.0864	0.1898	0.1895	-0.8189	0.4362	1.1757	1.1518	-0.3620	0.1910	-0.1201	-0.5768	0.5829	-0.0890	-0.6898	0.6702	0.5928	0.7717	0.4146	-0.5786	0.8038	-0.9904	-0.6201	0.5270	0.3862	-1.3159	0.5088	-1.0816	-0.2701	0.2214	-0.8516
-0.2631	-1.0158	1.0271	0.0762	-0.1076	-0.6021	-1.1587	0.5857	0.8976	-0.7901	-0.3842	0.4972	1.4471	0.5624	0.2489	0.3973	1.3710	-0.0831	1.7163	0.8814	0.4261	0.1583	0.8581	-1.1557	1.5913	1.9521	0.1030	-0.6041	-0.1542	-0.1320	1.0249	0.8454	-0.3534	0.4113	0.9154	0.8097	0.9236	-0.0752	-0.2801	-0.6368	-0.1520	1.0039	-0.2108	-0.8483	0.7917	-0.1592	1.1943	-0.2714	-0.2937
0.0837	-1.5279	1.5577	-0.0293	-0.6880	0.1741	0.1090	0.3232	0.6297	0.1642	-1.5007	0.2570	1.3853	-0.1974	0.1983	0.7722	-0.0383	-0.2349	2.6022	-0.1908	0.9934	0.0438	0.3263	-0.8485	0.8796	0.7409	0.1938	0.7743	-0.1003	0.2367	1.4753	-0.0981	-0.1204	0.7712	0.4872	0.6446	-0.4466	-0.1886	0.5982	0.4995	-0.2789	0.0020	0.7560	-0.3818	-1.1567	-0.8797	1.0600	-0.3507	-0.4779
1.0573	-0.5375	1.2871	-0.2990	-0.3094	-0.2360	-0.4363	0.4900	-0.3956	-0.3785	0.3482	-0.7986	1.1995	-0.0522	-0.7372	1.0563	-0.8435	-1.6690	1.1016	0.2158	0.7579	-0.0453	0.0107	-0.2753	0.2062	-0.7280	-0.3865	1.0543	0.7709	0.8242	0.7986	-0.4473	-0.6498	0.5515	-0.7859	1.5308	0.2745	0.1559	-0.0079	0.5027	0.7889	-0.7294	1.4094	-0.3594	-0.6930	-0.6548	0.2020	-0.4256	-0.6128
1.8326	-0.0491	1.2706	0.1137	-0.1892	-0.4520	0.7472	0.3669	1.0412	0.7058	1.4178	-0.6712	0.4009	-0.3301	0.3795	0.5864	-1.3974	-2.0417	0.2355	-0.7631	-0.2068	-0.9749	0.9820	-0.4190	-1.5582	-0.6134	-0.2370	1.4044	1.4100	0.1403	-0.0471	-0.8431	-1.0406	0.4249	-0.8388	0.9377	-0.1887	1.7147	0.0832	0.6704	1.3658	-2.3624	1.8238	1.0243	-1.4207	-0.3920	0.4397	0.4275	-0.1987
1.2465	-0.4328	1.1833	0.2395	-0.5857	-1.2856	0.1581	0.4943	1.1917	-0.2812	0.3439	-0.4418	0.8836	-0.1050	1.0904	-0.0417	-0.8516	-0.7601	-0.4599	-0.6370	1.2524	-0.3680	0.1621	-0.9272	-1.3956	-0.0912	1.3100	0.4082	1.9385	-0.1395	0.3858	-1.0696	1.3315	-0.5359	-0.5718	0.5217	0.2906	0.5875	0.0166	1.1845	0.5284	-0.9560	0.2008	2.6712	-0.5976	-0.5705	0.5294	0.6829	-0.5044
1.1784	-0.9096	0.8174	1.4962	-1.2217	-1.0261	0.3662	0.0497	1.1819	1.0170	0.2703	-0.5573	0.4180	0.4829	0.5937	-0.7291	-0.6282	-0.3143	0.1104	-1.5691	0.7779	-0.8463	-0.9475	0.3699	-2.6200	-1.1351	1.0700	0.2619	1.2099	0.3926	1.8633	-1.5226	0.0585	0.1212	-0.6201	-0.6083	0.5484	1.4922	1.5056	1.0971	1.0895	-1.4777	-0.4312	3.4390	-1.2193	-0.7920	-0.2967	1.4029	-0.8356
1.5049	0.4650	0.7334	1.2354	0.0411	0.5634	0.7844	-0.0171	1.9098	0.4141	1.6633	-0.3856	0.0864	-0.0508	0.2942	-0.0379	-1.1387	0.1376	-0.6169	-0.2678	0.9813	-0.3541	-0.6694	-0.7200	-2.8511	0.0306	1.3418	-0.4022	1.3748	1.2833	1.3405	-0.2950	-0.0165	-0.1997	-1.2420	-0.4363	1.8626	1.2673	0.3627	0.9195	1.0599	-1.1883	-0.3062	3.1358	-1.0163	-0.2646	0.1079	0.9247	-0.8094
0.3188	-0.4912	0.5764	-0.3619	-0.2123	-1.0130	0.9657	0.1050	2.6166	-0.1543	1.2348	-0.8123	-1.1533	1.0051	0.9255	-0.5412	-0.6632	0.1105	0.8171	-0.1081	-0.0905	-0.4029	-0.9001	-0.7512	-1.3486	0.5962	1.8260	-0.6400	1.1175	-0.0475	0.9214	0.5826	0.2331	-0.7725	0.2454	-0.9660	1.4711	2.0842	1.3948	2.1498	0.0271	0.3318	-1.4801	3.0109	-2.6347	-0.3568	-0.3926	2.4840	-0.2073
0.2179	-1.2427	0.5812	-0.6863	0.3119	0.4834	0.1940	0.4162	2.5210	-0.4817	0.5094	-0.9891	0.6027	0.6616	0.3177	0.6442	-0.2938	-0.1348	0.5488	-0.5783	-0.2533	0.0376	-0.7700	-0.8964	-1.0870	0.7126	2.6824	-1.2518	1.6966	0.6914	0.6259	-0.3160	1.1748	-1.3188	0.6226	-0.8310	0.6014	1.1687	-0.1587	1.1708	-0.7573	-0.7824	-1.7383	2.7568	-1.1922	-0.4612	0.2306	0.8944	-0.5522
0.7290	-1.1648	0.3969	-0.7495	-0.1445	0.0847	0.5293	1.0083	2.0144	-0.5177	1.2529	-1.6204	0.7211	1.3387	-0.3800	-0.0391	-1.3981	0.1677	1.3642	0.3314	-0.0216	-0.8961	-1.0204	-0.3387	-1.3418	0.7969	0.6239	-1.0249	1.2407	-0.9099	0.9809	-1.3564	0.8075	-0.4385	-0.5597	-0.8230	1.1524	1.4225	0.1570	0.9475	-0.0133	-1.5478	-1.1802	1.4037	-1.6784	-2.0306	-0.9239	0.5943	0.2220
1.8257	0.1337	-0.1250	-0.1266	0.7044	1.3946	-0.2537	1.8708	2.2080	-0.3592	1.6815	-0.1361	1.4634	-0.6630	-0.4869	0.3744	-0.2461	-0.4670	0.2362	1.2127	0.0678	-1.3941	1.9309	-1.0283	-1.0697	1.4423	-0.0383	-0.1659	0.5839	0.0717	1.1296	-0.0322	1.3813	1.3712	-1.1741	-0.5728	-0.2522	1.1814	-1.0035	0.8568	0.6895	-2.4549	0.5015	0.6861	-0.6093	-1.6015	0.8470	-0.0885	-0.1805
0.9457	0.2363	0.3960	-1.1039	0.7420	-1.4661	0.1401	1.7081	1.5117	2.0554	-0.0570	-0.1002	1.0763	-0.9422	0.5044	-0.7866	-0.4995	0.3446	1.3833	1.0000	-0.1955	0.6374	1.2352	-0.1214	0.3982	0.1827	-0.0469	0.2354	0.1195	-1.2676	1.4797	1.0082	0.5955	2.3020	-0.8555	-0.4156	-0.1402	1.4655	0.8739	-0.1799	0.5404	-0.2268	-0.1360	-0.6035	-1.9449	-1.1012	0.9902	0.4889	-0.2487
0.0933	0.1620	-0.3623	-1.0154	1.2814	-0.6901	-0.8089	1.3330	0.3710	1.8071	-0.4696	-0.7231	1.5120	-1.7966	-0.8215	-0.1660	0.7619	-1.1660	1.0146	0.5238	-0.5445	0.9169	1.3099	-0.3083	0.8274	0.4407	-0.6122	-0.3718	-1.0100	-0.1746	0.5672	1.3295	0.0034	2.5171	-1.2882	-0.4064	0.5268	-0.4892	0.1786	-1.2567	0.4854	-0.4092	0.0236	-1.3235	-0.7068	-1.0276	-0.2642	0.0610	-1.3753
-0.1056	0.3852	-0.2673	-0.5380	0.6428	-1.1862	0.0489	1.8167	-0.7210	2.6607	1.9002	-0.1836	1.3243	-1.3430	-0.4865	-0.2197	-0.2227	-1.6437	0.6317	0.2658	-0.9789	0.0531	0.1943	0.2545	0.7470	-0.1522	-1.9692	-0.5240	-1.4528	-1.0197	1.1735	0.5402	-0.9102	2.1900	-2.1376	-1.2544	0.1175	0.8281	0.4625	-0.5326	0.6365	-1.3194	1.1673	-2.3708	-0.4937	-1.0333	0.1552	-0.1792	-1.7696
-0.1026	-0.0739	-0.0156	-1.7297	0.2683	-1.3620	-1.2120	1.6756	-0.0862	-0.6240	1.9282	-1.2878	0.7580	-1.1562	-0.6758	-0.0783	0.0921	-2.2038	0.9908	0.7888	-2.0127	-0.7338	0.2376	-1.7548	0.2249	-1.0215	-1.7483	-0.9498	-2.0883	-0.3716	0.4928	1.3960	-1.0696	1.0778	-2.7672	-0.2235	0.3354	-0.3513	0.0100	-0.2389	-0.3293	-1.0155	1.4072	-1.1243	-0.1876	0.3681	-0.3793	-0.5212	-1.1755
0.8121	0.6759	0.7138	-0.9791	1.0950	0.1770	2.0607	2.5725	1.1202	0.4841	0.9365	0.6460	0.2161	-0.9429	0.9887	0.3413	1.3032	0.5250	1.3587	1.3669	-1.2434	0.9266	0.8371	-0.6246	1.4644	0.4762	-1.1274	0.4508	-0.8381	-0.8832	0.4307	1.3233	1.0549	1.0731	-1.2806	-0.1049	-0.5061	0.7914	1.6991	-0.3194	-0.5910	-0.7181	0.6319	-0.0893	-0.5917	0.7432	1.0373	-0.6091	-0.1685
-0.0887	0.3492	0.4439	-0.5438	-0.1705	-0.3252	0.9827	2.1920	-0.1534	-1.1162	-0.3963	-0.2050	0.7356	0.7260	0.6671	-0.4375	1.1200	-1.1620	1.0921	0.1691	-1.6207	1.0819	0.2081	-1.2976	1.1794	-0.3607	-0.0146	-0.0024	-0.9373	-1.1829	1.3685	0.5550	-0.6851	1.2875	-0.3437	-0.1478	0.3922	-0.6914	1.6522	-0.2420	-0.8298	0.8669	0.0148	-0.3558	0.4959	0.5182	-0.8993	0.9846	-1.9042
0.2050	0.7044	1.4294	1.0458	-0.0612	1.5503	0.5383	3.6072	-1.5899	0.5201	-0.7226	0.3291	0.8808	-0.2800	0.9436	2.1407	2.3987	0.9037	-0.1277	-0.4708	1.8071	3.1227	-0.3273	0.8369	2.2323	-1.5077	1.7039	1.8114	0.9796	1.4204	1.4830	-0.1581	1.4790	0.8427	0.7777	0.5240	-1.2203	-0.2801	1.2333	-1.0091	-1.7967	1.7561	-0.7215	-1.7519	3.6958	-0.3145	-1.9554	-1.1104	-0.2065
3.2361	-0.2695	0.2024	0.6545	0.3844	1.2023	2.9504	1.3215	-3.4041	1.4821	-0.3162	1.5412	0.4425	-2.7443	-0.6967	2.9958	2.3719	2.4457	0.3232	-0.4218	1.5831	1.6959	-1.7013	3.3602	0.9765	-1.7744	-0.0016	1.0823	1.7180	1.0062	0.8413	0.3421	-0.0235	0.0195	0.8576	-1.2720	0.2958	-1.6493	0.0328	-0.9180	-1.2725	1.3064	-0.7301	-2.5200	1.7545	-1.7652	0.5640	-4.1550	2.3728
1.6007	-0.3046	0.9454	1.4960	1.6973	1.0265	2.3158	1.5393	-4.4005	1.8448	-1.0747	1.5863	0.5849	-3.6412	-0.0335	2.5851	1.1926	0.6269	-1.7228	-0.5289	1.3271	1.3784	-0.3897	3.4076	0.9088	-0.5687	-0.7840	1.6314	1.7371	0.6119	-0.0485	0.4268	1.1661	0.2177	0.0090	-1.3970	-1.1034	-1.4938	0.4349	-0.9912	-1.5147	2.7597	-1.0249	-2.0339	1.5198	-1.1102	0.0744	-4.3811	1.8146
1.5325	-0.6948	1.0364	2.6538	0.7874	0.1611	2.9513	1.6061	-4.9430	2.6881	-0.3756	0.7257	-0.9489	-2.6842	0.8640	0.5470	-0.9853	0.2227	-1.4343	-0.0014	1.4998	2.2818	0.3932	2.2709	1.4142	-1.4863	-1.0928	1.6634	0.8474	-0.6963	0.6701	0.6360	1.6318	0.6120	0.1737	-1.0358	-0.8127	1.7477	0.5771	-0.0757	-1.8680	3.0373	-1.5207	-1.6941	1.2671	-1.4194	0.9161	-2.7148	1.6685
1.0141	-0.3580	-0.5950	3.4742	0.5810	-0.5144	1.0634	-3.4584	0.0881	1.8494	3.2283	-1.8010	-2.9781	0.1367	1.4827	-0.3758	-1.2586	-0.4653	0.4168	1.9351	0.1041	-0.1327	1.5319	0.6530	1.4673	1.4307	-0.0291	2.0249	0.0050	0.7304	1.0880	4.4712	1.9111	0.6277	0.1867	-0.3268	1.7542	2.1752	0.1304	0.5873	0.7370	1.9626	-0.6632	0.5041	-0.9662	3.4624	-0.7512	0.5325	1.3105
-0.5596	-1.0957	-1.8764	1.5868	-3.1258	-1.3934	0.2437	-2.1137	-0.6449	0.4111	-0.0459	-1.6529	-3.3953	-0.3019	-0.6589	0.2109	-2.0609	-0.1234	-0.0628	-1.4168	-1.2059	-0.5187	0.9835	2.2084	-0.5080	-1.7910	-1.0625	-0.0944	-1.3413	-0.3634	-1.9296	0.6951	-1.3442	-0.9199	-0.5804	-0.3077	0.2935	-1.4803	0.2699	-0.6732	-0.7218	0.8170	-0.6516	-0.9064	-1.0441	3.3569	-3.2771	1.0820	0.1113
-2.3522	-1.9804	-2.1339	-0.9436	-4.4886	-3.3008	0.1608	-0.9361	-1.9289	-1.5138	-0.9136	-1.4191	-2.8012	-0.9728	-2.3597	-0.4948	-2.7461	-1.8857	-0.6935	-3.8395	-1.6108	-1.1274	-1.4960	1.4695	-1.4925	-3.1998	-2.6766	-1.8827	-2.2309	-1.8131	-4.0072	-1.2468	-3.6351	-2.5786	-1.2573	-0.5908	0.0574	-1.8521	-0.2054	-1.9736	-0.9229	-0.5493	-1.3407	-2.0570	-1.6678	0.6985	-0.7989	0.6928	-0.0846
-1.6529	-1.1802	-2.3584	-1.2999	-3.5636	-2.8888	-0.1869	-0.4718	-2.1946	-2.4649	-0.1765	-1.7636	-2.3377	-1.7069	-3.0975	-0.0959	-3.3653	-2.5077	-1.6843	-2.7269	-1.4119	-1.9988	-2.3903	-0.5888	-1.8819	-1.3369	-2.8632	-2.8841	-2.6123	-2.3294	-3.6714	-1.9373	-4.3206	-2.4500	-2.0418	-1.0977	-0.3787	-1.4136	-1.6554	-2.0107	-0.1383	-1.6579	0.1960	-1.9396	-1.0348	-1.1786	-0.6510	-0.6505	-1.4171
-1.2686	-1.8622	-2.2848	-1.4873	-2.6528	-1.4813	-0.5742	-0.9644	-0.6472	-2.0876	-2.0983	-1.4914	-2.7266	-2.0395	-2.0290	-0.4415	-2.6872	-2.2655	-2.2389	-3.2849	-0.7467	-2.6126	-2.0594	-1.2401	-1.8216	0.1728	-3.1326	-3.2320	-1.3841	-0.6040	-3.3469	-0.6422	-3.2783	-2.9684	-1.8663	-1.4792	-2.0671	-1.3753	-1.9682	-1.1255	-2.0674	-0.6961	-1.1157	-0.3717	0.7497	-0.0924	-1.8157	-1.2499	-0.8621
-0.8656	1.0863	-1.5932	-1.4162	-1.6868	-2.3915	1.1673	-2.6032	-1.0836	0.1467	-3.1533	-0.2085	-0.6690	0.2550	0.8760	-0.4933	-3.2367	0.0601	-2.0931	-3.0186	0.7924	-4.1645	-4.0869	-0.6836	-1.0548	-0.5199	0.0923	-1.6021	1.9675	2.0994	-0.8892	-1.9836	-1.7626	-2.3033	0.3515	-0.1724	-2.3153	1.4131	0.5107	1.6090	-1.0895	1.8540	0.0153	0.4321	3.1751	5.3293	0.5323	-1.7310	4.8518
-2.1930	0.8231	-0.8275	-1.2093	0.8398	-0.2179	1.2954	-0.5913	1.3539	-2.4531	-2.8086	-0.2468	-0.4824	0.5599	0.3495	1.0099	-1.3516	0.2111	-1.9138	-1.8949	0.1918	-3.5390	-1.7522	-1.5648	-0.6029	2.1711	0.5690	0.1884	1.5678	0.9113	0.1162	-2.4227	-1.4777	-1.0662	0.1987	-0.1358	-3.7960	0.6213	1.0803	1.2171	0.5143	0.4490	1.1395	2.6377	0.3963	2.9261	2.7875	-0.4853	1.7831
0.3142	1.2400	-0.1866	-0.7155	2.8839	-0.2316	0.8069	-0.0242	1.8244	-1.1590	-0.7450	0.4715	-0.9074	0.3369	1.1202	0.1600	-0.2320	0.6422	-1.5769	-0.1392	0.6922	-0.6370	-0.0032	0.4020	-0.2970	1.5776	1.0869	0.7377	2.1587	0.3109	0.4391	-0.8593	-0.9231	0.0695	0.9022	0.2212	-3.0856	0.7201	1.5134	2.4593	-0.1091	1.5608	0.3342	2.5723	-0.5527	0.0558	1.6472	1.4483	0.0310
2.2401	1.4564	-0.1623	-0.2660	2.6442	0.1647	1.7572	-0.4479	1.0614	0.2728	-1.1780	1.8728	-0.3882	0.3748	1.0634	-0.6215	0.7391	2.5297	-0.9287	1.1162	1.8672	2.1409	0.8742	2.8912	0.1710	0.5760	1.1185	0.1540	2.6118	-0.4826	0.5886	-0.1352	1.6260	-0.1697	1.2956	-0.0674	-0.8975	-0.8632	0.4446	1.4730	-1.7896	0.9757	0.1114	1.4355	-0.4848	-0.1673	0.5519	1.0747	1.8372
1.0380	-0.1851	0.2378	-0.3699	0.6929	0.3672	0.4900	-1.4428	0.0862	-1.0022	-0.0456	1.7849	0.5732	0.5959	-0.4437	-1.2782	-0.1014	0.6402	-0.0265	0.2098	2.0780	0.7999	-0.6209	2.1429	-0.5196	-2.0345	0.7433	0.0842	1.3142	-0.9387	1.2379	-1.1259	0.8613	0.5981	0.9700	0.1112	0.4922	-1.8874	-1.3132	0.2662	-1.7265	-0.6818	-0.2667	0.4866	-0.7541	-1.6807	-0.4044	0.4957	0.7202
0.1349	-0.1714	0.3925	-0.6797	-0.8800	0.4838	-0.9969	-1.4803	0.0303	-1.0465	0.9953	1.4696	1.5859	1.1362	-0.8768	0.2798	-0.3110	0.4683	-0.6895	-0.0584	2.0220	0.6059	-1.2877	0.2276	-0.0577	-3.6958	0.8616	0.1018	0.4548	0.4647	0.7000	-1.1954	-0.1765	-0.7261	0.6781	0.4916	-0.0187	-1.5102	-1.6785	-0.1888	-0.5654	0.4525	-0.9044	0.3614	2.1084	-1.9459	0.0030	-0.2882	-0.5952
-0.2938	-0.1122	1.0311	-0.6705	-0.3932	-0.3489	-0.2223	-1.0663	0.4375	-0.9592	0.0931	0.3037	1.3753	0.7202	0.4733	0.1504	-0.6111	-0.2398	-0.4379	-0.3626	0.7131	-0.7144	-0.5484	-0.3054	-0.4693	-1.6253	-0.5496	0.7914	0.0120	0.9931	0.4187	-1.6060	-1.5051	-0.0580	0.3615	-0.0721	-0.1914	-0.1414	-0.4128	-0.4093	-0.6219	-0.0811	0.1673	1.0209	-0.6311	-0.6302	1.2608	0.2813	-0.5797
-0.3486	-0.0562	0.8253	-0.1133	-0.0441	1.4761	-0.6772	-1.0122	0.8448	0.3852	-0.0515	0.1718	2.7938	-0.4157	0.6029	0.4616	0.7010	0.0193	-0.5769	0.0915	0.5492	-0.0314	-0.9403	0.6066	-0.2077	-0.1526	-0.0080	0.6718	0.0804	1.9757	-0.5339	-1.0805	-0.2030	0.0079	0.7171	1.1765	-0.2440	-0.8786	-1.5753	-0.8691	-0.4789	-0.2024	0.3055	0.9122	-0.3050	-1.2918	0.4924	0.1930	-1.0969
-0.1442	0.1547	1.1894	0.4568	0.3202	0.6168	0.3812	-0.9086	0.7497	0.0305	-0.4072	0.4800	2.3698	0.7388	1.0385	-0.0392	1.7238	0.0941	-0.1414	0.0309	0.1143	0.5712	-0.9891	1.9418	-1.0442	0.1158	-0.1920	1.8659	0.4396	1.1085	-0.4886	-0.9960	-0.9052	0.1351	0.8222	1.0853	-0.8347	-0.7480	0.7289	-0.1555	-0.4863	0.2920	-0.3040	-0.2861	0.0443	-0.8974	-0.1914	0.4750	-0.1105
-0.4591	0.2050	1.1574	-0.1906	-0.2781	0.8943	0.3144	-0.3896	0.3998	0.1858	1.0818	1.0063	2.4946	0.7034	1.0862	0.7761	1.7863	1.1321	-0.4364	0.1207	1.8036	2.5654	0.2118	1.5186	-0.1311	-0.6896	1.2494	1.9848	0.0912	0.6451	-1.0145	0.4345	0.6290	-1.0395	0.2621	1.9029	-0.7380	0.0141	-0.7223	-0.3946	0.4677	-0.0777	-1.2823	-0.0188	2.5572	-1.8713	-0.0422	-0.2596	-0.5231
0.0489	0.8935	0.1978	-0.5677	-1.4718	0.6317	0.6588	-0.5592	1.0644	0.7301	0.8722	0.7100	0.5099	0.4484	1.8054	0.2435	1.4645	0.9913	0.1713	0.3683	1.0115	1.1820	0.2974	1.0856	-0.0853	-0.8412	-0.0755	0.8842	0.3522	0.7228	-0.5974	1.7925	0.1310	-0.1807	-0.6056	1.3748	-0.8634	0.2509	-0.7201	0.3271	0.1996	-0.5851	-0.4938	-0.0264	0.6442	-0.4100	-0.7253	-0.0597	0.4431
-0.5195	1.1693	1.4060	-0.3706	-0.9395	-0.8209	1.0046	-0.1752	0.4856	0.9350	-0.4246	1.1982	-1.4261	0.7901	2.4134	0.2302	2.2916	1.6186	-0.2157	0.4203	2.1418	1.7792	-0.1867	-0.3540	0.9070	-0.0542	-0.7405	1.0924	1.6010	0.6759	-0.9976	0.2472	0.5764	-0.8688	-0.9627	1.7756	0.3393	-0.2873	0.2832	-0.1641	0.6901	-0.5444	-0.8408	-0.0669	0.0885	-0.2073	0.5297	0.0139	1.3757
-0.1000	0.6039	1.8495	1.3363	-0.6175	-0.4445	0.3311	-1.2305	0.3066	-0.8480	-0.7854	-0.1920	-0.4477	3.0867	1.7260	1.3303	2.1442	-0.7555	0.4445	1.0773	-0.4602	0.9263	1.0225	-0.7260	0.1827	0.5191	-0.1728	1.7091	0.3542	1.3653	-0.9807	0.0548	0.3501	-0.5369	-0.0202	2.5279	1.2346	-0.2900	0.9265	-0.2030	0.8271	-0.0172	0.1793	0.4495	0.9076	0.3325	1.0185	1.7323	1.3068
-0.2187	0.9883	1.1844	0.4942	0.4689	0.6780	-1.8105	-1.7795	-1.2049	-0.6551	-0.9123	1.9846	1.2957	1.6284	1.4127	-0.0092	1.4650	0.0970	-0.1609	0.3687	0.5873	0.6283	1.4912	-0.0072	0.1026	-0.2415	1.7190	0.3798	0.4959	2.2557	0.4816	-1.3228	-0.0273	-0.8209	1.5058	2.1932	-0.6876	-1.2824	-0.3892	-0.3581	1.0366	-0.3030	0.8044	0.2263	1.9508	2.1721	1.7584	-0.9159	1.2927
-1.0520	1.2814	0.7249	-0.2748	-0.8398	-0.3389	-4.2261	-0.6408	-0.3117	-0.2142	0.6674	0.0378	0.4257	2.0741	0.0390	-1.2401	1.6481	-1.2325	0.0070	0.7646	0.6785	-0.7412	0.5389	-0.7456	-0.8571	2.0413	0.4869	-0.0009	0.0725	2.0669	-0.3023	-0.8414	0.6822	-0.3389	1.0381	1.1005	1.8077	-0.0254	-0.7616	0.1230	1.3176	0.3188	0.4981	0.9271	1.1887	-0.6527	-0.4164	1.2693	-0.6014
2.1012	2.6546	0.0186	0.4512	1.3539	1.3744	1.1066	-1.1007	0.0476	1.9694	2.3953	1.9637	0.1752	2.1346	1.6140	-1.5379	0.9581	-0.2589	-0.4815	2.6820	-0.6425	-0.3713	0.9273	0.8152	-0.3281	0.5869	0.5279	0.1550	1.0866	0.1975	0.7950	0.1933	-0.1696	0.7849	1.7002	-0.0274	-0.3044	2.1187	0.1017	1.1362	1.0834	-0.5408	0.4400	0.1787	1.0892	-0.5974	1.6235	1.2771	1.4540
1.6363	1.6510	0.0480	-1.3825	3.3694	0.9516	-1.4834	-0.1187	1.6898	0.7082	2.7504	0.3619	-0.5307	1.5444	1.5092	-2.3025	1.7929	0.1473	1.1873	4.1632	-2.6243	-0.4186	2.2521	-2.6205	-0.3177	3.7664	0.1912	-0.4513	-0.4135	0.8895	2.0833	1.9073	2.9315	1.0050	1.3063	-0.4494	4.0736	2.9901	-0.4728	0.9943	2.8975	-2.3492	0.3962	0.7046	-2.6101	0.6998	1.0622	1.3990	0.7175
-0.6311	1.3628	-0.7123	0.4045	0.6453	0.4753	-3.4292	0.9796	-0.0733	-0.1056	1.1562	-0.3792	-0.9419	2.4989	-0.4119	-1.9108	0.6718	0.1364	0.8213	1.2215	-2.5387	-0.2873	1.1411	-0.8904	-0.1987	1.8551	0.1620	-0.7076	-1.2091	0.1452	0.4068	-0.4809	0.9480	0.2152	1.7333	0.6718	1.8740	0.9269	0.3570	0.6411	2.1091	-1.3439	0.7984	-0.0918	-0.1357	0.2963	-1.1807	1.5352	-0.2645
0.0861	0.3108	-0.1236	2.0531	1.1083	2.9040	0.3977	1.6401	1.3533	-0.1277	0.4158	2.4759	-0.5554	0.9027	-0.4944	0.0230	1.4015	3.8788	0.6977	0.7818	1.1570	2.2113	2.7262	-0.2636	3.2076	0.8681	2.2323	1.0724	-0.2785	-0.3650	0.3613	-0.1278	0.4878	0.1855	2.6883	1.0257	0.3403	-1.5064	-0.7109	-1.0390	0.2336	-0.5424	-2.1989	-0.0926	0.7650	-1.6997	1.4722	-1.0455	-0.5794
-1.0761	-1.2529	-0.8742	1.4282	-0.7291	1.5140	-1.4980	-1.1716	-0.7126	0.6601	-1.3036	-0.4606	-0.7328	0.9807	-1.8065	-0.5818	-0.3378	0.5822	1.0717	-0.5289	-1.0463	0.3162	-0.8986	0.2857	1.1913	1.2357	0.3713	-1.0386	-0.4752	-0.6276	1.4035	0.6641	1.1870	-0.5723	1.7918	-1.3121	2.0955	-0.3160	-0.0410	-0.2646	1.2688	0.4289	-1.5054	-0.4657	-0.7982	0.9966	-1.0410	0.4910	0.2492
0.1992	-0.5244	-1.5020	0.2476	-0.5906	0.6711	-2.9492	-1.8498	-1.7257	-0.4248	0.8153	-1.6442	-1.7592	0.5830	-2.6975	-1.4739	-0.6160	-1.5244	0.7814	0.2958	-0.3047	-0.7301	-1.7343	-0.9943	-0.9501	0.4950	-0.1448	-2.2158	0.0400	-1.5400	0.7909	-0.9721	0.2594	0.3514	1.2107	-1.3256	1.5485	0.9615	0.1499	0.8784	1.8090	-1.2795	2.4336	0.6364	-1.0073	1.6276	-1.6077	1.3482	-0.1512
-1.7593	-1.1519	-1.2520	-1.1967	-0.3405	1.2475	-3.6565	-1.3252	-0.4035	-0.8282	0.1939	-1.0418	-1.2048	1.4605	-2.1290	-0.7744	0.4686	0.7289	0.4306	-1.3225	0.4953	-0.7045	-1.2691	-0.8675	-0.0729	-0.0468	1.2708	-2.0715	0.2540	-1.6669	-0.6632	0.2647	1.3283	-0.4077	1.2781	-0.6064	1.1679	-0.7829	-0.9513	1.0029	0.3654	0.2982	-0.0012	0.7756	1.5871	0.6458	-1.2644	0.8371	-1.3109
-1.3655	-1.9588	-0.5053	-0.6541	-0.3236	2.0589	-1.3688	-0.1240	1.2842	0.0648	-1.3255	-0.2713	0.2381	1.0892	-1.7114	0.8689	0.5992	1.7885	0.2486	-1.5517	0.2105	-1.4222	-0.8721	-1.1758	0.1477	0.2358	1.6180	-0.7789	0.1914	-0.3898	-0.2693	-0.1673	1.6054	0.1560	1.0650	-0.2311	1.2326	-0.9069	-1.6599	0.1341	-0.7763	-0.8400	-1.6648	-0.4008	0.9783	-0.4508	-0.5000	0.1793	-1.1408
-1.6660	-0.8289	0.5397	-0.5988	-0.7714	-0.7035	-2.4980	1.1226	-0.1142	-0.9602	-1.6342	-2.7556	0.1892	0.7215	-1.3438	-0.3143	0.3185	-0.9756	0.3162	-1.7433	-2.0966	-2.5053	-0.3997	-3.2110	-1.1998	0.6851	0.5775	-1.8167	-0.5866	-0.0259	0.3616	-0.9262	-0.0388	0.0969	0.3230	-0.3347	1.5896	-0.6568	-0.2183	1.1190	0.7095	-0.5509	0.8174	0.3261	-0.6491	0.4993	0.6565	0.8119	-1.0072
-1.2499	-0.1890	-0.1266	-0.4681	0.6021	-0.8613	-1.5969	0.6932	-0.5778	-0.1590	-0.3510	-0.9935	1.6971	0.7550	-0.3282	-0.8569	-0.1045	-0.1137	-0.5751	-1.7192	-1.3371	-1.6808	-0.6169	-1.5347	-1.5966	0.5664	0.9955	-1.2924	-1.3896	-0.5330	1.8594	-0.4461	-0.9110	0.2608	0.2337	-0.4695	-0.0295	0.2638	-0.0373	0.6841	1.3613	-0.6394	0.8979	0.3008	0.1444	-0.0892	0.7008	-0.6730	-0.0682
-0.3714	-0.8716	-0.2175	-1.0152	0.5947	-0.6983	-0.5432	0.0862	-0.9418	-0.6260	-0.6957	-1.0515	0.6033	0.8271	-1.8367	-1.1179	-0.0780	-0.2322	-0.8463	-0.2739	-1.0467	-1.1115	-0.2894	-0.8769	-2.3758	0.0321	0.5983	-1.2879	-1.5232	-1.0137	1.1546	-1.2646	-1.2520	0.3917	-0.3425	0.0151	-0.7525	-0.3591	-1.0617	-0.7728	0.7630	-1.5340	0.6633	-0.4835	-0.0451	-0.6051	-0.7721	-0.1345	-1.6697
0.7125	0.8971	-0.7266	-1.4313	1.2401	-1.3747	2.1347	-0.4582	-0.0958	0.6082	1.1018	0.9212	-0.8391	1.2057	-0.3160	-1.8407	-0.3639	-0.2827	-1.5435	1.2343	-1.5487	-0.9404	2.1444	0.6514	-0.8758	1.9386	-0.1335	-0.8652	-1.3066	0.0132	0.0737	0.7552	-1.5535	0.2592	-0.7051	-0.6885	-0.7632	1.1430	0.1072	-0.0368	0.8267	0.9288	1.4195	-1.1344	0.4237	1.4038	1.0997	0.6087	0.4717
-1.0820	-0.2298	-1.4734	-0.4100	0.4159	-0.8320	0.4396	-0.1508	0.4037	0.7162	-0.2873	-0.1200	-1.1640	0.3046	0.0318	-0.9868	-0.4511	0.0579	-0.5349	0.4817	-0.6725	0.7418	1.2721	-0.3870	0.0381	1.4027	-0.4934	-0.1500	-1.1869	-0.2564	-0.7391	1.7768	0.9077	-0.2195	-0.6624	-0.2916	0.4334	1.0402	0.0857	-1.1988	0.2484	-0.1440	0.9718	-0.5449	-0.5504	0.4742	0.1375	1.0214	0.4859
-1.6628	-0.9038	-1.5728	0.0326	0.5745	0.6944	-1.0689	-0.2455	0.3197	-0.4236	-0.7270	-0.0185	0.3830	-0.9466	-0.8455	-0.0477	-0.5433	-0.7756	0.2289	0.8420	-0.8291	0.7776	1.0485	0.0733	-0.2463	0.2268	-0.7768	-0.3470	-1.4177	-0.5544	-1.2355	1.7037	1.2185	0.0296	-0.6683	-0.0738	-0.4473	-0.7372	-1.1490	-1.7694	-0.8276	-0.6951	1.0632	-0.6680	-0.5552	-0.3208	-0.5325	0.3655	-1.0372
-0.1948	0.3570	-0.8276	-0.4379	-0.1151	-0.2241	-0.0785	0.3141	-0.2765	0.1820	0.7162	0.6956	0.1562	-1.5565	-1.1516	-0.1588	-1.8269	-0.1202	0.6974	1.7689	-0.5407	0.5515	0.7049	0.7190	0.4131	-0.7523	-1.2188	-0.5223	-1.3687	-1.9702	-0.4284	0.8767	-0.1185	0.2039	-0.4224	-0.7273	-0.2855	-0.1225	-1.2911	-0.9681	-0.7589	0.8786	0.9871	-1.0679	-0.7069	-0.1888	-0.3419	-0.3734	-0.3399
-0.6526	-1.0095	-0.1132	-0.2249	-0.1850	-0.7047	0.1394	-0.2818	1.2425	-1.1613	-0.5746	-0.4844	-0.9489	-1.1009	-0.4685	-1.0786	-1.2791	0.6643	1.6103	1.4083	-0.3957	-0.1223	0.7080	-1.0486	0.0329	-0.8125	-1.1960	-0.3502	-0.7811	-2.0034	-0.1734	0.5971	-0.1321	-0.1300	0.1856	-1.1739	-0.1323	-0.9979	-1.5780	-1.5114	-0.9638	0.7917	0.2094	-0.3029	-1.2901	0.1086	-0.8267	-0.0800	-0.6859
-0.4385	-0.7496	-0.4432	0.0963	-0.2785	-0.9888	0.3125	0.1470	1.4650	-0.2883	-1.5446	-0.8687	-1.1087	-0.4129	-0.4736	-0.4686	-1.3675	2.4213	1.3659	1.2058	0.6178	0.8196	-0.0181	-1.0238	-0.0073	-0.2999	-0.3855	-0.0429	-0.3719	-2.1543	-0.2055	0.1633	0.9403	-0.4858	-0.1772	-0.7616	-1.2852	-1.2814	-0.5446	-2.4348	-1.3219	1.0755	-0.0223	-0.1040	-0.8546	0.3297	-0.3612	-0.3490	-0.6840
-0.1177	-0.9942	-0.9392	0.3633	0.0768	-0.1762	0.0804	0.0216	0.8938	-0.9497	-0.5409	-1.3786	-0.6345	-1.4261	-1.3104	0.4630	-1.5544	0.8446	-0.1778	0.8309	0.3777	-0.4382	0.2422	-0.5496	-1.7283	-0.1652	-1.6268	-0.4169	-1.5395	-1.3499	-0.0904	0.2992	0.8894	-0.3247	-2.1852	-1.2516	-1.0295	-0.9896	-0.8286	-1.8412	-0.4233	-0.9876	0.9948	-0.8580	0.0905	-0.3303	-0.4403	-0.3489	-1.2674
-0.9203	-0.6508	-0.0789	0.6623	-0.4737	0.4820	0.4945	0.2128	0.1192	-2.0983	0.5019	-1.4400	-0.0897	-1.4194	-0.6102	1.0457	-0.9570	0.3805	-1.1609	0.4947	0.6121	-0.1124	0.5889	-0.8816	-0.7550	-0.2551	-1.8393	-0.2158	-1.3085	-0.0665	-1.2576	0.3999	-0.3203	-0.8288	-3.0521	-0.6167	-1.1119	-0.4565	-0.1864	-1.3073	-0.6593	-0.2745	0.6759	-1.6634	1.6877	-0.4052	-0.6738	-0.7462	-1.0351
-0.9664	-0.3407	-0.1906	0.7457	-0.0662	-0.8627	1.1185	0.4329	-0.0647	0.1896	-0.5550	-1.6534	0.3410	-1.0657	-0.9518	0.9901	-0.5588	-1.1380	-0.8860	-0.7041	-0.3911	-0.4456	-0.5951	-0.8700	0.4980	0.2453	-0.7578	0.0166	-1.4637	0.1980	-1.6856	0.1147	-0.4512	-1.1323	-2.2314	-0.5876	-0.1800	1.4092	2.6117	0.0931	0.1503	-0.8199	0.6253	-1.0912	0.0209	0.2009	-0.1067	0.3701	0.3221
-0.3731	-0.2820	0.3787	1.4229	0.1575	-0.2665	0.1948	0.2889	-0.0732	1.0771	0.4727	-2.2114	0.8335	-2.0759	-0.9799	2.1388	-0.8305	-1.7808	-0.7294	-0.5204	-1.0982	0.0896	-0.8249	-0.0592	0.2695	-1.5729	-0.2990	0.0051	-0.8316	0.3203	-1.2842	-1.1108	0.3868	-2.4057	-2.2575	-0.4558	-0.0610	1.7670	2.4277	-0.3516	1.0042	-1.7182	1.4871	-0.6034	-0.4245	-0.1852	0.1127	-0.5042	-0.1044
0.3132	0.2991	1.0200	1.4896	-0.2529	0.2802	0.6592	0.5955	-0.4911	0.1563	0.0420	-0.2595	1.0222	-0.7991	0.4541	2.6555	-1.6679	-1.1856	-1.0912	0.0636	-0.9397	-0.7700	-0.1364	0.5639	-0.3324	-1.4252	-0.1274	0.5181	-0.5703	0.2633	-0.4054	-1.2606	-0.3732	-0.6502	-1.6422	-0.3697	-0.4395	0.9645	1.2357	0.3913	0.0696	-0.8610	2.0469	0.1254	0.7018	0.6124	1.0683	-0.9426	0.1030
0.6148	0.3586	2.0252	1.2858	0.2271	-1.1676	0.3334	-0.5804	0.5258	-1.2643	-0.4095	-0.5776	0.5391	-0.8524	1.6477	1.7866	0.3063	-1.3948	-0.9860	0.0661	-0.4916	-1.1914	0.9652	-1.8427	-0.3271	0.5777	0.4608	2.0162	-0.0504	0.9056	0.2591	0.0434	-2.3038	0.7532	-1.2218	0.3374	0.1896	0.1925	0.4315	0.4768	0.0950	-0.0772	0.1779	0.4119	-0.0157	1.1377	0.7150	-0.0680	-0.0511
1.1373	1.3044	1.6241	0.8939	-0.2175	-1.1271	1.3352	-0.7698	-0.2615	1.0021	-0.0501	-0.2461	-0.2250	-0.5404	2.5490	0.4834	-0.2814	-0.1476	-0.1472	-0.1837	-0.1410	0.8967	0.4691	-0.3494	1.0785	1.2605	0.8816	1.7863	0.4871	0.7641	0.1159	1.1012	-1.7878	1.0554	-0.5231	0.3059	0.7469	0.9490	2.2726	1.2941	0.7046	1.3035	-0.0983	0.2948	-0.9975	0.9121	0.6834	0.6062	1.3019
1.8623	1.1685	-0.3481	0.4724	-0.1127	-0.1714	-0.5300	-0.2828	-1.1197	-0.2024	1.4018	0.1763	-0.9918	-0.9383	1.1153	0.0695	-1.0069	-1.7694	0.0051	-0.0591	-0.0113	1.1418	0.9038	0.6927	0.9105	-0.0534	0.1249	0.2824	0.5214	0.8747	-0.4877	1.1943	-0.2193	1.6825	-0.6868	0.3446	1.2744	0.3958	0.2310	1.5012	0.0474	0.1753	0.5465	0.5962	-0.4295	0.1616	0.3408	0.4972	1.6013
0.4785	0.8017	-0.4396	0.3705	0.2149	0.4176	0.0718	1.2058	-0.5368	1.4981	1.2114	1.8233	-1.0584	-1.5110	1.0813	0.3169	-0.0070	-0.9869	0.3687	-0.1728	0.4764	1.4435	1.0042	0.3154	1.6136	0.1022	-0.0582	0.3611	0.4664	0.5647	-0.6407	1.1851	0.5556	0.7480	-0.1464	0.5156	0.8929	0.6534	-0.2129	0.7546	0.6268	-0.2310	-0.4209	-0.0261	-1.3212	0.1004	-0.3647	-0.5532	1.5632
-0.0685	-0.5465	-0.2987	0.5817	-0.4529	0.6427	0.6133	0.3967	-0.4703	1.1731	-1.1818	0.7225	-0.0109	-0.3932	0.2882	0.3443	0.1323	-0.1784	0.7793	-1.2359	-0.5086	0.5034	-0.1586	-0.0655	1.5084	-0.6777	-0.1794	0.3645	-0.6755	-0.2193	-0.4168	0.5068	-0.2865	0.3070	0.1706	0.3136	0.7677	-0.5444	0.8885	0.6639	-0.4780	1.2845	-1.8196	-0.6442	-1.4951	-0.0242	-0.2918	-0.7358	0.7118
1.0665	-0.0506	-0.1176	0.7334	0.1899	2.1624	-0.7311	1.1345	-0.7925	0.1089	0.5176	1.5317	0.3797	-1.4714	0.4279	1.0841	0.9463	0.6204	-0.4077	-0.8721	0.0828	1.3378	0.7794	1.1824	0.9262	-0.8539	-0.1011	-0.0385	-0.0790	-0.0847	-0.2236	-0.3263	0.2796	0.1261	0.8567	0.3235	0.0787	-0.5903	-0.6888	0.0571	-1.3289	1.3268	-1.5380	-0.6499	-0.1121	-0.5772	0.2854	-1.8135	0.2839
0.3371	-0.8364	0.8256	0.3862	-0.5113	0.9463	0.4746	0.7552	-0.5558	-0.1583	1.2293	0.8863	0.2496	-1.0298	1.0433	0.4465	0.3136	0.5202	0.6201	-0.8107	-0.4995	-0.4867	-0.0202	-1.2632	0.9227	-0.0929	-0.8020	0.5641	-0.4692	-0.0893	-0.1791	-0.5935	-0.9558	0.2427	0.4181	-0.2428	0.0121	0.5245	0.3712	0.5804	0.1894	1.4451	-1.3711	-0.1969	-1.5952	-1.7894	-1.0189	-1.0078	0.1008
-0.3202	-0.7106	0.7323	0.2454	-0.4357	1.3259	0.3679	0.8375	-0.2964	1.5049	0.0904	1.0209	0.1852	-0.8351	0.0950	1.3590	1.3497	-0.0526	0.3419	-1.1619	-0.2130	0.1636	0.1331	-0.2103	1.3024	1.0360	0.6153	1.4346	-0.1171	0.7437	-1.2823	-0.3150	-0.5784	0.4463	1.0917	0.7670	-1.2228	-0.0433	0.3198	0.6488	0.1937	1.5791	-1.5208	0.4770	-0.3683	-0.3847	-1.6697	-0.7932	0.1388
0.7147	0.4774	0.0694	0.3795	-0.2868	1.1366	0.7643	1.7830	-0.4882	1.4168	0.8530	1.2765	0.0584	-0.8739	0.2896	0.4825	0.3203	-0.3455	0.5540	-0.9749	-0.1816	0.2652	-0.2027	1.5671	0.6637	0.0221	0.4797	0.3235	0.2102	-0.0183	-0.9223	-0.3997	0.4834	0.9163	0.6614	0.4629	-0.7119	0.9164	0.1513	2.2334	1.0386	-0.0699	0.0288	1.0883	-0.5395	-0.4538	-0.3887	-0.5472	-0.0347
-0.0584	0.1902	-0.0401	-0.2515	0.5495	0.3767	1.2211	1.6272	-0.5288	0.3475	-0.3463	0.7339	0.2774	-0.9331	0.5905	0.2515	0.4226	-0.4920	0.8633	-1.2190	0.1128	0.2950	0.5355	0.2176	1.4019	0.1491	0.3816	-0.2390	-0.0986	0.8222	-0.1846	1.3070	0.1076	0.9853	0.3287	-0.1579	-0.0162	0.1719	0.7374	2.1124	0.2550	0.8798	-1.7296	0.9413	-1.4444	0.1625	-0.6429	-0.2252	-0.0929
0.5242	0.5050	-1.1407	-1.2739	0.1700	0.5216	1.0867	1.4503	-0.9022	0.0736	1.5194	0.3860	-0.0681	-1.7303	0.1311	-0.7451	0.1091	-0.6605	-0.4316	0.0829	-0.1129	1.2996	0.8396	0.6788	1.2678	0.2947	0.7516	-0.6855	-0.0036	0.1720	0.2402	-0.0490	0.5506	0.2596	0.2813	0.1305	-0.4200	1.0021	-0.0731	1.4395	-0.3479	0.5407	-1.7352	0.4551	-0.8242	-0.6810	0.2779	-0.2676	0.3418
-0.0864	0.2029	-1.0292	-1.9140	-0.5624	-0.9240	1.2883	1.3319	0.6215	-0.7471	0.5121	0.3174	-0.6247	0.1156	0.8807	-2.3942	1.0008	-0.0121	0.8046	0.3379	-0.3073	0.4442	0.4917	-0.7009	1.4001	-0.4670	1.1101	-1.1153	0.3321	-0.7752	0.8351	0.6000	0.6280	0.6823	0.5875	-0.0792	-1.2701	1.0110	0.5254	0.7144	-0.9846	1.2171	-3.0173	0.4315	-1.1970	0.1583	0.6316	1.0387	1.1026
-0.5314	-0.1813	-0.9070	-0.9824	-0.1909	0.3707	0.1545	1.1309	0.3526	-1.1290	-0.7089	1.1754	-0.1385	0.3115	-0.5231	-0.9908	1.8357	-0.2674	0.0284	0.2380	1.1331	1.2702	-0.0958	0.5244	0.1000	1.0127	2.0986	-0.3112	1.1931	0.0998	0.7094	-0.2528	0.9141	0.1785	1.4979	0.1623	-1.4079	-1.4958	-0.3061	-0.6678	-1.7465	0.3402	-2.6992	0.7328	0.4915	1.0305	0.0231	0.7321	1.2159
0.7119	-0.3149	-0.5496	-0.7202	-0.0521	0.8976	1.3836	1.5043	-0.6966	-0.0080	0.1636	1.3980	0.2590	0.0747	-1.0702	0.0935	0.5361	0.0917	-0.1075	0.7888	1.5881	0.3303	-0.8399	1.6898	0.2126	-0.2038	0.5219	-0.0485	1.2801	-0.5310	0.3656	-1.3221	1.0393	0.9210	0.4621	0.1118	-0.3318	-0.0444	0.4604	-0.3582	-1.2211	-1.1341	0.4317	0.2538	0.5626	-1.5142	0.1497	0.6711	-0.6530
-0.1995	-0.1237	-0.1698	-1.5844	2.1150	-0.7308	0.5405	0.4700	0.8673	-0.8884	-0.1584	0.3525	-0.5734	0.3463	0.0795	-0.1735	1.5953	-0.0124	0.8206	0.2705	0.4762	-0.1519	0.5445	-0.1250	1.7997	-0.9106	-0.2892	-0.6643	0.6556	-0.4904	-0.8982	2.2391	1.3774	0.5331	-0.1351	0.7342	-0.8500	-0.0215	1.5624	0.2475	-1.4472	0.4937	-0.1442	0.1001	0.5182	0.1392	1.4745	1.0815	-1.6296
-0.5637	0.4291	0.2095	-1.1511	2.1682	0.5368	0.7172	0.9522	0.4674	0.9964	-0.0927	0.5188	-0.0123	-0.7841	-0.1944	-0.1926	1.1154	0.4880	-0.1539	-0.0559	0.6597	1.7116	0.2301	1.5159	2.0940	0.4264	0.0738	-0.3043	0.8996	0.0896	-1.0460	0.9750	1.6642	-0.4007	-0.2533	1.1639	-0.7439	-0.7376	1.0790	-0.8295	-1.4394	-0.1116	0.8773	-0.5422	1.3509	0.7598	1.4947	-0.6453	-1.5285
-0.4703	-0.6283	0.4611	-0.3687	0.6377	0.6198	1.4460	0.9848	-0.8537	-0.5768	0.5241	-0.5421	0.4674	-0.2831	-0.7685	0.2280	-0.3307	0.1673	0.2191	0.0381	0.7873	-0.3715	-1.0613	0.5121	0.7254	-0.7536	-1.7504	-0.6200	0.1878	-0.3724	0.3693	-1.4739	-0.5122	0.2007	-1.4677	0.6349	0.6252	-1.1040	0.1436	0.0402	-1.1921	-0.9256	2.7546	-1.3278	0.9403	-0.8539	-0.5156	-0.9484	-2.4448
-0.0894	-0.4320	1.5086	0.3992	0.3241	-0.0957	0.5470	0.8936	-0.0738	-0.5145	0.6022	0.0824	0.8556	-0.2101	0.8205	1.0114	1.0838	-0.3685	-0.3009	-0.6216	0.6477	-1.0000	-0.0006	-0.9508	0.1837	-0.9193	-0.7864	1.0302	1.0327	0.4646	0.8410	-1.0823	-1.3829	0.2715	-0.0756	0.9715	-0.1004	-0.3680	-0.6943	-0.6252	-0.2186	-0.0596	1.9010	-0.3576	1.3174	0.3141	0.0312	-1.2602	-2.0096
0.9641	-1.0005	1.7370	0.6415	-0.5353	-0.9534	1.2420	0.6588	0.3524	1.2328	-1.6896	-0.5720	0.7516	1.4281	1.1883	0.7318	0.0964	-0.3482	0.9798	-1.6641	-0.6865	-0.8937	-1.4831	-0.2291	-0.6260	-1.9834	-0.5036	0.8990	1.2908	0.8183	0.6743	0.0223	-0.8224	0.5266	0.6872	0.1160	-1.2062	-0.4096	0.9513	0.0967	-0.3444	1.6191	0.5049	0.1179	-0.1472	0.3862	0.7871	-0.4394	-1.1422
2.0153	-0.7508	0.6956	-0.1395	0.1017	-0.1959	-0.9010	0.4027	-0.1411	-0.3257	-0.0682	0.1466	0.4162	1.5943	-1.1083	0.6321	0.1065	-0.8463	0.9572	-0.2236	0.4800	-0.8184	-1.4923	0.2968	-1.4092	-1.3210	-0.3815	-0.0164	1.6504	0.8578	0.2751	-0.6139	-0.8442	0.2590	0.3499	-0.0436	-0.4941	-0.7331	-0.1736	0.1863	-0.2520	0.2909	0.8226	-0.3814	1.3454	-0.0684	0.3175	-0.5884	-0.2825
1.3777	-0.1951	0.5895	0.2042	0.5180	-1.0620	0.3017	0.2556	0.7002	0.2877	0.3802	1.6794	0.0136	0.3973	0.7666	-0.2925	-0.9475	-0.1084	1.4527	-0.1512	0.6384	-1.9169	-1.3302	0.3523	-1.3769	-0.0195	-1.3683	0.5808	1.6051	-0.2759	1.3764	-0.5756	-0.0474	0.5443	0.0414	-1.2703	0.0612	0.1000	-0.9987	1.0483	0.3989	-1.1912	0.9932	-0.2544	-0.7007	-0.2943	0.6498	-0.9984	0.3184
-0.0174	-0.0201	1.1851	1.3568	-0.3602	0.9978	0.0202	-0.6820	0.4867	-0.9621	-1.4460	-0.5438	1.3984	0.7332	0.5205	1.2101	-1.0397	0.3752	1.1661	-0.2256	0.2641	-1.3572	-1.6716	0.1097	-0.1965	-0.1089	-0.4235	1.4665	1.4588	1.0405	1.0976	-0.5753	-0.4600	-0.3815	0.1721	-0.3340	0.3391	-2.3363	-1.4004	-0.3838	-0.4542	0.8413	-0.8459	-0.0742	0.2399	-0.3492	0.4231	-0.6781	-0.0395
0.9249	0.8077	1.3664	1.2385	-0.8103	-1.2426	0.4327	-0.4185	-0.4831	0.1798	-0.4081	-0.7282	0.4880	0.5534	1.1021	0.3145	-0.8258	0.7586	1.4494	-0.1000	0.5976	-1.1825	-1.5134	2.1972	-0.5729	-0.9487	-0.5593	1.2903	1.6292	-0.0242	1.7860	-2.1983	-0.8130	0.6461	0.2780	-0.3909	-0.1757	0.4770	0.6257	0.5192	0.0457	0.8401	0.5562	0.5945	-1.0392	-1.2771	0.0597	-0.3503	-0.3749
1.4869	0.6436	1.6988	1.8768	0.1659	-1.8984	-1.1044	-1.1859	0.9060	-0.1982	-0.3501	-0.6867	0.9451	0.1002	1.8263	0.8223	-0.1402	0.2169	1.3117	-0.5374	1.1741	-1.7596	-1.0320	-0.4986	-0.1812	0.2061	-0.5626	1.3944	1.7196	1.3514	1.0990	-0.0589	-0.4405	1.0541	0.1864	0.4098	0.9558	0.0896	-0.3245	1.0532	1.1032	1.2788	0.2022	2.0599	-0.3240	-0.7229	-0.0340	0.0742	-1.2589
1.0769	0.6394	2.1714	2.1836	0.2725	-0.9532	-0.1127	-0.4444	-0.1065	2.3013	-1.3384	0.4976	1.8627	0.3128	2.0150	1.7018	0.5143	0.9570	0.7326	-0.4737	0.3421	-0.7108	-0.5178	1.2131	0.1318	-0.1048	0.5363	2.1053	1.3376	1.6208	1.0129	0.1951	-0.4549	0.5407	0.8886	1.0177	0.6661	0.6304	1.6061	1.3324	2.2146	0.6014	1.3009	0.9155	0.3781	-0.0628	0.0764	-0.0300	-0.4269
1.9743	1.6830	2.3363	1.3113	-0.6336	-0.4636	0.6714	-0.7217	-0.7011	0.7908	-0.7195	0.2407	1.2101	1.1628	1.8874	1.7756	-0.0282	0.1164	0.5037	0.2980	0.7738	-0.8417	-0.1486	1.2729	-0.4138	-1.2086	0.7212	2.1612	1.3054	1.8001	1.4825	0.2836	-1.2149	1.3920	0.1925	1.2655	1.2616	1.6150	1.8614	1.4907	1.9604	0.0749	1.8330	0.8003	-0.3850	0.6564	0.4292	-0.1738	0.0480
0.3437	1.9354	0.9231	-0.0784	-1.7720	-1.5240	-0.0228	-0.6385	0.0380	1.3534	-0.6544	-0.4939	0.2460	1.1529	1.2322	0.7533	0.2788	0.0681	0.6009	0.0772	2.2331	1.3627	0.0049	1.3306	-0.1205	-0.2550	2.2205	1.1895	1.2623	2.4064	0.9593	0.8059	-0.4673	-0.2484	0.5893	1.7305	0.2637	1.8430	1.0543	1.0560	1.9164	0.5594	-0.8099	1.5579	0.8626	1.1853	-0.6414	0.5914	0.1443
0.6321	2.2981	-1.4577	-0.9680	-1.5193	-0.9005	0.6834	-1.6825	0.6934	1.6425	-0.0696	-0.5835	-0.8830	1.4591	0.3641	-2.0210	-1.2166	0.2565	0.1657	1.0238	0.8466	1.7807	0.8004	1.8717	-0.4557	1.6308	1.8335	0.4304	-0.2274	1.0648	0.4247	0.5111	-0.1934	-1.0026	-0.1292	1.5434	1.2135	2.0018	1.8091	-0.0594	1.3414	-0.4677	-1.3353	1.5768	0.8997	0.0381	0.3983	2.4314	1.5103
0.8481	2.2641	-3.0464	-2.0487	-1.3096	-0.3238	-0.9843	-2.0916	0.9556	0.0275	2.1696	-0.8756	-0.8520	0.1747	-0.6487	-2.9168	-2.0039	0.4957	-1.9755	2.3918	0.4746	1.6845	2.0174	0.6982	-1.2904	1.8423	0.9406	-1.8448	-1.1783	-0.2428	0.1942	1.6989	0.7817	-1.2848	-1.3008	0.7148	2.6236	0.8811	-1.2983	-1.7194	0.5587	-1.7191	-0.2394	0.7278	0.8961	0.5340	-0.1452	2.5941	2.0655
-1.6156	-0.9280	-2.5412	-1.8871	-2.4752	-1.4433	-0.4043	-2.1741	1.3684	0.2779	0.1764	-1.5786	-1.2378	0.4126	-1.0604	-3.0422	-0.8346	1.2548	-0.6095	0.6920	0.1744	1.4253	1.0116	1.5425	-2.0277	-0.6326	0.0457	-1.9532	-1.4899	-1.5363	-0.1479	0.8373	0.9429	-2.0104	-0.0665	-0.7561	1.1047	0.5716	-1.0119	-2.0629	-1.3761	-1.2093	-0.4277	-0.6912	0.1359	0.8986	-2.1550	2.1874	1.0600
-1.5551	-2.4282	-2.4725	-2.0616	-1.5917	-0.4185	-1.7415	-1.9326	1.5110	-1.3387	-1.0317	-1.3872	-0.6979	-0.1472	-2.9562	-2.4406	-0.8527	0.6057	-0.7191	0.5788	0.3573	1.0864	-0.4068	0.4669	-1.9053	-1.0580	-0.1721	-1.8970	-0.9601	-1.7169	-1.0148	-0.0327	0.4511	-1.4383	0.1410	-1.2961	0.5181	-2.0672	-2.5490	-3.0166	-1.8357	-0.7419	-1.3969	-0.8556	0.5130	-0.0386	-1.4888	-0.0220	0.0247
-0.2528	-1.4095	-2.2673	-2.3551	-0.9636	-1.9436	-0.2752	-1.0163	0.8307	-0.0094	0.8247	-0.7096	-1.5179	-0.0866	-2.5146	-1.9901	-1.3868	1.2814	-0.2051	1.7220	0.7808	0.3845	-0.7978	0.2400	-1.8615	-0.5457	-1.0959	-1.4364	-0.8582	-3.5028	-0.8172	0.2679	-0.6015	0.5048	-0.2928	-2.4570	-0.8626	0.0440	-1.9996	-1.7507	-0.9056	-1.0517	-0.9743	-1.1622	-0.0838	-1.0594	-1.5397	-0.7251	0.3206
-0.4549	-1.7637	-1.8870	-2.4744	-0.0349	-0.9039	-0.3260	-0.8986	1.0116	-2.3576	0.1124	-0.7759	-1.2525	-0.0596	-2.1313	-1.4029	-0.6707	0.3659	-0.2083	1.6263	0.9466	0.2352	-0.2374	-1.4867	-1.2916	0.4156	-1.6593	-1.4162	-0.3494	-1.9967	-1.4889	0.8576	-0.5533	0.3752	-1.1004	-1.8115	-0.0751	-1.8071	-2.5859	-3.0886	-2.6373	-0.9845	-0.9845	-0.8659	0.4486	-0.2977	-0.0270	-0.6727	0.4861
-0.2955	-1.4649	-1.5859	-0.7889	0.7112	0.1308	1.2486	-1.2858	0.7974	-0.0662	-0.6154	-0.9136	-0.0439	0.5582	-1.9602	-0.6485	-1.3318	0.1478	-0.3314	0.2882	0.4445	-0.0399	-1.1780	-0.0351	-0.7314	0.4245	-0.7513	-0.9280	0.0841	-1.6255	0.1814	-0.2473	0.4634	0.3249	-1.1497	-2.1337	-1.3503	-1.3667	-1.1099	-2.8828	-1.9865	-0.8292	-0.3474	-1.0801	-0.1888	-0.8804	-0.1128	0.0557	0.9260
-0.2213	-1.6369	-0.9095	-0.9923	1.7356	-0.3566	0.1119	-0.9912	-0.0621	-1.5016	0.9274	-0.1876	-0.2912	-0.2234	-1.7538	-0.3117	-0.6034	-1.0979	-0.9426	-0.0712	-0.7021	-0.3495	-0.3103	0.2039	-1.3313	-1.0116	-0.2634	-1.7191	-0.2840	-1.7773	1.1104	-0.4929	1.1553	0.3064	-0.6603	-1.6845	-1.7630	-1.0769	-1.8552	-1.4043	-0.8225	-1.2231	-0.2965	-0.7030	0.1352	-0.3411	-1.0522	-0.7014	0.0314
-1.3485	-1.6913	0.0396	-0.0777	1.2461	-0.3547	0.8253	-0.4949	-0.8192	-1.1668	0.6825	0.8241	-0.2448	-0.4565	0.4760	-0.2337	-0.6592	-1.1985	-1.0285	-0.6317	-2.7806	-1.8177	-1.2029	-1.1164	-0.3625	-0.7768	-1.8789	-0.5014	-1.0123	-1.4080	1.1859	-0.9005	0.0492	-0.0423	-0.6380	-1.4258	-1.5233	-0.6161	-0.6102	-0.3687	-0.3549	-0.5113	-0.4165	-0.5961	-0.1348	-0.3989	-1.3445	-0.8022	0.1157
-1.1204	-2.2654	0.5255	0.7371	0.9154	0.5902	0.0850	-1.3000	-0.4632	-1.0693	-1.1801	-0.9991	0.1456	-0.5651	-0.3753	1.1902	0.4714	-1.0751	-0.9667	-0.3881	-2.4972	-1.8451	-0.8942	-1.9089	-0.3907	0.0404	-1.9663	-0.3557	-1.3145	0.4088	-0.0479	-0.6494	0.1207	-0.0864	-0.1614	-0.9154	-0.7063	-2.2360	-0.6023	-0.7772	-0.6991	-0.0276	-0.5782	-0.3917	-0.1503	-0.6105	-1.6512	-0.5587	-0.7172
-0.3382	-0.4580	0.6310	1.0975	0.8033	0.8739	0.2126	-0.4193	-1.1425	0.0059	0.5488	0.5595	0.6337	-1.1129	0.4211	1.6084	-0.1640	-0.3910	-1.4195	-0.1235	-0.9166	-0.4176	-1.0012	0.8178	0.2569	-0.4217	-1.6248	-0.4127	-0.7829	-0.8457	-0.1590	-0.7983	1.0732	0.0675	-0.4096	-1.0011	-1.6714	-0.2184	-0.1203	0.0702	0.1576	-0.4416	1.2275	-0.4486	0.5750	-0.8316	-0.3739	-1.5893	-0.9018
-0.6992	0.1699	0.9165	1.1931	0.6015	0.9324	-0.0890	-0.6966	-0.2426	-1.7770	-0.3454	-0.4889	0.6096	-0.9106	0.7802	0.9856	0.3931	-0.7375	-0.5268	-0.6405	-0.3198	-0.7233	-0.6032	-1.8665	0.7832	-0.5766	-1.2258	-0.1028	-0.1747	-0.2558	0.2436	0.1603	-0.4745	0.1149	-0.4553	-0.6087	-0.4828	-0.7117	0.1012	0.2149	-0.4865	0.4655	0.3399	0.0595	-0.5565	-0.2115	1.0304	-0.4796	-1.4312
-0.4844	0.4823	0.9392	1.7983	0.0362	2.3547	0.3312	0.4092	-0.7539	1.0866	-0.6216	0.0473	1.0928	-0.5893	-0.2264	1.6263	0.9462	-0.0892	-0.5337	-0.4229	0.3512	0.2670	-0.5093	-1.3149	1.4115	1.5397	1.1144	1.1641	0.3586	1.0628	0.1702	-1.8196	-0.5645	-0.1795	0.3336	0.2360	-0.5489	-0.1390	0.8017	-0.6873	0.2389	-0.4162	0.7666	0.6790	-0.1063	0.2890	0.6498	-0.7038	0.0037
0.0131	-0.4456	1.2735	1.6585	-0.1903	0.0924	-0.1891	0.6524	-0.0482	-0.8224	-0.5474	-0.9221	1.2968	-0.1681	-0.3538	1.7846	0.0509	-0.9554	0.4569	-1.2240	0.7647	-1.0113	-1.1016	-1.5271	0.5934	-0.1811	0.5825	0.6391	0.2714	0.5418	0.7219	-1.0626	0.3814	-0.8432	-0.0643	-0.4710	0.1883	0.3337	1.1032	0.9973	0.2684	-0.1758	0.4809	1.0754	-0.6344	0.0878	-0.1126	0.1594	0.0062
0.4697	1.4273	1.4970	0.1824	0.8271	-0.2397	-0.8477	0.6381	0.1344	0.7405	-0.6159	-0.5317	0.5662	-0.5078	0.4335	1.7245	0.9902	0.2230	0.5680	-1.0689	0.4910	0.4276	0.1279	-0.2029	-0.0839	0.7414	0.3698	-0.1625	0.9522	1.0305	0.3162	-0.2526	1.2829	-0.6389	-0.0991	-0.2226	0.6938	1.0386	0.9037	0.8244	0.3022	1.6942	-0.4818	0.6654	0.6464	0.7016	-0.7647	-0.1759	-0.2964
0.3860	1.0030	1.5734	0.7295	0.5725	0.4377	0.8375	0.8927	-0.8374	1.9875	-1.2171	0.0399	0.9184	-0.4789	0.2526	1.2842	0.1488	0.7261	0.5201	-1.0680	-0.7926	-0.2416	-0.6607	0.9476	-0.2228	0.7132	0.5162	0.9226	0.0712	0.8623	0.3094	-0.7991	0.2084	0.9335	-0.4402	0.4858	1.0244	0.7271	0.9234	0.2324	1.4088	0.2439	0.7209	-0.0039	-0.5603	-0.4359	-1.0357	0.1236	0.1483
-0.0607	0.4255	1.7798	2.6515	1.2746	2.1591	-0.0419	0.6974	-0.7944	1.0040	0.0626	-0.2310	1.3206	-0.8690	0.8212	1.5659	0.3364	0.2643	-0.4459	-0.7577	-1.9275	-0.0527	0.0950	0.8128	0.0862	-1.7462	0.3501	0.8584	-0.2969	1.5972	-0.5645	1.0464	0.0655	0.9920	-0.3689	0.9203	-0.7406	-0.4733	-0.1149	1.3003	2.2501	0.5805	0.6864	0.0248	-0.2117	-0.6590	-0.5730	0.2571	-0.1660
0.7483	2.3018	1.7412	1.5896	0.5728	0.5960	0.6548	1.4197	-1.1396	2.2921	0.8844	1.1459	0.6781	-0.1573	2.3925	0.4195	-0.0779	0.6374	-0.2957	0.2367	-1.9739	0.5465	1.8035	0.1388	0.0203	-0.5224	1.4907	1.8696	-0.7955	0.5846	0.1022	0.9859	-0.6264	0.7479	0.0050	0.5943	-0.4627	1.4852	0.6901	1.8983	2.4948	0.4672	1.9912	-0.1446	-0.1465	0.5194	1.4258	0.3390	1.2628
0.9346	2.1046	0.0893	-0.6717	-1.0045	-1.3705	-0.8389	0.4543	-0.3818	0.3725	0.9311	-0.2724	-0.5392	0.0987	0.5400	-1.2909	1.0360	-0.5475	0.6801	0.5405	-1.0284	1.5678	1.6889	0.3355	0.5619	0.9920	1.7889	0.4503	-0.3815	0.5235	-0.0805	0.3413	-0.2408	-1.2064	0.4263	0.4365	2.3294	0.9229	-0.5028	1.1213	0.7765	1.4792	-0.1811	-0.4168	-0.2149	0.5445	0.8075	1.1467	1.1173
0.3299	0.9777	-1.5015	-0.1305	-1.4430	-0.3026	-0.3508	0.3881	-0.1504	1.4814	0.8131	0.9640	-0.5906	0.0745	-0.5982	-2.1642	0.9921	-0.2382	1.0191	0.1072	-0.4845	1.5662	0.8070	0.6281	0.5757	1.2157	0.0468	-1.1371	-0.6416	-0.3155	-0.0329	-0.4935	-0.6112	-1.5033	0.2292	-0.2342	0.4468	1.6076	0.5684	-0.2642	0.4490	-0.2597	-0.8541	-0.9901	-0.8430	-0.1454	-0.9854	0.8976	1.0280
0.4161	-0.3564	-1.7648	-0.9374	-0.2585	0.8182	-1.9793	0.0898	-0.0359	-1.1924	0.5525	1.7298	-1.2998	0.1700	-0.5257	-1.5314	0.4525	-0.3302	-0.6258	0.2627	0.6640	1.0211	1.5376	-1.3019	-0.1210	0.7801	-0.1564	-2.4839	-1.2513	-0.3687	-1.6412	1.8352	0.8293	-0.6944	0.3535	1.0791	-0.2794	0.3471	-1.2240	-0.8454	-1.3725	-1.0908	-1.1479	0.0942	0.7965	0.8044	0.2484	-0.2994	0.0501
-1.0249	-0.1548	-1.2453	-1.7344	-0.1915	0.0776	-0.3308	-0.2291	0.6856	-0.0007	0.0163	1.1635	-2.0283	0.9816	0.0885	-1.5553	1.2009	0.7738	-0.3217	0.1438	1.2213	-0.3871	0.8447	-0.3511	0.0392	0.9951	0.0460	-0.1351	-0.1668	-0.9885	-1.1653	-0.0958	0.2892	-0.5776	1.0778	1.2267	0.4020	0.3306	1.0334	0.8878	-0.0219	-1.0879	0.7010	-0.1646	0.2917	1.4262	2.4236	-0.3174	0.8109
-1.9877	-1.4789	-0.2802	-0.5265	0.1148	0.9093	-1.0647	-0.1309	0.1541	-1.1522	-1.3725	-0.0986	-1.1385	0.5805	-0.2781	0.1294	0.6875	0.2820	-0.6381	-0.1534	-0.1051	-0.2407	0.3674	-0.7431	1.0046	0.8370	0.2429	0.5405	-0.0695	0.8848	-1.4977	0.2159	-0.3902	-0.7080	0.5676	1.0523	0.8759	-1.9968	0.4535	0.5198	-0.4100	0.7976	-0.8047	0.4294	0.0186	-0.0717	1.2576	-0.0590	-1.2077
-0.2732	-0.3948	-0.3944	0.2659	0.5977	0.2003	0.5146	1.1242	-0.2810	-0.4151	1.0542	0.5339	-0.3734	1.0340	-0.1578	0.3388	-0.9571	0.2267	-0.5148	0.6581	0.3066	-0.5601	0.1092	0.5069	0.6938	-0.1202	0.0521	0.6969	0.1543	0.0158	-0.3796	-0.1769	-1.1590	0.6022	0.7736	0.7045	-0.5222	0.0709	0.5030	0.7848	0.0078	0.3987	-0.1446	-0.1772	-0.2608	-0.6831	-0.0456	0.2853	-0.5349
-0.2177	0.4790	-0.6070	-0.6909	-0.3555	-0.0335	-0.9184	1.1654	0.4955	-1.9165	0.6760	-0.2100	-0.2303	1.1857	-0.2293	-0.0284	-0.1856	0.2897	0.1013	0.3441	0.8839	-0.6243	1.4863	-1.3297	-0.0007	-0.1396	0.5043	-0.4459	0.0310	0.2875	-0.5831	-0.0903	0.3158	0.4276	1.3247	0.5279	0.1546	0.4429	-0.4333	0.7229	0.1599	-0.2715	0.4607	-0.0933	0.3877	1.2601	1.9691	0.8940	0.4956