IC05	IC08	IC09	IC15	IC16	IC17	IC18	IC19	IC20	IC23	IC24	IC26	IC27	IC29	IC31	IC33	IC36	IC37	IC38	IC41	IC42	IC43	IC44	IC45	IC46	IC47	IC48	IC49	IC50	IC51	IC54	IC56	IC58	IC60	IC62	IC63	IC64	IC65	IC66	IC67	IC68	IC69	IC71	IC72	IC73	IC74	IC75	IC76	IC77
1.1065	0.6373	0.0383	-0.8360	0.0324	0.4286	0.7958	2.8203	-1.1861	0.7161	0.8107	-0.8820	-0.0616	0.0998	-2.3077	-0.7921	0.9847	1.5584	1.8053	0.9957	0.9219	2.0488	1.1375	1.5424	-0.0076	1.4286	1.0821	-0.0724	0.6714	1.7662	-0.9200	-0.9740	-0.6268	0.1700	-0.0161	0.9711	1.6304	0.6371	1.4731	-0.0991	0.6312	1.4908	-0.1055	0.4687	-0.3631	0.2233	1.5881	0.2827	-0.9163
0.4175	-0.7035	-0.3134	0.2997	-0.0253	0.6203	-0.4880	1.3510	0.5269	-1.0284	-1.1705	-0.7742	0.1155	0.8205	-0.3303	-0.9487	0.3260	0.3815	0.2328	0.3392	-0.0747	0.4391	2.3295	0.7577	-0.0339	0.9416	0.4518	1.4999	-0.2340	0.2584	-0.8572	0.6963	-0.3912	0.3816	0.5902	0.9148	-0.1296	-0.3048	1.0018	0.4829	-0.6550	0.8326	0.2048	-0.5130	-0.8690	1.1441	-0.4936	-0.1501	-0.7100
-0.0065	-0.7770	-0.8414	1.6117	-0.9728	1.1665	-1.4448	1.8613	0.4732	0.7449	-0.5150	0.0261	1.2755	0.6095	-0.3186	0.4850	-0.6779	1.0107	-0.9452	-0.9244	0.1622	1.1754	1.2052	0.3038	0.9446	-0.3475	0.0492	1.2861	0.2501	0.7355	-0.8207	0.7415	-0.4732	-0.6849	0.7246	0.7688	0.4718	-0.5726	0.0003	0.3349	0.6121	0.3408	-0.4429	0.1577	0.4121	-1.2842	-1.3368	-1.8215	-1.5518
0.4777	-1.5829	-0.9049	0.8806	-0.7860	-0.2624	0.1188	1.3085	0.5356	-0.0070	-0.8173	-0.4474	-0.6681	-0.3594	-0.9771	-0.7556	-1.0506	0.7484	-0.4485	-0.4930	-0.3962	0.2085	-0.0309	-0.4814	-1.3314	-0.3483	-0.6625	0.5793	-0.6719	-0.8411	-0.0378	-0.0884	-0.3495	-0.8410	0.9991	-0.4153	0.0556	-1.0838	0.2959	0.3426	-0.9138	0.5469	0.5763	0.6456	-0.1983	-0.8049	-0.0104	-0.0196	-1.2803
-0.4694	-0.5688	-0.4268	0.2286	-0.5667	-1.2496	0.0351	2.0306	0.2424	-0.5796	-0.3807	-0.7611	0.0336	-0.9812	-1.8887	-1.0047	0.7122	1.8161	-0.7322	0.0056	0.5466	1.3387	-1.4393	-0.8480	1.0780	-1.5090	0.2703	-1.2625	-0.1375	-0.6250	-0.1033	-1.0539	0.4669	-1.7969	0.6689	-0.0123	-0.1143	0.3686	-0.0901	-0.7939	-0.6364	1.1220	0.2668	0.3354	0.9170	-2.7324	-0.2183	0.2364	-1.1101
-0.5723	-0.5792	0.0230	-0.2034	-1.1706	-0.4435	0.2918	1.7992	-0.2897	1.6003	1.1448	-0.8726	-0.3304	-1.0833	-1.9976	-1.5467	0.3433	0.0503	-0.2348	0.2061	0.0521	0.3142	-1.5003	0.0751	0.0356	-0.5290	0.1115	-0.3500	-0.7600	-1.1165	-0.6909	-1.3080	0.7883	-0.9211	-0.4390	0.3929	0.4058	1.3021	0.7815	0.0599	0.5855	0.0773	0.7188	-0.9123	-0.0383	-1.8006	-1.1898	-0.0111	-0.1564
-1.0929	-0.2813	-0.6961	0.2431	0.7044	0.9698	-2.6753	0.8077	0.1108	-0.8472	-0.0264	-0.7112	0.3945	-1.1843	-1.0488	1.4395	0.2909	-0.7600	-2.0807	0.7531	-0.3180	-0.3339	-0.3856	-0.9970	0.2491	-1.4594	-1.1761	-0.2047	-0.4230	0.7062	-0.2065	0.5029	1.1661	-1.0477	-0.6716	0.4014	-0.3825	-0.7020	-0.2213	-0.3018	-0.9549	-1.4049	-0.2828	0.4165	1.0404	-0.0443	-0.6201	-1.2322	0.3466
-1.2637	-0.5920	-0.4738	-0.6169	-0.0153	0.3914	-0.7084	0.8332	-0.0533	0.4172	0.1978	0.0067	-0.1487	-0.5533	-0.2987	0.2938	-0.1020	-0.5185	-1.4743	-0.7766	-0.4716	0.2300	-0.4741	-0.6893	-0.2361	-1.3992	-0.3814	0.4796	-0.7702	-0.0136	-0.7241	0.6115	0.5783	-0.2627	-0.8381	0.3628	-0.3760	0.2356	0.6523	0.5506	-0.1767	-0.8817	0.0479	0.5997	0.4583	0.3684	1.1091	-0.0470	-0.1844
-0.8580	-0.0052	-1.1273	-0.3687	0.2353	0.3342	-0.5924	-0.0036	-0.4442	-0.6288	-0.3974	1.0560	-0.7508	-0.8308	0.2158	0.1009	-0.1460	-1.5306	-1.6480	-0.2091	-1.1587	-1.0394	0.0155	-1.1433	-0.7080	0.4204	-0.1819	0.4168	-0.8215	0.2709	0.0243	0.6492	0.9749	1.1920	-1.0897	0.5114	-0.3730	0.3937	0.9734	0.8361	-0.1229	-0.5370	1.0216	-0.2400	0.2107	1.3883	1.2057	0.2966	0.2985
-0.6416	0.9522	-1.1923	-0.4651	-0.2724	-1.3281	-0.3937	-0.6596	-1.0271	-0.2350	0.3511	1.0829	-1.6865	0.5888	0.4317	-1.1425	0.3785	-0.6540	0.2141	-0.7108	-0.9476	-0.0976	-0.4212	1.0361	0.4929	0.6516	0.1391	-1.2156	-0.4455	-1.0136	-0.7233	0.6998	0.3491	0.0874	-1.1274	-0.6245	0.7068	1.1564	0.8386	0.4521	1.2295	0.8824	-0.4717	0.1144	-0.1011	1.6678	1.4681	-0.2781	-0.4583
-1.1070	0.4006	-0.7861	-0.5023	-0.0455	-1.2797	-0.8614	-0.2313	-0.0644	-1.1905	-1.0054	0.2795	-2.1945	-0.0128	0.2645	-0.7785	0.2114	-1.5135	-0.1457	0.0578	-0.8275	-1.3318	-1.0115	-0.7680	-0.7887	0.2562	-1.3900	-0.2739	0.3386	-0.7611	-0.3635	1.7045	-0.3957	-0.3436	-1.0924	-2.1309	-0.9692	-0.2255	-0.0127	0.5992	0.3025	0.2319	0.0422	-0.6568	-1.3136	1.5692	0.6730	-1.1656	-0.5768
-0.8831	1.9760	0.7614	0.2973	0.8669	-0.4050	1.9254	0.0009	0.1439	0.4327	-0.4477	0.7208	-0.1943	-0.3040	1.3360	0.0247	-1.1298	0.5525	0.4094	0.5662	0.3567	0.2240	-0.1202	0.5067	0.1315	-0.3060	0.9937	1.3729	0.6556	-0.1576	0.6127	0.2073	-0.3737	0.3030	0.1537	-0.0218	-0.8228	1.6127	-1.0747	0.4094	1.3532	-0.8709	0.0918	-0.5448	0.0227	0.6598	1.1785	0.6575	2.0328
-0.7650	1.7271	0.8559	0.4741	0.1269	0.0994	0.8687	-1.1179	0.2821	-0.3719	0.3839	-0.6681	0.1492	-0.7674	1.9652	-1.6797	-0.9490	0.0572	-0.2862	-0.0728	-0.3003	-0.7880	0.9035	0.1428	-0.5694	-0.8232	1.0365	2.2586	-0.2934	0.5504	-0.1475	-0.9019	0.9408	1.7851	-0.3090	1.3624	-0.8861	0.2254	0.4132	-0.2857	0.6132	-0.5272	1.2909	-0.5925	-0.3592	2.1361	-0.3981	1.4379	2.0670
-1.0295	0.1550	-0.1449	0.0891	-0.8606	0.2519	-1.7776	-0.5190	-0.6532	0.7803	2.3236	-0.6230	0.6192	-2.4167	-0.0243	-0.2523	0.0565	-2.0134	-2.4026	0.2511	-0.6335	-0.6758	1.1994	0.4883	-0.7150	-1.3160	-0.4149	-0.3287	-0.4964	1.2213	0.1898	-0.8817	3.0289	0.5497	-0.3809	0.6923	1.9055	-0.0199	0.0411	-0.6917	1.2952	-0.9806	0.9255	-1.1110	0.9787	0.0735	-1.0318	-0.2309	0.2492
-1.3186	-0.6211	-0.8897	-0.0973	-0.4680	-0.2683	0.6787	0.1172	-0.7254	0.6740	0.7870	0.1333	0.5956	-0.2810	0.3403	-0.1025	-0.9400	-2.9437	-1.6233	0.0326	-1.6137	-1.2982	0.5421	-0.3894	-0.1153	-0.1752	-1.8309	0.1201	-0.5917	0.4383	0.8399	-0.0306	-0.0575	0.4855	-1.4898	-0.7128	0.8027	0.3144	-0.0648	-0.1511	0.3993	0.3276	0.0463	-0.7710	-0.7919	-0.4429	0.4136	-0.4042	0.6584
-0.8007	-0.8948	0.7310	0.7020	0.3462	-0.6795	-0.3514	-1.5957	0.1661	-1.5381	-0.6393	-0.2262	0.4653	-0.1527	1.4764	1.3807	0.8325	-1.8260	-1.0933	-0.3513	-0.4999	-1.4241	0.8367	-1.1361	0.2568	0.0885	0.5766	0.8172	-0.0754	0.1800	0.4916	1.7372	0.3310	0.4758	-0.1939	-0.3919	-1.2795	-0.5350	-0.9201	0.9019	-0.2310	-1.1049	-1.4064	0.5377	-0.0708	-0.8479	-0.5317	0.2412	0.1794
1.7427	-0.4426	0.6875	0.2867	0.6357	-0.7503	1.2070	-0.7866	0.0374	1.3976	1.8270	0.3408	-0.0590	1.5524	2.3776	0.2102	0.7815	0.6407	1.2531	-0.1450	1.0363	0.0905	-0.3180	0.3163	0.4965	1.5127	0.9350	0.5335	0.1761	0.3789	0.9309	-0.0418	-0.3812	0.6660	0.6661	-0.2279	0.4997	0.8054	-0.3170	2.0820	0.0252	-0.2255	-1.8218	1.6623	-0.0995	-0.7320	-0.1290	1.2599	0.1993
0.8082	-1.5671	1.1409	0.4572	0.3385	-0.1210	-0.1676	-0.8172	0.8962	-0.2793	-0.9950	-0.0407	-0.1283	1.8512	2.0986	-1.0518	1.3829	-0.0037	2.2116	-1.4735	1.8252	-0.3713	0.1998	0.3584	-0.2176	2.0438	1.2568	1.0638	0.8197	1.0708	-0.1230	-0.0891	-0.7577	0.2307	1.0356	-0.6102	-0.8645	0.3932	0.9628	2.2863	-1.6111	0.3756	-1.9023	2.2795	-0.7437	-0.7459	-1.2846	1.5100	0.2482
0.9200	-0.1090	0.3073	0.4265	0.3842	0.0268	0.4809	-1.3871	1.3311	-0.3230	0.2478	2.4225	-0.4779	0.4350	2.1891	0.0063	0.2468	-0.0995	0.8334	-1.3222	1.6832	0.2116	1.5289	-0.3769	-0.4869	2.3940	0.3307	-0.4548	1.2269	1.3921	1.6583	-0.3886	-0.6209	0.4434	0.8931	-0.7359	0.1996	1.1261	0.3607	1.6505	0.9130	-0.7517	-0.7832	2.8556	-0.7393	-0.6408	-0.0838	0.9876	0.3765
0.9575	0.1509	-0.0374	0.9612	0.2614	0.5991	0.4970	-1.9963	0.5711	-1.0204	-0.0243	0.1515	-0.2843	0.7879	1.4251	0.9580	-1.3214	-1.3384	0.5857	-1.1112	1.5439	-0.6035	1.1277	-0.5289	-0.7209	0.6879	-0.1778	-0.5311	1.0681	1.2239	0.7347	-0.6936	0.0189	0.5280	0.3800	-0.1699	-0.4708	-0.5154	-0.8138	0.5675	-0.2834	-1.1686	-0.4960	1.1340	-0.2748	-0.8328	-0.1517	0.8321	0.1555
1.6516	0.9763	0.6785	-0.8954	-0.0336	-1.5006	0.6634	-0.4714	-0.3803	1.3340	0.5426	-0.6943	0.0413	0.7392	0.7855	1.7860	-0.9258	-0.0214	1.2603	-1.1628	1.2112	1.2295	-0.4280	0.0590	-1.1222	-1.9811	0.6262	-0.7378	1.1440	-1.0792	-0.4566	-0.5664	-0.9316	-1.0930	0.4304	0.1770	-1.1528	0.3747	-0.8555	-0.4764	0.0913	0.5500	-0.9126	0.0808	-0.2495	-0.4260	0.3743	0.5602	0.6300
0.8439	0.5720	0.0011	-0.4183	0.0199	-0.2657	0.4767	-0.5869	1.0091	-1.1733	0.2439	0.2401	0.8217	0.9513	1.3792	0.8846	-1.4878	-1.1609	0.1213	-1.1268	-0.4357	-0.6362	-0.5931	-0.2385	-2.0511	-1.6743	1.2174	0.6050	0.4781	0.1797	0.4586	0.8032	0.2005	0.0843	-0.1874	1.0621	0.1460	-0.6089	-1.1380	0.1235	-0.8144	-0.9302	0.6587	-0.7435	0.2138	0.8509	0.1381	0.6478	1.2795
0.9419	0.8680	-0.3984	0.5877	0.1584	0.8884	2.1219	-0.9021	0.5752	0.4793	0.7675	1.3075	0.4401	0.1316	0.8370	1.0377	-0.9304	-0.0092	-0.4008	0.6535	-0.0108	-0.4107	0.0317	1.3974	-1.5835	0.2317	-0.3111	-0.3818	0.2821	0.8864	0.1610	0.5445	-0.7578	1.3468	-0.4823	-0.0022	1.7563	0.1768	-0.7484	0.6257	-1.2542	0.3129	1.2568	-0.3746	-0.4919	0.9721	1.5088	0.7253	1.6067
-1.3309	-0.4056	0.6600	0.5276	-0.6754	-0.0235	0.2909	-0.7649	0.9002	-1.1073	-1.4107	-0.9930	0.4875	-0.4356	-0.3244	2.1256	0.6063	0.8626	0.3130	0.6103	1.1791	-0.7502	-0.2421	0.0368	0.7091	-1.1634	1.3287	-0.9935	0.6005	-1.0729	0.4750	-0.0024	-0.3829	-0.1743	0.6927	0.1297	-0.0641	-2.1101	-1.2778	-1.1210	-2.2020	1.2197	-0.1423	-1.0583	0.8899	-0.1096	-0.4853	0.6205	0.4442
1.0535	0.0780	0.7476	0.6829	0.5850	-1.1362	-0.1050	-0.4892	0.5984	0.4485	0.0722	-0.7480	-0.1702	0.6441	-0.0903	0.7583	0.3543	1.0651	1.8506	2.0786	0.8772	-0.1843	-1.2979	-0.0860	0.6747	0.2115	0.3133	-0.2290	-0.1754	-2.8014	0.9134	-0.5290	-1.1976	1.0614	1.2034	-0.8452	-0.6680	-1.5515	-0.7897	-2.4700	-0.8254	0.7735	-0.1124	-0.9155	-0.1790	0.9437	1.2068	0.6147	1.2287
0.7848	-0.1066	0.9224	0.1505	1.2916	0.5702	-0.8651	-1.1980	0.7151	0.1871	-1.1260	-0.4871	0.2393	-0.1794	-0.1310	0.6392	0.4469	2.6144	2.2467	1.8578	0.3626	1.0018	0.2538	1.5449	1.9566	1.2401	-0.1114	-0.2534	0.0282	-0.9858	0.7173	0.1510	-0.7772	-0.1945	1.2022	-0.4540	-1.0116	-0.8572	-1.0024	-1.6027	0.0402	0.7553	-0.7273	-0.7433	-0.4655	-0.3024	-1.2012	-0.5975	0.0976
0.0794	-0.7775	0.5859	1.3743	0.5806	1.4821	0.3240	-1.3705	0.9653	0.7267	-1.5099	0.3872	1.2583	1.4489	0.1157	1.6094	-0.1787	1.1483	1.3592	0.2870	1.1327	-0.4515	-0.0578	0.7868	0.8602	0.4636	-0.0856	1.2369	0.0349	0.2396	1.0859	-0.0320	-0.6602	-0.0810	0.7133	-0.3498	-0.5377	-1.4791	-0.5782	-0.4303	-0.0682	-0.4518	-0.2221	-1.0004	-0.0161	-0.6223	-0.1320	0.5245	-0.5793
-0.2265	0.8954	0.8133	1.2637	0.0292	0.1475	1.4727	-1.3950	-0.2902	0.6371	0.6478	1.1528	-0.7541	0.7643	0.4341	0.5280	-0.4695	0.8268	0.2452	-1.0569	1.0387	-0.0408	-0.4232	-0.7381	-0.6526	-0.3036	-1.6379	-0.5128	0.7875	-0.7224	0.7601	0.2645	-1.3435	0.1101	0.0201	-0.8881	0.0985	-0.1440	-0.5361	0.6262	1.7656	0.3794	0.0500	-0.2811	-0.3162	-0.6938	0.5320	0.8910	-0.7581
-0.4114	0.0446	1.1698	1.1254	-0.1713	-0.2011	1.0890	-1.4159	-0.2636	0.7500	0.4062	-0.6390	0.4637	0.4386	-1.5735	0.3176	-0.2511	0.0757	1.2123	0.0952	0.4799	0.2383	-1.3241	-0.3677	0.7976	-1.3479	-0.4165	-1.0837	1.1006	-1.3389	-0.2764	-1.1398	-0.6481	-0.8391	0.2126	-0.9004	0.2722	-0.5217	-1.2250	-1.1137	-0.1798	0.9042	0.2800	-0.7371	-0.0719	-2.1508	-1.2712	-1.2277	-0.8957
1.1252	0.1224	0.5324	-0.6326	0.7973	-0.0246	0.8298	-0.1254	0.3785	-0.6838	1.1592	1.8702	0.1168	-0.0436	0.3655	-0.7329	-0.6693	-0.4082	1.8400	1.8822	-1.6622	0.0929	0.1159	0.7072	0.0503	-1.2077	-0.1512	-0.6235	0.2820	-1.7376	0.7127	0.2442	-0.8534	0.0678	0.4899	-1.5606	0.1127	0.4196	-1.4165	-0.2644	-1.6995	-0.0826	0.1471	0.1377	-0.9451	-0.4973	-0.3521	-2.4078	0.3962
0.8137	0.4482	-0.1447	-1.6098	1.4625	-1.2643	-0.8270	-0.2626	0.9405	-1.8233	0.2811	1.6499	-1.3209	0.5118	0.4257	-1.6672	0.1495	0.2998	0.5176	1.9673	-2.2394	-0.4080	0.9166	-0.5179	0.4766	-0.2245	-0.6665	-1.1062	0.3833	-2.3427	1.3855	1.1989	-0.8737	-0.1053	0.1545	-1.9628	-0.0953	-1.7215	-1.9969	-1.9296	-1.4849	1.2932	-1.9191	-0.0532	-1.4543	0.1856	-0.6057	-3.4796	0.5329
1.4792	-0.0685	-0.5907	-0.9767	0.6377	-0.7543	0.3463	-0.3428	0.6667	-0.7357	0.7950	0.7884	-1.3838	1.7907	0.3329	-1.4260	-0.5201	-0.4181	1.3178	1.9201	-1.2999	-1.3149	-0.4341	-1.4895	-0.5557	0.8770	-1.2382	-0.8157	-0.2927	-2.0451	1.3117	0.0224	-0.0434	0.9402	-0.0719	-1.8801	-0.4173	-1.1504	-2.0565	-1.3861	-0.1509	-0.0687	-1.1097	-0.3267	-1.5465	0.3413	0.1710	-2.5352	0.6293
0.5023	-0.4647	-0.0294	-1.3302	0.8983	1.0672	-0.7651	-0.2262	0.0433	-0.6696	-1.9683	-0.1860	0.3031	1.1023	-1.2063	-0.5540	1.5246	0.7548	0.6972	0.8198	0.6896	-0.8123	-0.5536	0.1579	-0.4578	1.1922	0.0761	-0.0333	0.8224	0.3432	0.0020	-1.3387	0.8023	0.5817	0.5843	-0.7197	-0.2638	-1.6574	-0.9391	-1.1032	-2.0408	-0.7656	-1.2181	-0.0290	0.1523	-0.5916	-0.9598	-1.7278	-0.5742
0.4749	0.5814	-0.7292	-1.1262	0.9920	0.9332	0.1280	-0.7190	-1.0506	0.6624	-2.2858	-0.1399	0.1301	1.9138	-0.6659	-1.7746	0.9040	0.8115	0.0172	-1.0564	-0.4113	-0.2716	-0.2927	1.3620	-1.1095	1.5438	0.8809	0.5345	0.0637	-0.0484	-0.3662	-1.6130	0.5311	0.4375	-0.1394	0.2597	-0.6156	1.0835	1.0463	-0.5554	0.7611	-1.3185	-0.6751	0.7431	0.4707	0.3302	0.7784	0.4333	-0.1009
-0.2951	1.0212	-0.8635	-0.9462	0.4033	1.7354	-1.2729	-0.1557	-1.4227	-1.4171	-2.1405	-1.6630	0.7022	-0.2580	-0.8788	-0.1639	1.9661	1.1255	-1.6217	-1.2895	-0.3114	0.3844	-0.6863	-0.0796	0.0954	0.4842	1.1142	-0.9565	0.3625	1.6290	-1.2650	-0.6080	0.9342	-1.5702	-0.8783	0.9330	-0.5109	1.0693	1.7859	-0.8098	2.2995	-1.2578	0.1143	1.4823	1.2428	0.8466	0.1182	0.8935	-1.3528
-0.2653	-0.0097	-1.3309	-1.2540	0.2845	1.2839	-0.0982	-0.5377	-0.8313	-0.1941	-0.5509	-0.0854	1.0422	-0.5414	-0.8626	-0.3362	1.1913	0.1563	-1.0772	-0.0314	-0.4469	0.2298	-0.6463	-0.6390	-0.0333	0.7582	0.6850	-0.7397	-1.0124	0.9744	-0.6770	-0.6406	1.2999	-0.4924	-0.8385	0.9483	-0.0625	1.4639	2.6448	0.6487	1.0511	-0.6135	0.5644	1.2166	1.2746	1.4990	0.4872	1.3574	-1.0105
0.4567	-0.6613	-0.6762	-1.4088	-0.3140	1.2620	-0.1923	-0.2856	-1.5704	-0.0071	0.3438	0.2181	0.9676	-0.3949	-1.4936	-0.3670	2.0383	1.3733	-0.9477	0.4145	-0.2118	1.7704	-2.0758	-0.5037	1.5543	-1.0235	0.6745	-1.7686	-0.7989	1.2900	-2.1217	-1.2835	0.2223	-1.8512	-0.7808	1.8915	-0.0904	1.5207	2.6054	-0.5102	-0.1277	1.0337	-0.2654	-0.0958	2.6322	0.9001	0.3634	0.4597	-1.3652
1.0546	-1.0356	-0.3347	-0.4112	-0.8159	2.1450	-0.1689	-1.0617	-2.2741	1.0630	0.8044	-0.5116	0.5989	-0.3714	-2.1569	1.3326	1.0218	0.0343	-0.3297	-0.2051	-0.8335	0.4737	-2.0066	0.7445	0.6134	-0.4266	-0.4863	-0.8769	-1.4548	2.4256	-1.4857	-2.3428	-0.9750	-1.3555	-0.6595	2.3542	0.4522	0.7309	2.3483	0.0531	-0.1384	-0.6879	1.3456	-1.7372	2.5681	0.3371	0.1620	-0.8873	-1.2795
-0.3770	-0.3905	0.5293	-0.2640	-0.4947	-0.0705	0.1236	-0.2214	-1.4292	-0.4996	1.6479	0.9196	0.5980	-0.2076	0.2256	0.9169	0.2730	-0.0487	-0.5763	-0.6242	-0.5027	0.0147	-0.0242	-0.0419	1.2592	-0.3951	-1.5364	-0.3471	-1.3024	2.4363	-0.2998	-0.1320	-0.2506	-1.1014	-0.6957	2.4471	0.0838	1.3813	1.9276	1.0121	0.6736	-2.9146	1.9784	-0.2993	2.1768	0.5581	2.2168	-0.8867	-1.3295
-0.5072	-0.3146	1.6666	-0.0335	0.4191	-0.1613	0.7311	0.0848	-1.4563	1.0916	1.2861	0.3991	-0.1056	-0.9679	0.4752	0.0965	-0.6399	-1.2336	-1.0962	-1.1151	-0.3876	0.1635	-0.3449	-0.1860	0.1791	0.9225	-2.1354	-0.3208	-0.4668	1.1939	-1.2372	1.4815	-0.9505	-1.2648	-0.6331	1.5355	0.3849	0.4004	1.5197	0.3259	0.5800	-1.3134	1.6509	0.2881	1.3458	1.0136	2.4318	-0.0767	-0.7270
-1.1371	0.0488	1.8046	0.1134	1.3560	-0.5512	0.7300	0.7056	0.0670	1.9117	0.6902	0.1535	-1.0183	-0.7541	0.7077	-0.4256	-0.6851	-0.9340	-1.5916	0.1194	-0.4168	0.4882	1.4523	1.9079	0.8179	1.8895	0.2297	0.8291	-0.0415	-0.1851	-1.6584	2.6465	0.2696	-0.8089	-0.9470	0.9001	0.3569	0.2696	0.3367	-0.6811	0.7732	0.9432	-0.0950	0.0913	0.1815	0.9772	0.8379	1.1645	0.5495
-1.2736	0.2624	0.9307	-0.4844	-0.7228	-0.3682	0.8582	0.3669	0.5519	0.8531	1.7763	-1.5888	-0.2750	-0.7134	0.0334	-0.6641	-0.6260	-0.2830	-0.6624	0.4117	0.0748	0.0526	0.2798	1.4939	-0.4904	0.7369	1.3372	0.5885	-0.2578	-0.6611	-0.7647	1.1920	1.1892	-0.0357	-1.3000	-0.0856	1.7954	0.3165	-0.5849	-0.3071	0.5062	0.4088	1.0053	-1.3642	-0.8007	-0.1987	-0.9392	1.1469	0.6137
-0.9958	-0.4667	-0.7214	-1.0482	-1.9210	-0.3293	-0.8896	-0.2585	1.0848	1.2871	-0.1990	-1.8599	1.4299	0.3913	-0.1714	0.1303	0.3869	-0.1268	0.6436	0.6974	1.3067	-1.0289	0.0145	-0.4198	-1.0127	0.3414	1.0348	0.7459	-0.0762	-0.5020	1.1763	0.3798	0.7327	0.2065	-0.7726	-0.4097	-0.0244	-0.9530	-1.2162	-0.4272	-0.3228	-0.2631	0.1550	-1.1536	-0.2487	-0.5184	-2.1696	0.7759	-0.0178
-0.7131	-0.1600	-1.6148	-0.5094	-2.0067	-1.2817	-1.5733	0.2868	0.7600	0.7326	-1.2079	0.3876	1.0546	0.1960	-1.4135	-0.2590	-0.1538	0.4654	2.0577	0.6273	1.1418	0.2896	0.2888	0.7721	-0.6749	0.5096	-0.1305	-1.2017	0.1052	-0.9379	0.6773	0.2131	-0.8622	0.5741	-0.1530	-0.7627	0.5217	-0.9066	-1.1850	0.0873	1.2071	-0.0987	-0.2589	0.0633	0.4718	-0.7473	0.2871	1.5361	-1.2697
-1.3159	-0.4632	-0.2503	-0.4826	-2.0074	-0.5573	-1.3950	0.1943	1.4630	-1.2977	-2.4456	-0.3727	0.0400	-0.3365	-1.5139	0.6007	0.2072	-0.3628	0.9509	-0.4111	0.9231	-0.6745	-0.7545	-0.1517	-1.1691	-1.1046	-1.4434	-1.8545	0.2778	-0.2305	-0.2501	-0.3479	-0.6560	-0.7775	0.1925	-1.4698	-0.4830	-2.1755	-0.8991	-0.3245	-0.1879	0.4173	-0.5557	-0.6126	-0.6284	-0.7849	-1.9117	1.0097	-0.1193
-1.4804	0.5981	0.5761	-0.5652	-0.7508	0.6657	-0.4924	0.8864	0.3767	-0.4635	0.3485	-0.1748	-0.5582	-0.4301	-1.0410	-0.3932	-1.2354	0.3496	0.1566	0.1695	0.9962	0.3891	-0.9529	-0.2891	0.5535	-0.1466	-1.5232	-0.5095	0.6973	-0.4992	0.6108	-0.5337	-0.1024	-0.3576	0.6591	-0.0753	0.9625	1.2210	-1.1067	-0.3279	0.5494	-0.4525	-0.0814	-1.3964	-0.6511	-0.8558	-1.7246	0.5245	1.2023
0.4330	-0.3040	1.5235	0.1967	0.1959	1.8624	0.0045	0.5582	-0.4645	0.8349	0.2750	-1.5731	0.3676	-1.1544	-0.5369	0.2432	-1.5192	0.7460	0.7135	-0.1416	0.8039	1.0185	0.3654	0.4862	1.1529	0.3857	-0.0102	0.8752	-0.2210	0.0705	-0.2251	0.3702	-0.5280	0.0875	0.5994	2.0122	-0.1292	0.8668	-0.4638	0.9904	0.1899	-0.0701	0.4008	-1.2161	0.0039	-0.7854	-1.7906	0.8739	0.5074
1.4604	1.9093	2.5283	-0.3533	0.9861	0.7758	0.5822	0.5035	-1.1582	0.7425	1.5657	-0.0281	-0.0964	-1.2382	0.2665	0.2537	-0.1145	1.7876	0.4828	0.5480	-1.3439	1.8981	1.2433	-0.6756	1.0534	0.0334	0.4737	0.1094	-1.0393	0.2553	0.2489	0.9994	0.3204	1.3837	0.4216	2.5683	-1.2434	0.4982	0.0151	0.1743	0.3725	0.6356	0.9909	0.7098	0.3331	1.2150	-0.5554	0.1222	1.3341
0.3543	1.0345	1.3539	-0.9408	0.7452	0.3708	0.8861	0.6907	-0.1400	-0.0595	1.6277	-0.2410	-1.2658	-1.3370	1.7573	-0.1365	-0.7903	1.6158	-1.2771	-0.1206	-2.8239	0.3501	1.5806	0.1514	0.0740	-0.5857	-0.2438	0.6268	-1.4590	0.6830	-0.8617	2.1771	1.3576	1.6444	-1.3876	1.2475	0.1453	0.5502	-0.1692	0.5376	0.2493	0.3547	1.1081	0.3516	0.0027	1.2323	-0.7473	-0.5867	0.9713
0.6222	0.6957	0.1095	-0.8192	-0.1362	-1.5541	1.1974	1.3623	-0.5577	-0.1360	1.1671	-0.7353	-1.2680	-1.4449	0.2173	0.1154	0.1375	1.4114	-1.1667	0.0882	-0.6343	1.2220	-0.1518	-1.3772	0.4742	0.3852	0.2554	0.5988	-1.6108	0.0190	-0.4550	-0.3443	0.0193	0.8615	-0.6154	0.0744	1.2314	0.7188	0.0766	-0.5968	0.6014	1.3740	0.1262	-0.3799	-0.3358	-0.2500	-0.4574	-0.3262	0.7418
0.3029	-0.3693	-0.8721	0.2495	-0.3263	-1.0565	0.0130	1.6668	0.2699	0.6636	-0.7233	-0.2767	0.3325	0.5313	-0.5240	-0.3176	-0.8106	-0.5551	-0.7424	-1.3698	-0.1987	-0.3202	0.7307	-0.6486	0.4202	0.4227	0.2124	1.1597	-1.1726	-0.2095	-0.1513	-0.4825	-0.2149	-0.2474	1.1765	-0.9090	0.5561	-0.6170	0.1887	-0.3423	0.4281	-0.4348	-0.7736	-0.2283	-0.7143	-0.2685	0.1394	0.6918	0.0736
0.1066	1.0587	0.2322	0.1533	-1.1935	-1.5764	-0.5908	2.1100	-0.0410	0.2951	0.2869	-0.3395	-0.7552	0.1004	-1.2765	-0.0230	0.6313	-1.4157	-0.2068	-1.4617	0.3636	0.4626	0.0623	-0.7318	0.6225	-1.1517	-0.7102	-0.5229	0.3761	-0.5065	-0.6852	-1.2524	-0.6423	-0.7330	2.0937	-1.5694	0.9152	-0.0489	-0.1246	-1.0708	0.4261	0.3538	-0.4976	-0.0507	-1.1286	-0.7120	-0.9249	-0.2202	1.1417
1.1764	1.1920	-0.1660	-0.4062	-1.0586	-0.8938	-0.2876	2.2111	-0.2907	0.3170	0.6787	0.0800	-0.9179	0.1171	-1.1222	0.1419	-0.0171	-3.0622	0.5948	-0.5697	0.1596	-0.8218	0.0202	-0.2107	-0.4177	0.3455	-1.0994	-2.0523	1.3613	-0.9124	1.5366	-1.3667	0.4596	0.2335	2.4519	-1.7630	0.6967	-0.2354	-1.1549	-1.4282	0.1658	-1.3911	-0.0369	0.3702	-1.3451	-0.0815	-0.7703	-1.6562	2.2099
1.3558	0.2312	-0.2388	-0.3930	-0.1512	0.1535	0.2169	2.9656	0.9288	-0.0428	0.4066	2.5824	0.3729	-0.0175	0.6516	1.3107	-0.1297	-2.0055	0.4576	-1.0952	0.3198	-0.9226	0.2397	-1.1377	-0.4245	0.1993	-1.5191	-1.8203	2.7679	0.5563	3.3252	0.3875	0.1937	0.0255	2.2841	-2.3105	-0.7961	-0.5016	-0.9697	-0.8921	-1.4888	-0.9596	-0.2186	1.7438	-1.0551	-0.3088	0.1718	-1.2833	1.6204
2.1040	-0.0331	-0.4956	-0.1961	-0.1191	-0.9157	-0.2817	2.0042	1.0603	-0.3097	0.1721	1.7855	-1.2131	1.0007	0.4493	0.4844	-0.4185	-1.7171	0.6025	-1.3720	0.1398	-1.4943	0.0703	-0.6750	-1.0774	0.1092	0.2896	-0.7131	2.4642	-0.7082	2.9773	-0.0588	-0.3710	-0.2165	1.4518	-1.8861	-0.6540	0.3474	-0.1503	0.0725	-1.1035	0.0525	0.2389	1.5200	-1.5963	-0.1496	-0.5857	-0.8582	0.3153
1.3055	-0.9128	-0.1143	-0.3173	0.4471	-1.8949	-0.8386	1.7252	0.7393	-0.3807	-0.8816	-0.2418	-1.3697	1.8494	0.7864	-1.2384	-0.7592	-0.7268	0.3267	-0.5167	0.5140	-1.3054	0.6705	-2.4670	0.1034	-0.0401	1.0235	0.9670	1.5080	-0.7733	0.9812	0.2144	1.3491	0.5860	0.7632	-0.5088	-0.9352	-1.4992	0.9533	0.1465	-0.8612	0.0179	-0.8384	0.6866	-1.7071	-0.1518	-0.6395	-0.1288	0.4863
-0.1815	0.2967	0.1033	0.6786	0.4713	-1.0135	0.0544	0.2026	-1.0613	0.4923	-1.5042	0.3967	-0.2120	-0.7050	0.3922	-0.7692	-1.0772	0.3305	-0.6134	-0.7439	-0.0528	0.7212	1.2195	-0.1516	-0.1544	0.5719	-0.0601	-0.3292	0.1308	-0.5135	-0.1850	0.5303	1.2102	1.7022	-0.1700	-0.6416	0.4970	0.1892	0.5570	0.8913	2.2074	-0.2336	0.1446	0.5829	-1.3503	0.6930	1.3606	-0.1268	-0.6963
-1.8495	-0.0221	-0.0481	1.2767	0.2399	0.2135	-0.0772	-0.7535	-1.1430	-0.5214	-1.7966	-0.4230	0.9244	-0.9014	-1.0244	0.2566	-0.1852	0.0778	-0.8609	-0.5839	-0.1229	0.3618	-0.4862	-0.5399	0.9853	-0.2509	0.2938	-0.5322	-1.6261	-0.1545	-0.9005	-0.3225	1.6182	1.1110	-0.6760	0.0645	-0.6117	-0.9329	0.2267	0.0081	1.0055	-0.2228	1.6272	-0.4603	-0.0978	0.9568	-0.3424	0.3939	-1.1125
-0.8206	1.9064	-0.0085	0.5917	-0.1655	0.1148	-0.1513	-0.1925	-1.5698	-0.1875	0.4325	0.2455	1.7939	-1.7747	-1.6021	0.9253	0.6859	1.0406	-0.5759	1.0131	-0.0939	1.7174	-1.1965	0.4699	2.5392	-1.9844	-0.0938	-1.2601	-1.2947	-0.4285	-1.8905	-1.2778	1.1326	0.2803	-0.4323	-0.3435	0.2377	0.3099	0.7220	0.2067	-1.0997	1.8067	0.9573	-0.2158	1.2778	0.7628	0.2317	0.7944	-0.0216
0.1155	0.7624	-0.6928	0.7610	-1.0243	0.3200	-0.3010	-0.7351	-1.7786	-0.1112	0.1094	-0.3416	0.9004	-1.7635	-1.4894	0.7692	-0.4490	0.1102	-0.0987	0.2143	-0.7720	-0.1868	-1.9143	0.9720	0.8825	-1.6489	-0.7448	-0.3696	-1.0124	-1.3469	-1.7202	-1.7337	0.7826	0.8691	-0.3533	-0.7824	0.9401	-0.0135	0.8778	0.6352	-1.5871	1.5177	1.0725	-1.0769	0.8260	0.5854	-0.3456	0.1061	0.2414
0.2235	-1.1488	-1.0965	0.3349	-1.1012	1.4280	-1.5039	0.5744	-0.3859	-1.9309	-0.7237	0.2326	1.3286	-0.6168	-0.0375	1.7722	0.3384	0.6181	-0.8520	-0.0078	-0.5481	-0.8884	-0.4805	-0.3332	1.3337	-2.1747	0.2471	-0.4229	0.3107	1.4078	-1.0856	0.7911	-0.0311	0.5610	0.2937	0.0299	-0.1141	-0.6093	0.4989	-0.1320	-1.5879	1.9082	-0.7796	0.2134	2.0461	-0.0369	0.2382	-0.4819	-1.2987
-0.3569	-1.6316	-1.6002	0.8121	-0.2030	0.2991	-0.6430	-0.0603	0.3916	0.2733	-0.5221	0.1985	0.1410	-0.2796	-0.3577	1.0751	0.9283	0.8882	0.2887	0.6560	-0.0198	-0.4783	-0.7736	0.6007	1.0330	-0.9869	0.4273	0.2438	-0.5421	0.1735	-0.6707	-0.0228	-1.6817	-0.1476	0.0765	0.1320	-0.5049	0.9000	0.6289	0.0475	-0.3875	2.9877	0.1210	-0.9397	0.8805	-0.5126	0.3459	-0.1707	-1.4499
-0.2603	-1.7388	-1.2396	1.0653	1.1479	-0.6926	0.4571	-0.3562	1.1458	0.1561	-0.2411	0.0099	-0.0677	0.2417	0.3347	-0.1683	0.9037	0.5135	1.1432	2.2145	0.9061	-0.4577	-1.4849	-1.0654	1.4702	1.5964	-0.0714	1.7895	-1.1411	-0.8303	-0.2877	0.1442	-0.6014	-0.1440	-0.8095	0.9679	-1.3431	0.6157	0.8670	0.5740	-0.7752	1.2832	0.2517	-1.1872	0.1810	-0.7219	0.2388	0.0191	-1.0969
0.2753	-0.8017	-0.3829	2.4058	1.2453	1.7376	0.7886	-0.9865	0.6542	0.3285	-0.9336	1.2102	2.1926	-1.2225	0.8971	2.1746	0.3698	1.2791	0.7108	1.2868	0.3221	1.6764	-0.1997	0.9406	2.0139	1.4946	-0.2348	1.5489	-0.2433	1.5689	-0.1259	0.6980	-0.7325	-0.0968	-0.0318	0.9174	0.0031	0.2685	0.8674	1.3807	0.6436	1.0731	-0.0486	0.3284	1.2265	-1.1739	0.9957	-0.0566	-2.1850
0.0832	-1.3313	0.0761	1.0233	0.2870	1.1775	0.9437	-1.8490	1.0486	-0.2997	-1.5505	0.0067	1.1122	0.6315	0.4056	1.0756	0.4003	1.5721	1.3512	-0.3206	0.1677	1.3451	0.2141	1.1715	0.6637	-0.2079	0.9756	1.8588	-0.3184	0.4173	-0.0347	-0.5088	-0.5150	0.1783	0.6779	0.6619	-0.5563	-1.2257	0.9226	0.3412	-0.4117	1.5143	0.1466	0.4625	0.4682	-0.5236	0.1250	0.5064	-2.0048
0.9033	-0.4489	0.0432	-0.1094	-1.1195	0.9921	-0.0080	-1.3791	0.8255	-1.3992	-0.8204	0.5779	0.7628	0.9148	0.2688	0.5000	1.0162	0.1990	0.4553	0.7822	0.6011	0.8628	-0.6991	0.5266	-0.1473	-0.9353	-0.2640	0.3127	1.1325	0.7807	-0.2522	-0.6028	-0.0049	1.1441	0.4860	-0.3718	1.4003	-1.1852	-0.1551	-0.5896	-1.0100	1.0001	-0.3299	-0.3356	1.2020	-1.4428	0.7822	-0.8874	-0.9348
1.4010	-0.0077	-0.6591	0.5120	-1.3650	0.3606	1.4634	-1.3116	0.4821	-0.3352	0.4600	2.5147	0.6698	1.2076	0.5839	0.4425	0.0395	-0.9102	0.3644	1.5418	-0.0328	0.1989	-0.3737	0.7557	-1.3084	-0.7830	-0.3039	0.9849	0.4833	-0.7676	1.0726	-0.4404	-1.4337	2.3080	0.2657	-0.7524	0.8019	0.9174	-0.5662	0.2080	-0.3456	-0.5711	0.3700	0.2725	1.3685	0.1354	2.0269	-1.4627	-0.6617
0.7847	-0.5017	0.4888	0.6747	-0.4927	-0.1782	0.9708	-1.2240	0.9424	-0.5711	0.1736	0.4694	0.0989	2.1697	0.7262	-0.3979	-0.2299	0.0365	-0.0586	1.4275	-0.0858	-0.2789	0.3439	-0.7153	-0.5682	-0.2743	0.3626	1.8236	-0.3939	-1.0780	0.6280	0.7558	-1.8097	1.9567	-0.7828	-0.1048	-0.7363	-0.3933	-0.0398	-0.4816	-0.7978	0.2928	1.0647	-0.6010	-0.0266	0.3757	1.8087	-0.0859	-0.0761
0.2758	0.9626	0.8335	1.7696	1.2003	0.6035	0.3603	-1.2431	0.2412	0.9489	0.8824	-0.2006	0.6446	0.4859	0.5009	0.5676	0.2111	1.7811	-0.0031	0.9199	0.1996	1.0156	0.2343	1.7866	0.0494	0.2731	0.9855	1.6438	-0.4550	0.0081	0.5395	1.0241	-1.6285	1.0518	-1.4515	0.1398	-0.3676	1.0182	0.0770	0.1540	-0.0016	0.4541	0.7026	-0.0963	-0.2463	0.4456	1.9281	0.7777	0.0362
-1.3491	-0.1631	-0.2730	0.2331	0.5362	-0.4788	-0.2845	-1.7612	1.1454	-1.1382	0.2690	-2.1283	-0.7927	0.8626	1.7106	-2.4389	-1.0432	1.2429	-0.3268	-0.3223	-0.1176	-0.4167	0.5578	0.1177	0.1633	-0.1203	2.0173	1.8973	-0.4584	-0.5238	-0.4516	1.2361	0.9833	-0.3831	-1.0289	0.8534	-2.2225	0.6925	-0.2699	0.7020	0.6575	-0.1097	0.0292	0.1077	-0.8156	1.1874	-0.9996	1.7016	-1.0580
-0.8040	-0.4830	-0.7127	-0.7326	0.4087	-0.1843	-1.3806	-0.2220	0.5989	-1.4837	0.0300	-1.8750	-0.8806	-0.8122	0.5539	-1.7762	-0.9342	0.9339	-1.2453	-0.5927	0.8247	1.1804	0.8221	1.3577	-0.1673	1.1980	1.4918	0.7621	0.5452	1.3702	-1.1783	0.1236	0.4345	-1.0116	0.5862	0.5862	0.9853	-1.2425	-0.2443	0.8239	0.3792	-0.0370	-0.9108	1.0718	-0.5404	0.1476	-1.2286	1.3519	-0.7614
-0.4361	-1.1413	-1.5142	-0.2322	0.7295	-0.1999	-0.0272	-1.0790	0.4523	-0.1295	-0.3345	-0.2650	-0.5189	-1.1170	-1.0064	-0.5170	-1.1362	-0.0014	-1.1219	-1.9394	0.5943	1.1323	1.1795	0.2257	-0.9868	0.0836	1.5638	0.2054	-0.1557	1.2575	-0.7346	0.1050	0.0534	-1.5259	0.4365	-0.6237	1.3006	-0.8259	-0.1199	1.1302	1.2831	-0.8726	0.2655	1.4009	-0.4188	-0.6041	-1.3076	0.4956	-0.4374
-0.5959	-0.4907	-1.1829	0.9653	0.9053	-0.2695	0.8928	-0.7938	-0.7249	0.0836	-0.6515	0.1785	-0.2711	-0.4907	-0.0879	-0.8567	-0.7268	-1.1674	-1.2846	-0.8952	0.4313	-0.3120	1.8769	-2.3607	-0.7081	-0.2584	0.7956	1.1138	-0.7165	0.4783	-1.2134	0.5751	0.2907	-0.5979	-0.2120	-0.5205	-1.4654	-0.1797	-0.2464	0.3759	1.0213	-1.2439	0.4084	1.4557	-0.3123	-0.7016	-0.6421	0.4030	0.3971
-1.4442	0.9225	-0.0323	0.0672	-0.2153	-0.8879	0.3917	0.8829	-2.2812	1.5886	0.6518	0.2616	-1.1616	-1.2547	-0.3958	0.2975	1.0912	-0.5344	-0.8098	0.6331	-0.2244	0.3663	1.3456	-0.5877	-0.0239	-1.0769	-0.5093	-0.1425	-0.2914	-0.3644	-0.6783	-0.7606	0.0290	-1.0052	-0.2266	0.3636	0.0576	0.6092	-0.5567	-0.3666	1.0093	0.4029	0.7973	0.0013	0.3149	-0.6123	-0.3440	-0.2001	0.2269
-1.1494	1.4025	-0.6051	0.2298	-0.3134	0.0477	0.1349	0.7020	-1.4102	-0.1164	0.6305	-0.4717	-1.8205	-0.4574	0.2228	-1.1153	-0.7538	-1.4083	-0.9636	0.5351	-1.7525	-0.8982	0.8306	-0.3646	-0.9125	-0.1850	-1.7508	0.8775	-0.8105	-0.3508	-0.2740	-0.1012	0.5192	-0.3891	-1.4560	0.1618	0.5006	1.0811	-0.4929	-0.4601	1.4793	-0.3128	1.8729	-0.8255	-0.9710	1.1511	0.5792	-0.8632	0.6080
-1.3073	1.2944	-0.8427	-0.0927	-0.5490	-0.1700	-1.3293	-0.2068	-0.2169	0.3400	0.6259	-1.2771	-0.9277	-0.3537	1.1673	-0.4574	-1.5351	-0.8632	-1.2881	0.2432	-1.8632	-1.3047	1.6995	-0.5332	-1.8136	-0.3159	-1.2189	0.5253	-0.1638	0.1889	-0.1160	1.5406	1.5116	-0.2440	-1.5864	0.1801	-0.0055	1.0364	-0.3718	0.2922	0.3772	-2.2222	1.7409	-0.2960	-1.3298	1.4124	2.2878	-0.0583	1.2205
-0.6515	0.4142	-0.5504	-0.6262	-0.6925	-0.9287	0.1687	0.1303	-0.2966	1.9120	1.4346	-1.2148	0.0839	0.0701	0.3826	-0.4613	-1.9612	-0.1997	-1.9350	-0.7357	-1.2340	-1.4454	1.5009	0.3263	-2.1037	-0.2165	-1.2899	-0.5793	0.8834	-0.0382	0.0904	-0.1468	-0.4792	-0.6033	-1.3269	-0.1227	1.0690	0.7649	-0.1413	0.2160	0.0612	-1.1555	0.9424	0.4929	-1.1109	1.0092	1.6716	-0.3077	0.2894
-0.8106	0.0173	0.3515	-1.2661	-0.5979	-2.1185	-0.0023	0.3952	0.3178	-1.0848	1.0872	-1.5895	-0.8205	0.1639	1.1810	-1.3688	-1.1375	-1.0951	-1.5896	0.2208	-1.6802	-2.6286	2.3384	-0.3589	-2.3097	0.2350	-1.0302	-0.2391	0.3304	-0.7203	-0.2369	0.8418	-0.5272	-1.2565	-1.2514	-0.2114	0.2049	-0.1949	-0.1577	0.7134	-0.4473	-0.4054	0.6722	0.3058	-1.7948	1.3013	0.4809	0.0470	0.1066
-0.9368	-0.4541	0.5768	-1.0497	-0.1886	-0.8581	-0.8119	0.6833	-0.1448	-0.9080	0.4062	-1.0126	0.5697	-0.7842	-0.3323	0.7626	0.5582	-0.6660	-1.3156	0.3664	-1.0904	-0.4015	1.1817	0.5973	-0.8681	2.0031	0.5218	-0.0014	0.3435	0.9162	-0.2623	-0.1606	-0.8419	-2.0271	-0.2468	0.9726	2.5356	-1.0274	-0.6912	0.5397	-1.4447	-0.3019	-1.3786	0.2600	-0.3083	-0.3056	-0.1892	-0.5559	0.6351
-0.9808	-1.6593	-0.8629	-0.2723	0.5971	-0.7582	-0.6306	0.3940	-0.2026	-0.9875	-0.6664	0.1339	0.7021	0.1288	-0.3609	0.3171	0.6312	-0.9979	0.1363	-1.1664	-1.2288	-0.1759	1.4564	-0.0693	-0.1883	1.7107	0.5830	-0.4379	-0.7618	0.5263	-0.3755	0.1189	-0.5021	-1.7328	0.0949	0.3055	0.2714	-0.4299	-0.7159	0.3235	-0.5867	-1.3615	-0.8414	0.9785	-0.4860	-0.1512	-0.2732	-0.5754	0.2265
-0.9307	-1.4355	-0.0357	0.2075	1.2538	-0.2738	-0.7578	-0.0526	-0.1965	-0.5662	-1.2502	-0.4337	-0.6524	0.9838	0.7073	-0.4550	1.5424	-1.1324	0.1728	-0.4059	0.1495	-0.7898	1.0395	-1.5760	-1.1998	0.9051	-1.5566	-0.6739	0.0288	0.2858	-0.4241	0.9026	0.2694	-1.6985	0.1932	-0.1287	-2.5448	-0.7355	-0.0920	0.4601	-0.7172	-0.2564	-1.8195	1.2451	-0.9258	-0.1814	-0.8081	0.3506	0.7609
-0.0990	0.0906	0.3436	0.2639	0.5801	0.1706	-0.4162	-0.0528	-1.2137	0.9264	0.8595	0.1669	0.5020	0.9065	0.0601	0.5396	1.3176	-0.5904	0.0324	-0.0060	0.6725	0.9219	-0.6284	-0.2786	0.1794	-0.5869	0.3751	-1.0930	0.3958	0.0542	0.4971	-0.0301	0.6161	-1.3954	0.3868	1.4181	-1.7340	0.8806	-0.7798	-0.0260	0.6990	-0.3298	-2.5891	0.8287	1.1970	-1.6553	-0.8462	-0.5947	0.8712
-0.9272	-0.0480	0.4513	-0.2156	0.3993	0.6856	0.7213	0.0818	-0.6184	-0.2675	-0.0915	0.2777	-0.7853	0.6792	0.3897	-1.2421	1.0213	-0.6843	0.6685	-0.8068	0.2989	0.4672	-1.6419	0.8649	-0.8498	-0.2384	1.1495	0.6335	0.4048	-0.0881	0.2404	-0.4947	0.6939	-0.5228	0.2287	1.7453	-0.6301	0.5804	-0.3914	-0.3042	-0.6691	-0.7679	-1.7595	0.1186	0.6236	-0.6523	-0.4476	-0.1306	0.5836
-0.9054	0.0066	1.1145	0.3249	0.6215	0.0393	0.3269	-0.4293	1.0553	0.5659	0.5028	1.5057	-0.4212	1.0909	1.3383	-0.4581	1.4908	-0.5527	0.3175	-0.9392	-0.1681	-1.1412	-0.7914	-0.4431	-1.1335	0.0969	0.3109	0.0503	0.2990	-0.5950	1.4235	0.8400	1.8474	0.4427	0.0229	0.8300	-1.2239	-0.1730	1.3357	1.1657	0.3926	-0.4164	-0.5234	-1.5915	0.0643	0.1595	0.1034	-0.8651	-0.2334
0.3532	0.8148	1.0635	0.5340	0.1136	0.1910	0.9066	0.1877	-0.5797	1.1249	0.5385	2.1560	0.6559	0.5268	0.1313	0.1266	0.8880	-0.2583	1.1709	-0.8793	-0.1869	0.1507	-2.0691	1.8799	-1.2588	1.3077	-0.8077	-0.2005	-0.1509	-0.1697	0.9824	-0.9202	-0.5029	0.3224	-0.7466	0.0032	0.8444	0.3782	1.2959	1.0605	0.9789	-1.1978	-0.9294	-0.8118	0.9527	-0.1835	1.0627	-3.7258	-0.4429
-0.9587	-0.2191	1.8467	1.1981	0.4163	0.7122	-0.0992	-0.8461	0.0018	-1.6546	-2.0312	0.7112	-0.3143	0.0909	-0.7984	-0.7499	1.0609	-1.1371	1.4557	-2.0747	-0.0753	-0.9201	-1.5872	0.5300	-1.7723	0.4685	-1.4732	0.8095	-0.7858	0.3529	1.1219	-1.7828	-1.2319	-0.0731	-0.1606	0.2855	-1.2530	-1.2084	0.9229	0.9078	0.7953	-1.1933	-0.6187	-0.3614	0.1056	-0.3136	0.5195	-2.8683	-0.7458
0.3958	0.7441	1.6497	2.2431	0.5689	1.5922	-1.1443	-0.9039	-0.7317	-1.8175	-0.2865	-0.2664	1.4919	0.3239	-0.6531	0.5623	1.0534	-0.9004	-0.1321	-1.1655	0.0756	0.6964	-2.1008	-0.4002	0.7644	-1.6673	-0.4068	-0.1297	-0.0908	1.8462	0.6388	-0.8513	-1.3948	-1.0971	-0.8022	1.1584	-0.0277	0.5168	0.5062	0.5765	0.6877	0.4749	-0.8358	-0.0489	1.7160	-2.0047	0.3555	-1.2467	-0.8070
0.8234	1.4211	0.8879	2.0527	1.4374	1.5833	0.0184	-0.7242	-0.8614	0.5979	0.2809	-0.1910	1.1246	0.5167	0.7454	-0.3376	0.6152	-0.9042	-0.1365	0.4998	0.0892	0.6836	-0.7054	1.5717	-0.0884	-0.7018	-0.8985	0.7508	0.1680	1.1055	-0.6639	0.0194	-0.6772	1.2471	-1.3525	0.8584	0.2358	3.2212	1.4854	1.3674	0.6611	0.6472	-0.8356	0.5691	0.7735	1.3344	2.0218	0.6763	1.5308
-0.4219	2.1277	1.1784	0.8967	1.4608	1.8892	0.3012	-0.8414	0.7535	-0.2429	0.0909	0.1237	1.3860	0.6106	1.3270	-0.0126	1.3960	0.1814	-0.4543	1.4591	0.7009	-0.2779	1.4368	0.3172	0.3531	0.3391	1.5409	1.2015	0.4900	2.2938	0.6312	1.0265	1.4718	2.0446	-0.9739	1.8100	-0.3920	1.4136	2.2581	1.4675	1.8449	-0.0122	-0.0497	0.7386	0.9738	3.2074	1.3180	1.9426	2.3908
0.2210	2.3022	-0.1616	0.0284	0.4403	2.2206	1.3469	-0.2874	-0.7222	2.5421	0.1885	-0.1051	1.6431	0.5442	0.3104	0.6583	0.7146	1.7727	0.2963	0.8208	1.7236	1.3179	-1.0172	1.6666	1.3867	0.3678	2.2640	1.2853	-0.3862	2.8561	-0.1672	-0.2561	0.5424	1.1496	-1.0122	1.7408	1.3437	0.5529	2.0581	0.8679	2.4483	0.3409	0.1699	0.1832	2.1095	1.1937	0.5535	1.9325	0.6625
-1.3489	0.9140	-0.6856	-0.6460	0.4813	1.6743	0.4981	-0.8175	-0.8842	1.7081	-0.8477	-1.4092	0.1284	-0.4695	-0.9538	-0.5808	0.0210	1.4197	-0.0525	-0.4404	1.4528	0.8914	-1.1796	1.3460	0.4966	-0.6605	0.2945	0.6855	-0.7834	0.7226	-1.0493	-0.0109	0.4857	-0.2492	-0.8613	0.0139	0.4742	-0.8395	1.3979	-0.3800	0.8370	1.7170	-0.2529	-1.3719	1.3132	-0.5783	-1.7035	2.0662	-1.1184
0.4182	1.4730	-1.9990	-0.4818	2.2337	1.1351	-0.3064	0.5810	0.0831	0.0052	1.3015	-0.0006	-0.5233	-0.3201	-0.7169	-0.2119	-0.6213	0.3962	-0.9190	2.9949	0.3689	0.4065	0.4478	0.4578	1.6788	0.4695	0.0439	-0.2309	0.0715	1.3138	-0.2766	1.5270	0.7694	0.4655	-0.3242	-0.6052	0.1356	-0.5286	-0.2165	-1.9812	-0.7974	1.1087	-0.7434	0.6130	0.7947	0.6103	0.3576	0.8840	0.3071
0.2229	-1.0955	-1.0116	-2.1035	-0.5767	-0.0531	-0.0815	0.9319	2.2396	1.1513	0.2376	-0.3120	-2.9259	0.1502	0.2517	-1.4258	0.1391	0.7172	0.7015	2.3658	0.1572	-0.3223	0.0259	0.6837	0.8697	0.0906	0.2296	-1.9171	0.7698	-0.1713	-0.0852	1.7304	0.4766	-0.5913	-0.1399	-1.2235	0.7073	-0.9744	-0.4449	-0.5066	-1.6864	1.9563	-0.6522	-0.1541	-1.5573	0.6012	-0.8280	0.8220	-0.2366
0.6902	-1.8175	0.7380	-0.7417	-2.4055	1.2807	-0.6053	1.7493	2.8272	1.6272	0.1191	-0.5366	-1.7976	1.3327	1.5284	-0.9837	0.3436	-0.4330	1.8052	1.7503	-0.4905	-1.6466	0.1592	1.0651	-0.5366	2.3906	-0.1333	-0.0981	0.3398	-1.0235	1.7438	0.3862	0.1478	0.1060	1.7106	-1.0610	1.9292	-1.0472	-0.6993	0.1160	-0.5476	-0.3886	-0.5681	-1.3443	-1.2532	0.3662	-0.1207	1.3679	1.6738
0.6615	-1.5793	-0.7289	-1.8344	-2.4509	-0.5388	-1.6808	2.0627	2.1390	0.1083	1.5165	1.1543	-1.6827	0.3642	-0.9113	-1.8584	-1.0636	-0.4537	2.3594	-0.4082	1.0508	-0.6333	-0.4811	-0.1959	-1.3794	0.3015	0.4495	-2.3474	1.1263	-2.3800	1.5811	-1.2817	0.5994	0.6954	1.9505	-2.6828	1.1520	1.0868	-1.2112	0.3906	0.8327	-1.2949	-0.1304	-1.1219	-1.1384	-2.6422	-0.8526	1.1061	0.1417
0.9770	-1.3092	-1.4952	-1.4368	-0.3503	-0.3986	-2.1648	1.0832	1.3565	0.3604	1.1911	0.0030	-1.0569	-0.7104	-2.1182	-1.0294	-0.8201	-0.7145	0.6253	0.8666	0.8316	-1.2239	-0.0342	-1.9793	-1.3260	-0.7909	1.5349	-1.1450	0.7727	-2.2061	1.1398	-0.9361	1.1731	1.3127	1.3066	-1.6824	-1.0298	0.0755	-1.3999	-1.2852	-0.6604	-0.7511	-0.3564	-0.5149	-1.2130	-1.9153	-2.3869	-0.0113	0.1019
-0.7649	-1.4525	-1.1519	-0.8099	-0.4736	-0.4902	-0.7704	1.2353	1.0286	1.4118	0.4651	-0.0782	-0.4480	-0.1551	-1.0443	-0.5450	-0.1396	0.9157	-0.4471	-0.2138	0.6287	-0.9131	-0.0077	0.8762	1.6492	-1.2092	2.4487	-0.5333	0.4429	-0.9023	-0.0458	0.6788	0.7216	0.1733	0.9736	0.1714	1.7102	-1.6515	-1.3324	-1.0671	-1.9271	-0.5100	-1.7687	-1.4341	0.9854	-1.7497	-0.7386	0.0749	-0.7483
-0.0841	-1.5255	-0.8419	-2.2624	-1.4168	-2.2724	0.0599	0.5944	-0.4479	0.0564	0.5953	-0.7208	-1.9986	-0.0551	-0.5956	-1.3181	-0.0224	0.3373	-0.5895	-1.1664	0.2814	-1.3877	-1.2909	-1.3020	-0.5478	-1.2583	0.2637	-0.5314	-0.6493	-1.0879	0.0322	-0.9215	0.0769	-0.2736	0.1992	-0.1644	-0.4056	-0.9337	-0.4216	-1.0625	-1.5096	-0.1174	-0.4125	-1.5159	-0.8437	-0.6570	-1.3852	-0.0296	-1.4119
0.0188	-1.9254	-0.7492	-1.9487	-1.3728	-0.8771	-0.9395	-0.8074	0.2313	-1.0620	-1.3937	-0.5163	-0.9342	0.7453	-0.3134	-0.4671	-0.4682	-0.3084	0.4182	-1.1654	-0.1393	-1.3358	0.1810	-0.6294	-0.7042	0.4106	-1.4793	0.3948	-0.3545	-0.3659	-0.8086	-0.4544	0.1050	-0.3963	0.5043	-0.3502	-2.0101	-0.4677	-0.1966	-0.6184	-0.6502	-0.8206	-0.4100	-0.6583	-1.3062	-0.4183	-0.7977	0.3440	-0.8968
1.5557	0.0553	-0.8328	-2.0462	-2.3638	-1.4752	-0.6401	1.4879	-1.1883	0.3198	1.3356	0.2229	-0.9595	-0.0838	-1.1097	-0.1576	-0.6325	0.6364	0.6422	-0.4086	0.1654	0.5590	-0.0490	-0.2096	-0.3764	-0.5763	-1.3007	-1.9701	0.3728	-1.2952	-0.7020	-0.9295	-0.8546	-0.3007	0.9549	-0.7614	0.7778	1.2891	-0.4566	-0.4621	-0.1569	0.0341	-0.4279	-0.1595	0.1176	-0.4738	1.7686	0.0945	-0.0122
0.9858	-0.3318	-0.2087	-1.7579	-1.1958	-0.4510	0.2331	1.1484	0.3019	-2.3541	0.9221	-0.9237	-0.6690	-0.0999	-0.1546	0.2324	-1.2389	-0.6003	-0.3666	-0.4637	-0.0292	-1.3537	0.2757	-0.9972	-0.7908	-0.0576	-0.3592	-1.2829	0.3437	-0.9360	0.2197	-0.6362	-0.3780	-0.3316	0.3483	-0.6107	0.8162	1.6805	-0.8354	-0.6633	-0.7919	-1.2719	1.0290	-0.9120	0.3308	0.3668	0.3986	0.3763	-0.2279
0.6520	-0.9136	0.4342	-1.0226	0.3045	-0.7412	-0.9949	0.6594	0.6134	-1.5284	-0.1166	-1.2579	0.3913	-0.0814	0.1160	1.6627	-0.7549	0.0947	0.0143	0.2903	1.0402	-0.7630	0.3165	-0.9872	1.1829	0.3148	0.4516	-1.1423	0.9639	-0.4416	-1.2500	0.3266	0.7315	0.0645	1.0799	-0.2352	-1.1680	0.4214	-1.5312	-1.5556	-0.4205	-1.2137	0.2808	0.2493	1.2362	0.9349	-0.2473	0.4267	-0.1561
0.8255	-0.7322	-0.1640	-0.7691	0.5601	-0.1790	1.2029	0.0331	-0.1198	-0.0693	-0.6995	-0.1395	-0.7623	-0.4074	-1.3127	0.7888	-0.2463	0.9337	0.7442	0.3463	1.2060	1.1284	-0.3731	0.5266	0.2658	1.9467	-0.0977	-1.1396	0.4090	-0.3600	-1.1460	-1.2570	-0.4325	-0.0318	1.4469	-0.6949	0.5489	0.1350	-1.0601	-1.3497	-0.3797	-1.0100	0.6551	0.7344	-0.4189	1.2003	0.1152	1.2978	0.0793
-0.4815	-0.8817	-0.5219	-0.3564	0.4887	-0.1893	0.6322	-0.0200	1.0814	-0.8561	-1.5923	0.4842	-0.9644	0.7568	-0.3716	0.9881	-0.2170	0.2091	1.0039	-0.4007	1.5623	0.0092	-0.4112	-1.2266	-0.4076	1.0384	-0.9695	-0.1490	0.9716	-0.6151	0.2255	-0.2999	0.8729	-0.5572	1.4391	-1.8182	-1.4129	-1.5302	-0.6659	-0.6052	-1.2917	-1.7654	0.5691	1.2383	-1.3380	-0.0133	-1.2508	2.1879	0.4490
2.6740	0.4920	1.3828	-0.0002	0.8678	-1.1893	0.8010	-0.2305	0.1843	-1.7455	0.6942	1.2599	0.4352	-0.2795	-0.2753	1.4829	-0.4206	1.5105	1.3819	-0.2344	1.7869	2.6093	-1.4877	-1.2739	-0.1342	-1.2590	0.1649	-1.4573	1.9807	-0.1733	1.3637	-0.3646	0.5536	-1.0068	0.9404	-0.5990	-0.5153	-0.3491	-1.1346	-0.6534	-2.0055	-0.5630	0.5442	1.0753	-0.0834	-1.6647	-0.1825	0.1734	0.6126
2.3432	1.1774	2.1770	0.3861	1.3789	-0.6459	1.3535	-0.9578	-0.2014	1.0335	0.1575	-0.0995	1.0579	-0.8484	0.1902	0.9966	-2.1681	1.0558	0.9430	-1.4207	0.7771	1.8290	-0.3418	0.7670	-0.8229	-1.3760	0.5832	-0.8095	1.3236	-0.3749	1.0157	-0.5662	0.1073	0.0332	-0.6215	-0.1437	0.0943	0.4384	-1.3404	-0.9999	-0.2995	0.2319	0.4376	0.4905	-0.0900	-0.7652	0.7974	-0.2693	1.6958
-0.0848	0.6848	2.5141	0.8586	0.8422	-2.6158	1.8516	-0.3890	-0.0871	1.1920	0.2581	-0.3951	1.1282	-1.5444	0.9628	0.6582	-0.9926	1.7108	-0.0780	-1.4839	0.8080	1.1047	0.3475	0.0897	0.7112	-1.6056	1.8589	-0.8630	1.0303	-1.1039	0.3616	0.5971	0.9427	0.1203	-0.8909	-0.1234	-0.0161	-1.1893	-1.3707	-1.6020	-0.7263	0.8620	-0.1383	0.0179	0.6872	0.1120	0.1712	0.5651	0.5508
0.3695	0.0738	0.8565	0.8297	-0.4791	-2.6786	2.5428	-0.8052	-0.5750	0.3218	-0.2311	0.0325	0.3753	-1.0370	-0.0736	0.4777	-0.7526	0.4167	0.4754	-0.9835	-0.5818	0.7249	-0.6416	1.0804	-0.4957	-0.4020	0.4699	-0.8527	-0.8146	-1.5110	0.9339	-1.8643	-0.8219	0.0339	0.1409	-0.6812	1.1844	-0.9027	-1.3086	-1.7631	-0.8566	0.4099	0.9930	-0.9833	-0.5069	1.4310	-1.1362	0.3209	0.1692
0.5809	-1.0020	0.4664	1.0581	-0.7918	-0.6454	1.0499	-0.7871	0.3211	-0.7753	-1.3802	0.1918	1.2322	-0.0613	-0.1157	0.6694	-1.3289	-1.3982	0.3587	-0.3949	-0.9048	-0.0851	0.1233	-0.9825	0.6074	-1.3039	-1.6609	0.7175	-1.3381	-0.8725	-1.3980	-1.8189	-0.9360	-0.5577	0.5341	-0.5630	0.3082	-0.1636	-0.8546	-1.7992	0.8311	0.1658	0.7715	-0.3918	-0.8746	0.3824	-1.4178	-0.1335	0.9139
0.8559	0.9512	1.0351	-0.0054	-1.3217	-0.9708	-0.1724	0.8533	0.0870	-0.9716	1.0821	1.8267	0.6245	-1.3491	0.7258	1.5407	-0.3426	-0.5737	-0.2369	-0.0715	-0.7623	0.2473	-0.3118	-1.5268	1.3554	-1.6934	-2.1053	-0.6210	-0.4704	-0.6914	-1.2238	0.1365	-1.2400	-1.9782	0.4483	-0.0940	1.3981	1.1356	-0.2657	0.6807	1.1820	-0.1435	0.3781	0.3889	-0.8839	-1.3722	-0.3391	-1.2983	-0.1495
0.4817	-0.4703	0.8596	0.1328	-0.7399	-1.3194	-0.3713	0.2087	0.9674	0.1874	-1.3098	0.9684	0.8005	-0.1864	0.9239	0.5970	0.4606	-0.1412	0.1960	-1.0772	-0.9881	-1.3175	-0.2449	-1.3783	2.1479	0.0671	-0.8841	-1.2292	-0.8523	-1.6032	-1.3654	0.3056	-1.0706	-1.7197	0.3766	-0.4849	-0.3305	-0.8760	-0.2205	0.7716	-0.0169	1.2121	-0.0489	0.4121	-1.3679	0.1380	-1.2124	-2.2803	-0.8283
1.1617	-1.1691	1.0308	0.4808	-0.3900	-0.1063	-0.7790	0.2012	0.9186	-0.2477	-2.0719	0.2416	1.9814	0.0856	1.2665	1.7581	0.8227	-0.6511	-0.0207	-0.3983	0.0121	-0.7684	0.3031	-0.8159	2.6232	0.8494	0.2166	0.6903	-0.4826	0.5123	-1.2108	0.1146	-0.8538	-0.8727	0.9601	0.9469	-1.1273	-1.6404	-0.5512	0.5704	-0.0646	0.5911	-0.8524	0.0334	-0.2055	0.2298	-1.6395	-2.4620	0.8222
1.0322	-0.2099	0.5653	1.7319	1.1892	0.0914	0.8116	-0.0241	-0.4850	-0.2900	-1.7421	1.4158	0.2968	-0.7747	0.9981	1.2615	-0.0486	0.8679	-0.7198	-0.4119	0.6333	1.3376	1.7656	-0.6367	1.3051	1.7746	-0.8597	0.4359	-0.8126	0.6883	0.0673	0.4081	-2.5796	-0.1406	0.5269	1.5633	-1.5333	-0.6463	-0.4287	0.2131	0.8326	0.2476	-0.1935	1.0928	-0.8219	1.2093	0.3533	-1.2261	1.0471
-0.2361	-0.0045	1.2875	1.9477	1.4946	0.4079	0.0850	-1.1001	-1.3248	0.0504	-0.9452	0.4305	0.3529	-0.5124	2.0392	0.1749	-1.3161	0.9320	-0.5044	-0.4723	-0.3043	0.7565	1.2008	-1.0466	0.1748	0.6252	-1.5413	1.1036	-1.4112	0.2710	-0.1279	2.0832	-2.3710	0.6965	-0.9202	1.0431	-2.8609	-0.8217	0.0431	2.1061	0.0619	-0.1330	0.4073	1.2803	-0.8149	-0.0197	-1.2573	-0.5329	-0.3255
1.5199	1.8127	1.7462	1.1481	0.8705	0.7874	0.0208	-1.1507	-1.9308	0.3569	0.8922	0.8403	1.2459	-1.8387	1.8450	2.1266	-1.1785	0.4540	-0.7010	1.3790	-1.9097	2.1482	0.2162	0.4886	0.0629	-1.0075	-0.5909	0.4563	-1.4223	1.1931	0.5371	1.5870	-1.7058	1.1486	-0.9324	0.8569	-0.7643	-0.9353	-0.3313	2.2970	-1.4442	0.6331	0.2440	1.4944	0.1249	-0.0646	-0.3177	-1.7204	-0.2570
0.3518	1.7414	0.1446	0.5771	0.3527	0.8271	2.0857	-0.4609	-0.8369	-0.4416	0.6153	0.3175	-0.4385	0.0102	1.0010	0.3786	-1.8275	-0.0117	0.0627	0.7980	-3.0355	1.3042	-0.5164	0.1112	-0.0150	-0.5981	-0.7237	1.3083	-1.3807	0.1479	0.8477	1.2014	-1.6389	1.8008	-0.6076	0.0048	0.0621	-0.1392	0.1524	0.7948	-0.5583	1.3018	0.6354	0.9078	-0.6221	0.8382	0.9256	-0.5572	-0.6626
-0.5631	1.2107	-0.2375	0.0286	1.6958	-0.6862	-0.2965	0.0183	0.6508	-0.8116	-0.1689	-0.6547	-0.9206	0.8890	0.4467	0.0101	0.5433	0.2200	0.5422	1.4933	-1.1933	0.8238	1.1110	0.2608	0.8369	-0.9326	0.2100	1.8461	-0.4896	-0.4090	0.1008	1.4884	-0.2995	1.3035	0.6652	-0.5787	-0.4872	0.0623	0.8914	-0.0651	-0.0785	1.2869	-0.3932	0.8734	-0.5836	0.1738	-0.1064	0.0800	-0.1094
0.0927	1.0359	-1.0569	-1.2152	0.8145	-0.0768	0.5060	0.0694	-0.3105	2.3346	-0.4586	-0.4012	-0.1270	1.4076	-1.0300	-0.9163	0.0902	0.4163	1.4613	0.4554	0.3474	1.7482	1.0758	2.4656	-0.1218	0.3894	-0.1808	0.0303	0.1737	-0.3974	0.6552	-1.1944	0.3289	0.4731	1.3023	-1.6405	1.4704	0.1848	0.2486	-1.0001	-0.6077	1.0378	-1.8450	0.9819	-0.2489	-0.5274	-0.6625	0.7438	0.4466
-0.1590	-0.1897	-0.4822	0.1994	0.1024	2.0663	-0.5719	-0.8671	0.9960	-0.8243	-1.7842	-0.2283	0.3488	1.6917	-0.4051	-0.4699	0.0290	-0.7630	1.0872	0.6791	1.0348	0.0977	0.6578	-0.1850	-0.3549	0.7831	-1.4199	0.4240	0.3648	0.6243	0.3509	-0.4765	1.7187	0.4292	1.3977	-1.6266	-0.7589	-1.1418	0.5279	-1.0276	-0.4335	0.3693	-0.9443	-0.0797	-0.3213	-1.7331	-0.5633	1.0933	-0.2257
0.6670	1.9945	-0.4054	0.2794	-0.8399	1.6524	-0.9943	0.0299	0.1379	-0.7756	0.7879	0.3340	-0.0076	0.6734	-1.3721	0.2909	1.3399	0.2331	0.3990	1.8895	1.6449	1.5137	-0.2666	-1.4291	0.1209	-0.1054	0.0763	-1.1628	1.1035	0.0861	1.1894	-0.1850	2.0336	0.6759	1.6000	-0.4343	0.2055	1.5098	0.6294	-1.0458	0.9008	0.8988	0.2930	-0.2278	1.0032	-2.0215	1.0089	0.3384	-0.4170
-0.0872	0.6623	-0.3982	0.1465	0.1998	1.3208	0.3679	-0.7988	0.9934	0.4113	0.3390	1.2059	0.2420	1.4819	-0.7417	-0.4686	0.8749	-0.0807	0.4173	0.9088	0.4697	0.1356	-0.2154	0.5140	-0.1593	0.6361	0.2641	0.7746	0.2763	-1.7722	1.1225	0.6251	1.6392	1.8007	-0.4408	0.3564	-0.2534	1.6434	0.3851	-0.5683	0.0057	-0.7758	0.8209	-0.3153	1.1849	-0.0377	1.7903	-0.4495	-1.5212
-0.7248	0.7139	0.1893	-0.3545	0.7052	0.7941	-0.0552	-1.2358	1.7319	-0.0468	0.4587	1.1300	0.7375	0.7096	-0.0770	-0.4494	2.1832	-0.0464	-0.5252	0.7489	-0.1111	-0.9283	0.9725	0.3259	0.2761	0.7464	0.5441	0.8182	0.1232	-0.0716	1.1305	1.6672	0.9172	1.8106	-1.9312	0.9856	-0.2283	0.9785	0.8888	0.0092	0.3622	-0.6500	1.2168	-1.4276	1.0981	0.0733	1.8618	-1.1839	-1.0338
-0.2694	1.7278	-0.6205	1.6918	0.3301	0.9815	2.7155	-1.0056	-0.8573	1.8078	0.6617	0.5647	1.2130	1.3690	-0.5457	-0.6324	1.7612	1.0783	0.0392	0.9689	0.2806	-0.3402	-0.6215	0.2884	0.8235	1.2418	-0.2901	-0.0683	-0.2351	0.7907	0.8516	-0.8224	-0.3710	1.3111	-1.8572	-0.1687	0.2165	0.8566	1.5977	-0.2915	1.4912	1.9663	1.2862	-0.7329	0.5904	0.9759	2.0236	-0.4718	-1.6270
-0.9336	0.1460	-0.1262	1.2550	0.9809	1.0132	1.1042	-1.2940	-0.9911	-0.3290	-1.9268	0.8450	1.0931	1.0435	0.0623	-0.4953	1.9110	-0.3065	0.1739	-0.3280	-0.4706	-1.0524	-0.2147	2.1795	0.2601	2.5309	0.1735	0.4878	-0.5635	1.3225	-0.0287	0.4551	0.3808	0.1114	-1.0321	-0.0635	-0.8517	-1.2581	2.0870	0.5980	-0.0206	0.0142	0.1974	0.0138	0.7402	1.0912	1.8469	0.2072	-1.6993
-1.3052	1.7028	-0.1040	0.6247	-0.9813	0.4583	1.5369	-0.5564	-2.4026	0.4218	0.7494	0.8790	1.1724	0.1427	-1.1904	0.6864	2.3143	-0.2834	-0.2373	-1.0110	-0.6927	0.2156	-2.2471	-0.3190	0.9741	0.1616	0.3654	-0.7951	0.3156	0.1681	-0.3964	-1.6297	-0.3631	-0.3438	-0.1411	-0.1048	1.8771	1.7021	1.6388	0.6897	1.5381	0.0588	1.9202	0.0865	0.8659	0.3178	0.0301	-0.3791	-0.5180
-0.8015	0.4309	-0.7713	0.2927	-0.9192	0.6326	-0.4637	-1.4058	-2.5095	-0.6903	0.4054	-0.8792	0.9302	1.2971	-2.2097	-0.8101	1.8054	-1.3574	-0.1420	-0.2049	-0.7506	-1.1558	-2.0636	-0.9464	0.5848	0.4201	-0.8493	-0.3398	0.7361	-0.2898	-0.9934	-2.0386	-0.7977	1.2431	-0.1013	0.0975	1.5353	0.6235	1.3169	-0.8516	0.0189	-0.4693	1.7845	-0.1634	0.3663	1.7092	0.2758	0.0095	1.5775
0.1121	0.5407	-1.1557	-0.3732	0.0274	1.9254	-1.6457	0.5710	-0.4316	-0.9031	-0.0067	1.5193	1.5161	0.1116	0.4457	1.4730	1.4012	-0.5477	-1.9446	-0.9367	0.0955	-0.6346	0.0003	-1.2606	1.0221	-0.5492	-0.8324	-0.9690	1.7380	2.2807	-0.3883	1.5336	0.1553	-0.3980	-0.2094	0.0893	-1.0360	0.2955	1.1558	1.8505	0.4041	0.1971	0.0963	1.3196	1.5347	0.5714	-0.0941	0.5006	0.1424
-0.6682	-0.2066	-1.0816	0.1679	0.4575	1.7758	-0.4782	0.7864	0.0022	0.7315	-0.1286	0.8322	0.3178	1.3583	0.5532	0.6768	1.1104	-1.1504	-1.1517	-0.9289	-1.3796	-1.9067	-0.8748	1.3536	0.5400	1.0603	0.9576	0.4884	1.0906	1.7016	-0.0564	0.3224	0.0670	0.2189	-0.2196	0.2133	0.8096	0.8982	1.8305	3.0338	0.7011	-0.3373	1.5850	0.4760	1.1422	1.4207	-0.3398	0.4325	0.9330
-0.8626	-0.2220	0.2032	0.0979	1.2741	-0.6158	-2.2386	1.0034	-0.1198	-0.6238	-1.2090	-0.7860	0.0976	1.2410	-0.5406	-0.4137	2.3442	0.5561	0.1062	-0.2460	1.0584	-1.3306	-1.3936	-0.3364	1.2686	0.7734	3.0762	0.5179	1.6499	1.3274	-0.6896	-0.0520	0.7153	0.4315	0.6914	0.9752	-0.6345	0.3436	1.5161	1.5310	1.0610	-1.0038	-0.7553	1.3722	2.0990	-0.2322	-1.1227	0.8743	1.0640
-0.2706	-0.5818	-0.3470	1.3806	0.2134	0.2454	-0.6066	0.6927	-0.3741	0.8151	-0.8348	0.7480	0.6806	1.4088	0.2784	-0.6802	1.1188	-0.2507	1.0969	-1.3479	0.3040	-1.8353	-1.4018	2.3869	-1.0849	0.7872	2.4605	0.9955	0.4000	0.2991	1.7443	-0.6175	1.0087	1.0865	1.4827	0.8894	-0.1426	-0.5438	1.8500	1.8266	1.3078	-1.6183	0.4984	0.3756	2.1110	-0.1736	-0.3931	1.6776	-0.2457
-0.6943	-1.7779	-0.4832	0.8478	-0.2654	1.8948	-3.0035	-0.0457	0.1191	-0.9555	-1.8671	-0.4099	2.0496	0.2383	-0.8548	0.8665	1.2324	0.5010	0.1130	-1.7652	1.0660	-0.9851	-0.9377	1.7740	-0.2872	-1.2071	1.7639	-0.9600	0.7010	1.7781	0.4772	-0.1451	0.3811	-0.1020	1.3090	0.5915	-0.1122	-2.4186	0.7193	-0.7430	1.9949	-0.8522	0.4945	-0.4165	2.7105	-0.7778	-0.3891	0.8285	-2.3354
-0.8230	-0.6880	0.5377	0.5796	-0.7899	1.4202	-0.4063	-0.0483	-1.3222	1.1078	1.0581	-0.2439	1.3282	-1.3755	-1.5535	0.5164	1.3971	1.6795	-1.2845	-1.0117	0.8337	-0.3843	-1.6903	-0.4214	-0.3702	-1.2896	0.0665	-0.5643	-0.4036	1.2709	0.0027	-2.0755	-0.6444	0.1793	-0.6462	0.4442	2.1506	0.5378	1.2118	-1.0685	1.0200	1.1577	1.8408	-2.0616	1.4684	-0.8928	-0.4265	0.1177	-2.0128
-0.1359	0.7229	-0.7217	1.6988	0.4286	0.1781	-1.5233	0.3329	-1.7287	-0.8712	1.2625	-0.6805	0.5083	-2.0308	-0.1904	0.2318	-0.2082	-0.1734	-3.0888	1.1525	-1.2209	-1.3481	0.5824	-1.9332	0.0833	0.9747	-1.0741	0.9192	-1.3315	1.5246	0.0873	0.4064	0.0502	1.5097	-1.9006	0.2882	1.3332	0.8137	0.4195	-1.3431	0.8657	0.0415	1.9653	-1.3538	0.5406	0.7628	0.7836	-0.4790	0.6084
0.6834	0.4227	0.2304	0.1099	-0.4783	-1.1373	0.7372	0.7912	-2.1274	-1.1369	1.5881	-0.4905	-0.1907	-2.1293	0.3428	1.0958	-0.3402	-0.4843	-1.8206	0.9616	-1.2567	1.0751	0.2427	0.2537	-0.0184	-0.1206	-1.6821	1.3001	-1.6787	-0.3236	-0.9145	0.3971	-1.2062	0.5579	-1.9273	0.7931	0.9632	1.7550	0.4536	-0.3937	-0.2146	1.0541	1.0849	-0.2337	0.3929	0.4396	2.0328	-0.2407	1.0404
1.2755	0.6783	0.0948	0.4172	-1.3286	1.4744	3.6351	0.2112	-1.4808	-0.3810	1.1055	-2.2198	0.4300	-1.8317	-0.5214	0.3336	-1.1757	-0.7631	0.0228	0.4090	-1.2686	0.4412	-0.3915	0.3027	-0.4659	-0.9156	-1.3071	0.7527	-0.5332	0.3176	-0.8995	-1.1098	-1.4122	-0.4428	-1.2337	0.4509	-0.0286	0.9270	0.3008	-0.4764	1.1905	1.4833	2.0490	0.1399	0.6048	1.6550	0.5553	-0.6260	1.2509
-0.4937	0.9524	1.8108	0.5969	1.3120	0.4965	0.1841	-0.1850	-0.6431	1.3261	1.8901	-2.0070	0.0818	-2.1661	-0.0287	-0.2193	-1.0293	-0.4083	-1.0068	0.7950	-1.3647	0.3652	1.2119	0.4316	-0.7606	-0.4468	0.9699	2.0924	-0.8007	1.2268	-1.0643	0.7533	1.7813	0.3863	-1.0766	1.3899	-0.4823	-0.1695	0.0600	-0.4181	1.1697	-0.7507	1.2637	0.3951	0.2609	2.6387	0.8031	0.2961	2.0672
-1.3805	0.3761	2.0685	-0.9791	1.2055	-1.0667	0.0468	0.3679	-0.0571	1.4575	2.9283	-1.5476	-1.9101	-2.0650	1.2156	-1.0297	-1.8198	0.0424	-1.6304	0.1048	-1.8778	1.0325	1.2274	1.2430	-0.7886	-0.5339	1.5079	2.5184	-1.4403	0.0086	-1.7304	1.5633	2.6173	-0.0744	-1.5460	1.4621	1.5526	-0.5401	0.3158	0.7328	1.3475	0.2445	0.5699	-0.5742	-0.7363	1.2192	-0.6182	1.0597	0.2398
-2.5848	-1.5360	1.2104	-1.7007	-1.7833	-1.5710	-0.6931	0.3167	0.8315	0.9257	1.0732	-2.4802	-2.4271	-0.4362	-0.0825	-1.8882	-1.3582	-0.1396	-0.3592	0.9679	-1.1244	-0.0086	0.8740	0.5986	-0.5162	-0.4387	1.0515	1.2396	-1.1350	-1.0075	-1.9520	1.5288	1.4495	-1.7476	-0.8397	0.4210	1.3171	-1.3455	-0.0400	-0.3480	0.9557	0.8274	-0.2428	-1.8412	-1.5576	-0.2031	-0.3846	0.3074	-1.0343
-1.0451	-1.0338	-1.0246	-2.0083	-3.4550	-0.1041	-1.7619	0.4655	-0.5617	1.2982	-0.5877	-0.2881	-2.1808	-1.2523	-1.3498	-0.9443	-1.6738	0.0144	0.4879	1.0513	-1.2428	0.4575	2.3092	-0.2376	-0.8300	0.7572	-1.4049	-1.1407	-0.2326	0.2705	-0.0099	0.2391	-0.6210	-1.8877	-0.1194	-0.3996	2.2952	-1.3504	-1.3541	-1.3609	0.4693	0.6326	-1.8498	-1.0599	-1.4848	-0.2697	2.0037	-0.7355	-0.3692
-1.0735	-2.0451	-2.9912	-2.2438	-2.9530	0.3266	-2.5164	0.1209	-0.0104	-0.9622	-1.4375	-1.3349	-1.7001	-0.8172	-1.0820	-1.2995	-2.4838	-1.1039	0.2974	-0.3954	-0.9661	-0.7944	1.4709	-1.9919	-0.0271	-0.4685	-2.2390	-1.5290	-0.9116	-0.3355	-0.6794	-0.4772	-2.0387	-2.8359	-0.6935	-0.9938	-0.7114	-0.1457	-1.9324	-1.2700	0.2039	0.8065	-1.3769	-1.6713	-1.5844	-0.0682	-1.1583	-0.2080	-0.7273
-0.5505	-0.8460	-2.6468	-1.4391	-0.9627	-0.3903	-2.3864	0.7807	0.3018	0.0740	-0.9610	-1.5079	0.0220	-1.3821	-0.5024	0.0850	-1.3746	-1.1591	-0.2420	1.4311	-0.5157	-0.5039	1.0176	-0.1974	1.0651	-0.3324	-0.7711	-1.7642	-0.6708	-0.6537	-1.2212	-0.4874	-0.7772	-1.1593	0.2893	-0.6852	-0.7430	-1.0941	-2.7453	-1.4200	-1.9377	-0.2733	-1.8778	-2.0163	-0.0150	-0.9377	-0.9140	-1.4871	-0.1193
-0.8885	-0.6805	-2.3202	-1.7239	-1.6119	-0.2971	-0.3675	0.3561	1.0581	-0.3268	0.4322	-1.1090	-1.4858	-0.6090	-0.4706	-1.4255	-1.0698	-0.5217	0.5786	1.2638	-0.5703	-0.9699	0.3469	-0.6159	-0.1746	0.0485	-0.7989	-1.5310	-0.5960	-1.1131	0.3912	-0.9846	-0.6531	-0.9156	0.8475	0.2493	-0.4942	-0.0186	-1.7744	-0.3524	-1.2531	-0.9153	-0.6607	-1.5452	-0.6372	-0.7456	-0.7738	-0.6343	-1.0774
-0.7781	-0.8692	-1.2233	-1.6475	-0.4170	-0.1719	-0.4506	0.3293	1.3338	-0.9831	-0.3894	-1.4749	-1.2781	0.0482	-0.0796	-1.7584	-1.1571	-0.4090	-0.1414	1.2990	-0.6227	-1.2264	1.0149	-1.4264	-0.1924	0.4419	-0.1841	0.3165	-0.7621	-1.0116	-0.8022	0.2044	-0.9292	-0.1165	0.3759	1.1553	-2.3531	-1.2497	-1.2610	-0.7658	-1.2001	-0.5913	-0.9179	-1.5974	-0.8177	-0.2358	-0.1495	0.1860	-0.3432
-0.6532	0.2788	-0.7349	-1.9648	0.7512	-1.3158	-0.0932	0.4388	0.3882	1.5867	-0.2094	0.8619	-0.3596	-1.0717	0.6213	0.0422	-0.9345	1.5461	-0.7280	1.0642	0.2654	0.7192	1.4429	0.9537	0.2897	0.2548	-0.6009	0.3039	-0.2117	-1.2485	-0.7921	0.8601	-0.8361	0.3552	-0.5263	0.5809	-1.0129	0.7921	-0.9481	0.4241	-0.3224	0.6163	-1.5263	-0.0840	-0.8474	-0.0846	0.5629	-0.7268	0.1706
-0.7535	0.4390	-1.3614	-0.8083	1.6553	-0.2072	0.6351	-0.7151	0.3263	2.3515	0.1388	1.0440	-0.2262	-0.3146	1.1048	-0.8771	-1.7514	2.0755	-0.9882	0.0403	-0.6112	-0.0855	1.2150	1.7149	-0.6382	-0.4632	0.3819	0.3837	-1.1491	-0.0874	0.5095	1.0981	1.4319	1.1427	-2.2713	0.6164	-0.9416	0.6330	-0.2399	1.4832	-0.2681	-0.1136	-0.4901	0.1076	-1.3815	0.4228	-0.3357	-1.2664	0.2671
-1.3879	0.1006	-0.9605	-0.3255	1.4742	0.0508	-0.0365	-1.2655	-0.0319	0.8279	-0.0204	-1.1480	-1.2612	-0.7212	0.3500	-0.3760	-0.8320	2.3074	-0.8854	-0.3594	0.1809	0.6350	0.1646	2.0989	-1.5825	-1.5562	0.6396	1.0414	-1.3111	1.4425	-0.4259	-0.0943	1.9197	-0.1344	-2.0121	1.3560	0.5483	-1.9067	0.9394	1.7038	-1.3365	-0.4720	-0.3561	-0.8024	-1.6152	0.9146	-0.4608	0.1712	0.2545
-2.1591	-0.5822	-1.4935	-0.8962	-0.2619	-0.6950	0.7928	-0.0369	-0.8373	-0.5340	0.2964	-0.8884	-1.1770	-1.8483	-0.8836	1.1858	-0.8014	1.0967	-1.1072	-1.0466	0.2812	2.3652	1.1278	0.9219	-0.3283	-2.7867	-0.2852	-0.2311	-0.8198	0.2511	-0.6505	-1.1941	1.0173	-1.7284	-1.6490	0.3112	1.5436	-0.5570	-0.3005	-0.0275	-1.2254	1.0811	0.5564	-1.6010	-1.1682	-0.4816	-0.2666	0.1534	-0.0922
-1.0845	-1.2484	-0.7684	-0.1051	-0.5873	-1.3402	-0.7262	-0.5279	-0.8511	-0.9905	0.5618	-1.3200	-1.3513	-0.1482	-0.1874	0.6290	-0.5825	-1.6395	-0.8944	-1.0864	-0.8839	0.7570	0.3749	0.4805	-0.7474	-1.9394	-0.1025	0.2385	-1.0052	-1.0461	-1.0115	0.5032	0.6108	-1.7517	-0.5729	-0.0212	0.0378	-0.4956	-0.6634	0.1867	-2.2211	1.0417	0.0561	-1.3971	-1.4847	-1.1078	-0.3422	0.6170	0.9528
-0.7529	-1.5779	-0.0642	-0.2390	-0.0172	-1.4063	-1.2602	-0.5467	0.4312	-0.3223	0.1262	0.5996	-0.4369	0.3111	-0.4647	0.2313	1.4436	-1.1367	-0.9781	0.0565	-0.1032	0.2932	0.5254	-0.7067	-0.1629	-0.0047	1.8646	-0.1506	-0.5263	-0.1294	-0.0560	1.7837	1.0733	-1.3132	0.9068	0.8013	-0.3372	-0.0096	-0.9575	-0.4099	-1.2657	-0.0306	-1.6028	1.0156	0.4196	-0.6777	0.3745	0.2176	0.2286
-0.4922	-2.3354	-0.4483	-0.6753	-0.7595	-0.9571	0.6247	0.1609	0.5644	-0.3014	-0.9253	0.1911	-0.1103	0.7678	-0.3839	-2.3951	0.4798	-1.2474	0.2811	-0.4562	0.6409	0.1959	-0.1283	0.1072	-1.0604	1.2090	1.3835	0.1604	-0.5274	0.0243	0.2532	0.5665	0.4713	-1.3395	-0.6215	0.4141	0.0901	1.3783	-0.7514	0.0735	-1.4519	0.4772	-2.1559	1.0323	-0.3639	-0.6412	-0.8361	-0.1207	-1.0208
-1.2439	-2.0741	0.7190	0.1564	-0.0841	-0.3849	-0.6467	-0.8413	1.9346	-1.9303	-1.8889	-0.4446	-0.9301	-0.0199	-0.2079	-1.4054	0.6622	-1.3283	0.5415	0.1198	0.5970	0.2848	0.4750	-1.0398	-0.8793	1.3410	0.6058	2.2957	-0.9023	0.2077	-0.0196	1.7370	-0.3131	-1.2081	0.1741	0.8606	-2.5097	0.4541	0.3976	2.0336	-0.3316	0.2032	-1.4107	1.5252	-0.8618	-1.2702	-1.4009	0.7429	-0.8529
0.7947	-0.4720	0.6675	1.3049	0.8455	-0.1329	0.0030	0.1929	2.0434	0.2643	0.3989	-0.4598	0.4807	1.2051	-0.0884	-0.0535	0.6586	-0.0450	1.1202	0.4604	1.0582	2.3007	-0.7944	-1.0523	0.5167	-0.1781	1.0955	0.2764	0.1693	0.5538	0.5246	0.8598	-0.5633	-1.5039	0.6084	0.5545	-1.3683	2.4309	0.3637	2.1835	0.1386	1.8837	-1.0660	2.0248	-0.2434	-2.3137	-0.6990	0.6046	-0.5867
0.9042	-0.1562	0.0471	1.8854	1.2545	0.0380	0.4530	0.3023	1.6680	0.4110	-0.0402	-0.2034	-0.2996	1.4165	0.1170	-1.0921	0.4339	-0.2636	1.2719	0.6565	1.7428	1.4427	-1.2956	-0.6012	-1.3304	0.6026	-0.2325	-0.3180	0.9330	-0.1048	0.3802	-0.5478	-0.6283	0.9822	0.6194	-0.6838	-0.8556	2.0538	-0.0345	1.6074	-0.6230	0.6724	-0.5761	1.8388	-0.8105	-1.1878	-0.0111	0.5818	0.1919
1.4417	0.9444	0.2120	1.5406	1.5042	-0.4408	-0.2030	1.3834	2.6694	-2.9748	0.3895	1.9317	-0.1957	0.5361	1.3561	-0.2628	-0.5129	-0.2309	0.4806	1.3129	1.9549	0.0957	0.4275	-0.1289	-1.4263	0.4026	0.3365	0.2951	2.1881	0.2853	1.7864	0.0578	0.2929	2.5699	2.1978	-0.7231	0.4393	-0.5092	-0.9332	2.2003	-0.6251	-2.2271	0.1330	2.6116	0.5494	1.1105	1.6564	0.6554	1.1241
1.3330	0.1398	-0.0849	0.7357	0.9701	0.0715	1.4107	2.0517	1.9747	0.4339	0.7640	1.5214	-0.0275	1.2700	0.9790	0.0097	-1.7044	0.1200	1.5798	-0.9727	1.7162	-1.1000	-0.9041	1.2658	-1.6253	-0.1778	-0.7720	0.5251	2.9595	0.4648	1.2039	-1.7871	0.4833	1.8323	1.5428	-2.4826	0.7300	0.0052	0.0078	1.2455	0.1777	-1.5009	0.8300	1.7307	-0.8889	0.9864	2.0681	-0.6851	0.2934
1.6535	-1.1188	0.9400	-0.4319	0.5582	-2.1075	0.2597	1.0327	1.7168	-0.9531	0.1822	0.1436	-1.5178	1.1193	1.9836	-0.9659	-0.8498	0.6699	1.3611	-2.0016	1.8692	-1.3703	-0.1508	-0.2838	-1.8672	-0.8329	-0.0962	0.6569	3.1513	-0.6550	0.0720	-0.1657	1.6855	0.2518	1.9229	-1.7661	-1.1640	0.1556	0.2966	1.4293	0.5612	-1.4255	0.0786	1.7257	-1.0669	1.1682	0.2441	-0.6310	-0.0299
2.6574	-0.5946	0.0758	0.5309	-0.0972	-1.4760	2.0305	1.9871	0.7859	1.4346	-0.5283	1.8632	-0.6023	1.5866	1.3053	-1.0165	-1.0529	1.0450	2.0767	-2.5458	2.0661	0.4834	-0.3355	1.6400	-0.7639	-0.0455	1.2370	-0.7754	3.3851	-0.9453	-0.4519	-0.7044	1.1196	-0.9015	2.4729	-1.7739	2.2015	0.2679	0.1982	1.8050	1.3313	-0.6138	-1.5988	2.3163	-0.2063	-0.9628	0.4034	0.1011	-0.2713
1.7022	-0.6349	0.6222	1.3762	-0.3192	-1.2628	0.0801	1.3309	0.9021	-0.6292	-0.7575	1.5505	-1.4734	1.5684	0.2828	-1.2479	0.0471	-1.4360	1.6924	-2.7424	1.3367	-1.1859	0.2401	-1.2904	-1.8152	0.5784	1.2326	-0.2280	1.4837	-1.6212	-0.1961	-0.4149	0.6012	-0.8374	2.5626	-2.5945	0.3298	-0.5245	0.8114	-0.1341	0.6756	-1.2126	-0.9899	1.9514	-0.8618	-0.1171	0.0917	1.0724	-0.0709
1.7330	1.1430	0.3691	1.2796	-1.0567	-0.1410	-0.8736	0.9364	-0.9679	-0.2323	1.7647	0.8135	0.7434	0.3600	-0.3119	0.9380	0.5395	-1.5400	0.4533	-1.7487	1.2728	-0.2887	-0.2538	-2.4275	-0.5513	-0.9974	1.0084	-1.2175	0.9766	0.2123	0.7320	-1.6457	0.5984	-1.3215	2.0451	-1.4513	-0.2472	1.5695	-0.1177	-0.7013	0.7405	-1.0635	-0.9040	1.9575	0.7292	-1.0555	-0.8211	0.6685	0.3180
2.6543	0.3779	0.2502	1.6787	0.5081	0.3389	0.5834	0.8946	-0.1386	-0.1098	1.3172	1.6408	0.1842	0.5002	1.4322	-0.1845	-1.0744	-2.3638	-0.0899	-1.1185	-0.4667	-1.1655	0.5415	-0.6962	-1.9282	0.4839	-0.6484	-0.4371	-0.3293	-0.3007	0.5314	0.2071	-0.1026	-0.5098	0.1050	-1.6246	0.2296	1.7145	-0.2028	0.1681	0.0009	-2.3188	-0.0605	2.0617	-0.4773	0.2688	1.6592	0.6986	1.3711
0.2954	0.7763	1.9266	0.9480	0.4423	-0.9986	0.3438	0.4839	0.3110	-0.7452	-0.0528	0.5274	-0.3701	0.3207	0.5573	0.1964	1.7102	-0.0160	0.0278	0.1368	0.0712	-0.5068	1.4651	-0.7959	0.1558	0.8341	-0.6147	-0.0431	-0.0771	-0.3491	0.2793	0.4158	-1.2918	-0.9537	-0.0889	-0.4869	-0.8723	-0.0154	-0.6552	-2.0231	-0.8697	0.4139	-1.2663	0.8052	-0.3666	-0.1742	1.5993	1.2641	0.7345
-0.2165	0.7733	2.1290	1.1897	-0.3252	-1.5165	0.6777	-0.0209	-0.1796	-0.6063	0.6690	-0.8057	0.5654	1.2750	-0.0277	0.5302	0.7767	-0.5170	0.2543	-0.1022	0.4085	-1.0637	-0.0411	-2.1593	0.6434	0.8955	0.0048	0.5323	-1.0176	-1.6820	0.5439	-0.4783	-0.9997	-0.0062	-0.6965	-0.0187	-1.6718	0.3277	-0.6301	-1.8509	-0.0387	-0.3130	-0.2468	-0.5238	-0.3204	0.3310	0.5661	0.4823	0.4254
-0.0246	0.5953	2.3160	1.3792	-0.1355	0.0825	-1.0195	-0.4023	0.2784	-2.3500	-1.3906	-0.0146	1.8694	-0.2043	1.0394	2.4129	0.1165	-0.8830	-0.6394	-0.1349	0.1545	-0.9347	0.8043	-0.1574	0.4715	2.1802	-0.5919	0.8386	-0.4066	-0.6106	0.6256	1.2126	-1.0128	0.9390	-0.1935	0.5397	-1.2510	-0.9932	-0.8385	0.5795	-0.6105	-1.4392	-0.4776	-1.1474	0.0004	-0.3481	-0.6376	-0.3971	0.1424
0.7695	0.5366	1.5933	1.4640	0.4220	0.1414	1.1924	0.3675	0.3243	0.7728	-1.0367	2.1794	2.3865	0.9126	1.9663	3.1221	-0.2656	0.4269	0.6482	-0.0036	0.7683	0.5501	0.3158	0.0061	1.0370	0.7851	-0.7990	-0.1938	0.1131	-1.0813	1.5006	0.2035	-1.3324	0.7475	0.0274	-0.0674	-0.9359	0.3858	-0.3962	0.8283	-0.3982	-0.2467	-0.9584	-0.1870	-0.2945	-1.8652	-0.7480	0.2586	-0.3082
0.6733	-0.2002	2.3104	1.5506	0.4685	0.1042	1.4503	0.4247	0.0398	1.2586	-0.8157	0.3587	1.1367	1.0511	0.9442	0.8823	0.9132	-0.6365	0.2640	0.1517	1.0495	-0.0445	-1.2847	-0.7145	-0.1059	-0.6426	-1.5575	0.0969	0.9149	-0.7763	0.6527	-1.9986	-0.4522	0.1101	-0.3538	0.0372	0.2015	-0.2034	-0.1800	-0.7096	-2.2240	-0.3310	-0.8336	-0.9538	-0.8414	-2.2546	-1.6029	-0.6997	0.7788
1.0807	1.7407	1.1988	0.8733	1.1378	1.1551	1.8392	0.2875	0.1745	0.4014	0.7265	1.5558	1.3325	0.1708	0.5534	0.9334	1.1092	0.7924	-0.6317	1.2168	1.0941	0.7092	-0.4742	0.2789	0.2366	-1.2615	-0.3633	-0.0855	1.2615	0.3516	0.6409	-1.1147	-0.5852	0.5863	0.2693	1.4372	0.9056	-0.2630	-1.1619	-0.3730	-1.5056	-0.7692	-1.0882	0.3507	0.6196	-0.5180	-1.7714	-0.5536	0.6871
0.1916	0.0003	0.8034	0.5678	0.5549	0.4074	2.0405	-0.5807	-0.0610	1.0652	-0.0973	0.5930	0.1837	1.4433	1.5043	-0.0327	0.4811	1.1332	0.0608	-0.9164	0.0450	-1.0271	-1.4622	0.5154	0.4523	-1.1946	-0.3239	-0.0938	0.9953	-0.8012	-1.0367	0.0120	-0.6486	0.5141	-0.4715	0.0417	0.2423	-1.5134	0.0282	0.0089	-0.9481	-0.1350	0.4670	-0.6788	-0.1484	0.4931	-1.3644	0.2509	-1.1516
0.5612	0.0438	1.8641	-0.6952	-0.0053	0.5923	-0.0930	-1.1752	-1.2251	-1.1320	-0.7596	-1.6518	1.1939	0.3117	0.5488	1.2574	1.8097	1.9257	0.2453	-0.3844	0.7903	0.1404	-1.4550	-0.3569	0.8837	-0.7651	-0.1588	0.2999	1.8316	0.5387	-0.4166	-1.4706	-1.3862	0.1010	0.4600	0.4973	0.2313	-2.1780	-0.5803	-2.8397	-0.5713	-1.0988	-0.0436	-0.9124	0.6274	0.3354	-1.1187	-0.8066	-1.4807
1.0080	0.0032	0.1149	0.9216	0.8558	1.4207	0.6703	-0.9362	-0.6700	-0.1665	-1.4794	0.8204	2.4420	0.1071	0.7762	0.6633	0.4832	1.5314	0.5858	-1.4644	0.7163	0.5767	-0.0064	0.4361	1.2550	0.1625	0.5836	-0.7135	0.4203	0.1984	1.5713	0.0858	-0.6955	0.5825	0.2615	-0.3534	-0.2654	-0.7908	-0.6235	-1.9426	0.5319	-1.2857	0.2155	-0.5159	0.8639	-0.1810	0.3019	0.0606	-1.8977
1.0850	0.6480	0.2386	-0.7586	0.5586	0.3241	0.0858	0.1488	-0.4961	-1.1228	-0.3035	-0.0558	0.3143	-0.0390	0.1273	-0.5839	0.6670	0.4387	0.5165	-0.6194	0.7554	0.5000	-0.6939	-0.8675	1.1792	-0.8576	-0.5376	-1.4085	0.2917	-0.0123	0.8221	0.2696	-0.5135	-0.0827	-0.2737	-0.6086	0.5169	0.7199	0.0936	-1.3286	0.1647	0.0066	1.0924	-2.1191	0.0877	-1.3294	0.1312	-0.5853	-0.4214
0.5686	3.0783	-1.2742	-1.6139	1.2399	0.6060	-0.1220	0.8743	-0.0557	0.8041	0.6892	0.7154	-0.7313	-0.5289	0.6785	0.7372	0.4924	0.2699	-0.5223	1.4233	0.4391	0.8758	1.3423	0.1020	1.4715	-1.2199	-1.1860	-0.5909	0.0724	0.7792	0.8347	1.7665	0.0875	-0.3015	-0.6636	-0.0980	-1.0003	1.0500	0.1484	-1.1033	2.7812	1.4866	0.9499	0.1709	0.8084	0.4392	1.0843	-0.3362	0.0243
0.1784	1.4196	-1.2396	-1.2476	0.5897	0.3360	0.2053	-0.7817	0.7000	0.0108	0.2515	-0.0830	-2.6192	0.3701	0.5162	-1.7442	0.9690	0.2313	-0.8493	1.2683	-1.4264	-0.9026	0.5493	1.3019	0.8368	0.5724	-0.6921	0.2227	-0.9028	-0.2884	-0.3401	2.1428	0.6892	0.6897	-0.9514	0.0821	0.1206	-0.9066	1.0829	0.1560	1.7243	1.4849	1.2330	-0.3120	0.6043	1.7797	1.1085	0.5512	1.7464
-0.2027	0.8573	-0.8868	-1.2436	0.0546	0.5957	-0.5293	-1.0035	-0.2304	-0.3436	-1.2214	-0.2910	-1.1034	-0.3447	-1.5403	-0.6319	1.2010	0.5227	-0.8147	1.0685	-0.5093	1.0086	-0.7811	0.8521	2.3060	2.0104	0.6091	0.4021	-0.4904	0.7111	-0.3221	0.7590	0.3124	-0.0340	0.0063	0.9204	0.8643	-1.4636	0.2926	-0.8226	0.9262	-0.2929	-1.1147	0.1039	2.6381	0.4288	-0.2415	-0.2044	2.0555
-1.4845	-1.2342	-1.3530	-0.5812	-0.8807	0.9658	-0.0223	-0.5770	0.1405	0.4837	-1.1638	0.6397	-0.2804	0.8445	-2.0454	-1.7418	0.3470	-0.1626	0.7536	-0.5300	-1.2068	0.2854	-1.9936	0.8159	0.9571	1.3211	0.7511	-0.7538	-1.3770	-0.2834	0.5320	-0.7067	0.0817	0.1365	-0.2243	-0.5287	0.8107	0.0056	1.5132	-0.0834	1.1009	-0.8352	0.8870	-0.8012	1.4602	0.0504	-0.3665	0.3202	0.8127
-0.0893	-0.7519	-0.4174	-1.9364	-0.6318	0.6992	-1.7928	-1.3085	-0.6508	-1.5201	-0.3297	-0.5023	-0.8902	-0.2187	-2.0555	-1.3640	1.5454	-0.5723	0.8251	0.6711	-1.0120	0.0096	-2.5747	0.2543	0.2002	-0.4514	-0.0578	-2.5437	-0.6288	0.4016	0.1680	-0.3936	0.1902	0.5205	-0.4560	-0.6219	1.2960	0.6619	1.6602	0.2468	-0.7405	-0.2120	1.3795	-1.4219	1.1859	-0.1895	-0.4914	-1.2243	1.9950
0.6622	1.5464	-0.8871	-2.3468	-0.3848	1.0542	-0.5777	-1.5635	-0.0504	1.4505	1.3605	1.1242	0.0403	0.2809	-0.4249	0.4594	-0.0064	-0.1922	1.0357	1.9060	-0.3681	0.0033	-0.9183	1.6338	0.6014	-0.5909	-0.0935	-2.1178	-0.0810	0.2297	1.2419	-0.0174	-0.3779	1.5258	-0.0446	-0.2530	0.9906	0.7933	0.8805	0.0511	-1.0597	-0.6324	-0.0736	0.1849	1.4121	1.0990	1.0923	-1.4859	1.3429
-0.0436	0.3203	-0.6061	-1.1673	-0.3146	1.4338	-0.0469	-1.5504	0.4055	2.1860	-0.0398	0.3022	0.0415	1.0066	-0.9099	0.5149	-0.1835	0.3732	1.1711	1.4550	-0.4380	-1.6247	-1.1682	0.6576	-0.0880	0.3038	0.3276	-1.5287	1.1065	-0.0983	1.0452	-1.2209	0.0235	2.4156	0.7787	-0.5933	-0.3325	-0.9946	0.5902	-0.7324	-0.9588	0.4935	0.5092	-0.6374	-0.0181	0.8588	0.1348	-0.9497	0.9319
1.0745	0.6478	-0.3558	-0.4961	-0.8974	1.4155	0.2119	-0.5474	-0.6712	1.2069	0.1614	0.1654	0.7644	1.0739	-1.9494	1.5728	0.5746	1.8912	2.2194	1.6106	0.6439	0.6941	-2.3190	0.6792	0.3302	0.4176	1.5536	-0.5108	1.7391	1.0140	1.3265	-3.2231	-0.8697	1.3679	2.1512	0.4279	0.1842	0.1434	0.4464	-1.1768	1.0088	1.6390	0.1368	-0.2184	0.2724	-1.1836	-1.6026	-0.8249	-0.2913
0.8259	-0.4432	-0.6268	-0.0268	-0.4742	0.8103	-0.2790	-0.3652	-0.3126	0.3494	-0.9934	0.3257	1.7718	1.4577	-1.6420	0.1073	0.2522	0.8661	2.1377	-0.2420	0.2464	0.2922	-1.4165	0.7238	-0.1581	0.4753	1.0245	-0.4881	0.3396	0.6127	1.0031	-1.2063	-0.4451	1.1053	1.3418	0.2149	-0.9642	-0.3044	1.3420	-0.9876	1.0744	1.4940	1.0455	-0.4352	0.4584	-0.0314	-1.0549	0.8960	-1.3928
0.2436	0.5773	-0.4556	-1.4942	-0.8529	0.6937	-1.4493	0.0534	-0.9993	-0.0605	1.1688	-0.7018	1.1839	-1.3608	-2.3689	0.3741	0.7731	0.8452	0.1467	0.4970	-0.2183	0.4182	-0.9517	-0.5157	0.6008	-0.5352	0.5528	-2.5937	0.1622	1.4795	0.2863	-0.4966	0.5153	0.3905	0.7219	0.0440	1.4373	-0.0788	0.4098	-0.4902	0.8489	0.7237	1.0695	-0.5674	1.5503	0.1903	-0.7209	0.0400	-0.2599
-0.9117	-0.2557	-0.7894	-1.2713	-0.3632	1.1971	0.1062	-0.5603	-0.3208	0.4873	0.7184	-0.7009	0.7076	-0.8127	-1.4363	0.7531	-1.4402	-0.2401	-0.4012	-0.0253	-1.0520	-1.2565	-0.0608	-0.2010	0.6093	-0.3142	0.2379	-2.2321	-0.5312	0.5347	-0.6925	0.0955	0.3821	-0.4866	-0.4628	-0.4931	1.6360	0.6317	-0.1879	0.2949	0.2177	-0.1276	0.6343	-0.2447	0.6425	0.9118	0.0671	1.5215	-0.2588
-0.8103	-1.2097	0.3156	-0.3262	0.8077	0.3537	-0.0178	-1.4089	0.0070	-0.5262	0.1359	-1.2693	0.0794	-1.1829	0.1531	0.8997	-0.5497	-0.0866	-1.3849	0.4656	-0.9766	-1.7081	0.7847	-0.2118	1.3799	0.8453	0.2048	0.1277	-1.5186	0.0508	-2.1706	1.3069	-0.3071	-0.1547	-0.4892	0.5373	-0.6326	0.0861	-0.0443	0.5213	-0.2539	0.5151	0.4586	-0.9603	0.1839	1.1146	-0.5363	1.4723	-0.2619
-0.7370	1.0884	0.3609	-0.6261	0.7348	0.2345	1.5174	-1.6620	-2.0361	2.1164	0.6887	-1.3283	0.2325	-0.9905	-0.0759	0.2750	-0.2226	1.2509	-0.5830	0.2925	-0.5958	0.9668	-0.0415	0.7593	0.7739	1.9535	-1.6130	0.6488	-2.2843	-0.0401	-0.6845	0.0486	-1.6288	0.4987	-0.9503	1.8109	0.3066	0.7755	0.1706	0.0318	1.0136	1.4175	0.3827	-0.2366	0.0121	1.1845	0.5259	1.4464	0.1703
-2.4136	0.1375	-0.4155	-0.0932	0.1526	0.3261	-0.5135	-1.8282	-1.5562	-0.3676	-1.1947	-0.3071	0.4555	-0.7575	0.1290	0.3896	-0.2348	-1.0298	-0.9224	-0.2529	-2.1340	-0.2147	1.1493	0.4843	0.4997	0.9321	-1.3931	1.0153	-2.8123	0.0996	-0.8977	1.0833	0.4964	1.5805	-0.7815	1.5539	-0.6074	-2.2501	0.5374	0.6203	0.0453	1.0082	0.4371	0.3301	-0.1430	1.7174	-0.0717	0.8840	0.7258
-0.7924	1.2594	0.3822	-0.4943	-0.3535	-1.3443	-1.0256	-0.9193	-3.0511	-0.1122	0.9466	-0.0366	0.0459	-2.4193	-0.6623	1.1278	0.6154	-0.2960	-1.4597	1.0218	-2.2998	0.5671	1.3731	-0.2224	1.4450	-1.0299	0.3946	-0.0394	-1.9079	-0.7254	-1.9023	0.0957	1.5984	1.3274	-0.2640	1.8486	-0.8415	0.0262	-0.0334	0.0505	1.3930	0.6277	0.1879	0.4987	1.1155	0.4626	0.5009	-1.5510	0.3260
-1.4547	0.0657	0.5874	0.1933	0.3770	0.4368	0.3270	-1.6121	-2.1745	0.1031	0.3710	-1.3282	0.1098	-2.4665	0.1695	1.0575	-1.4197	-0.2807	-1.8712	-0.1391	-2.3034	-0.0935	-0.0177	0.6489	1.8331	-0.3156	-0.4109	0.5268	-1.6906	0.2988	-2.8340	0.3244	0.8648	0.2150	-1.6875	0.9647	-0.6214	-0.1901	-0.5876	-0.3973	-0.3855	0.8062	0.9057	-0.2404	1.3227	0.2589	0.1508	-1.3842	-0.8382
-2.0597	-0.1970	1.3089	0.8494	2.0215	-0.2334	-0.1420	-1.4130	-0.2533	0.8831	0.3826	-1.8778	-0.1315	-2.3466	1.0973	1.3656	-1.5101	-0.2168	-2.0566	0.4300	-0.5910	-0.1108	0.3044	0.7470	2.2029	0.2366	0.2444	0.9790	-0.9174	0.9845	-3.2045	1.2420	1.1391	-1.2958	-1.4159	0.6498	-0.7576	-0.2315	-0.3636	-0.4109	-0.6397	1.9336	1.1603	-0.7350	0.5800	0.3021	-0.2455	1.0419	0.1971
-1.2350	-0.1618	0.2036	0.6783	0.8756	-0.4961	1.2298	0.0341	0.0250	0.2903	1.8738	-0.8695	-0.6964	-1.7647	0.9713	0.7191	-1.6109	0.0248	-0.3175	0.9293	0.3231	0.1854	-0.2612	-0.0363	1.0468	0.4940	0.0480	1.7820	-1.2213	0.2883	-0.2553	-0.4729	1.2952	-0.9609	-0.2344	-0.2553	0.7176	0.4810	0.0554	-0.3810	0.1793	0.7716	1.8770	-1.4694	-0.8043	1.2645	-0.0188	1.4086	0.3666
-1.3366	0.5446	-0.7000	1.3439	-0.2381	0.5786	0.1587	0.0132	-0.5586	0.7020	-0.6850	-0.0637	0.5472	-1.4510	0.2283	1.4883	-0.8281	0.1492	0.2984	-0.2124	0.6139	0.4478	0.7252	-0.5598	-0.0269	0.4011	-1.0784	1.8175	-0.2483	0.9001	0.4909	-0.2337	0.9773	-0.4454	-0.4685	-1.0413	-0.0600	-0.2794	-0.5585	-1.2642	0.7341	-0.4194	1.2750	-1.3819	-1.1581	0.2778	0.6438	0.7130	-0.6782
-0.7450	1.0705	-0.1114	0.3092	-2.3274	0.1025	-0.5596	-0.3672	-1.5252	0.4731	0.6820	-0.1054	0.2579	-0.8273	-1.3168	1.4520	0.7849	0.0944	-0.1521	0.2606	-0.0814	1.0886	0.1560	0.0047	-1.0219	-1.5651	-0.4023	0.0881	-0.4627	-0.0618	0.9720	-1.2234	0.3799	-0.4897	-0.8149	0.6790	1.6753	-1.6363	-1.5268	-1.4320	-1.6645	-0.5650	1.4857	-0.9058	0.0160	0.0111	0.5876	-0.7556	0.2154
0.4216	-1.5074	-0.3989	-0.5836	-2.4275	-0.8510	0.1274	-0.1004	0.1114	-0.9471	0.3749	0.1044	-0.3236	0.6953	-0.6783	-1.4645	-0.4692	-0.3643	-0.3585	0.4847	-1.4037	-0.2912	0.3736	-1.4418	-1.6868	-0.6183	-0.0222	-0.0046	-1.6822	-0.9221	0.5240	1.1459	-1.3633	-0.2664	-2.4178	0.6074	0.3303	0.0830	-0.4923	-0.0955	-1.0262	-0.2692	2.3430	-0.0891	-1.3746	1.4239	1.4328	-0.0326	0.6858
0.5819	-1.7274	0.6464	-0.3102	-1.8820	-1.7882	-1.1160	-0.7873	1.0829	-1.3595	-0.6414	0.2705	-0.6419	0.8167	1.0174	-0.6928	0.0879	0.1144	0.1854	0.6689	-2.1790	-1.0912	1.4825	-1.6735	-1.6629	-0.3100	0.4998	1.1766	-0.8900	-1.0651	0.2992	2.6474	-1.6364	-0.7705	-1.1225	0.6220	-1.6844	0.2112	0.2325	1.4496	0.7303	0.7084	2.1121	-0.5596	-1.9917	1.3212	0.5618	0.2516	-0.2054
1.2738	-0.4385	0.0353	-0.1766	-1.1357	0.2039	0.4893	-0.3650	-0.1635	0.5659	-1.1698	1.6120	1.4890	0.4386	0.5969	0.8825	-0.3606	1.1123	0.7719	-1.1283	-1.1542	1.1443	0.2900	0.1198	-0.4175	0.1594	-1.6052	0.1236	0.8576	0.8564	1.1279	-0.0750	-2.0802	-1.8578	-0.1332	-0.2420	0.5809	-0.5577	-0.9181	0.3979	1.4389	1.2554	-0.1017	-0.4192	-0.8643	-1.3300	-0.3998	-0.7270	-2.2015
0.4047	-1.0848	0.7950	0.1846	-1.0911	-0.6455	0.3511	-0.6581	0.6661	-0.9125	-1.0566	0.8655	1.3550	0.9835	0.3270	-0.0763	0.0016	-0.7334	1.4551	-1.7747	-0.6501	-0.0442	0.7703	-1.5361	-1.1391	-0.0314	-2.2578	-0.1313	0.7836	-0.9209	0.8315	0.0198	-1.8047	-1.1747	0.1248	-1.3554	-1.0017	-0.2888	-1.0604	-0.4174	-0.0238	0.7117	-0.6864	-0.0497	-1.8608	-0.8518	-1.4082	-1.0039	-1.5598
0.7850	-0.9257	0.7251	0.2509	-0.7563	-2.0067	-0.7594	0.3080	1.1423	-1.8940	0.5693	1.8742	0.5561	0.6793	0.9076	-0.4751	-0.9704	-2.5637	-0.0096	-0.7391	-0.5589	-1.6861	1.7672	-1.3486	-1.5334	0.3840	-0.9439	0.1467	1.2226	-1.6374	1.9315	0.9108	0.3640	0.6751	2.1428	-0.7924	0.3290	-0.5495	-2.3882	0.3870	-0.6381	-3.0086	-0.0246	0.2418	-0.2997	-0.1979	-0.3978	-1.9892	-0.0683
1.1647	-1.1137	1.2581	-1.1005	0.0818	-1.7914	-0.0767	1.7470	0.7956	0.2244	0.3865	1.6060	-0.0801	1.1337	0.6607	-0.3300	-1.5135	-0.7948	0.5993	-1.0616	0.5471	-1.4390	0.7003	-0.5362	-1.4927	0.5373	-1.2084	-0.0621	1.5542	-2.1727	0.5382	0.0497	-0.5953	0.2969	1.7336	-2.0093	0.0825	0.0534	-1.9480	-0.0431	-0.3222	-2.4155	-0.6304	0.7254	-1.4712	-0.5549	1.0692	-1.5773	-1.7985
0.9787	-0.4396	1.6698	-1.0304	1.0764	-1.1920	0.3607	0.7994	1.3914	-1.6687	-0.9835	-1.0766	-0.3331	0.4246	0.7668	-0.9748	-0.5626	0.1126	-0.3615	-0.0283	1.0431	-0.7760	0.5543	-2.2311	-2.0629	0.8782	-0.5891	1.0654	1.3393	-1.7195	-1.5085	0.1691	-0.4923	-0.2774	0.7944	-1.6108	-1.8986	1.6168	-0.6398	-0.1708	0.4586	-0.6368	-1.2077	0.1052	-1.4937	0.2098	-0.5108	-0.5880	-2.2663
1.1582	0.7172	0.2103	-0.0196	1.8015	-0.1013	0.7275	0.6925	0.4300	-0.4542	-1.2433	-0.3694	1.1673	0.1601	0.7937	0.3006	-0.6535	0.8141	-0.6147	-0.6593	1.4437	2.0790	0.1016	0.5390	0.8009	1.2391	0.9751	0.6126	0.9271	0.0063	-1.3736	0.0870	0.0777	-0.8371	0.1587	-0.5935	0.1811	0.5025	-0.1695	0.6722	0.3726	0.5875	-3.0962	1.5801	0.2622	0.0981	-0.4323	-0.1708	-1.5567
0.1179	0.5126	-0.9228	0.8429	2.8996	0.1627	-0.3442	1.4481	-0.2832	0.5661	-1.2158	-1.3594	-0.1044	-0.3188	-0.0987	-0.0910	-0.5539	0.0285	-0.3559	-0.7419	0.9388	1.9661	0.4899	1.2270	0.7262	0.2041	1.3001	0.4543	-0.2106	0.6343	-1.6278	0.4995	0.8276	-1.6600	-0.9440	-0.2130	-1.5907	0.1100	1.4715	1.1444	0.9633	0.3861	-2.3189	2.3292	-0.4653	-0.0564	-0.4548	0.9775	-1.7607
-0.3424	1.6705	-1.6547	0.8765	1.0101	0.7698	-0.1247	2.0298	-0.0419	-0.4451	1.2162	-2.3524	-0.6855	-0.7694	-1.8326	-0.4294	0.6542	-0.1696	-0.9202	1.1658	1.5756	2.3150	-0.1001	0.0097	1.3679	-1.8227	1.5223	-0.6446	0.6108	1.9196	-1.6101	-1.1721	1.8126	-1.4239	-0.5405	0.1308	0.5785	1.5738	1.9525	0.7393	0.9276	0.3722	-0.8879	1.9134	0.6730	-1.1477	-0.6055	0.6540	-0.0859
-0.1723	1.1109	-1.6851	1.0768	-0.8420	0.6070	0.7022	1.6442	-0.2129	1.0468	1.0833	-0.8178	-1.0569	-0.0168	-0.4035	-1.5036	0.2936	-1.0384	0.0184	0.5156	0.9523	0.8084	-0.1618	1.9143	0.0348	-1.6775	1.1502	0.3356	0.5076	0.9691	-1.1571	-1.5906	2.0785	0.9183	-0.1557	-0.3070	1.5802	1.7395	1.7031	0.8794	-0.7812	0.1930	-0.6531	0.9601	1.1773	-0.0240	0.3370	0.8890	1.4241
-0.6833	-0.5433	-1.0271	0.3867	-0.9650	1.1818	-1.0333	1.0585	1.3233	-0.6637	-0.5480	0.8479	-0.9333	-0.3143	0.2931	-0.5372	0.7968	-0.8963	-0.5240	-0.1730	0.5093	-1.2332	0.7102	0.8573	-0.7296	-0.6003	0.7320	-0.0711	1.0783	1.3464	1.5047	0.3411	2.2498	1.6570	1.0160	0.4638	0.4381	-0.3858	0.1434	1.0323	-1.7204	0.2149	-0.6787	-0.3581	1.2684	-0.2945	-0.1322	0.4275	2.6407
-0.0294	-0.6868	-0.8230	0.8148	-0.8308	0.0165	0.4170	1.4332	0.9940	1.2245	0.9092	1.4660	-1.5370	1.5963	0.1516	-1.5021	0.7225	1.0774	1.0945	-0.5545	1.1057	-0.3585	-1.0269	1.5718	-0.6511	-0.2256	0.6968	-0.7620	0.1655	-0.5048	1.7354	0.0869	-1.0687	0.4528	0.4189	0.8985	0.6045	1.4603	0.5664	1.0043	0.1048	0.2971	-0.4519	-0.4289	0.2033	-1.7099	1.9810	0.6617	1.8139
-1.2353	-1.7751	-0.3591	1.2148	0.7442	-0.0105	-1.2771	1.4971	1.0668	-0.1038	0.0060	-0.1351	-1.6635	1.1848	0.3073	-1.9584	2.2141	0.6964	-0.7144	-0.3519	1.0453	-1.4621	-0.9584	-0.9189	-1.6349	0.2665	0.7565	1.2677	-0.6148	0.4326	0.9776	-0.3100	-1.2148	-0.3584	0.4229	1.8477	-0.3382	-2.1497	1.3250	0.0985	-1.2821	-1.7992	-0.4523	-0.3103	-0.1906	-1.1707	0.0589	-0.2286	0.9035