IC05	IC08	IC09	IC15	IC16	IC17	IC18	IC19	IC20	IC23	IC24	IC26	IC27	IC29	IC31	IC33	IC36	IC37	IC38	IC41	IC42	IC43	IC44	IC45	IC46	IC47	IC48	IC49	IC50	IC51	IC54	IC56	IC58	IC60	IC62	IC63	IC64	IC65	IC66	IC67	IC68	IC69	IC71	IC72	IC73	IC74	IC75	IC76	IC77
-1.8489	-2.3327	-2.9353	-2.6911	-2.8602	-1.4686	1.2015	-1.0057	-2.1251	1.3474	-0.5036	-0.5876	-0.3113	0.4544	-2.3158	-1.8976	-1.7229	-1.0273	-0.6982	-1.2602	-0.1834	-1.9313	-3.2596	0.9424	-1.9516	-1.0508	-0.4611	-2.6856	0.8335	-0.6184	-1.0327	-3.0219	-2.0288	-1.7074	-0.5522	-0.8488	1.7270	-2.5923	1.3250	-1.9150	-0.1971	-1.3604	0.0327	-1.0953	0.1215	1.1874	0.4362	-1.4088	-1.4319
-1.9253	-2.6480	-1.9271	-2.5688	-3.3876	-2.2198	1.2190	-0.6783	-2.6179	0.8195	-0.7291	-0.4330	-0.3432	0.0702	-3.2431	-0.6811	-2.5029	-1.5132	-0.7981	-2.7013	-0.5798	-2.0678	-3.6316	0.6923	-2.0313	-2.0231	-1.0093	-2.3787	-0.0823	-1.0535	-1.1862	-2.5931	-1.9979	-2.7911	-0.6923	-1.2862	0.4621	-3.1064	0.7797	-2.7355	-0.9518	-1.1949	-0.8302	-1.2359	-0.2867	0.7505	0.5586	-1.4302	-0.9604
-2.4303	-0.8901	-1.2089	-2.7209	-0.8714	-3.6984	-2.3643	0.8804	-2.5403	-1.3005	-2.7304	-1.6911	-3.8465	-0.2823	-2.0829	-2.2006	-1.7521	-2.4337	-0.9098	-3.3687	-1.2058	-3.0873	-1.9926	-1.2920	-2.8925	-0.4442	-1.3110	-2.2744	-1.1713	-1.2081	-0.4750	-0.8367	-1.6383	-2.7603	-0.8752	-1.7285	0.2789	-2.4416	-0.6154	-2.2500	-1.2289	-1.0679	-1.9488	-0.5949	-1.8945	-0.0146	2.6838	-1.1257	2.2351
-1.6789	-0.5433	-0.6186	-1.2763	-0.8545	-2.1255	-1.2484	1.6592	-1.8275	-2.4703	-3.0176	-1.1223	-2.1650	-1.5233	-0.6497	-1.5478	-1.1927	-1.5505	-1.0454	-2.1213	-1.6186	-2.9078	-2.1980	-2.9126	-2.7862	0.0308	-2.1032	-1.9709	-0.6767	-1.0278	0.7642	-1.4246	-1.6737	-2.0697	-0.2184	-2.0854	-1.1682	-1.6344	-1.8285	-1.5713	-2.2987	-1.2432	-2.1620	-0.6410	-2.1621	0.1532	1.1565	-1.2261	2.0045
-0.7956	-1.5248	-1.6200	-0.9036	-0.9086	-0.9959	-0.0371	2.7453	-0.7551	-2.8612	-2.4164	-0.3048	-0.3757	-1.9416	-0.7430	-0.5948	-1.7244	-1.6957	-0.9716	-1.5895	-1.4293	-2.9166	-1.7765	-2.2505	-1.8556	0.5904	-2.3794	-1.4841	-0.2217	-0.5067	0.2452	0.0837	-1.8356	-0.2624	-0.0349	-1.7248	-0.8168	-0.0271	-1.5894	-1.4525	-1.4309	-1.3674	-0.8607	-0.6562	-1.2044	0.5330	1.7520	-1.5617	0.7112
-0.8022	-1.2384	-0.1352	-0.5977	-0.1929	-1.0581	0.3439	2.2816	-0.1114	-2.0382	-1.9663	0.1432	0.1371	-1.7785	-0.7094	0.2245	-1.6418	-1.0467	-0.8460	-0.6294	-1.5027	-2.3343	-0.9211	-2.1715	-0.8427	1.1202	-2.0111	-1.4423	-1.5049	-1.2662	-0.1180	0.5277	-1.5275	-0.2067	-0.5725	-0.3858	-1.6782	0.9702	-0.9437	-1.0499	-1.3073	-1.3216	0.4190	-1.6302	-0.4099	0.2970	0.6315	-1.3159	0.8037
-0.7502	-0.1993	-0.3634	-0.2835	0.6121	0.4505	-0.6023	0.8657	0.0628	-0.8177	-1.3346	0.3445	-0.6830	-0.5607	0.1056	0.5098	-0.4872	-0.6382	-0.7478	0.3332	-0.9149	-1.4240	-0.3288	-1.8889	0.1212	1.0798	-1.1792	-0.8578	-1.0538	-1.4789	-0.0649	0.2878	-0.7629	-0.7271	-0.8458	0.3377	-1.5927	0.9612	-0.1329	-0.5968	-1.6125	-1.0459	0.4896	-0.7934	-0.1458	-0.4491	-0.9174	-0.8384	-0.7967
0.4482	0.4462	-0.0516	0.1779	1.2988	-0.1832	0.6593	1.0905	-0.4252	-0.9704	-0.0874	0.2818	0.7022	-0.0791	0.5372	0.3656	-0.1312	-0.2835	-0.3608	1.7449	0.0512	0.0370	-0.5141	-1.4502	1.0828	0.6019	-1.6224	-0.5964	-0.2603	-1.3722	-0.7900	-0.2097	-0.3037	-0.4208	-0.5743	0.6973	-1.3957	1.6071	0.7716	-0.1474	-1.1349	-0.1358	0.3915	-0.4068	-0.0032	-0.5054	-1.3811	-0.8598	-1.0276
0.9306	-0.0734	0.1171	1.1831	1.3679	0.5143	0.4654	1.2050	-0.0451	-0.6975	0.1975	-0.1021	0.5907	-0.6144	0.5708	0.1163	0.4013	-0.1006	0.0792	0.9225	-0.1511	0.7445	0.9291	-0.3237	1.6723	0.3821	-1.0665	-0.0688	-0.2705	0.9376	-0.5368	0.4422	0.2523	-0.4950	-0.0293	0.9077	-0.9604	0.8457	0.0607	-0.2012	-0.5605	0.2609	-0.0460	0.4758	0.4582	0.4416	-0.7234	-0.5378	-1.2432
0.8662	0.0682	0.5894	0.1587	1.6078	0.2612	0.1536	1.5178	0.4801	0.4432	-0.2742	0.9063	0.4903	0.4597	0.6611	0.7283	0.3510	-0.0909	0.5118	1.0318	0.3289	1.2313	1.2846	0.5327	1.6770	-0.1737	-0.2808	0.1750	-0.2449	-0.2663	-0.3742	-0.2955	1.1726	0.1619	0.1756	1.0610	-0.5720	0.4130	0.6396	0.3721	0.4865	0.9517	0.7800	-0.4130	0.7342	1.0941	0.7396	0.0384	0.3758
0.3513	1.1363	1.6661	1.4639	2.2169	1.2143	-2.0033	-0.3164	1.2244	-0.6755	-0.1807	0.7847	0.9966	0.0868	0.4296	0.8227	1.3658	0.1967	0.5816	0.8052	-0.7640	1.5130	1.9454	0.8353	1.5203	0.0918	0.9832	1.5081	-0.8873	0.5999	-0.4747	0.5531	1.4848	1.4382	0.7342	1.6928	-0.5758	0.6497	0.5348	0.2669	1.0985	1.0291	0.8852	-0.1140	0.6556	1.2677	0.6130	1.0937	0.0084
0.7735	1.6383	1.4660	2.1591	1.6328	1.6615	-0.5902	-1.2394	1.4912	0.3327	2.0976	1.4271	1.4841	0.8376	1.4011	1.1288	1.6808	0.7004	0.7338	2.2949	-0.4096	1.6585	1.2367	0.3472	1.0899	-0.8267	0.8939	1.7434	-1.0798	0.1383	0.0867	1.1462	1.7627	1.5375	0.4193	0.9812	-0.9025	1.9313	0.6332	1.6640	1.1563	0.7497	1.1851	0.3695	0.0732	-0.6685	-0.0200	1.0940	-0.2272
0.7242	1.5946	1.3788	2.2147	0.9352	1.6254	-0.0924	-1.5580	1.0132	0.5089	2.1921	0.9568	0.9544	0.7390	0.9082	0.6459	1.9039	0.7805	0.2341	1.9646	0.4927	1.7986	0.4946	0.7648	1.0041	-0.7528	1.2606	1.5883	0.3771	1.0794	-0.2243	0.9683	2.1088	1.9684	1.3999	0.3196	0.9413	1.2593	0.7840	1.5132	1.9744	1.2119	0.9123	1.5949	0.0256	-2.2719	-1.6723	1.2501	-1.1853
1.8680	0.2257	0.1708	1.2260	0.0420	1.9335	0.6786	-1.6121	1.5109	1.4364	0.9349	0.9087	0.7087	1.3500	0.4798	0.7448	1.7552	0.8447	0.4619	1.0384	0.8949	2.1891	0.7068	1.8317	1.0699	-0.6804	1.9880	1.5104	1.1048	0.5510	0.4029	0.8411	1.0602	1.4014	0.9004	-0.0131	0.7796	0.2778	0.3841	1.4901	0.8358	1.0573	0.8205	2.4854	0.2108	-0.5291	-1.3184	0.8253	-0.7076
1.5247	0.1593	-0.0183	-0.1857	0.2109	2.1060	-1.5724	-1.1151	1.4451	0.9724	0.4037	-0.3363	1.3533	1.4645	0.3314	0.4438	2.1986	2.1983	0.5667	0.8434	1.2722	1.9152	1.9920	1.0317	1.3985	-0.5756	2.4217	1.4846	1.5292	0.8879	-0.1853	0.5929	0.3904	0.4584	0.9941	0.6715	-0.1134	-0.6701	0.7207	2.2992	0.0685	0.5055	-0.1954	1.2476	1.1601	-0.4756	0.2766	0.9748	-0.4152
1.2188	1.4506	0.8998	0.8457	0.6765	1.3349	-0.2590	-0.8302	1.5621	0.5220	0.8405	-0.2993	0.4896	0.6046	1.1307	0.0792	1.4490	2.4370	0.2933	0.8976	1.1484	1.9295	2.6231	1.0869	0.9877	-0.0788	1.3405	1.4761	1.3384	0.4693	0.2571	0.3677	-0.0995	0.4789	0.0071	0.7498	-0.3960	1.0936	0.4410	1.8576	0.4144	-0.6030	0.5504	1.5555	0.5920	0.6160	0.7467	1.4230	-0.4155
1.2386	1.7183	0.1159	1.6562	0.2861	2.1757	-0.1932	-0.4704	1.3459	0.9188	1.4632	0.8839	0.9021	0.9816	1.6913	1.7499	1.2643	2.2951	-0.2085	0.9257	2.1611	1.6941	1.9336	1.4151	1.0425	-0.0289	1.9148	1.6001	1.6133	1.1290	0.7578	0.7911	0.4078	0.7358	0.2403	0.8786	0.4348	0.8180	-0.0048	1.5659	0.7699	-0.2850	0.3966	1.3554	1.5581	-0.6426	-0.6521	1.7152	-0.3750
0.8245	0.7665	0.8268	1.7471	0.2152	0.6494	0.7501	-1.0302	0.4936	1.2310	1.2597	0.6196	0.3741	1.2788	1.2068	0.8525	0.5227	0.8039	0.6604	0.6600	2.4036	1.1342	1.1551	1.2763	0.3011	0.0393	1.3755	1.4309	1.3179	0.4422	1.2459	-0.7718	0.8411	1.6492	0.7613	0.2623	1.2811	0.2594	-0.4577	0.8928	1.5234	-0.0632	1.4343	0.8850	0.4725	-0.2999	-1.3076	1.1403	-0.4244
1.2722	0.7514	0.6941	0.5750	0.0862	0.2126	0.8315	-1.4245	0.2107	0.5709	1.5393	0.1931	-0.6639	0.2122	0.4532	0.0899	0.2798	1.3366	0.9751	0.3701	2.0898	1.3384	0.9503	0.5477	0.8722	-0.6015	0.7960	0.5595	1.4445	0.5011	0.9926	0.5684	1.0344	1.1331	1.1613	-0.4032	0.4730	-0.8375	-1.0707	0.6565	0.8502	0.9356	0.6183	0.0038	0.2063	0.4691	-1.2937	0.9099	0.0227
0.8821	-0.0619	0.6523	-0.3674	-0.0105	-0.4620	-0.7328	-2.1485	0.4145	0.4264	1.2473	-0.1309	-1.1830	-0.1785	0.0170	-0.1887	0.8605	-0.5656	1.3302	0.2738	1.8081	0.8096	0.6376	0.6913	0.8782	-0.1947	0.2207	0.1695	0.7722	0.1948	0.2223	1.3387	0.3536	0.0900	1.0768	0.3509	2.2500	-0.3716	-0.0549	0.3161	0.7902	0.9671	0.1778	-0.7166	-0.2068	0.0066	-0.5965	0.1759	0.2860
0.6583	-0.0820	1.3072	-0.1727	-0.2116	0.9996	-0.8231	-1.4249	0.6860	0.7487	0.6162	-0.2233	0.3100	-1.1296	0.0034	0.3675	1.5536	0.4027	1.1341	0.5069	0.9696	1.2764	0.8517	0.8931	1.2930	-0.2743	-0.0034	-0.0326	-0.4181	0.3668	0.3423	0.7282	0.1548	-0.2330	0.3981	1.2435	0.8713	-1.1878	0.8896	0.3791	-0.0628	0.9452	-0.4634	-0.8467	0.5846	0.9977	0.1048	0.1646	1.2155
-0.0004	-0.6205	0.2612	-0.2892	0.4576	0.6414	-0.1085	-0.3051	0.5685	0.6224	-0.0861	-0.3639	-0.5706	-0.3392	1.1598	0.4647	1.2031	-0.5248	0.2251	0.7350	-0.2816	0.8812	1.2805	0.6271	1.0773	0.5811	0.5131	0.4044	-1.5427	-0.9833	0.1614	0.3528	0.2691	0.4211	-0.6615	1.2145	0.7535	0.6226	1.4971	0.4261	-0.0959	0.7333	-0.1220	-0.9376	0.3817	-0.1241	0.7887	-0.0453	1.2241
-1.0052	0.1273	1.5785	0.7025	0.3532	0.4596	-0.2601	0.2592	0.1600	-0.4917	0.1550	-0.7426	0.0453	-0.4723	1.9994	0.4473	0.7815	0.9313	-0.5912	0.3193	-0.6394	0.9412	1.5167	-0.1831	1.7678	1.2739	0.5669	0.8498	-1.2271	0.1119	-0.1499	0.5068	0.7064	0.3926	-0.3441	1.2233	-0.8785	1.2665	1.0063	0.3135	-0.1874	0.9056	0.0039	-1.1471	0.7391	1.0270	-0.8707	0.0501	0.6960
-0.8868	0.7753	0.5931	1.2576	0.3548	1.6873	0.3440	-0.6540	0.0993	1.1437	1.1290	0.8361	0.7217	0.0727	1.7694	2.0313	-0.3244	0.5279	-1.4670	0.8014	-0.6783	0.4343	1.5406	-0.7638	1.6280	1.4818	1.1625	1.4530	-1.2623	0.5148	-0.5595	0.8878	1.7483	0.8734	-0.4924	0.6322	0.0268	1.6154	0.1578	0.7409	1.1635	0.1828	0.4222	-0.1383	0.6821	1.3239	-0.5796	-0.0735	0.6632
-0.2638	2.3550	0.3019	1.0628	0.4918	1.3938	0.6175	-0.7040	0.4166	0.8019	2.0195	1.3948	1.1031	0.2573	0.5545	0.4161	-0.1219	0.7175	-1.2396	1.4063	-0.2337	0.1919	1.1009	-0.3087	1.3082	1.5072	0.9727	0.7283	-0.4543	1.6451	0.0470	1.6401	1.9915	1.5440	1.1976	0.2412	0.8526	1.2939	-0.5146	-0.1150	1.8438	-0.2114	0.6900	0.3635	0.4964	0.2893	0.1240	0.6413	0.8692
-0.2512	1.3778	-0.0427	-0.1578	0.2909	0.5059	0.6715	1.0426	0.3452	0.6929	1.7413	0.5863	0.0153	0.1442	-0.0899	-1.4548	-0.2292	0.5217	-0.3311	0.3701	-0.2213	0.5504	-0.1663	0.9913	0.3375	0.4135	1.1019	0.1838	-0.1883	0.6676	0.6068	0.5763	1.7176	1.2841	0.8860	-0.1668	1.3871	0.2687	-0.3794	-0.5826	1.4110	0.3005	0.8605	1.0009	-0.5944	-0.9454	-0.0352	0.8492	-1.1559
-0.4478	-0.3954	-0.0813	-0.7917	-0.6441	0.3775	0.3553	2.1161	0.2821	-0.0682	0.5494	-0.5186	-0.1586	0.4615	-0.0442	-1.0559	0.5209	1.3820	0.3277	0.0174	0.4839	0.3911	-1.3036	0.6356	-0.3920	-1.0534	0.9637	0.2422	0.4248	0.0424	0.2634	-0.2631	0.3965	0.4545	0.9109	0.1464	0.6865	-0.4401	0.1262	-0.2179	-0.4464	1.3184	-0.3421	0.3480	0.6556	-2.5007	-2.2834	1.1448	-1.1629
-0.6163	-1.0393	0.1890	-0.7150	0.1542	-0.5482	0.5728	1.1333	-0.3509	0.1502	0.5419	-1.0218	-0.6268	-0.6831	-0.0670	-0.9696	0.3922	0.1202	0.3317	0.8080	0.3540	-0.0891	-0.6115	0.2736	-1.0297	-0.3474	0.0836	0.2468	0.0313	-1.1021	0.0045	-1.1629	-1.1536	-0.1335	-0.3465	0.3416	0.3105	0.4769	-0.0805	-0.1479	-0.2778	0.5952	-0.5377	-0.0673	-0.1986	-1.6669	-1.6592	-0.0090	-1.5091
-0.2470	-0.4344	0.9916	-0.4213	-0.1454	0.5932	0.2483	-0.1326	-0.1669	-0.4279	-0.0346	-0.8623	0.8070	-0.0620	0.5217	0.3937	0.3981	1.3942	0.2442	-0.3708	0.5814	0.5827	-0.3012	-0.3365	-0.2957	-0.3900	0.5326	0.4635	0.0585	0.0968	-0.4104	0.6526	-0.5007	-0.3798	-1.4326	0.7677	-1.1986	-0.1316	0.1250	0.4158	-0.3839	1.8221	-1.6436	-0.2275	1.3131	-0.4038	-1.0141	-0.2068	-0.8037
0.9877	1.3207	1.1244	0.1644	1.2231	0.5233	-0.6482	-0.7787	0.6529	1.3692	-0.0162	-0.2728	1.5895	-0.1135	1.0955	0.4827	0.5788	0.3674	0.0189	0.1595	-0.2533	0.8051	0.7208	0.6095	-0.3693	2.2322	0.8556	1.2590	-0.5569	0.3918	-0.3069	2.0437	0.1886	0.6086	-1.6330	1.3287	-0.5514	0.0624	0.2088	0.7043	1.1732	1.0101	-0.7040	-0.4272	1.2199	0.4423	0.4839	-0.2909	-0.2224
2.0198	2.2782	-0.3273	1.6834	1.1070	0.9876	-0.8153	-0.3179	0.5770	1.3845	0.9708	0.9993	0.2136	0.3435	0.6168	0.0560	0.0805	1.6351	0.2863	0.8653	0.0342	1.4156	0.4122	0.7602	-0.1856	1.6376	0.8212	1.3697	0.0324	1.4020	0.5552	0.6913	0.7920	0.8743	-1.3226	1.1777	-0.7183	0.6363	0.8581	1.0278	2.0577	0.0170	0.8629	-0.1641	1.7924	0.4648	0.7172	0.8055	0.4568
1.0098	0.8140	-0.6568	1.5774	0.3493	-0.3704	0.3562	-0.2589	1.1628	0.5545	0.6805	0.8450	-0.4277	1.0648	-0.1484	-0.9832	0.2121	0.5069	1.1160	-0.0631	0.1010	0.8496	0.0090	0.7195	-0.7685	-0.0062	-0.1609	1.0210	0.3309	1.6838	1.0843	0.3168	1.9964	0.9919	-0.6087	-0.8339	0.5608	1.8688	0.4561	1.0444	1.8479	-0.5833	1.2793	0.8160	0.5554	0.1059	1.1398	1.0071	1.4235
-0.0691	-0.6491	0.9427	0.3878	-1.6010	-0.6792	0.2389	-0.0193	1.2596	-0.6610	0.3084	0.2491	0.1168	0.8644	-0.9196	-1.8038	0.5217	0.6380	1.8369	-0.8499	-0.0779	-0.0640	-0.3675	0.7270	-1.3974	-0.4205	0.0805	0.2556	1.1151	1.7879	2.0165	-0.8502	1.4600	-0.1413	0.6414	-1.2162	1.1137	0.4076	-0.2447	0.8344	0.0020	-1.3359	0.4814	0.8952	-0.2252	-0.5694	-0.1457	1.2615	0.5503
0.7004	-0.6628	0.2216	-1.3369	-1.2021	-0.3642	1.3662	0.2778	1.4765	0.0352	-0.2370	1.6820	-0.6334	1.0161	-0.8241	0.2204	-0.2325	-0.2777	1.6807	-0.8271	-0.6845	-0.9543	-0.1857	0.2219	-2.2197	-0.7036	-0.4273	-0.1479	0.4868	-0.1383	2.0139	-0.0545	0.2397	0.2280	0.1413	-1.4593	0.9243	-0.1341	-1.8617	-0.3020	-1.2600	-1.3741	-0.0886	0.5737	-1.4725	-1.8030	-0.3319	0.3244	0.5472
0.3589	0.8292	-0.1890	-0.9115	-0.4982	0.0637	0.5376	-0.3288	1.2561	-0.4582	-0.8250	1.1515	-0.7619	0.4083	-0.2639	0.9897	-0.0189	-0.1363	0.3627	-0.4123	-0.6617	-1.1405	1.0707	-0.2825	-1.2400	0.3855	0.0625	0.1894	-0.0354	0.2200	0.5974	0.4416	0.3023	0.6008	0.0053	-0.8919	0.8439	-0.7632	-2.0527	-0.6853	-0.7018	-0.8964	-0.5668	0.2131	-1.1599	-0.6209	-0.3670	0.4977	1.7035
-0.2997	0.1581	-0.8856	-0.5426	0.1721	-0.7816	1.4345	-0.6247	0.6106	-0.0303	-0.1036	1.1910	-1.0241	0.0242	-0.1231	0.1237	-0.2650	-0.8888	0.0960	0.6202	-0.9866	-0.7777	0.8677	-0.8015	-0.7133	0.5935	0.2713	-0.0332	-0.7871	-0.8531	-0.0468	0.2056	0.1166	0.2992	-1.3455	-0.8191	0.5011	0.6231	-1.3039	-0.1587	0.0482	-0.1532	-0.8258	-0.3192	-1.7218	-0.6823	0.3045	0.5009	1.6519
-0.6311	0.3577	-0.9601	-0.5100	1.2329	-0.4319	-0.2116	0.5090	0.3841	-0.6514	0.4518	0.5623	-0.3890	-0.0819	-0.0697	-0.5916	-0.4663	-0.3838	-0.7622	0.9948	-0.7512	-0.9909	0.8821	-1.2663	-0.4522	2.1283	0.4415	-0.0662	-0.6116	-0.0364	-0.3219	1.5458	0.6538	0.4221	-0.2819	-0.0132	0.3928	1.3103	-1.0920	0.1642	0.9428	-0.0659	-0.3701	0.5519	-0.7135	0.2407	0.6576	0.3471	0.8857
0.1626	0.6148	-0.4944	0.0039	0.4224	-0.1071	0.6247	0.9128	-0.7452	0.5736	0.3887	-0.2641	-0.8412	0.1112	0.2131	-0.8518	-0.7101	0.6528	0.0945	1.2396	0.7156	0.1419	0.1787	-0.4643	0.3860	1.6400	0.1474	-0.0193	1.2357	0.0710	-0.8236	-0.9614	0.6935	0.2921	-0.2030	-0.1419	-0.0417	-0.0177	0.1021	1.1946	0.7650	2.0082	-0.3412	0.2654	-0.2461	0.1916	0.0440	0.0791	0.1700
-0.0738	0.7274	-0.5600	0.5131	0.8234	-0.4875	0.6320	0.4517	0.4071	1.4969	-0.4840	-0.5737	-0.1848	0.3895	0.5376	-0.4932	-0.7742	-0.1539	1.6517	-0.3724	0.6381	0.3026	-0.2278	0.5724	-0.1585	0.0190	1.0591	0.2160	1.4312	0.5814	-1.0603	0.5307	1.1726	0.1935	-0.2023	-0.7482	-0.7012	-0.9836	-0.1689	1.7912	0.2949	1.6761	-0.8184	1.0949	-0.6612	-0.2679	0.9833	0.2066	0.2239
0.7099	0.9275	0.3869	0.7164	0.3589	-0.3691	-0.2809	-0.8112	0.5118	1.7613	1.4593	1.1731	1.0673	-0.2239	-0.1917	-0.3835	-0.4832	-0.7190	1.5577	-0.9613	0.7346	0.6279	-0.3198	0.8220	-0.8139	-0.3813	0.6250	0.6983	1.2902	1.7582	0.2934	0.1665	0.2041	1.0344	0.5136	-0.2758	0.4318	-0.2462	-0.2702	1.2283	1.0536	-1.0514	-0.3662	1.8538	-0.8059	0.5976	0.0980	0.1177	-0.0284
1.7471	-1.0406	-0.0355	-1.0315	-1.7530	-0.6834	0.0005	-0.8371	-0.3668	1.0176	0.8738	0.6170	0.5573	1.0023	-1.0157	0.4592	-1.1121	-0.9411	1.6111	-1.9738	1.3632	0.5023	-1.1668	0.5864	-1.3888	-1.7040	-0.0746	0.9092	1.7944	0.3864	0.2260	-1.5340	-0.8494	0.3802	-0.2723	-0.8908	2.1432	-0.9470	0.1912	1.4618	-0.4230	-1.3248	-0.3749	1.9749	-0.8646	-0.1248	-0.4268	-0.8896	-1.1086
0.8507	-0.8473	-0.3938	-0.0354	-1.6536	-0.3695	-1.4469	1.1284	-1.4416	-0.4817	0.0304	-1.2719	0.6727	0.8111	-1.9187	0.3594	-0.8756	-1.4088	0.4506	-1.9090	1.2640	-0.7942	-1.4847	-0.1366	-1.4885	-1.5064	-0.8750	0.2797	1.4254	1.3974	-0.3727	-1.3182	-2.0815	-0.9926	0.4072	-0.7176	1.9606	-0.7278	0.4647	0.2694	-0.8093	-2.0885	-0.5299	0.2883	-0.0626	-0.2764	-0.2824	-0.9934	-1.1690
0.0476	-1.0884	-1.0872	0.4121	-1.8384	-0.9450	-0.3927	1.0046	-2.5812	0.3992	-0.0845	-0.6840	0.1080	0.7436	-1.5769	-0.6386	-0.7643	-1.5743	-0.7819	-1.6849	0.5051	-1.3355	-1.7961	-0.3315	-0.7717	-1.4932	-0.9426	-0.6391	0.4491	-0.2805	-0.1720	-2.2722	-2.8930	-2.1191	-0.2522	-0.9390	0.5580	-0.0992	0.6963	-1.4203	-0.8610	-1.8148	-0.2688	-0.5619	-0.5763	-1.0599	-0.0325	-1.3948	-0.8290
-1.6742	-1.7810	-2.0797	-1.0991	-1.4863	-2.0693	-0.5440	0.8293	-1.7065	-0.2985	-0.5233	-0.1949	-0.6283	0.0739	-1.2495	-2.0076	-1.0133	-1.9563	-1.4462	-1.5328	-0.2663	-1.7392	-1.5998	-0.4700	-0.1311	-0.6717	-0.4462	-1.8773	-0.0583	-1.3527	-0.9487	-1.9839	-2.4006	-1.6546	0.1695	-0.5046	0.1661	1.0427	0.2034	-2.5519	-1.5699	-1.2181	-0.1116	0.1097	-0.5241	-1.0768	-0.5083	-1.0229	-0.8469
-1.0875	-1.8597	-0.8776	-1.6540	-1.5375	-1.5989	1.7063	0.3868	-1.5707	-1.2350	-0.8502	-1.2083	0.4516	-1.2889	-1.4171	-1.1403	-1.2343	-1.2517	-2.3166	-1.3325	-0.5912	-1.7977	-1.7220	-0.7519	0.4750	-0.4288	-1.6001	-2.1948	-0.1817	-1.6280	-1.0015	-2.7922	-2.4204	-1.2174	0.3992	-0.1085	-1.0065	-0.3860	0.3546	-2.6296	-1.7097	-0.7596	0.6987	-1.0252	0.4336	1.3257	-0.0952	-0.8280	-0.9797
-1.6072	-1.0915	-0.8971	-1.1201	0.7576	-0.9865	1.1406	1.7932	-1.5159	-0.4903	-1.9131	-1.5708	-0.6665	-0.9433	0.0313	0.3426	-1.5245	-1.4911	-1.9804	-1.4863	-1.0261	-2.1166	0.1150	0.0897	0.4688	1.6248	-1.6980	-1.5093	-1.1026	-1.3175	-1.5190	0.0197	-0.8840	-0.6342	-0.1632	-0.2446	-1.4294	-1.5167	0.6082	-1.3076	-0.7941	0.3530	1.1489	-1.0711	-0.1285	2.1931	1.4242	-0.7546	0.3094
-1.6547	0.3993	-0.2128	-0.0746	0.1429	-0.3620	-0.0317	0.7059	-1.3702	0.0093	-1.2732	-1.4049	-0.5033	-1.1809	-0.0107	0.8047	-0.4448	0.3021	-1.4995	-1.2987	-1.1591	-0.9656	0.3892	0.0131	0.2535	1.2374	-1.5149	-1.0891	-0.7478	0.1166	-1.1562	0.4948	-0.0335	-0.6469	0.2977	0.4098	-1.9714	-1.1313	-0.1553	-1.0303	-0.1692	1.2509	0.2569	-0.8101	0.6209	1.5460	0.9653	0.2949	0.3048
-0.4619	-0.9097	-1.5022	-0.2183	0.2826	-0.4008	-0.3283	-0.8711	-0.8772	-0.1750	-0.9504	-2.3455	-1.3896	-0.5972	-0.6785	0.6745	-0.1495	-0.1205	-0.7935	-0.8730	-1.5230	-0.5972	-0.5098	-0.1111	0.2430	0.3290	-1.1508	-1.1410	-0.5041	-0.7114	-0.6739	-0.5182	-0.3971	-0.8747	-0.4277	0.4008	-0.7574	-1.0878	0.2168	-0.3455	-0.3273	1.4364	-0.0359	-1.2609	0.0302	-0.1132	0.6655	0.4024	-1.1188
-0.6380	-1.2415	-1.1858	-0.2970	-0.1153	-0.5593	1.7262	-0.3158	-1.1018	-0.9380	-0.1135	-1.5285	-0.2428	-0.7785	-0.9912	0.6272	-0.1891	-0.0152	-1.3193	-0.4028	-1.4471	-0.0812	-1.2966	-0.6022	0.5775	-0.3589	-1.2959	-1.1132	-0.2204	-0.6042	-1.1516	-0.8276	-0.7778	-0.4159	-0.1196	0.6820	-0.0912	-0.6219	0.3885	-1.3341	-1.4258	0.7638	0.3189	-2.2408	1.1335	0.1331	-0.9999	-0.3032	-1.3551
-0.9962	-1.9899	-0.3011	0.2495	-0.3958	-0.5231	1.9498	-0.7531	-1.0474	-0.3189	-0.3698	-1.2081	0.5612	-1.6802	-0.1440	1.0567	-1.2912	-1.3515	-0.8407	-0.7416	-1.7947	-0.3198	-0.7237	-0.0593	0.2469	-0.7621	-1.3458	-0.7336	-2.0251	-0.5493	-0.7444	-0.3515	-1.4220	-1.3413	-0.8117	0.4192	-0.7760	-0.5761	-0.7331	-2.2871	-1.6238	-0.3934	0.4518	-0.8637	0.3813	1.3056	-0.4782	-1.9882	-2.3373
-0.6917	-1.1365	0.8747	-0.6210	-0.8244	-1.2295	1.1210	0.1574	-1.4014	-1.5056	0.0040	-1.5127	-0.1338	-2.6489	0.0699	1.1907	-1.1776	-0.9905	-0.2206	-0.1966	-1.1618	-0.3040	-0.4985	-1.4633	1.1356	-1.0650	-2.7918	-1.0558	-1.0633	-0.3246	-1.0306	-0.5049	-1.1755	-1.7088	-1.2691	0.1516	-1.1201	-0.1712	-0.2860	-1.8638	-1.8353	0.7437	-0.7168	-0.9494	-0.0419	-0.5020	-0.8459	-2.7089	-1.2887
0.4316	-0.5820	0.6839	-0.3839	0.4224	-1.8950	0.6330	0.1551	-0.7304	-1.6333	-0.6504	-1.1910	-0.5194	-2.7657	0.5481	1.0392	-1.0394	-2.0677	-0.0729	-0.0896	-1.4219	-0.7755	1.0348	-1.4346	0.8337	0.0499	-2.5328	-0.7747	-1.0837	-0.6262	-0.5575	0.0629	-1.0426	-0.5394	-1.2602	-0.1345	-0.1479	-0.0934	-0.2809	-2.1770	-0.9872	0.3255	-0.0300	-0.2728	-1.5210	0.8906	0.8265	-2.6381	-0.8319
-0.2379	0.0823	0.5758	0.3377	-0.2944	-0.4896	-0.5879	0.0419	-1.1900	-1.2342	-0.3328	-1.3856	0.2434	-1.8070	0.7794	1.7507	-0.3941	-0.7933	-0.1326	-0.1408	-0.4417	-0.0866	0.0998	-1.3152	1.0701	-0.8422	-1.5120	-0.5233	-0.6467	-0.3656	-0.3802	0.0169	-0.6085	-1.0881	-0.2766	0.2292	-0.6892	-0.0443	-0.2689	-0.5742	-0.6949	1.0682	-0.8936	-1.2437	0.1264	-0.4288	0.2813	-1.3483	-1.3837
-0.0483	-0.5323	1.2785	0.9689	0.5384	-0.8503	-0.2966	-0.5291	-0.6499	-0.1956	-0.7634	-0.2472	0.2599	-1.3806	0.8104	1.0247	0.2448	-1.1022	0.3783	-0.0315	-0.5168	0.2107	0.0931	-0.4639	0.9060	0.4385	-0.9843	-0.0992	-0.9585	-1.1223	-0.4653	-0.0080	-0.4172	-0.5149	-0.5161	0.4685	0.0434	-0.1081	-0.0860	-0.3885	-0.2170	0.5054	-0.3939	-2.0066	-0.2481	-0.6713	0.5702	-1.4519	-0.6794
-0.0331	-0.4538	0.3685	0.4716	0.0318	-0.3752	-0.5793	-0.4436	-0.4887	0.2096	-0.2576	0.4409	0.2031	-1.2438	0.7402	0.5767	0.2603	-0.1199	0.0359	-0.3842	-0.0634	0.6117	-0.1023	0.1812	1.2371	0.6311	-0.4995	-0.2333	-0.3320	-0.2503	-0.2927	0.8426	0.4819	-0.9524	-0.3819	0.8534	-0.4032	-0.2469	-0.0737	-0.2145	-0.4039	0.9155	-0.0755	-1.3388	0.3170	0.5953	0.4960	-0.8847	0.1961
-0.0803	-1.0531	0.2829	0.1222	0.5710	0.6924	-1.1749	-0.9418	-0.2631	0.9403	-1.2100	-0.6052	2.3682	0.1366	0.3355	1.7114	-0.0833	-0.6619	0.5331	-0.5997	0.5544	0.6666	-0.8117	1.4229	0.7367	-0.6464	0.3586	0.2378	-0.4304	-0.2337	0.1144	0.6134	0.1889	-0.7669	0.4174	0.5760	-0.3705	-0.5626	-0.1493	0.2949	0.0392	0.6978	0.5430	-0.6581	0.7804	1.0351	0.6048	-0.7599	0.1956
-0.5347	-0.6442	1.1419	0.2871	0.2186	0.3677	-0.5952	-0.9758	-0.0538	-0.7441	-0.4622	-1.2737	1.9751	0.4684	-0.6219	0.2075	0.1455	0.9874	0.8567	0.0731	1.0185	0.7283	-0.9426	1.0944	0.0093	-1.9861	-0.4898	-0.5468	0.3346	0.9493	1.4469	-0.1181	-0.4541	-0.5394	0.7270	-0.1497	-1.7991	-0.8069	0.3629	-0.0824	0.5983	-0.2420	0.4050	-0.4410	0.9787	0.8170	0.9858	0.2907	0.5637
0.9286	-0.4356	0.1834	0.0229	0.7819	-0.7411	-0.7840	-1.5854	0.3809	-0.0471	-1.2849	-0.3907	-1.0266	1.3474	-0.2355	-1.9090	0.3651	0.6269	0.8293	0.1850	0.5752	0.5159	0.1841	0.8732	-1.0219	-1.2170	0.1320	-0.3260	0.5804	-0.3385	1.3194	0.5159	-0.1733	-0.4510	-0.4046	-1.0412	-1.0226	-2.3090	0.6614	0.7966	0.7509	-0.3580	0.3514	0.0294	-0.2471	-0.6827	1.8156	0.4767	1.4485
1.6979	1.0329	0.1332	0.5725	0.1593	0.1644	-0.4385	-1.6603	0.0863	-0.8404	-1.0917	0.3364	-0.6567	1.2813	-0.0902	-2.2905	0.7098	0.8119	-0.1325	0.4013	0.4024	0.4453	-0.2810	0.2279	-0.9507	-1.3916	0.0389	0.2131	0.7165	0.4898	0.3231	0.7894	-0.3779	-0.3802	-0.0577	-1.2009	-0.9525	-1.2386	0.5904	0.8261	0.8295	-0.9193	-0.0117	0.0042	0.0879	-0.1097	0.3833	1.0987	1.7572
1.3055	-0.0181	-0.0234	-0.8217	-0.5413	0.0789	-0.7772	-1.7565	-0.1207	0.1672	-1.0454	-0.4739	-0.5338	1.9379	-0.6126	-1.5527	0.2305	0.3007	-0.2916	0.0581	0.3511	0.4250	-0.2778	0.5741	-0.3564	-0.9467	1.1204	0.7780	0.4485	-1.2145	-0.1575	0.4789	-0.3245	-0.3706	-0.8887	-0.6691	-0.1846	0.0403	0.5588	0.9406	0.8626	0.5524	-0.2515	1.0825	-0.7677	0.6638	0.5651	1.3061	0.6145
-0.1658	-0.0556	0.5387	-0.2616	-0.3474	0.4787	-1.1161	-0.8916	-0.1797	-0.9984	-1.6049	-0.2798	0.6818	1.2845	-0.3259	-0.5748	0.2001	1.6798	0.2527	0.0106	0.8798	0.5268	0.3817	0.5490	0.6578	-0.2244	1.9434	0.7240	0.9848	-0.3957	-0.1835	1.1248	-0.3641	0.5659	0.1096	0.3360	-0.8007	-0.2959	0.2147	0.8803	-0.4284	1.1665	-0.9680	1.0012	0.3674	1.6240	-1.0286	1.6171	1.3347
-1.0514	0.3368	0.1092	0.0116	-0.1007	0.5842	-0.4786	-1.1301	0.2821	-0.1740	-1.5187	0.4191	0.1738	0.3029	0.2281	-0.2567	-0.1720	0.7798	-0.2704	-0.1647	-0.1568	-0.3143	0.6091	0.3897	0.1358	0.1232	1.4997	0.5099	0.0891	-0.4010	1.0143	0.5843	0.3893	1.0411	-0.3071	-0.2562	-0.3113	-0.9869	-0.6224	0.6675	0.0982	0.8978	-0.1099	0.9772	-0.0348	2.4812	0.2185	0.9592	2.1165
-0.6129	1.4565	-1.0813	0.1102	-0.1890	0.9477	-0.6473	-0.0809	0.2843	-0.1635	0.0828	1.1131	-1.1800	0.7247	-0.1475	0.1335	0.5615	0.4626	-1.1238	0.5954	-0.2331	-0.4258	-0.4648	-0.7109	0.1421	-0.0950	1.3241	-0.0395	0.6895	1.5179	1.1963	-1.5252	0.1304	0.1824	1.0459	-0.3491	0.6557	0.5833	0.2045	0.6207	0.8668	0.0373	0.3392	0.6451	0.9617	0.3299	0.0277	1.6003	2.2692
-0.5364	0.2498	-1.5963	0.4041	-1.1908	0.2209	1.3530	0.0349	0.5722	0.3730	0.2751	1.9147	-0.7474	0.2023	-0.1090	-0.3100	0.5237	-0.2856	-0.6049	-0.4324	-0.4676	-0.7041	-0.6475	0.3744	-1.0774	-0.5796	1.1818	-0.5535	-0.3970	0.3560	0.6939	-0.8783	0.2587	-0.0716	1.4650	-1.0422	1.1159	1.5070	-0.1527	0.3784	0.8390	-1.8411	0.4251	0.9046	0.0315	0.1560	1.1911	1.4640	1.2803
-0.2927	0.2929	-1.1023	-0.5724	-1.4351	0.7819	0.3821	0.9735	1.0390	-0.5962	0.0445	0.6619	-0.6406	0.2075	-0.8031	-0.5962	0.7742	0.4123	-0.5345	0.7120	-0.1339	-0.8451	-0.1141	-0.0404	-1.1009	-0.9675	-0.1392	-1.3517	0.0034	0.9937	0.6497	0.7131	0.5050	-0.3343	1.1018	-1.1888	0.2172	0.9570	0.3943	0.9238	-0.1038	-1.9222	-0.5401	0.9810	-0.0023	-0.6172	1.1564	1.5149	1.3181
-0.4281	-0.0431	0.0250	-1.1739	-0.9844	0.2423	0.3108	0.9133	0.8551	-0.9843	-0.7238	0.5715	0.7283	0.6918	-0.8620	0.3935	-0.2172	-0.5893	0.6402	0.8328	-0.2260	-0.8217	-0.2611	0.3176	-1.2350	-1.2311	0.4072	-0.6506	-0.2581	-1.0468	0.8587	-0.2069	-0.3887	0.0962	1.4251	-0.6488	0.2338	0.8810	0.3213	0.7485	-0.7306	-1.9448	-0.8124	-0.1871	-0.6929	-2.3726	0.5821	0.5401	-0.1315
0.3330	0.3530	-0.3152	-0.7097	-0.0799	0.6258	-1.8472	0.7582	0.6563	-0.7340	-0.6273	0.7650	1.2261	0.8904	-0.3306	0.0474	-0.6472	-0.1287	-0.1703	0.6086	-0.2453	-1.0794	-0.1033	-0.2945	-1.3644	0.8221	0.6872	-0.4982	0.3989	-0.7982	1.0711	-0.4066	-0.5612	0.6194	1.9389	-0.1896	-0.0362	-0.3734	0.5229	-0.2147	-0.4051	-1.9943	-1.0870	0.7434	-0.7066	-2.1401	1.6664	0.1859	-0.6976
0.0980	-0.3379	-0.0802	-0.7553	-0.1895	-0.5927	0.4458	0.3433	0.5699	0.5419	0.0942	0.5472	1.1135	1.3005	0.4859	-0.9009	-0.0952	0.3933	0.2948	0.4358	0.3387	-0.3824	-1.2658	-0.9636	-1.2846	0.6138	0.5686	-0.7299	0.8103	-1.5863	1.0741	0.1014	-0.3709	0.4302	1.6527	-0.3355	-0.8879	0.4294	-0.0880	0.5557	-0.2035	-0.5267	-0.9715	1.1451	-1.2634	-2.2841	1.2374	0.0963	0.1751
-0.1076	0.8074	0.3041	-0.7125	0.3829	0.3802	-0.2964	0.9961	0.9830	0.0954	0.4246	-0.4532	1.0393	0.8312	-0.7612	-1.3802	0.1669	0.3631	0.4306	0.9774	-0.0253	-0.2831	-0.8870	-0.8606	-1.3186	0.9621	0.6723	-0.5179	0.8255	-0.0841	1.0162	-0.4895	0.2569	0.7204	1.5247	0.2706	-0.6732	0.8511	-0.4227	1.0009	0.7231	-0.9556	0.0853	1.3865	-1.2173	-0.8995	-0.3016	0.6596	0.1582
0.7988	1.3252	-0.5351	-0.3017	0.1777	-0.0393	0.2928	1.1208	1.5309	0.4222	0.5264	1.3044	-0.2741	1.8539	-0.9133	-1.6404	-0.5304	0.9666	0.5553	0.4363	0.8097	-0.2196	-0.4552	-0.1557	-1.7484	0.1154	0.0204	-0.6301	0.9824	-0.7616	0.5309	-0.4355	0.8012	1.5861	0.8515	-0.6452	-0.4879	0.3773	-0.6690	1.2481	0.0357	-0.9971	0.0136	1.3172	-0.8205	-0.8055	-1.2073	0.4260	1.4730
-0.9693	1.1981	-0.2267	-0.0557	-0.5100	-0.1076	-1.1881	1.4891	1.1644	-0.5889	-0.2965	0.5107	-1.4726	1.1389	-0.8157	-1.8611	-0.8877	0.3342	1.3686	-0.1274	0.7564	-0.6720	0.0403	-0.2969	-1.6508	-0.3849	0.9208	0.2847	0.7053	0.0774	-0.4462	-0.2666	1.1612	0.9612	1.3551	-1.2168	0.2999	-0.3681	-1.4864	0.0564	0.2138	-0.6678	-0.7215	0.3986	-0.4453	-1.0561	-1.6865	0.6752	0.6587
-0.6616	0.6690	-0.7038	-0.4580	-0.8027	0.1653	0.0616	0.3854	0.0764	-0.0358	-0.3486	0.4524	-1.9921	0.8074	-0.5161	-0.9178	-1.0432	1.3680	1.2561	0.7419	0.5231	-0.3195	-0.5286	-0.1923	-1.0566	-0.6090	0.7103	0.1109	0.9965	-0.2620	-0.0104	-0.8083	0.4529	0.6351	0.4427	-2.0536	0.0185	-1.3692	-1.8991	-0.5284	0.2375	0.3674	-1.4543	-0.2295	-1.2263	-0.8079	-1.9787	0.7224	0.9604
-0.9328	-0.2780	-0.1850	0.4112	0.3851	0.2641	-0.0723	0.3488	0.6383	-0.7216	-1.2272	-0.8560	-0.4630	0.4973	0.1282	0.1845	-1.1096	0.9883	1.2258	0.2925	0.3053	-0.4308	0.3360	-0.3886	-0.2445	-0.0657	1.8543	0.7681	0.4932	0.1972	-0.1538	0.6844	0.0149	0.2223	1.1814	-1.5126	0.0099	-0.9439	-2.4143	0.0566	-0.1178	0.6250	-2.0909	0.3461	-1.2903	0.3595	-1.5211	0.8085	1.1521
-0.2714	0.0886	0.9173	0.3866	0.3836	0.2425	0.9506	0.8289	0.8684	1.0437	0.6266	0.9578	-0.0254	-0.9457	0.3398	1.1619	-0.4686	1.7529	0.8631	0.2525	0.6719	0.5176	0.4905	-0.6768	0.5464	0.3946	0.4345	-0.0743	0.1520	-0.2279	0.0245	0.6789	0.2381	0.6509	0.9525	-0.6701	-0.8227	0.2225	-1.4823	0.3601	0.1760	0.6910	-0.9637	0.5136	-0.7375	0.8553	-1.2121	1.0338	0.3453
-0.6145	-0.3394	-0.5492	0.2110	1.1801	0.9435	-0.0776	1.2925	0.8331	0.4111	0.6401	0.5549	-0.6127	-1.0815	0.1959	1.1155	0.1286	0.4237	-0.0267	0.0523	0.5214	0.5182	0.1371	-0.9751	0.4979	-0.0686	0.3616	0.2754	-0.4059	1.2956	-0.5977	0.1807	0.6795	0.6551	-0.0920	0.0959	1.2231	-0.0253	0.0284	0.5158	0.5315	0.1131	-0.0583	0.4469	0.3618	0.0153	-1.3315	0.6588	-1.0733
-0.6423	0.1826	0.5420	-0.4385	-0.0602	0.2047	0.8619	0.2264	0.1682	0.2362	0.7724	1.0326	0.2080	-0.8389	-0.1678	1.7361	0.6152	0.3102	-0.4328	0.3368	0.2712	0.6619	-0.5974	-0.4671	0.3036	-1.1012	0.2889	0.3421	-0.8151	0.4194	-0.8787	-0.8059	0.0131	-0.3110	-0.4212	0.9958	1.0338	-0.1603	0.9681	-0.2437	-0.2043	-0.5872	0.1760	-1.0871	1.2848	-0.0847	-0.6975	-0.0699	-1.1464
0.3082	0.3566	-0.5619	-0.3659	0.1361	0.0576	-0.8422	0.5188	0.2072	-0.2393	0.6057	0.7799	-1.2463	-0.8024	0.3114	1.7979	0.2512	-1.0748	-0.5742	0.6460	-0.4469	-0.2422	0.7500	0.1010	0.0420	-0.0593	-0.7020	-0.4184	-1.9115	-0.0680	-0.5774	1.0687	-0.3176	0.1468	-1.6240	0.2466	1.2863	1.0438	0.2986	-1.2593	0.0044	-0.9979	0.7870	-0.7345	0.2616	0.3334	1.1183	-1.5062	-0.5372
-0.1716	-0.1183	0.0381	-0.5940	-0.2415	0.1063	-1.1059	0.9998	-0.3439	-0.2775	0.1958	-0.3354	-0.7044	-0.2066	0.3640	1.2834	0.5497	-0.1163	-0.9722	0.8760	-0.8704	-0.0726	0.2001	-0.6053	0.2972	-0.2210	-1.8403	-0.8935	-1.2313	-0.3422	-0.5442	0.4216	-1.0679	-0.2195	-1.7105	0.0313	0.2739	0.4505	-0.1149	-1.2848	-1.0546	0.4155	-0.4363	-1.2196	0.3912	-1.2161	0.5440	-2.0238	-0.0233
-0.3828	-1.0065	0.8168	0.1492	0.5702	0.0408	-1.3864	0.7737	-0.1522	-0.1749	0.1952	-0.4900	0.2515	-0.1672	1.1747	0.3184	0.9415	-0.3008	-0.8717	0.2890	-1.1094	-0.2523	0.8576	-0.5136	0.2138	1.6703	-1.0557	-0.3678	-1.3396	-1.3473	0.2637	-0.2298	-0.8162	-0.6441	-2.2946	0.4846	-0.4679	-1.7281	0.0480	-1.0560	-1.5271	0.3529	-0.4279	-1.0813	-0.4262	-1.3596	1.6109	-2.4434	-0.9096
-0.6547	-0.3799	2.3044	0.6187	1.5616	0.7570	-0.4641	0.0882	-0.1530	-1.1944	0.2777	0.3313	1.0172	0.0971	2.1488	-0.1267	2.1191	0.2985	-0.1585	1.0425	-1.3756	0.4885	0.6214	-0.7904	0.8584	1.7787	-0.3673	-0.0078	-0.9448	-0.0809	0.5740	0.5851	0.5135	-0.6524	-0.9530	1.2363	-1.5081	-0.0535	0.2678	-0.7685	-1.4223	0.3821	-0.2046	-1.2026	0.6122	-0.8290	-0.1155	-1.5711	-0.4747
0.2687	-0.2183	2.6722	1.6011	2.3380	0.0401	3.1610	-0.7603	-0.0030	0.4514	0.4020	0.5697	0.7484	-0.7250	1.7084	0.4028	1.4195	-0.9854	0.5831	0.8809	-1.5535	0.5688	0.3999	0.0847	-0.0671	1.4232	-0.8285	0.1217	-1.3516	-0.5693	0.6934	0.2723	0.8715	-0.3322	-0.7815	1.2056	-0.9023	1.7484	0.3604	-0.4617	-0.1392	-0.5608	1.0162	-0.4856	-0.2352	1.0678	-0.0376	-1.3642	-1.2229
-0.1835	0.2256	1.2687	1.9119	2.4179	0.2226	-0.8390	-0.3666	-0.4413	0.5783	1.5619	0.3391	-0.1314	0.0190	1.2288	-0.0322	0.8339	-0.9176	-1.5483	0.7999	0.2025	0.7481	1.5740	0.1349	-0.4256	1.9843	0.4058	1.3085	-0.9194	-0.0633	-0.4300	0.3892	2.2101	-0.0662	-1.9672	1.3165	0.3533	1.1431	1.1948	0.2340	1.1080	0.0708	1.6869	0.7532	0.2914	1.1734	-0.0039	-0.7772	-0.4514
-0.4084	0.8639	2.9769	1.5525	1.0648	-0.0983	1.1827	-0.6458	-1.1628	1.3929	1.7074	0.4559	0.9490	0.3971	1.1496	-0.9624	0.9804	-0.4948	-1.7038	0.8415	0.9431	1.2805	0.7572	0.6227	0.2715	0.2211	-0.1689	1.1849	-0.3352	0.7360	-2.0505	0.2192	2.1954	0.3056	-2.0568	0.6868	1.6675	1.0694	1.7281	-0.0933	0.7646	0.8997	1.7569	-0.4716	0.2324	0.8666	-1.5625	-0.4359	-0.6635
-0.7950	-0.2633	1.1871	0.8989	0.9579	0.6343	0.8166	-0.6366	-1.1150	0.2823	0.6855	0.5211	0.2217	-0.4782	0.3863	-1.7263	0.7760	-1.8039	-1.3668	0.4601	0.2593	0.4519	0.2144	1.5576	0.7292	-0.4485	0.3714	0.8940	-0.5307	0.8695	-1.9823	0.2703	1.5833	0.2834	-2.0289	0.8637	2.2316	0.6423	1.6014	-0.7741	0.4758	0.1716	1.6682	-0.4530	0.0648	1.9463	-1.3665	-1.1897	-1.6559
-0.1654	-1.2127	-0.5023	-1.0010	0.1795	0.7551	0.1797	-0.0609	-0.8636	-0.1422	0.5237	0.0851	-0.8182	-1.1777	-0.7856	-1.0882	0.7420	-0.3164	-0.3450	0.8451	0.3588	0.7232	-0.3159	0.8712	1.4315	-1.0265	-0.0541	-0.0018	-0.7171	-0.5876	-1.3635	0.2790	1.0861	0.5986	-1.4633	0.9248	0.4406	-0.2929	0.6995	-1.3089	-0.3517	1.3961	1.0208	-0.6791	0.6516	0.8384	-2.0351	-1.8740	-1.1397
0.2809	-0.6566	-1.0318	-1.1707	-0.2623	0.6672	-0.9462	-0.3621	-0.2671	-0.5059	0.6978	-1.9706	-1.2770	-1.3184	-0.9452	-0.2254	0.2769	-0.6794	0.2243	0.5808	0.2405	-0.0557	0.4686	-0.5296	1.6663	-0.0823	-0.5902	0.3565	-0.8070	0.1471	-0.5527	-0.4678	-0.1825	0.4996	-0.2258	0.4569	-0.4657	0.1869	-0.4822	-0.9957	0.2176	1.4974	0.8816	-0.6997	0.5673	0.3140	-0.5817	-0.9619	-1.6651
0.7629	1.0131	-1.2487	-0.3387	-0.4152	0.4537	-0.0747	-0.4008	-0.2525	0.3693	1.0413	-0.7961	-0.4254	-0.0509	0.4714	1.5825	0.1239	-0.2427	-0.0265	1.0006	1.0875	0.3524	0.2315	-0.8448	2.1662	0.8613	-0.2913	1.0137	-0.0940	-0.2797	-0.2201	0.4984	-0.1761	1.0241	0.6439	0.2952	-0.7516	0.9295	-0.2274	0.1761	0.9013	1.9012	0.5048	-0.7070	1.2228	-0.6549	-0.2401	0.0804	-1.1541
0.3857	0.6541	-0.5825	0.8228	0.4099	0.0816	-2.2362	-0.2971	0.6617	0.9324	-0.2025	-0.4960	0.1520	0.0503	0.5083	0.9160	0.7025	0.1679	0.6234	-0.4250	1.1323	0.3789	0.6305	0.7263	2.1579	1.7202	1.1140	1.1605	-0.1997	0.1076	-0.3634	0.6270	-0.1437	1.3501	1.4197	1.1458	0.4054	-0.0511	0.2158	0.8266	1.1676	2.1226	0.4189	0.0094	1.0024	0.4784	0.3060	0.5045	-0.9982
1.8632	1.0742	-0.4807	-0.1520	1.1273	0.4854	-1.2005	-0.3382	0.6059	1.2818	0.6626	1.3943	-0.4245	0.6033	1.2521	0.7902	0.9927	1.7494	0.5448	0.5322	0.8145	0.9260	1.2848	0.9658	2.3210	1.8252	0.2261	1.0512	0.1690	-1.0553	0.6247	0.7981	0.3341	2.4720	1.0187	1.5225	-0.5763	0.2260	0.8184	1.5299	0.9828	1.1823	0.9961	0.0798	0.9049	0.7111	0.4558	0.9987	0.5229
1.3602	1.0255	-0.7207	0.4458	1.0250	1.5270	-1.5108	-1.6749	0.8366	0.3140	1.0080	0.5385	-0.4400	0.5345	0.4561	0.7333	0.9843	1.3516	0.9693	0.0617	-0.0733	0.8132	0.6999	0.3791	1.5544	1.3022	-0.4764	1.4439	0.8534	0.8362	1.1729	0.2526	0.5531	2.4406	1.1528	1.8297	-0.3409	1.0511	0.8943	1.5617	0.8286	-0.1831	1.5562	0.6998	0.9789	0.8245	0.4677	1.1497	0.0658
2.4539	1.3991	-0.4875	0.5066	0.2011	1.4912	-0.6082	-1.9824	0.6291	0.9288	2.0206	0.1353	0.8550	0.5378	-0.3137	0.9573	0.1741	2.0359	0.5697	-0.6628	0.6478	1.1035	-0.6304	0.7941	0.8897	0.1506	-0.5108	0.9356	2.6761	2.3632	1.4992	-1.3038	0.2477	-0.1684	1.4423	1.5575	0.3962	-0.6026	1.0839	2.1111	0.9517	-0.4135	1.0536	0.9684	0.9379	-0.0561	-0.4584	1.2146	0.2690
1.8477	0.4084	-1.4427	0.9352	1.1171	-0.4354	-0.8875	-0.5476	1.2763	0.0280	0.6771	-0.6786	0.2347	0.5419	-0.0874	-0.2363	-1.2359	-0.1290	1.0941	-1.4523	0.3591	0.1510	0.2337	0.8102	-0.6707	0.0484	0.0347	0.7663	2.6599	2.1990	0.4120	-0.4452	0.0913	-1.6068	0.7815	-0.2182	1.1542	-0.0669	0.2053	1.4358	0.5658	-0.5661	-0.0387	2.0080	-1.0617	-0.5699	0.2753	0.4528	0.8364
0.9700	1.4998	1.6516	2.0218	0.1658	-0.3872	-0.4572	0.1667	1.1906	-0.4074	-0.2948	-1.3993	0.9725	0.6348	0.3148	-1.0834	-0.5830	0.0690	1.2445	-0.1585	1.0365	0.4028	1.7132	0.6806	-0.5600	-0.0591	1.8296	1.7192	2.5510	2.2221	0.3473	-1.2325	0.5213	-1.1729	1.4156	-0.2130	-0.0608	-0.8270	-0.2944	1.1056	0.3225	-1.0823	-0.7323	1.4481	-0.0456	-0.0232	-0.4445	1.6692	1.6292
0.6710	0.8915	1.9683	0.6197	-0.4070	-0.3344	1.0515	-0.5573	1.5298	1.7880	0.6188	-0.0468	0.4691	0.8640	0.5329	0.1620	-0.2417	-0.1806	0.6926	-0.4347	0.6883	1.3187	1.5161	1.2618	-0.3992	-0.2867	1.7517	1.4444	1.6067	0.1273	0.4155	1.1151	0.6917	0.6063	0.0230	0.1714	0.4275	0.3312	-0.2766	0.3825	0.7341	-0.5110	-0.8195	1.5708	0.2930	0.8817	-0.1595	1.9029	0.1254
-0.2353	0.1464	0.2925	-0.1786	-1.2139	-0.6344	0.9303	0.9001	0.4557	1.5631	2.2111	0.3907	0.9602	0.2978	-1.2909	0.4762	1.0393	0.0624	-0.4640	-0.1754	1.2558	1.3045	-0.0962	1.2260	0.4749	-0.4924	0.1459	0.0831	1.3639	0.8019	0.0680	1.5499	-0.4881	0.1719	0.4742	0.9062	2.0086	1.6482	0.2308	-0.7900	0.9877	-0.2004	-0.4985	0.1615	1.1372	-0.4885	-2.3779	2.2293	-1.6529
-0.0118	-1.1687	-1.6070	-0.0649	-1.0932	-0.9838	1.1309	1.0213	0.1544	0.1737	0.0144	1.3574	0.4336	-0.0715	-1.5892	-0.0415	0.0763	-0.2924	0.1279	0.5882	0.6451	-0.1392	-0.1112	0.0192	-0.2008	-0.3620	-0.3766	-0.3789	-0.2070	-0.7990	0.8511	1.3023	-0.8333	-0.1684	-0.9489	-0.2359	1.2111	-0.0198	-0.1679	-1.3236	-0.7126	-1.3308	0.9334	-1.1088	-0.0433	-1.0635	0.0283	0.7420	-1.0141
0.0538	0.0309	-1.5055	-1.7300	-0.2767	-0.2273	-0.8835	1.1863	0.1217	-1.0634	-0.6256	0.7347	0.3701	-0.9224	0.2878	-0.0493	-0.2221	-1.1247	0.2680	1.0114	-1.1931	-1.1302	1.4128	-1.6785	-0.7355	1.0405	0.0580	0.1768	-1.3770	-0.9349	1.4044	2.3521	-0.1949	1.1481	-1.2708	-0.8825	0.4209	0.2740	-0.8508	-1.2665	-0.0614	-1.5696	1.2896	-0.6421	0.0586	-0.0187	2.1694	-0.6259	1.8061
0.6609	0.2225	0.6841	-1.1007	-0.9319	-0.1144	0.6606	0.9746	0.1388	0.4813	-0.3553	0.9863	1.2018	-1.1870	0.5799	0.2534	0.5998	0.0506	0.3143	0.9313	-2.2825	0.0491	1.1222	-1.8210	-0.4430	0.5074	-1.0465	0.0113	-2.1833	-1.3759	1.8980	0.4974	-0.3600	0.2598	-1.9531	-0.2868	-0.3220	0.7702	-0.6625	-0.0130	0.2464	-0.6052	0.9015	-1.3184	-0.2772	0.4027	1.9573	-0.9739	1.7278
-0.6099	-0.7663	0.7097	-0.0795	0.2686	0.2415	-1.3487	1.3030	-0.3115	-1.4670	-0.3486	0.7246	1.1205	-0.3734	-0.2213	0.2206	1.2730	-0.1894	-0.0742	0.4213	-1.3813	0.1638	0.3016	-0.8082	0.0651	0.6410	-0.2892	-0.1386	-1.3261	-0.3428	1.3156	0.3354	0.1730	-0.7147	-1.3675	1.2250	-0.2457	0.3779	0.3412	-0.0020	0.2802	-0.3444	0.7717	-1.0491	0.4376	-0.2840	0.6068	-0.0878	-0.7047
0.2934	-1.5666	-1.0285	0.4708	-0.5163	0.2504	0.4025	1.3506	-1.0066	0.1255	0.4710	2.6041	1.0022	-0.2329	-0.8416	0.3735	1.0570	-0.7827	-0.8796	-0.7135	-0.5868	-0.2210	0.4519	0.0188	0.3480	0.4558	-1.2364	-1.0315	-0.9528	-0.4612	-0.1974	-0.8678	-0.1485	-0.9873	-0.3617	1.4833	-0.1526	0.3398	0.5211	-0.5252	-0.6713	-0.3510	1.0783	-1.2470	0.2795	0.9752	-0.0902	-0.3905	-1.6284
-0.1637	-1.2992	-1.2965	0.0586	-0.1707	0.5632	0.0530	2.1046	-1.1663	0.1216	-0.5784	1.5584	-0.6267	-0.4546	0.0481	-0.1669	0.2923	-1.0423	-1.4583	-1.5691	-0.5536	-0.9706	0.2885	-0.4514	0.9250	1.0407	-1.0394	-1.0526	-1.1829	-1.1328	-1.2729	-0.9744	-0.0415	-0.8302	-0.1884	1.1985	-0.5105	-0.0747	0.6653	-0.8024	-0.9423	0.0442	0.8146	-0.5600	0.5033	1.1559	0.7215	-0.7545	-2.0965
-0.2217	0.6214	0.5458	-0.7676	-0.0310	0.5356	0.2050	2.4908	-1.1833	-0.4445	0.1640	-0.2747	-0.9566	-0.4451	1.5914	-0.2319	0.7673	0.1701	-1.0405	-0.4462	0.3982	-0.0106	-0.2683	-1.0122	1.4204	1.0396	-1.0532	-0.8430	-0.8447	-1.1832	-1.8728	-0.2207	1.1475	-0.4217	0.1479	1.4104	-1.4136	1.5653	0.4888	-0.0623	-0.3561	1.1635	0.4207	-0.3335	1.3224	1.0194	0.3449	-0.3979	-0.0925
-0.5935	1.0913	1.0232	-0.1215	0.0419	0.6833	-0.2244	0.7356	-0.1275	1.0600	0.3295	-0.0231	0.3094	-0.5368	1.9797	0.6985	0.4788	0.1880	-0.6489	-1.1352	0.0176	0.5454	0.2037	0.0485	1.3254	0.1370	0.5062	0.1844	-0.8112	-0.0996	-0.9754	0.0675	1.2365	-0.0465	0.7478	1.6193	-0.6242	2.1374	0.2650	0.2010	0.6263	1.0802	0.4639	0.9037	1.0840	1.4053	0.5023	0.3964	0.1835
0.1628	2.4099	-0.9090	0.3253	0.4997	1.6774	0.3964	0.0207	0.5175	0.9071	1.1037	1.4400	0.9139	-0.0893	0.5494	2.0339	-0.4551	1.2794	-0.7498	0.0493	0.6878	0.6745	-0.0564	1.5306	0.9200	-1.0469	1.0103	1.0617	0.5542	1.8992	-0.6181	-1.2687	0.8077	1.4155	1.9062	1.4529	1.3920	1.6163	1.1056	0.5160	1.5436	0.6411	0.8572	0.6048	2.1162	-0.2308	-0.8816	1.1726	0.1095
0.0911	0.7786	-0.9120	0.5421	0.7153	-0.8000	0.3532	-0.6662	1.0018	-0.4723	1.1014	1.1414	-1.6815	-0.5789	-0.3895	0.6174	-1.5287	0.3484	-0.0909	-0.8335	1.1925	-0.0212	0.0219	1.1121	-0.3802	-0.9397	1.1011	1.2106	0.4597	1.5576	-0.7990	-1.0097	1.3115	0.5407	1.9086	-0.2992	2.4625	0.4712	0.2960	0.5794	1.7372	0.2993	1.7293	1.0222	0.0930	-0.1201	-0.5616	0.8249	-0.3840
0.3919	0.1250	0.0495	0.8544	-0.4598	0.2367	-1.0301	0.3438	0.9019	-0.7870	0.8631	0.6744	-2.6869	0.3768	-0.2614	-0.1092	-1.4473	0.7753	0.5504	-0.2775	0.9698	-0.2747	0.9758	0.0069	-0.6499	-1.0008	1.0043	1.4998	0.3751	2.6838	-0.0850	0.7399	-0.2298	-0.9994	2.4846	-0.8111	1.9748	-0.2319	0.1577	0.7594	0.0875	-0.1190	0.7592	1.0480	0.0017	-0.6697	-1.8056	0.8742	1.4651
1.3712	-0.1385	-0.1570	1.2593	-1.2152	0.8494	1.5091	-0.6747	-0.6456	1.2914	-0.7273	0.4965	-0.9860	1.2610	0.3736	0.0418	-0.9862	0.3181	1.8933	-0.5936	2.0063	-0.0482	-0.1288	1.0976	-0.7135	-1.3857	-0.2712	0.8423	1.8701	2.5886	-0.4602	0.2160	-1.3907	-0.9707	1.7382	-1.5852	1.2527	-1.1101	0.4084	0.5513	-0.7316	-0.6689	-1.5675	1.0843	-0.7147	-1.9510	-1.4439	0.2732	1.6556
1.3298	-1.1917	1.1215	0.9372	0.3399	0.3110	2.6010	-2.3874	-0.3731	1.0134	-1.8454	-0.7942	0.9896	2.0823	1.1036	-0.0589	-0.3270	-0.0913	2.5664	-0.8470	1.1362	-0.1441	-0.9251	1.4185	-0.5676	-0.4264	-0.1053	0.6823	1.3768	0.6694	0.1209	0.6394	-0.4836	-2.0275	-0.4509	-1.5393	-2.0490	-2.5550	0.0544	1.5442	-0.8466	0.0474	-2.3966	1.3717	-1.9243	-2.8071	0.5601	0.2507	0.6771
1.2655	0.8729	1.5691	0.0589	1.0739	0.6630	1.5078	-1.7191	0.2107	1.4682	0.7982	-0.4183	1.0188	1.8986	2.4059	0.2605	0.1639	0.5315	1.6317	0.1902	0.1857	0.9245	-0.1038	1.6386	0.0743	0.5627	1.3107	1.5771	0.9057	0.4122	0.5039	1.0411	0.8715	-0.4672	-0.0900	-0.3935	-1.6156	1.0790	-0.6176	1.6584	1.4925	0.0262	-1.0984	1.5624	-0.8825	-1.6633	0.0468	0.9091	0.5068
0.4886	0.8917	1.0499	0.6144	-0.1861	0.4994	1.6199	-1.7510	0.5205	1.5082	0.6842	-0.5821	1.4641	1.7980	1.3390	-0.7961	0.6255	1.9904	0.5080	-0.8815	0.1846	1.6410	1.1338	2.6578	0.2905	-0.9440	2.1332	-0.0200	1.5378	1.2577	0.3326	0.5464	0.5515	0.1946	-0.1275	-0.9574	-0.4894	-0.5260	-0.4146	1.3994	0.6110	1.5861	-1.3558	1.5335	-0.4136	3.0658	-0.4265	1.6703	1.0940
-0.1504	-0.7120	-1.1204	0.0041	-2.2885	0.4599	1.5222	-1.7639	0.1576	1.3818	0.5587	-0.2952	-0.1046	0.4249	-2.1370	-1.4389	0.7793	2.7106	0.3131	-1.2868	0.7267	1.4607	-0.9761	2.2381	-0.1188	-2.0449	2.3278	-0.9814	1.5218	-0.0143	-0.0913	-1.3775	-0.0851	0.7192	-0.4013	-1.1381	1.6996	-1.6706	-0.3510	1.3146	0.1675	1.1423	-1.1593	-0.2254	0.2180	0.3902	-1.0760	1.4889	0.1837
-2.0754	-2.2659	-0.7542	-1.9226	-4.0702	-0.2303	0.7763	-1.5570	-1.2050	1.0071	-0.2651	-2.8130	-0.1128	-0.8349	-3.7217	-1.6524	-0.1914	1.7000	-0.5381	-2.4642	0.2391	0.0346	-2.2123	0.9317	-0.8415	-2.8824	1.3816	-1.4189	0.2810	-0.3330	-1.2226	-2.9427	-1.2576	-0.6999	0.3928	-1.2780	2.1824	-1.1118	-0.0577	0.4714	-0.6924	0.3329	-1.0153	-1.9303	0.7579	-1.3094	0.0952	0.6167	-1.3772
-2.1426	-3.3313	-2.3554	-2.1358	-3.5263	-1.9387	-0.1355	-0.7041	-2.0825	-0.3092	-1.7626	-1.4874	-1.4235	-1.0862	-3.3218	-2.6461	-1.9757	-0.3124	-2.2514	-3.7381	-0.6857	-1.8716	-2.3320	-0.3180	-1.7902	-1.7672	0.1793	-3.1516	-0.9830	-1.0855	-1.9701	-2.1158	-3.2941	-1.9733	0.1991	-1.9061	1.1305	-1.0109	0.1708	-1.7744	-2.3478	-0.6249	-1.3046	-1.2147	-0.6600	0.1374	1.0482	-0.6854	-0.9188
-2.1666	-2.8429	-1.8614	-1.7512	-1.7107	-3.5575	0.7725	-0.3320	-2.2722	-2.3803	-3.0909	-2.3513	-0.2383	-1.6160	-2.4718	-2.3748	-3.2919	-1.9249	-2.4352	-3.4214	-1.4541	-2.6932	-3.0167	-0.9052	-2.2592	-1.5165	-0.8649	-3.7178	-2.1562	-2.3527	-2.0320	-1.0365	-3.5435	-2.9714	0.4764	-2.3332	-0.5081	-2.0502	-0.7821	-2.3629	-2.7672	-0.7757	-2.7885	-2.1780	-1.3748	0.0790	1.6524	-1.5205	1.1096
-1.9767	-1.3266	-1.1603	-3.0039	-1.2440	-4.3336	1.2349	-0.2345	-2.1657	-2.4034	-3.2740	-2.8118	-1.6433	-3.3546	-1.5081	-2.1640	-3.3498	-2.0865	-2.2613	-1.6377	-2.3732	-3.0082	-2.0906	-1.8508	-2.1826	-0.3974	-2.3799	-3.2501	-2.0131	-3.1940	-1.3835	-1.9689	-2.2247	-2.2239	-0.9285	-2.4241	-0.9190	-2.7513	-1.0388	-2.3065	-2.0334	-0.3385	-2.4827	-2.4089	-2.3703	-0.1054	2.3092	-2.5576	2.0960
-1.7662	-1.6110	-1.4350	-2.8581	-1.5759	-3.2009	-0.3403	0.1242	-1.6834	-1.8529	-3.3000	-1.8744	-2.0320	-2.6104	-1.4228	-1.0321	-2.2633	-2.3482	-1.0991	-0.5873	-2.4519	-2.9599	-1.5618	-2.5632	-1.9179	-0.0721	-1.9804	-3.1081	-1.0396	-2.0318	-1.1928	-1.2234	-1.3386	-1.3510	-1.2939	-2.2553	-1.4360	-1.0007	-1.2155	-1.6341	-2.0934	0.4688	-2.2729	-1.0254	-2.2258	-0.8350	0.7371	-2.3142	1.1417
-0.7814	-2.3012	-0.6712	-1.0482	-0.9260	-2.1002	0.4751	0.2182	-0.9138	-2.2722	-3.1361	-1.2409	-0.1196	-1.8934	-1.2735	-0.2461	-1.9454	-2.5263	0.0704	-0.0625	-2.5826	-2.9265	-1.8207	-2.8934	-1.9285	0.1805	-3.1315	-2.0885	-1.2909	-1.2089	-0.7553	-0.3360	-2.1217	-0.6983	-1.2248	-2.0187	-2.5028	0.4327	-1.2766	-1.1399	-2.4503	-0.0081	-1.1632	-0.4781	-2.0711	0.3484	0.7217	-1.9601	-0.1268
-0.5975	-1.1996	-1.2410	0.1676	0.0567	-0.2743	-0.6046	-0.0945	-0.6669	-3.6565	-2.9481	-0.9743	0.5180	-0.6725	0.4556	0.7909	-2.4522	-1.2230	0.0873	0.4383	-1.5688	-2.2894	-0.2877	-2.7850	-1.5119	1.5975	-1.9976	-0.6991	-0.8255	0.4356	-0.2464	0.9220	-1.2162	-0.7580	-0.9821	-1.3560	-2.6969	-1.5493	-1.6083	-0.5674	-2.1333	0.1942	-1.8956	-0.2721	-0.4151	0.5970	1.5631	-1.0972	1.3041
-0.2071	0.0906	-0.4203	0.6479	0.9165	-0.8318	0.0204	-0.9036	-0.5197	-2.0154	-0.9449	-1.7734	0.8234	0.4903	1.5530	0.9715	-1.4813	-1.2922	0.5202	1.3198	-0.8475	-1.0517	-1.0698	-1.5460	-1.0357	1.5342	-1.0207	0.0468	-0.5146	-0.8344	0.2994	0.3915	-0.3320	-0.0804	-1.3130	-0.4346	-3.0066	0.4603	-1.7494	0.4449	-0.4219	0.4931	-1.2443	0.3227	-0.8973	-1.2123	0.6765	-0.4316	0.4239
0.0853	1.2469	-0.0158	0.8543	0.8803	0.2217	-1.2332	-1.5404	0.0533	-0.6991	1.4130	-1.6249	-0.0478	0.5212	0.0791	0.9884	0.5026	-0.5262	0.7868	2.0475	-0.5724	0.3739	-0.6322	-0.8293	0.2202	0.3773	-0.8065	-0.0802	0.4102	1.0483	1.0285	-0.2213	1.0566	0.0317	-0.3638	0.2610	-1.5365	0.9604	-1.0860	0.6351	0.7210	1.0812	-0.9455	0.3382	-0.5273	-1.3466	-1.2447	0.6720	-1.0713
0.5934	0.8598	-0.8005	0.9810	1.2881	-0.4618	0.8569	-0.4079	0.9372	0.2937	0.8390	0.3151	-0.7446	1.2264	-0.3008	0.1786	0.6476	-0.6801	1.1828	1.6239	-0.2254	1.1596	-0.6085	-0.2722	0.0684	-0.5724	-0.2699	-0.2249	0.6201	-0.4653	1.5614	0.0666	1.8170	1.5474	0.2311	-0.1704	-0.4475	0.4674	-0.9237	-0.1799	0.1394	0.3590	0.0894	0.9442	-0.4702	-0.7548	-1.1187	0.3745	-1.0461
-0.9350	0.5374	-0.0289	0.5276	1.2706	-1.0542	0.9317	0.3942	0.6990	-0.0223	0.7518	-0.4222	-0.6548	0.2896	-0.3990	-1.1785	0.7400	-0.3743	0.9390	1.6374	-0.0099	0.7181	-0.5335	-0.0177	-0.1362	-0.5498	-0.0210	0.2041	0.6363	-0.4022	1.6826	0.1085	1.4227	1.2410	0.4508	0.1545	0.5418	-0.3434	-0.5964	-0.3133	0.1571	-1.0223	0.9473	0.0909	-0.3188	-0.1548	-1.3442	0.2367	-1.7645
-0.0580	0.2094	0.5406	-0.1050	0.0334	-0.4653	1.8025	-0.2178	-0.0664	0.0817	0.6376	-0.1430	-0.8032	0.9636	-0.0130	-0.1005	0.1612	0.4476	0.9854	1.0481	0.4675	0.7612	-0.8372	-0.3897	-0.1175	-1.7577	-0.6831	0.4416	0.4060	-1.0044	1.0850	0.0307	0.5728	0.4633	-0.7247	-0.3660	-0.3466	-0.6297	-0.4064	0.7058	0.2880	-0.4071	0.1333	-0.0978	-0.1393	0.2484	0.0302	-0.4997	-1.0335
-0.0139	0.6286	0.6973	0.6443	0.7132	0.3155	-0.2572	0.4737	0.6793	-0.4159	-0.0715	-0.2577	0.5034	0.6947	0.5517	1.0267	0.0647	0.1593	0.6052	-0.1560	0.0364	0.0715	0.7554	-0.5214	-0.1041	-0.6310	0.0575	0.8422	-0.0859	0.1195	0.2265	1.9001	-0.2589	0.7072	-1.0980	-0.0826	-0.5535	-1.0566	-0.0143	0.0113	0.3681	0.0303	-0.2709	1.1174	0.0978	0.2356	1.5943	-0.4313	-0.6209
0.9252	1.1258	0.7941	-0.0280	0.1634	0.9019	-0.2334	0.4848	0.9845	1.1234	0.8580	0.6065	1.0563	0.6382	0.9326	1.9472	0.3936	0.9220	0.5378	-0.0668	-0.0505	0.3884	1.1783	-0.4020	0.3356	0.2124	0.2489	0.7110	0.1029	0.3831	1.0407	0.6568	-0.4964	0.3846	-1.5070	0.1028	-1.1466	-0.3691	-0.1885	0.0556	0.6387	-0.8086	0.2789	1.4993	-0.1537	0.8797	2.0941	-0.2785	0.6922
2.0260	0.9492	1.2009	-0.3306	0.6791	-0.1808	-2.1311	0.6149	1.6536	0.9245	0.3629	-0.4432	0.8300	0.3130	0.6332	0.5365	0.2239	0.3590	0.5995	0.3160	0.1433	0.1043	1.0361	-1.3192	-0.0022	1.3251	0.2324	0.2818	0.8502	0.7060	0.4937	-0.2472	-0.0510	0.2168	-1.0417	-0.0517	0.5163	0.3235	-0.1181	0.4976	0.4212	-1.5548	0.9494	2.3937	-0.4343	0.2606	1.9206	-0.1006	0.5037
3.4104	0.9683	2.4329	0.0582	0.5217	0.1565	-1.0353	0.3380	1.4409	0.2011	0.2898	-0.5425	1.1582	-0.3228	0.1156	-0.0118	-0.1035	0.9651	1.2643	1.1629	0.7464	0.4591	0.4134	-0.2829	0.1812	1.0151	-0.2142	0.4399	0.7696	-0.3012	1.2479	-2.0620	-0.7136	-0.0836	-0.4347	0.6399	-0.9100	0.0701	0.3084	1.4543	-0.4498	-1.8334	1.1850	2.0198	-0.1580	-0.1406	0.7643	0.3514	0.2148
1.0692	1.0693	1.5460	0.7350	1.3872	-0.1275	-1.3559	0.1559	1.2616	-0.8537	-0.1569	0.3509	0.1817	-0.1953	-0.0486	-0.0054	0.0474	-0.2325	0.7476	0.4381	0.6144	0.5450	0.6394	0.3936	0.2254	1.4994	0.1172	0.6794	1.1317	-0.2496	0.5682	0.3872	-0.5539	0.7753	-1.0329	0.3526	-0.3293	0.5331	0.9148	0.8469	0.2890	-0.6643	1.3101	1.4969	-0.1496	-0.2206	0.5049	0.9306	-0.0023
-0.3532	1.3940	1.1472	1.1292	1.0797	0.6175	-1.3677	-0.2648	0.5184	-0.9298	-0.1928	-0.1329	-0.0695	-0.3149	0.3618	0.5249	0.8894	0.0731	0.3112	0.3822	1.2311	0.9857	0.2516	0.5140	0.7724	0.6003	0.0950	0.5193	1.9391	1.2908	-0.1494	0.9912	-0.2759	0.8543	-0.4599	0.4389	-0.0763	0.4036	1.1318	0.6974	0.6960	0.7581	0.7808	-0.0275	0.7139	0.4395	-0.9961	1.3563	-0.0597
-0.5408	0.7922	0.2416	1.0067	1.8736	0.5022	-0.7993	0.0500	0.3767	-0.0949	0.0662	1.0113	-0.2817	-0.2086	0.9070	1.6129	0.3349	-0.8247	-0.8462	0.6548	1.0168	0.5883	1.4360	1.1031	0.3231	0.2583	0.8785	0.8036	0.3903	-0.1175	0.1244	2.0173	0.8645	1.8680	-0.5735	0.4393	0.9401	-0.1771	0.6031	-0.4764	1.0248	0.1472	1.5052	-0.5670	1.0658	1.6007	-0.0782	0.4082	-0.1065
-0.9932	0.6948	0.9246	0.8094	1.0503	0.4239	-0.9390	2.1007	0.2583	-0.1391	0.4587	0.3852	0.5275	0.3904	0.1079	1.7852	0.8501	-0.1616	-1.0049	1.3120	1.0173	0.5712	0.9816	1.1945	0.4531	-0.7888	0.5805	0.6473	0.2600	1.0996	0.3901	0.8423	0.3952	0.8287	0.4760	1.0092	0.8003	-0.1272	0.9688	-0.4884	0.2506	0.5264	1.1096	-1.9070	1.7119	-0.2078	-1.6270	-0.0673	0.8636
-1.4928	-0.0870	0.5347	1.6073	0.9987	0.0512	0.3837	1.2597	0.3033	0.6384	0.6032	1.4732	0.1334	0.7375	-0.1843	0.8272	0.6299	-0.9128	-0.6987	1.3738	0.6271	0.3409	0.4475	1.1768	-0.1931	-1.5376	0.2627	0.7520	-0.5196	0.2891	1.5346	0.7483	0.3978	1.3074	-0.0949	0.0345	0.3993	-0.6150	-0.2168	-1.4880	0.1346	-0.5552	0.9798	-1.0293	-0.1144	0.2570	-1.0854	-1.5119	0.5697
-1.0224	-0.4038	0.4819	0.8016	0.5340	0.7514	-0.8780	1.1286	-1.1338	0.0484	0.3484	-0.2164	0.2924	1.3145	0.0368	0.9376	1.4990	-0.5891	0.0581	1.8848	1.0211	0.1426	-0.9335	-0.2596	0.5531	-1.6035	0.0741	0.8665	0.7225	0.9137	1.9631	-1.3836	-0.5175	1.1344	0.8941	0.3448	0.8999	-0.9645	0.8627	-1.2767	0.2586	0.8034	-0.4979	-1.6149	0.4409	-1.6930	-1.3537	-1.9837	0.1083
0.4656	0.0924	1.8782	0.5068	0.1481	0.9504	0.2094	-0.0948	-0.9109	0.9341	-0.0647	-0.0225	2.1731	0.7470	1.0221	1.4179	1.7587	0.4440	0.8645	0.3850	0.2849	0.3910	0.1415	1.0559	0.6130	-0.7335	-0.1535	0.6036	-0.2628	-0.0032	2.1503	-0.3340	-0.7022	1.0170	0.9259	0.6340	-0.1369	-0.8895	0.1437	-0.8131	0.9682	1.2710	0.2093	-1.0938	0.0138	0.2554	0.7262	-1.9322	0.1391
0.6649	1.6300	1.3994	1.1713	0.0880	2.2249	-1.7577	0.1259	-0.3646	0.6009	0.3313	0.4347	2.3084	0.8361	1.2639	1.2471	1.8874	2.0406	0.3689	0.2743	0.1822	0.9676	1.3660	1.3519	1.0404	0.3514	0.6933	0.6975	0.0927	1.2332	1.4309	1.6446	0.2122	1.6252	1.4987	1.2039	-1.1792	-0.0901	-0.4904	-0.2322	1.8822	1.3502	0.4595	-0.1008	0.7477	0.1484	0.5468	-0.0573	0.5566
-0.0793	0.8564	0.5491	1.3851	0.4550	1.0975	0.0259	-0.6001	-0.3234	1.3572	0.9168	1.1144	1.5022	0.6372	0.5270	-0.7972	1.1733	1.2773	-0.3491	0.0081	0.0475	1.2394	0.7230	1.3206	0.6411	0.5178	0.8780	0.9528	-0.3375	-0.1786	-0.2569	0.4830	0.6702	1.8526	0.6497	1.0927	0.5800	1.0135	-0.4522	-0.1391	2.1684	0.0608	1.2473	-0.4597	0.6742	0.2353	-0.1665	0.6248	-0.4888
-0.8008	-0.3622	-0.2370	-0.0220	0.0422	1.2374	-0.6666	-0.6905	-0.4935	0.6325	1.0230	0.9131	0.1071	0.5011	-0.9956	-1.2517	1.2249	1.3507	-0.8847	-0.5841	0.1330	0.7401	-0.1842	1.4258	1.0299	0.1145	1.0459	0.3645	0.3008	0.2769	-1.0161	-1.0342	0.8102	-0.4243	0.6819	1.5736	1.9455	0.5513	1.1083	-0.4865	1.2807	-0.4733	1.4452	-0.9996	1.8093	0.5802	-1.5778	1.2387	-1.3240
0.1390	-0.9739	-0.2443	-1.5458	-0.3753	-0.1299	-0.0864	0.0371	-0.9776	1.1512	0.1226	0.9608	-0.7982	1.0206	-0.6279	-0.3046	0.6210	0.2688	-1.0283	-0.2381	-0.0325	0.0376	-0.5586	0.1434	0.3537	-0.5096	0.3216	-0.2653	-0.4442	-2.0539	-0.8666	-0.9662	0.3218	-1.6568	0.7606	1.1362	1.3544	1.1444	1.9930	-0.3955	0.0001	-1.0896	1.0694	-1.3254	1.2484	-0.2014	-0.7262	0.4718	-0.5546
-0.4278	-1.2690	0.6075	-0.1761	-0.4829	0.9118	-0.3761	0.6392	-1.1093	0.0399	-0.5482	-0.0344	-0.0235	-0.0725	-0.6679	0.4065	1.4825	-0.3031	-1.2457	0.2262	-0.8808	-0.5790	-0.2499	-0.3628	0.4549	0.1222	-0.1951	-0.5669	-0.4491	-0.2400	-0.3488	-1.4377	-0.2108	-1.8388	1.4238	1.5930	0.7297	-0.3014	2.3721	-1.2815	-0.4412	-0.7990	0.0368	-1.7192	1.0539	-0.6896	-1.4124	0.2353	-1.0350
-1.1032	-1.8617	-1.1276	0.1187	-1.2513	1.2161	0.8443	0.1009	-0.1811	0.1011	-0.3881	1.5660	-0.1218	0.0087	0.2578	-0.4987	1.3297	-0.2696	-0.9969	-0.1886	-1.7055	-0.5444	-0.3883	0.2462	0.1632	-0.1805	-0.3757	-0.8683	-1.1238	-0.8966	-0.9423	0.2228	0.1564	-0.9259	0.3343	0.6834	-0.5745	1.1378	1.0910	-0.9207	-0.8995	-0.1351	0.2379	-0.4136	0.2006	0.4953	-0.3953	-1.0370	-0.0801
-0.5721	-0.5719	-1.0085	0.2464	-0.3836	1.8363	-1.0542	0.1290	0.4523	-0.1668	-0.6945	1.0248	1.2881	-0.8553	0.4238	-1.2715	1.5428	-0.2971	-1.1349	-0.2794	-1.6274	-0.8044	0.1547	-0.3727	0.4166	1.2058	-0.4789	-0.9879	-1.1250	-0.1029	-1.7656	1.7569	0.6774	-0.6063	0.9164	0.6493	-0.3401	0.1466	0.4221	-0.2475	-1.0549	-0.3420	-0.5684	-0.2051	0.5862	1.2830	-0.0178	-0.7213	-0.0449
0.6814	0.5068	-1.4876	0.0427	0.1709	0.8670	0.2427	0.4120	0.5764	0.7075	-0.0663	0.8202	0.8622	-0.8050	0.0910	-1.4114	0.3110	-1.3032	-1.2926	0.4121	-1.5859	-0.6692	0.1656	-0.7713	0.5509	2.1856	-0.5064	-0.5403	-1.4549	-1.6355	-1.2292	1.2179	1.2470	0.1605	0.0538	0.0369	-0.0130	0.4248	0.6787	-0.0086	0.4176	-0.4171	0.2160	-0.1079	-0.0272	1.1144	0.8477	-0.3803	0.6104
-0.6265	1.4199	-1.1327	-0.6055	0.3150	0.7175	-1.1167	0.3431	0.7707	0.0074	0.3831	0.4055	0.3525	-1.1268	-0.6443	-0.6742	-0.2624	-0.9315	-1.3894	0.2847	-0.6559	-0.5840	0.4090	-0.5996	1.0941	2.4402	-0.1544	-0.3495	-1.1308	-0.6764	-1.4564	1.0687	1.3156	0.3505	0.6513	0.1704	0.5797	2.1204	0.6700	-0.2669	1.1896	0.0342	0.2566	0.2603	0.9829	-0.2524	-0.0090	0.5026	0.6410
-0.6711	0.9761	-0.7608	-0.3682	-0.7843	1.0359	-0.1405	-0.0421	0.0255	1.0394	0.8147	-0.5142	-1.2886	-0.5786	-0.6684	-0.0832	-0.5077	-0.1830	-1.0486	0.0348	1.0132	-0.1431	-0.4761	0.5871	0.8658	0.5374	-0.2243	-0.0500	-0.2881	-0.6086	-0.6686	-1.2968	0.3467	0.1498	0.6210	0.2616	0.2340	2.7697	0.5975	0.2936	0.9091	0.0025	-0.1152	0.7652	0.9505	-0.8719	-0.4518	0.1942	0.3597
-0.5693	-0.0211	-0.7943	0.1821	0.4875	0.5448	0.2413	0.0397	-0.0041	-0.4347	-0.0059	-1.7793	-1.6403	0.1362	0.3471	0.0242	0.2505	-0.0895	-0.5093	-0.3104	1.3297	-0.1334	-0.6323	0.1447	0.3821	-0.1921	-0.0839	0.0498	0.5571	-0.1187	-0.4013	-0.6919	-0.1480	0.3541	0.4027	-0.1919	-0.1085	1.3463	0.7601	0.4608	-0.0018	-0.2700	-0.5894	0.5801	0.8461	-0.7946	-0.4200	0.5239	-0.2486
0.0638	1.0004	0.6349	-0.5804	0.4749	-0.3232	-0.1478	-0.6471	0.2979	0.1201	-0.2743	-0.9432	-0.3069	0.0153	1.0511	0.8369	0.6233	1.2519	0.4913	-0.4204	1.5141	0.9076	0.3890	0.6448	0.1657	-0.3837	-0.1300	-0.0544	1.1378	0.6104	0.3675	-0.0815	0.3532	0.4677	0.4645	0.0102	-0.2243	-1.7836	0.6389	1.0894	0.3519	0.0882	0.2503	-0.3956	1.2615	1.9137	-0.0419	1.2733	0.1104
-0.1019	0.0638	-0.5910	-0.5248	0.3291	-0.3438	-0.5688	-0.6890	0.3133	1.5080	-0.1126	0.0969	-0.7116	0.7182	-0.4196	0.4196	-0.4169	0.3914	1.2287	-0.3764	0.9196	0.6679	0.5508	1.1679	-0.5949	-0.7477	0.4682	0.1252	1.3255	1.3778	0.9555	-0.2465	0.6488	0.7122	0.2221	-0.1911	0.8153	-2.0153	0.4117	1.4436	1.0210	-0.0105	1.4474	0.2605	0.5589	1.8351	0.3184	1.2928	-0.4626
-0.6544	-0.4485	-0.5092	-1.1775	0.2957	-1.1111	0.5925	-0.6251	-0.3797	0.4453	0.7772	1.3807	-0.6028	0.5512	-1.8378	-1.0093	-1.2101	0.7539	1.5513	0.2689	0.5064	0.6535	0.6580	1.1752	-0.3112	-1.2052	0.5935	0.3666	1.2759	0.1005	0.3353	-0.4379	0.7428	0.2333	0.3719	-0.2157	0.1311	-1.0442	-0.0621	1.1325	0.2124	0.1668	0.8993	-0.7982	-0.0484	0.9844	0.5647	1.2793	0.2394
-0.9658	-0.8135	-0.4863	-2.0475	-0.1147	-1.1916	-0.4839	-0.4939	-0.3372	-0.0471	0.0685	-0.1308	-2.0972	-0.3569	-1.3704	-1.6525	-2.0946	0.0151	0.7395	0.3734	-0.4070	-0.1813	1.0370	-0.1224	-0.3477	-0.3679	1.0043	0.2740	0.2717	-0.4056	-0.2250	0.1856	0.6382	-0.3708	0.5858	-0.6895	1.2905	-0.0884	-1.0398	0.3194	-0.2797	-0.3608	-0.1699	-0.1784	-1.3522	-0.3074	0.7705	0.8752	-0.5291
-1.3159	-1.7188	0.1160	-1.7615	-0.9108	-2.0187	1.1461	0.0595	-0.0342	-0.3712	0.0608	-0.3051	-1.3559	-0.3845	-0.2129	-0.5727	-1.9269	0.4482	0.2255	0.4360	-0.2831	-0.3434	-0.3293	-1.0918	-0.5943	-0.7409	-0.1902	0.0969	-0.3425	-0.8403	-0.6217	0.3026	-0.4716	-0.6364	-0.0404	-1.2239	-0.4980	-0.0393	-1.9746	-0.1442	-0.9108	0.4460	-1.0827	-0.3346	-1.8267	-1.0032	-0.7073	0.0240	0.6402
-1.1791	-0.9066	0.0602	0.1647	-0.4273	-1.0354	1.1177	0.2919	0.9452	-0.7061	0.3237	0.0255	-0.7293	-1.1549	0.1331	0.2779	-1.7629	-0.6060	0.0902	0.1110	-1.2287	-1.0285	0.6394	-1.2816	-0.8825	-0.0108	-0.0765	0.4814	-1.8755	0.5160	-0.8380	0.3215	-0.4779	-0.2634	0.0624	-1.2571	-0.0166	0.3955	-2.5880	0.3322	0.0321	-0.0856	-0.5285	0.4208	-1.9179	0.1087	0.2810	-0.4747	0.5408
0.2761	0.1244	-0.8849	-0.2441	-0.7716	-0.3803	1.4350	0.1143	1.2624	0.4673	0.2491	2.1013	-1.8925	-0.2047	0.4850	-0.1349	-1.5139	0.2848	0.1716	-0.7323	-1.3209	-0.5240	0.8821	-0.8665	-0.8839	0.7313	-0.1867	-0.6467	-1.7760	0.0691	-0.2924	1.3241	0.2749	-0.2695	0.5101	-1.5892	0.1655	0.8644	-2.1737	0.7801	-0.7962	0.5262	-1.1598	1.7067	-1.9400	0.0610	0.7858	-0.1463	1.6506
0.5711	-0.6633	0.0415	-0.9993	-0.0301	-1.0596	1.5637	-0.3628	1.4908	-1.5550	-0.1091	1.3899	-1.4417	-0.1760	0.0111	-0.5901	-0.8645	-0.8247	0.6080	-0.0096	-0.9821	-1.0600	0.4293	-1.1171	-1.0697	1.5950	-0.0476	-0.8451	-1.7068	-1.3369	-0.6799	0.6148	-0.2477	-0.2794	0.6857	-1.4686	1.0202	0.7574	-1.6136	-0.0838	-1.5469	-0.0304	-0.6503	0.9721	-2.0175	-1.2004	-0.4194	-0.7519	0.1379
-0.0850	-1.1253	0.0728	-0.5661	-0.3523	0.6100	0.4561	0.1400	1.1002	-1.8333	0.9014	1.2318	-0.0954	0.0987	-0.0201	0.6826	-0.4513	0.3987	0.4609	0.2008	-0.6092	-0.9376	0.2279	-1.8919	-0.3867	1.2955	0.4655	-0.5096	-1.5859	-0.7234	0.0583	0.7523	-0.1480	-0.9107	0.3676	-1.1349	-0.8746	-0.2697	-1.7340	0.1223	-2.0136	0.1318	-1.2398	0.8825	-0.8894	-1.1548	-1.3258	-0.8055	-0.0045
0.6869	-0.3855	0.7682	-0.3270	0.7716	-0.5172	-0.2305	0.5856	0.3193	-1.7988	0.6717	-0.0141	-0.0277	0.6730	1.2320	0.6890	-0.7959	-0.1147	0.2418	-0.3546	-0.1105	-0.8827	-0.2452	-2.2505	-0.2717	1.7358	0.3799	0.0482	-1.1930	-1.6652	-0.5807	1.0791	0.0828	-0.3172	-0.7477	-0.8488	-0.9157	0.4943	-1.1003	0.2889	-0.8048	0.4849	-0.6904	1.3640	-1.5749	-0.5209	-0.1312	-1.1100	0.2547
1.3195	1.0534	1.6567	-0.0253	0.3209	0.2398	-1.2554	0.4581	-0.2045	-1.0143	0.6310	-0.2456	0.7641	0.4507	1.5385	1.3743	0.0049	0.2209	-0.1997	-0.8363	0.1306	0.2995	0.2806	-2.0086	0.1459	1.0153	0.1229	0.0039	-0.5617	0.6550	0.1454	0.4328	0.6466	-1.6529	-0.7938	-0.1072	-0.9547	0.6267	-0.7166	0.3765	-0.0780	0.7677	-1.7901	1.0444	-1.0233	0.4847	-0.3088	0.1040	0.7826
1.3243	0.0131	0.6898	-1.2868	-0.0049	-0.1147	-0.8493	-0.0670	0.2956	0.3806	0.1578	0.1990	-0.0955	0.8577	1.1994	1.3434	0.3087	-0.5207	0.3574	-1.0368	0.3747	0.6414	0.2406	-0.6060	-0.2962	0.2530	0.4721	0.0678	0.0103	0.2841	-0.1536	-0.2240	0.7535	-2.0126	-0.3874	0.2952	0.8144	0.4090	-0.6676	1.2336	0.4067	0.5043	-1.7376	0.9758	-1.4706	-1.2618	0.2587	0.2089	-0.5462
1.5476	-0.4662	0.4274	-1.0476	0.7847	0.2641	-1.7065	0.2362	0.7912	-0.6453	-0.3929	0.8609	0.3272	0.6111	0.0324	-0.5066	1.1549	0.1980	0.2051	-0.9320	0.5682	0.6456	-0.2373	-0.1437	0.1667	0.0679	0.2564	0.0531	0.6859	1.1970	-0.4575	-0.8823	-0.0212	-1.3825	0.3130	0.5804	-0.0676	-0.8115	-0.1030	0.7330	-1.2557	0.2290	-1.3644	0.7052	-1.0602	-0.5415	-1.0697	0.6699	-0.2999
2.3185	-0.1248	-1.3714	-0.0392	1.3389	0.3786	-0.2696	0.2636	1.1757	-0.1185	0.4415	1.8729	-0.6745	0.2865	-0.1602	-2.5069	-0.0114	0.4601	0.7644	-0.3203	0.2878	0.4905	-0.4837	0.0121	-0.6180	-0.0890	-0.1465	0.8038	0.4533	0.5760	0.0789	-0.0563	-0.2056	0.0882	-0.5159	-0.1429	-0.8414	0.0531	-0.6333	0.0662	-1.3882	-0.2884	-1.2825	0.9754	-1.3074	-0.2006	-0.1957	0.3589	0.1467
0.8978	0.5273	-0.9363	0.7311	0.7585	0.4566	-0.5033	1.5543	1.2317	-0.7132	0.0343	0.5570	-0.6578	-0.7295	0.5355	-2.9302	-0.6046	0.7347	0.9023	-0.0669	1.0268	0.2182	0.9617	-0.1952	-0.6391	-0.0223	0.6186	1.7572	0.8513	1.3838	-0.3667	1.2319	0.4484	-0.6215	0.0490	0.0890	0.1629	-0.1627	-1.4868	0.4910	-1.2990	-0.5002	-1.1261	0.4011	-0.1986	-0.3151	-0.6984	0.3197	0.5099
1.3911	0.8123	0.0159	1.2124	-0.2345	0.0978	-0.1411	2.0452	0.3427	0.1565	0.2198	0.0968	-0.3886	-0.7926	0.8978	-1.2211	-1.2424	0.8463	0.6131	0.6385	2.3325	0.4304	0.9748	0.4969	-0.5802	-0.3780	1.2223	1.8736	0.7580	-0.0114	0.0430	0.3002	0.1598	0.0349	-0.5261	0.0144	0.0548	-0.6111	-1.1473	-0.5496	-0.1271	-0.9405	0.5666	0.3746	0.0344	-0.1465	-0.7424	0.1530	-0.0960
-0.1013	0.9586	-0.7725	0.5268	-0.7797	0.5217	-1.1065	2.6369	-0.6821	0.6337	-0.1406	-1.0532	0.6530	-0.5864	0.3715	0.9677	-0.3221	0.4118	0.3556	0.7319	2.5699	0.5529	0.2079	0.5466	-0.1796	-1.1310	0.9576	1.1163	1.0522	0.9589	0.5215	-0.1171	0.0762	1.2974	-0.6341	0.5851	0.9355	-0.1197	-0.0410	-1.4070	0.7432	-0.9467	1.1367	-0.0395	1.2578	-0.6968	-0.5273	0.7338	-0.9603
0.1862	0.1846	-0.7454	0.6257	-0.9234	0.5107	1.1170	1.0488	-1.6911	2.0498	0.5827	0.1531	1.3505	-0.7920	-0.3332	1.3685	0.3982	0.3818	-0.6141	0.2057	2.3262	0.4706	-0.7835	1.0464	0.3672	-2.0904	-0.4516	0.1086	0.4626	0.2495	1.1076	-2.4212	-1.3792	1.2495	-1.1884	0.8273	0.1304	-0.1694	1.2003	-1.5116	0.1506	-1.1406	2.0637	-1.1073	1.5999	0.4401	-0.4857	0.3790	-0.9693
0.2934	0.1138	-1.1282	0.9360	0.0987	-0.0764	1.0545	0.6830	-1.9913	0.4096	0.5813	0.1420	0.1416	-0.7987	-0.3848	-0.0839	0.4990	-0.5163	-1.3128	-0.0978	0.9474	-0.6114	-0.8255	0.5721	0.7802	-0.9563	-1.2320	-1.0523	0.3950	0.7992	-0.2462	-0.9942	-1.0053	0.1989	-1.2163	0.8715	0.3418	0.3054	2.6839	-0.9828	0.1986	-0.4377	1.6408	-0.3707	1.5773	0.8113	0.8105	0.3708	-1.8092
1.2777	0.0806	-0.3622	0.2877	-1.3289	-1.1014	1.7888	-1.3928	-2.0024	0.7292	0.3579	-1.1232	-0.5627	-0.5763	-0.6751	-0.7939	0.7377	-1.0193	-1.0044	0.1506	0.6782	-0.3746	-1.5697	0.7264	0.8236	-0.6353	-1.7618	-1.3038	0.4407	0.0957	-1.4238	-1.5358	-0.6483	-0.8236	-0.9784	0.9213	0.5168	0.2468	2.1635	-0.5180	0.1113	0.3095	0.6817	-0.8496	1.4686	1.0162	0.1732	-0.5175	-1.1478
1.4930	-0.4195	-0.5362	-0.4776	-0.6058	-0.6489	-0.4900	-0.2924	-0.3112	-0.2069	-1.4256	-1.3453	0.8023	-0.0542	-0.5429	0.1645	0.5621	-1.0494	-0.3349	0.1847	-0.4365	-0.5136	-0.6009	1.1541	1.0450	1.4394	-0.6186	-0.8518	0.0462	-0.9440	-0.3221	-0.7586	-0.3536	-0.2270	-0.9437	0.8505	-0.1288	-1.2606	1.8289	-0.6840	-0.0160	0.0147	1.3631	-0.4412	1.0263	1.2935	2.1296	-0.4571	-1.4355
1.6032	0.4438	-0.0203	-0.4446	-0.0384	0.2407	-0.2472	0.3511	0.2256	0.0906	-0.6444	-0.7681	0.4593	0.3887	0.3761	0.7114	1.2643	0.0768	0.2808	1.2616	-0.0537	0.2235	-0.6441	0.3712	1.0705	1.6523	-1.2667	-0.8298	0.8162	0.5196	0.8251	-0.0710	0.3079	0.6881	-0.0144	0.7033	-1.2682	-0.0115	1.3100	0.1158	0.3771	-0.5317	1.1914	-0.4599	1.1806	-0.1177	2.0619	0.4418	0.3006
0.4194	0.1287	0.5887	0.0164	-0.1969	-0.0169	0.5305	-1.2538	0.9586	1.8254	-0.3956	-0.5750	-0.0493	0.7332	0.1593	0.9905	1.0753	-0.4993	1.4175	1.9500	-0.5543	0.8689	-0.7288	0.7898	0.3859	0.2495	-0.5494	-0.5573	0.5860	-0.2313	2.6131	-1.6358	0.4627	0.2071	0.6223	1.2550	-1.2539	0.0346	0.7036	0.5584	0.1738	-1.4224	1.9921	0.2475	0.4971	-0.0536	1.6470	0.4493	-0.7981
-0.1612	0.2132	-0.2185	-0.1786	-0.5370	-0.4516	-0.6060	-1.0794	0.7622	-0.0178	-0.1131	-0.0058	-2.0397	1.6155	-0.5438	-0.6516	1.2226	1.1159	1.2905	0.2644	0.0510	1.3613	-0.7002	0.3022	0.1976	-0.7642	0.1562	-1.1591	1.6637	0.1758	2.4080	-1.3784	0.5517	-1.0040	1.1432	0.9216	-0.2809	-0.1606	1.0866	0.4886	-0.6359	-0.3532	1.1791	0.2322	0.3456	-1.7293	0.4728	0.9298	-0.6776
-1.0413	0.2945	0.4874	0.1434	-0.2528	-0.2867	0.9362	-1.8993	0.7070	-1.2962	-0.7609	1.0067	-0.3869	1.4464	0.1716	-0.6784	1.0115	0.9086	1.4946	-1.8750	-1.0193	1.0159	0.0619	0.3369	-0.6190	-1.1735	-0.3696	-0.1268	0.1412	-0.4522	1.2849	0.2084	0.6070	-0.7740	0.0855	-0.1671	0.6280	-0.4896	0.7459	-0.5692	-0.5998	-0.7397	0.7677	-0.2977	-0.3766	-0.2710	0.5689	-0.0135	-0.0631
-1.2144	1.0502	-0.2380	-0.1489	0.0684	0.5408	-0.4014	-0.6657	-0.0934	-1.3938	-0.1279	1.2249	-1.5445	0.5411	0.1121	0.0273	0.8568	0.1002	0.6949	-0.5130	-1.3929	0.1168	1.4153	-0.2050	0.0124	0.2957	-0.6033	0.3552	-0.2870	0.0206	0.1681	0.0418	-0.3702	-0.2069	-0.9362	-0.2028	2.0112	-0.1782	1.2705	-0.8759	0.8131	-1.2223	1.0595	-1.0778	-0.4915	0.2751	0.0916	-0.1353	1.0520
-1.7606	0.1108	0.2656	0.9815	-0.1632	0.4113	0.8617	0.1150	-0.7233	-0.0373	-0.0311	1.0037	-0.1663	-0.2438	0.4094	0.4188	0.6690	-1.1697	-0.1071	-0.6874	-1.4228	-0.2446	0.7439	-0.4491	0.1285	-0.3288	-0.3618	0.3055	-1.3535	-0.5987	-0.5011	-0.6846	-1.4638	0.0634	-1.2374	0.2874	1.0383	1.1090	0.8589	-0.1229	0.2221	-0.8041	0.7571	-2.2595	-0.1249	-0.8323	-0.3806	-0.5430	1.6258
-1.2910	-0.1688	0.6495	1.7623	1.2151	0.7093	0.0918	0.0926	0.0007	0.0277	0.2795	-0.2466	1.1841	-0.2198	0.6828	-0.0504	0.2489	-0.8995	-1.5665	-0.4612	-1.1723	-0.7264	1.0610	-0.2673	0.1846	0.3504	0.2832	0.7187	-1.6889	-0.1047	-0.2854	-0.2041	-1.1388	0.3336	-1.3486	0.9911	-0.4930	0.9147	0.6074	0.4371	-0.2770	-0.7083	0.8686	-0.7592	0.4865	0.0603	-1.2018	-0.5936	-0.1369
0.8718	0.8243	0.4441	1.1222	1.4619	0.3873	0.9529	-0.4833	-0.1952	0.5270	0.9973	1.1957	0.8953	0.0082	1.0544	0.0935	0.5840	1.0007	-1.9767	-0.0610	0.3025	0.2765	1.0073	-0.3580	0.7655	0.4786	-0.1133	0.5655	-0.2025	-0.9230	-0.6433	0.9886	0.1152	1.3256	-1.5676	0.7838	-1.1972	1.3393	0.7948	0.8881	0.4809	0.2999	0.7989	0.3110	0.8505	0.9264	-0.6451	-0.9569	0.4397
-0.3662	0.6196	1.7658	1.8373	1.0652	0.2335	-0.5337	-0.8191	-1.4528	0.7601	0.6382	-0.5771	1.1657	-1.1613	0.2861	0.9889	1.0284	-0.6355	-1.8486	-0.1458	-0.1036	0.5266	0.3117	0.0350	0.5213	0.5444	0.8065	1.8909	0.5060	-0.1573	-1.3449	-0.7067	0.4175	2.1841	-0.8509	1.6401	0.5320	0.7878	1.5011	0.0973	2.3770	0.9438	1.0661	0.0696	0.8730	0.6148	-1.0314	-0.7461	-1.1100
0.3605	0.8609	0.2940	2.2407	0.1297	1.0145	-0.5558	-0.2813	-2.0565	1.6997	0.8416	0.0890	1.1048	-1.0483	0.6665	1.4303	0.3600	0.8834	-1.6029	-0.8114	0.0054	1.0818	0.0317	0.7966	0.9680	-0.4463	0.0516	1.1240	0.8039	1.6428	-1.6923	0.8681	0.8000	1.9114	-0.4544	0.8164	0.2406	0.4056	1.0462	0.3431	2.3437	2.3818	-0.4057	0.0791	1.4832	1.5395	-0.2262	-0.6618	0.6695
-0.8359	-0.0101	-0.5807	1.8974	0.2200	0.0149	0.4154	-0.2896	-1.6747	0.1978	0.2343	-1.3384	1.4236	-1.6259	-0.4312	0.6297	0.2188	-0.8594	-1.3473	-0.7510	-0.2697	0.0481	-0.3965	1.4730	0.8190	-0.8774	-0.1289	1.2730	1.0388	1.2112	-2.0368	1.0236	0.2035	1.8408	-0.3047	0.0987	1.1342	0.1709	0.1260	0.4021	1.7156	2.4850	-0.3921	-0.3930	0.6876	1.1899	0.1282	-0.8695	0.1381
-0.7430	-0.4167	0.2685	1.4414	-0.6207	0.7569	-0.2197	-0.3362	-1.7785	-0.0491	-0.6244	-2.6242	1.5882	-1.4247	-1.0235	0.3330	0.3110	0.5266	-1.8021	-1.0349	-0.3968	-0.1933	-1.4189	0.4758	1.2448	-1.4874	-0.6007	0.5440	1.1147	1.6957	-1.6432	0.6638	0.0372	-0.0081	0.4382	0.7827	0.4580	-0.8423	0.3853	0.6738	0.1504	3.0676	-0.7777	-0.6410	1.6172	0.2928	-0.8017	0.0186	-1.3439
0.1252	-1.0797	0.6440	1.7105	0.4124	0.7159	1.0875	-0.6034	-1.3247	-0.0775	-1.3659	-1.2853	2.0198	-0.8008	0.2907	0.8315	-0.2323	0.0798	-0.9787	-1.9803	-0.3487	-0.3175	-1.0103	0.8627	1.3881	-1.0823	-0.1329	0.4248	-0.2625	0.8582	-2.1996	0.6862	-0.3474	0.0525	0.7010	0.7025	-0.1270	0.4831	0.3230	0.2501	-0.0370	3.0036	-1.4836	-0.6822	1.5763	1.1785	-0.8795	-0.7245	0.2411
0.6361	1.0339	0.9683	1.1188	0.1777	1.1488	-1.5524	-0.5660	-0.3852	0.2968	-0.6807	-1.8582	1.9078	-1.4099	1.5411	0.7676	0.7392	0.8610	-0.6223	-0.4553	-0.3349	0.0834	1.1382	1.0009	1.8765	0.7828	0.8686	0.4613	-0.0394	1.9679	-0.9756	1.3586	-0.1325	-0.1153	1.2608	1.2587	-1.0372	-0.2330	0.2216	0.8924	1.1448	2.9847	-1.4040	-0.7817	1.8495	1.0402	0.6915	0.4895	0.6741
1.3209	1.3497	-1.0389	-0.2509	0.0009	1.0360	-0.7019	-1.5514	0.7397	2.4286	0.2792	-0.4675	1.4057	-0.2294	2.0021	0.8664	-0.2073	0.5337	1.0867	0.7328	-0.6243	1.0966	1.3700	1.7767	0.9491	0.6503	1.6989	0.4655	-0.4563	1.4278	0.6912	1.3445	0.6367	1.1493	0.6041	0.6123	0.3553	1.2096	-0.3554	1.2195	1.8741	1.9015	0.0328	0.4614	1.0261	0.5767	1.3446	0.6496	0.4804
-0.4006	-0.3289	-0.1770	0.4937	-1.5340	0.6167	0.1253	-0.6966	1.2651	1.1272	0.4316	-0.5161	1.3178	-0.2088	-0.0869	0.4609	-0.5959	1.3167	2.6765	0.0887	0.3142	1.1881	-0.3719	1.5031	0.4367	-0.7342	2.0351	0.1551	0.6077	2.5625	0.7396	-0.5146	0.6599	0.0984	2.1501	0.3414	0.3286	0.2157	-0.3983	1.7226	0.9857	0.3532	0.0815	0.5702	1.0165	0.2330	0.0986	1.4456	-1.2174
-0.0776	-1.4377	0.7811	-0.8879	-1.5598	-0.5190	1.9821	-0.2997	2.4393	0.1067	0.9226	0.0979	-0.2961	-0.2368	-1.1684	0.8417	-1.7371	0.5409	2.6997	0.1656	-0.0450	0.3319	-0.4433	0.6037	-1.1413	-0.7858	0.7407	0.2162	0.2782	0.2993	1.0810	0.0021	0.5951	0.2726	0.6552	-1.2607	0.4740	-0.5192	-0.9543	1.0405	-0.2412	-0.8257	0.4956	1.4538	-0.4615	-0.5625	1.1660	0.9116	-1.4688
-0.2328	-0.2144	1.2961	-1.7026	-1.3870	-0.7673	0.9052	0.3806	2.2546	-1.0537	0.3278	0.0110	-0.9607	-0.0809	-1.3331	0.5672	-0.9133	0.9162	1.6909	-0.1290	0.0262	-0.1094	0.3177	-0.2149	-1.3891	-0.8917	0.6368	-0.2549	0.2080	0.4085	0.3830	1.5401	-0.1980	-0.6057	-0.0625	-1.5029	0.1827	-0.7112	-0.6136	0.2582	-1.4292	0.5324	-1.4126	1.6771	0.4371	-1.5257	0.5267	1.1297	0.1492
-0.3896	-0.4612	0.2453	-1.6909	-0.6076	-1.5847	1.9060	0.1160	0.5942	-0.1255	0.4670	-0.7551	-0.4044	-0.0259	-1.8831	-0.5995	-0.8370	-0.5720	0.9191	1.1278	-0.1470	-0.1677	-0.3641	0.4047	-1.4238	-0.6507	0.6423	-0.6211	0.3927	-0.6166	0.2891	-0.2785	-1.1523	-0.1812	-1.8257	-1.5754	0.7736	0.1673	-0.3706	-0.5855	-0.6497	0.7830	-1.7769	0.5514	-1.1987	-1.8409	-1.5328	0.1538	-0.3086
-1.0038	-0.5834	-0.6558	-0.7843	-0.2373	-0.9182	1.2068	0.6352	-0.5416	-0.9063	1.2590	-1.7290	0.9086	0.0219	-1.9445	0.2618	-0.4777	-0.7699	0.3655	1.0884	0.0734	-0.0215	-1.0786	-0.4810	-0.8852	-0.8797	0.3753	-0.8730	0.1279	0.3391	-0.0439	0.0274	-0.2528	-0.8583	-0.8840	-2.0466	-0.3608	0.0387	-1.3145	0.3923	-0.2768	0.8954	-2.6524	0.1192	-0.6115	-2.5361	-2.3467	0.4355	0.0544
-0.6981	-0.2409	0.2121	-0.2863	-0.0356	-1.6740	0.6146	-0.3763	0.1836	-0.5354	0.5121	0.0171	1.2351	0.1045	-0.6844	0.6130	-0.7476	-1.8575	0.4515	-0.2245	-0.1562	-0.2344	1.2290	-0.2942	-1.3368	0.8330	0.4670	-0.1658	-0.5384	-0.9814	0.5381	0.3842	-0.0890	-0.2156	0.2685	-1.9351	-0.2350	-1.1575	-2.4774	-0.1637	-0.4509	-0.3609	-1.6591	0.4184	-1.5219	-0.8317	0.7452	-0.2142	1.1582
-0.2586	0.1569	0.7192	-1.1256	0.2550	-1.1029	-2.0452	-0.8789	0.3620	-0.4969	-0.0076	-1.0104	-0.1654	1.3402	-0.4354	-1.1290	-0.3653	-0.6019	0.1909	0.1660	-0.4110	-0.4778	1.1549	-1.4083	-1.1107	1.8954	-0.0291	-0.3482	0.2474	-0.8561	1.2883	0.7292	-0.3278	0.2762	0.4869	-1.7151	-0.6652	-0.7878	-2.0439	-0.4215	-0.3129	-0.1454	-1.4298	0.4111	-1.6462	-1.8970	0.6389	0.3909	0.9288
-0.1914	-0.0794	1.2555	-0.4268	-0.5267	-1.0139	0.7965	-1.4279	0.4361	0.2374	-0.3045	-0.3925	0.4674	1.8209	-0.0323	-0.7732	-0.6902	-0.1498	0.8801	0.4471	-0.8455	-0.1768	-0.4353	-1.4112	-1.1796	0.5016	-0.8204	-0.2694	-0.2861	-1.5447	2.0534	1.2587	-0.3859	0.4904	0.0689	-1.7980	-1.4103	0.7860	-2.1837	0.3183	-0.0762	-0.6771	-0.2947	-0.4927	-1.8399	-1.3491	-0.1475	-0.1565	1.0587
-1.2225	0.1754	0.1219	-0.4794	-0.6050	-0.6379	-0.3812	-0.4820	1.0454	-0.4024	-0.7535	-1.0359	-0.0439	1.4835	-0.0147	-0.2312	-0.8470	-0.3947	0.6467	0.5993	-1.2389	-0.1481	0.8096	-0.8666	-0.7342	0.9276	0.1721	0.0818	-0.3690	-1.0864	2.4368	1.3677	0.5737	0.3422	0.3152	-1.1673	-0.6251	-0.4205	-2.0427	0.1840	0.1662	-0.7789	0.1753	0.0689	-2.0609	-0.3021	0.4266	-0.0802	1.6101
0.4335	-0.0269	-1.0321	-1.0704	0.0366	-0.7253	0.9194	-0.3057	0.9915	-0.0183	-0.1442	0.0419	-0.5964	1.9000	0.2483	0.0505	-0.7713	0.3728	0.7827	1.5779	-0.2749	0.4299	0.6605	-0.5624	-0.5667	0.0540	-0.7024	-0.8287	-0.3171	-1.1463	2.3983	0.3787	0.8657	0.1609	0.3350	-1.5761	-0.4566	-0.0566	-2.0879	0.1389	-0.1181	-0.3671	-0.1244	0.0019	-1.8273	-0.8259	0.4877	-0.2476	2.4226
-0.2407	-0.9322	-0.5099	-0.1979	0.8579	-0.1712	0.0023	-0.8497	1.1459	-0.4167	-0.6495	-0.5612	-0.3897	1.4252	-0.5303	-0.7117	-0.4193	-0.3297	0.4877	1.2217	-0.2233	-0.3141	0.4654	-0.3457	-1.3346	-0.4129	-0.3207	-0.1898	-0.4578	-0.9809	1.8862	-1.3903	0.7427	-0.0416	0.8731	-1.4847	-0.1253	-1.4603	-1.9056	-0.5541	-0.8100	-1.5050	-0.2103	0.5670	-2.0908	-0.0946	0.1972	-0.2998	0.6158
1.0960	0.2149	-0.7483	-0.3321	1.6629	0.2685	0.3311	0.1824	1.0224	-0.1969	-0.4416	1.6486	-1.5259	1.4996	0.4893	-0.5301	-0.5743	0.0245	-0.8390	1.5311	0.6185	-0.1760	0.9849	-0.6346	-0.9036	0.4948	-0.6295	-0.1819	-0.0273	-1.3082	0.2668	-0.0063	1.2847	0.2149	0.6574	-1.4638	-1.0477	-1.0006	-1.4691	-0.5257	-1.2673	-1.7740	-0.6360	1.3049	-1.4179	1.0793	0.1280	0.0448	1.1584
-0.0342	0.4332	-0.1698	0.3383	1.9465	0.6977	0.0942	0.4510	1.1488	-1.0636	-0.4430	0.4814	-1.4851	1.0644	0.5787	-0.0423	-0.1090	-0.5510	-0.2104	1.1315	1.0039	-0.5209	0.4360	-0.1874	-0.1779	0.2839	0.4745	0.1026	-0.1434	-0.8805	-0.4620	0.0703	0.8560	0.7000	1.5299	-0.9817	-0.7631	-0.1625	-1.3251	-0.6446	-1.0439	-2.0660	-0.6762	1.4759	-1.3229	0.2643	-1.4134	0.4381	-0.2861
1.5645	0.6332	0.3181	-0.3043	1.8501	0.5680	1.2783	-0.4000	0.2148	0.7239	0.7511	0.6531	-1.8804	2.0676	1.3621	0.6016	-0.1379	0.8808	0.7835	1.2105	1.6824	0.1606	-0.9446	0.8673	0.3142	0.1063	0.1541	-0.5374	0.9114	-1.4585	0.3481	-0.2101	0.0725	0.6901	0.8619	-0.7423	-1.6452	0.3818	-0.2876	-0.1902	-0.0266	-1.1897	0.2398	1.5646	-1.4025	-0.7791	-1.8741	0.1382	-0.4363
1.9012	1.3338	1.0716	-0.4317	1.8123	0.5596	-3.4348	0.1437	0.2992	1.3135	0.3955	0.2792	-1.1394	1.5164	1.7461	0.2043	0.2023	0.5070	0.7494	-0.4027	1.7413	0.4012	0.6743	0.6737	0.0507	1.6403	1.3038	0.1457	1.4591	-0.1948	0.5234	1.0767	0.3395	0.5580	1.9482	0.2204	-0.1374	0.0598	0.3552	0.5510	1.2362	-0.8777	0.6039	1.3001	-0.1745	-0.5326	-0.0441	1.2573	1.1378
1.3021	0.9586	2.2375	-0.1196	-0.1500	0.2285	-1.2731	-0.3501	0.1241	1.9460	1.1099	0.8140	0.4561	0.9602	0.9075	-0.8230	-0.3412	2.4789	0.7921	-0.5404	2.1298	0.9117	-0.0626	0.5909	0.0398	-0.0652	0.4514	0.2392	2.1451	0.1748	1.1592	-0.8412	0.0651	-0.3643	1.8508	0.1005	0.7829	0.0779	0.7263	0.8716	1.2673	-0.8067	0.9972	0.0304	-0.4429	-0.0098	0.3754	1.3191	0.8748
-1.3033	-1.2139	0.7660	-0.8151	-0.2865	-0.2539	0.0243	-1.0299	-0.2374	0.1898	-0.1707	-0.2808	-0.4119	0.1028	-0.5132	-1.2581	-0.5788	1.3757	0.5200	-1.6258	1.5077	-0.1045	-1.0581	0.9941	-0.5429	-1.1603	-0.0261	0.8597	1.3393	0.1085	-0.0061	-1.4739	-0.3077	-1.1740	1.6089	0.1592	2.2040	-1.2415	0.8196	0.2925	0.3963	0.2284	0.5427	-0.7101	0.1501	0.5003	-0.0604	0.6484	0.0291
-1.0616	-0.8117	-0.5851	-0.8875	-0.8664	0.1772	-0.0307	0.2460	-1.3356	-0.3278	-0.8253	0.5082	-0.4573	-1.5029	-1.4797	-0.3213	-0.3434	0.7231	-0.9108	-1.6320	1.1666	-0.5273	-1.2813	0.3459	-0.2013	-1.8147	0.1006	0.3131	-0.3907	0.6961	-1.1719	-1.6985	-1.4923	-1.5134	1.6203	1.1621	0.6032	-2.0131	1.0897	-1.3234	-0.5928	-0.3158	0.3281	-1.2406	2.1771	1.7745	-0.5077	0.2977	-0.6674
-0.7221	-1.7180	-1.2403	-0.7133	-1.0972	-0.9329	0.0586	1.6710	-1.4887	-1.0250	-1.2506	0.2902	-1.8782	-1.6419	-1.1949	-0.2361	-0.3149	-1.3912	-1.6759	-0.8207	-0.2729	-1.2191	-1.1943	-0.7196	-0.4452	-1.0221	-0.8711	-0.9581	-1.6920	-0.9960	-1.7507	-1.1968	-1.9210	-0.8415	-1.4160	0.8510	0.5380	-0.9674	1.3790	-1.8652	-1.1179	-0.4800	0.7492	-1.5811	0.9339	0.7904	0.4193	-1.0019	-2.0008
-0.9945	-1.0658	-0.2072	0.5185	-1.0245	-0.5693	-0.2919	2.0815	-1.4054	-2.3851	-1.6468	0.1706	-0.1284	-1.6789	-0.1861	-0.8294	0.5904	-0.8553	-1.3958	-0.7714	-0.8781	-1.1908	-1.3187	-0.8148	0.2690	-0.5497	-1.4011	-1.4406	-1.2517	0.0177	-2.0175	0.1053	-1.6547	-1.5415	-1.8272	1.1640	-0.7217	-0.0631	1.4172	-1.2680	-1.9055	0.1330	-0.6599	-1.7249	1.2329	-0.1140	-0.0220	-1.5588	-0.7743
-0.9538	0.0418	-0.2830	0.6268	0.0449	-0.2295	0.3272	2.4441	-1.0675	-1.4951	-0.5794	-0.0731	0.5208	-1.6558	0.3653	-0.1758	0.6616	-1.9057	-1.0421	-0.1394	-1.9214	-1.0888	-0.5459	-0.6855	0.5654	0.8598	-1.4235	-0.0531	-1.4344	-0.4954	-1.1598	-0.4255	-0.8360	-0.4310	-2.7774	1.3071	-0.6720	0.8466	2.0085	-0.7234	-0.7997	-0.0720	0.6258	-1.0799	0.0618	0.6611	0.6009	-1.8105	-0.2258
-0.7251	0.8663	-1.7331	-0.1079	-0.2761	0.9367	-1.6168	2.0901	-0.8886	-0.4736	-0.0123	0.2661	0.7701	-1.2680	0.4864	0.8288	1.3887	-0.6810	-1.0374	0.0936	-1.4100	-0.2893	0.3034	-1.0677	1.3800	1.1100	-0.7041	-0.2404	-0.5735	1.0123	-1.2350	0.5352	1.0951	-0.6269	-1.6395	1.7732	-0.1274	1.4783	1.7520	0.2839	0.0265	0.5813	0.7535	-0.3880	1.3307	0.8845	0.6049	-0.7188	-0.4644
0.7110	-0.2751	-2.2835	0.2743	-0.9076	0.8771	-0.3159	-0.7940	-0.4025	0.9188	0.3787	2.3904	0.1552	-1.7394	-1.0679	-0.0835	1.0448	-0.9691	-1.1442	-0.4223	-1.7460	-0.2648	-0.2966	-1.1571	0.9510	0.2569	-0.6874	-0.9494	-1.2604	0.4116	-1.0668	-0.7773	0.5432	0.1097	-1.4432	1.4910	0.9189	1.9854	0.8736	-0.4282	0.6113	0.0306	1.3350	-0.6032	0.9533	1.2046	1.4996	-1.1368	-1.7029