IC05	IC08	IC09	IC15	IC16	IC17	IC18	IC19	IC20	IC23	IC24	IC26	IC27	IC29	IC31	IC33	IC36	IC37	IC38	IC41	IC42	IC43	IC44	IC45	IC46	IC47	IC48	IC49	IC50	IC51	IC54	IC56	IC58	IC60	IC62	IC63	IC64	IC65	IC66	IC67	IC68	IC69	IC71	IC72	IC73	IC74	IC75	IC76	IC77
3.9045	1.9878	-0.2773	0.5296	-1.0204	0.4620	-1.2139	2.0991	1.2596	1.0467	0.4602	1.2202	-1.9525	-1.1106	-1.8212	-1.6924	-0.0534	0.3118	1.2597	0.3547	0.8375	-0.6492	0.7634	-0.5765	-0.9794	0.7552	-2.0583	0.7183	-0.5469	-0.1510	-1.3228	-0.9978	-0.0488	-0.8447	-1.2302	-2.3269	0.2098	1.2810	1.4478	1.0611	2.3362	-1.9912	1.3789	0.3094	-0.2816	-0.1751	-0.2165	-0.1590	1.9206
2.4773	1.9122	1.7108	1.1635	-0.4734	1.2900	-2.5310	2.1666	1.4839	-0.4087	0.5681	1.2716	-0.2090	-0.5417	-1.0467	-1.4030	-0.0184	0.7745	1.2952	-0.7038	1.9945	0.8007	1.1922	0.0090	-0.0064	1.7500	-1.4110	2.1546	-0.9278	0.6636	1.0430	-1.6910	0.9151	-0.1564	-0.6027	-0.9180	0.0611	-0.4647	0.0772	0.2168	1.5901	-1.5482	1.1838	0.4607	-0.2684	-0.1266	0.1026	-0.4040	1.8927
3.4590	3.4796	1.6284	4.0812	-1.3496	-1.4337	-0.9716	-1.3907	1.5897	1.8925	2.2336	2.3054	1.4697	2.9773	1.6141	-1.5667	-1.8897	0.4057	1.2456	0.9957	2.2339	-0.5817	1.8140	0.0665	-1.2051	-0.2617	2.5574	-0.3219	0.8179	3.1900	3.2715	-1.1799	0.9833	0.4375	1.0910	2.3296	2.3278	-0.9297	2.6474	1.7912	0.7697	0.3827	1.4076	0.8689	2.8220	3.7385	2.3302	1.5106	2.6793
0.5579	2.1216	-0.4050	0.8644	-0.7223	-1.0278	2.0747	-2.4735	1.9638	2.7401	2.1495	1.0773	-1.2019	0.6019	-0.2283	0.2264	0.2919	1.0368	1.2581	3.1759	-0.9963	-0.3771	0.0189	0.0671	-2.1998	-1.5513	0.8198	-0.3074	0.2978	1.5604	0.6834	2.4823	-3.0645	-1.2707	1.9053	0.2803	1.3745	-0.6179	0.6665	1.4852	1.1655	-1.0914	1.5756	-1.8276	1.1337	-0.6121	1.9484	-0.4359	2.6382
-0.2465	-0.4228	0.1858	-1.9448	-0.8148	-1.8351	0.7732	-0.8147	-0.8686	0.5626	-0.3650	1.0811	-1.3892	-0.1322	-0.4210	0.1735	-0.6400	0.7945	0.9883	-0.1606	-0.9913	-0.2995	0.2078	0.9694	-0.9548	-1.7827	-0.7816	0.3688	-0.9302	-0.1626	-0.4225	0.9602	-1.5253	-0.8075	0.7492	-1.1427	-0.4507	-0.8483	-1.2583	-0.1354	-0.7574	-1.2543	-0.8778	-0.7086	-0.7238	-1.3205	0.1105	-0.3297	0.3091
-1.3608	-0.2245	-0.1836	-1.8910	-0.3376	-2.2148	-0.9128	-0.2981	-1.5594	0.1045	-1.0376	0.0882	-1.4303	-0.2971	0.4116	-0.4314	-1.4868	-1.3868	-1.7092	-0.4102	-0.9788	-2.2778	0.8457	-0.3534	-1.3094	-0.7802	-1.2817	1.0496	-0.8698	-0.5602	-1.1058	0.6262	-1.9721	0.2172	-0.3132	-1.7995	-0.3650	0.5020	-0.4608	-0.0596	-1.0755	0.9399	-1.6162	0.3548	-1.3219	0.5644	0.3423	-0.3099	0.6965
-1.9491	0.1480	0.6526	-1.8162	0.2890	-0.3666	-0.6290	-0.3066	-1.1244	-0.7710	-1.2168	0.1883	-0.9626	-0.2729	0.5494	-0.0874	-0.6579	-0.3163	-0.6885	-0.9655	-1.1971	0.7630	0.9386	-2.1546	-0.1556	1.0892	-0.8069	0.5967	-1.2788	-0.7330	-1.6751	0.2407	-0.2575	0.0978	0.0477	-0.2743	-0.8988	-0.0534	-1.5885	-0.2349	-0.6738	0.8398	-2.0896	0.5070	-1.1415	-1.2786	-0.4706	-0.6175	-0.1591
-1.3879	0.3368	0.0333	-1.5591	0.3409	0.5459	0.4550	0.1670	-0.1743	-0.7347	-1.3151	-0.1774	-0.2284	-0.1414	0.4166	0.9780	-0.4845	-0.5824	-1.0241	0.1197	-0.0040	-0.4677	0.3883	-0.8683	0.2532	1.2583	0.1977	1.2822	-1.0301	-0.1042	-0.8521	1.0903	-0.3850	-0.7276	-0.1774	0.3273	-1.7528	-0.3199	-0.8429	-0.3620	-0.1228	1.2845	-1.4790	0.2798	-1.0783	-0.8150	0.2254	-0.3908	-0.2046
-0.7782	0.6288	0.3295	0.3921	1.1008	1.0857	-0.0920	0.2506	0.0248	-0.9675	0.8041	0.6806	0.2215	0.6282	0.8309	-0.0641	0.0925	0.1271	-0.4396	0.4247	-0.0536	0.6590	1.1711	-0.4366	0.9610	1.3206	0.4250	0.2796	-0.5821	-0.3720	-0.3552	1.7245	0.9978	0.8445	0.2026	0.5158	0.3036	-0.0163	-0.1295	1.8673	-0.8763	2.0412	-1.7794	1.2175	-0.3262	-0.0559	-0.2441	0.0657	-0.9049
-1.3802	0.1260	-0.7707	-0.5238	-0.6925	0.3252	0.6419	-0.0985	-0.3121	-1.5344	1.1616	-0.1840	-0.1022	0.0883	-0.4993	0.4613	0.1359	-0.7886	-0.7893	-1.1028	-0.9756	0.9047	0.6439	-0.4353	0.0527	0.2686	-0.0485	0.4080	-0.2013	-0.2734	-0.2943	-0.8097	0.3521	0.7238	-0.3492	-0.2325	0.7869	-0.3033	-0.4597	0.0428	-0.1095	0.0811	-0.6506	0.0427	-0.6066	-0.7347	-0.8155	0.0841	-1.5103
-1.1132	-0.8112	0.0341	0.2665	-0.8165	-0.3248	0.5389	0.3382	-0.1453	-1.0186	0.1153	-0.1392	-0.5167	0.4566	0.0035	0.5041	1.2411	0.2810	0.2159	0.0210	-0.0845	1.5573	-0.6968	0.8563	1.2696	-0.7979	0.3781	-0.3750	1.0385	0.0875	0.2774	-0.0713	1.2056	0.3534	0.2739	0.1369	0.2641	-0.5514	-0.1444	-0.6290	-0.9546	1.4270	-0.8288	0.6162	0.1066	-1.2072	-0.5132	0.1140	-1.4147
-0.7551	0.0606	-0.3171	-0.5310	-0.2659	-1.5383	-0.0586	-0.0252	-0.2614	-1.2600	-0.0611	-0.3388	-0.9611	0.2968	0.7782	-0.7935	1.5763	-0.1995	-0.8313	0.3903	1.0020	-0.7908	-0.5356	0.5893	1.1128	-1.6427	0.4477	-0.8356	0.9432	-0.1855	-0.4434	-0.2888	0.4216	1.0673	0.2069	-0.2043	0.5409	0.4547	-0.0181	-0.2837	-0.4009	0.7263	0.2150	0.1781	-0.2472	-0.3548	0.1624	0.2281	-0.1783
-0.3080	-0.2894	-0.5323	-1.1541	-0.3603	-1.2328	-0.1083	0.3768	-0.9931	-1.3702	-0.7636	-0.0652	-0.2049	0.2299	0.9523	-0.0855	0.7860	-0.0623	-0.1682	0.7859	0.4434	0.4224	0.1384	-0.2278	0.8274	-0.7484	0.7332	-2.4114	0.6594	-0.6643	-0.6954	0.0102	1.4785	1.2606	0.5850	-0.9197	0.5323	-0.3238	-0.8235	0.0454	0.7448	0.5016	0.2292	0.3272	0.3608	-0.9248	-0.4882	0.4850	-0.4747
-0.8316	-1.6338	-0.8342	-0.8371	-0.9983	-0.0069	0.3380	0.5580	-1.1218	-1.4675	-0.3613	-0.5876	-0.3714	0.4211	-0.6362	0.0824	0.4425	-0.5927	-0.3560	-0.0220	0.5819	-0.0629	-1.2965	1.0647	0.4407	-1.0286	0.3444	-1.1242	0.3466	-0.3894	-0.1537	-1.2821	-0.4909	0.2368	0.4141	-0.5891	0.2304	-0.6080	-0.5679	-1.4103	0.1089	-0.3109	0.3391	-0.5790	0.2386	0.0729	0.2838	0.7106	0.3000
-0.9866	-1.9040	-0.3827	-0.0899	-0.7439	-0.2001	-0.1329	0.7914	-0.8592	0.4596	-0.5565	-0.2430	0.2224	0.6639	-1.3244	0.4067	1.5029	-0.2795	-0.6826	-0.4416	0.6826	-1.4223	-0.9728	-0.3725	0.3342	-1.3742	0.0290	0.1910	0.6396	0.0865	0.5340	-1.4772	-1.1998	0.6949	0.9902	0.1649	0.4339	-0.0682	-0.6399	-1.2537	-1.3788	-0.2769	-0.0362	-0.3517	0.8232	0.0169	0.9878	0.0287	-0.5547
0.1754	-1.3395	-1.2433	-0.5428	-0.6507	-0.9924	0.0949	0.0351	-1.4300	0.5958	-0.1805	0.0309	0.4627	-0.4421	-0.0827	0.3834	0.3141	-0.6579	-0.9489	-0.9882	-0.1738	-1.3086	-0.7219	-1.6451	-0.1203	1.0347	-0.1404	-1.2137	0.7263	-0.7520	0.6311	-1.5106	-0.5653	1.0288	0.7903	-0.0512	0.1361	0.7653	-0.2056	0.0054	-0.7490	-1.6551	0.4988	0.2105	-0.6351	-0.3123	0.7272	-0.1053	-1.4875
-0.1521	-2.0087	-0.8203	-0.3352	-0.5592	-0.3859	0.4549	0.1636	-1.4558	-1.1826	-1.1964	-0.7019	0.6262	-0.1769	-0.4599	0.8494	0.3439	-0.8578	-0.6095	-0.8278	1.0312	-0.5787	-1.8811	-0.1680	0.2150	0.9450	-0.2520	-1.6839	0.7908	-0.6122	0.4279	-0.5579	-0.4370	-0.8266	0.6855	-0.1786	-0.9352	-0.5263	-0.4477	-0.9251	-0.2268	-1.0737	-0.2858	0.1410	-0.2318	-0.5922	0.0523	-0.2764	-2.6348
-0.0572	-1.8214	0.3070	1.6253	1.3079	1.2738	0.4143	0.1060	0.0601	-1.0404	-0.4899	0.4134	1.0431	0.4690	0.1809	0.5082	0.8732	0.1725	0.2675	0.1470	0.6984	-0.5529	-1.2421	-0.9664	0.4301	0.5278	-0.3707	-1.2430	1.7135	-0.2993	1.4813	1.2972	0.9121	0.6556	0.2305	-0.4075	0.0088	-1.0955	-0.3654	-1.4517	-0.9791	0.8326	-0.8045	-0.2199	0.4535	-0.9757	-0.6803	-0.3703	-2.0913
-0.5128	-1.0153	-0.8028	-0.1316	0.8111	-0.3502	-0.0268	-0.4702	0.1000	-0.5299	-0.0558	-0.7184	-0.0716	-0.5316	-0.1571	0.1749	-0.1704	-0.8675	-0.8909	-0.4752	-0.1662	-2.1477	-0.8539	-1.2790	-0.5272	0.9239	-0.9189	-1.5221	0.3187	-0.6164	1.1525	0.0604	-0.4654	1.5542	-0.4894	-1.0618	0.8557	0.7833	-0.3794	-1.5985	-0.3725	0.0400	0.5648	-1.1068	-0.4617	-0.1417	-0.7664	-0.2310	-0.5869
-0.8464	-1.2131	-0.0522	-0.4292	0.3615	0.1955	-0.2240	-0.2007	-0.4625	-0.4687	-0.2435	-0.6185	0.5637	-0.3237	-0.5321	0.8845	0.3574	-0.9935	-0.7788	-0.8533	0.0536	0.2553	-0.9155	-0.8496	-0.7320	0.4781	-1.0645	-0.9234	-0.5677	-0.1964	0.6792	-1.1652	0.0727	0.5731	0.1654	-0.5635	0.7528	0.1597	-0.9204	-1.4549	-0.1430	0.5645	0.1056	-1.1589	0.1684	-0.9478	-1.7388	-0.2704	-1.0254
-0.3322	-1.2883	0.2397	-0.3548	0.8798	0.6547	0.8962	-0.1160	-0.2295	0.3443	0.0498	0.0694	0.5055	-0.4136	-0.1701	0.8251	-0.3050	0.0866	-0.0011	-0.5732	0.2266	0.6113	-1.3843	1.6363	-0.1042	-0.5809	-0.4016	0.0883	-0.5143	-0.7493	0.1601	-1.6328	0.3306	0.5460	0.1992	0.4360	-1.2312	-0.0911	-0.9023	-0.8731	-0.9944	0.2400	0.1161	-1.0976	-0.2966	-0.6752	-1.3053	-0.3800	-1.2512
0.1015	-0.9217	0.5697	-1.1452	0.4885	-0.7968	0.1605	-0.1724	-0.0897	-0.9331	-0.1158	-0.4474	0.4393	-0.0315	-0.2582	1.1649	0.7767	-0.0075	-0.4919	-0.2170	-0.4733	-0.5073	-1.2709	0.1111	0.4295	-1.3279	0.2255	0.8073	-0.0111	-0.1800	-0.0801	-0.0971	-0.8721	0.5871	-0.7531	0.4090	-0.9241	0.4973	-0.0014	-0.2229	-0.8377	0.8620	0.3347	-0.8319	0.0658	0.3146	-0.9804	-0.5139	-0.6152
0.8823	-1.0663	0.2263	0.0577	0.5220	0.7251	0.3216	-0.1499	-0.4267	-1.1363	-0.9580	0.8030	1.6266	0.3744	0.8681	1.0093	0.7314	0.3425	-0.1612	0.5438	-0.8047	0.7483	-0.1260	-0.9595	1.0219	0.0634	1.1253	0.0635	0.3099	0.3394	0.8629	1.2088	0.2523	0.6277	-0.7915	0.4680	-0.7122	-0.1800	0.0201	0.9555	0.3248	1.5249	-0.4222	0.1756	0.7033	0.1800	-0.6203	-0.4894	-1.5524
-0.9916	-1.1928	0.0521	0.0233	-0.3141	1.5649	0.8660	0.0420	-0.8604	-0.1139	-1.3850	-0.7548	1.7415	0.0833	-0.9755	1.3336	-0.1675	-0.2904	-0.4477	-0.6496	0.3970	1.2623	-1.5453	1.1450	0.7585	-0.3319	0.5915	-0.3061	-0.3102	-0.1618	0.3717	-0.1165	-0.9659	-0.7931	-0.4517	0.6710	-1.0905	-0.1910	-0.8641	-0.3961	1.5500	0.9267	-0.1861	-0.5425	0.6101	-0.0572	-0.3667	-0.4448	-0.6540
-0.7308	-0.8672	1.3845	0.8570	0.8894	1.6291	0.4477	0.1187	0.2772	-0.2034	-1.0761	-0.5318	1.9681	0.4202	-0.8917	0.8714	0.7445	0.2419	0.6455	0.2667	0.1024	1.1857	-0.4721	0.6234	0.9946	0.7075	0.7303	-0.0386	0.3289	0.2655	0.5603	1.3273	-0.1982	-0.6133	0.2217	1.0495	-0.2818	0.2168	-0.4117	-0.7854	-0.0225	1.5208	-0.9613	0.6227	1.2340	-0.3528	0.2946	0.0302	-0.2065
-0.3227	-0.0949	0.3214	-0.7072	1.5917	0.6198	0.8510	-0.4680	0.3976	-0.1860	-0.0738	-1.3554	0.9707	0.0624	-0.0621	-0.1203	0.2046	-0.5693	-0.0892	-0.2822	-0.4053	-1.0392	0.3073	-0.0537	-0.4111	0.7887	0.9547	-0.0127	0.4035	-0.2622	-0.2708	1.2491	-0.4288	0.7609	-0.8894	0.3004	0.6492	2.0195	0.5151	0.0924	0.2194	-0.1276	0.6658	0.6168	-0.0595	0.8631	0.6561	0.3494	0.7286
-0.8985	0.1674	-0.0239	-0.4540	-0.0365	1.1932	0.2142	0.0991	-0.8136	-0.0372	0.9528	-1.2965	0.9441	0.5335	-0.5636	0.2446	0.6813	-0.8376	-0.1465	-1.0487	-0.3402	1.1320	-0.4707	-1.0329	-0.0145	1.1499	0.6865	-0.1434	0.1013	0.3053	-0.2179	-0.1139	0.7877	0.7279	-0.2781	0.3113	1.3462	1.1229	0.1035	0.1690	1.3040	0.4516	0.6506	1.0191	1.0540	0.7487	-0.7639	0.2876	0.2407
-1.1454	0.1704	-0.3755	0.0245	0.6236	1.1910	1.2834	-0.4333	-0.1661	1.3514	1.2874	-1.0572	0.2311	0.2750	0.6714	-0.4640	-0.0004	-0.2329	-0.8211	-0.0689	-1.1626	0.3398	-1.2476	1.3266	0.2778	0.2295	1.1132	-0.0052	-0.2741	0.0154	0.0699	-0.2255	0.8498	-0.3830	-0.7734	0.7664	-0.7832	1.7700	1.2231	-0.2349	1.2521	-0.2253	0.7924	0.4194	0.6251	0.5379	0.4392	0.9458	0.4200
-1.4064	0.7293	1.5755	0.3458	1.1959	-0.4784	0.0735	-1.7246	0.2885	0.0199	-0.2784	-1.9824	-0.3795	0.2995	0.5097	-0.3134	1.0904	0.8672	0.0773	1.3251	-0.9526	-0.1732	-1.5157	0.3318	1.4478	-0.7529	1.2105	0.7763	-0.9451	0.3626	0.3730	2.0251	0.4363	-0.8325	-1.2746	1.0987	-0.0836	1.8194	1.5237	0.3839	0.5133	0.3748	0.1457	-0.0543	1.8071	0.1790	-0.0788	0.4821	0.1701
0.7943	0.5565	0.1459	0.6180	1.8258	-0.0570	0.3865	-0.7481	-0.9558	-1.1314	-0.6023	-0.1672	-0.3922	-1.0746	0.8638	-0.4043	-0.8547	-0.1095	-0.6314	0.7667	-1.4716	1.0853	0.0569	-0.6260	0.8662	0.5501	0.1816	-0.5372	-1.1711	0.0843	0.7766	0.9392	1.8146	0.7291	-1.9893	0.5927	0.0840	1.8148	2.7303	1.1749	1.7744	0.8179	1.7286	0.8836	0.6347	0.3491	0.5745	-0.4478	0.1165
-0.7181	-0.3189	0.3139	1.7686	-0.0457	1.1410	0.4162	-0.8506	-1.0107	0.1644	-0.3599	-1.7813	0.3780	0.2737	0.6556	0.5456	0.1647	-0.3637	-0.2687	-1.0748	-1.8196	1.2578	-1.2692	1.9635	0.8232	-1.1801	0.4814	0.4115	-0.5982	1.0168	-0.5508	0.7204	-0.0492	-1.6834	-1.9543	0.9331	0.5347	1.6259	2.7303	0.8186	0.5387	0.7516	1.0005	0.9353	1.1902	0.5473	-0.5043	0.6109	-0.1315
-0.4295	0.2039	0.1726	1.3239	0.4102	-0.2781	-0.5056	-2.0574	-1.0304	0.3723	0.9778	-2.3351	0.3079	0.6917	1.7582	-0.5585	0.2014	-0.3697	-0.3210	0.4942	-1.4299	0.2663	-2.0793	0.3838	0.3255	0.5787	1.8350	2.7318	0.3741	1.8657	0.1894	2.2340	-0.0762	-0.9625	-0.7194	1.1645	1.5249	1.4951	1.8302	0.7855	-0.5762	-0.1129	0.3343	2.4285	0.8380	2.5462	0.7595	1.2994	1.0034
-0.0008	1.4409	-2.1038	1.4667	-0.3804	-1.4669	1.5811	-1.1221	-0.9397	1.6056	1.1073	-0.9054	0.8304	0.5072	0.3141	0.1984	-1.1140	-1.2431	-0.3311	0.6989	-0.8942	0.4135	-0.1945	0.3551	-0.3456	-0.3651	0.9853	0.3739	0.6833	1.0929	-1.7888	1.4940	-0.0819	-2.3492	0.5875	0.6189	1.4151	1.0569	0.8673	1.3275	0.6562	-0.7926	0.2504	1.5738	0.9257	1.8616	1.0629	1.8766	1.5012
4.0719	1.7141	-1.8253	1.6654	1.0425	1.6428	2.7683	0.9593	3.1967	0.0885	-0.0461	3.0922	-1.0614	2.0904	-1.1617	-1.2263	-0.3982	3.5940	4.9462	1.4050	-0.9190	2.2903	1.3221	1.0272	0.8845	-1.9127	1.0575	-0.5759	3.3133	1.3405	-0.1704	0.2983	0.7154	-1.8451	1.5702	-0.0047	1.8445	-1.5654	2.6261	1.1468	-0.2060	0.3086	0.5915	-0.0003	0.5432	3.2075	2.4676	2.1825	2.3521
0.9087	0.6384	-0.0847	-0.6277	-0.2831	-0.0487	-1.5194	1.8096	0.8476	1.0624	-0.6823	0.7686	-1.2426	0.4468	-0.0188	-0.8243	-0.7865	1.8658	2.5400	-0.7785	0.1827	-0.8892	1.6200	0.6234	0.2186	-0.5229	-0.0602	1.1686	0.2291	0.0038	0.0357	-0.4968	0.2944	-0.6116	1.1778	0.4542	0.3510	-0.4636	-0.3200	0.2066	0.2382	-0.4877	0.0317	-1.6815	0.0511	0.7488	0.5469	0.0035	0.2426
-0.6119	0.6759	0.1827	-0.5645	-1.2802	0.8412	-2.1085	1.8257	-0.6800	0.8056	-0.3904	-0.2999	0.1170	-0.8302	-0.4741	0.0292	-0.5593	0.2206	0.6435	-1.2153	0.3855	0.4922	1.3380	-0.3592	-0.1004	1.1011	-0.7721	0.8184	-0.8606	-0.7453	0.0914	-0.5990	-0.1679	-0.1487	0.0037	0.1944	0.2359	-0.1311	-1.9118	-0.6494	0.3566	-0.9210	0.0877	-0.9673	-1.1139	-0.7609	-0.1389	-0.3678	-0.2994
0.5736	0.0670	-0.3076	0.0169	0.7252	1.2812	-1.2263	1.2314	0.7490	0.9743	1.0081	0.2831	0.1552	-1.4649	0.3536	0.1120	-1.6122	0.6589	0.4077	-0.3528	-0.0949	0.4088	1.1820	1.8565	-0.1284	1.6967	-0.8288	0.4739	-0.8281	-0.0793	0.0059	-0.2171	-0.0127	-0.7412	-0.3734	0.3151	-1.3851	-0.1033	-0.2800	-0.5408	-1.0184	-1.3874	-0.1423	-0.8567	-2.0680	-0.1952	0.2635	0.4685	0.0545
0.8016	0.3842	0.0632	-1.1477	0.8828	-1.0689	-1.8774	1.2100	1.6014	0.2439	0.2265	0.1565	-0.6590	-1.1354	-0.1897	-0.7688	-0.2132	0.6352	-0.5103	0.1352	0.6517	-0.6361	0.3987	0.6646	0.1269	0.4872	-0.4436	0.2196	0.1244	-0.2905	-0.4421	-0.8731	-0.5807	-0.2740	0.1602	0.9551	-1.3098	-0.5208	-0.0829	0.0946	-1.2133	-0.7953	-0.2152	0.2539	-0.8319	0.4737	-0.7640	0.0878	0.2384
1.1974	0.3254	0.3012	-1.4344	1.6730	-1.2554	-0.6093	0.3448	1.1920	0.7197	0.0701	1.2934	-0.6923	-1.5223	0.1782	-0.8763	-0.2837	1.4525	0.3741	0.7272	0.4964	1.2771	1.3088	0.6515	0.3862	1.0905	-0.2449	-1.2983	0.1895	-1.2368	-0.9009	-1.0064	1.1872	0.3799	0.5419	1.2125	-1.0710	-1.3519	-0.9958	1.2854	-1.0687	-1.0553	-0.4709	0.5537	-0.6134	-0.0592	-0.9240	-0.4808	0.1401
1.2599	-1.0637	0.1315	-0.8092	-0.0149	-0.0193	-0.7847	0.5175	0.6632	-0.3198	-0.4611	0.2314	0.0908	-1.1527	-0.4811	-0.6775	-0.2622	0.4501	0.5951	-0.9262	1.0570	0.4452	0.6391	2.1572	0.1601	0.5798	-0.4676	-0.4625	-0.1077	0.0081	-1.7196	-0.9773	-0.2872	-0.9570	0.3571	1.0405	-1.2134	-2.1706	-0.7325	-0.1577	-0.7579	-1.2243	-0.9270	-1.0523	-1.1538	-0.3732	-1.0586	-0.2520	0.0685
0.4642	-0.5386	0.7324	0.6474	0.8287	0.8763	-1.8006	0.7786	1.2049	0.4038	-0.8146	0.8849	0.6930	-0.7945	0.1811	-0.2458	0.0628	1.2373	0.8549	0.1037	0.5759	0.1878	1.3609	1.0449	0.4153	0.1757	-0.6986	0.1445	-0.0073	0.2374	-1.3503	0.5077	0.2280	-0.5406	1.3898	0.9663	-0.7230	-1.8865	-0.6754	0.1240	-1.4687	0.3291	-1.3093	-0.7744	-0.1719	-0.6598	-0.4048	-0.1839	-0.3398
0.4723	0.2480	-0.2551	-0.3113	-0.1586	-0.2121	-0.7648	0.0344	0.5927	0.4956	0.7137	0.2288	0.1618	-1.2425	0.0121	-0.5937	-1.1934	-0.2945	-0.2316	-0.8046	-0.1838	-0.6118	0.8931	-0.2440	-1.0563	0.8766	-0.7790	0.0189	-0.8234	0.0589	-1.1821	-0.7728	-0.9533	0.5098	0.5486	-0.2264	-0.2380	-0.4496	-0.6687	0.0733	-0.5560	-1.4953	-0.2242	-0.3362	-1.1084	-0.4352	-0.9560	-1.4783	-0.0327
0.4540	-0.0482	0.6160	0.8969	-0.8638	0.7921	-0.1264	-0.2433	0.4172	1.0828	0.7319	0.0923	0.1728	-0.8989	-0.0359	-0.0703	-0.4811	-1.1320	-0.1935	-1.1248	-0.0291	-0.0625	0.1000	-1.3764	-0.6481	-0.4261	-1.0157	0.3711	-0.7588	0.5560	-1.4213	-1.0280	-0.0157	-0.6928	-0.3299	-0.2771	-0.3234	-0.4271	-0.0159	0.0010	-0.1214	-1.4750	-0.5222	-0.0242	-0.2138	-0.6453	-0.8893	-1.0757	-0.2470
0.7732	0.0462	0.4734	0.8812	-0.0197	0.8243	0.5162	-0.4715	0.8534	1.6903	0.9407	-0.3520	-0.0395	-1.4763	0.4600	-0.2339	-0.4753	-0.7407	-0.4496	-0.8307	-0.6496	-0.7044	0.1058	0.3056	-0.0323	-0.6856	-0.4511	0.8731	-1.1025	-0.3310	-2.2984	-0.9006	0.1696	-1.3174	-1.2033	0.5804	-1.6097	0.3088	0.5437	-0.3615	-0.4850	-2.1595	0.0211	-0.3180	-1.2518	0.2901	0.7869	-0.1236	-0.2215
0.5342	0.5505	0.4582	-0.1068	0.3364	-0.6920	-0.2244	0.3097	0.6650	0.8166	0.6907	-0.5872	-0.2386	-1.3930	0.6151	-0.8816	0.2416	-0.2776	-1.3673	0.0672	0.1158	-0.7035	0.4466	-0.2425	0.2578	-0.8536	-0.4681	1.2868	-0.2913	-0.6012	-1.4533	0.1083	-0.3053	-0.1787	-0.9928	0.5783	-0.7712	0.1434	-0.0557	0.3393	-0.2666	-0.3821	0.0079	0.4371	-0.5562	1.2085	-0.4118	0.2607	-0.4655
-0.0851	0.4288	0.3007	0.0632	1.0974	-0.5298	0.0319	0.0246	0.2192	1.5161	0.0105	0.7127	0.8157	-1.5799	1.0450	0.1054	0.0033	0.4782	-1.0154	1.4214	0.2440	1.3364	1.7258	-0.1388	0.8661	0.9201	-0.0623	-0.3457	-0.9527	-1.1224	-0.9975	0.2523	1.0956	0.6579	-0.0967	0.8229	-0.4960	-0.0623	-0.8654	0.4786	0.0053	0.4903	-0.0805	0.1722	0.6388	1.1641	-0.9176	-0.1510	-0.8244
-0.0697	-0.6115	0.4993	0.7049	-0.1134	0.7419	0.0202	0.0621	0.1111	-0.2319	-0.4055	-0.2086	0.8000	-1.4404	0.1512	0.8016	-0.2881	-0.2692	-0.8705	-0.2650	0.9644	1.2461	1.1206	1.4809	1.1892	0.5522	-0.2691	0.3982	-1.1495	-0.1624	-1.5386	-0.1699	0.0360	-0.6179	-0.2007	0.4297	-1.1630	-1.1877	-0.5426	-0.9940	-0.4943	0.5175	0.1526	-1.0929	-0.0786	0.4789	-0.8096	-0.5969	-0.7005
-0.1027	0.4874	1.5129	2.2738	0.7449	1.9187	-0.3765	-0.0546	0.8686	-0.2820	0.0931	0.0659	1.4772	-0.5501	0.9981	1.2988	0.3177	0.8697	0.1595	0.8300	0.7457	1.4343	1.4216	1.1381	2.0998	0.6032	-0.3831	0.4866	-0.4310	0.0122	-0.5352	0.7030	0.6551	-1.2426	0.7565	0.5310	-0.6836	-1.4066	-0.2398	-0.1929	-0.7979	1.1815	0.1234	-0.1976	0.7189	-0.1407	0.3965	0.2063	-0.4234
0.3673	0.9178	-0.3566	0.6487	-0.0874	0.3733	0.1933	-0.4089	0.7773	-0.8049	0.4339	-0.5254	0.6068	-0.8020	0.5821	0.5355	-0.9665	-0.0680	-0.3781	0.1925	0.0614	-0.3613	1.3929	-0.2798	-0.1274	0.7815	-0.7711	0.7246	0.0994	-0.0682	0.2196	-0.2719	-0.0072	-0.1123	-0.1194	-0.4262	0.1397	-0.1486	0.1706	0.0872	0.4576	-0.7456	0.6674	-0.1665	-0.2339	0.1974	-0.6109	0.1293	-0.1275
-0.5175	1.2175	0.2726	0.2788	-1.5578	1.2038	-0.0219	0.0718	0.3821	0.1611	0.4562	-1.3551	0.4154	0.0008	-0.2772	0.4436	-0.4180	-0.4772	0.1125	-0.4034	1.0478	0.3841	1.4099	-1.3649	-0.9705	-0.0902	-0.5449	0.7207	1.2503	0.2284	-0.0833	-1.0064	0.9238	-0.1214	-0.1044	-0.5171	0.6008	0.1733	0.2490	-0.1321	1.7303	-0.4259	0.3726	-0.6190	0.6784	0.0435	-0.3693	0.8369	0.4426
0.3315	0.9003	-0.1589	0.3350	-1.1063	0.6682	0.1768	-0.1933	1.2647	1.8710	0.5881	-0.7688	0.2903	0.0656	0.6138	-0.0469	-1.1841	-0.0178	0.2343	0.3833	0.9922	-0.5011	0.3869	0.1050	-1.4639	-0.5964	0.3202	0.6123	1.2080	-0.1339	0.5786	-0.9239	0.8529	-0.4966	-0.5100	-0.3487	-0.7969	0.7817	0.8163	-0.4288	0.9770	-1.1192	0.8014	-0.4379	-0.1707	-0.0507	1.7548	0.8708	1.0729
0.5878	1.0960	-0.7498	-0.0875	-0.3633	-0.9691	-0.2440	0.0094	1.3547	0.1813	0.6167	0.1658	-0.1796	0.0565	0.5313	-0.4818	-1.0192	-0.1571	-0.6454	1.3794	1.1023	-1.5968	0.3335	-0.5137	-1.7938	-0.2353	-0.2445	0.2244	1.9054	-0.2834	1.4151	0.5704	0.4079	-0.2392	-0.4608	-1.7161	-0.2291	0.6522	0.0020	-0.2308	1.1761	-0.0351	0.7597	0.7732	-0.7159	-0.1080	1.2554	0.2642	1.5113
0.2495	1.3955	-0.8100	-0.4653	0.3909	-0.5382	0.3329	-0.1721	0.9970	0.7955	0.7451	0.6633	0.0039	-0.1007	0.1099	-0.3422	-1.1896	0.4916	0.0272	1.3042	0.5877	0.9704	0.9399	-0.5774	-1.7903	1.2793	-0.4040	-0.8566	1.7041	-1.0331	0.9860	-0.0332	1.1597	0.2049	0.2538	-1.4487	-0.0259	0.9335	-0.9511	0.1708	1.2898	-0.1062	0.6729	0.7563	-1.5642	-0.7850	0.8557	-0.3822	1.7031
0.7162	0.1430	-0.1409	-0.5432	-0.0010	0.3146	0.6727	0.0831	0.7534	0.4810	-0.1252	-0.2949	-0.0541	0.5261	-0.4487	-0.5652	-0.1790	0.3239	0.6535	0.3305	0.7243	0.4361	0.7456	0.2223	-1.2969	-0.1082	0.0537	-0.3967	1.1747	-0.3427	1.0557	0.2099	-0.2931	-0.5485	0.1061	-0.4371	-0.8880	-0.3277	-0.7008	-0.4026	0.1312	-0.4452	-0.2644	0.7315	-1.7488	-1.1989	0.3986	-0.9578	1.1713
0.3529	0.4880	0.7711	-0.6872	1.0368	-0.6757	-0.6316	-0.1228	0.9340	0.4495	-0.2602	1.0863	-0.2014	1.2295	0.4246	-0.3755	1.3850	1.3410	0.7344	0.5499	0.4967	-0.4906	1.1009	0.3777	-0.5654	-1.2553	0.0757	-0.3433	0.2343	-0.5414	1.7551	0.2009	0.5656	0.1128	0.3770	0.0977	-0.1497	-0.5241	0.0378	0.4597	-0.1874	0.3969	-0.0543	0.5689	-0.4325	-1.2545	-0.8183	-1.4265	0.4903
0.2986	-0.2767	0.4629	-0.5719	-0.6065	-0.2256	0.1563	0.0024	-0.8562	-0.5706	0.7517	0.3376	-0.1720	1.3665	0.0124	0.0601	0.8467	-0.6747	0.0066	-1.2694	-0.9816	-0.2696	1.0736	-0.0555	-1.5320	-0.5039	-0.4445	-0.5155	-1.5283	-1.0295	0.7221	-0.7451	-0.9863	-0.5425	-0.3771	-0.7277	0.8611	-1.1224	-0.8259	-0.2570	0.4166	-0.9406	-0.0432	-1.2062	-0.9916	-0.0428	-1.7055	-1.9803	-0.1126
-0.5427	-0.9465	0.7062	0.4205	-0.8011	1.2431	-0.1651	0.2916	-1.1885	-0.8620	-0.5527	0.4920	0.1597	1.4389	0.3872	0.0533	1.2852	-0.4752	0.4551	-0.4262	-1.1290	0.3782	-0.1636	0.9157	-0.9191	-0.6039	-0.2992	-0.3818	-0.7238	-0.6117	0.7425	-0.0227	-0.5037	-0.8923	-0.3957	-0.6440	-0.1533	-1.4164	-0.3002	-0.2528	-1.2309	-0.0344	-1.0458	-0.8699	-0.8450	0.1109	-0.6051	-0.5861	-0.3097
-1.5433	-0.5407	-0.3961	-0.4502	-0.5910	-0.8004	-0.5936	-0.1241	-0.8351	-0.7789	-0.2822	0.1130	-0.3021	1.0961	0.3017	-1.3389	1.4266	-0.8599	-0.6706	-0.4211	-0.3167	-1.8941	-1.0061	0.1628	-1.5698	-1.6836	-0.4760	-0.9786	-0.0662	-0.9854	0.8488	-0.0326	-1.2054	0.2281	-0.7550	-1.0163	0.9142	0.0807	-0.2312	0.3313	-0.8587	-0.1668	-0.4264	-0.6683	-1.3069	0.5217	-0.6023	-0.0591	-0.0674
-1.8379	-0.3703	-0.1359	-0.1728	-1.5914	0.6166	-0.8747	-0.1878	-1.3221	0.2514	-1.3394	-0.4455	0.2556	1.3270	-1.2225	0.1928	1.1192	-0.4921	0.0676	-0.5980	-0.0820	-0.3919	-1.4671	-1.6802	-1.5944	-1.0473	-0.5078	-0.9562	-0.1582	0.2288	0.5843	-0.7990	0.0141	0.4494	-0.3828	-0.7854	1.0985	-0.0370	-0.3365	0.2047	0.2338	0.3727	-0.7051	-1.1082	0.3625	0.0275	-1.3610	0.4010	-0.2029
-0.3686	-0.0063	-0.4609	-0.4294	-0.2916	-0.2529	-0.4256	-0.4381	-0.3109	1.6016	-0.1734	-0.2811	-0.5251	0.7547	-0.5468	-0.3010	-0.6086	-0.2380	0.2300	0.2318	-0.4917	-1.2608	-1.1425	-0.3374	-1.7107	-1.0919	0.0213	-0.0268	-0.4212	0.1276	0.9642	-1.1671	-0.1408	1.3027	-0.6011	-0.4853	-0.6146	0.6812	0.1186	0.5497	0.4614	-0.9924	0.2892	-1.3607	-0.5731	-0.1552	0.9445	0.4089	0.4046
0.1999	0.2977	-0.9897	-0.9269	-0.2170	-1.1192	-0.2770	-0.2645	-0.6661	0.4805	0.0142	-0.3282	-0.8287	0.5074	-0.2510	-0.6853	-0.7390	-0.7508	-0.4760	1.1088	-0.2025	-1.4737	-0.7413	-1.3310	-1.6009	-0.1016	-0.0739	-0.5672	0.4630	0.2407	2.0101	-0.0994	-0.8412	1.7578	-0.4864	-1.3553	-0.2987	-0.2006	-0.6535	0.7177	0.0842	-0.1398	0.3278	1.0998	-0.4914	-0.2990	1.3333	0.0010	-0.0086
0.0683	-0.1097	-0.9374	-0.9878	0.3643	-0.8834	0.6017	0.1264	-0.1603	1.2081	-0.7913	0.5236	-0.6264	0.5552	0.0084	-0.6530	-0.9724	0.4787	0.3910	1.7219	0.3420	0.1544	0.2115	-0.1342	-0.7474	0.4416	0.1866	-1.7522	0.9498	-0.5499	1.6965	0.3762	0.4203	0.7873	0.6667	-0.7870	-0.6025	-0.2703	-0.8199	0.3717	-0.0354	0.6107	-0.0042	0.4862	-0.7206	-0.2142	1.4807	0.0898	0.5090
-0.1246	0.2003	-0.4641	-1.1047	-0.2419	-1.5074	0.0335	0.4453	0.5280	-0.2301	-0.4088	-0.3454	-0.9324	0.5248	-1.0077	-1.0923	0.1618	0.4214	0.2670	0.7384	0.1711	-0.9064	-0.2056	-0.3033	-0.7174	-0.7217	0.4209	0.6107	0.6364	-0.0668	0.9965	0.5230	-0.5661	0.7799	0.4594	-0.7339	-0.5682	0.1003	-0.1774	-0.2596	-0.1745	0.9491	-0.2361	0.6728	-0.0636	0.1397	0.2241	0.4326	1.3281
0.0577	0.6330	-1.0480	0.1173	-0.1878	-0.9984	0.3498	-0.6637	-0.5029	-0.6453	-0.0732	0.3126	-0.9564	0.7874	-0.3810	-0.5402	-1.0651	0.3335	0.5349	0.9934	-0.3249	0.4142	0.5707	-1.7119	-0.5567	0.9018	1.2645	0.2534	1.0530	0.4131	0.8212	0.5134	0.9350	2.8287	0.5677	-0.2365	0.3719	-0.6172	0.0404	1.0063	0.3211	1.2501	-0.4623	1.3386	0.7005	0.1139	-0.3167	0.7480	1.0766
-0.1725	-1.1278	-0.7265	0.5615	-1.2723	0.2835	0.7325	-0.5415	-0.1862	-0.4095	-0.9915	-0.7378	-0.3897	0.6075	-1.8205	0.3845	0.1054	-0.0262	0.9148	-0.0867	0.9966	-0.4587	-0.7030	0.7951	-0.5697	-0.3453	0.8790	-0.2288	0.6301	0.1405	0.3285	0.2846	-0.0567	0.8918	0.6891	-0.3481	-0.4107	-0.6232	-0.8264	-0.5116	0.0252	0.3756	-0.3246	-0.8552	-0.3021	-1.0708	-0.8942	-0.1982	-0.2087
-0.3371	-0.1681	-0.1016	0.5645	-0.2240	-0.0853	-0.2000	-0.6084	0.8602	-0.7706	-0.9219	-0.0146	-0.7492	0.3620	-1.1227	1.0178	0.5134	0.6886	0.9658	1.0133	1.2526	-0.6916	0.1528	0.5387	0.4299	-0.9832	-0.5299	-0.7299	0.9232	-0.3465	0.4719	1.0749	0.6587	1.1381	1.0803	-0.6414	0.1541	-0.8919	-0.8118	-0.5365	-1.3276	1.4212	-0.0553	-0.6126	0.4220	-0.8954	-0.5433	-1.0502	-0.9534
-0.8538	-0.6517	-0.1114	0.1365	-1.2378	-0.0852	0.5776	-1.0167	-0.4846	-0.8217	-0.2736	-0.6795	-1.0104	-0.2775	-1.8613	1.1173	-0.5666	-0.5188	1.0110	-1.0529	0.2210	-0.2153	-0.3349	-0.8009	0.0529	-1.1186	-1.0498	-0.3250	-0.4172	-0.0241	-0.2639	-0.5891	-0.3448	0.8662	0.7075	-0.4342	0.9949	-1.2317	-0.8613	-1.7151	-0.4695	-0.0112	0.1333	-2.0651	-0.0557	-0.5903	-0.7334	-1.7903	-1.0333
-1.2297	-1.0156	-0.1725	-0.6334	-0.5423	-0.2472	0.0302	-0.2862	-0.6330	-0.0008	-1.1888	-0.1627	-1.2301	-0.4849	-1.0821	0.4637	-0.6484	-0.4574	0.3420	-0.4637	0.5115	-1.2683	-1.2074	-0.7650	-0.0314	-1.6475	-1.3259	-0.0636	-0.9087	0.4793	0.3968	-0.7171	-0.5919	0.3798	0.7565	0.0624	-0.6929	-1.0198	-0.5005	-1.1937	-1.6047	-0.1196	-0.1388	-1.2771	0.0746	-0.4560	0.4823	-1.8126	-0.3600
-0.5175	-0.1538	-0.2099	-0.9886	0.3551	-1.3869	-0.6932	-0.2428	-0.2346	0.2583	-0.5971	1.3073	-1.6537	-0.2045	0.4309	0.3988	-0.4631	0.1471	-0.0319	0.4767	-0.4632	-1.4708	-0.0996	-0.7325	0.3353	-0.5533	-1.4132	-0.1992	-1.0335	0.0577	0.5344	0.4912	0.5360	0.2325	0.2721	0.0506	-0.5958	-0.2696	0.3973	0.5956	-0.8644	0.9113	0.0716	0.0257	0.6699	-0.9174	-0.2812	-1.7793	-1.2255
0.0386	-0.8823	0.0245	-0.2438	-1.7735	-0.5863	0.0324	-0.0332	-1.0857	-1.2528	0.1548	-0.2113	-0.9398	0.9157	-0.4762	0.9336	-0.5022	-0.7343	-0.0172	-0.7526	-0.7798	-0.0089	-0.7374	-0.6494	0.5178	0.0190	-1.0797	-0.4452	-0.9819	0.4650	-0.1353	0.0772	-0.8344	-1.1980	-0.2622	-0.2308	-0.2666	-0.9342	0.1463	-0.4494	-0.0719	0.0787	0.0683	0.2290	0.9675	-0.7280	0.4244	-1.0491	-1.1937
0.3380	-0.0120	-0.1460	0.5730	-0.0929	-0.7719	0.4595	-0.2125	-0.4074	-0.7905	-0.3414	-0.2738	-0.5142	1.3534	0.6365	1.0609	0.4346	-0.2262	0.0877	0.3755	-0.7579	0.0629	-0.5341	-0.5567	0.7315	0.5990	-0.0067	0.1669	0.0582	0.7370	0.3216	1.3009	-0.2714	0.1065	0.5295	-0.2364	0.0166	-0.8781	0.0136	0.6740	-1.0149	1.2023	-0.4172	2.1163	1.6285	-0.5394	0.2231	0.6233	-0.7549
-0.8755	0.0449	-1.4877	-0.6125	-0.2558	-0.5774	1.7253	-0.1845	-0.4201	-1.0844	0.1081	-0.5979	-1.0645	0.2209	-0.1660	0.3643	0.1018	-0.6479	0.3613	-0.4926	-1.4696	0.7769	-0.9612	-0.4408	-0.5873	0.8375	0.4276	-0.3925	-0.2338	-0.2029	0.1228	0.0137	-1.0070	1.5817	0.5909	-1.0357	1.3376	-0.4478	-0.4886	0.5068	-0.3154	0.2067	0.0915	1.9463	-0.1612	-0.5441	-0.2247	0.1643	-0.2437
-0.6226	-0.9079	-0.2640	0.1480	-0.7724	0.8231	1.5703	0.0878	-0.3869	-1.3653	0.2540	-0.1889	-0.3694	0.2167	-0.4227	0.2487	0.3168	-0.5943	0.0678	-0.7795	0.1465	0.9823	-1.4517	0.5342	0.0485	0.0478	0.6610	0.8042	-0.4651	1.4509	-0.0428	-0.5548	-0.5250	1.3817	0.8989	-0.4711	0.3161	-0.8558	-0.6085	-0.1830	-0.3732	0.8324	-0.6679	0.4987	0.2350	-0.2077	-0.3501	0.3726	0.0374
0.1269	0.0584	-1.0227	-0.3834	0.8228	-0.7240	1.2308	-0.1109	-0.0877	-0.0960	0.9521	0.2660	-1.4160	0.1267	0.9239	-0.5851	-0.6205	-0.5364	-1.2340	0.4561	-0.4793	-0.8849	-0.0454	-0.0364	0.1888	-0.0702	0.4991	1.0914	-0.3477	0.4876	-0.6237	-0.1984	-0.2584	2.2134	0.2813	-0.2299	0.3100	0.9326	0.2829	1.1727	0.1769	0.4718	0.2787	0.5159	-0.1417	1.4224	0.4543	1.2488	0.5172
-0.7373	-0.1353	-0.5493	1.0263	-0.4571	0.4352	1.2873	-0.1484	-0.6619	-1.3476	1.2319	-0.2944	-0.7047	0.3075	-0.0292	0.2972	0.3723	-0.8624	-0.9919	-0.9728	-0.2086	0.7953	0.0863	-1.7417	-0.1618	-0.1709	0.9216	0.9509	-0.2455	0.6305	-0.7959	0.0258	0.4442	0.9326	-0.1052	-0.4739	1.1401	-0.0053	-0.1434	0.2237	0.6247	0.7650	0.2874	-0.6601	0.9451	0.5142	-1.3704	1.1568	-0.6179
-0.3668	0.2823	-0.8577	1.4400	0.4988	0.4920	1.4474	-0.0764	-0.2371	0.5794	1.1052	0.1703	-0.7187	0.9063	0.8471	0.1184	0.2877	-0.3364	-0.7291	0.7805	0.4874	0.6012	-0.0372	-0.3819	0.6840	0.1224	1.9850	0.4934	-0.5692	0.2112	-0.0911	0.2901	1.1285	0.5317	-0.2394	0.2643	-0.3939	1.3724	0.6646	-0.1379	0.9646	0.4930	0.4702	-0.4620	1.5242	0.3757	0.8138	1.9733	0.0141
-0.0680	0.6031	-0.5202	1.0701	0.4372	-0.8371	0.6054	0.2885	0.0030	-0.3915	0.6013	0.1445	-1.3118	0.3080	1.0871	-0.1710	0.8968	-1.0874	-1.5517	1.2552	0.9732	-1.2176	0.0330	-0.8435	1.5589	0.4563	0.9480	0.9095	-0.3742	-0.0355	-0.0286	1.0792	0.1824	1.0561	-0.3546	-0.5155	0.7406	2.2471	1.5179	0.6249	1.7123	0.9846	0.7784	0.8925	1.3497	1.1295	0.6410	1.9877	0.8897
-0.6109	1.2224	-0.1141	0.5413	0.3806	-0.8496	0.5535	-0.3542	-0.4120	0.1647	0.8648	0.9911	-1.3024	-1.0572	0.0698	0.6971	0.6863	-0.4070	-0.3176	0.1176	0.1942	0.6745	-0.2651	-0.9244	1.8866	2.0112	0.3561	0.2514	-0.7232	-0.2597	-0.6849	-0.5025	1.1615	1.2643	-0.1353	-0.3205	1.4709	2.4924	2.0271	0.7832	2.2507	-0.0613	1.4560	0.5448	1.1448	0.2736	1.1410	0.5986	1.1466
-0.0539	0.0311	0.5907	0.3807	-0.6375	0.1228	0.4211	-0.0320	-0.8416	-0.1151	0.2732	0.5227	-0.7127	-0.8856	0.1773	0.5660	1.6643	-0.8881	-0.3361	-0.2656	0.4678	-0.5543	-0.9838	-0.1054	2.4156	-0.0473	-0.0952	0.7756	-0.8329	0.8969	-1.0092	-0.3921	-0.0619	-0.7801	-0.8906	-0.3370	0.4943	1.8174	2.9663	-0.1801	1.3937	-0.2369	1.3038	0.4051	1.3470	0.3491	1.2250	0.3767	1.1328
0.1558	0.4510	0.2062	-0.0478	0.0953	-0.0774	0.3121	-0.2254	-0.8256	-0.2033	0.4108	1.8004	-0.7517	-0.9663	1.2174	0.2880	1.0460	-0.5481	-0.4411	0.6961	-0.5377	-1.0034	-0.1668	-0.7374	2.7812	0.2571	-0.6744	0.1886	-1.0612	0.2270	-0.3445	0.0224	0.6266	-0.2790	-0.9956	-0.7314	0.7542	1.9894	3.2613	0.7947	2.0479	-0.0912	1.7621	0.9820	1.2235	0.1270	1.2979	-0.3175	0.9237
-0.0156	-0.6108	0.9267	0.0424	-1.3470	-0.5651	0.0995	0.1142	-1.4598	-2.1706	-0.1429	0.6398	-1.1491	-0.5105	0.2498	-0.4691	1.3013	-1.1490	-0.4427	-1.5009	0.3718	-0.4419	-1.0418	-0.1292	2.3830	-0.4749	-0.3466	-0.0029	-1.4987	-0.0333	-0.3264	-0.6824	-0.6740	-1.7754	-0.8984	-0.5821	0.7359	0.6958	2.3861	-0.9138	2.2208	-0.6851	1.3185	-0.8861	1.4465	-0.3280	0.7037	-0.7433	0.9946
-0.9927	0.3103	0.7120	0.9698	-1.0213	-0.8163	-0.9098	0.0517	-0.4541	-1.1804	0.1627	0.7922	-0.5387	0.0559	1.1008	-0.0115	2.1018	-0.0762	-0.2920	-0.1288	0.6148	-0.3808	-0.7918	-0.2425	2.6309	0.0132	-0.1845	-0.3543	-1.0360	-0.4944	-0.0493	0.0428	0.0052	-0.6242	-0.0210	-0.0010	0.9413	0.9606	2.0717	-0.7554	1.3598	0.4194	1.1760	-0.3291	2.1587	-0.5016	1.0433	0.1080	1.0633
-0.4061	-0.2136	0.0402	0.6965	-1.8951	0.3216	0.4370	0.4146	-0.9452	-2.3057	0.3147	0.0220	0.3357	0.0699	0.2793	0.4715	1.5995	-0.5372	-0.1486	-0.4341	-0.5208	0.5541	-0.6740	-0.2602	2.1372	1.0585	-0.2251	0.2314	-0.6311	-0.1885	-1.5773	-0.4703	-1.0076	-0.9710	0.0196	-0.2015	1.0130	0.2228	0.7479	-0.7089	1.4563	-0.9444	0.5155	0.0005	0.3478	-0.1217	1.1729	-0.0349	0.4385
-0.0897	0.5423	0.9731	0.6472	-0.2243	0.9712	-0.6585	0.7655	-0.4354	-1.0501	0.1407	0.2411	1.8121	-0.0235	0.1234	0.8067	1.8288	0.8718	0.0307	-0.1357	0.0682	0.6402	-0.8912	0.1269	2.2617	1.6276	0.2592	0.8286	-0.0574	0.4101	-1.9235	-0.3038	0.4134	-0.8317	0.9205	0.6598	0.9083	0.0928	0.1700	0.2847	-0.7394	0.0415	-0.4929	1.2298	1.0272	-0.2609	0.3302	1.3443	-0.6117
0.0964	0.8743	-0.0124	-0.5258	-0.7641	0.1838	0.0023	0.5038	-0.8541	-1.1622	0.8095	-0.5345	2.1936	-0.9284	-0.6333	0.4293	0.0758	0.1210	-0.3780	-0.7984	-0.9871	0.6823	-0.8316	0.1024	0.4940	1.9854	0.5047	-0.1890	-0.2898	0.2782	-1.7751	-1.2653	-0.1337	0.3903	0.1388	0.2194	1.5531	1.0213	-0.1110	-0.3134	0.0380	-0.8139	0.0994	1.3450	0.4270	-0.2050	-0.3198	1.3587	-1.1106
0.0890	-1.0893	0.7656	0.2382	-0.5665	0.7431	-0.3573	0.9903	-0.6814	-1.2069	-0.7592	-0.1473	2.0026	-0.3621	-0.6498	0.6807	-0.6177	0.5710	0.3625	-1.1298	0.0292	1.4768	-0.5137	1.6753	0.9946	-0.0796	0.4039	-0.4364	0.7347	0.6198	-1.0280	-0.0382	-0.2036	-0.4388	0.3243	0.4116	0.5109	-0.0635	-0.1872	-1.5951	-0.7746	0.9094	-0.4956	-0.3568	0.5159	-0.7593	-0.0240	1.4287	-0.6023
-0.0816	-1.4010	0.1063	-1.1267	1.0556	-0.9035	-1.0425	0.9200	0.3419	0.1043	-0.8905	0.0913	1.7326	-0.2196	0.1138	-0.3092	-0.9529	0.6884	-0.7890	-0.9220	0.2733	-0.4248	0.0022	0.6061	-0.4100	-1.2157	0.4382	-0.1604	0.9423	-0.1084	-0.3513	0.3242	-0.5049	0.1465	0.3213	0.8645	0.2655	0.7414	-0.7456	-0.6460	-1.5093	0.6883	-0.4245	-0.0575	-1.2122	-0.5977	0.2244	0.9959	-0.3195
0.0087	-0.8875	-0.1638	-1.8066	0.3199	-0.6528	-1.1215	0.5820	-0.7001	-0.1916	-0.4201	0.2256	1.9209	-0.5841	-1.1537	-0.1775	-0.6562	0.0182	-0.5967	-1.2953	0.6188	0.0549	-0.3740	-1.4131	-1.0215	-0.2733	0.2289	-0.8199	-0.1335	-0.8167	0.4338	-0.6192	0.3802	0.3411	-0.0240	0.4380	0.3960	-0.3884	-2.0472	-0.5267	-0.6076	-0.1493	-0.4874	0.3413	-1.1389	-1.1711	-0.5414	-0.0237	-1.0616
0.8104	-1.3838	0.0417	-0.8984	1.5215	0.1023	-0.8943	0.7989	-0.2230	0.7908	-0.6871	1.7745	1.9195	-0.4304	-0.4685	0.0641	-1.1445	1.2036	0.4435	-0.4449	0.3365	0.0830	-0.3695	1.5972	0.2496	-0.0997	0.1694	-1.3047	-0.4991	-1.1429	0.1014	-0.0890	0.6072	-0.5801	-0.0681	0.5620	-1.1255	-0.7126	-1.7377	-0.6447	-1.0886	-0.0878	-0.7656	-0.9034	-1.6156	-0.5938	0.3736	0.0170	-0.7959
0.1464	-0.6619	0.7323	-1.4220	0.3932	-0.6925	-2.0917	1.0410	0.4620	-0.0288	-1.0600	1.5800	1.0581	0.0280	-0.8836	0.0253	0.1402	0.9781	-0.1355	-0.7569	-0.1326	-1.4606	-0.7966	0.5076	0.0502	-0.6730	-0.8226	-0.3684	-0.1498	-0.9166	0.0433	-0.4521	-0.8905	-0.8478	-0.6513	0.5096	-0.4523	-0.3723	-1.2786	-1.4380	-1.1818	-0.3718	-0.7167	-1.4773	-1.1015	-0.2695	0.1378	-1.3358	-0.6725
-0.1150	-0.7628	1.3200	-0.3711	0.3415	1.3532	-2.3253	0.7546	0.2567	-0.3397	-1.0856	2.0599	1.6708	0.0821	-1.3887	1.4374	0.6031	1.3465	0.7984	-1.2339	-0.8977	0.7878	-0.6203	-0.9912	-0.2815	0.2388	-1.1781	-0.8364	-0.7134	-0.3823	0.2575	-1.0899	0.3694	-0.1833	-0.3323	1.1473	-0.0751	-0.8145	-0.9440	-1.2161	-1.1624	-0.3914	-1.1861	-2.0023	0.0071	-1.3806	-0.2207	-2.2420	-1.0129
1.0551	-1.5486	0.9187	-0.7254	-0.0239	1.4380	-2.0230	1.1393	0.9710	-0.3403	-1.8150	1.5525	1.5917	-0.2212	-1.4185	1.2554	0.4488	1.2217	0.7639	-1.1931	-0.6915	-0.6965	-0.2549	-0.0993	-0.7976	-0.8276	-0.6458	-0.6818	-1.1315	0.0626	0.6216	-0.1634	-0.4919	-1.2711	-0.6476	0.8844	-1.5180	-1.2070	-1.0062	-0.6544	-1.4896	-0.6251	-1.7376	-1.7329	-0.9734	-1.7879	0.3093	-2.0555	-0.9966
0.7974	-1.1110	1.3144	-1.3009	0.2846	0.5330	-1.9799	1.3994	1.6515	-0.2755	-1.6763	1.6835	1.2334	-0.8077	-1.3491	0.7366	0.2555	1.4398	-0.0039	-0.7444	-0.4813	-1.2129	-0.5316	-0.4747	-0.8149	-1.0430	-1.7276	-0.6001	-0.9160	-0.5274	1.1651	0.2502	-0.3235	-1.0779	-0.7117	0.3013	-0.2404	-0.8898	-1.6232	0.1160	-0.5706	0.4071	-1.4522	-0.7828	-1.6279	-1.6325	-0.5843	-2.4086	-0.6245
1.1605	-1.2748	1.1153	-1.1605	0.8348	0.5380	-0.6396	1.2784	1.6124	0.4088	-1.7329	0.5749	2.2425	-1.1530	-0.9751	1.1461	-1.0028	1.4630	0.1985	-1.1678	-1.8907	-0.0476	0.0286	-0.4673	-0.5254	-0.3811	-1.3443	-0.0326	-0.5394	-1.0410	-0.1754	-0.5806	-0.4200	-0.7647	-0.6588	0.6276	-0.8470	-0.3099	-1.7803	0.3447	0.9392	-0.9000	-0.9009	-1.2758	-2.5024	-1.3428	-0.9577	-2.1895	-0.7296
1.6131	-0.2238	1.3749	-1.2014	1.4883	-0.4055	-1.6094	1.6895	1.9679	-0.2754	-0.6887	0.0751	2.8399	-1.3801	-0.0999	0.6383	-0.3281	1.7054	-0.4129	-1.3931	-0.9150	0.2171	0.2741	0.1008	0.8037	0.7847	-0.6195	0.7106	-0.3042	-0.8584	-1.2431	-0.1348	0.0929	-0.3433	-0.4438	1.5429	-0.9370	0.1300	-1.1971	-0.3710	0.1599	-0.4117	-0.7516	-0.6232	-1.1710	-0.7933	-1.3211	-1.5582	-0.6884
1.4810	-0.1447	-0.7787	-0.2259	2.2049	0.2661	-1.7116	1.4126	2.1162	0.8039	-0.0919	0.8699	2.5773	-1.9728	0.3601	0.7062	-0.9845	2.1030	-0.0430	-0.0333	0.3359	2.1144	1.1146	0.1442	0.5551	2.1996	0.2660	-1.1275	-0.3876	-1.2296	-1.5687	0.1036	1.7785	0.7753	-0.6398	0.7830	-0.1205	0.3548	-0.9098	0.2411	-0.0672	-0.3229	-0.1230	-0.1336	-0.0283	-0.6543	-1.1780	-1.3546	-0.7418
1.2282	-1.0000	-1.6964	1.2747	1.5896	1.9968	-3.0247	1.0761	2.6266	-0.0969	-0.8771	0.5804	1.0900	-2.1169	-1.8860	0.3616	-1.0957	2.7616	1.6056	-0.9801	1.5821	2.0694	-0.9746	0.8500	0.3616	0.6776	0.8871	-1.3728	-0.1430	-0.5689	-2.1972	-0.8619	0.9439	-0.4459	-0.9272	-0.2041	-1.1229	-1.5579	0.0122	-0.3182	-0.0550	-1.2403	0.4927	-1.0007	0.1758	-0.6728	-1.6034	-0.8134	-0.0039
2.7778	0.8117	0.3987	0.0162	2.4912	1.5753	-1.6308	1.2158	2.3536	-0.5742	-0.6748	0.9775	-2.1164	-0.6200	0.2030	-2.4210	-0.5483	3.1200	3.7391	0.0818	-0.7275	2.3912	-0.5021	-0.1979	0.2224	0.9478	0.7873	-1.3518	0.9632	-0.1235	0.3664	-0.8692	0.2846	1.3956	-0.5731	-1.2318	-0.9293	-1.0155	1.2823	-0.2000	-0.1862	-0.3736	0.4141	0.9018	-0.1906	1.2273	0.5074	-0.0413	-0.2953
4.2722	-0.9618	1.9616	-0.9328	0.9487	-1.2481	0.4155	1.8946	2.3811	-0.6452	1.9060	1.6143	-2.5758	0.6415	-0.2225	-1.4489	-0.1364	0.7729	0.6160	0.6461	-0.0217	0.6387	1.2440	-0.7113	0.8283	0.8770	-0.4861	-1.0142	2.5752	0.4237	-0.3419	1.8007	-1.1314	-0.7058	-0.0892	-1.5479	-0.3176	-1.8002	0.3899	0.7767	0.4108	-1.3010	-0.4339	1.2611	-0.1723	0.6281	-1.3454	0.6244	-0.3201
0.0186	2.9404	0.9209	1.2683	4.3694	1.7034	2.7645	-6.5771	-0.9187	1.5456	4.3400	-3.0737	-0.0967	1.1737	1.8226	-3.9906	0.4407	-2.7212	-2.2154	4.8410	1.7411	1.8312	3.7432	0.4589	0.2279	0.3247	4.2603	-0.3495	4.0563	0.5146	1.9199	4.2594	-0.8023	0.0832	2.2490	2.8419	-0.0631	1.3179	0.4881	2.4210	-0.0505	-0.1076	-0.9009	2.8707	0.1200	2.3063	1.2274	2.0554	-0.2128
0.5762	0.9938	1.7767	2.0316	0.5193	0.1771	2.2428	-5.3177	-0.6488	1.7547	2.0879	-3.5774	2.7544	1.0402	1.1565	-3.5524	0.2368	-4.0284	-1.1327	0.6089	2.6503	-0.6561	2.6373	2.3631	-1.6375	-1.6227	2.7444	-0.3866	2.8801	1.0176	1.2941	-1.2573	0.4729	-2.0618	2.5734	2.9835	1.8209	3.0089	0.5557	0.5618	-4.0624	1.0451	-4.4410	1.3488	2.7964	1.3027	-1.8917	2.4451	-2.5165
-2.7137	0.3042	3.2874	-0.8542	1.5504	2.0814	4.6625	-0.9453	-2.5624	0.2007	0.7528	-2.0517	0.4419	2.1694	0.3381	-2.7303	3.4513	-1.2691	-0.7983	2.9278	1.3947	2.4181	1.7556	-0.8304	-0.6819	-1.0247	2.8597	0.2716	3.7438	2.2951	1.6586	2.4477	-0.9493	-2.0116	2.1345	2.6960	1.6916	0.6696	1.2574	0.0772	-0.5655	2.7012	-1.9561	0.8955	1.4923	2.1980	-1.7115	1.4362	-2.2263
-0.6960	0.1573	1.8709	-0.9152	3.1583	0.2449	2.6333	-2.4557	-3.6396	1.9705	1.2962	-1.3902	-0.0488	1.5447	2.5206	-2.9050	1.2026	-1.5053	-1.2676	1.8287	-0.7096	-0.2863	1.4302	2.0515	-2.4859	1.5530	1.4447	-1.0323	0.3836	1.2740	2.3666	1.4453	-2.6625	-1.4134	0.3138	2.6017	-1.2044	2.0369	-0.0586	0.7725	-1.0964	-0.3519	-1.0330	0.9424	0.9418	1.5910	-0.9720	0.5710	-0.9492
-0.8111	0.9567	2.5514	0.7550	1.4864	-0.6544	2.0014	-1.5219	-2.0269	1.3028	-0.2837	-1.0570	1.6991	1.9515	2.9177	-1.1724	1.4208	-2.2340	-1.6751	0.7524	0.0949	-0.1034	1.2461	1.4858	-1.3116	0.8341	2.2669	1.3764	0.0074	1.2635	2.1498	1.2929	-2.3567	-1.4623	-0.1122	1.9403	-0.6212	2.1054	0.7863	-0.4638	-0.1543	1.5745	-1.2451	1.5008	1.2287	1.8433	0.7916	2.3946	-0.6662
-1.4780	3.2273	0.5100	3.3661	-1.0963	-2.4294	-0.0560	-1.6060	-2.3898	3.0834	5.7867	-2.9668	1.9192	2.2379	4.0144	-0.9717	0.3157	-3.3073	-3.3276	-0.1117	1.1238	-1.8452	-1.6737	0.9932	-2.5454	2.2335	1.6467	0.9735	0.9280	2.1836	2.5869	2.3438	0.8350	-1.7951	0.5685	2.3175	2.6252	3.3230	1.3660	2.6119	1.6303	1.5036	0.2874	1.3140	2.2295	2.7441	-0.6852	2.4408	-0.3499
-0.1348	1.9024	-0.4111	2.0454	0.3593	0.3503	0.6781	0.2129	-0.9828	0.1609	-0.6915	-2.9580	-0.3659	1.3616	2.4001	0.1273	0.9892	-2.4714	-1.1004	-0.3590	-2.2606	-0.3406	1.0456	3.2029	-2.2240	-0.3176	0.2612	0.7635	-0.8806	1.1814	-0.4958	-0.0050	-1.7136	-1.3733	-0.2479	1.0893	-1.7413	1.1603	0.1258	2.5261	0.3368	0.0349	1.0838	-0.1815	1.0714	2.3904	2.8286	1.8868	0.2462
-0.5807	2.0684	-1.6925	1.4372	-2.0849	-1.1953	2.4354	1.5064	-0.5448	1.2707	-0.8881	-3.2265	-0.2897	0.9827	1.3709	-1.5241	-0.4850	2.0628	3.9953	-0.6782	-3.7563	1.5100	-1.4815	2.5337	0.0699	-1.2005	-1.5036	0.2331	-0.3745	0.0414	-1.0914	-0.3204	-2.9453	-0.2576	-0.8062	-1.3049	-1.5052	-0.5192	-0.1084	3.6278	1.5631	-0.9493	4.0080	2.0447	-1.8474	4.0843	2.4051	1.2830	4.0102
-0.3786	1.3796	-2.3838	0.9209	-1.9397	-1.6798	0.0421	1.0746	1.1122	1.3421	-0.6544	-1.0876	-0.6148	0.0985	0.1371	-1.4287	-1.4266	1.1549	0.4352	-0.8913	-1.5504	0.1143	-0.6200	-0.0007	-0.4270	-0.3892	-0.5418	1.4255	0.6152	-1.3742	1.0022	-0.6268	-0.2567	0.2021	-1.9275	-0.8415	0.2073	-0.9425	0.6835	-0.7080	1.3719	-0.8257	2.4930	1.4714	-1.9037	2.6923	-0.3356	0.6011	2.0812
-0.0388	0.7271	-1.8938	0.2398	-1.5131	-0.6310	-0.0165	-1.1706	0.5280	2.4507	1.9051	-1.2565	-0.9882	-1.0726	0.5006	0.3318	-1.7022	-0.4276	-0.5453	1.0673	-2.3104	-0.3628	-0.2313	0.3272	-1.3054	-0.5829	-1.6664	1.9241	-0.7982	-0.6711	0.4566	0.1903	-1.3522	-0.2646	-1.4986	-1.4885	0.3482	-0.1876	-0.8242	-0.9879	-0.1237	-2.6448	1.3794	-0.5155	-1.6757	0.2896	-0.2370	0.2969	1.7802
1.6097	-1.0702	-2.0582	-1.3479	-0.8594	-1.4449	-0.9770	1.1532	0.5295	1.6618	-0.0654	0.7673	-1.3892	-1.4384	-0.2345	1.2984	-1.1140	0.8639	0.0868	-1.0543	-1.9481	-0.0593	0.7095	0.5289	-1.6585	-1.1749	-1.6602	1.4640	-1.1782	-0.6811	-0.7886	0.2882	0.0523	-0.9403	-1.4934	-0.9581	-0.0385	-0.8462	-0.0717	-1.7307	-0.5763	-1.9200	0.7324	-0.9743	-2.1404	-0.1905	0.1118	-0.6853	1.6745
-0.2147	0.0004	-2.2982	-1.3738	-1.0737	0.5687	-0.4984	0.6697	-0.2542	0.2608	-1.2948	-0.5333	-1.5110	-0.9570	-0.7518	2.1831	-1.3913	-0.0866	0.1265	-0.4166	-0.5018	-0.4408	-0.4609	-0.9999	-1.0966	-1.3365	-2.2785	-0.1624	-0.6757	-0.6552	-1.2443	0.7835	0.0189	-1.2343	-1.6455	-1.4334	-0.1597	-0.5479	-1.1583	-0.6609	-0.1396	-1.0462	0.1903	-0.7011	-1.6029	0.8260	-1.0145	-2.0223	0.4758
-0.7685	1.8236	-2.6386	3.3339	-0.7498	-0.2542	1.8873	-3.7694	1.0478	-0.8453	-0.8492	-0.5610	-2.3239	1.2489	-0.0973	3.4434	-2.4666	-0.5583	2.2128	3.8258	3.4011	-0.4328	-1.1367	-1.4299	0.2538	-0.9555	2.2869	0.5677	1.1124	2.7585	-1.1239	2.3583	0.0236	0.9617	0.9243	1.9905	1.7592	-2.8863	-0.4057	2.2138	-1.0748	0.3182	-0.0835	-0.2061	2.5380	1.4189	0.3286	0.4781	0.6787
1.9425	0.3847	-3.2734	0.9296	-2.0868	-1.7859	0.1005	-1.0051	0.7547	2.8976	-0.3672	1.3774	-1.9981	1.1886	0.1290	0.8667	-3.6967	-1.0779	-0.3999	1.3951	-0.9990	-2.4725	1.1605	1.9566	-1.1044	-0.8305	0.4877	0.8244	0.4186	1.9471	-0.5446	0.1370	-0.4357	0.4741	1.3886	-1.1999	-1.1242	-0.1017	1.8837	1.3835	-0.1479	1.4517	0.8426	0.3552	-0.1400	-0.5084	0.9600	1.4803	0.1617
-0.6094	-0.1385	-0.8567	-0.9620	-2.3974	-0.1093	-0.5039	-0.2367	-0.9012	0.2644	-0.4816	-0.4466	-1.0207	-0.1065	-0.7247	-0.1571	-1.6081	-1.3801	0.0647	-0.6572	-0.9739	-1.2435	-0.0603	0.3352	-0.5598	-1.3496	-1.6553	1.5384	-0.6622	0.1043	-0.7975	-1.3469	0.6135	-0.3959	0.1771	-1.9680	-1.6751	-0.8060	-0.6091	-1.2589	0.1367	-0.4554	0.1523	-1.2657	-1.4548	-0.7423	0.0325	0.1745	-0.2306
-0.3319	-0.1055	0.3502	-1.9550	-0.9291	-0.3021	-0.0185	0.7139	0.3362	-0.7985	-1.5981	0.3756	-1.1831	-0.0503	-0.8883	0.6619	-0.7967	0.4677	1.1189	0.1740	-0.0614	-0.9429	0.5465	-0.0083	-0.2248	-0.1556	-1.4727	1.3638	0.9121	0.1234	-0.0526	-0.2782	1.6538	-0.1694	-0.0168	-1.0674	-2.1331	-1.8108	-0.0003	-1.2972	0.3364	-0.8693	0.2007	0.0092	-1.5977	-0.2201	1.2526	-0.2422	1.0146
-1.5400	0.5643	-0.0197	-2.0341	-1.1238	1.1748	-0.7007	0.1854	-0.4809	-0.4018	-0.8038	-0.3422	-1.5045	0.3105	-1.4693	0.7759	-0.9763	-0.2585	-0.0786	-0.7074	0.7123	-0.5115	-0.1835	-0.1207	-1.4989	0.8400	-2.2768	0.1457	1.3883	-0.1718	0.3869	-0.7111	0.7431	0.4430	-0.2777	-1.3065	0.9125	-0.6739	-0.9283	-1.2461	1.0867	-0.9888	0.6893	-0.3489	-1.6207	-0.2793	0.0886	-0.7865	1.3309
-1.6823	-0.3648	0.3243	-1.1315	-0.2243	2.0002	-0.0113	0.0522	-0.6050	0.0019	-0.5163	-0.9706	-0.4092	0.0157	-0.7652	1.9036	-1.3143	-0.3233	-0.4569	-0.1049	0.4019	0.9770	0.6710	0.5277	-0.7706	0.7796	-1.9134	0.3911	0.1699	-0.0432	0.4019	-0.3177	0.7841	0.5661	0.2178	-0.6132	-0.4048	-0.9482	-1.4165	-1.4395	-0.0890	-0.6042	-0.4194	-0.9226	-0.6504	-0.8552	0.0083	-0.5941	1.1826
-1.8259	-0.7871	-0.7383	-1.3833	0.0463	0.8972	0.3036	-0.0628	0.1759	1.3676	-0.2861	-1.2967	-0.3300	-0.0503	0.5388	1.9022	-1.1033	0.1947	-1.7155	-0.0002	1.1552	0.1282	1.2565	1.6511	-0.5666	-0.7045	-1.2762	0.6627	-0.1532	-0.5525	-0.4491	-0.6603	1.1382	0.0197	-0.0768	0.9313	-1.1640	-0.2989	-0.9889	-0.5487	-0.7472	-0.4074	0.1898	-1.8379	-0.9404	-0.1748	-0.9005	-0.3457	0.9465
-1.2073	-0.0254	-0.9218	-1.7193	-0.0555	0.9157	0.0247	0.1081	-0.5955	1.0976	0.5865	-1.2365	-0.6773	-0.8212	0.1047	0.6489	-0.8406	-0.3481	-1.4093	0.0909	0.7279	0.9007	0.8539	0.0379	-0.2763	-0.0984	-0.9300	-1.0395	-0.6875	-0.8345	-1.6785	-1.0548	2.1349	0.5815	-0.2819	0.2806	0.0484	-0.3870	-1.0192	-0.2385	-0.1817	-0.5122	0.3753	-1.2894	-0.1164	-0.0154	-0.8852	-0.3813	0.0230
-0.1208	-0.9858	-0.2604	-0.3372	0.1081	0.7346	0.7466	0.3208	0.4029	0.1000	-0.7083	0.5273	-2.4834	-0.7807	0.1396	1.2352	-0.7380	1.0873	0.4452	-0.0092	0.2943	1.5638	1.2318	-1.2690	1.7029	0.0506	0.1553	-0.7031	-1.0255	-0.5501	-1.5309	-0.2209	2.9208	0.4328	0.9638	-0.0342	0.5498	-1.6452	-0.0146	-0.1845	-0.9298	0.9367	-0.8422	-0.4366	1.1247	-0.7630	0.2174	-0.0441	-0.4512
-1.1689	-1.1137	-0.4182	-0.2264	-0.2758	0.0963	-0.0635	0.4209	0.8447	-0.1728	-0.7074	-0.0890	-1.8635	-0.6053	-0.2217	0.7740	0.3761	0.4000	-0.5879	0.8874	0.3174	-0.5446	0.9153	0.4001	0.9749	-0.7576	0.2229	0.1754	-0.6633	-0.3779	-0.6700	-0.1798	0.7760	0.4993	0.3145	-0.5559	-1.5112	-0.8819	-0.0988	0.0228	-1.1544	1.4605	-0.6592	-0.0854	0.1017	-0.9486	-0.9518	-0.1852	-0.2280
-0.4917	-0.7154	0.0360	0.3034	-0.0917	0.5552	-0.0406	0.1397	0.0904	-1.3420	-0.7118	0.3100	-0.1965	-0.7907	-0.2268	0.4199	1.2009	0.8495	1.2203	1.1273	-0.0845	0.6934	0.7912	-1.3942	0.6831	-0.0275	0.1934	-0.3691	-0.3100	-0.6692	0.2370	0.3598	2.2563	1.7030	0.5331	-1.2844	-1.1825	-0.6494	-0.7930	0.9773	-0.1722	0.6874	-0.8324	0.1913	0.4930	-1.2993	-1.1046	-0.4232	0.1122
-0.4941	-0.1847	0.2372	0.6845	-0.8158	0.8053	0.1642	0.1151	0.9990	-1.4169	-0.8532	0.1481	0.1732	-0.4119	-0.9380	0.3018	1.1193	0.4988	1.0107	-0.3795	1.5484	0.8455	-0.2310	-0.6281	1.0429	0.6844	0.2563	0.0415	0.1621	-0.9372	0.7050	-0.8246	1.4067	0.9195	0.2290	-1.3723	-1.3768	-0.4167	-0.7748	-0.3348	0.2239	0.6125	-0.2751	-0.6293	-0.0106	-1.3444	-0.3606	-0.5079	0.2521
0.9275	0.4385	0.9736	0.1476	0.0937	-0.4806	-0.0975	0.6878	1.6774	-1.8877	0.5568	0.9291	-0.9827	0.3016	-0.3710	0.5411	1.3257	1.3126	1.4540	1.0100	2.2387	-0.0903	0.0231	-0.5351	1.9336	1.3941	0.0044	1.3679	0.7145	-0.1038	0.6659	0.2616	1.6540	1.5916	0.4787	-0.9362	-1.0952	-0.8384	0.4328	-0.5057	1.3794	1.1495	0.0179	0.8975	0.2844	-1.1804	-0.3184	-0.0382	0.6992
-0.4535	0.3876	-0.0024	0.1704	-0.1176	0.9131	-0.2873	0.1331	0.4675	-1.2989	0.4407	0.4452	-0.5780	0.1676	-1.0776	-0.1802	0.5849	-0.5302	0.4862	-0.8641	2.0865	0.3178	0.2001	-1.3164	0.4797	0.8597	-0.4708	0.6907	0.3170	-0.5161	-0.1547	-1.4232	0.8042	1.3825	0.1683	-1.0907	1.1904	0.2476	-0.6179	-0.6095	2.0606	0.1258	0.7693	-0.2772	0.1615	-1.5317	0.0487	-0.4930	0.3940
-0.8377	-0.1961	0.3161	1.3633	-0.5578	1.3550	-0.2092	-0.0059	-0.0637	-1.5345	0.0686	-0.2368	0.1037	1.0356	-0.2572	-0.2360	0.6511	-0.3877	0.9161	-0.3139	0.9098	1.5205	-0.2856	0.4560	0.8454	0.5266	0.0565	0.4002	0.2838	-0.0808	0.0393	-0.7095	-0.2220	0.9468	0.7031	-0.0600	0.6331	-0.7655	-0.2935	-0.4148	-0.0128	0.2565	-0.2458	-0.0418	0.8514	-0.3524	0.5576	-0.0256	0.0290
-0.8685	-0.6985	-0.5154	0.7727	0.4405	0.0779	-0.8291	0.0030	0.6960	-0.3581	0.6998	0.3742	0.2750	0.2900	0.0309	-0.7165	0.2234	-0.3853	-0.0860	0.0882	1.0477	-1.1705	-0.0726	1.1470	-0.0457	0.1459	-0.2852	-0.3259	0.2701	-1.1102	0.5616	-0.3006	0.1591	1.6105	0.0888	-0.0571	0.1861	0.4112	-0.3417	1.0587	0.1211	-0.0487	1.1958	-0.7452	-0.9988	-0.3022	0.3538	-1.2799	0.0066
-0.8773	-0.3465	0.6639	0.9162	-0.1377	0.6981	-1.0523	0.1725	1.1245	-0.9257	1.3632	0.6164	0.5102	-0.3788	-1.2160	-0.0846	1.0359	0.3088	1.5290	-1.5314	0.4268	-0.3989	-0.5073	-1.1934	0.0413	-0.3520	-0.5964	-0.7615	0.1032	-0.9083	0.3290	-0.4625	1.3833	1.2990	0.8028	-1.1017	1.8597	-0.0421	-0.5609	0.2716	1.0305	0.6462	1.1170	-1.2695	-0.2365	-1.5300	-0.6602	-1.0329	-0.1356
-0.4988	-0.7972	-0.2184	0.2864	0.0647	-0.0496	0.3969	0.0613	1.5523	0.4298	0.0976	0.6668	0.3985	-0.9125	-0.8198	-0.3274	-0.2947	0.2912	0.9381	-0.9235	-0.2063	-1.0662	-0.5579	-0.3685	-0.2159	-0.6382	0.0506	-0.6358	-0.6328	-0.6556	0.1097	-1.3412	0.8802	1.7379	0.2236	-0.7036	-0.3223	0.6082	0.0961	0.3852	0.2737	0.4377	0.7462	-0.7100	-0.7703	-0.7828	1.0283	-0.3314	0.4167
0.1425	-0.5027	-0.4782	0.1225	0.9192	0.0065	-0.9185	0.3265	0.8670	-0.2679	-0.6253	0.8410	-0.2037	-0.9958	-0.3189	-0.9437	-0.7865	-0.3827	-0.3597	0.3888	0.1908	-1.8412	0.3756	-0.8739	0.5735	-0.5127	-0.5963	0.3460	-0.1708	0.2085	-0.3835	0.0095	0.6831	1.8305	-0.0323	-0.6133	-0.3433	0.9539	0.9803	1.2525	1.4276	1.1293	0.6140	-0.2206	-0.2140	-0.1882	-0.1220	-0.1474	-0.2742
0.1000	-0.0856	0.0174	0.5842	1.3819	0.5678	0.2587	0.1654	0.0994	1.0270	-0.1263	1.6439	0.4260	-1.7536	-0.1691	-0.6300	-1.2537	0.9187	0.4889	-0.2672	0.0323	-0.0235	0.9172	-1.5939	0.9431	0.1296	-0.4153	0.1855	-1.1026	-0.4937	-0.9666	-0.5796	1.1280	2.2649	0.3419	-0.3762	0.5103	0.8443	0.6543	0.7103	1.2134	0.4559	0.9079	-1.0955	0.3542	-0.6349	1.3139	-0.8144	0.2739
-1.0701	-0.1980	0.5239	0.5294	0.1062	-0.3200	-0.5179	0.6426	0.3903	-0.4828	-0.6122	0.7277	0.5179	-1.1174	-0.5956	-0.5315	-0.2331	0.8564	-0.1356	-0.7469	0.6652	-0.7557	-0.3255	-0.6710	1.1501	-0.3809	0.2659	0.7977	-1.3353	-0.0654	-0.5020	-0.8880	-0.3465	0.9335	0.4843	0.4421	-0.6134	0.1630	0.4483	-0.2390	0.1241	0.9877	0.8038	-1.1884	0.9973	-0.1940	0.4672	-0.9060	0.1617
-0.0160	0.0722	0.2502	-0.0769	0.1766	-0.8302	-0.1979	0.1997	0.4458	0.1022	-0.3752	1.5849	0.3439	-0.7098	0.2936	-0.5074	-0.1204	1.2478	0.3049	-0.0578	0.2609	-0.1824	0.9757	-1.0392	1.0391	0.2757	-0.0664	-0.3327	-1.5806	-0.2742	0.1624	-0.6611	1.4322	1.0975	0.1459	0.2286	0.1284	0.4501	0.3412	0.7163	0.3153	1.1713	0.9288	-0.7576	1.0223	-0.4181	0.8141	-1.1974	-0.6856
-0.3425	-0.1560	-0.0434	0.0262	-0.8813	-0.2302	0.0476	-0.1743	0.3496	-0.0397	-0.8671	0.4208	-0.2622	0.3862	-0.4676	-0.5239	0.4385	0.0457	0.4610	-0.7973	0.8189	0.6459	-0.3597	0.0491	0.1184	0.3304	0.0746	-0.4638	-1.6230	-0.2007	-0.3563	-1.5084	-0.5855	0.0698	0.0815	-0.4022	0.9088	0.2638	0.2697	-0.0881	-0.4833	0.1100	-0.0377	-0.5793	1.4055	0.3614	0.7423	-0.2581	-0.4771
0.5331	-1.0785	0.7636	-0.4592	-0.3174	-1.6598	-0.8183	1.2422	0.1393	-0.0948	0.8091	1.5425	0.3539	0.4146	0.0210	0.1754	1.3268	0.7904	0.7605	0.1857	0.6870	-0.5362	-0.8304	0.0317	-0.2107	0.4383	0.7432	0.2183	-0.2560	0.3546	0.7554	-0.1805	0.1241	0.3106	1.1398	-0.3176	-0.3546	-0.2033	0.7246	-0.3027	0.3388	0.2987	-0.1782	0.9278	0.9281	-1.0748	0.1128	0.4148	0.6289
1.1507	-0.7958	-0.4448	-0.2869	-1.2886	-1.4354	-0.7902	0.5327	-0.1469	-0.2012	1.5136	0.7365	0.5026	0.3099	-0.4259	-0.3418	0.3186	-1.2792	-0.3854	-1.0097	0.0432	-0.9371	-1.5407	-0.9832	-0.8827	0.5768	1.0620	-1.1721	0.1803	-0.0831	0.4873	-0.9393	-0.5117	-0.2611	0.5973	-1.1833	1.3237	0.2463	0.1281	0.4153	-0.1301	-0.5318	0.1944	1.4492	-0.4477	-0.6045	-1.7535	0.0987	-0.0196
0.9301	-1.5738	-0.0200	0.5281	-0.8460	0.1469	0.0138	-0.1716	-0.8459	0.1234	-0.7604	0.4251	0.8077	0.1535	-0.4325	0.5322	0.8052	-0.8274	0.3521	-0.8619	-0.2447	-0.5728	-1.4501	-1.3922	0.0630	-1.0772	0.5867	-0.9016	0.4742	-0.0639	-0.3454	-0.1416	-0.7034	-1.3723	0.5055	-0.8384	0.3535	-0.1473	0.3878	-0.3388	-1.0274	-0.9764	-1.1645	0.9308	-0.5173	-0.6072	-2.1725	0.5498	-0.3361
0.4948	-1.0974	0.0508	0.0805	-0.5951	-0.8374	-0.1455	0.1756	-0.3072	-0.9343	-0.1959	0.4672	0.1036	-0.1830	-0.1582	0.0206	0.8220	-0.6817	-0.7369	-1.2836	-0.8384	-1.4984	-0.9152	-0.3544	0.1449	-1.8416	0.9699	-0.7808	0.0234	-0.4869	-1.0864	-1.3021	-1.3614	-1.1901	0.3259	-0.8052	-0.8414	0.4990	1.8931	-0.8484	-1.8791	-1.3100	-0.4170	1.6670	-0.8354	-0.5648	-0.7123	0.1879	-0.0036
0.5119	-0.4680	0.1548	-0.1823	-0.5900	-0.4419	-0.8623	0.2448	-0.6511	-0.9739	0.4165	0.4866	-0.1100	-0.5156	-0.2040	0.0107	0.9691	-0.4272	-0.6871	-1.2475	-1.5107	-1.0118	-0.5897	-1.3453	0.3840	-1.0110	0.1776	-1.5784	-0.9812	-0.7381	-0.8284	-0.8079	-0.6586	-1.0063	0.3060	-1.2852	0.7201	0.7275	1.8595	-0.0591	-1.1547	-1.1294	-0.2237	1.4197	0.1029	-1.1666	-1.3902	-0.2797	-0.5137
0.9199	-0.8670	-0.5468	0.1923	0.0618	0.6035	0.4370	-0.0312	-0.8553	0.2642	-0.2363	0.5767	0.8284	-1.0497	-0.0465	1.3823	0.5450	-0.3451	-0.3166	-1.2034	-1.5042	-0.8699	-0.9403	-1.2824	0.1802	0.6159	0.0135	-1.5101	-1.9418	-1.0653	-0.2679	-0.3875	-1.0237	-1.1402	-0.6285	-0.6487	-0.0164	0.5243	1.6238	0.4119	-0.6881	-2.2409	-0.2946	0.0075	-0.0049	-1.0289	-0.3302	-0.6881	-0.3804
0.9220	-0.7716	0.3951	-0.7726	0.7720	-1.0583	-0.6215	0.4218	-0.5781	-0.4549	-0.0787	0.7174	0.0819	-0.7401	-0.2274	0.3442	1.1791	-0.4338	-0.6274	-0.5889	-1.5147	-1.3998	-1.3277	-0.8200	0.0430	-0.0596	-0.5836	-0.5861	-1.2655	-0.3858	0.4962	0.5313	-1.5842	-1.0756	-1.4907	-0.1743	-0.9231	-0.6944	1.2438	-0.5141	-1.6210	-1.3057	-0.8849	0.0452	-0.1745	-0.6127	-0.2030	-1.3867	-0.4087
1.2447	-0.7754	0.6665	-0.6213	1.4314	-0.2605	-0.4649	0.5363	-0.7062	-0.8716	0.3562	1.8096	0.2477	-0.4472	0.6876	-0.1507	0.9176	0.0807	0.0099	0.4413	-1.5839	-0.5915	0.3403	-1.1233	-0.1056	-0.0749	-1.4293	-0.5590	-0.3640	0.1236	1.0271	2.2677	0.0303	-0.4226	-2.1441	-0.6042	-0.4618	-0.7268	0.9757	-0.2980	-1.0001	0.2878	-0.8761	-0.1008	-0.5920	-0.9598	-0.5024	-1.2227	-0.6928
0.6162	-1.1834	0.2327	-0.7218	0.1082	-0.4005	0.0353	0.5347	-0.3686	-1.6102	-0.5167	0.5053	0.5053	0.0293	-0.8028	-0.4162	0.6046	-0.4552	0.0438	-0.4408	0.2849	0.9419	-0.7922	-0.3481	-0.3258	-0.0136	-0.3569	-0.9418	-0.3490	-0.5243	0.6068	0.8146	-0.2886	-1.4394	-2.0454	-0.5841	-0.0090	-0.9042	-0.6349	-1.4366	0.0269	0.5714	-0.6763	-1.4069	-0.2239	-0.4071	-0.7915	-0.8427	-1.2350
0.6841	-0.7623	0.2033	-0.1548	0.3581	-0.6438	-0.2924	0.9574	0.2599	-1.5165	-0.8374	0.6148	0.6576	0.6353	-0.8882	-0.4051	1.8714	0.9771	1.0456	1.4324	0.0052	0.6915	-0.5990	-0.1542	0.6680	0.0999	0.6622	-0.6822	0.2445	-0.1549	0.8072	0.9019	-0.0574	-0.7023	-0.7884	-0.2061	-0.2294	-1.4290	-0.4114	-1.7110	-0.4285	1.4335	-1.3015	0.2133	0.4591	-0.4288	0.4102	0.2735	-1.2631
-0.1612	0.0389	-1.5405	-0.4055	-0.1363	-0.5194	0.0137	0.1914	-0.3663	-1.4463	-0.5455	-0.1508	0.3190	0.2421	-1.3760	-0.8045	0.9615	0.0387	0.0520	-0.0384	-1.0494	-0.0789	-1.2976	-0.4456	-0.2362	1.5357	0.5760	-2.0921	-0.8214	-0.8295	1.3985	-1.3875	-0.9302	0.4137	-1.2604	-0.5518	1.6727	0.2434	-0.3787	-1.2578	0.9668	-0.9870	0.5671	-0.1457	0.4855	0.3873	0.9636	0.3974	-0.5621
-0.2104	-0.3865	-0.2933	0.1627	-0.3054	0.5444	-0.5092	0.6318	-0.4608	-1.2163	-1.0376	-0.0947	0.3732	0.7447	-1.0301	-0.1489	0.9388	0.5020	0.6044	-0.1199	-0.3072	0.9053	-1.4683	-0.0540	0.2953	0.2410	0.3449	-1.5205	-0.1383	-0.2697	1.4729	-0.2270	-0.9024	-0.1881	-1.0965	-0.1079	0.4298	-0.3976	-0.0019	-1.6058	0.9078	-0.5883	0.1053	-0.5529	1.1341	-0.2937	0.1719	0.5161	-0.3389
0.4048	-0.2948	-0.4159	-0.0767	0.1492	-0.6036	-0.4529	0.7117	0.2037	0.4412	-0.0710	0.2764	0.0607	0.7280	0.1133	-0.4005	0.3063	1.1138	-0.2129	0.4713	-0.2069	-0.3946	-0.8242	0.4654	-0.1502	-1.2057	0.3161	-0.5332	-0.0312	-1.0194	1.5886	-0.3448	-1.2967	1.3802	-0.9650	0.5759	-0.3672	0.3109	0.0948	-0.8187	0.3136	-0.3978	1.0676	0.1845	-0.2467	-0.0036	1.2124	-0.2058	0.5694
0.5314	0.6202	-0.3937	0.2167	-0.0852	0.1357	-0.1457	0.1292	-0.6120	-0.1276	0.4704	-0.1475	0.1517	0.0003	-0.1666	-0.5355	0.0506	0.3923	-0.7841	0.5960	-0.3353	0.3286	-0.6080	-0.6819	-0.3605	-0.8934	-0.3722	-0.1378	-0.6413	-0.6171	0.7463	0.1341	-0.9504	1.6030	-1.2879	-0.0137	1.1653	0.7878	-0.3694	-0.1219	1.4650	-0.0277	1.2097	0.4028	0.0635	0.3587	0.3920	-0.5364	-0.0677
0.7185	1.3938	-0.6906	0.8137	0.5638	0.8183	1.2363	0.0185	-0.3344	0.8870	0.1236	0.7165	0.0442	-0.8375	0.7758	-0.2937	-0.6535	1.0049	-0.9766	0.8748	-0.1946	1.0428	0.2235	-0.4917	0.3113	0.3836	-0.2560	-0.5229	-1.0812	-0.4710	0.0732	0.2797	0.0403	0.2995	-1.5401	0.0352	0.5736	1.0697	0.8140	-0.3650	1.4101	0.3653	1.1037	0.2911	-0.2710	1.1658	1.7311	0.1789	0.0663
0.6531	2.2282	-0.0574	0.3270	-0.2122	-1.0457	-0.0753	0.1635	0.3340	0.0909	0.1584	-0.2719	-0.2493	-0.0251	0.4927	0.1751	0.6778	0.5691	-1.4160	0.7497	-0.1597	-0.1114	-0.9552	0.5422	0.9212	0.0478	0.0950	1.0321	-0.1601	0.6559	-0.2713	-0.2170	-0.8425	-1.0747	-1.7896	1.1985	-0.2040	0.6424	1.3106	-0.4092	0.8362	0.1552	0.6981	0.4468	0.6455	1.3148	1.4720	0.5376	-0.3554
0.9652	1.8039	0.0312	0.7391	-0.3292	-0.4986	-0.2631	-0.2482	0.1072	-0.1974	0.2636	0.4649	0.0392	0.6694	1.0015	1.0172	0.9098	0.9931	-0.3355	1.1296	0.0355	0.0939	-0.1976	-0.5320	0.6002	0.4652	-0.5973	0.9786	1.0898	0.9222	0.3980	0.5194	0.3739	-0.3194	-0.9201	1.6642	0.9803	0.4563	0.9431	0.8808	0.5280	-0.4518	0.4348	0.7138	1.5723	0.3447	1.8911	0.2209	-0.6043
0.8389	0.4725	0.7015	1.0141	-0.6067	0.4531	0.1679	-0.6948	-0.2208	-0.2351	-0.8707	-0.4588	0.5406	0.3452	0.5686	1.3735	0.1212	-0.0226	-0.4767	-0.4785	0.8781	0.8161	-0.3718	0.2473	-0.0086	-0.3758	-0.7840	0.9006	0.3388	0.0799	-0.0352	0.3323	-0.8572	-1.5310	0.0647	1.6876	0.1882	0.0021	-0.9063	-0.0682	-0.2366	-0.9169	-0.5101	-0.6802	0.5520	-0.0323	1.0815	-0.2738	-1.2203
0.6385	0.1988	2.0764	1.2625	-0.0886	0.0772	0.1708	0.4921	-0.0373	-0.4838	-0.2085	-0.1677	1.6550	0.6620	1.5446	0.6025	1.5046	0.7091	-0.1315	0.2025	0.7182	0.6094	0.0344	-0.2139	0.9688	-1.0370	0.2664	1.5413	0.5172	0.8092	0.3818	1.5014	-0.3670	-1.4388	1.4036	2.1849	0.0711	-0.2901	-0.7787	-0.6533	-0.0616	1.1047	-1.6460	0.2111	0.7371	0.3341	0.1012	0.5388	-1.2322
0.3248	0.8333	0.7051	-0.2684	-0.3810	-0.5580	0.6745	-0.3877	-0.7631	-0.3784	0.8019	-0.6425	1.0750	0.3980	0.4263	-0.4131	0.3306	-0.8087	-0.2284	-0.1236	-0.4476	0.5674	-0.5441	-0.2320	-0.5413	0.8925	0.2395	-0.4937	-0.1794	0.4875	0.4930	-0.2272	-1.4469	0.4658	1.5240	1.5697	1.6094	0.2401	-2.1952	-0.9448	0.0873	-0.6717	-0.7305	0.0867	0.2589	0.8752	0.5499	-0.7295	-0.1488
-0.1264	0.2274	1.4659	0.3442	-0.3184	0.4317	0.0019	0.0162	-0.8843	-1.0848	-0.5233	0.1285	0.6469	0.4609	0.5486	-0.4133	0.1974	-0.3618	0.4257	-0.3480	-0.7023	1.0408	-0.4577	-0.0693	-0.1099	0.1682	-0.1619	-0.3247	-0.0312	1.2625	0.4453	0.7661	-0.6826	0.1106	1.4237	1.1864	0.5121	-0.8270	-1.4918	-0.9365	-1.0934	0.5830	-1.5555	0.4253	0.3973	0.4555	0.3082	-0.4237	-0.7625
-0.4425	1.2736	0.2398	-0.1644	-0.6419	-0.7273	0.1986	0.0324	-0.3989	0.3301	-0.2771	-0.3074	-0.0666	0.0540	0.6782	-0.3438	-0.5051	-0.2070	-1.3049	-0.8305	-1.0293	-0.7779	0.3691	0.7837	-0.1375	-0.8631	-0.5121	0.2783	0.1143	0.3842	0.2099	0.5866	-1.6039	-0.4646	-0.0669	1.4914	0.7192	0.6032	-1.0492	-0.1638	-0.2213	0.7621	-0.3804	-0.8493	-0.2708	0.7321	0.5518	0.1843	-0.3923
-0.6975	2.2505	1.0855	0.0653	-0.8988	-0.1565	-0.4179	-0.1819	-1.1422	-0.0759	-0.6228	-0.9112	0.5877	0.1862	0.3003	-0.0724	-0.0734	-0.6711	-0.9390	-1.5655	-1.0581	-0.2392	0.1735	-0.8510	-0.2462	-0.7552	-0.3434	0.6651	0.4601	0.5495	-0.4218	1.0568	-1.7295	-0.7964	-0.2647	1.7728	1.2054	0.3996	-1.4645	-0.9724	1.1025	0.2218	-0.4363	-1.8372	0.4916	0.9549	-0.1501	0.6164	-1.1898
0.1359	1.4817	1.3367	-0.5383	0.5150	-1.0999	0.0319	0.1870	-0.0052	0.5936	0.1591	0.8269	0.5061	-0.2899	0.5819	-0.8132	-0.2495	0.5419	-0.6300	0.3170	-0.8114	-0.5157	1.4099	-0.6676	-0.1255	0.7715	-0.0086	-0.0328	0.3327	0.2623	-0.1247	1.4837	-0.8225	0.0509	0.5497	2.2382	0.0931	0.7517	-0.6463	-0.5555	0.4480	-0.3929	-0.2411	-0.4575	0.2101	1.0464	0.8323	0.9232	-0.1813
0.0579	1.0140	1.1499	-0.4565	0.5599	0.0497	1.4590	-1.1482	0.4636	0.0858	1.2507	0.1072	-0.4395	0.6283	0.1665	-1.3221	-0.7141	-0.6241	-0.5023	1.3234	-0.9340	0.4228	1.2862	-0.0598	-0.1398	1.1881	-0.5584	0.1163	1.2033	0.2430	0.0833	1.1653	-2.0764	-0.0628	0.4902	0.4163	2.0828	1.9759	-0.7815	2.0332	1.1988	-0.7393	0.6653	1.0066	-0.2067	1.6729	-1.6305	1.8998	0.4720
-0.0404	1.2979	1.2417	-0.3640	1.1622	-0.1717	-0.2815	-0.3026	-0.1309	1.1351	2.3085	-0.5359	0.0903	1.0381	1.2601	-0.7626	-0.6573	-1.3128	-0.9673	1.5911	-0.9943	0.5643	0.9777	2.0677	-0.0303	0.6112	1.3561	0.3880	1.0848	1.0590	-1.9461	0.3803	-0.6932	0.3275	0.8518	-0.3394	-0.5689	1.3463	0.4361	2.0014	0.1271	0.1616	-0.2099	2.4598	0.2545	0.9946	0.0934	1.9099	0.6662
0.0908	1.1473	0.9274	-1.0281	0.8269	-1.0273	0.1727	-0.8266	-1.7779	2.2706	1.9111	-0.4792	-0.4026	-0.1721	0.9147	-0.9724	-1.7058	-1.4208	-1.0178	0.5434	-0.5746	0.3179	1.5441	0.9524	-0.5929	0.4134	1.6566	-1.4848	0.3929	0.4180	-3.1023	-0.6445	0.4116	-0.0117	0.7331	-1.7015	0.2581	1.7453	0.4168	2.2789	-0.1813	-0.1538	0.3858	2.5454	0.0579	0.2397	1.1868	0.7177	1.0129
-0.5827	0.4062	0.7351	-1.6115	0.1438	-0.4955	-0.2015	-1.0053	-1.5897	0.7496	-0.1148	-0.8017	-1.1070	-0.2256	-0.7523	-1.1461	-0.7687	-1.6171	-1.1971	-0.8326	0.4469	0.1473	0.3183	0.9728	-0.1997	-0.8774	1.0416	-0.6388	-0.0212	0.5064	-2.5716	-0.4511	-0.6045	-2.1633	-0.3057	-0.9700	-0.4520	0.5876	0.0059	1.7290	-0.7173	-0.0071	-0.0871	0.7834	-0.9816	-0.1184	-0.2265	0.7298	0.6348
-0.3999	0.4362	-0.4814	-1.6070	0.2252	-0.2066	0.0721	-0.7296	-0.9556	-0.0700	0.7247	-0.0437	-0.5536	0.7632	-0.2901	-1.4518	0.2051	-0.4394	-0.4804	0.6366	0.0749	0.0262	0.4936	0.6338	0.4744	0.0858	0.7474	-0.2810	0.7478	1.2286	-1.7998	0.5093	-0.3136	-0.6487	0.8136	-0.0018	-0.1235	0.7313	0.6355	2.3568	-0.5021	0.5568	-0.3735	1.1440	-0.5460	-0.3217	-0.1931	0.9826	0.9152
-0.6323	-0.6821	-1.0850	-1.1405	-0.5299	0.7583	0.9261	-0.7806	-0.5958	-0.5496	0.3448	-0.6576	-0.3513	1.7718	-1.4010	-0.5227	-0.1701	-0.9396	-0.6931	0.1242	0.5631	0.9249	-0.4748	1.1694	-0.4368	1.4548	0.9864	-0.3273	0.6755	1.7016	-1.5945	0.0565	-0.5703	-1.6759	1.2078	-0.3279	0.0370	0.3658	-0.2370	0.9836	-0.4269	0.3554	-0.1392	0.0490	0.0567	-0.0991	-0.0510	0.8401	0.6711
0.1479	-0.8079	-0.6077	-0.9617	0.9875	0.5501	0.7340	-0.4835	0.1957	-0.5068	0.1668	-0.2059	-0.8569	1.6058	-0.1015	0.8865	-0.2825	0.1096	0.1388	1.8747	-0.0877	0.5267	0.9605	1.6144	0.3961	1.2043	0.1421	0.1693	1.3583	1.2406	-0.6141	1.0757	0.2827	-1.1419	1.2004	-0.1586	-1.1756	-0.4232	-0.1719	1.0577	-1.4717	0.7930	-0.6813	-0.1385	-0.3429	-0.1204	0.2422	0.5114	0.1163
-0.5621	0.0108	0.3764	-0.8669	0.4968	1.3193	0.8300	-0.6559	0.2578	-0.0812	-0.9500	-0.9843	-0.4184	1.3220	0.0568	2.0482	-0.8163	-0.0094	-0.2542	-0.2676	1.1617	1.0891	0.9214	1.3180	0.0782	1.2742	0.1792	2.0683	0.9479	0.7505	0.3210	-0.1357	0.4180	-1.2335	0.7937	1.1449	-0.6458	-0.4601	-0.6333	1.0668	-0.9379	0.1095	-0.5586	-1.1887	-0.3722	0.9973	-0.3843	0.4646	-0.2024
-0.1195	0.8094	0.9024	-0.7248	1.2766	0.8305	0.2987	-0.2356	0.1566	0.6371	0.1056	-0.4701	0.2508	1.2073	0.8511	2.5732	-0.2821	0.4504	0.3454	1.0269	1.6911	0.6604	1.9147	2.3557	0.0164	0.4777	0.2138	1.5725	1.1429	0.9027	0.9306	1.2212	1.1444	-0.7990	1.4409	1.5240	-0.5943	0.1257	-0.0434	0.9038	-0.1321	0.9962	-1.0931	-0.1026	0.1293	0.5051	-0.1305	0.6234	0.5292
-1.0284	-0.5043	-0.5940	-0.2788	-0.0046	0.8474	0.9463	-0.7733	-0.1200	0.9420	0.0487	-1.0832	0.3309	0.7061	-0.6336	2.1866	-0.6503	-0.7351	0.2513	-0.2921	1.0874	0.8084	0.0109	1.9676	-1.0710	0.1287	0.6765	1.2590	-0.0902	1.3143	0.5829	-0.0986	1.1759	-0.3356	0.9897	1.1464	0.3119	0.4099	-0.0324	-0.1933	0.4059	-0.1972	-0.3593	-0.2818	0.3260	0.0093	-0.6873	0.7253	1.1477
-1.1711	-0.8021	-0.7729	-0.2551	0.1404	-0.5288	-0.1585	-0.3266	-0.0171	0.7369	0.3058	-1.0472	-0.5131	0.6010	-0.8408	0.2235	-0.2543	-0.9706	-0.0663	0.6000	0.2911	-0.1436	-0.9476	2.2701	-0.3106	-0.2356	0.9579	1.7098	0.8075	1.6678	0.5887	-0.1283	0.4965	0.7406	1.2731	0.7177	-0.2055	-0.1582	0.2384	-0.8496	-1.0815	0.3798	-0.8308	1.0697	0.3281	0.2503	-0.9344	1.0356	0.1626
-0.4230	-0.2662	-0.2982	0.0486	0.4619	-0.5374	0.7042	-0.8149	-1.2587	0.9953	0.5253	-0.5396	-1.0998	-0.0315	0.8835	-0.3474	-1.3687	-0.9449	-0.3815	-0.3594	0.3592	0.1546	0.0919	0.9951	-0.2231	0.6538	0.6373	1.2508	1.2349	0.8389	-0.0459	-0.1737	0.6619	1.2108	1.4370	-0.0768	1.4527	-0.1244	0.0260	0.5655	-0.6535	0.8394	-0.5544	0.6486	0.5886	0.3087	-0.6593	0.8916	-0.3412
-0.2310	-0.2676	0.4893	-0.1319	0.1610	-1.0012	0.0084	-0.4640	-0.7986	0.4441	-0.1892	-0.6446	-0.9514	0.2324	1.0820	-0.3474	-1.1928	-0.7085	-0.4952	-0.9454	1.2137	-0.1821	-0.3690	1.0977	0.1398	-0.7745	1.0264	2.0332	1.8196	1.4364	0.1098	0.5115	-0.2259	-0.0180	0.5681	0.7994	-0.1253	-0.5492	0.7799	0.3123	-0.9867	1.1555	-0.8107	0.1529	0.4776	0.1527	-0.7829	1.3060	0.3005
-0.2551	-0.5934	0.1182	0.4726	0.5588	-0.2990	-0.1663	-0.2916	-0.6510	1.1623	-0.1773	-0.0299	0.1514	0.1300	1.3662	-0.2173	-0.8933	0.4964	0.7677	0.7796	0.4185	0.2257	1.2017	0.2335	0.4152	-0.0128	0.4307	1.4801	0.7033	1.2797	0.5103	1.1408	0.6110	1.3121	0.3205	0.3716	-0.0004	-0.0155	-0.0527	1.7410	-0.2983	0.4755	-0.5537	0.8233	0.5641	-0.4565	-0.3667	0.3867	0.9798
-0.2051	-1.0959	-0.4784	1.1652	0.2251	0.6953	-0.2817	-0.3855	-0.0870	0.1728	-0.9316	-0.5720	-0.1472	0.2835	0.6102	0.3329	-0.8859	-0.1188	0.3594	-0.2551	1.0807	0.1752	0.7646	0.6972	-0.0899	0.3944	0.9946	2.2411	0.5473	1.3371	0.8192	0.4731	0.3076	-0.2944	0.2755	-0.1610	-0.9387	-0.4786	-0.3004	0.7026	-0.9018	0.5273	-0.4596	0.1018	-0.6238	-0.1276	-1.0249	0.9762	0.7893
0.0967	-0.6975	-0.5952	0.2310	1.1949	0.2755	0.5885	-0.1603	0.5451	0.1537	-0.5279	0.3370	-0.3308	-0.0847	1.4537	-0.4726	-0.5560	1.0242	1.2411	1.2434	0.2048	-0.0019	1.5882	0.3280	-0.2048	0.6282	0.9580	0.9934	0.9580	0.1868	1.1637	1.3181	0.9542	0.2611	0.8988	-1.2028	-1.4854	-0.4317	-0.5158	1.1642	-0.6586	1.0739	-0.7250	1.2242	-1.4109	-0.3506	-0.2022	0.5982	0.8477
-0.0664	-0.1258	-0.2583	0.4205	-0.2859	0.3175	0.9145	-0.3992	0.9230	0.1920	-0.2438	-0.3892	-0.3398	0.0938	0.4818	-0.8429	-0.8434	-0.2164	0.8002	-0.4812	1.5368	-0.3770	0.0871	0.1589	-0.5253	1.0458	0.7946	0.9564	1.1007	-0.0673	1.2720	0.2597	1.2320	-0.0184	0.5799	-0.9945	-0.7735	0.2428	0.1268	-0.5405	0.7624	0.5927	0.3232	-0.6864	-0.2110	0.8498	0.4285	0.4876	1.3347
0.0032	-0.5145	-0.0213	0.2682	0.2569	0.9944	0.6415	0.3564	1.6388	0.6710	0.0517	0.3691	0.2459	-0.0437	0.6160	-0.9820	-0.1482	1.2047	2.0726	0.9168	1.6273	-0.1160	0.3500	0.5318	0.0704	-0.0883	-0.2126	0.0421	1.3238	-0.8322	0.4373	1.0574	1.8619	0.5514	0.5361	-0.6468	-0.8443	-0.1764	0.4115	-0.1623	1.2110	0.7720	0.4513	-1.1067	0.2075	0.1894	-0.3794	-0.2905	1.0623
-1.0796	-1.0387	0.0670	0.5095	-0.5397	1.3000	0.4283	0.0014	0.5958	0.3389	-0.0230	-0.2225	0.2900	-0.0812	-0.5543	-0.2520	-0.3535	0.4813	1.5710	-0.8823	0.8504	0.3034	-0.8301	0.1339	-0.3803	-0.3578	-0.0663	0.2372	0.1913	-0.6568	0.2070	-0.1810	1.6534	-0.2004	0.2266	-0.5598	-0.5406	-0.8212	-0.0071	-0.6401	1.7261	0.0945	1.1644	-1.5250	0.5378	-0.0294	-0.6463	-0.6206	0.5379
-0.1402	-1.2518	0.5476	0.5465	0.8067	0.8930	-0.4542	0.7758	1.3709	0.2959	-0.2343	0.5200	0.3320	-0.2964	0.4232	-0.4579	0.2856	1.7075	2.3682	0.5674	0.2237	0.2007	0.3617	-0.0035	0.2591	-0.6441	-0.1237	0.1576	-0.2140	-0.5166	0.0399	0.3330	1.8835	0.6533	1.0087	-0.7282	-1.2715	-1.5834	0.0447	-0.4201	0.3578	1.0085	-0.0276	0.3565	0.2985	-0.2410	-0.3636	-1.0052	0.0465
0.4184	-0.3795	-0.4952	-0.1379	-0.2636	0.7299	0.4474	0.1178	0.2516	-0.1273	0.8510	-1.4796	0.0327	-0.7575	-0.3937	-0.1837	-0.3216	-0.3279	1.3306	-0.9290	-0.1322	0.3346	0.3644	-0.0080	-1.1845	0.4927	-1.1207	-0.3989	-0.9278	-1.2547	0.4042	-0.7379	-0.3744	1.3283	0.0015	-0.6091	1.3565	-0.0882	-1.0271	-1.0679	0.6221	-0.5021	0.1853	-0.7760	0.1311	0.4750	-0.6960	-1.0300	0.2866
-0.0694	-0.7696	0.2388	0.6711	0.2070	1.4754	-0.9611	1.0875	0.6308	-0.3741	-0.3044	-0.6522	0.6817	-1.0071	0.1559	-0.5730	-0.0322	0.3401	1.1347	-0.7400	0.1769	0.5524	0.2929	-0.4036	-0.8321	-0.8516	-0.8240	-0.8955	-0.1243	-1.0422	0.9718	0.3082	0.9924	0.6516	0.0783	-0.4525	-0.5587	-0.9978	-0.7159	-0.8111	-0.2241	1.0622	-0.5755	-0.2962	-0.3984	0.4073	-0.6501	-0.5793	-0.5418
-0.7200	-0.0113	-1.2777	0.3368	-0.0103	-0.5251	-0.6016	0.2752	1.1431	0.1540	0.0896	-1.0594	0.4375	-1.6068	-0.4646	-0.3101	-1.1119	0.0157	0.1100	-1.1415	-1.2617	-0.5987	-0.1177	-0.3140	-1.2169	-0.4606	-0.7353	-1.4892	-1.1245	-1.5932	0.9164	-1.1412	0.1829	1.3512	-0.9362	-0.3851	-0.1139	-0.3334	-1.1597	-0.3098	0.1093	-0.1314	0.9511	0.2443	-0.6337	0.5396	-0.5094	-1.0395	-0.6642
-1.0430	-1.2420	-0.1736	0.6971	0.0102	0.8474	-0.9417	0.6075	0.9746	-0.6820	-1.4173	-0.3350	0.6953	-1.1440	-0.9123	0.3865	0.3362	0.6874	1.5497	-1.3988	-0.8749	0.8949	-0.4073	-0.6738	-0.3444	-0.6613	-0.7756	-1.0267	-1.1763	-1.1675	0.6837	-0.4607	1.2338	0.5455	-0.6584	-0.4339	-0.5561	-1.3074	-0.8916	-0.4790	-0.2787	0.6920	-0.1980	0.5360	-0.1960	-0.0609	-1.1252	-1.1362	-1.5411
-1.0577	-0.5172	-1.1104	0.4931	0.4963	0.1693	-0.5736	0.4236	1.5745	-0.2529	-0.4655	-0.6319	0.0574	-1.3800	-0.5982	0.2859	-0.3696	-0.0143	-0.0893	-1.3661	-0.6245	-1.6108	-0.4937	-0.4795	-0.2569	-0.6721	-1.4124	-1.0215	-0.3194	-1.5121	0.6494	-0.6772	0.5762	0.7853	-1.2931	-0.5713	-0.4878	-0.0184	0.0270	-0.5704	-0.4242	-0.1468	0.9136	-0.4173	-1.1111	0.0555	0.0099	-0.7737	-0.8044
-0.6680	-0.8451	-0.4596	0.9161	0.0237	0.9639	-1.0715	0.2333	0.7611	-0.0699	-0.3194	-0.8019	0.7227	-1.0635	-1.2301	0.6469	-0.1194	0.0598	0.9619	-1.6666	-0.6239	-0.5597	-0.6870	-1.5082	0.0198	-0.7015	-1.9000	-0.9485	0.1185	-0.9261	-0.6935	-0.5706	0.8363	0.5777	-0.8648	-0.5941	0.0037	-0.1446	0.0623	-1.5554	0.2868	-0.5597	0.6741	-1.9802	-0.1261	-0.8004	-1.3188	-0.6873	-0.8302
0.2963	-1.0044	-1.2143	0.3807	0.1756	0.6258	-0.6182	0.7474	1.3619	1.3300	-0.7565	-0.3558	0.2018	-1.2607	-0.5753	0.6950	-0.1250	0.2826	0.6302	-0.5900	-0.6273	-0.9487	-0.1634	-0.7884	-0.1907	-0.6263	-1.1274	-0.8628	-0.3018	-1.6176	-1.3687	-1.4514	0.9225	1.1097	-1.4120	0.0217	-1.7680	0.0724	0.6039	-1.1431	-0.5572	-1.7143	0.8617	-1.6130	-1.1031	-0.4104	1.0806	-0.5560	-0.8500
0.9823	-0.1388	-1.1032	0.5706	0.2799	0.2193	-0.2634	0.2368	0.9683	0.3722	0.0757	-0.5566	0.0688	-1.3367	-0.5138	0.7420	0.3881	-0.1053	-0.5298	0.0065	-0.6685	-0.7389	-0.4871	-0.7888	0.1062	-0.4890	-0.7050	-0.5153	-0.5639	-1.2715	-0.8103	-1.0422	0.0322	0.8423	-1.9549	0.0681	-0.6970	-0.3519	0.5612	-0.5222	0.1067	-1.4609	1.1675	-0.5380	-0.8158	-0.2102	-0.3902	-1.0991	-1.2882
0.2917	-0.2483	-1.3155	0.7364	-0.2584	-0.3066	0.0925	0.0453	-0.2554	1.0236	0.4475	0.0738	0.1944	-2.1367	0.3466	1.0800	0.1730	-0.0202	-1.1242	-0.2041	-2.2572	-0.7339	-0.9464	-1.5665	-0.0095	0.1884	-0.9505	-0.5574	-2.4744	-1.5239	-1.1688	-1.1363	0.8955	-0.2703	-2.7766	-0.7022	-1.4430	-0.3824	0.9488	-1.3004	0.6785	-2.3868	1.5414	-1.2372	-1.4190	0.0132	-0.2687	-1.5415	-1.1280
-0.3212	-0.4159	-0.9665	-0.2164	-0.6111	-1.1533	-1.3417	0.5111	0.5694	-0.5004	-0.0267	-0.2079	0.1693	-1.1548	-1.1465	0.3687	1.1221	-0.2266	-1.2708	-0.2150	-1.7247	-1.2556	-0.7588	-1.3027	0.3098	-0.1100	-1.3409	-1.3232	-2.2757	-1.1548	-1.2847	-0.9843	0.0579	-1.8123	-2.1173	-0.3472	-1.0669	-0.2582	0.8999	-1.6648	-0.5509	-1.4445	0.8148	-0.8849	-1.0916	-0.1795	-0.3533	-1.5788	-0.8630
0.2451	-0.0843	-1.2418	-0.2550	-0.8222	-0.7488	-0.8303	0.5071	0.8367	0.6342	-0.1082	0.0080	0.2001	-1.4674	-1.0675	0.3223	0.5612	0.4217	-0.5375	0.4138	-0.5053	-0.1850	-0.5828	-1.5984	0.9263	0.9336	-1.5784	-2.3800	-1.9693	-2.6054	-1.4298	-1.7735	0.9991	-0.8854	-2.0040	-0.5950	0.1918	0.7127	0.3205	-0.7081	0.1994	-2.0219	1.5681	-0.0619	-1.1031	-0.8368	0.7284	-1.5013	0.2594
0.8968	-1.0881	-1.4943	0.2926	-1.0206	0.8914	-0.9529	0.5194	1.0460	-0.0261	-0.8824	-0.3099	0.4375	-1.2178	-2.0754	0.6649	0.2594	-0.2181	-0.5457	-0.1657	0.3730	-0.6863	-1.0662	-1.4177	0.7525	-0.6289	-1.0322	-1.1177	-0.8360	-2.1890	0.5871	-1.3674	-0.2409	-0.5427	-2.5923	-0.4820	-1.1060	-0.4071	0.5099	-1.1031	-0.4342	-2.0758	1.2374	-0.9223	-1.1060	-1.2876	0.2070	-1.4128	0.6981
0.3695	0.3571	-1.3257	-0.0740	0.0518	0.7909	0.0453	0.4177	0.9730	1.4053	0.1485	0.3843	-0.2780	-1.6937	-0.0934	0.2275	0.0670	0.6806	-1.1583	0.5984	-0.1860	-1.0616	-0.6024	0.0515	0.4228	-1.0568	-0.9116	-1.4569	-0.0377	-2.6424	0.0096	-1.1084	-0.3516	0.5169	-2.4797	0.0460	-1.1945	-0.3253	0.8893	-0.1550	0.0701	-1.2978	2.0126	-0.7848	-1.8087	-1.0215	1.3039	-2.0040	0.2251
0.1966	-0.6015	-1.6171	0.0739	-0.3030	1.1154	1.1002	0.1169	0.2496	0.0075	-0.6798	-0.7022	0.4078	-1.9551	-0.8010	1.2509	-0.0196	0.3171	-0.9164	-0.2700	-0.9088	0.0679	-1.3050	-0.1742	0.2729	-0.6757	-0.3099	-1.5378	-1.0717	-1.8077	-0.6668	-1.8940	-0.1065	-0.0728	-2.3396	-0.2258	-1.5873	-1.2409	0.4084	-1.3057	0.8217	-1.4927	2.0128	-1.2402	-0.6011	-0.5443	0.3506	-1.6574	-0.4452
-0.6189	-1.0933	-1.5570	-0.4893	0.6615	-0.7647	-0.1984	0.4240	0.8293	0.1658	-0.3358	0.0735	-0.3351	-1.8655	-0.4398	0.1025	0.7924	1.4752	-0.8683	0.7134	-1.2205	-0.3359	-0.2228	-0.2502	1.0894	0.2700	0.0096	-2.6269	-1.6124	-2.0185	-1.8225	-1.2792	1.2870	-1.0643	-0.7832	-0.2230	-1.4979	-0.6502	0.6362	-1.6032	0.1267	-1.0182	1.3063	0.2184	-0.4253	-1.1541	0.3962	-0.9680	-0.1698
-0.6857	-0.5557	-0.7125	-0.2020	-0.8423	0.8872	-0.1189	0.1630	-0.2152	-0.3269	-0.0555	-0.9145	-0.7142	-1.6330	-1.4448	0.1533	0.6963	0.4193	-0.8821	-0.7371	-1.1075	0.1107	-0.6692	-0.9186	0.4236	0.0140	-0.7555	-1.4187	-1.4909	-2.2634	-0.7210	-1.9935	0.5004	-1.1072	-0.6786	-0.8782	0.3186	0.2610	-0.0909	-1.4511	0.6059	-2.2274	1.5145	-0.2286	-0.0808	-1.3570	0.4094	-1.0804	0.6210
-0.9291	-1.2863	0.8313	1.4394	-1.9396	2.3500	-1.1650	0.4212	-0.3602	-1.2260	-1.4666	-0.2449	0.7009	-0.9720	-2.0138	0.8173	1.1204	1.2453	0.5001	-0.9499	-0.8036	0.8898	-0.7338	-0.2360	1.1695	-1.9889	-0.3913	0.0117	-0.2795	-1.8271	0.0287	-1.5523	0.2858	-0.6102	-0.5253	-0.4877	-0.8268	-0.7469	0.9597	-1.5038	-0.1783	-1.1174	0.6374	-0.9333	0.0502	-0.7414	-0.7520	0.1206	0.1142
2.0977	1.7695	0.0080	2.4884	-2.1809	-0.2130	2.6477	-0.2381	1.2688	-1.0116	-0.6822	1.9368	0.7550	2.5116	0.5918	0.8481	0.3779	1.1410	1.9518	3.0292	2.2709	-0.4865	0.1926	-1.8706	1.8940	-4.6168	2.6923	0.3380	0.9775	1.5707	0.1499	0.5264	0.4289	0.1812	1.0942	1.4089	-0.3151	-1.6037	3.0179	2.1210	-0.5185	0.2435	-0.2580	0.6203	3.0456	1.1350	-0.9129	0.9647	-1.1778
2.8571	1.2300	2.8560	2.1408	0.5713	2.1888	1.1709	-0.3389	0.5482	-3.0353	-0.4959	1.4325	2.1263	1.9244	3.2499	-0.9421	3.9114	1.3667	0.6580	0.0806	1.6494	3.8050	-0.8763	-1.0282	1.7873	-0.5757	0.2809	1.3468	-0.9041	1.3666	1.6585	1.0797	1.0960	-1.1339	-0.4398	1.7686	2.2021	-1.9228	0.3134	1.1187	-1.1835	0.2530	-1.2829	-1.5015	2.4732	1.2245	-3.9833	-0.3670	-0.4822
-0.3902	1.4714	2.0459	-0.6686	2.4255	2.4618	0.7264	-0.1692	-1.9417	-2.7989	3.6650	2.4578	0.7652	0.2520	1.5869	-2.7501	2.9542	0.6930	-0.8413	2.2980	0.8997	4.0878	1.9193	1.3101	0.6130	-0.6697	-0.1643	-0.8635	0.0014	0.4667	0.2359	-0.0303	-1.0698	0.3946	1.2778	2.7217	0.7816	0.8709	0.0032	1.3185	-3.5667	-0.0868	-3.2028	-0.5468	0.9239	-0.3522	-1.4292	1.0596	-3.1033
0.2944	1.4980	3.5048	-0.5852	3.1085	-2.0715	-1.2656	2.4467	-1.6088	0.2261	-2.3954	1.4114	-0.3225	0.8794	4.6445	2.7307	0.6434	-0.3736	-0.5034	0.3321	-0.1615	0.2788	1.9494	1.6027	2.0587	3.9986	0.4805	4.0834	0.6371	1.5440	0.7907	1.9460	0.0160	1.2390	2.9555	0.7161	0.3869	1.4317	-1.3748	2.4230	-1.3937	2.1841	-3.4950	3.7390	1.6512	0.3994	2.9897	0.8935	-1.4849
0.1343	2.8964	1.4699	-1.2990	0.5183	-3.0256	-0.8228	-1.9683	-1.4696	1.0589	1.4337	1.3352	-0.0993	2.9932	0.7633	-0.9192	-0.0812	-0.9256	-0.8818	1.0579	-0.8784	-0.1474	4.0751	0.0954	0.6553	3.0141	1.7504	1.0335	0.7021	2.2269	-0.6266	1.5881	-2.8378	2.8252	1.8647	0.7947	3.5884	3.0880	-0.5549	1.4738	2.4372	2.5509	-0.0672	1.2070	0.4224	1.3931	4.0409	2.4128	2.2859
-0.7461	0.8755	0.0818	-0.0893	1.0019	-2.3670	1.0341	-0.6085	-0.9012	1.4410	-0.9641	0.1649	0.1701	3.3213	1.2723	-1.1657	-1.5270	-2.0934	-0.5637	0.6460	0.9555	-1.3186	-0.1051	2.2203	-2.8188	1.7424	2.6769	2.1063	2.8081	2.8262	0.8033	2.2034	-2.2368	0.3503	1.6970	0.3117	2.6735	1.4086	0.8572	0.4713	0.2625	3.5492	-0.6772	0.8413	1.9615	1.2812	0.4531	2.4985	1.8821
-0.0177	0.5655	-0.4460	-0.8103	-2.2757	-1.9517	-0.0005	0.0264	-1.5002	0.4587	1.5134	-1.0964	-1.5051	2.0079	-0.7510	-1.9711	-1.4712	-2.0810	-0.2901	-0.1726	-0.1614	-0.8928	-1.4176	-0.6090	-2.4032	0.7576	0.1235	1.4785	0.4827	2.7071	0.8042	0.4095	-2.3550	0.3355	0.7819	-1.1245	2.4932	1.1303	-0.5576	0.4446	2.9117	0.1198	0.9450	1.7517	-1.0780	2.4372	0.8352	1.1571	2.9505
0.2975	-0.3628	-0.2407	-2.1234	-0.6089	-1.9349	-0.3865	-0.5415	-0.9561	-1.0457	0.7090	0.9522	-2.2622	0.9236	-1.4952	-0.7220	-2.3351	-1.0037	-0.2740	-0.6095	0.5403	-1.3114	-0.0227	0.6174	-1.2858	-0.5011	-0.0172	0.3853	0.4462	1.8964	0.4317	1.0488	-1.0201	-0.2699	1.8259	-1.3369	-1.2948	-0.0158	-1.5580	1.0459	-0.4733	0.9078	-1.3856	1.0011	-0.8537	-1.2593	1.0293	0.8582	0.6652
0.0874	0.0009	1.4491	-1.7359	-2.3641	-1.1270	0.0460	-1.0644	-0.9319	0.0398	1.3321	0.6835	-2.0760	0.6437	-2.4022	-0.0973	-1.5564	-0.5914	1.0138	-1.9265	1.6201	-1.7694	-0.9761	-0.1093	-2.0459	0.0105	-0.4554	-0.5093	0.9942	2.5767	0.5264	1.6878	-1.0354	-2.0605	1.9809	-1.9825	0.8344	-0.1846	-2.0913	0.1569	1.1044	0.7943	-1.7643	-0.0443	0.3828	-2.4607	-0.5006	0.2223	0.4177