IC05	IC08	IC09	IC15	IC16	IC17	IC18	IC19	IC20	IC23	IC24	IC26	IC27	IC29	IC31	IC33	IC36	IC37	IC38	IC41	IC42	IC43	IC44	IC45	IC46	IC47	IC48	IC49	IC50	IC51	IC54	IC56	IC58	IC60	IC62	IC63	IC64	IC65	IC66	IC67	IC68	IC69	IC71	IC72	IC73	IC74	IC75	IC76	IC77
-3.0889	-0.1486	-0.9272	-0.9960	0.4001	0.6701	-3.4169	1.5486	-1.5470	-1.6187	0.2698	1.1508	-0.4624	1.1714	-1.3994	-1.2306	1.0981	1.0407	0.2977	0.0735	0.2115	0.8122	0.6762	-1.1807	-0.2066	-2.1494	-0.1686	-0.9291	-0.1105	-0.7316	0.0240	-1.1405	2.2154	1.0360	0.3879	0.8620	-1.3671	-1.0195	-0.4015	-0.0351	-2.1472	-0.1520	-1.2037	0.1959	0.7417	-0.3617	0.2885	-1.4095	-1.4846
-2.6063	-2.0938	-0.9435	-0.0608	0.6270	0.2916	-3.3834	1.9513	-0.6588	-1.7442	-0.3764	-0.2281	0.7838	1.1529	-1.2001	-0.0129	0.8934	0.6568	-0.0463	-0.7840	-0.0755	-0.1632	0.2847	-0.7081	-0.2993	-0.1092	0.2005	0.2479	0.1699	0.8519	-0.0308	-1.0572	0.5710	0.8293	-0.0843	0.2905	-0.0256	-0.9964	-0.0332	-0.4200	-0.8000	-1.5278	-0.6795	-1.0272	-0.8818	-0.1592	0.1321	-0.0292	-1.5399
-1.8933	-1.2926	-1.2270	-0.4856	0.5862	-0.7181	-2.4391	1.2157	-0.6510	-0.4976	-0.2105	-1.0000	-0.4897	0.7822	-0.3555	-0.6979	-0.9451	1.0380	0.3242	-0.3217	-0.3972	-0.4978	-0.8227	0.3023	-0.6902	0.1465	0.3842	-0.2724	-0.0366	0.2159	-0.5475	-1.6587	-0.5123	0.3119	0.9296	-0.5751	0.0438	-0.0086	0.5779	0.0743	-0.1600	-2.4649	-0.4505	0.0310	-1.1633	0.1339	-0.0661	0.6562	-1.4200
-0.0902	0.1037	-0.3029	-0.4917	-1.2858	-0.3574	0.9015	-0.7361	0.0347	-0.4084	-2.0575	-0.0277	-0.8931	0.8249	-0.7448	-2.2368	-0.2101	-0.6427	-0.1908	0.3191	-0.8155	-1.9981	-1.1977	0.3187	-0.7811	-2.6308	0.6136	-1.3224	1.0386	-0.8195	-1.3724	-0.9224	-1.3075	-0.1844	1.1127	-0.8370	-0.0325	-0.8271	0.6907	0.7192	0.6247	0.6675	-0.2047	0.6360	1.1637	-0.3893	-0.7932	0.5502	-0.5469
0.4547	0.3675	1.5827	-0.5269	-0.3505	-0.2751	0.6672	-0.8906	0.3998	1.5970	0.7196	-0.2908	-0.2436	0.6178	-0.6018	-1.5441	-0.3220	-0.6748	-0.0876	0.6696	0.1039	-1.1412	-0.8857	0.7632	-0.7061	-1.8680	0.5896	-0.0768	0.9451	-0.3256	-0.8622	-0.1852	0.6949	1.1989	-0.4383	-0.7098	-0.1416	1.9007	1.1976	0.7189	-0.8272	0.1874	0.3649	0.1568	-0.5730	0.5288	-0.1049	0.5094	0.4923
0.3391	1.0548	2.4356	-0.7044	-0.9630	-0.2656	1.5096	-0.8270	0.2462	1.8313	3.0140	0.8378	-0.0086	-0.1495	-0.5566	-0.0323	-0.8598	-0.6773	0.2114	-0.6901	0.8461	-0.3979	-1.1175	0.6378	-0.6390	-0.1013	0.4175	-0.1270	1.6963	-0.0988	1.5464	-0.5087	0.6489	1.1318	-1.1484	-1.3464	0.4710	0.7961	0.4476	-1.3683	-0.5187	0.2253	0.4161	0.8978	-0.8201	0.4124	0.6807	-0.1823	0.4635
1.6148	-0.3520	1.4861	0.2592	-0.1377	-1.0265	1.1003	-1.0941	0.9829	0.2319	0.4873	-0.0831	1.3219	-0.5682	-0.7163	0.4357	-0.8526	-1.5576	0.9905	-0.7238	0.1320	-0.3815	-0.9975	-0.4846	-0.5283	0.1871	-0.0214	-0.5056	1.6671	-0.6649	1.3486	-0.2358	-0.0432	1.2419	-1.6534	-0.4993	-0.6571	-0.6461	0.5425	-0.3485	-0.2853	-0.9058	0.6391	0.6502	-0.2894	-0.5349	0.8755	-0.6490	-0.4874
0.7914	-0.3276	0.2785	-0.2350	0.0303	0.0479	0.1997	-1.8584	-0.0431	0.1215	0.6979	-0.0295	1.8560	-1.6846	-0.4430	0.8064	0.7400	-0.1169	-0.0307	-0.8791	-0.3165	0.6186	-0.2944	0.1958	0.4915	0.6767	-1.0071	-0.5659	-0.3547	0.2543	0.7663	-0.7045	0.3376	-0.1076	-1.6959	0.7276	-1.0040	1.5206	1.0215	0.0461	0.1374	-0.8005	1.3839	-0.2654	0.7161	-0.3575	0.4370	-1.7940	-0.8010
0.4785	0.0913	-0.1349	-0.2292	0.9146	-0.4684	0.7491	-1.1454	-0.1279	0.6754	0.2853	-0.5999	1.9741	-0.7488	0.0114	1.1283	-0.1788	-0.9329	0.2939	0.2897	-1.0618	0.3494	-0.3173	0.0237	0.7100	1.9402	-1.1600	0.3768	-1.4130	0.4351	0.5504	-0.2745	-0.3426	-0.2442	-1.4011	0.5106	-0.3397	1.5392	0.6766	-0.1465	-0.1253	-1.0689	1.2302	-0.1270	0.4814	0.7011	1.4899	-1.0765	-0.5808
0.0411	0.4403	-0.2558	-0.1050	0.0156	0.2487	0.0024	-0.6483	-0.3015	0.3186	-0.3915	0.8143	0.9802	-0.8271	0.8457	1.2453	0.1742	-0.3780	0.0291	-0.4487	-0.0023	0.4043	0.1228	-0.9462	0.6798	0.5958	-0.9900	-0.3765	-1.0330	-0.2951	0.2812	1.1050	0.7810	-0.9628	-0.1067	-0.0545	-0.5941	-0.5083	-0.7432	0.9869	0.9897	0.0620	0.9136	-0.5049	0.2337	-0.5074	-0.4767	-0.0832	-0.2587
-0.1244	0.3320	-0.3886	0.0117	-0.0665	0.1612	-0.2491	-0.7153	-0.4377	-0.4054	-1.4939	-0.1338	-0.4733	-0.3828	0.1851	0.2195	0.5252	-0.7341	0.2623	-0.4561	-0.3184	0.2323	0.1762	-0.9180	0.8540	0.5985	-0.5250	-0.6317	-1.0696	-1.0574	0.6542	0.4474	-0.3503	-0.1415	0.4375	0.2008	0.0448	-0.9313	-0.5586	-0.4158	0.9979	0.2430	1.0545	-0.7449	0.6659	0.4128	-0.4068	0.1990	-0.3083
-0.6873	-0.0973	-1.0399	1.2213	-0.5097	0.8180	0.6887	0.3565	-1.4018	0.0473	-0.2155	0.1646	-0.1538	-1.3015	-0.1215	0.1132	1.0997	-0.4489	-0.7697	-0.5841	-0.4521	0.5261	-0.2407	-0.0988	1.2136	0.3511	-1.5223	-0.1225	-1.4842	0.7569	-0.0554	0.5988	0.2874	-0.4322	-0.1305	1.0263	0.9443	-0.4409	-0.6442	-0.6216	0.4038	0.7408	1.1741	-0.9711	1.7113	1.3540	0.4288	-0.5626	-0.8909
0.0118	-0.2800	-0.8964	0.3798	-0.3525	0.2426	0.6671	0.7191	-1.3478	0.0807	-2.0637	0.3799	-0.3465	-1.7247	0.3731	0.3202	0.3283	-1.0360	-1.2076	-0.1569	-0.7917	0.5443	0.5431	-0.2599	1.3349	-1.2498	-1.9601	-0.0503	-1.4969	0.1591	-0.6733	0.6461	-0.2110	-1.4297	-0.7773	0.8506	0.3696	0.3873	0.5952	-0.4004	0.7669	1.4029	1.5171	-2.0048	1.6466	0.7070	0.7813	-1.7500	-0.5813
-0.4363	0.7006	-0.6057	0.4620	-0.7250	0.3235	0.9421	0.2976	-1.3575	0.9144	0.1353	0.1329	0.0350	-1.2894	-0.0357	0.5692	-0.2763	-0.5583	-1.8537	-0.0336	-0.5245	-0.0459	0.8545	0.6197	1.6015	-0.7019	-1.7814	-0.2032	-1.8120	0.0925	-0.9544	0.8801	0.0762	-1.6477	-0.8399	0.8800	0.9874	1.2156	0.7592	-0.7544	0.6417	1.9863	1.8451	-1.2667	1.0195	0.8218	0.7130	-1.7073	0.1802
0.0509	-0.5254	-0.0664	0.8877	0.0938	-0.1111	0.7521	-0.6549	-0.6166	0.3958	-1.5650	-0.4982	1.0821	-0.9385	1.4597	2.0185	0.0508	-0.2895	-0.3994	0.1997	-0.7577	0.6834	1.2859	0.2787	1.1974	1.4013	-0.5415	1.1492	-1.7074	-0.3592	-0.4176	0.1190	-0.8618	-1.0512	0.4698	0.6256	0.2244	-0.2865	-0.0759	-0.5889	0.0312	0.6178	1.1988	-1.5077	-0.0609	0.0839	0.7491	-0.4071	0.0229
0.7441	-0.7646	-0.2750	0.7356	-0.3216	-0.1314	-0.1396	-0.6079	0.0037	0.8333	-1.2544	0.6897	-0.0492	0.5666	2.1292	1.8823	0.8053	0.6868	0.4239	1.0754	0.6649	1.2356	0.6763	-0.1240	0.8899	1.3367	0.6116	0.8029	-0.3045	-1.0149	0.6157	0.2209	0.6550	0.0022	1.5154	-0.2484	-0.2416	-0.9004	-0.9515	-0.2115	-0.0122	0.6332	0.3061	-0.4053	-0.2964	-1.2924	0.5422	-0.2734	0.1567
1.2571	0.2429	-0.0679	0.9517	-0.2759	-0.6026	-0.3136	-0.4437	0.8083	1.0381	-0.1887	0.4498	-0.9150	1.7223	0.6700	0.7590	1.2944	0.3129	1.5100	1.6869	0.9173	0.9683	-0.1402	-1.0858	-0.7130	1.0416	1.5054	0.5290	0.6156	-0.6901	0.5115	1.0809	-0.2563	1.8116	1.2155	-0.8505	-0.1981	-0.5979	-0.7247	0.1762	0.5929	-0.7739	-0.1981	0.3987	-0.5070	-0.4444	0.6524	0.2312	1.4087
0.6191	1.6861	-0.4989	0.4448	-1.5223	1.4643	0.3966	-0.7686	0.8206	-0.1087	1.9979	1.7440	-1.2044	1.2121	-0.7553	0.4017	-0.2461	1.0134	0.7954	0.2555	1.1599	0.5647	-0.6378	0.1441	-1.2048	-0.5092	0.9263	-0.4531	0.9315	-0.1095	1.3350	0.2256	-0.3954	0.5072	1.0579	-1.2113	0.7294	0.7684	-0.9114	-0.9150	0.7373	0.7522	-0.5266	1.0575	-0.3656	-0.3736	-0.3234	0.7101	1.5443
0.6166	1.3249	-0.7982	-0.3462	-0.4915	0.5049	0.3506	-0.0621	1.2336	-0.1719	0.3271	0.6983	-0.6888	1.3119	-0.4513	0.4251	-0.6660	0.0298	0.9341	0.4365	1.2158	-0.6002	-0.7554	0.8757	-1.0718	-0.9966	0.5166	-0.0076	1.6807	0.1073	1.1784	-0.2967	-0.9317	-0.0176	0.0388	-0.8094	0.2619	0.0700	-0.9605	-1.0036	0.4124	0.7741	-0.4227	0.3356	0.3392	-1.4018	-0.6045	0.6254	0.9894
0.8615	1.1411	-0.5747	-0.8345	0.0776	-0.2753	0.6423	-0.9499	0.2118	-0.4347	1.7379	-1.0962	-0.3950	0.0278	0.4529	-0.3715	0.4379	1.1812	-0.1103	1.1708	0.4395	-1.0543	0.4659	0.9457	0.3006	-0.8831	-0.3453	-0.4951	0.4252	-0.6615	0.3904	-0.3740	-0.3996	0.4561	0.2125	-0.2858	-0.2575	1.2832	-1.0593	0.5921	0.5137	-0.7522	0.3603	-0.2166	0.9893	-0.2496	-1.0979	0.1378	0.1355
0.6806	0.1051	-0.0766	-0.2743	1.3102	-1.3835	1.2952	-0.6938	-0.1429	-0.5721	0.1954	-0.7372	-0.0403	-0.1378	0.6646	-0.7684	0.6203	-0.2642	-0.4408	1.6894	0.0177	-1.6027	0.9116	0.1146	0.6453	-0.3599	-0.0965	-0.6412	-0.0406	-0.7128	-0.2665	0.6621	-1.6718	0.5311	0.0945	-0.7535	-0.3941	1.2904	-0.1846	0.2934	0.1412	-0.0316	0.2285	-0.7337	0.5943	1.4902	-0.8468	0.2523	-0.4219
0.5783	-0.7348	-0.3926	1.3030	2.0535	-0.0254	1.4440	0.1871	-0.0570	-0.4011	-0.0302	1.3984	-0.6019	0.1744	0.8346	-0.5536	-0.4158	-1.4717	-1.0734	0.0404	-0.0621	-1.7727	0.9471	-0.0028	0.5444	1.7500	-0.3377	-0.8491	0.1200	-0.8961	-0.7931	0.8909	-1.0056	-0.0851	0.8110	-0.7593	-0.4263	1.9752	1.1050	0.4880	0.3890	0.1425	0.0179	-0.0780	-0.1518	2.1673	-0.4678	0.7760	-0.8875
0.8897	-0.6973	0.3832	-0.3752	0.9578	-0.3798	1.6468	-0.1233	1.1355	-0.7520	0.0207	1.4270	-2.4093	0.7531	0.4346	-1.1730	-0.1197	-2.5433	-0.9241	-1.3828	-0.0951	-1.6272	0.8945	0.1331	0.7357	1.6925	0.2981	-0.1198	1.1360	-0.7722	0.0463	0.1148	-0.3294	0.6089	1.0634	0.1350	0.8293	2.0920	1.8166	0.6635	0.0493	-0.3353	-0.1937	-0.4423	-0.0571	0.7656	-0.0575	0.6167	-0.2486
1.2934	-0.5674	0.7162	-1.2053	0.9065	-1.8730	0.9254	0.2624	0.8955	-2.3991	0.9836	0.3331	-1.5562	0.7133	0.4240	-1.6783	-0.5426	-1.5363	-0.9482	-1.3119	1.0922	-0.4259	-0.4351	-1.1708	0.3757	1.1330	0.3361	-0.8759	0.8462	0.1713	-0.5120	-0.4458	0.7186	-0.3417	0.7008	0.7916	0.7681	1.3288	0.5301	1.9847	-0.3432	-1.4551	-1.3203	0.0035	-0.4986	-0.7550	1.0466	0.5957	0.5089
1.2895	0.0784	0.7869	-0.3806	0.8269	-1.2765	-0.3562	-0.3821	1.1734	-2.1574	0.0177	-1.2644	0.2636	0.0283	0.3317	-0.6643	-0.5913	-0.9569	-0.0413	-0.4521	0.8938	-0.5799	-0.4034	-0.8772	-0.8742	0.8883	0.2472	0.0983	0.5166	0.9800	0.5986	-0.4995	-0.7293	-1.0122	0.6724	0.2612	-0.2803	1.0890	-0.1751	1.9359	0.2855	-2.0253	-1.6934	1.2867	-0.8303	-0.0752	1.4459	0.4797	1.7936
2.0853	0.0913	1.0705	1.1641	0.7679	0.1516	0.2524	0.1643	1.3249	1.0536	-0.3825	-1.5256	1.5108	0.2820	0.3277	-0.5275	-0.8687	-0.0609	0.8048	0.0832	0.0019	-0.2602	-0.8111	-0.1926	-1.4947	1.0754	0.3934	1.3301	0.4813	1.2008	1.4043	-0.2298	-0.9367	0.1538	0.1210	0.2649	-0.8296	1.2884	-0.1881	2.2676	0.6791	-2.7450	-0.9655	3.5896	-1.2528	-0.2885	1.9747	0.5739	2.6935
2.3084	-0.6202	1.1197	1.5157	0.8690	0.9395	-0.2264	0.5423	1.8598	0.6166	-1.0896	-0.5550	1.2925	-0.5943	0.5331	0.8121	0.6509	0.8414	1.3288	-0.1334	1.1543	0.5686	-0.5846	0.2186	-1.4425	0.6797	0.3275	1.8175	0.1400	2.0014	0.6365	0.4086	0.4117	-0.5362	0.2677	1.7590	-0.3631	-0.7797	0.1058	1.9069	0.5202	-1.1546	-1.5868	3.4599	-1.0921	-0.6788	0.1383	-0.2556	1.9743
2.0874	-0.4899	0.2693	1.3328	0.2012	0.8736	0.5885	0.2376	1.3918	2.3238	-1.4422	-0.3671	0.7018	-0.8668	0.9540	1.2579	-0.6577	-0.1189	1.4082	-0.0875	0.3549	1.0069	0.4276	0.6793	-0.9657	1.1018	0.3869	1.3015	-0.1536	1.4801	-1.1409	0.6123	0.0875	-0.0104	-0.6733	2.0721	1.0924	-2.7774	0.5534	-0.0518	0.0395	-0.2429	-0.7249	2.1480	-1.3924	-1.0238	0.0735	-0.5468	1.4944
0.8111	-0.6884	-0.2930	1.4853	-0.9257	1.2978	0.6737	-0.3410	0.3709	1.4108	-0.3232	-1.1238	0.0867	-1.4121	-0.3390	0.6193	-1.0857	0.4318	-0.5183	-0.5479	0.0854	0.8634	0.7360	1.5624	-0.4916	-0.0842	0.0852	0.5976	0.0983	2.5851	-3.0708	0.3908	-0.6835	-1.6132	-0.4156	2.5727	1.6412	-1.9617	-0.8407	-0.4060	-0.1413	1.2229	-1.0549	0.5827	-0.3602	-0.7098	-1.1768	0.2970	0.7060
-0.7440	0.0897	-0.4121	1.1938	-0.8811	1.6101	0.7137	-0.2387	-0.1660	0.5418	-0.6667	-1.4692	0.8163	-1.6616	-1.0777	1.3571	-1.4178	0.3070	-0.6566	-1.4792	-1.1754	0.4375	0.6595	0.6296	-0.4505	-0.5256	-0.3204	0.4105	-0.2136	1.8463	-1.8883	0.0583	-1.0152	-2.5531	-0.8359	1.9528	0.5342	-1.2456	-0.3795	-1.1435	0.0050	1.1544	-0.8783	-0.5047	-0.3271	-0.7032	-1.3789	0.2642	1.6298
-3.0652	1.0381	0.0131	-0.1831	-1.0571	0.3648	-0.5538	0.7492	-0.6026	1.1029	-0.5603	-1.2177	0.8236	-0.9877	-2.0165	0.6990	-0.1069	2.7334	-0.1052	-0.3141	-1.2082	0.9331	-0.0081	0.9494	0.2995	-1.5039	-0.6818	0.3296	-0.9401	0.6374	-0.1460	-0.6348	-0.3719	-1.1358	-1.8435	-0.2733	0.0216	-0.9156	0.2402	-0.5107	0.2465	-0.0828	0.1875	-0.2733	-0.4996	-0.1411	-0.0828	0.8305	1.9042
-0.9353	1.8785	2.8362	-1.7319	-2.1821	-1.0860	1.4250	0.3220	-1.8949	-1.0066	-0.4903	-1.5133	-2.4138	0.2822	-1.3629	-1.0688	0.3219	1.8881	-0.2683	0.7384	-1.5484	0.7653	-0.8012	-0.0892	0.0523	-3.2669	0.1481	0.4695	-0.2826	-2.7069	-0.8809	-1.1205	-1.2320	-1.6522	0.6812	-0.4882	-0.1440	-1.6030	-1.0010	-1.2866	0.5771	1.0212	1.0499	-1.2266	0.8073	1.3389	-1.1846	1.3970	0.8531
-0.7241	0.5978	3.0359	-1.1469	-0.2297	-0.0019	-0.1967	0.3023	-0.4510	-1.3982	-0.4175	0.6697	-1.1657	1.1315	1.1298	-0.0287	0.6424	1.2242	-0.2921	0.8777	0.0509	1.0083	0.1708	-0.3620	0.2411	-0.7276	0.9503	0.5196	0.5987	-0.5623	-0.0329	0.9116	0.3579	-1.3086	0.8562	-0.3829	-1.0782	-0.8757	-1.3147	-1.9157	-1.0303	2.6335	-0.7772	-0.6809	-1.1742	-1.2296	-2.0282	1.3776	-0.5247
-0.1770	0.3508	2.7683	-1.3034	1.2212	-0.7333	-0.4871	0.7421	-0.1322	0.4286	-1.9634	-0.0774	-0.5185	1.3373	2.7636	-0.8369	-0.1216	0.3311	0.3645	1.3732	-0.1514	1.1759	0.7261	-0.7320	-1.0453	2.0264	1.3170	-0.2688	0.4319	-0.5136	-0.4974	2.1034	0.7482	0.5578	0.7766	-0.7907	-0.0246	-1.3353	-0.3467	-0.8352	-0.6422	0.9426	-0.9883	0.0441	-1.9963	-0.2623	-0.1224	2.5027	0.8148
-0.6727	0.0581	1.1502	-0.8186	-0.4661	-0.1649	-0.4858	0.6149	-0.4089	0.6049	0.0042	0.0384	-0.4649	0.8808	1.1869	0.1490	-0.4150	1.5680	-0.0096	0.5392	0.8936	1.5555	0.8182	-0.7269	-0.3884	1.0218	0.9161	0.6567	0.6277	1.2390	0.0361	1.1343	1.6136	-0.4599	0.2048	-0.4301	1.1425	-1.7335	-0.5386	-0.3797	-0.3877	1.7394	-1.6590	0.3103	-0.6660	-0.8814	-0.5568	1.7377	-0.1958
-0.7585	-0.1229	-0.6451	0.1474	-0.0770	0.7032	-1.2557	0.4079	-0.2554	-0.1703	0.2080	-0.9202	0.4422	0.8658	0.3017	0.9552	-1.2520	1.4863	0.0876	1.2864	0.8053	1.3716	0.4103	-0.9548	0.0347	0.3957	0.7893	0.9905	0.5335	1.3911	-0.4663	1.1340	0.4850	-0.2316	-0.5440	-0.7813	0.1069	-1.3748	-0.3560	0.2318	-0.8434	1.1136	-1.0733	-0.0695	-0.7011	-0.7186	-0.5047	1.6767	-0.5646
-0.6247	0.8327	-1.7651	0.1017	0.1010	0.9751	-0.8704	0.6148	-0.6940	0.2958	2.4011	-0.8207	-0.4736	0.2268	-0.0104	0.0296	0.3451	2.2947	0.4131	1.7260	1.3444	1.5857	-0.5598	1.3383	0.3592	0.4962	1.9318	0.5427	-0.1348	0.0342	1.0245	-0.9810	0.7997	0.3008	-0.0903	-0.3227	-0.8781	0.6098	-1.5649	1.4058	-0.6580	0.4119	0.0267	1.0147	0.7963	0.5591	-0.7209	0.4735	-0.4478
0.1785	0.0718	-1.5183	0.0671	1.0697	1.1610	-0.4088	0.9491	0.5583	0.3550	0.8579	0.2978	-0.1729	1.0500	0.0281	-0.4768	0.0552	1.3261	1.2998	1.2180	1.1817	0.9299	-0.4569	1.2326	0.2603	-0.1219	2.4691	0.9190	0.6309	-0.8597	0.8901	-0.7395	1.0961	1.5777	-0.2422	-0.4868	-1.5443	-0.0132	0.4686	1.6039	-1.6563	1.0300	-1.1135	1.9367	0.3111	0.3955	-0.0791	1.2812	-0.7928
-0.2678	-0.0798	-0.4517	0.2664	0.9743	1.8344	-0.4998	1.3432	0.5602	-0.3562	0.8945	0.4859	-0.2529	1.1693	0.3116	-0.7126	1.9316	1.7439	1.6818	0.3879	1.5419	0.5202	-0.8534	0.9943	0.3742	-0.5726	3.0007	1.4420	1.1049	0.2717	0.9987	-0.5383	1.5342	2.0802	0.8989	0.2119	-1.9993	-0.3395	1.2115	2.2598	-1.4421	0.6841	-1.4167	1.9871	1.3577	0.3685	-1.3834	0.9790	-0.9873
-0.4224	0.0670	-0.5192	-0.1860	0.3329	1.3885	-0.0927	0.9239	0.1881	0.2611	0.9685	0.5260	-0.2329	2.1067	-0.4696	-1.3291	0.4956	0.7451	1.8679	-0.0316	0.2857	-0.1276	0.0457	0.1240	0.2468	-0.3432	2.2153	0.4533	0.2515	-0.1503	1.8709	0.4678	0.8383	2.4083	0.2762	-0.7469	-0.6912	0.3104	1.3642	1.4867	-0.2484	-0.4629	0.7645	0.2992	0.8310	0.6530	-1.7360	0.4380	-0.6929
0.1183	-0.8898	-1.1855	0.1690	-0.2689	0.5249	-0.8099	1.5355	0.8360	0.7709	1.1309	-0.0036	1.0022	2.4112	-0.8081	-0.7518	0.9272	1.0366	1.4480	-0.5177	0.4721	-0.9636	-0.0967	0.3416	-0.1486	-0.0731	1.4627	-0.2775	1.1578	0.2781	1.5279	0.8279	0.3952	1.7807	1.1414	-1.6335	0.1163	-0.5957	-0.8966	0.7853	0.1503	0.0507	0.3140	-0.3673	0.0320	-0.0485	-1.7113	-0.0483	-1.6943
0.1486	-1.1696	-1.2625	-0.6989	-0.2856	-0.0576	-0.7671	0.7200	1.2988	0.3555	0.6401	-1.2015	-0.5172	1.3160	-1.1821	-1.6062	-0.1421	0.6984	-0.2144	-1.4078	-0.2504	-0.9155	0.4794	0.1123	-0.9525	-0.8246	1.0240	-0.7428	1.1392	-0.2970	0.6821	-0.7228	-0.5542	0.9088	0.5905	-1.5508	0.8287	-1.0481	-0.0622	-0.6181	-0.2045	0.0225	-0.5199	-1.5228	-0.5059	-0.5324	-0.9303	1.4106	-0.7817
-0.6920	-0.0527	-1.3075	-0.3206	-0.7649	0.2022	-0.3999	-0.3654	0.8630	0.0949	0.7410	0.4315	0.1902	-0.2462	0.3928	-1.1085	-0.5277	0.2546	-2.2172	-0.3696	0.3278	-1.1406	0.7775	0.6235	-0.5105	-0.8064	0.0685	-0.4483	0.3651	0.5690	-0.6860	0.9932	-0.6218	-0.0740	0.3040	-1.0123	0.0827	0.4739	0.7992	1.2769	0.2393	0.5968	-0.8172	-0.1715	-0.1803	-0.2340	-0.7620	2.1606	-0.6619
-0.9827	0.3361	-1.0016	0.3839	-0.1800	0.3552	-0.0039	-0.7024	0.3113	-0.8566	0.1356	0.7407	0.6991	-1.4729	0.6983	-0.2885	-0.4410	-0.8570	-0.9377	-0.9037	-1.9958	-0.1578	-0.3324	0.8473	-1.8499	-0.2497	-0.7839	-0.0149	-1.2835	-0.1711	-0.1845	0.7192	-0.8705	0.3033	0.1793	-1.5524	1.3433	-0.1541	0.6098	-0.9378	0.3434	-0.4497	-0.8282	-0.8306	-0.4848	0.2868	-0.0675	0.3819	0.4943
-0.9907	0.2078	-0.0120	-1.1108	-0.1429	-1.0283	0.0535	-0.5082	0.2723	-1.6348	0.5312	2.2174	0.8722	-1.6133	0.9514	-0.6811	1.1914	-0.6701	-0.7057	-1.2748	-2.6239	-0.5061	-0.4871	-0.0838	-1.3544	-0.1223	-0.9220	-0.0783	-2.0906	-1.0411	1.3929	0.9385	-0.5702	0.5742	-0.5600	-1.5041	0.9162	-0.5093	-0.5382	-2.6184	0.2361	0.4152	-1.2707	-0.3198	-0.3386	-0.7541	-0.5755	-2.3556	0.5765
-0.9142	-0.3261	-0.0324	-0.1604	0.1852	-0.8739	0.0824	0.1469	0.4073	-0.2790	0.6714	1.0481	-0.3997	-1.1946	0.8546	-1.9834	1.5656	-0.8911	-0.8383	-1.0736	-2.1221	-1.2838	-0.1875	-2.1334	-1.5815	-0.2113	-0.6753	-0.1999	-1.4682	-1.5486	0.5744	1.3437	-0.3890	0.7960	-1.3243	-0.8879	0.4981	-0.6130	-0.3384	-0.7570	-0.2561	-0.1511	-0.7331	-0.9353	-0.6869	0.3887	0.2478	-1.2885	0.4100
-0.5786	-0.1234	0.1146	-0.4447	-0.1139	-0.8217	-0.1760	0.3463	0.5419	-1.0143	0.2009	0.4233	-0.1957	-0.5792	0.4475	-0.1964	1.4222	0.3505	-0.9381	-0.6765	0.1196	-0.5939	-0.0146	-1.3465	-0.4423	0.2547	0.1767	0.5917	-0.2139	-0.0579	0.0325	0.9799	0.9678	-0.5686	-0.6710	0.6433	-0.7608	-0.2822	-1.0451	1.3049	-0.5322	0.6107	-1.6004	-0.9263	-0.1025	0.0136	-0.0779	-0.0241	-0.1181
0.2003	0.0801	-0.1944	0.2521	1.1111	-0.8139	-0.3347	0.3685	0.3916	-0.5779	-0.3256	-0.1843	0.6588	0.2282	0.0203	1.6051	-1.4986	-0.0461	0.2676	-0.2045	-0.2143	-0.0551	-0.0815	-1.2452	-1.3977	0.9058	0.0140	0.9883	0.4948	0.8375	-0.5930	0.6005	0.6131	-0.1306	-0.3765	0.2674	0.1834	-0.9543	-0.5535	1.3487	-0.3902	-0.2584	-0.8400	-0.3934	-1.3802	0.3661	1.5632	0.8709	0.6939
0.2301	-0.5553	0.1073	0.8256	0.4690	-0.2418	-1.3785	0.4040	-0.2668	-0.7299	-0.5168	-0.9978	0.7265	-0.8477	-0.5146	2.2123	-1.8094	0.1933	0.9981	-0.8805	0.4419	0.9954	0.5372	-0.3550	-0.6579	0.1038	0.0396	1.3237	1.0576	-0.2256	-0.9567	-0.6433	0.7848	-1.1498	0.2322	-0.6410	0.2931	-2.5494	-2.3022	0.0930	-0.4156	-0.1898	-1.1911	0.3925	-1.1318	-1.2370	-0.4751	0.5988	0.2115
0.0505	-0.3566	0.3555	-0.5498	0.1098	-1.8750	-1.0738	0.0731	0.2594	-0.3071	-0.4631	-1.9156	0.0171	-0.2756	-1.7173	0.9538	-2.0872	-0.2648	1.6937	-0.6268	-0.2138	0.5995	0.9706	-0.2948	1.5966	-0.4127	0.2642	0.4366	0.5672	-2.1531	-1.2473	-1.2750	-0.5617	-0.1252	-0.7618	-0.8603	-0.3098	-2.1884	-2.2556	-2.3364	-0.7553	0.3592	-0.4054	-0.0422	-0.5714	-1.5234	-0.7271	-0.8646	0.2357
-0.9129	0.3962	-0.4342	-0.5417	-0.1292	-0.6952	-0.4159	0.1011	-0.0731	-0.1283	1.5630	-0.3587	-1.0411	-1.7422	-2.0904	-0.1683	-1.0366	-0.1401	0.4671	-0.3607	0.2954	0.1857	-0.1140	1.2661	1.3067	-0.9280	-1.1336	-0.3224	-0.4355	-1.3198	-0.9715	-1.5153	1.0286	-0.7902	-1.1331	-0.2495	0.1846	-0.0572	-1.4990	-2.8018	-1.0682	0.9415	0.5029	-1.1972	1.0120	-1.3033	-1.1676	-2.3769	-0.2089
-1.0206	0.5672	-0.9450	-0.0869	-0.4378	1.1724	0.4538	0.1049	-1.3164	0.6187	0.1098	-0.3862	0.6766	-2.0079	-0.9618	0.4370	-0.8776	-0.1600	0.2911	0.3027	-1.1102	0.0372	-0.6375	0.4252	1.3177	-1.4768	-1.4590	-0.2442	-2.1260	-0.7966	-1.3721	-1.1764	1.0759	0.1098	-1.1617	-0.2717	-1.6702	0.9320	-0.9768	-1.6364	-0.5937	0.0728	1.5354	-1.4946	1.4411	-0.8637	-0.7523	-2.1686	-1.1167
-0.5733	0.0729	-0.7757	-0.3979	-0.8778	0.9026	0.6065	0.6283	-1.1090	-0.5375	-0.7694	0.0644	1.1737	-1.0079	-0.4535	0.8159	-0.0398	-1.3171	-0.7296	-0.0354	-1.4985	-1.3065	0.9037	-0.9875	1.2044	-1.0045	-2.6866	-0.7344	-1.7112	0.1842	-1.3325	0.6570	-0.1096	0.1358	-0.7004	-0.0960	-0.1481	1.6645	-0.5465	-1.4532	0.3181	0.6097	1.2610	-1.5566	0.3188	0.3736	0.2538	-1.5759	-1.2063
-0.4963	0.6625	-0.7304	-1.1444	-0.7924	0.0993	-0.1186	0.4254	-0.9441	-1.5631	-0.8147	1.2724	-0.3765	-0.6682	0.0483	-0.4112	-0.9722	-1.3461	-2.1795	-0.1050	-1.3677	-0.6893	2.4613	-0.8436	1.5199	-0.7412	-2.6585	-0.9953	-1.7013	-1.0768	-1.1318	0.8719	0.3710	-0.3260	-0.5490	0.5922	0.4571	2.2042	0.8132	-1.9967	0.9894	0.5109	1.8129	-1.8614	0.1331	0.3429	0.3396	-0.6686	-1.0942
-0.2677	1.5647	-0.3422	-1.6090	-0.2646	-1.4361	0.4665	0.2285	-0.8984	-0.8293	0.1344	0.2308	0.0031	-0.2260	0.2804	-0.9463	-0.5264	-0.9123	-2.7706	0.7778	-1.1381	-1.4119	2.4603	-0.1054	1.6750	0.8493	-1.8341	-1.0311	-1.4580	-0.1534	-1.5155	0.6062	-0.0003	-0.1888	-0.5283	1.3457	1.6729	2.1742	1.1461	-1.8416	1.5411	-0.1713	2.0785	-1.2451	0.6462	1.4326	1.6365	-0.6958	-0.4032
-0.6908	0.8840	-0.0667	-0.5393	0.0023	-0.9328	0.2067	0.6609	-2.5372	-0.1555	0.3416	1.0437	-0.2010	-0.9833	0.5127	-0.7877	0.0671	-0.4609	-2.8905	0.5367	-0.6534	-0.8937	1.3985	-0.6769	1.8736	1.1161	-2.5858	-2.2972	-1.1415	-0.5297	-2.4370	-0.6502	0.2021	-0.9685	0.2542	1.8574	1.7501	2.1492	1.5465	-0.3300	1.2212	-0.5832	1.4447	-1.2431	1.5964	2.2436	2.4342	-0.5926	-1.3982
-0.4356	-0.2293	0.0227	0.7844	0.5592	-0.3726	-0.0439	0.7982	-1.7033	-0.0583	-1.0327	0.6215	1.2732	-1.7378	0.6393	1.0995	0.4119	-1.6310	-2.3403	0.8043	-1.2601	-1.6910	0.4167	-0.0269	1.3911	0.6283	-3.1562	-1.2742	-1.4270	1.0766	-2.0830	-0.2033	-0.4701	-0.6215	-0.0353	1.5274	-0.4110	1.3885	2.1036	-0.7294	0.4761	-0.6546	1.8023	-1.1571	1.9964	3.0037	2.7675	-2.0993	-2.1494
0.0096	-1.0694	0.4300	1.8144	0.8515	-0.5063	-0.7939	0.7800	-1.1007	0.6399	-0.4251	0.5817	1.4239	-1.8058	-0.0389	2.0459	0.3621	-0.6364	-1.5560	0.4391	-0.3582	-0.4718	-1.0100	0.7506	1.4514	-0.1767	-2.8233	-1.1863	-2.1278	1.8766	-1.4854	-0.4098	-0.2243	-0.9495	-0.1290	1.7759	-0.1612	2.1479	2.2329	-0.4907	0.3417	-0.9455	2.0760	-0.2749	1.7367	2.8848	2.0302	-2.9768	-1.7650
-0.2373	-1.4051	0.4566	1.8456	-1.1406	-0.0145	-1.2491	0.4111	-1.6750	0.8371	-0.9133	0.2203	-0.0975	-1.5931	-0.5769	1.5399	0.3887	-1.4930	-1.2210	-0.3504	0.2886	0.1908	-0.6582	0.1321	2.0630	-0.5260	-2.3958	-0.6470	-2.1693	0.5855	-0.8929	-1.3323	-0.8063	-1.2963	-0.3223	2.2290	0.6462	0.7004	1.1870	-0.6721	0.5050	-0.4353	1.9382	-0.9629	2.2010	1.4636	1.1496	-3.0244	-0.8739
-0.6023	-1.7216	-0.1211	0.8363	-1.4687	2.0475	-0.7100	0.6823	-1.4799	0.7900	-1.0732	1.6402	-0.5568	-1.1876	-0.6996	1.1333	0.6814	-0.6425	-0.6831	-0.5786	0.2538	0.9562	-0.7199	0.1044	2.5395	-1.1997	-1.7682	-0.7547	-1.2181	0.9353	-0.4334	-0.5566	-0.3365	-0.6701	-0.3636	1.2092	-0.1158	0.2695	0.3225	0.4070	0.1552	0.9812	1.4164	-1.8482	1.4530	-0.7600	0.5233	-2.2537	-0.6664
0.4901	-0.6078	0.0663	-0.4083	0.5795	0.9042	-0.4004	0.6351	-0.3859	-0.4129	-1.3752	1.1498	-1.9262	-0.0206	0.7044	-0.0862	0.1272	-0.2394	0.3038	1.1079	0.2567	1.0127	0.5703	0.0935	1.4797	1.0494	-0.2242	-0.0471	-0.1537	1.0896	0.2618	0.0178	-0.8342	0.0242	0.6380	0.1269	-0.6750	-0.0780	0.4464	1.4681	-0.0937	1.8710	0.3832	-0.9250	0.1111	-0.3776	0.5047	-0.0850	-0.4818
1.0541	-0.0825	0.3354	-0.0104	1.8223	0.2304	-0.4881	0.9086	0.3727	0.6961	0.8351	1.4944	-1.6813	1.5544	1.4075	-0.6959	-0.0302	1.4411	0.8272	2.2499	1.2289	1.6113	-0.3574	0.8810	1.3148	2.1284	1.2735	-0.3127	-0.1227	0.0668	0.6848	0.0464	0.0530	1.4318	2.1896	-0.0900	-0.4700	1.2190	0.2854	1.5611	0.2420	0.8125	0.0530	0.9074	-0.4012	0.4310	-0.0415	1.4012	0.1895
1.1892	-0.4464	0.3228	-0.1111	1.6537	-0.1535	0.1175	0.7397	0.9410	0.7000	0.9268	1.8710	-0.9806	1.3741	1.1546	-0.4453	-0.0963	0.9404	1.4157	1.4153	1.5789	1.8171	-0.2252	0.9032	-0.1751	1.1458	2.3285	-0.3419	0.7882	-0.1264	-0.3273	0.4595	0.2168	1.1178	1.9221	-0.7853	0.7419	0.6782	0.5777	0.9505	0.0062	0.0069	-0.9383	1.2052	-1.0975	0.7503	-0.5918	1.6925	1.3403
1.0286	0.0924	-0.0199	0.3471	0.0379	1.1911	-0.1074	0.5733	0.6400	0.6081	1.3990	1.0889	-0.5308	0.8740	0.1503	0.5691	0.4569	1.2161	1.6505	0.3272	2.3824	2.0443	-0.4572	0.5759	-0.3072	0.3673	2.1187	-0.1078	0.6757	0.4901	0.0968	-0.3832	0.9673	-0.0964	1.1550	-0.4897	0.4293	-0.1870	0.1275	1.0282	0.9007	-0.6925	-1.0016	2.6242	-0.0917	-0.4162	-0.6697	0.5627	1.2628
1.9762	0.8098	0.1153	0.2777	0.7097	-0.0977	0.2531	-0.9295	1.4665	1.2984	1.4918	-0.5833	-0.1240	1.6109	-0.6289	-0.1182	-0.2155	0.2947	1.5603	1.0528	1.8107	0.4268	-1.0273	-0.0107	-0.4102	-0.2362	0.9397	-0.2988	1.7020	0.9261	1.1635	-0.1551	-0.8455	0.3643	0.2723	0.2425	1.3120	1.0820	1.6030	1.0782	1.1304	-1.5616	0.1157	2.2307	-0.6136	-0.5475	-0.0783	0.3933	1.1956
0.9335	-0.0903	0.2311	1.0728	0.3456	-0.7351	-0.0619	-1.7623	1.3369	0.4365	1.1567	-0.7718	1.0741	0.3630	-1.0266	1.0411	1.1581	0.2096	1.3525	0.1685	1.8082	0.1855	-0.4575	0.9367	-0.0166	-0.3078	0.6080	0.4953	2.0469	1.1450	2.0722	-1.2167	-0.7061	-0.9417	0.0771	1.0590	0.8159	0.4818	1.2323	0.7002	0.0423	-1.7057	-0.0159	2.3247	0.8051	-0.7360	-0.5476	0.2129	-0.8308
0.7353	-0.6028	-0.1583	0.3488	0.5805	-0.8818	0.8126	-1.0373	1.1926	1.3284	0.7616	-1.3052	0.2897	0.0678	-1.1619	0.1760	-0.0695	-1.0562	0.6574	-0.4529	0.1607	-0.7073	-0.7378	0.9944	-0.7373	-0.0632	-0.4923	-0.2855	1.9253	0.5213	2.2058	-1.4145	-0.9158	-0.3001	-1.3133	1.0038	-0.0294	0.5793	1.7729	0.0303	-0.5862	-2.5931	1.5761	1.8700	1.1641	0.2290	1.4189	-0.8209	-1.2026
0.6368	-0.5009	0.0279	-0.5730	-0.3716	-0.3153	0.2573	-1.4861	1.7456	0.1092	0.1872	-0.8758	-0.0554	-0.1354	-1.1484	0.0344	0.9696	-1.2312	0.2901	-1.3513	0.8502	-1.5186	-0.9332	0.7273	-0.2868	0.0011	-0.7255	-0.3863	2.3401	1.5360	1.8555	-1.1044	0.5229	-0.0837	-0.6107	1.6818	-1.3556	0.5622	1.9671	-0.1768	-1.0396	-1.5884	1.2869	0.7671	1.4565	0.3937	0.9897	-1.5033	-1.4984
0.2976	-0.1553	0.3494	0.4208	-0.3727	-0.0828	0.7218	-1.5307	1.1304	-0.5433	0.3743	-0.3043	1.1340	0.7376	-1.7157	0.6687	0.5132	-1.1778	0.9425	-1.9018	0.0630	-1.6695	-1.6998	-0.2552	-0.9244	-0.0215	-0.8235	-0.6317	2.2862	1.1454	2.3544	-1.5318	0.5704	0.9262	-1.3512	0.8268	-1.4000	-0.5126	2.2801	-0.1143	-0.1049	-1.5111	1.6972	1.0275	0.8574	-0.2122	1.2669	-1.2045	-1.0865
-0.0138	0.0340	-0.1213	0.7986	-1.0615	-1.2081	1.0633	-1.0867	0.5472	-0.5120	0.0611	0.0254	0.6032	1.4890	-1.1504	0.7905	0.6816	-1.7154	1.0712	-1.1015	0.1249	-1.8755	-1.9237	-0.7479	-1.8174	0.1241	-0.7376	-0.7621	1.8741	0.6991	1.8220	-0.8864	0.4240	0.2422	-0.4688	-0.1958	-0.0468	-0.7111	0.5359	-0.1477	0.6265	-1.4002	1.2594	0.5737	0.0960	-0.4196	1.6864	-0.4678	-0.2238
-0.2437	-1.3633	-0.5052	-0.1023	-2.6490	-1.1304	-0.2444	-0.0338	-1.2534	-0.5746	-0.2725	-0.4878	-0.9235	1.7650	-0.9800	0.2617	0.8529	-1.7199	0.2305	-2.1690	0.5461	-1.0677	-1.6329	-0.1339	-2.2266	0.1765	-0.4662	-1.0583	0.8332	-0.8784	1.0992	-2.3387	-0.0001	-0.9228	0.4786	-0.2369	1.0496	-2.0651	-2.5698	-0.9953	0.1920	-1.9196	-0.0174	0.4063	-0.7016	-0.9485	0.0873	-0.5600	0.7401
0.4885	-1.7736	-0.9674	-1.1488	-1.6632	-1.4366	-1.0096	-0.5137	-1.0582	-1.1889	-1.5163	-1.1374	0.2412	1.4420	-0.1967	-0.7764	-0.3612	-2.0292	-0.9034	-1.0536	-0.2808	-1.3682	-0.4858	-0.5041	-2.1504	0.0811	-0.0714	-0.0764	0.6436	-0.8273	-0.0485	-1.3760	-1.0955	-0.8838	-1.0542	-0.9102	0.1124	-1.9307	-2.0070	0.0504	0.1289	-1.3286	-1.1333	-0.1629	-2.0310	-1.5230	-0.9388	-0.4903	1.4012
0.1663	-0.1913	-0.5230	-0.8860	-0.9078	-0.8674	-0.6920	-1.7001	-1.5814	-1.5781	-0.0699	-1.0435	1.1124	-0.9637	-0.1039	-0.5095	-0.7464	-0.4884	-1.4035	-1.1337	-0.0891	-0.4518	0.1715	-1.2057	-0.7878	-0.5826	-0.3577	1.6728	0.3888	-0.0770	-0.7874	-1.0131	-0.6669	-1.6208	-1.4743	-0.3568	-0.6636	-0.1535	-1.5718	0.8919	0.2971	-0.0868	-0.9756	-0.4946	-1.4041	-1.0400	-1.7764	-1.2570	1.1433
0.0475	0.7632	-0.1607	-0.7138	0.2139	-0.9654	0.3585	-2.5483	-1.1408	-0.8018	-1.4422	-1.6141	0.3830	-0.0901	0.9928	-0.7521	-1.4285	-0.6445	-0.4513	0.1351	0.0930	0.2398	-0.5166	-1.6271	-0.3007	0.5211	0.5313	0.2477	-0.0344	-0.6832	-0.5457	-0.0060	-1.5786	-0.4438	-0.2273	-0.6656	-0.2298	0.1608	-0.3035	0.1443	-0.0596	0.4242	-0.4936	0.4735	-0.8696	0.5220	0.3768	0.0133	1.1778
0.4018	0.2419	0.2090	-0.1828	0.1766	-0.5606	0.1588	-1.8411	0.1123	0.4399	-1.0549	-1.0599	0.8774	0.2707	0.9157	-0.5301	0.3995	0.0607	0.0572	0.4854	0.8295	0.1263	-1.2023	-0.6027	-0.4248	0.5435	1.0864	-0.2372	0.7919	0.3093	0.9188	0.5616	0.8911	0.1172	1.6117	-0.7546	-0.1731	0.0607	-1.0101	0.8147	0.3052	0.2625	-0.1275	-0.2578	-0.3484	-0.6177	0.6576	0.3237	0.1749
-0.1036	0.8857	0.1035	-0.1986	-0.6811	-0.5366	0.5647	-1.5167	0.1595	0.7976	-0.3440	-1.3411	-0.3371	0.0682	-1.3155	-1.2024	-0.0376	-0.0537	1.0333	-0.0131	-0.2991	0.6016	-1.5231	-0.2911	-1.0042	0.4362	1.7849	-0.7465	0.1358	-1.5903	1.2260	-0.5646	0.2065	2.0055	1.9673	-1.4281	0.5145	-0.3755	-2.0472	-0.5134	0.9891	-0.7107	0.2586	0.0622	-0.1723	-0.1153	1.4030	0.7205	1.0951
-0.5776	0.8752	0.2349	0.6722	-1.2780	0.2110	0.1534	-1.2608	0.3763	-0.1443	-0.1843	-1.4025	-0.1282	-0.0509	-1.8980	-0.9050	1.6109	-0.0686	1.3530	0.2656	0.6852	0.6881	-0.7757	-0.0982	-0.5650	-0.1907	1.9520	-1.0248	-0.4589	-1.6821	0.1538	-0.0528	-0.1733	1.4968	1.1296	-2.0025	0.9308	-1.1061	-3.1276	-0.5988	1.6344	-0.0953	-0.2917	0.2512	0.2214	-1.0824	-0.2788	0.3600	1.3923
-1.5978	0.5700	-0.8434	1.2813	-0.6649	1.5976	-1.0217	-1.5956	0.7245	-0.2237	-0.9488	-0.6074	0.1610	-0.1669	-1.8779	-0.8944	0.5133	-0.4801	1.3559	0.0367	-0.2000	0.2354	-0.0857	0.0886	-0.6328	0.0689	1.1585	-1.4456	-0.0968	-2.6060	0.2231	-0.5645	0.4420	0.8886	0.7238	-2.4164	-0.1665	-1.3133	-1.5448	-0.6205	1.3725	-0.5588	-0.0820	-0.1844	-0.4412	-1.4954	-1.4506	0.2488	1.6942
0.9431	0.6225	0.4198	-0.4996	-0.1005	0.5169	1.4993	-1.4295	1.4635	-0.7246	-2.3213	1.7012	0.0753	0.9963	-0.8886	-0.7292	0.4171	0.9211	0.9750	0.5649	-1.1614	0.1770	-0.1152	0.3731	-0.3006	-1.0364	-0.2598	-0.7509	0.5016	-1.7853	0.3122	0.1266	-0.7884	1.1953	1.1258	-2.6760	-0.7973	-1.4473	0.5934	-0.1965	1.5887	0.5541	0.7871	-0.5008	-0.4270	-0.3854	0.4064	1.1757	2.1349
-0.6793	0.6272	2.8155	-0.3920	2.2754	1.3704	1.2578	-1.6599	0.5695	0.3850	0.4355	0.7940	-0.2221	-0.0869	0.7104	-1.1920	0.5007	0.7035	0.3226	1.6916	-1.2899	-0.3354	1.6156	0.3318	0.2347	0.3964	1.4070	0.6498	0.5402	-0.7049	-0.9615	1.9480	-0.6281	1.2730	1.9824	-0.5723	0.3593	0.8875	1.0114	1.0155	0.4758	0.0518	-0.2249	-0.5146	-0.4016	1.3255	0.0237	1.4248	0.9029
0.0087	0.2149	2.7826	-0.7433	1.8340	-0.3402	1.8476	0.4101	-0.0027	0.8051	0.7583	0.9543	-0.8974	0.9364	1.1489	-0.5297	-1.4918	0.4140	-0.0464	-0.2222	-1.1377	-0.0914	1.8814	0.4829	0.2381	0.0183	1.1507	2.1182	0.6235	-0.2154	-0.3480	0.7338	1.0744	1.1368	0.3929	-0.7108	-0.4880	0.8159	1.5123	0.3084	0.1445	0.5648	0.3873	-0.6585	-1.1145	-0.6961	-1.9538	1.7543	-0.8626
-0.4355	0.6879	2.5963	-0.6588	1.4131	-1.7520	0.0665	0.6766	-0.7177	0.8336	0.4369	-0.2958	-1.2760	0.3307	1.4273	-0.8481	-0.1469	0.2990	-0.6084	0.4834	-0.0812	0.0195	0.4088	1.5122	0.2980	-0.3196	1.0449	1.5063	-0.0810	0.6097	-1.0940	1.0438	1.5316	0.1102	-0.3868	0.0741	0.2919	-0.1232	0.0047	0.4392	-1.0822	1.0369	-0.4632	-0.3340	-0.0584	-0.6616	-0.7800	0.9282	-1.7588
-0.5008	0.2028	0.6093	-0.0010	1.6455	0.2303	-0.6559	0.2913	-1.3313	1.0560	0.7847	-0.7413	-1.4594	0.2574	1.3719	-0.9685	-1.2333	0.0170	-1.1943	1.1554	-0.8232	-0.2563	0.6188	1.0548	-0.4425	0.3335	0.1897	0.1170	-0.8349	-0.7121	-0.4999	0.9962	0.7536	-0.6468	-0.8015	0.2336	0.4260	0.8258	0.1794	0.2737	-2.5341	0.0085	-1.1467	-0.1163	-0.3801	0.8018	0.0922	1.2009	-1.2436
-0.8823	-0.9847	-0.7220	-1.5272	-0.5165	0.2653	-0.9407	0.0089	0.2165	-0.3095	-0.7504	-0.2499	0.7795	1.4603	0.8957	-0.2937	1.4436	0.1463	-0.9880	0.0625	-0.1346	-0.8078	1.0149	0.3658	-0.4798	-1.1982	0.7469	1.3258	-0.6906	1.2650	0.2000	1.3738	-0.8256	-1.1606	-1.1352	1.3096	-1.5383	-0.1065	-0.0322	-0.3681	-1.8102	1.4340	-1.4944	-0.7370	-0.1589	0.2019	-0.7453	0.8331	-0.5910
-0.7233	-0.4043	-1.7931	-1.0926	-0.1414	0.0633	-0.6048	-0.7374	0.2661	0.6074	0.5388	0.1134	1.1904	0.4800	1.5703	-0.8030	1.1459	-0.7224	-0.4091	-0.5433	-1.3657	-0.5044	0.7507	-0.8411	-1.9461	-0.5843	0.7065	1.6288	-0.6383	0.6382	0.7318	1.2435	-0.5019	-0.2274	-1.2572	1.0668	-1.9892	-0.5092	0.6611	1.2558	-1.1507	-0.1588	-0.6453	-0.5378	-1.1457	0.4803	-0.1820	1.4847	-0.4930
-0.9946	0.1893	-1.2205	0.1616	-0.9788	0.6815	-0.5463	-0.3623	0.4013	0.7729	0.7167	0.3174	1.4402	0.5885	1.0910	-0.3128	2.4075	-0.6887	-0.3717	-0.1648	-0.8621	-1.2951	-0.2118	-1.4793	-1.4280	-0.1327	0.8420	1.6431	-0.6322	0.8275	1.7108	1.1337	-0.2857	0.3087	-1.9409	0.7861	-1.1332	-0.3598	1.0799	1.9054	-0.6067	-1.0179	-0.2647	0.3249	-0.3549	-0.7540	-0.6051	1.2223	-0.2262
-0.7407	0.3733	-0.8119	-0.2918	-0.8577	0.3582	-0.3916	-0.2233	0.2461	0.3285	0.6496	0.9966	-0.0175	0.9985	0.9820	-0.3729	1.8424	-0.5745	-0.2040	0.2153	-0.1664	-1.1221	-0.3083	-1.5211	-1.9066	0.0858	0.6480	0.2334	-0.1811	0.1726	1.4025	1.6827	-0.4258	1.1743	-2.1805	0.8946	-0.3658	0.5129	1.3930	1.1179	-1.2339	-0.5399	-0.5913	0.3313	-0.6511	-0.1255	0.8288	1.1424	1.3004
-0.7484	0.9324	-0.1371	-1.7962	-0.3072	-0.4943	-0.1504	-0.9725	0.6425	-0.3749	-0.4219	-0.4274	-0.0659	0.2240	0.8009	1.4067	1.3300	-0.1830	0.7870	0.2860	-0.2952	-0.6911	-0.1900	0.3533	-2.0334	0.9259	0.4341	0.6294	-0.3826	0.3018	1.7832	1.4882	-0.9073	0.2589	-1.4617	1.1866	-0.2746	0.1223	-0.4972	-0.2371	-0.2703	-0.1083	-1.0628	0.1482	-0.9101	0.4615	1.2858	-0.0055	1.8389
-0.6769	1.5527	-0.0933	-1.6542	-0.0614	-0.4087	-0.2032	-0.0911	0.5621	-0.4353	0.1334	-0.2061	-0.5483	0.1769	0.3840	1.1962	-0.4248	0.2232	0.4720	0.3126	-0.2268	0.1422	-0.2841	0.1522	-0.9698	0.4234	-0.1377	-0.8554	-0.9700	-0.6270	-0.0937	0.8187	-0.1790	0.1459	-0.3766	1.5194	-0.4980	-0.0296	-1.5411	-0.0964	0.5904	-0.3155	-0.7103	0.7700	-0.3131	0.4316	0.6507	-0.1891	2.0238
-0.5499	0.9288	-0.6066	-0.4087	-0.3967	1.1292	-0.2327	-0.0416	1.1712	-0.4912	-0.8060	0.4984	-0.7974	0.8737	0.5527	0.7372	-1.2540	-0.8833	0.1002	0.0939	-0.4641	-0.8041	1.8561	-0.8999	-0.5545	-0.6852	-0.3360	0.2160	0.5196	-0.5411	-0.5259	0.6118	-0.4338	0.3574	0.1037	0.8177	-0.4070	-0.2411	0.4818	0.3512	0.4859	-0.0891	-0.3341	0.0185	-0.7921	-0.0945	-0.4447	0.3223	1.7202
-0.3307	0.6325	-1.0030	0.2729	0.7916	-0.1911	0.7885	0.2544	0.5304	1.3917	-0.1077	0.9365	-0.4097	1.2279	0.9303	-0.1337	-2.3257	0.2651	0.3412	-0.1931	-0.7551	-0.2274	0.8358	-0.5486	-0.3276	-0.6038	-0.1698	0.2884	1.0946	-1.1518	0.2483	-0.1849	-0.1204	1.9949	1.0318	-0.6951	-0.9140	1.4157	0.5895	1.1090	1.2300	-0.0645	0.6480	0.4373	-1.5132	0.2306	-0.6740	0.8251	0.6602
0.4084	0.7438	0.1665	-0.3192	1.6622	-1.5616	0.5974	0.4753	2.5735	0.2230	-0.2214	-0.5756	-3.3647	1.3468	1.3464	-0.4778	0.1278	-0.0519	2.7684	1.6886	-0.9869	-0.6515	1.6871	0.5049	-0.1684	-0.7347	0.4027	2.2693	1.8983	-1.0953	0.2933	1.7161	-0.8769	1.6638	2.2840	-1.0679	1.3748	2.0366	0.8800	0.5497	1.0909	-0.1152	-0.7768	-0.1478	-1.2487	2.6628	0.1314	1.8570	-0.2506
0.3404	-1.3894	0.1369	1.3208	0.2588	0.6622	-0.2336	0.1353	2.1711	-1.3906	-0.8094	-0.1158	-0.5655	-0.6228	0.1003	1.0564	-0.1017	2.9226	1.9894	-0.8646	1.4167	1.5206	-0.6862	1.1494	0.9719	-1.9269	0.6601	0.3446	0.7204	-0.2061	1.4563	0.6915	2.6923	-1.0131	2.2613	-1.0356	2.5543	0.2627	-0.9418	-0.1209	-1.2407	1.1181	-3.0493	-0.3618	-0.3304	1.1015	-1.7345	1.8087	-1.9279
0.1498	0.1587	-0.6616	1.4243	1.6801	0.9353	-0.1492	1.5492	-0.4909	0.8470	1.0744	-1.0127	1.6881	-1.6622	0.5086	0.3660	-2.1803	2.5338	0.5723	1.3558	-0.6156	1.0414	-0.1948	0.4074	-0.0629	1.4678	-0.9876	1.2815	-1.3534	-0.5535	-1.0056	1.2067	1.1220	0.1475	-0.7653	-0.6406	-1.8658	0.2203	-0.9574	0.8350	-1.6946	-0.0016	-1.4388	0.2265	-1.5149	-0.4061	-0.4368	0.6690	-1.3025
-0.3216	0.4537	-0.3717	1.2221	0.7595	1.0934	-0.2242	1.0460	-0.9745	-0.5725	-0.5483	-1.0715	1.0698	-2.6753	1.1438	1.2547	-0.8747	1.5682	-1.5868	-0.0394	0.0647	1.3909	1.0197	-0.2419	1.1197	1.0118	-0.5794	1.6367	-1.5670	1.2917	-2.1500	0.8415	1.7638	-2.3649	-0.9140	0.3723	-1.9327	-1.0013	-0.0509	0.6362	0.0024	1.9171	-1.1517	0.7546	-0.0145	-0.5655	-1.0517	-0.1464	-1.1437
-0.7030	0.0382	-0.7290	0.6668	1.4761	0.7163	0.3333	0.5775	-0.6030	-0.4725	-1.2744	-0.8208	-0.1355	-1.2122	0.5551	0.4124	-1.5819	0.6365	-1.3216	0.7243	-0.6322	1.6692	1.1197	-0.7740	1.3137	0.8821	-0.1043	0.6753	-1.5040	1.6591	-2.0617	0.7262	0.7180	-1.6423	-0.5425	0.7171	-0.0246	-1.7013	0.3066	0.3766	-0.5569	1.0910	-0.6364	0.1910	-0.3437	0.6744	0.5558	0.7590	0.1982
-0.2543	-0.9039	-0.2515	0.7606	0.3650	1.1287	0.3355	1.5173	-0.9137	-0.6458	-0.0198	-0.0139	-0.5794	-1.7107	0.0023	-0.4458	-0.6445	1.2547	-0.9340	0.1391	-0.1871	1.2583	0.5850	-0.0609	1.1243	-0.6411	-0.1104	-0.5037	-1.1910	1.2752	-1.5333	-0.1922	1.5212	-2.3084	0.1323	1.1509	-0.3342	-1.9753	-0.2823	0.5208	-0.7445	1.9040	-0.5679	-0.0883	1.0609	0.2455	-0.6037	-0.3199	0.4056
0.0748	-1.1596	0.1212	0.6937	-0.1990	1.3286	0.3275	2.4614	-0.9813	-0.1159	-0.0811	0.1567	-0.1565	-1.4015	-0.1369	-1.0594	-1.0000	0.9830	-0.6371	-0.4934	-0.7563	0.7674	-0.9574	-0.1977	0.9543	-1.1229	-0.2602	-1.8292	-1.4465	-0.1943	-0.6623	-1.2221	0.4410	-1.0051	-0.9325	0.2117	-0.4839	-1.1410	0.2260	-0.4657	-1.1598	1.5463	0.4604	-0.5655	0.6823	-0.8483	-0.4985	-1.3517	0.7447
0.1516	-1.1418	0.2269	0.8725	-0.9673	1.4833	0.1011	2.7966	-1.4634	-0.3254	0.4196	0.5288	-0.4358	-0.8523	-1.5191	-1.1868	-0.4064	1.4243	-1.2328	-0.8352	0.7143	0.5575	-1.6157	0.2265	0.7345	-1.8044	-0.1171	-2.4313	-0.4469	0.3605	-0.8523	-1.8700	0.5832	-0.5200	0.2621	-0.2292	-0.0182	0.5308	-0.3621	-1.3362	-1.8990	1.6323	0.5650	-1.0078	1.3212	-0.8523	-0.7198	-1.2252	0.0365
0.2840	-1.1468	-0.0552	0.8543	-1.9079	1.3942	-0.1296	3.1268	-1.6578	-0.2543	0.1004	0.1743	-0.9015	-0.2443	-2.8991	-0.1503	-0.7308	0.7509	-0.6032	-1.9651	1.2469	0.4689	-2.0500	-0.1393	0.5256	-2.3377	0.7630	-2.1488	-0.3034	-0.5582	-0.7448	-2.7037	0.9249	0.0694	0.5884	-0.8411	-0.6136	1.0853	0.4686	-2.2559	-2.1489	0.5562	0.2104	-0.6556	1.6451	-0.4784	-0.5521	-0.5014	-0.0046
0.3378	-0.6350	0.1175	0.6380	-2.5058	1.3328	0.2693	3.4530	-0.8613	-0.7231	0.3049	1.3606	-0.7061	0.2725	-2.4017	0.8398	0.6912	1.1817	-0.1362	-1.8511	2.3912	0.6303	-2.0835	-0.5407	1.6956	-2.1233	1.0310	-1.7681	0.4046	-0.2616	-0.7752	-1.6252	-0.1453	0.2491	1.0914	-0.7954	-1.0597	0.4209	-0.4934	-1.9543	-2.1510	1.0177	0.0654	-0.4685	2.0856	-0.8841	-0.7076	-0.2213	-0.4594
1.3751	0.2445	0.2273	0.9148	-0.7697	0.6178	0.1118	2.3915	0.0609	-0.4930	-0.8828	1.2697	-0.1489	0.5387	-0.5534	0.1456	0.3836	0.5013	0.4918	-1.0497	1.5236	0.5798	-0.8967	-0.7774	1.1470	0.6238	0.7662	-1.0778	0.9262	-0.8411	0.4808	-1.4095	-0.7390	0.7300	0.9775	-1.2706	-0.2910	-0.2061	-0.4536	-0.6205	-0.5987	-0.0571	0.8436	-0.6845	0.9926	-1.2308	-0.7435	0.2865	-0.1433
1.1042	0.2660	-0.0962	0.6428	-0.7343	1.0047	0.1270	1.5387	-0.3398	-0.1894	0.2226	2.3389	0.5569	0.1448	0.2031	0.2906	-0.2783	0.8529	-0.2057	-0.6188	1.7238	0.8695	-0.3505	-0.0820	1.4060	0.2713	-0.3080	-0.3739	1.4382	-1.0422	1.1591	-0.4319	0.1564	0.3626	0.3799	-1.2471	0.0879	0.4340	-1.3672	0.4996	-0.0350	0.9253	1.1383	-0.3944	0.3690	-1.8889	-0.5001	-0.5366	-0.4023
1.7377	1.1555	0.4158	0.1340	0.1785	-0.2801	0.8822	0.6400	-0.3222	0.3907	-0.3913	1.1448	1.5663	-0.3053	0.5697	0.3778	-1.2951	0.2555	1.3241	-0.2186	0.3782	1.2986	0.8917	0.4446	0.7985	1.4482	-0.9628	0.0677	0.0179	-0.8089	0.3216	0.6891	-0.7529	0.6638	-0.4355	-1.5192	0.2782	0.5110	-0.7405	-0.7700	0.6425	0.7700	0.8281	0.7256	-0.5233	-0.6053	0.6407	-0.8267	0.5378
1.7714	0.8892	0.9772	-0.1089	0.3332	-0.4236	0.5123	0.7385	-0.4276	0.7950	0.0471	1.5959	2.5297	-1.2934	1.0551	1.5173	0.1653	1.8053	2.0049	-0.3258	1.3536	2.7639	0.1942	1.4698	1.7685	1.1862	-0.8004	0.1886	-0.4603	-0.7726	0.8434	0.4676	0.6298	-0.3940	-1.2226	-0.3879	-0.3367	-0.4529	-1.4668	-0.8806	0.6024	1.2657	0.2042	1.9067	0.8872	-1.7677	0.2945	-1.4399	-0.6309
1.7234	-0.1897	1.0216	0.5247	0.9662	-0.5770	1.4574	0.3384	-0.4860	1.1994	-0.0045	1.6287	2.2122	-1.2542	0.7629	1.3330	-0.2260	0.8035	1.3997	0.2568	0.1968	1.9311	-0.9604	1.2529	0.6520	0.9162	-1.2652	-0.7035	-0.4339	-0.0612	1.0808	0.6465	-0.6099	0.2723	-1.2847	0.7348	0.7895	-0.8685	-0.6474	-1.2023	0.3579	0.1285	1.1755	1.0740	1.2372	-1.5455	0.8610	-1.0546	-0.8421
0.9633	-2.4787	0.4168	2.2124	-0.6392	1.2589	0.9921	-0.0404	-0.6409	0.7214	-0.2751	1.5544	2.0279	-1.8587	-0.3997	1.4367	0.6363	0.1478	0.1173	-0.9174	0.6050	1.3983	0.0553	1.1235	1.2853	-0.0916	-2.0716	-0.7565	-0.9535	0.6252	0.9759	-1.2676	-0.0938	-0.9317	-0.8353	1.3407	1.8079	-1.7354	-0.5455	-1.3074	-0.0696	-0.2856	1.7238	-0.6619	2.0876	-1.6497	-0.1532	-1.2279	-1.6372
0.6147	-2.8175	0.1490	2.2567	-1.0490	1.2190	0.8944	1.0633	-0.5176	0.2078	-0.0424	0.5197	1.8342	-1.8417	-1.1699	1.5216	0.2170	-0.0540	-0.8097	-1.3217	0.2949	0.7442	-0.9214	1.1723	1.4180	-1.4114	-2.3632	-1.3873	-1.1271	-0.2135	0.1131	-2.3281	0.0321	-0.6126	-0.9893	1.0184	0.2581	-0.2464	-0.1256	-1.4800	-1.0158	-0.7173	1.7055	-1.1063	2.1149	-0.7547	0.8363	-1.5562	-1.5438
0.6153	-1.5803	-0.1745	0.8599	-2.0348	0.5401	0.9199	0.6379	-0.4429	-0.5060	0.1209	0.9642	0.8725	-0.9531	-1.3406	2.0183	2.0589	0.5021	-0.9574	-1.3816	1.0072	0.8116	-0.9395	-0.3373	1.0336	-0.9831	-2.1900	-1.8716	-0.8077	0.2956	-0.8517	-2.4735	-1.6867	-0.1950	0.0744	0.7877	-0.1777	0.4763	0.4081	-1.0821	0.4543	-0.2706	1.2764	-1.0492	1.6541	0.8838	1.8051	-1.0238	-1.0144
1.6437	0.6041	0.3041	1.8111	1.1616	0.3756	0.2567	-1.0918	3.0187	0.4703	2.1783	-0.0687	-1.6993	1.5576	-0.4194	0.8280	1.8196	-0.3914	2.5357	2.6330	-0.1941	-0.9022	2.0532	-2.5577	0.3725	1.0583	-1.3266	1.6726	0.7876	-1.1026	0.0328	1.1152	-2.1484	0.9281	0.9116	-0.2150	2.9841	1.2400	1.3757	-0.1480	4.3945	-1.9477	1.6269	-0.6096	-0.1930	2.8950	2.5838	0.1856	0.3534
0.1958	1.3663	0.4658	1.1763	0.1081	-0.8347	-0.5758	0.2670	-0.0990	-0.1681	1.0245	-1.8369	-1.1293	1.3446	-0.7696	-0.2629	1.0920	-1.0428	0.1082	1.4045	0.8086	-1.5882	-0.5038	-0.6225	-0.4671	0.0007	-0.5399	0.1900	1.1830	-1.1580	-0.1977	-0.5771	-1.1048	0.2086	2.1100	-0.0753	1.3864	1.2253	-0.5580	-0.0760	2.4391	-2.2072	1.9473	-0.1961	1.6687	1.2399	0.2887	-0.4227	-0.3453
0.0757	1.4957	-0.3091	-0.3669	1.0632	-1.5037	-0.1439	0.0824	-1.1848	-0.3431	0.7257	-3.0248	0.3124	1.2329	0.4304	-0.1057	-0.2710	-1.3210	-1.7832	1.6233	0.5790	-1.4996	0.6142	0.0380	-0.9002	1.3100	0.5380	1.1196	-0.1980	0.6623	-0.5540	-0.0599	-0.5683	-0.0442	0.5440	0.2347	-0.1296	0.7856	0.0926	0.6171	1.3862	-1.5799	1.0631	-0.6955	0.5595	0.6268	-0.6204	0.3669	-0.5327
0.2789	1.3170	-0.9450	-1.6877	1.5849	-1.7096	0.3770	-0.0091	-0.2271	0.9069	1.5624	-0.6143	-0.3669	1.1484	1.5110	0.0846	-0.8269	-0.1690	-2.3289	2.1011	0.5059	-0.9635	2.1954	0.9675	0.4999	2.4780	0.5966	0.5636	0.2601	1.3845	-0.8660	1.8408	-0.2291	0.2315	0.3929	0.0965	1.5533	1.7416	0.6464	1.8749	1.0184	0.2381	0.0015	0.0524	-1.1059	1.7016	0.2877	1.8512	-0.4619
0.3568	-0.2204	-0.5266	-2.4196	2.1899	-2.0917	0.0335	-0.0393	0.5127	-0.2835	-1.0589	-1.0343	-2.2697	0.1939	1.5764	-1.7058	-0.6267	-1.4021	-1.1698	1.6857	-1.4060	-0.6193	3.0899	1.6317	-0.2614	0.9737	0.7495	0.9181	0.9995	0.8417	-0.5716	1.8444	-1.9631	0.3852	0.5028	0.1957	1.9536	-1.0416	0.2235	0.9744	0.9927	1.4542	-1.2105	-0.8335	-1.1749	2.2811	0.2889	1.6785	-0.1705
-0.1319	-1.4173	-0.4842	-2.0761	1.4601	-0.7721	-0.1312	-2.4231	0.2822	-1.8815	-0.4653	-0.0153	-0.6569	-0.5955	1.7201	-1.1888	-0.5803	-0.4634	-0.8704	0.3700	-1.6253	-0.3940	2.3373	0.1198	0.0657	0.9982	0.9190	0.5112	0.3144	0.4008	-0.5308	1.7130	-0.9872	-0.0265	0.7405	0.3646	0.6650	-0.6651	-1.2367	0.6978	0.5933	1.1921	-1.8518	-0.7925	-1.1403	0.4588	-1.3438	0.5003	0.3524
-0.0358	0.0045	-0.0376	-0.9144	1.1521	-0.3920	-0.0383	-2.7650	0.4520	-0.7149	0.7238	-0.2854	-0.6813	-0.3995	0.5043	-1.2173	-0.6166	-0.7697	-0.8612	0.0048	-1.6094	-0.8514	1.3075	-0.5594	-0.0135	1.2238	0.7246	0.6881	-0.3944	0.8029	-1.5395	1.3084	-0.7403	-0.0739	0.7908	0.0413	0.7600	0.7160	-0.2645	0.4706	0.2975	0.5318	-1.2407	-0.1660	-1.1309	0.9834	-0.7743	0.5454	0.6762
-0.1237	0.3600	0.1591	0.0480	-0.2666	0.3495	-0.8152	-2.5996	1.0434	-0.9831	0.3773	-1.3777	-0.5501	-0.2266	-0.5712	-1.3799	0.0914	0.1200	-0.8284	-1.2457	-0.7115	-0.6792	0.7424	-1.3800	0.6716	0.9755	1.2893	1.3864	-1.1247	1.6979	-1.1856	0.2801	0.1378	-0.3234	0.8312	0.6357	1.7513	-0.2647	0.4061	0.5124	0.3445	0.4930	-1.5194	0.5635	-0.4455	1.0955	-0.4799	0.9405	0.0512
0.2138	0.3424	-0.7205	0.0856	0.1025	0.1436	-0.2619	-1.5718	1.2749	0.6075	0.3913	-1.8378	0.3357	0.0154	-0.3755	-0.7774	-0.9579	-0.6810	-1.0155	-1.1318	-0.9973	-1.8521	0.8338	-1.3763	0.0641	1.2923	1.3814	2.1959	-0.7567	2.7591	-1.5440	0.5954	-0.3068	-0.1887	0.0595	0.3286	1.0061	-0.3206	1.5646	1.0020	0.5536	0.2231	-0.7767	0.6469	-1.0978	1.0428	0.6870	0.8555	1.0199
-0.1991	0.1399	0.0361	-0.2305	0.2463	-0.2635	-0.3126	-1.8965	0.5712	0.4805	-0.2845	-0.5858	1.2264	-0.3731	0.8722	-0.2513	0.0878	0.1373	-1.0444	-0.1349	-0.1614	-1.0538	1.1428	-0.4217	0.5314	1.9158	1.7975	1.3655	-0.5663	2.4611	-1.6031	0.5715	0.2789	-1.9827	0.8424	0.9406	0.5886	-0.3772	0.8703	1.2514	0.3973	0.9065	-1.4289	1.4554	0.0317	0.3107	0.0091	1.1174	0.2656
-1.8187	0.3246	-0.0623	-1.7913	-0.3585	-2.4497	-2.2927	-1.1179	2.3327	1.0853	-0.0410	0.6154	-0.4062	0.9509	0.1210	-2.1334	0.6596	-1.5013	-0.0559	1.0710	-0.9534	-1.5823	1.9700	0.0199	0.1314	1.7751	0.9394	0.5594	0.3595	0.9459	-1.3537	0.9340	-0.7839	0.7880	0.4886	0.5446	0.1481	1.1368	2.2198	0.5626	0.0223	-0.9354	-0.6810	1.3658	-0.0748	1.4007	-0.8584	0.0313	0.4375
0.6028	-0.5574	1.7792	-1.6038	-1.6677	-1.2417	-0.1415	0.6989	1.9892	-0.3682	-0.4292	0.7066	-1.4568	1.2775	-0.4623	-0.4357	0.7367	-0.9666	-0.0735	-0.7997	-0.2697	-1.1198	0.4946	-0.2816	-0.9866	0.2823	-0.5750	1.0162	1.8262	1.2589	0.8439	-0.3621	-0.6608	0.3892	-0.2190	-0.6721	-0.4581	0.8868	2.6896	0.1546	0.6264	-1.0435	-0.0607	0.8448	-0.5516	1.2948	-1.6771	0.2276	-0.1676
0.6397	0.5560	3.1575	-1.6805	-0.2910	-1.3771	-0.4363	-0.0281	-0.8296	0.9246	0.3893	0.5048	-0.5882	0.8960	1.7183	0.2074	-0.1141	-0.0732	0.1538	1.4154	1.0247	0.6913	-0.1817	0.0614	-0.0945	0.2844	-0.1208	0.9436	1.4949	0.3899	1.5535	0.2513	1.2616	0.3347	-0.1030	0.6038	-1.6101	0.4857	-0.0019	1.1891	0.2879	-0.1184	-0.8082	1.3157	-0.0680	-0.0507	-0.6133	-0.7506	-1.8513
-0.2174	0.7854	2.6096	-0.6370	-0.0997	-0.4307	-0.3711	-0.4101	-1.5420	0.2342	0.3770	-1.1284	-0.4537	-0.2979	0.4645	-0.1596	-1.5988	-1.0478	0.0847	1.3563	0.1665	0.1463	-0.4007	0.6110	-0.0086	-0.3015	0.0373	0.3839	0.1435	0.2688	-0.5771	0.6731	-0.1563	0.2920	-0.3117	0.8887	0.5102	-0.6757	-0.1354	0.1208	-0.6025	-0.5838	-0.4594	0.3046	-0.4067	0.5408	0.6273	-0.9646	-0.7730
-0.2223	0.3990	1.5483	-0.8074	-2.3185	-0.0016	-0.7347	0.4633	-1.4844	-1.1050	0.2948	-1.2148	0.2249	-0.4246	-0.5264	0.8265	-0.0872	-0.0569	-0.4727	-0.0384	0.5156	-0.3171	-0.7251	0.4462	0.6312	-1.6885	-0.9156	-0.1913	-0.2061	-0.4632	-0.8819	-0.5124	0.5709	-1.6535	-0.0844	1.5075	-0.1600	-0.5579	-0.5487	0.2322	-0.3783	-0.3367	0.0583	-0.5550	0.6824	-1.0406	-1.5905	-1.1762	-0.2977
-0.4028	1.1246	-0.1837	-0.3820	-1.0711	-0.6314	-0.0069	0.2867	-0.2940	-0.4603	-0.8319	-1.5705	0.2016	0.0813	-0.4599	0.7826	0.6336	-0.6748	0.3540	0.2423	0.2677	-0.3538	-1.2198	1.3444	0.0636	-1.0424	-0.6433	0.0940	0.1371	-0.4531	-0.2745	-0.4908	-0.2778	-0.8016	-0.5125	0.9855	-0.6109	-0.0901	-1.5184	-0.3852	0.0419	-0.3815	0.1120	0.2094	-0.0483	-0.5349	0.0101	-1.4605	1.1759
-0.9793	2.3573	-0.7659	0.4581	-0.8595	0.3167	-0.1606	-0.6438	-0.5124	0.5413	0.6331	-1.4290	-0.3830	-0.6911	-0.4518	0.7790	1.0996	0.0281	0.2009	-0.3787	0.4781	0.0461	-1.2567	0.9581	-0.1848	-0.5941	-0.6028	-0.0056	0.3717	0.2007	0.8975	-1.3864	0.1979	-0.4518	0.2131	1.4471	-0.2211	0.7211	-1.1719	-0.1995	0.8475	0.0064	0.7657	0.5644	0.8936	0.3149	0.4949	-1.6359	2.0880
-1.3574	1.1078	-0.8263	1.0331	-1.0041	1.2279	0.6619	-0.7979	0.1264	1.1099	-0.9073	-0.0253	0.3233	0.0523	-0.7141	1.1020	0.6893	-0.7777	1.1135	-0.8007	-0.2055	0.7744	-1.2163	-0.2521	-0.3420	-1.0963	-0.9578	-0.6540	-0.4920	0.1735	1.3662	-0.6457	0.3577	0.2350	-0.5994	0.8275	0.4868	0.2289	0.8053	-2.0619	0.7764	0.7537	1.0944	-0.3833	0.7674	-0.3168	1.0583	-1.7943	1.9110
-1.1122	-0.4363	-0.4639	0.7988	-0.2277	-0.1387	0.4199	0.0738	-0.6444	0.3671	-0.0449	0.4256	0.5680	-1.1914	0.0164	1.8861	1.4415	-0.1530	1.0577	0.0971	-0.5384	0.5704	-2.1910	0.7539	-0.7272	-1.2089	-1.5035	-0.4906	-1.3527	-0.4740	0.4170	-0.2705	1.3333	0.9907	-0.2726	0.9211	-1.4052	-0.7196	-0.6658	-1.0110	0.0764	0.3786	0.3588	-0.3664	1.5223	0.0571	0.9742	-2.5420	0.5059
-1.4789	-0.1589	-0.4449	0.2449	0.3548	-0.0177	-0.9258	-0.4536	-1.7832	-0.5714	1.5385	1.2208	0.0529	-0.7811	-0.0392	0.4723	-0.4877	-0.4273	0.3586	-0.4458	-1.7809	0.7837	-1.6208	0.0976	-1.1402	-0.6647	-1.6267	-0.2693	-2.0101	-1.6808	0.9098	-0.7105	0.2863	1.5083	-0.4212	0.4471	-0.5115	-1.4288	-0.2779	-0.4815	-1.1596	-1.1564	0.0119	-0.5435	0.0651	1.0325	2.1834	-0.5670	0.6020
-0.5025	-0.3160	-0.1401	0.1483	0.8584	-0.3989	-0.8369	-0.9181	0.0882	0.2163	0.0775	0.9030	1.2322	0.3297	0.4283	-0.1267	1.1514	-0.8150	0.1288	0.6596	-0.0090	0.5266	-0.5478	-0.1347	-1.1313	-0.6619	-0.3770	0.7510	-0.0697	0.3349	0.3507	0.8453	-0.2431	-0.7734	-0.7581	0.1367	-0.3333	-0.7664	0.4290	-0.8722	-0.4924	-0.0332	-0.7493	-0.1584	-0.9623	-0.0751	1.2390	0.1708	0.3323
-0.6749	1.1408	-0.8257	1.6782	0.5169	0.7504	-0.0107	-0.9019	0.0296	0.8048	1.5557	-0.4877	1.0512	0.2527	0.0136	1.1684	1.5170	-0.5867	-0.0645	0.0605	0.7884	0.5325	-0.2238	-0.5983	-0.6293	0.4325	0.1004	2.5230	0.7867	1.0813	0.4956	-0.3024	1.3065	-1.7384	-1.1613	0.2046	-0.4938	0.2424	0.7583	-1.1662	0.7574	0.3154	-0.0737	0.9013	-0.7734	-0.8705	0.0564	0.3199	1.4733
-0.8299	1.6949	-1.2808	0.6586	0.9489	0.0568	0.4131	-0.4636	-0.9010	1.5816	1.3504	-0.0152	0.5771	1.1903	0.5805	1.9702	-0.3098	-0.5157	0.4596	0.5866	0.9291	1.0703	-0.4376	0.0105	-0.3311	0.7534	0.5421	1.4404	0.7941	-0.4145	-0.0217	0.0277	2.0642	-0.6972	-1.2886	-0.5978	-0.1666	0.0852	0.6400	-0.6553	1.2106	-0.2903	0.0954	2.0015	-1.4078	-1.1938	0.4247	0.8619	1.6771
-1.0992	0.5834	-0.8865	-0.6336	0.8317	-0.4850	0.1358	-0.4913	-1.1707	1.7327	0.7286	-0.4880	0.6805	0.0701	0.0101	1.3100	-1.4925	-0.2987	0.0790	0.4639	0.4640	0.0089	-0.6169	1.3432	-1.2600	0.1989	0.7676	-0.1304	1.0414	0.4207	-0.2600	0.3454	0.7283	0.0503	-1.2976	-1.2065	0.0248	-0.7895	-0.5248	0.3414	0.4770	-1.1018	-0.2888	0.6075	-0.7873	-1.0908	-0.5367	0.8946	1.0345
-1.0576	-0.3500	-0.7913	-1.8766	-0.2274	-1.5533	-0.1896	-0.6990	-1.3282	0.5524	0.0707	-1.4532	0.5361	-0.0747	-2.0653	0.2052	-1.4578	-0.1057	-0.2509	-1.0809	-0.8708	-1.0201	-0.9563	0.8575	-1.8882	-1.2822	0.6102	-2.0140	0.0006	-0.0360	0.5157	-0.2479	-0.1364	0.2127	-2.2827	-2.6839	-0.2489	-1.3322	-1.3188	-0.0211	-0.4740	-1.5202	0.0158	-0.9724	-0.7112	-0.4300	-1.5980	0.3871	0.2249
-0.6401	-1.1642	-1.3377	-2.2765	-0.8044	-2.1925	-1.2421	-0.4977	0.0131	0.0288	-1.3980	-1.4906	-0.8716	-0.2509	-1.9000	-1.1395	-1.8603	-1.0944	-0.8433	-1.4587	-2.3084	-1.8511	-0.3641	0.8370	-2.5054	-2.1294	-0.4024	-2.3615	-0.3258	0.1310	-0.4731	0.5904	-0.7083	-1.1604	-1.8949	-3.1412	0.1514	-1.4021	-1.2290	-0.7874	-1.3020	-0.0415	-0.6448	-1.7224	-2.4550	-0.9932	-2.0454	-0.0124	-0.6183
-0.5462	-1.7580	-1.7637	-1.4067	-0.2669	-1.3070	-2.1139	0.0131	0.1816	-2.5613	-1.6245	-0.1899	-2.4221	-0.4757	-0.3745	-1.9528	-2.7121	-1.0282	-1.5603	-1.6283	-2.6322	-1.5181	0.7774	0.6741	-2.2616	-0.5452	-0.4007	-2.3931	-0.4842	-1.3173	-0.2973	-0.3040	0.0627	-2.0361	0.3787	-2.5857	-0.6807	-0.9691	-0.7417	-0.8746	-1.3036	-0.0367	-1.1662	-1.1257	-2.6235	-1.6662	-1.7211	0.2672	-0.7739
-0.9031	-1.4385	-0.6655	-2.3788	-1.3222	-1.2621	-1.4144	0.3226	1.0659	-2.9167	-1.5053	-0.8131	-1.9779	-0.4315	-1.3912	-2.9104	-0.8545	-0.9871	-1.5258	-1.2747	-1.8946	-2.1912	0.6786	-0.2422	-1.5887	-0.0632	0.6875	-1.6133	-0.5565	-0.7975	-0.6865	-0.1419	-0.8997	-1.0205	0.8031	-1.2154	-0.7188	-0.9947	-0.6774	-0.6886	-2.1449	-0.6366	-1.6577	-0.3525	-1.3057	-1.5456	-0.8462	-0.0457	-0.6928
-0.5871	-1.2399	-0.8449	-1.8158	-1.0829	0.5685	-0.8201	0.6455	1.2036	-1.6935	-0.6921	0.4810	-0.9404	-0.4149	-1.2920	-2.5456	0.0797	0.2180	-0.1354	-1.4530	-1.4808	-1.0860	0.6143	-2.6192	-0.6671	0.4336	0.5662	-1.0618	-0.1636	-1.1674	-0.1374	-0.3635	-0.3250	-0.2732	0.9640	-0.6889	-0.5343	-0.2840	-0.1167	0.4417	-2.2444	-1.3104	-1.3448	-0.5142	-1.0321	-1.3516	0.2568	0.5803	-1.2246
0.4086	-1.1087	-0.5911	-1.6539	0.3147	-0.5101	-0.6250	0.7134	1.5639	-1.9578	-1.6213	0.6772	-0.4459	0.5709	-0.0447	-2.1424	0.6256	-0.6647	0.1530	0.2397	-0.9562	-1.1296	0.2549	-3.3063	-0.3782	1.1527	0.7975	-1.0776	0.2099	-0.3925	0.6413	0.2768	-0.1922	0.0845	0.2557	-0.5031	-1.3528	-0.4457	0.2685	0.8475	-1.4240	-0.1436	-1.1055	-0.5846	-0.3314	-0.6067	0.3537	0.4569	-0.8255
0.2059	0.3196	-0.7431	-0.4433	0.9566	0.1911	-0.5687	0.0229	1.3402	-1.3890	0.1062	1.6354	-0.7671	0.9710	1.1662	-2.3961	0.4606	0.0631	0.2497	1.0934	-0.1915	-0.4138	1.0066	-2.4131	-0.0044	1.2137	0.3482	-0.8538	0.6672	-0.8066	0.1042	1.3590	0.3226	1.4100	0.3370	-0.5297	-0.2981	1.6826	1.9666	1.4363	-0.3696	0.1469	-0.0055	0.5433	-0.3271	0.7889	1.7375	0.9433	0.1272
-0.1806	-0.0867	-1.1137	0.1272	0.2700	1.5865	0.0965	0.3211	0.8940	-0.7824	-0.6821	1.1565	-0.2881	0.2299	0.1434	-0.9550	0.8735	0.3571	-0.2444	0.8311	0.3366	0.3351	0.8585	0.2686	0.8068	0.9908	-0.0907	-1.1375	0.1944	-0.2362	0.0414	0.3785	0.3718	1.0911	-0.0479	-0.0892	0.5777	1.6170	1.3628	0.4977	0.3925	0.5099	0.5290	0.4590	0.6510	1.1136	0.6785	0.4337	-0.9405
-0.9411	0.0071	-1.0470	1.2340	0.9304	1.9628	0.2101	0.6863	-0.0849	1.7574	0.1709	0.2163	0.8256	0.9801	-0.1302	0.2056	1.2720	1.6536	1.1949	2.1019	0.3225	0.8949	-0.8344	0.8378	1.2539	-0.2808	0.7598	-0.1349	-0.3954	-0.0580	0.7739	-0.5495	0.8347	2.3647	-1.5170	0.3638	-0.5538	-0.1621	0.4037	1.3687	0.2132	-0.4665	2.2403	0.6381	1.4106	1.1766	1.7499	0.4688	-1.5432
-0.7511	0.4937	-0.3373	0.6519	0.4513	1.4207	-0.4015	0.0372	-0.7145	0.7336	0.1872	0.0213	0.3101	0.4603	-0.5842	-0.0320	2.2254	2.0338	1.4093	1.2653	1.5332	0.8986	-1.0510	1.3905	0.8857	-1.8937	1.3971	-0.2925	0.0619	-0.6843	0.9594	-1.2506	1.7840	1.8574	-0.6588	0.3867	-0.9458	-0.4829	0.3048	1.1898	1.1083	-0.1695	2.4320	0.4015	1.9866	0.3293	0.5915	-0.4225	-1.1259
-0.4871	0.5584	0.0083	0.5616	-0.1161	0.6071	-0.7091	0.8136	-1.1583	-0.1259	-0.0694	0.7911	-0.5078	0.9359	-0.8309	-0.9431	1.2526	0.4871	0.9143	-0.0379	1.5230	0.1914	-1.2886	1.1041	-0.2031	-1.3272	0.7618	-1.6413	-0.2741	-2.1932	0.7067	-1.2467	1.6949	1.4396	-0.4543	-0.0734	0.4629	0.3201	1.3206	0.5972	1.1964	-0.5921	2.3936	0.0399	1.7354	0.2079	1.3525	0.0948	0.1051
-0.7929	0.5748	0.0624	1.4867	-0.5892	1.4068	-0.7823	0.5333	-0.4894	0.6623	-0.1326	0.8589	0.2248	0.6507	-1.1713	-0.1930	1.7673	0.5988	1.1116	-0.1745	1.2589	-0.5986	-1.2944	1.5312	-0.6118	-1.2977	0.2020	-0.9683	-0.2625	-0.4874	0.7844	-1.0618	0.6455	0.7216	-0.5660	0.1121	1.1860	1.4434	0.7428	0.2283	0.8151	-0.3074	1.5068	-0.0362	1.5496	-0.3032	0.0246	-0.2812	0.1607
-1.3203	-0.0517	0.0377	1.0068	0.0831	1.2080	-0.5270	-0.2805	-0.4869	0.0453	0.4070	0.9868	-0.3194	0.1733	-0.7722	-0.4307	0.1279	0.3026	0.4190	-0.8164	0.2652	-0.1524	-0.7347	1.8903	0.1249	-0.9657	0.0903	-0.7894	-0.8728	-0.8150	1.2607	-1.4654	0.4630	0.7021	-0.8249	0.0815	0.7484	1.0040	0.7111	-0.8926	-0.2574	0.3396	1.6963	-0.3502	1.1430	0.2467	0.4224	-0.6170	-0.4653
-1.1120	-0.1660	-0.0166	1.9978	-0.3474	1.5149	-0.4360	0.6120	-0.2904	0.9131	0.2130	0.9771	-0.7012	-0.1992	-0.3151	-0.4518	0.1111	0.0339	0.2565	0.1517	0.9882	0.3919	-0.2618	1.2019	0.8568	-0.5930	-0.1074	-0.5273	-0.1545	-0.3972	0.5558	-0.6764	0.4470	0.8451	0.1552	-0.0644	-0.8412	0.1225	-0.8270	-1.0248	-1.0304	0.8159	1.5580	-0.9259	1.0504	-0.2844	0.3829	-1.5656	-0.8408
-0.5350	0.2426	-0.2535	1.4176	0.3376	1.0945	-0.2065	0.4071	-0.3396	1.0052	0.1070	1.1849	-0.4444	0.3973	0.3547	-1.0746	-0.9205	0.2030	0.1373	0.4558	1.0423	0.7274	-0.6321	0.1558	0.0849	-0.2643	0.0471	-0.8475	-0.3704	-1.1943	0.9816	-0.9837	1.1945	1.3256	0.9682	-0.5200	-1.5923	-0.0580	-0.4358	-0.8491	-0.8448	0.3736	1.0896	-0.3549	-0.2185	-0.2143	-0.1020	-0.5095	-0.2058
-0.1269	-0.6244	0.1633	1.4236	0.1029	1.1994	0.1310	0.6900	-0.2872	0.6056	-0.3369	0.7349	0.9310	1.4683	-0.7835	-0.5497	-0.3012	1.2287	0.0393	-0.0702	1.5683	0.6141	-1.6582	0.1017	0.4759	-1.2606	0.2976	-0.7974	0.1905	-0.2195	0.0390	-1.5317	0.9016	1.2015	2.1540	0.6003	-1.1756	0.0026	-1.3513	-0.5807	-1.1340	-0.2107	0.4148	-0.6361	0.6803	-1.1598	-1.4581	0.3018	-0.5666
0.2745	-0.4333	0.2651	0.4899	0.4709	0.3531	0.1238	-0.6814	-0.6588	0.4966	0.3309	0.4328	1.3269	1.1711	-0.4819	-0.5308	-1.3817	0.7228	0.3796	-0.2847	0.9091	0.1245	-1.5580	-0.4183	-0.3854	-0.9058	-0.4890	-1.5266	0.6477	-0.5993	0.5598	-1.9750	0.6674	1.4965	2.4727	0.0824	-1.3513	0.7116	-2.0995	0.5414	-0.7697	-1.9499	0.6428	-0.9654	-0.3207	-0.6312	-1.0216	0.2457	-0.7059
0.4151	-1.1275	-0.1289	-0.4268	-0.1597	0.1146	0.6314	-1.4295	1.4176	-0.1328	0.0808	0.7820	1.1388	0.6349	-0.7919	1.4479	-1.1456	-0.8208	0.4054	-1.4620	0.3781	-0.9519	-0.8711	-0.7192	-0.4043	-0.8269	-1.1368	-0.3531	1.9398	0.1482	1.2647	-1.0969	-0.6962	0.7061	1.3741	-0.8882	-0.5882	0.1631	-1.0119	-1.2111	-1.1777	-0.5792	-0.0354	-1.7976	-1.9506	-0.6176	-0.6565	0.3606	-0.5508
1.1147	-1.6393	0.7461	-0.6306	0.2745	0.4945	0.6309	-0.4628	1.6811	-1.5946	0.4898	1.7729	0.3653	0.4485	0.2781	1.5474	-1.4719	-1.2674	0.9493	-2.5698	-0.3905	-0.6017	-0.0376	-1.9009	-1.0909	-0.6706	-0.8154	0.2109	2.4225	-1.2370	1.3446	0.2553	-0.9353	1.3359	0.5640	-0.3974	-0.9286	0.2519	0.2961	-0.8747	-1.4772	-1.1587	-0.7730	-1.2592	-2.3203	-0.8472	0.5704	-0.1590	0.2677
2.1223	-0.4449	1.8937	-0.2673	0.3108	-0.7497	0.8102	-0.1837	2.0201	-0.6722	0.0677	0.6489	0.6298	-0.2306	0.4894	1.9404	-0.5187	-1.4697	1.3315	-1.9904	-0.5090	-1.2221	0.2254	-1.5604	-1.0348	0.1413	-0.2345	1.3234	2.3470	-0.7158	1.4021	0.1494	-0.2878	0.7958	-0.4833	-0.6328	-1.1298	0.8248	0.5543	0.4134	0.0571	-1.1202	-0.9633	0.0246	-1.4182	-0.8721	0.7788	-1.5384	0.7788
1.6852	0.3091	0.8899	0.9197	-0.2312	-1.4332	0.7249	0.4550	0.7658	-0.7829	-0.7480	0.0577	1.1422	0.0603	-0.5816	1.9566	0.3312	-0.0764	1.0874	-1.6384	0.8479	0.3903	-1.0310	-1.0785	0.3402	0.5651	0.1099	-0.0247	1.3627	-1.0641	0.7571	-1.0611	0.9014	-0.5417	-0.5379	-0.6464	-0.5318	1.1157	0.0276	1.0837	1.6349	-0.6612	-0.2778	1.8254	-0.3183	-1.3916	0.9921	-0.8609	0.9558
1.2025	-0.7197	0.6568	0.3505	1.0381	-1.3152	1.0795	0.6630	0.0497	-0.2293	-2.5039	0.8074	-0.0792	0.1597	0.4432	1.9847	0.9886	-0.6310	0.9647	-0.1754	0.5161	0.3212	-0.5524	-0.2577	-0.2514	1.5410	0.1281	-0.8304	0.7031	-1.9004	0.4819	-0.1464	0.9178	-0.3803	0.2397	-1.4459	-0.2539	0.6843	-0.0521	0.8479	0.9650	0.0428	-0.5875	1.2322	0.1428	-0.4917	0.7251	0.0098	0.2813
0.1291	-2.0352	0.6452	1.6292	0.6787	1.2758	0.5125	1.3584	-0.7440	-0.7982	-2.0419	1.3297	0.4158	-0.0987	0.7018	1.9949	1.3761	1.2761	0.1917	-0.3875	1.5407	0.7997	-0.2255	-0.6426	1.0959	1.0080	0.0452	-0.6852	-0.3727	-0.9235	-0.0846	0.1104	1.1611	-0.7424	1.0062	-0.2932	0.0571	0.2676	0.4465	0.7902	-0.0468	0.8783	-0.1138	0.3491	1.2639	-0.3450	-0.5250	0.3985	-0.6849
0.1572	-1.2261	0.9328	0.9713	0.4223	0.9445	1.2238	1.3172	-1.1517	-0.1014	-1.5659	0.0264	-0.0481	-1.0263	0.6027	0.8072	0.8959	0.8090	-0.1732	0.2947	0.2913	0.4842	-0.4248	0.4799	1.7231	0.0784	0.1219	-0.2839	-1.1248	-0.1718	-0.6940	0.7126	-1.0048	0.1633	1.3823	0.1352	-0.0891	0.4373	0.8585	-0.6772	-0.7891	1.0969	0.3396	-1.0976	1.7855	0.2108	-0.2368	-0.0461	-0.2458
0.6257	0.0167	1.0843	0.7515	-0.1920	-0.8728	1.6682	-0.0050	-1.3616	0.7982	-0.3411	-0.0331	-0.8913	0.7237	0.6723	0.0249	1.4490	0.5392	1.0355	0.3801	-1.5768	1.2780	0.0366	0.7753	2.6423	-0.3765	0.1004	1.5610	-1.1887	-1.2667	0.1949	0.0763	-3.2779	1.3770	2.2127	0.0669	-0.5832	0.7099	0.4463	-1.4253	0.1305	-0.1534	0.6186	-0.1327	1.7418	1.2635	0.9443	0.3802	0.2111
2.3808	-1.0391	0.2417	-1.2014	1.6915	-3.3058	1.0655	0.3581	0.3986	0.0088	1.7418	-0.1881	-1.6552	0.5187	1.3741	-0.5756	0.4826	-1.5457	-0.0510	2.4934	-0.6565	-1.1921	2.0434	-1.1666	-0.1772	1.3895	-0.4284	1.3659	0.3232	0.1415	0.0730	1.9879	-2.5420	0.5557	0.3867	0.1100	1.9187	-1.0867	-1.0480	0.9523	1.5688	0.2063	-0.7948	-0.1471	0.2849	2.4066	1.2628	1.1773	-0.2400
2.6806	-2.1179	0.5483	-0.0329	-0.4476	1.2742	1.3720	1.1825	1.2567	-0.2115	-0.0348	2.0589	0.5033	-1.2344	2.0784	0.5992	0.1265	3.0243	0.8853	-0.1719	1.1407	1.9921	2.6204	-2.1079	1.4501	-0.8334	-0.4423	2.5121	-0.0951	1.1877	0.1842	1.3082	1.1227	-2.0414	-1.1567	1.4299	-0.5552	-1.2966	-1.3496	0.9586	0.1996	2.0083	-0.5923	-1.1432	0.3747	-2.2878	-2.0543	0.8101	-1.4018
0.5027	0.6043	0.0788	1.0176	-0.5524	1.3982	1.9765	0.1576	-0.8230	0.4357	-1.9924	-0.9927	1.6546	-1.4568	1.6991	0.8642	-0.8258	1.1640	-0.4162	-0.1308	-0.9545	2.1032	1.1305	-0.6937	1.8177	0.2230	-0.2592	2.3569	-1.8650	1.5074	-1.4471	1.7268	-2.6615	-1.9020	-0.7612	1.2191	-0.7146	-0.6036	-0.9408	-0.4177	-0.0422	1.3819	-0.6065	-0.2968	0.2759	0.4073	0.0841	0.7907	-0.2494
0.8239	0.2200	0.4418	1.1088	0.6883	0.6287	1.8419	-0.0772	-1.6781	0.4215	-1.2125	-1.5216	0.8154	-1.4816	2.6630	0.8104	-0.7797	0.9603	-1.8247	0.2657	0.4087	1.9070	0.9187	-0.6986	1.6573	1.0761	-0.7001	1.2999	-1.1383	3.0567	-1.4295	1.4445	-1.2501	-2.6192	0.2919	2.3474	-0.1825	-0.2797	0.4124	1.4531	-0.3253	1.8382	-1.1790	0.5652	0.1510	2.4026	0.1462	0.9288	-0.2527
1.6913	-0.3416	0.5558	0.6165	1.0940	-0.2017	1.8485	-0.3449	-0.2830	1.1412	0.0353	-0.8145	0.5793	-0.5855	1.7246	-0.0723	-0.8195	-0.1013	-0.9340	0.7389	0.2455	0.8287	0.2201	-0.2307	1.5675	1.0078	0.2544	0.8766	-0.0373	2.1662	-0.4485	0.5165	-1.5872	-0.8342	0.4448	2.6293	-0.7136	-0.4784	1.1993	1.9613	-0.2464	0.3584	-0.2012	0.5695	0.1514	1.7017	0.1431	0.2422	0.0405
2.3252	1.1822	0.1618	1.0936	-0.4127	-0.1951	1.5159	-0.0262	-0.1355	0.7888	1.1047	-1.2231	1.4396	0.2238	-0.0982	0.0317	0.8608	0.1254	-0.3825	0.6194	0.0618	0.4192	0.1117	0.2185	0.7613	0.7363	0.5903	0.4631	-0.5286	1.9629	-0.9640	-0.2080	-2.2036	-0.4518	0.5735	2.0358	-0.0934	0.8222	0.9592	2.5633	1.8044	-1.4581	0.3080	2.1805	0.6739	0.7130	0.3747	0.3066	0.0323
3.4751	1.1410	-0.4082	-0.1891	-0.3576	-0.4761	1.5620	-1.6451	2.6077	0.9188	3.0414	-0.6559	-0.8952	1.0444	-1.2973	-0.2067	1.7021	-0.8312	1.4140	3.0083	-0.7725	-0.4510	2.4957	0.4934	0.0424	1.1529	-0.5361	0.9315	-0.1523	0.5443	-0.9104	1.1205	-2.5664	0.2097	0.8100	0.8034	3.7193	1.8254	1.6898	1.0285	1.6198	-1.6978	-1.4633	2.1610	-0.4686	0.9788	1.1368	0.9351	1.1990
1.2394	0.4154	0.3715	0.1289	-2.1747	-0.4417	0.3962	-1.9653	0.6995	0.1553	1.3121	-1.8106	-0.3034	0.3945	-1.6209	0.0572	1.0994	-1.3548	-0.6833	-0.4321	0.5336	-1.1973	0.7696	0.1379	-0.5512	-0.2237	-1.0255	1.0449	0.6788	0.6541	-1.2492	-0.0950	-1.4762	-1.5248	0.3430	1.4389	4.8434	0.5348	0.0633	0.1949	1.2592	-1.1136	-0.5354	0.6144	0.1366	-0.4875	-1.3959	0.3771	1.2150
-0.6815	1.1498	0.1389	-0.7809	-2.0039	0.0224	1.2805	-1.9553	-0.7407	-0.2366	2.3766	-2.2457	-0.4817	-1.0793	-0.9939	-0.5170	-0.4929	-0.8622	-1.8924	-1.3825	0.8996	-0.9071	-0.3373	0.0790	-0.6885	-0.8278	-0.7481	0.6646	0.6835	0.3197	-1.1154	-1.1472	-0.9946	-1.9402	0.3992	1.3306	2.0847	1.7740	-0.6237	-0.4040	-0.6899	-0.6854	-1.0007	0.1908	-0.7279	-0.7750	-2.1509	0.3192	0.3080
-0.3516	0.4794	-0.2008	-0.0086	-1.3377	2.0182	2.3976	-0.9963	-0.5395	-0.5525	0.9157	-1.4079	-0.4092	-0.2707	0.2094	-0.1830	-1.1817	-0.1068	-1.3997	-0.4296	0.6209	-0.2338	-0.0296	-0.9009	0.0019	-0.5672	0.1120	1.0940	0.8949	0.1711	-0.3796	0.1260	-0.2635	-0.8481	0.6020	0.8722	-0.5041	0.5851	-0.6613	-0.5226	-2.0877	0.3616	-0.7101	-0.7797	-1.0332	-0.8973	-1.2361	0.5622	0.4155
1.4251	-0.0705	0.2910	2.1975	1.0691	1.6751	2.4688	-1.0281	-0.4562	0.2603	-0.2651	-1.0387	1.4823	-0.5588	2.0918	1.1012	-0.7815	1.5196	-0.7893	-0.1033	0.6336	1.6659	0.4925	-1.6990	0.0870	0.5693	0.3895	0.8722	0.7170	0.9779	-0.2293	2.3934	1.5113	-1.1560	-0.0253	0.8684	-1.8443	-0.4520	-0.9151	0.2253	-1.6763	2.1248	-0.5394	-0.9594	-0.3249	-0.4024	-0.5447	0.3728	0.4511
2.0019	1.7554	0.1470	1.4522	2.2826	0.3181	2.4398	-0.6477	0.1485	1.0504	-0.0604	-0.7108	1.1527	-0.1541	2.2253	1.0993	-0.9060	0.5415	0.2124	1.5184	0.2610	1.8419	0.2409	-0.4764	0.3675	1.3165	0.5072	0.9558	-0.0473	0.7267	0.3547	2.4449	0.1490	-0.2693	-0.2406	0.3023	-1.3540	0.3534	0.1743	0.1139	0.3318	2.2509	-0.2667	1.2809	0.2056	1.2759	0.2831	0.9676	1.2257
-0.3643	3.1774	-0.5784	-0.6678	2.7821	-2.5739	-0.7598	0.9531	-0.1503	2.7723	1.6309	1.0558	-1.8909	0.5763	0.9627	-0.4792	-1.0430	-0.7084	-0.1459	2.3592	-1.6856	-0.0486	1.8919	0.4963	-0.5479	2.1335	-0.1700	0.3341	-0.0362	0.1719	-0.0213	2.3165	1.0324	1.4320	-1.4007	-1.3953	1.4908	0.1614	1.4723	-0.3359	1.4545	1.6530	0.5116	0.6433	-0.2787	2.7988	0.4316	1.6422	2.7733
-1.2422	1.4263	1.1316	-0.0065	0.4730	0.7606	-2.1937	0.7107	-1.3188	0.8731	-0.3823	0.2212	-0.5698	-0.9836	-0.5461	-0.1772	0.3006	2.0448	-0.2042	0.6132	-0.8519	2.1327	0.8957	1.5964	-0.1305	-0.0837	0.4043	0.2316	-2.0026	1.0435	-0.7513	-0.3853	2.5113	-0.6746	-1.1172	-0.0854	1.3664	-2.0908	0.0347	-2.2715	1.5002	1.7576	0.5319	-1.0180	0.5976	1.3816	-2.2568	-0.1368	0.9354
-1.9792	1.3974	2.4712	-0.1987	-0.6975	1.4037	-1.5754	0.3777	-1.1691	2.2977	-0.9602	-1.6465	1.7241	-1.7272	-0.3501	-0.1687	-0.5432	1.6320	-0.2311	1.0016	-1.1374	1.0835	0.6501	1.1143	0.7215	-1.2612	0.5096	1.1254	-1.8511	1.3049	-1.8745	0.0365	0.9581	-0.5967	-1.3550	0.1470	0.3555	-1.4319	0.1439	-0.5937	0.9884	0.9762	1.1321	-0.8957	0.1884	0.0851	0.0943	-0.5640	-0.7534
-1.8692	2.6193	2.7174	-1.3204	-1.0024	-0.0607	-1.7187	0.9301	-1.0875	0.7466	0.4759	-1.4505	1.1915	-2.0419	0.3414	0.1064	-1.0481	0.9331	-0.6518	0.1285	-0.4897	0.6324	0.6100	2.1466	0.7453	0.0232	0.7454	1.0009	-1.1380	1.7550	-1.2548	0.4894	0.0310	-0.9318	-1.3012	-0.1340	1.3464	-0.0052	0.7274	0.4430	1.5678	1.7022	0.4079	1.7861	1.2189	0.9825	0.8853	0.1408	-0.7169
-1.1582	1.9150	1.6931	-2.0037	-0.7445	-1.3096	-1.5261	0.7768	-0.1143	0.6258	0.0766	-1.0227	0.1481	-1.0427	0.9140	0.3986	-2.0406	-0.8786	-0.5919	0.3527	-0.7414	-0.3330	1.1487	2.8190	0.1765	0.5222	0.8267	0.6063	-0.6379	-0.0948	-1.1055	1.3071	0.5851	0.3625	-1.2230	-0.1595	2.1368	-0.6514	0.2329	-0.7759	1.5340	1.7797	-0.1118	0.9674	0.3164	0.5747	0.3555	0.7767	-0.2795
-0.8104	0.3267	0.3910	-1.8484	-1.9946	-1.5953	-2.8826	0.8967	-0.4046	0.0380	0.7615	-0.1025	0.4084	-0.2301	0.1349	-0.3139	-1.2050	0.4176	-0.7718	-0.5495	0.9197	-0.2551	0.9690	1.9421	0.6020	0.4941	0.4947	-0.0418	0.1643	-0.4466	-0.8209	1.2918	0.9395	0.7010	-0.2726	-0.5298	1.6050	-0.2664	-1.0208	-0.5121	0.2909	0.8541	-0.0293	-0.2174	0.1527	-0.1286	-0.3072	0.2960	-1.2503
-1.0278	-0.0340	-0.8738	-1.9552	-1.9830	-1.6574	-2.8311	0.3194	-0.0416	0.1905	-0.1528	-0.8812	-1.5518	-0.6649	-0.4815	-1.1243	-0.6312	-0.6368	-0.8085	-0.7078	0.0435	-0.9907	0.2702	1.4937	-0.0951	0.2666	0.7755	-0.4137	0.3044	-1.0838	-0.1214	-0.0453	0.0692	0.1637	-0.2450	-1.8498	0.7041	-0.6942	-1.0659	-0.7489	-0.4112	-0.0925	0.0344	-1.2131	-0.0674	-0.5604	-0.3302	-0.0661	-0.7654
-1.5367	-0.9808	-1.3999	-1.3830	-1.5488	-0.3583	-1.9670	-0.0663	0.0217	-1.6822	-0.1426	-0.6261	-1.1445	-0.7435	-0.6022	-1.0208	0.0142	0.3723	-1.0585	-0.9881	0.0343	-1.0074	0.1510	0.9571	0.4972	0.1923	0.8084	-0.3747	0.0248	-0.5340	-0.5946	-0.3751	-0.7407	0.1550	-0.1588	-0.9513	-0.3471	-0.5461	-1.6642	-0.7413	-2.1711	0.0623	-0.5569	-0.9267	-0.0644	-0.6942	-0.4994	0.0628	-1.0695
-1.6181	-0.4326	-1.1828	-1.1467	-1.3414	-0.3803	-0.8436	0.0719	0.4240	-1.8956	0.3625	-0.3503	-1.7316	-0.8674	0.2691	-1.4718	-0.3872	-0.6638	-1.2418	-0.9943	-1.4346	-2.1007	0.8179	0.5649	-0.5271	0.0017	-0.0241	-0.0882	0.1262	-0.7788	-1.0279	-0.4292	-1.7027	0.1422	-0.2168	-0.2950	-0.5736	-0.1769	-0.6344	-0.6912	-2.2991	-0.0641	-0.2648	-1.1182	-1.2479	0.3015	0.1134	0.1272	0.3185
-1.3972	0.0462	-0.8769	-0.2718	-1.3488	-1.2107	-1.4651	1.3718	0.4037	-1.5315	0.3693	0.0874	-0.9097	0.2238	-0.1881	-0.0691	0.4701	-0.2516	-0.7223	-1.1135	-0.0298	-1.3226	-0.7377	-0.0672	0.0855	0.9495	0.0633	0.0780	-0.4047	0.3996	0.1303	-1.4815	0.3220	-0.3435	-0.5736	-0.7406	-0.6081	-0.7858	-0.7323	-0.7104	-1.1679	-0.4606	-0.3320	-0.1482	0.0812	-1.0176	0.3303	-0.5583	0.8008
-0.3059	0.4088	-0.8137	-0.4058	0.4865	-1.3416	-1.0945	1.0962	-0.2984	-0.3536	-1.1505	-0.1093	-0.6068	-0.4980	-0.6299	-0.3943	0.3442	-1.2841	0.0635	0.0971	-0.9663	-0.6559	-0.8910	-1.2262	-0.6889	0.5800	-0.3325	-0.6824	-1.4770	0.5541	0.2049	-0.1144	-0.3144	0.1552	-1.2375	-1.3129	-0.4758	-0.8843	0.0541	-0.2554	-0.0338	-0.8415	-0.1526	0.3476	0.5219	-0.4447	0.9806	-1.5050	1.2515
-0.2827	-0.2318	-1.1857	-0.0912	-0.2354	-0.0687	-1.3369	-0.8787	-0.6961	-1.0329	-1.4305	0.3407	-0.3130	-0.5662	-0.8750	-0.3209	1.8963	-0.7238	0.2748	-0.3074	0.6031	0.4026	-1.3127	-1.3909	-0.9130	0.4046	-0.4738	-1.0707	-1.5239	0.6727	1.1471	-0.3599	0.0771	-0.4871	-0.6744	-0.9247	-0.1266	-0.1323	-0.3566	0.0502	0.6260	-0.3818	-0.6599	0.9746	1.2449	0.1915	0.2530	-1.7657	0.7383
-0.2486	-1.2080	-1.5276	0.1222	-0.1589	0.1741	-0.9793	-0.4769	-0.0923	-1.0099	-1.2230	0.1264	0.1818	0.6123	-0.7854	-0.3703	0.0870	-0.8482	0.3677	0.0674	0.7247	-0.2616	-1.3202	-0.9132	-1.1643	0.5199	-0.3148	-0.6963	-0.7118	0.5639	0.5310	-0.1559	-0.4026	-0.4386	-0.3428	-0.7072	-0.3004	-0.3595	-0.3024	0.0249	0.1546	-0.4707	-0.6498	0.9019	-0.3944	0.3422	0.8647	-0.9107	0.5353
-0.4337	-1.4893	-0.7415	-0.3994	0.4069	0.0704	-1.5620	0.5728	0.2092	-1.9664	-0.5831	1.2844	-0.8813	0.7615	0.4084	-0.4500	-0.0092	0.3361	0.2052	0.1457	1.4934	0.4568	-0.9669	-1.0566	-0.7802	-0.2726	-0.5527	-0.2562	0.2651	0.0416	0.3693	-1.2371	0.7318	-1.7270	1.3203	0.2984	-1.5165	-1.3172	-0.3677	0.0245	-0.1656	0.1784	-0.9662	0.7127	-0.7358	0.0600	0.1145	-0.4849	-0.0516
0.1955	-0.0313	0.1163	0.1791	1.3390	-0.1833	-0.2896	0.6690	1.9116	-0.6113	-0.3262	0.9038	1.2375	1.1131	0.1905	0.1789	0.9444	0.3092	1.4373	0.8706	1.0084	0.1751	-0.8130	-0.5393	-0.6875	-0.3853	-0.1760	0.6636	0.6197	0.6468	0.6682	-0.6264	0.6295	-1.2695	0.6779	0.3857	-1.6970	-0.9206	0.4907	-0.7238	0.9782	-0.0919	-0.1110	0.1594	-0.0274	-1.4757	-0.0694	-0.4434	0.8998
-0.5052	0.9626	0.3006	1.3414	2.3697	0.8004	-0.0955	0.8832	1.2792	0.5498	1.8434	1.4880	1.3485	0.5474	0.1484	0.7184	1.3064	0.6513	1.8105	0.8202	0.8596	0.5138	-0.5326	0.1782	-0.9778	0.8239	0.3181	-0.1812	0.7090	-0.7981	0.7388	0.1759	1.3061	0.4495	-0.0398	-0.1457	-0.0648	-0.3917	0.1201	-0.8718	1.1800	-1.1176	-0.0749	1.2865	0.3033	-0.3787	0.4160	-0.3463	1.7681
-0.6172	0.3529	-0.0422	0.4338	1.3274	1.5040	0.3728	1.0315	1.3210	1.2753	0.3635	1.4727	-0.8571	0.8984	-0.2962	0.7862	0.0754	-0.6449	1.3505	0.0848	-0.2220	-0.9130	-0.2843	0.8616	-1.5054	-0.6726	0.2650	-0.7038	1.2716	-1.1018	0.3552	0.4971	1.1827	1.3431	-0.4952	-0.9947	0.6048	-0.4998	1.3879	-0.7488	0.6063	-0.4059	0.2342	0.7299	-0.3169	-0.2237	0.4295	-0.4859	1.7519
-0.2665	0.1411	0.0073	-0.6707	1.1410	1.2828	0.2235	0.7342	1.0606	0.3396	0.9182	0.7622	-0.9260	1.8102	-0.7383	0.6222	0.6207	1.4990	0.6157	0.3914	0.0732	-0.4254	-0.8463	1.3868	-1.5695	-0.6657	0.2834	-0.9667	0.9737	0.6254	0.7291	0.2286	1.8429	1.4700	-0.0364	-0.7784	-0.8933	-0.0476	0.3588	0.5710	0.0804	-0.3913	0.0848	1.0349	-0.6201	-0.4374	-0.6145	-0.1994	0.4248
-0.0410	0.0538	-0.8285	-0.3052	1.2055	0.8640	0.7455	0.4793	1.0740	1.2512	0.3877	0.0967	-0.2666	1.7321	-0.7292	0.3784	1.1050	0.8686	0.5369	0.6123	-0.8677	0.0187	-0.8248	0.8483	-1.0945	-1.6410	0.5371	-0.3287	0.5849	-0.4114	1.6554	-0.0785	1.3732	1.0263	-0.5815	-0.7586	-0.4983	-0.4656	-0.7143	0.6149	1.2734	-0.1366	0.6228	-0.2286	-1.1601	-1.0474	-1.9393	0.7018	-0.5281
0.1992	-0.8526	-1.2578	-0.5738	1.1420	0.1452	0.4196	0.4531	1.1575	0.2101	0.7286	0.3104	0.1261	1.1567	-0.3482	-0.4405	-0.3636	0.4980	-0.3153	0.6957	-1.3172	-0.0772	-0.0382	1.0435	-0.2230	-1.2520	0.4122	-0.5862	0.0296	-0.8585	0.9597	0.0894	1.0168	0.7287	-0.5576	0.1484	0.1965	-0.0136	-0.5077	0.3807	0.5553	-0.0737	0.3673	-1.3713	-1.4951	-1.1492	-1.6485	0.8228	-0.7325
0.1418	-1.2132	-1.2858	-0.3680	0.6721	0.3794	0.5101	-0.6127	0.5793	-0.5047	0.3779	-0.5546	-0.1069	-0.7726	-0.2667	-0.0569	-1.6784	-1.0745	-0.8306	0.8847	-1.8616	-0.9008	0.7945	0.8084	-0.4961	-0.8999	-0.6713	-0.7751	-0.1388	0.3085	-0.6745	-0.0576	0.1173	-0.1048	0.1020	0.4376	0.0927	-0.0767	-0.1980	0.9810	-0.1746	-0.7267	-0.3937	-2.0091	-1.6300	-0.4639	-1.2217	0.1207	-1.2468
-0.5927	-0.4866	-1.2355	-0.4344	-0.0471	0.3299	0.4798	-0.6740	0.0522	-2.0642	1.1696	-0.0833	-0.4653	-0.6410	-0.4212	0.1503	-1.8505	-0.7707	-0.8596	-0.4183	-1.6329	-0.7191	0.3262	1.2612	-0.0684	-0.2062	-0.4480	-0.8288	-0.7877	0.1445	-1.0999	-1.0148	-0.0044	-0.5452	0.7357	0.1345	-0.2064	0.4152	-0.0759	-0.2621	-0.3167	-1.3974	-0.3589	-0.8648	-1.2015	-0.2734	-0.6319	-0.1518	-0.0969
-0.3905	-0.9335	-1.2965	-0.5153	0.3067	-0.5733	0.6747	-0.3815	0.4156	-0.7904	-0.0808	-0.2241	-1.0302	-0.3126	-0.2331	-0.6808	-1.2761	-1.3687	-0.9204	-0.2651	-1.2970	-1.4604	0.8461	1.2578	-0.0799	-0.2344	-0.3042	-0.3326	-0.0519	0.7997	-1.3975	-0.0800	-0.9025	0.2457	0.4089	-0.1937	0.4286	0.3447	0.1675	-0.3997	-0.3680	-0.2442	-0.3300	-0.8890	-0.6881	-0.1273	-0.2690	-0.1378	-0.2017
-0.2069	-0.9093	-1.2354	0.4629	-0.6918	0.1799	0.4771	-0.1139	0.0088	-0.9305	0.6007	0.3682	-1.3659	0.1987	-0.2278	-0.8706	-1.5974	-1.1359	-0.8008	-1.2602	-0.9779	-0.7127	0.5293	-2.0033	-0.2382	0.0628	-0.5891	-0.9455	0.1422	-1.2307	0.8400	-1.2656	-0.2612	0.2102	0.9196	-0.2193	-0.2323	0.8146	0.1614	0.5727	0.0407	-0.5772	-0.0788	-0.5684	-0.6791	-0.6492	-0.2150	-0.1918	-0.4515
0.3640	-0.8342	-0.6395	0.3604	-0.2095	-0.1793	0.6167	0.2660	1.1034	-0.7791	0.2798	1.2082	-1.0736	1.2414	-0.7380	-0.6007	-0.0221	-1.0343	0.4109	-0.2628	-0.5219	-0.8706	0.0689	-2.0421	-0.0309	0.4533	0.1872	-0.6768	0.6241	-1.5867	0.3670	-0.8711	-0.5118	0.6786	0.7921	-0.3313	-0.3346	0.5778	-0.0189	0.0673	-1.0714	0.0113	-0.4695	-0.5815	-0.4952	-0.5067	0.1792	-0.0592	-0.4378
0.2310	-0.4528	-0.0771	0.4717	-0.0708	-1.1037	-0.5516	0.1146	0.0506	-1.0436	0.8085	1.6398	-0.9578	0.9955	-0.7439	-0.8071	1.3866	0.1188	0.4567	-0.9526	0.6983	-0.1197	-0.6413	-2.3279	-0.2611	0.7806	0.5184	-1.0844	0.5502	-1.8105	0.3364	-1.1521	0.8832	0.8445	1.4202	0.0890	0.3495	0.0064	-0.1996	-0.0379	-1.6047	-0.5469	-0.7451	-0.1709	0.3274	0.0663	0.5949	-0.2029	-0.3224
0.1299	-0.8173	-0.4098	0.8884	-0.8003	-1.0236	-0.3810	-0.0433	0.1532	-1.3020	0.0410	0.9839	-0.2500	1.2381	-1.2181	-0.5866	1.3167	-0.2015	0.0234	-0.7913	1.3410	-0.7770	-1.1282	-1.3293	0.3936	0.6476	0.1601	-0.7544	0.6330	-0.7522	0.6412	-1.1779	0.1573	0.7297	2.2331	0.3353	-0.2042	0.4961	-0.4828	-0.6241	-1.3886	-0.3999	-0.0108	-0.4481	0.4437	-0.3785	-0.0241	0.0244	-0.3435
0.6413	-2.2366	-0.5410	1.4719	-0.0443	-0.8715	-0.5313	-0.0992	-0.5282	-1.4414	-0.5841	0.6517	0.7413	0.8324	-0.2412	0.2144	1.0868	0.6400	-0.0306	-0.7790	2.4580	0.1127	-1.4724	-0.8498	-0.0327	0.9739	-0.4974	-1.2450	0.9431	-0.2382	0.2359	-0.5551	0.5539	-0.0329	2.5263	0.7313	-0.5461	0.8923	-0.2704	1.2027	-0.8006	-0.4698	-0.6254	0.7633	0.6957	0.2414	-0.3835	0.2012	-1.5808
0.5587	-1.3566	-0.3683	1.1938	-0.1855	-0.5219	-0.6772	-0.0793	0.2225	-1.0166	-1.2236	-0.5506	0.1554	0.5244	-1.3323	0.0899	0.0159	0.0427	0.5262	-1.2058	1.9499	0.3846	-0.7948	-0.3965	0.5503	0.3255	-0.1376	-0.4426	1.4144	-0.9743	-0.2076	-0.7150	-0.6929	0.0764	1.0224	0.7099	0.3199	0.5561	0.2397	-0.1426	-0.4982	-0.7826	-0.1279	-0.0562	0.7591	0.3846	-0.5932	0.6066	-1.0686
-0.5580	-2.2301	-0.0713	1.7841	-0.3374	1.0334	-0.9588	0.3623	-0.8240	0.1016	-2.6101	-0.4521	1.4310	-0.3517	-0.9631	0.6799	1.6692	1.9382	1.0171	-1.1670	1.7012	1.6800	-0.0849	0.1569	1.5455	-0.9422	0.6609	-0.0382	0.1349	0.3915	-1.9362	-0.1948	-0.9049	-0.3750	0.0667	0.7918	-0.9966	0.2259	-0.7326	0.2174	-1.0307	-0.8945	-0.2459	0.0686	1.8020	-0.3163	-0.5708	0.5310	-1.3003
0.1711	-0.0810	0.4141	-1.0872	0.0457	-0.7413	-0.3243	-0.3147	-1.2530	1.5877	-3.0768	0.4550	0.1195	0.0319	0.1016	-0.3058	0.5026	-0.0185	1.2774	0.1153	-0.8487	0.1799	1.8064	-0.3668	1.2941	-0.9911	-0.4056	0.5552	-0.0456	0.3366	-0.3092	0.6559	-2.2540	-0.6273	-0.9031	-0.1735	-0.5270	0.4932	0.4435	0.2166	0.2361	-0.3469	0.7777	-0.5689	1.1473	-0.1441	0.9544	-0.5031	-0.0933
0.1741	1.7424	1.8568	-0.7948	-1.3754	0.7635	1.4060	-1.5050	-0.9706	0.5596	0.5397	-0.0631	1.0482	-0.5141	0.5227	0.3326	0.4591	-0.2648	-0.3315	-1.1342	-0.9746	0.2452	0.5883	-1.3497	0.8631	-0.8943	-1.2908	1.3159	-0.3257	0.4101	1.3763	0.9858	-1.9231	0.0953	-1.8405	0.1345	0.9951	0.0224	0.8715	-1.6196	0.9623	0.3740	1.8242	-0.6904	0.2127	1.4201	2.8315	-0.9614	1.4791
0.1480	2.0261	2.8211	-0.1714	0.0201	1.1261	1.5808	-1.2226	-1.4050	3.1499	0.5375	-1.3297	1.3918	-1.4962	1.9770	0.6236	-0.6808	-0.8679	-0.2829	1.3043	-0.8857	0.6949	-0.1785	1.2563	-0.3639	-0.4734	-0.2958	1.8650	-0.7048	0.6545	0.8344	1.0136	0.0733	0.7416	-1.9552	0.0277	0.2574	0.2827	1.1712	0.4013	0.5192	0.4538	1.6188	0.2229	-0.6465	1.2630	1.4489	0.0389	0.0881
0.7057	3.0569	2.1725	-0.6872	-0.0355	-0.0201	0.9171	-0.9296	-1.7072	2.2744	1.1801	-1.6557	1.4572	-1.7973	1.9878	0.6757	-0.8586	-0.1489	-0.3367	2.3429	0.2786	0.9199	-0.5365	1.2160	0.4769	0.1338	0.4743	0.6423	-1.1959	0.4068	0.3674	0.1592	2.0072	-0.0871	-1.6210	0.2252	-0.6867	0.4417	1.0065	1.4202	1.1458	1.4686	1.4037	1.9008	1.2914	0.5987	0.8870	-0.1710	-0.7706