IC05	IC08	IC09	IC15	IC16	IC17	IC18	IC19	IC20	IC23	IC24	IC26	IC27	IC29	IC31	IC33	IC36	IC37	IC38	IC41	IC42	IC43	IC44	IC45	IC46	IC47	IC48	IC49	IC50	IC51	IC54	IC56	IC58	IC60	IC62	IC63	IC64	IC65	IC66	IC67	IC68	IC69	IC71	IC72	IC73	IC74	IC75	IC76	IC77
1.7583	2.4528	1.4830	-1.0988	2.7712	-1.9280	-2.2474	1.7959	1.2151	-0.9391	0.6535	-1.1356	-2.1637	-0.3084	-0.4145	-1.4830	2.4348	-0.7084	0.3147	1.3227	1.2319	1.5216	0.8122	0.6913	0.6481	1.6754	0.3950	-1.1309	1.8330	-0.1834	0.1354	-0.3780	-1.3217	0.3469	1.4683	0.6278	-0.3677	2.1629	0.6769	1.8138	2.0941	0.3773	-0.5897	0.4158	1.6354	1.7844	2.3146	0.6084	0.4928
-0.0400	1.9770	2.3511	1.3505	1.9886	0.4775	0.8402	-0.3789	0.1239	1.8906	-1.1001	-0.8152	0.6699	0.6269	0.0160	0.3072	0.9966	-0.0027	1.2140	1.4572	2.8915	1.6403	-1.3581	3.6526	0.2756	3.1458	1.3614	-0.1000	1.9514	0.9472	0.2233	-1.2631	-0.4716	0.5489	0.1731	1.0574	-1.5597	0.8599	-0.3684	-0.0275	0.8194	-0.8939	0.5807	1.7325	1.1465	1.8217	-0.1970	0.5130	0.5048
-1.5921	2.1473	1.3323	0.3150	-0.4510	-0.8171	0.7360	0.3881	-0.1623	-0.0024	1.3271	0.5378	-0.7636	0.9714	-0.2058	-1.6009	-0.0065	-0.3221	0.8128	-0.7620	0.7745	-1.4165	-1.8167	1.4429	-0.4448	-0.5576	0.2018	-2.2455	1.8008	-1.0598	0.6376	-1.3110	1.1474	0.0806	-0.3578	-0.8657	1.5264	0.3859	0.5028	-1.3475	-0.7382	-0.2433	0.7536	0.6064	1.1252	0.7685	-1.1220	1.1989	1.8726
-1.5954	-1.2568	-0.7019	-0.7292	-2.8169	0.8055	-0.2485	-0.5084	-1.1217	-0.5220	-0.8723	0.0843	-0.0699	-0.6200	-2.2837	-0.5675	0.3195	-0.6887	-0.4635	-2.4855	0.2730	-0.3508	-1.4185	-0.2327	-1.5461	-1.6925	-1.2389	-2.9403	-0.2799	-0.0466	-0.0661	-1.0049	-0.9915	-0.6726	-0.4386	-2.6097	1.9363	-2.0050	-0.7530	-0.8724	-0.1148	-0.7609	-0.3242	-1.5654	1.6700	-1.6778	-2.8426	-0.8447	-1.5000
-1.6762	-2.2346	-1.0006	-0.7381	-1.2273	-0.3258	0.1526	-0.4709	-0.0016	1.5786	-1.1090	0.3993	0.1502	-1.0122	-0.1560	-1.0456	-1.0104	-0.0316	0.2557	-0.3863	-1.0175	-2.0468	0.3761	-0.5336	-0.3662	-2.4805	-0.0748	-1.3211	-0.7314	-1.2156	-0.1377	0.3151	-1.4390	0.6749	-0.6626	-1.0526	-0.2538	-1.5408	-1.9467	0.0417	-3.0382	-1.1127	0.1462	-2.1955	-0.1010	-0.8209	-0.9194	-1.7380	0.6002
-0.9460	-2.3855	-1.9018	-0.7986	-0.9229	0.1399	0.1207	-0.2629	-1.0073	-0.1074	-0.0563	-1.3678	0.5436	-1.4303	-1.3537	0.7364	0.5860	0.0352	0.0572	-2.0988	-0.9466	0.2605	-0.6530	-0.8121	-0.0024	-0.7368	-1.4561	-1.3166	-0.8219	-0.6570	-0.7306	-1.1318	-1.4482	-0.8957	-0.3197	-0.8387	0.5152	-1.2946	-1.5257	-1.3474	-1.1220	-1.0887	-1.8565	-2.5742	-0.0795	-2.0608	-1.6175	-1.8437	-1.6530
-0.4252	-0.8529	-1.8274	-1.2034	-0.2359	-0.0936	0.2421	0.4857	0.9172	-0.1932	-0.7320	-1.0358	-0.4316	-0.5556	-0.7587	-0.0271	0.6771	0.3875	0.8179	-0.0693	-0.2770	-1.1160	0.5007	-0.1264	0.9735	-0.6222	-0.2296	0.0500	0.0441	-0.6513	-0.9733	-0.7163	-0.6733	-1.1059	-0.1067	0.2655	-0.0732	-1.0496	-1.2769	-2.0843	-0.9540	-0.5701	-1.1951	-1.0269	0.5999	-1.0154	-0.6600	-1.0614	-0.8023
-0.2770	-0.3719	-1.3917	-1.1537	0.6220	0.2040	-1.8081	1.9580	-1.8843	-2.2548	1.4389	-1.2600	0.0451	-0.3730	-2.3935	0.0165	2.2711	1.7239	1.4558	1.9943	0.9989	1.1037	-1.6931	-0.7684	0.6835	-0.2158	-0.6226	-0.0741	-0.6400	-1.0113	-0.5751	-2.4137	-0.7208	-0.5603	-0.3366	0.9882	0.9491	-0.3585	0.6728	-1.5651	0.7570	0.1115	-0.0672	-1.5801	-0.4066	-1.8188	-2.0261	-1.4407	-2.0413
-0.9260	-0.0787	0.0803	0.2256	1.8748	1.4346	-1.2073	0.4258	0.5154	-1.9066	0.4188	0.1233	1.0182	-0.1163	-1.4587	0.7030	1.8047	1.1338	0.2644	0.2007	-0.3819	0.4522	1.2196	-2.1430	0.6341	1.0413	-0.3236	0.4762	-0.8213	0.5488	-0.2086	0.7389	1.1235	0.2842	-0.6431	0.5660	-1.2611	0.0346	-0.2054	-0.8946	1.4733	-0.5476	0.9193	-0.0398	0.5716	0.0493	0.3000	-0.1811	-0.4125
2.1433	0.3481	0.6755	1.5348	-1.6536	-1.9034	-2.6616	4.9755	-0.2592	0.4456	-0.3739	0.4798	0.9434	2.4271	0.7668	-0.0986	0.6419	-2.3132	-4.7164	0.0981	-0.5450	-3.7806	1.0014	0.0718	-0.5652	0.8954	1.5699	2.4399	0.8383	2.5059	1.0183	2.1654	6.7449	0.8341	1.9244	1.7089	2.7889	0.5376	3.4739	1.7331	-1.0644	3.2988	2.3849	3.7712	0.8512	4.4168	2.8893	2.5026	3.1251
0.8327	-1.1969	2.1717	0.7846	1.6842	1.1666	0.0578	1.8523	0.3891	-1.1731	-1.2111	2.1500	3.1714	3.1729	4.4170	-0.3107	1.8765	-0.7069	-1.5791	-0.9817	1.0756	-0.1979	-0.4916	0.1698	-0.5273	0.6921	1.9223	1.1223	1.4051	0.8027	1.7522	1.7824	1.9447	0.6855	0.9537	1.6048	-0.6459	0.2915	3.0683	2.2078	-0.9319	4.9536	-1.9983	2.3664	0.2650	3.8044	2.9117	0.6664	-0.4654
-0.4313	1.5803	4.5538	2.4603	1.2478	2.3504	1.4705	-1.3465	1.5860	-1.5003	0.0480	1.8966	2.6184	3.1046	2.0059	1.5362	2.0074	0.7173	1.6492	0.4700	1.2263	0.6331	-0.5533	0.2336	-0.3009	-0.4122	2.2028	2.1880	0.6153	1.9433	0.5632	0.4761	0.1048	0.8523	1.8801	3.2702	-1.5439	1.0132	2.4327	2.4261	0.1418	0.0196	1.4060	0.7345	1.7928	-0.4174	3.3365	1.3101	0.6482
0.9917	1.0431	2.1612	1.3681	-0.3662	-0.1369	0.8383	0.8642	-0.0429	1.3570	1.8453	1.8071	-0.0895	0.6058	0.3897	0.4865	-0.5174	0.4193	-0.6776	1.2915	-0.5182	0.4350	-1.1042	1.1321	-0.8990	-1.4228	-0.4680	0.9313	-0.5388	0.0146	0.7546	-0.9237	0.2247	-0.0971	-0.5102	1.1276	1.7506	0.5105	0.8777	0.6801	-0.6164	-0.9921	2.3084	-0.6976	1.3096	-1.9632	0.2396	0.1223	-0.2282
-0.0998	-1.6709	0.4577	0.0859	-0.5791	0.3043	-0.6445	-0.0424	-1.2933	1.4799	-1.8040	0.2745	0.2983	-1.2694	-1.3377	-0.0460	-0.4558	-0.2593	-1.6928	-0.6827	-2.7848	1.9018	0.4765	0.9031	-0.3868	-0.4711	-1.1247	-1.6565	-2.9728	-0.7167	-0.9779	0.4089	-0.7996	-2.8002	-2.1621	-0.1294	0.7239	-1.5576	-0.7886	-0.4801	0.4016	-1.2680	-0.0840	-1.2787	0.0212	0.1384	-0.4707	-1.7233	-1.7419
-1.0150	0.2320	-1.7159	-0.0518	-0.8049	0.5125	0.2235	-1.7668	-0.3510	1.5272	-0.7722	0.7621	-0.9564	-1.4903	0.0612	-0.5808	-1.5069	0.0883	-1.1413	-0.0115	-2.7681	-0.5939	1.6305	-0.9850	0.3047	-1.4407	-3.1916	-1.8231	-2.2965	-1.2502	-0.6082	1.4592	0.5070	-1.9485	-2.5411	-1.3798	-0.9757	0.8689	-0.0899	-1.3134	0.9418	-0.1830	1.4019	-1.5426	-1.9295	1.5421	-0.4586	-0.7911	0.6395
-0.5373	-1.0294	-2.3080	0.1933	-1.0156	0.8915	0.1581	-1.6072	-0.9541	-1.4369	-0.7796	-0.5426	0.6460	-1.8454	-0.8901	0.6297	-1.2557	-1.0531	-1.1772	-0.8161	-2.7314	1.1248	1.1436	-1.8316	0.0049	0.4932	-2.3904	-1.2666	-1.9742	0.6242	-1.1721	0.5490	-1.2573	-1.0337	-1.4415	-0.9359	-0.7316	-0.7230	-0.4649	-2.0598	0.6550	0.1822	-0.4714	-1.8656	-0.6253	-0.4042	-1.5086	-1.1230	-1.6964
0.4581	0.0810	0.9973	-1.2781	1.1644	-1.3657	0.8859	-1.0819	1.1479	-0.2903	0.6168	0.0182	-0.1679	-0.5479	0.2891	-0.2307	-0.0451	0.7061	0.7619	0.6905	-1.4329	0.4351	1.1692	-1.0713	1.0663	0.5632	0.1101	0.4957	0.1708	-0.9996	0.0927	0.7929	-1.0725	-0.1634	0.4912	0.7272	-2.1671	-0.6689	-1.8401	-1.6225	-1.0967	0.2424	-1.3293	-0.5008	0.2065	-1.1868	0.4707	-0.7145	0.7804
1.2860	0.2844	-0.5171	-1.1986	-0.6930	0.1017	0.5339	-1.2519	-0.9258	0.4876	1.2773	-1.3633	-0.1118	-0.3454	-1.1126	0.4414	0.2970	0.2923	1.1547	0.2727	-0.1391	0.7704	-0.5796	1.4394	0.8694	0.5358	-1.4173	0.0170	-0.1313	-0.5832	0.5362	-0.4775	-0.4550	0.0858	0.4951	-0.1556	1.6871	0.3497	-1.1492	-0.4372	0.7910	-0.4983	-0.5898	-1.5120	-1.8487	-1.9396	-0.9226	-1.0443	0.6797
1.1129	0.9227	-0.0831	-0.0889	0.5294	-0.0958	1.2032	-1.7384	0.4697	-0.8652	0.2448	1.5742	-0.4845	0.3236	1.6219	-0.4179	-0.5942	1.0974	0.3064	0.1326	0.0170	-0.0015	1.8854	0.1884	0.0997	1.8783	-0.4033	-0.0374	-0.1249	-0.8419	0.6848	2.2207	0.9296	-0.3779	-0.4683	-1.2633	-0.1976	0.6877	0.2063	0.0634	-0.0746	-0.4158	-1.5224	1.6093	-2.3242	1.8371	0.9357	0.6113	0.6238
0.9056	1.1689	-0.6107	-0.4895	-0.8724	-0.6125	-0.9704	-0.8824	-0.9914	0.6154	1.0465	0.3823	-0.4689	-0.5211	-0.7535	0.5611	-1.4426	0.1549	-0.6353	0.5074	0.2992	-0.0350	-0.2259	0.0397	-0.7232	-1.0912	1.2088	0.6282	-1.3803	-0.2217	0.2263	-0.5992	2.1875	0.8041	-0.0881	0.0453	0.3206	-0.0667	-0.6642	-0.4790	0.3230	-2.1618	0.4526	1.8394	-0.5664	-0.4983	-1.0859	-0.0732	-0.1134
0.7914	-1.6616	-0.5021	1.2931	-0.8888	1.3051	-0.4994	-1.2332	0.5357	0.9657	-0.4717	-0.2723	0.5230	-0.7750	-0.4063	0.1695	-1.1214	-0.0309	-0.5548	-1.4493	1.7371	-0.9427	-0.1370	-0.3528	-0.4910	-1.3440	1.1509	0.0939	-0.6301	1.0903	0.3901	-1.3746	-0.4552	1.2697	0.2770	-0.5310	0.2588	-0.0384	0.5308	1.8622	-1.6534	-1.1375	-0.8472	-0.0876	-0.8863	-1.1152	-1.0187	0.5467	0.3869
0.3957	0.0339	-0.3908	0.9747	-1.5067	1.2915	-1.0222	0.1295	1.2778	0.1597	-0.4326	-0.0004	0.6811	-0.1763	-0.9793	1.2530	-0.7646	0.1670	-1.2040	-0.4484	0.7829	-2.6063	-1.0135	-1.4817	0.0515	-2.1670	-0.2486	-0.3775	1.2283	0.3149	0.5202	-0.6405	-0.2520	-0.0302	0.7683	-1.3711	-0.1576	1.1885	0.0209	-0.8444	-0.6935	-0.1351	0.0618	-0.1068	-0.4390	-0.8716	-0.5502	0.8051	0.8682
0.1378	-1.4880	-0.3849	1.2890	-1.6363	0.7144	-1.6520	-0.0456	0.2031	-1.5295	-1.3252	-1.3807	1.2114	0.9341	-1.8242	0.7155	0.4998	-1.0548	-0.3483	-1.0396	1.6172	-0.5771	-1.3868	-0.5249	-0.6125	-0.1327	0.1782	-0.8864	0.9876	-0.1242	0.5517	-0.8633	-1.7495	0.2064	0.6618	-1.2876	0.0570	-1.3380	-0.4695	-1.6441	0.4843	-0.5889	-1.4213	-0.5187	-1.1548	-0.3304	-0.7325	-0.0085	-1.1321
1.1597	-0.3186	0.6605	-1.7857	1.0847	-1.4723	0.5717	-0.7284	1.0360	-0.6002	-0.2231	1.4220	-1.3028	0.9980	0.2651	-1.0510	-0.1455	-0.2307	-0.1074	0.5031	0.4634	-1.5393	0.2814	0.0155	-1.0475	-0.0236	0.9506	0.5687	1.2734	-1.2976	2.3871	1.0199	-0.1090	2.2762	-0.3935	-0.2147	-1.3250	-0.5173	-2.2785	-1.0185	-1.5260	0.0275	-0.2894	0.1836	-0.0983	0.3182	-0.1597	-0.5158	1.2095
1.6873	0.4101	-0.5563	-0.7377	0.6670	-1.1667	-0.5959	-0.3153	-2.4609	0.2329	1.8293	0.2535	-1.5969	-0.1899	-0.8381	-1.2287	-1.1462	-0.5945	0.3538	1.2973	0.9527	0.5774	-1.0484	0.2291	-2.0592	0.6510	-1.0577	0.2062	-0.2504	-2.6871	2.3853	-0.5228	0.0524	2.7683	-1.5512	-0.4856	0.3858	0.4307	-1.2374	-0.1808	0.5340	-0.4895	2.0210	-0.2998	-1.2729	-0.3156	0.3475	-1.4466	-0.1092
0.9713	-1.0135	0.1572	-0.3991	-0.1790	0.6867	-0.5773	-1.1109	0.0745	-1.4503	0.2334	-0.0706	-0.7742	-0.0575	-0.8566	-0.2970	0.7727	-0.7517	-0.4189	0.2319	0.1578	0.0535	0.2859	-2.2207	-0.7548	0.9568	-0.5082	0.5940	-0.0151	0.0895	1.6462	0.1919	-0.5190	0.9006	-0.6614	-0.5862	-2.1995	-0.1810	-1.5099	-0.2383	1.0753	0.3293	1.0478	0.0019	0.1003	-0.5430	-0.6443	-1.2328	-1.4511
1.1995	1.8131	0.8694	-0.3442	0.8282	0.1276	4.1019	1.5578	0.7979	0.1275	1.4877	1.3621	-0.8845	1.5119	2.5672	-0.8480	-0.0030	0.3646	1.1953	2.6522	-0.4867	0.1105	0.0775	-0.2412	1.0373	0.0993	-0.5653	0.8407	2.6388	0.1681	2.2205	1.4567	-1.2837	1.5503	0.2940	-0.4330	-3.2714	2.1699	1.6680	1.8621	2.6834	1.8094	2.3408	0.9546	-1.0450	0.2584	2.3621	1.4781	1.3409
0.9133	-0.8415	-2.1347	-1.4401	1.1356	-2.0803	1.0225	-1.7234	1.1338	-0.3014	0.0482	-0.9131	-1.0128	1.0749	0.6532	-0.9863	-1.7485	-1.1460	0.2892	1.5803	-0.8241	0.9345	2.3948	0.1022	0.3364	-0.1126	0.1187	-0.3731	0.8378	0.1671	-0.0680	2.0331	0.5464	-1.0750	0.8817	-1.1449	0.4896	-0.8658	3.3086	2.7363	2.0536	1.4981	-0.4228	1.5133	-0.9043	1.3927	1.7487	2.0039	0.2980
-0.7599	-0.0720	-1.2469	1.0365	2.0726	-1.2591	0.4847	-0.1095	1.3500	0.8356	-0.4884	-1.0252	-2.7403	-0.4682	2.9508	2.3880	-3.3424	-0.9336	1.2541	0.1823	-1.4751	-0.4327	2.0174	0.2086	-0.2095	1.7755	0.8606	3.0610	-0.8754	2.0393	-2.2046	1.9367	-0.6833	0.1054	0.4172	0.4345	-1.8953	0.2293	1.5093	2.0874	1.0841	1.1065	-0.4548	2.2888	1.2931	3.0376	0.8197	1.9665	0.8726
-3.0286	0.0634	-0.9350	3.1048	0.5130	1.0242	0.5963	0.5374	-1.3994	1.3165	-0.8158	-1.8263	1.0821	-2.1417	2.2682	4.3787	-2.0506	0.6068	0.1477	-2.4689	1.2930	1.7595	-1.4952	-1.2809	-0.2115	1.7369	0.8877	4.1029	-1.2086	2.6540	-2.6598	-0.2036	-0.3181	-0.7412	-0.8908	0.7244	-1.0995	1.4892	1.5231	1.1843	1.5138	1.0014	-0.0848	0.7912	-0.4981	0.4227	0.1120	1.7908	-0.4087
-2.5955	0.1344	0.8904	1.4259	2.2303	-0.3736	1.8311	-0.2669	-1.1251	-0.0085	0.3406	-0.5793	2.2764	-1.9567	2.6071	4.2787	-0.9463	2.3227	1.8403	-2.3486	-0.4600	2.6312	0.4856	0.7262	0.9280	0.8059	2.5864	3.7042	-1.4122	2.6024	-1.7454	1.0245	0.7356	-1.3241	-0.4365	1.1114	-0.1887	1.5996	0.2944	0.9830	0.1205	1.7151	-2.0279	0.5749	0.1232	-0.6170	-0.2980	1.1430	-1.4511
-0.8481	1.2152	-0.8624	0.3552	0.3517	-1.2402	-0.1242	-0.0721	-0.7089	2.1574	0.8986	-0.5389	-0.0652	-1.8122	1.1596	3.1502	-3.0694	0.0820	-0.0745	-0.3090	-1.1260	0.7454	0.7480	1.2421	-0.3347	-0.7748	1.0181	1.8172	-1.0305	1.5870	-1.3298	0.4302	1.8086	-0.5265	-0.6464	0.2105	0.9260	0.3245	-0.5226	0.3383	-0.7875	0.4834	-0.3088	1.3634	0.5267	-1.3427	-1.2056	0.4657	-1.0766
-1.0229	-0.7982	-0.4542	0.6138	0.0603	1.0214	0.6228	-0.9942	-0.9344	1.3274	-0.8730	-1.2739	-0.0725	-0.9771	0.2791	1.8068	-0.5761	0.3968	0.2451	-0.3233	0.5745	1.6624	-0.6405	1.2458	1.0313	1.8613	0.7879	0.4713	0.4680	1.6050	-1.5080	-1.7228	-1.1598	-0.6094	-0.0367	0.5586	0.5083	-0.0954	0.2495	-0.1249	-1.5608	1.4842	-1.6263	-0.2657	-0.3407	-1.5422	-0.4822	0.0024	-0.8035
-1.8405	-0.0018	-0.5764	-0.2930	-0.9944	0.5739	1.3974	-1.1468	0.6758	1.4796	-0.5102	0.4719	-1.2040	-0.2052	1.2038	0.1304	-0.2266	0.1886	0.2692	0.3169	0.0656	-0.9373	-0.5265	0.6133	1.8912	-1.4028	-0.1308	-0.2353	0.8526	0.3915	-0.7274	-0.1795	0.0574	-0.3592	0.2603	0.2197	0.2001	2.0309	0.2254	0.3195	-0.5328	0.4561	0.5067	-0.6024	0.2542	-0.8018	-0.3019	0.2336	0.0354
-0.9714	-1.8229	-0.8341	0.9690	-0.4015	1.5803	-0.2632	-0.0615	-0.1380	0.5214	-1.6444	0.7108	-0.0312	0.3544	0.8680	-0.0906	0.3363	0.2251	-0.1616	-1.5799	1.7880	0.2331	-0.1078	-0.0441	1.0335	-0.3252	-0.2180	-1.3569	-0.0790	0.8901	-1.7570	0.5364	-0.5022	-1.1784	0.5908	-0.3376	-0.1380	-0.6419	0.0533	1.7534	-0.6582	-0.2552	-1.1297	0.0100	0.6462	-0.1228	-0.5762	0.4873	-0.9075
-0.9932	0.3060	1.0015	-1.2507	0.1089	-0.6245	0.2640	-0.1524	-0.2805	-0.2766	-0.2004	0.3643	-0.7128	0.9003	0.8332	-1.1361	0.0634	0.0372	-0.2193	-0.2798	1.1145	-1.6839	-0.2041	-0.5600	0.1913	-0.7976	1.4584	0.5820	0.6155	-0.5796	-1.0025	-0.5659	-0.0198	-0.4345	-0.3909	1.2825	-0.9045	-0.2573	0.0825	0.3295	-0.9027	-0.7056	0.3012	0.0609	0.7120	-0.2158	1.0540	1.0891	1.1644
-0.1513	1.6685	0.3141	-1.9877	-1.1020	-1.7282	-1.4008	0.9892	-2.2109	-0.8394	0.5239	-1.5178	-1.1782	0.4995	-0.3217	-0.8461	0.4475	-0.2716	-0.1238	0.2079	0.7356	0.5946	-0.6197	0.6294	-0.5749	-0.6130	1.3597	-0.1143	0.2918	-0.2076	-1.0226	-2.0370	0.2378	0.0279	-0.0976	0.8206	1.7456	-1.0501	1.3467	0.7406	0.2305	0.1783	-0.3128	0.3560	0.0430	-0.7299	0.3006	1.3264	-0.6786
-0.4991	0.6877	0.2269	-0.4600	-0.9406	0.0541	-0.5526	-0.6974	-0.6272	-1.1224	0.1148	-0.6797	-0.1351	0.0205	-0.5205	-1.6401	0.9412	0.1904	-0.2087	-1.1046	0.1977	0.5837	0.0825	-1.1224	0.1649	-0.5596	1.6303	-0.6946	-0.4269	0.0863	-0.7366	-1.0836	-0.3181	-0.2196	-0.1545	0.2113	-0.1986	-1.1906	-0.2374	-0.2878	0.7834	-0.2159	-0.7637	0.4186	0.4114	0.0033	-0.3391	1.1541	-0.1336
0.7135	0.5821	-0.7003	-0.1888	-0.1965	0.6084	-0.4769	0.0575	0.7446	1.6241	-0.0486	0.4336	-0.0905	-0.3312	0.4331	-1.4866	-0.8323	-0.6146	0.3000	0.5857	-1.0422	-1.3924	-0.2627	0.5913	0.2234	-1.7245	-0.2720	-0.4757	0.5706	0.6712	0.1458	0.9771	-0.1328	0.3817	-0.0731	-1.0689	1.1430	0.0235	-0.9061	-0.0256	-0.2446	0.1794	0.6735	-0.1905	-1.3229	-0.7123	-0.8293	0.5522	1.8667
0.2721	-0.0913	-0.2888	-0.2118	0.0085	-0.5731	0.7359	0.6538	-0.4461	-0.6927	1.1458	0.5823	-0.9412	-0.1737	0.4155	-1.9192	-0.8752	-1.0953	0.9741	-0.3906	-1.8974	0.9072	0.8090	-0.6996	-0.5673	0.5965	-1.9076	-1.5494	0.1048	-1.4989	-0.1326	1.6414	-1.7132	1.0929	1.0931	-0.9302	1.5170	-1.2452	-0.2888	0.8845	0.6573	-0.1750	-0.6719	-1.1737	-1.2193	0.3486	2.0679	0.1024	1.2136
-0.2598	-0.4441	0.7948	-0.5279	0.5260	-0.1403	0.9650	-0.0456	1.4881	-0.0818	-0.9331	0.4802	0.0939	-0.3120	0.4503	-1.7217	-0.3079	-1.3406	0.7532	-0.0413	-1.2927	-0.8558	1.9735	-0.7730	1.0151	0.4130	-0.9957	0.5605	-0.0532	-1.8413	-0.2127	0.8766	-0.5652	0.5836	0.4807	-0.2380	-0.7845	-0.6099	-1.5396	-0.1445	-0.2072	-0.3189	-0.2518	-0.8394	-1.1665	0.3818	1.9856	-0.7132	0.1090
0.3895	2.4780	-0.8232	-2.0190	-0.3840	-1.6586	-1.1409	1.3589	0.2948	-1.2153	1.8125	1.7293	-0.2671	-0.9138	-0.2169	-0.8639	-0.6067	-1.2896	0.2987	1.8698	-0.7757	-0.3932	1.3170	-0.3990	-0.7370	0.4430	-1.2861	-0.1321	-0.7852	-2.3675	0.3480	0.7746	0.6254	1.1467	0.6419	-0.6746	1.7155	0.3056	-0.6442	0.8080	0.1123	-1.3523	1.8343	0.3855	-1.6851	1.4919	2.0322	-0.7466	0.5757
0.6302	-0.7819	-0.7956	-0.3047	-0.6692	0.9733	-0.2560	0.5106	0.1992	-0.9190	-1.0508	-0.2306	0.8385	-0.7439	-1.5106	0.2017	0.1792	-0.8137	0.2478	0.7928	-0.2931	0.6690	1.0593	1.3722	-0.5671	2.2818	-0.0383	-0.5448	-0.3917	-0.5312	-0.7483	-0.3716	-1.3604	-0.8598	0.7643	-0.3478	1.1954	-0.9043	-1.8158	-0.3533	-0.7356	-1.6941	-0.8857	-0.0772	-0.7718	-0.4173	0.3765	-1.8017	-0.0772
0.3361	0.3244	1.0819	-1.3966	0.0153	-0.8272	2.3341	1.7611	2.1803	-1.0474	0.2692	-0.0459	-0.9817	1.2378	0.2936	-0.5249	1.3255	1.7564	0.4855	0.4298	-0.6945	-0.5666	0.1020	-0.7292	0.9561	-0.2636	0.8477	1.1390	0.5490	-0.6772	0.1570	-0.3181	0.2462	-1.0822	1.7360	0.9614	-2.2816	-0.4867	-1.0494	-1.5418	-0.4956	0.1063	-1.3596	0.8945	1.7021	-0.9426	-0.9394	-0.1038	0.2809
1.4607	-0.0256	-0.7920	-0.5943	0.1294	0.7735	1.3060	1.0863	0.3550	0.1523	0.9588	-1.2172	-0.7500	0.6841	-0.9330	-0.7015	0.9635	-0.0622	1.2227	1.4917	0.3846	1.0945	-0.8519	1.5786	0.3685	0.3242	0.5126	0.3307	-0.1150	-0.8206	-0.2281	-1.2991	0.5575	1.0959	0.7928	0.4011	0.4058	-0.7485	-0.8843	-0.5618	0.7925	-1.2809	0.2516	0.3195	-0.2138	-1.8498	-1.3181	-1.0397	-1.6130
1.5988	0.2337	-0.2920	0.5861	0.3725	1.7888	1.2530	-0.2650	0.6801	0.4234	1.6503	0.6865	-0.4674	1.3861	0.2781	-1.6208	-0.0564	0.1176	0.5618	1.0678	0.0311	0.5962	-0.2655	-0.6551	-0.3202	1.3352	0.4688	0.5943	-0.4731	0.8571	0.4853	-0.4840	0.0840	1.1370	0.3606	0.4151	0.0662	-0.1271	-0.2433	1.1014	0.5906	-2.0141	1.0411	0.1783	-1.1077	-0.1814	1.1898	0.3183	1.1348
1.6213	2.2174	-0.3519	-0.4247	0.3708	-0.3183	-0.3200	0.3519	2.0338	1.3937	0.8958	1.5338	-1.1937	0.6236	0.6977	-1.5427	-0.1146	0.7518	0.5635	1.5797	-0.7230	-0.2243	-0.3217	-0.0657	-0.3219	-0.8473	-1.1149	0.6111	1.0790	0.8852	0.6911	0.1551	1.3461	0.0912	0.3884	-0.7779	0.3589	1.6428	-0.8093	0.1451	0.8726	-0.7259	1.8728	0.3879	-1.8682	0.3323	-0.2787	0.8646	2.6028
0.6631	-0.3094	-1.0115	0.9712	-1.4245	-0.0277	-1.6299	-0.0944	1.1893	1.0325	-0.0798	0.5017	-0.2812	0.5959	-0.6814	-1.1576	0.8589	0.8094	-0.2093	-1.4473	1.8530	0.7054	-0.4987	-0.2762	-1.0779	-0.9494	-0.2103	-1.1316	0.3980	-0.5312	0.7697	-0.6310	0.7322	-0.7186	0.4856	-0.9986	1.1533	-0.1781	0.0150	0.6210	1.2414	-1.7916	0.6072	0.1923	-1.3793	-0.5353	-1.5626	0.5727	-0.5252
0.5387	-0.7929	0.5399	0.0644	-0.9094	-0.2443	-1.0138	-0.4246	1.5249	1.5803	-0.8288	0.0600	-0.1951	0.4614	-1.2448	-1.3471	0.4225	1.3637	-0.1942	-0.9541	0.4228	-1.6584	-0.3165	0.7006	-0.4436	-0.9432	1.0188	-0.8819	0.3661	-0.3370	1.1120	-0.2495	0.0856	-0.3022	0.2543	-0.0674	-0.6427	0.5814	-1.0808	-0.5473	-0.3743	-1.6692	0.1750	0.5347	0.5604	-0.4218	-1.0628	-0.0624	0.5616
0.3531	0.1165	-1.0163	-0.2491	-1.9904	-2.2251	-1.1165	1.3853	0.2834	0.5864	0.9864	1.6726	0.3661	0.2971	0.8150	-1.6314	-0.3962	0.7755	-0.3024	-0.0173	0.3022	-0.2852	-0.1896	1.0397	-1.2103	-1.5486	-0.0640	-1.1527	0.1867	-2.1294	1.7454	0.4014	0.1487	0.7233	-0.4068	-0.8953	1.5417	0.4779	-0.5895	1.0118	-0.2352	-1.0767	0.1257	0.4985	1.2060	-1.0919	-0.1041	0.0697	-0.9482
-0.0144	-2.5260	-1.5507	0.2297	-1.6472	0.6489	-1.8645	-0.0708	-1.0081	-1.0212	-1.8163	-1.1055	1.1281	0.3123	-1.9567	-0.9562	0.5675	-0.7290	-2.0679	-1.0750	-0.3962	-0.0244	0.5147	0.0004	-1.4818	0.3256	-1.7734	-1.6114	-0.2213	0.3290	0.5142	0.2264	-1.1143	-1.8227	-1.7267	-1.5975	1.4393	-1.0524	-0.6890	-0.8618	0.4614	-0.7317	-0.2696	-1.2106	-0.4869	0.2428	0.2952	-1.3517	-2.5944
0.2024	-0.4176	1.5141	-0.7261	0.0467	-0.4112	0.1998	-0.2347	-0.2465	0.4404	-0.5895	-0.7133	0.2235	-0.7166	-1.2669	-0.2282	0.9229	0.8516	-1.2033	-0.2605	0.0886	-0.8774	-0.5577	-0.6853	0.4112	0.2062	-1.4616	0.0915	-0.0243	0.9110	0.0747	0.0601	-1.0295	-0.6182	-0.7162	-0.3415	-0.9955	0.2568	-0.9197	-2.0531	-1.5804	1.0075	-0.0075	-1.7778	0.5396	-0.1116	-0.0169	-1.5046	-0.7487
0.8729	0.6901	0.4419	-1.1667	-0.4477	-1.0497	-0.6307	-0.2114	-1.3581	0.3731	0.6771	-1.0727	0.1872	-1.5007	-1.6458	0.2050	-0.1550	-0.8725	-0.2972	0.8823	0.0655	0.8696	-1.2028	0.6204	0.1973	-0.2439	-1.1769	-0.8407	-0.7477	-1.1061	-0.4584	-1.3295	0.1670	0.7192	-0.1314	0.1593	0.4941	-0.1002	-1.1746	-1.3389	0.4499	0.5363	0.9120	-0.7489	0.6661	-0.9069	-0.7057	-1.6708	-0.9196
1.5080	-0.8400	-0.3300	0.2313	0.6189	0.6484	0.0263	0.0014	-0.4246	-0.3825	-0.7776	-0.4540	0.9825	-0.3895	-1.2176	0.3358	0.0475	-0.5432	-0.1493	0.3429	0.7570	0.5200	0.2745	1.0104	0.5651	2.1474	-0.0745	-0.7842	0.0500	-0.2079	-0.2164	-0.9649	-0.0360	-0.5306	0.3628	0.4243	0.5873	-0.6826	-0.0084	-0.8095	-1.3819	0.8772	-1.1447	-0.4342	0.8194	0.1422	-0.1424	-1.1024	0.1202
0.1148	1.4137	-0.3675	-1.2105	0.6043	-1.0704	0.2736	-0.7372	1.1764	-0.3012	-0.4372	0.2424	-1.7441	1.0239	0.4193	-1.3259	-0.2356	-0.3078	0.6902	0.3068	-0.0544	-1.9392	0.6752	0.5025	1.2609	0.5145	-0.7610	0.9574	-0.2718	-0.9038	0.2553	0.7287	-0.3564	-0.0503	-0.3122	0.4903	-0.1558	0.7570	1.8429	1.0740	-1.3500	-0.2639	0.5866	-0.2961	-0.4676	2.3817	0.7553	0.4324	2.4786
-0.2946	0.5296	-0.0203	-0.1713	-1.0270	0.4820	-1.1811	0.2951	-1.4773	-0.7659	1.2402	-1.9250	-1.3083	1.6040	-0.8647	-0.1121	0.5445	0.9039	1.0067	0.1659	-0.3708	1.2887	-0.9664	-0.6628	0.7241	-0.5079	-0.6312	0.5904	-0.6279	0.2490	-0.1778	-1.5776	-1.2245	0.3875	-0.0602	1.2502	0.1365	0.9073	1.7368	0.7341	1.3167	0.7983	1.6606	-0.1161	-0.3099	0.8010	0.7691	0.7357	1.0274
-0.6091	-0.1361	0.4055	0.3711	-0.7643	0.5649	0.0852	-1.1274	0.6559	-3.2984	-0.3464	-0.6593	-1.0305	1.7341	-0.2093	-0.9596	1.3862	1.2477	0.2502	-0.1862	0.5790	0.2041	1.3114	-2.0726	0.8525	-0.2081	1.7019	0.4973	0.3101	-0.0051	0.1014	-0.3319	-0.3910	-0.0792	-0.6706	1.4282	-1.4117	-1.1828	0.8485	-0.6642	0.5998	0.9889	0.1879	2.1937	0.7609	1.8328	1.3431	1.1276	0.6233
-0.4412	1.0886	0.1396	0.8422	0.3879	0.0427	1.3247	-0.0156	0.8056	0.6307	-0.5250	0.7977	-0.4023	0.8596	1.8022	-0.5448	1.0478	3.2532	0.7091	1.3169	1.0358	-0.9215	0.6240	-0.0436	2.0062	-0.7924	0.6677	0.5850	1.6049	-0.3817	0.6571	0.5058	-0.3523	-0.4322	0.3704	0.3479	-0.5460	0.6854	0.6842	-0.1941	-0.6300	1.9214	0.7365	0.8462	0.2449	0.2745	-1.0791	1.3326	0.4488
-0.0925	-0.2075	-0.3762	1.7264	0.6055	1.1555	-0.3860	-0.5958	0.4935	-0.4648	-1.5880	0.2609	0.5575	-0.2633	0.2638	0.5490	0.6081	0.8893	-0.2803	0.4570	0.3586	0.8690	0.3494	0.3992	0.6852	1.0795	-0.4093	-0.9060	-0.0926	-0.2060	-1.2342	0.6682	-0.4046	-0.7286	0.0949	-0.2413	-0.0925	-0.8767	0.3623	0.9157	1.1584	-0.6144	0.3233	-0.2992	0.1510	0.8385	-1.6907	0.0142	-0.5577
0.1393	0.5685	1.4114	0.1741	1.4067	0.0968	1.6468	-0.2407	0.9199	1.4405	-0.1879	1.1882	1.1846	-0.5356	0.8324	0.4729	1.2274	1.6722	0.2567	0.8693	0.2185	0.1082	0.2891	1.0818	1.2958	0.9052	-0.0231	-1.3736	1.3006	-0.2882	-1.2160	-0.0501	0.5170	0.7000	1.7286	0.0790	-1.4302	-0.0633	-0.1167	-0.8265	-1.0564	0.3790	-0.2365	0.1474	1.2106	0.6759	-0.3212	-0.7783	1.9264
0.9688	0.8758	0.6078	0.4100	0.3942	-0.4228	-0.7071	-0.0683	-0.9015	1.3999	1.2085	-0.5468	1.3584	-0.6139	-0.9585	0.9443	1.1346	-0.0719	1.5843	1.6020	1.5079	1.2715	-2.1441	1.5729	1.2726	-0.4607	-1.5225	-1.7210	1.4064	-0.8824	-1.2400	-1.8261	1.3935	0.8170	1.7802	-0.0989	1.1592	0.5855	0.5447	-1.2679	0.4277	0.7269	0.7143	0.4565	0.4186	-0.4207	-0.9090	-1.5440	-0.4716
0.0287	0.1524	0.4508	1.9045	0.2947	1.0937	-0.7875	-0.7053	-0.3069	-1.1373	1.2059	0.7759	1.8103	0.1031	-0.9264	1.0551	1.4907	0.6035	0.6499	0.7695	1.5828	0.7334	-2.0253	-0.7650	0.7871	0.5361	-0.1768	-0.6166	1.6046	0.2929	-0.5007	-1.6283	1.8845	0.9345	1.0401	0.8664	0.7171	-0.8351	0.4264	-1.1705	0.0427	0.2571	-0.6312	0.5427	1.8516	0.6881	-0.7207	-0.3801	-0.0324
0.5908	0.4823	-0.4748	0.2570	0.0952	-0.0040	-1.9264	-0.0420	-0.2904	-0.5289	1.0156	0.9842	1.3066	0.4084	-1.4752	1.0254	0.2322	-0.2415	-0.4566	0.2345	-0.1161	-0.3325	-1.3468	0.7274	-0.1333	-1.4985	-0.8176	-0.6948	0.6942	-0.5192	-0.3521	-0.7067	2.1987	1.0221	0.1905	0.6976	1.4665	0.7505	0.4924	-1.4218	0.6746	-0.2404	0.6402	-0.0225	2.4420	0.7783	-0.4750	-0.8450	-1.2107
0.8233	-1.0680	0.9537	0.7638	0.9762	0.3879	-0.7243	-0.2401	-1.1603	-0.2452	-1.3707	0.1008	2.9308	0.2718	-0.2779	0.9357	0.0799	-0.4823	-1.0420	-0.6550	0.9060	0.9301	0.5286	1.6844	-0.0292	1.5570	0.7251	0.1698	-0.9157	0.7273	-1.6181	-0.0717	-0.9395	-0.5266	-0.0181	1.5749	1.4355	0.1058	-0.5838	-0.4044	-0.4411	-0.5642	-0.8329	-0.0066	1.3998	0.0735	0.5664	-0.8908	-1.2689
-1.4605	-1.2888	1.4123	-0.1115	0.8149	-1.8724	0.0909	-0.4697	0.1169	0.2754	0.4048	0.4416	1.5771	-0.3357	1.5282	-0.3180	-0.5440	-0.0030	-1.2877	-0.9425	-0.3167	-1.4760	0.6352	-0.1127	0.7276	-1.4886	0.5556	0.9233	-0.9597	-0.2518	-0.3065	0.6716	-0.1009	-0.6703	-0.6422	1.2307	0.4564	1.1478	-0.0560	0.8524	-1.5177	0.1306	-0.3104	-0.7857	0.2540	-0.0658	-0.0377	-0.0621	0.2625
-1.2067	-1.1299	-0.4977	-0.2566	0.4705	-0.2529	-0.0966	-1.1737	-1.5029	-0.4042	0.4381	-2.0877	1.3168	-1.5419	-0.8850	1.0758	-0.1168	-0.4756	-2.0640	-1.8866	-0.1599	0.9334	0.4694	-0.0003	0.1291	-0.3108	-1.0298	-0.6251	-0.8465	1.5120	-1.5155	0.0653	-0.3611	-1.5027	-0.6692	0.5889	0.8418	0.7861	1.2302	0.0019	0.1130	1.5203	-0.5201	-1.2837	0.1416	0.0100	-1.5149	0.0523	-0.4547
-1.5535	-0.1492	-0.6568	0.5812	0.2179	1.3451	2.0357	-0.3593	0.4776	-1.3649	-0.0656	-0.8715	1.5318	-1.3739	-0.0248	1.4512	-0.1092	0.9719	-1.0378	-0.9268	0.0589	1.0138	1.7206	0.0260	1.1515	0.7624	1.2001	0.5737	-1.2688	2.4039	-1.6056	0.7411	1.0560	-0.9538	0.0045	2.0303	-0.4622	2.1065	0.9608	-0.1979	1.2043	0.6041	-0.5338	-0.3075	0.9660	0.0689	-0.5022	1.1388	-0.8515
-0.7838	1.5421	-1.8200	-0.3667	-0.7365	0.3697	1.5809	0.5957	0.7757	0.0403	0.9226	0.5509	-0.5890	-1.8486	1.1997	0.3062	-2.0363	-0.8199	-1.0785	0.9160	-0.0266	-0.1584	1.3443	0.2287	0.7926	-0.2193	0.3015	-0.2825	-0.6691	1.1311	-0.4328	1.2939	2.0382	0.5987	-0.6238	0.4164	1.2186	1.1573	0.2039	0.7315	0.3735	0.5653	-0.2833	0.8920	1.0357	0.3012	-0.0045	1.5567	0.0317
-1.4433	-1.1252	-0.4994	0.7955	-0.5965	1.6077	-1.1464	1.0470	-0.1272	-0.7619	-1.4009	-0.2132	0.3244	-0.9297	-0.7717	1.0103	-0.5104	0.1827	-0.3709	-0.3774	0.4067	0.7729	0.4134	-0.4170	0.8325	0.7062	0.5072	-1.6696	-0.3944	0.5496	-0.5098	1.2199	-0.1472	-0.7174	0.1501	-0.1940	-0.0012	-1.2372	-0.2926	0.2057	0.4220	1.2129	-1.4319	0.9918	0.9823	0.9436	0.0736	0.8300	-0.6902
-1.7181	-0.3658	1.7083	-0.3256	-0.2425	-1.3802	-1.3529	-0.6923	0.6708	-1.0871	-0.6362	-0.2166	-0.8287	-0.3292	-0.6224	-0.8867	-0.0959	-1.8069	0.8367	0.3944	-1.2354	-2.3375	-0.2274	0.0102	-0.3700	-0.9255	1.8819	0.3194	0.0152	-1.3721	1.0215	0.9234	-0.2626	1.8577	0.2676	-0.1238	0.0464	-0.9319	0.0437	0.8413	-1.1043	0.2703	0.3858	-0.9968	0.5150	0.7145	1.0521	0.3330	0.4533
-0.1516	-0.4554	2.0100	-1.2271	-1.1407	-1.5533	-2.3015	-0.0439	-1.8418	-0.0962	0.8931	-2.1188	-1.1463	-0.0970	-1.8392	-0.1915	1.0761	-1.9848	0.7736	0.4882	-0.1175	-0.3366	-1.9183	-0.1172	-1.0889	-0.1033	0.1700	-2.2162	-0.2213	-1.7352	0.0452	-1.5953	-1.0157	0.7418	1.3453	-1.3801	1.2632	-0.4014	-0.2243	-0.9966	-0.9607	0.1088	-0.1056	-1.9865	0.6276	-1.2825	-0.6408	-0.9415	-0.1219
0.0750	-1.8424	1.1834	0.3641	0.1464	1.1313	0.0579	-0.0464	-0.5141	-0.4412	0.3265	0.2169	0.4050	-0.3824	-0.3698	0.4252	-0.1443	-0.6174	-0.1434	-0.4123	-0.0041	-0.9545	-0.9937	-1.0292	-0.8410	0.6194	0.0805	-1.6331	-0.9359	-0.3251	1.1390	-0.5994	-0.6276	0.3735	1.3439	-2.0907	0.3899	0.2252	0.5251	0.4864	-2.0588	-0.2025	-1.4775	-1.7422	-0.1701	-1.1691	0.2236	-0.8268	-0.2525
-1.2387	-0.3433	0.2888	-0.2944	-0.4950	0.7582	-0.0967	-0.2430	0.8876	-1.7694	-0.8873	0.3870	-0.9510	0.0094	0.0697	0.0328	-0.7492	-0.1896	-0.9090	-0.1577	-0.2219	-2.4136	-0.8794	-2.2871	-0.2557	-1.2087	-0.3376	-0.3318	0.1860	-1.0584	1.6008	1.1589	-0.2008	-0.3195	1.5862	-1.5452	-1.1748	0.1628	0.7611	-0.6532	-1.1998	1.2802	-1.3144	-1.5410	0.4749	-0.8768	-0.0584	0.1083	-0.3231
-0.6695	-1.0372	-0.2439	0.9249	0.6158	0.7560	-0.1074	0.2581	0.7467	-1.0371	-1.7766	-0.4057	-0.0128	-0.4951	-0.1782	0.6088	-0.4039	-0.5500	-0.8527	-1.7121	1.2313	-0.1500	-0.5108	-1.9967	-0.8802	1.1805	-0.2666	-1.2949	-0.6052	-0.4115	0.6645	1.2194	0.3813	0.5458	0.5052	-1.6664	-1.6280	-1.7822	0.3756	-1.0852	0.5627	0.4901	-1.0933	-0.4325	-0.1261	-0.3981	-0.3705	-0.3415	-1.7533
-0.5351	-0.9392	2.2706	-0.3589	2.5266	0.7535	2.1079	1.1963	0.7189	1.0384	-0.8132	0.2034	0.7831	0.0008	0.0497	0.9969	0.1871	0.8508	0.5819	-0.6117	-0.8437	-0.8832	-0.0669	-0.0788	-0.2384	1.2986	1.0976	0.4666	-0.3237	0.3132	1.0776	0.5286	0.2636	1.3389	0.7915	-0.6072	-2.7002	-0.2348	-0.6307	-1.0507	-0.2698	0.9600	0.0351	0.0530	0.0593	-0.9960	-0.1076	-0.6803	-0.1185
0.1405	0.9059	1.4940	0.8287	0.6321	-0.2496	0.8187	1.7671	-2.4431	0.6403	1.9072	-0.5589	0.1410	0.3255	-1.2167	-0.1688	-0.0305	-0.2560	0.5913	0.5591	-0.4712	0.7617	-2.5045	0.1938	-2.5786	0.1905	0.4271	0.1882	0.0481	-1.6529	1.8630	-2.1485	-0.4746	1.8984	0.2397	-1.4276	-0.0429	-0.5207	0.4292	-1.2240	0.7159	0.3570	1.1924	-0.2488	-1.2079	-1.4193	-0.7244	-0.6069	0.4269
-0.3952	-0.0266	1.0101	0.6529	0.7941	1.8473	-0.4341	0.2682	-1.1772	0.8805	-0.1857	-0.2306	0.9202	0.0337	-0.8933	0.8744	0.6748	-0.4912	-1.1783	-1.9158	0.0770	0.2003	-1.0507	-1.5952	-1.9699	-0.7494	0.2914	-0.3483	0.7041	0.5155	1.0749	-1.8733	-0.8798	-0.2154	-1.1362	-1.1246	-1.1986	-0.7463	-1.5095	-1.7489	0.4917	0.1671	0.1028	-0.5303	0.1937	-0.5448	-1.7463	-0.9273	0.9456
-0.1516	0.7698	0.0823	-0.1578	0.5687	0.2997	-0.5408	0.4910	-0.4475	2.5786	-0.8590	1.2224	-0.5094	0.1133	1.2596	0.3817	-0.9020	-1.4003	-1.0703	-1.2294	-1.7108	-0.7005	-0.7757	0.5304	-1.7715	-2.1912	-1.3982	0.6602	-0.3440	0.3951	1.2172	0.9729	0.2147	-0.4580	-3.0919	-1.1636	-0.8971	0.8184	-1.1083	-0.1503	-0.3728	0.0098	0.9441	-0.8981	-1.6166	0.8951	-0.4239	0.2013	1.9911
-0.9853	-1.0274	-0.6456	-0.1821	-0.9683	-0.5528	-1.7557	0.3954	-0.3087	-0.1169	-2.1910	-0.2982	0.0390	-0.3414	-0.2100	0.9630	0.1033	-1.8354	-1.0919	-2.0677	-0.8232	0.5490	-0.7887	0.6826	-1.7813	-0.2580	-0.8658	-0.6660	-1.2090	0.2374	0.3254	0.5110	-0.0199	-2.2931	-2.0524	-0.6904	-1.3021	-2.2052	-1.8302	-0.0668	-0.0500	-1.6324	-1.9118	-0.0690	0.4701	-0.0924	-0.8283	-0.5608	-0.9464
0.4275	-0.7253	0.9002	-1.1919	0.1986	-1.2764	-0.0216	0.5890	0.3584	0.1299	-0.2192	0.6855	-0.5694	0.4687	-0.0980	-0.1742	0.5360	-1.5197	0.9555	0.3963	-1.6562	-1.5632	-0.2881	0.4404	-1.8660	-1.3292	-0.3780	1.3090	-0.2095	0.3089	1.3871	-0.2578	0.2060	-0.0085	-1.8041	-0.1333	-1.8222	-0.2175	-0.0410	-0.3509	-1.7951	-1.5577	0.0991	-0.1425	-1.0396	-0.5493	0.2402	-0.7760	-0.0550
1.6213	-0.3308	0.1356	-0.9922	-0.2492	0.3656	-0.0208	0.1063	-1.0424	0.1837	0.0692	-0.7406	-0.7542	0.4934	-1.0434	0.8448	0.7140	-2.3152	0.4298	-0.2039	-0.0556	0.2864	-0.7589	-0.7420	-2.3383	-0.5239	-2.7200	0.4706	1.8799	1.7537	0.9990	-1.1285	-0.3368	-1.1723	-1.7605	-1.2276	-0.2519	-0.8186	-0.1280	-0.2913	0.2964	-0.4392	0.2991	-0.6081	-0.7363	-1.0715	-1.6267	-1.8619	-1.0107
2.2771	0.0986	0.2063	-0.1074	1.2213	-0.0978	1.6261	1.0255	0.7121	2.5964	0.8042	0.1869	-1.2157	2.0742	1.3290	-0.3102	-0.7462	-0.9989	1.3284	0.5973	-1.5792	-0.4941	1.0544	0.8683	-0.7083	0.2644	-1.1036	1.0332	1.3244	-0.1993	1.9241	0.2436	-0.3432	-0.4394	-1.6948	0.1505	-0.5163	0.3066	0.9697	0.7342	-1.0649	-1.1982	0.9007	0.8547	-2.2044	0.0734	2.3101	-0.6075	1.0576
0.0572	-0.2490	-1.2941	1.3172	0.4000	1.7279	-0.7749	0.1812	-0.0289	0.5419	-1.6945	-0.7486	0.4344	2.0823	-0.1125	1.2782	0.7041	-0.2460	1.4372	-0.4107	0.7999	1.2307	-0.2496	0.8238	0.4655	0.8547	0.6182	1.1337	0.4572	1.8057	0.7337	0.3585	-0.8398	-1.5962	-0.6524	2.3124	-1.1147	-0.7261	-0.3703	-0.3526	0.8807	-1.6636	0.1347	1.4752	0.0503	0.2416	0.2742	-0.0386	-1.0522
0.2789	0.1846	-0.3570	-0.1432	-0.6266	-0.0646	1.7342	-0.0013	1.0660	0.7598	0.8148	1.2564	-1.0204	1.0998	0.7485	-0.6479	0.1519	1.7630	0.1757	0.0756	-0.8608	-0.9904	0.8635	-0.0842	1.0938	-0.3397	0.8649	1.5687	-0.5051	0.4375	1.2660	-0.2014	0.3537	0.2437	-0.7009	2.2315	0.2300	0.4242	1.5048	1.3857	-0.7187	-1.8603	1.7737	-0.2739	-1.2532	-0.4031	1.7316	0.4406	0.5628
-0.1874	-0.7634	-1.2564	-0.4748	-1.0237	0.5396	0.5527	-0.0813	-1.0625	-0.5987	-0.3024	-0.1858	-0.3756	0.0515	-0.0955	0.2231	0.2150	1.2546	-1.4507	-1.3044	-0.5238	1.0701	1.1450	-0.7714	0.8094	-0.0078	-0.1146	-0.5500	-0.7042	1.4040	0.0546	0.5251	0.2877	-1.6748	-1.4035	1.2421	0.1517	-0.7052	0.7185	0.0339	1.3075	0.2888	0.3539	-1.1478	-0.0764	-0.7085	0.1052	-0.3524	-1.8481
-0.5887	-0.8336	-0.9173	-0.4846	-0.8479	-0.0848	1.0709	0.1370	-0.5690	0.1177	-1.0002	0.2546	-0.3766	-0.6374	0.4191	-0.8082	0.1735	0.9019	-1.2320	-0.7757	-0.9348	-0.0965	1.0885	1.7525	0.8098	-0.7769	0.9896	0.3504	-1.6704	2.0058	-1.3296	0.7615	-1.1157	-0.5809	-1.1295	1.0002	0.7504	1.5391	0.1707	-0.1967	0.1600	0.1064	0.2264	-1.5466	-0.9427	0.1695	0.6532	0.2722	-0.5221
-0.2388	1.1888	-2.1460	-1.0144	-0.9419	0.4503	-0.6900	0.3685	0.3220	0.1462	0.1289	1.3794	-0.4240	-1.0442	0.9276	0.0435	-1.1688	0.0907	-2.4776	0.4414	-1.0168	-0.2059	1.9668	0.1676	0.8145	-1.1216	0.0892	0.0422	-1.4493	1.6493	-1.4716	1.0283	0.9088	0.4027	-0.0781	0.6271	0.5862	0.0020	-0.7434	0.7171	0.1204	-0.6619	0.4613	-0.0622	1.0326	0.6057	0.1894	0.2812	-0.3575
0.2855	-0.8252	-0.0100	0.8894	0.0405	1.2975	0.2365	-0.0930	0.6349	0.2914	-0.0319	-0.2510	-0.2742	0.2924	1.0386	-0.1967	0.1316	-0.1075	1.6914	0.4084	0.2466	0.6612	1.6642	-0.0130	0.6220	0.3445	0.7446	0.7432	-0.2541	1.3955	-0.1779	0.1149	-0.3458	0.6884	0.7351	1.1083	-1.0228	-0.6059	1.4776	3.1681	-0.6664	0.4677	-0.3525	-0.0780	-0.0560	-0.4195	1.2138	1.0421	-0.2269
0.0100	1.3279	-0.7552	0.6258	0.1567	-0.2707	-0.3597	0.2682	0.5557	0.6825	0.5090	0.8644	0.0500	-0.3605	0.8533	1.2838	-1.0315	-0.7437	1.5296	1.6947	0.2310	-0.0329	1.3394	0.6196	-0.1006	-0.7918	0.5068	1.4403	0.4847	1.3055	0.8852	0.3256	1.5179	0.8746	0.9688	1.0291	-0.2235	0.4028	-0.5373	1.5807	-0.1677	-0.2684	0.8696	1.3551	2.3234	-0.8936	-0.0777	0.4543	-0.7131
0.7039	0.6090	-0.5069	1.1694	0.9206	-0.6142	-0.5729	1.0201	-1.0623	0.1607	-1.3887	0.0596	0.3546	-0.4237	-0.2897	-0.3652	-0.5840	-0.6371	0.4702	0.6138	1.8437	1.0529	0.8653	3.0190	-0.5064	1.5077	1.3332	1.0867	0.1969	0.2349	0.4340	-0.3963	-0.5460	0.8609	0.2416	0.2879	1.2395	-1.2696	0.4336	0.6259	-1.3789	0.5577	-1.2659	0.2361	0.0987	-0.0781	1.4429	0.6743	-0.2320
-1.6497	0.8315	1.1084	-1.1118	-0.1905	-1.5979	-0.2264	-1.0553	0.3186	-0.9212	-0.1290	0.7080	-0.6310	-0.9136	0.1567	0.0454	-0.2364	-1.1857	0.2948	0.3000	-0.1428	-1.3410	0.0069	0.4982	-0.1382	-0.8068	0.3797	1.2874	-0.2922	-0.8471	0.3949	1.1760	0.7744	0.1763	0.1166	0.1841	0.2949	0.8725	0.5534	1.1769	0.8649	1.0188	0.5528	0.1456	-0.3719	0.6067	1.3996	1.4271	0.2059
-1.1306	0.1884	0.2224	0.3396	-0.6602	-0.9948	0.3055	-0.9489	-1.0812	-0.6665	0.4682	-0.0866	-0.5426	0.0510	0.3706	0.2559	-0.5379	-1.8060	0.8474	-0.0032	-0.9708	0.2711	-0.4065	-2.2209	-1.3666	0.5521	-0.4239	0.7153	-1.0767	-0.8205	0.5188	0.6019	-1.0165	0.6699	-1.1862	-0.6577	-0.2610	1.1720	1.7662	2.3803	3.7779	0.8913	2.3222	0.7230	-2.1178	1.0907	2.5623	1.4097	-0.3264
-1.2899	0.5253	0.5937	0.0700	-0.2818	-0.7392	-0.8796	-1.4836	0.2958	-1.2344	0.3478	-0.7750	-0.7093	1.3796	0.5128	-0.3953	0.9186	-1.2546	0.9512	0.8614	-0.4571	-0.5921	-0.0333	-1.5482	-0.7381	-0.0603	0.5145	1.3219	0.5707	-1.0757	0.9906	-0.0534	0.2171	0.7185	-1.0709	-0.2024	-0.5162	1.0718	-0.0660	-0.0383	0.4501	0.6297	0.2828	1.3021	-0.4915	0.0779	1.1754	0.6645	-0.2535
-0.3761	0.2870	-0.1477	1.1022	0.8268	-0.9530	-0.2586	-2.1922	-0.2326	0.0486	1.6755	-0.6462	-0.2561	1.4787	0.4162	-1.5646	0.1838	-0.5601	0.5325	-0.2389	0.5921	1.3439	-0.0372	-0.8036	-1.8458	0.2980	-0.3678	0.2694	0.4633	-1.7738	0.8087	0.9360	0.7522	0.7714	-0.7755	-0.8516	-0.3971	-0.6760	0.3539	-0.0036	0.9019	-1.3006	0.3824	1.4162	-0.8032	0.2013	-0.0479	1.0924	-0.4362
-0.4807	1.0782	0.4554	-1.0950	1.4491	-0.9273	0.7088	-2.3962	0.7388	0.3568	0.7101	0.0032	-0.8295	0.6854	0.9597	-2.0682	0.3150	0.1556	0.3424	0.6837	0.2979	0.0593	1.3588	0.6619	-0.8304	0.9542	0.7732	0.9140	0.3178	-0.5755	-0.3835	1.1904	1.8500	0.5436	-0.3408	0.1079	0.1115	-0.5230	-0.2978	-0.4209	-1.3606	-0.9963	-0.3745	1.0647	-0.1497	1.1363	0.3801	1.6299	1.7786
-0.0385	1.5668	-0.6365	-0.8698	-0.6086	-0.3516	0.0717	-1.4546	-1.3359	1.5911	2.2552	-1.0008	-0.7227	-0.0120	-0.6654	-1.4722	0.0256	-0.1127	0.6558	1.2951	1.4136	1.8369	-0.7398	1.6588	-0.6116	0.9656	-1.0360	0.1316	0.5031	-1.2408	-0.6917	-1.1225	-0.1519	-0.3440	-0.2333	-0.7459	2.9063	0.6348	0.1729	0.2072	0.4798	-0.3945	0.8988	0.1430	-0.6553	0.5411	-0.0222	1.0347	1.3973
-0.2792	0.1267	1.1514	-1.1329	0.3827	-0.2073	1.2213	-0.6889	0.6474	1.1462	0.1878	0.4883	0.2778	-0.3846	0.3006	-0.1109	-0.5239	0.1220	-0.6820	1.3048	-0.7642	-0.3024	1.2538	0.6717	0.2476	1.1185	0.5255	0.9153	-0.1769	0.4023	-1.2160	0.4905	-0.6540	-1.0640	-0.3084	0.8000	-0.1534	0.2678	-0.6403	-0.1405	0.7150	-0.3056	0.6940	-0.0854	0.6256	0.9034	0.4094	0.4345	1.7828
0.2998	0.3412	-0.6275	-0.1472	-0.9000	-1.5440	0.9185	2.1843	-1.6206	0.7265	1.6900	-0.1857	-0.6333	-0.7423	0.1697	-1.2664	-0.0664	0.3768	-0.4211	1.0582	1.0333	1.0082	-0.9045	0.3420	-0.1819	0.6699	-0.6836	-0.8186	0.0096	-1.6013	-0.7601	-1.7634	-0.5106	0.4309	0.0012	-0.1394	1.4553	0.9681	-0.5722	0.0060	1.8026	1.0225	0.3707	-0.5114	0.1019	-0.5219	-1.1708	-0.6483	0.6916
-0.6130	-0.9445	-0.8943	0.2050	-0.6558	0.6728	0.2051	-0.0360	0.6395	-1.5786	0.1755	0.2872	0.6247	-0.8538	0.4238	0.7720	0.8893	1.1637	-0.9153	-1.1882	-0.7516	-0.7828	0.8910	-2.1201	0.9286	0.0770	-0.2183	-0.9187	0.0572	-0.2817	-0.6055	0.2439	-0.3155	-0.8576	0.8405	-1.3544	-0.3316	0.9968	-0.6434	-0.7540	1.4937	1.6104	-1.2952	0.0636	-0.1446	0.3619	-0.8557	-0.7960	-0.7701
1.4633	0.7781	-1.3241	-0.0129	-0.1109	0.0878	-0.0974	1.8034	1.1264	-0.0472	1.9321	2.5460	0.0557	-1.1798	1.7408	1.4987	-0.4544	1.6922	-0.8784	0.4631	-0.4807	0.0521	0.2085	-1.9661	0.7321	-1.0593	-1.1134	-0.9987	-0.1528	-1.1335	0.4003	0.6038	-0.2006	1.1820	1.3368	-1.4085	-0.1200	0.4387	-0.6140	0.6406	-0.6913	1.0071	-0.9146	0.5784	0.8074	0.1153	-0.6265	-0.7877	0.0536
1.9704	-0.7625	-0.7733	0.1194	0.2465	-0.6847	-0.4463	1.4943	0.3615	-0.5584	-0.9102	0.5313	-0.0558	-0.8759	0.5016	0.3803	0.5555	1.2754	-0.1261	0.1154	1.4236	0.6870	-0.3029	-0.2638	0.0574	1.6996	0.2652	-0.3226	0.4645	-1.7035	0.1546	-0.6086	-1.5973	0.4177	0.2956	-0.4096	0.4814	-0.2925	-0.4588	-0.5290	-1.3617	1.0408	-1.5052	-0.0202	0.2266	0.2771	-0.5695	-1.4935	-0.0445
0.3351	0.7106	0.2670	-0.3118	-0.0101	-1.0042	-0.0169	2.3162	0.5573	-1.0223	0.7390	0.6399	-0.4277	0.7191	1.3322	-0.5006	0.8786	1.9586	1.6002	0.8431	1.0105	-0.5244	-0.5338	-1.0049	1.1778	-0.5358	0.3802	-0.3935	1.0170	-1.3603	0.0385	0.9854	0.2680	0.2259	1.1749	0.4103	-0.2110	2.1166	0.1655	-0.2750	0.2826	0.7820	0.1983	0.0693	-0.0038	0.2772	-0.4437	0.4231	0.3496
0.5983	-1.3028	-1.1146	1.0190	0.1151	0.4319	-0.6316	0.5856	0.2037	-1.4912	-1.3243	-0.5156	0.1486	0.6016	0.3398	0.3430	-0.0228	0.4933	0.7234	-0.4019	1.5136	0.7727	-0.1121	0.2163	1.5197	1.0900	0.4084	-1.1934	-0.2159	-0.5193	-1.6328	0.9312	-0.2984	-1.5356	0.6868	-0.1197	-0.5275	-1.7060	-0.2025	0.1233	0.2389	-0.3423	-2.1976	0.7841	-0.5138	0.8926	-0.1747	0.2091	-0.7005
1.0261	1.2622	-0.3039	0.0124	2.3950	1.8954	-0.0911	0.8419	0.6640	-0.6596	0.9075	1.7961	1.1075	0.6016	1.2508	0.8845	-0.1818	2.3947	-0.2981	0.8867	0.6533	-0.4993	0.8266	0.3463	1.5489	-0.3621	-0.1696	-0.1944	0.9722	0.8359	-1.2610	1.0026	1.2997	-0.0538	1.2750	-1.3444	-0.8155	1.4372	0.0104	-0.1568	0.1393	0.4544	-0.0272	1.1039	-0.8991	1.0937	-0.0041	1.0754	0.8760
1.9531	-0.7581	-0.1397	1.9032	2.3426	1.8142	-0.4037	-0.0586	0.5409	-0.4664	-1.3817	1.1032	2.1471	0.5051	0.6751	0.5579	0.4379	2.1728	0.6063	-0.7359	1.7348	0.7977	-0.7075	1.3521	1.1015	1.8582	0.8951	-0.5643	1.4242	0.5121	-1.3790	-0.9653	0.0703	-0.1371	1.2265	-0.6504	0.3638	-0.8969	-0.3656	0.1890	-1.2934	-0.5568	-2.0020	1.5172	-0.4131	0.4708	-0.2448	-0.2620	0.0980
2.5864	1.1023	0.8522	0.4891	-0.0588	-0.9777	1.0104	1.3524	1.4608	-0.0666	2.0742	2.9165	0.0859	1.3622	1.3033	-0.4241	0.2358	3.0836	1.2408	0.7023	-0.4045	-0.6907	-1.5673	-0.2458	0.9726	-1.3107	-0.5482	-0.5041	1.9826	-1.1922	0.2492	-0.8444	0.7848	1.3772	2.7489	-0.0588	0.3056	1.1059	0.1729	2.1211	0.2010	-2.3253	1.0584	1.3875	-0.8033	0.5291	0.8337	-0.0250	2.6778
2.8345	-1.5869	-0.5833	1.0283	-1.2022	-1.2092	-0.4724	0.3646	0.3532	-2.3774	-0.6600	0.6041	-0.0573	1.6216	-1.0559	-0.1512	0.5872	0.0011	1.0560	-1.0626	0.9392	-0.4551	-1.3474	-1.3562	-0.6488	-1.0828	-0.9216	-1.5571	2.4082	-1.2428	0.0372	-1.6048	-0.3411	-0.4442	1.8801	-1.5129	0.8798	-2.0082	0.2909	0.4480	-0.3120	-1.5998	-1.3336	0.4345	-0.7857	0.6061	-0.5773	-0.9170	-0.4024
1.3226	-0.1224	1.5037	-0.6877	-0.0382	-1.7997	-0.7731	0.1893	0.9741	-1.1780	-0.3405	1.0891	-0.1328	2.1957	-0.6180	-0.7059	0.8615	-0.9344	2.4453	-0.7113	-0.1380	-0.9561	-0.9607	-1.2957	-0.0938	-1.0653	-0.5862	0.0948	2.8440	-0.9711	0.5887	-1.2055	-1.1805	-0.0142	2.0071	-0.5382	-1.2057	-0.0770	-0.6527	-1.5681	-1.5088	-0.0876	-0.7088	0.6150	1.6508	0.4676	0.1086	-0.5275	0.9096
0.2609	-0.4391	0.1525	2.0027	-0.3270	-0.0562	-0.4069	-0.6139	-0.3339	-1.0612	-1.4355	-0.5173	1.5826	0.9673	-0.3314	0.6152	-0.2166	-1.9448	1.2667	-1.5681	1.4405	0.5401	-1.5002	-0.6612	-0.4664	-0.2112	-0.2401	0.3094	1.1261	0.0463	0.1977	-0.2255	-0.9573	-0.4001	-0.2904	-0.5276	-0.2321	-0.8258	-0.2627	-1.1987	0.5341	-0.2033	-0.4342	-0.2021	0.1992	-0.2700	-0.9980	-0.5276	-0.6123
-0.6166	0.0964	1.1432	0.5755	1.3613	0.1790	-0.2905	-0.5248	-0.5504	-0.7739	-0.4902	-0.3211	1.3092	-0.4118	-0.3121	0.9400	0.4777	0.3974	0.9148	-1.2911	-0.7652	0.4841	0.4127	1.0906	0.1346	-0.2993	0.9599	0.4891	-0.5496	1.2139	-0.4202	0.8221	0.1572	-0.7141	-0.4172	0.9665	0.1907	1.2047	-0.8451	-0.4545	0.9498	-0.2658	-0.4168	-0.1895	-0.0532	-0.6494	-0.7566	-0.2837	-1.2310
0.1496	1.8637	-0.1749	-0.9162	-0.2737	-0.8523	-1.1346	-1.1486	-1.1679	0.9432	0.5368	-1.5425	-0.5334	-1.7707	-1.0923	-0.1156	-1.5199	-0.4019	-1.6497	1.0343	-0.9737	0.4586	-0.0376	1.1424	-0.3376	-0.2877	0.4225	0.0871	-1.7849	0.1950	-0.8083	0.0774	1.0764	-0.3968	-1.5728	0.4536	1.5775	-1.4702	-1.2028	-0.8080	0.1291	-0.8489	-0.2346	-0.2445	-0.2478	-0.5897	-0.7557	-0.3411	-0.2733
0.0595	1.2693	0.2020	-1.3517	-2.0268	0.0357	-0.0486	-2.3207	0.4559	-0.1361	-0.0938	-1.6666	-0.5681	-1.4170	-0.3740	-0.7909	0.1308	1.6231	-2.4096	-0.2886	-0.1328	0.5111	0.3607	-0.6029	1.4242	1.1427	1.5951	-0.0276	-0.9457	0.8047	-1.5188	-0.4924	-0.5806	-1.0709	-0.4007	0.4500	0.7815	-1.5960	-1.2551	-0.6517	-0.6826	2.0049	-0.9369	0.1783	1.0920	-0.4859	-0.3276	0.9948	0.6577
0.1663	1.2987	-1.6747	-0.4887	-2.7176	0.6401	1.1325	-1.3813	1.4706	1.1803	-0.2094	-0.6025	0.1327	-2.5135	0.6309	-0.4382	-1.8944	0.8949	-1.6387	-0.6993	-1.4878	-0.9748	0.0956	-0.6029	1.2309	-1.4629	-0.3511	0.2304	-1.0899	0.4154	-0.6964	1.0786	-0.5167	0.6201	-0.9464	-1.1077	0.9000	1.5996	-0.6667	0.4484	0.5644	1.5810	1.3505	0.1637	-1.2369	0.0689	0.6822	0.8367	1.3634
0.2148	-0.6796	-1.1708	-0.0927	-0.5032	1.4429	-0.3831	-0.2741	0.6072	0.2015	-2.0207	-1.5938	0.6544	-2.0010	-0.7472	1.9529	-0.9536	0.1540	-1.7304	-1.8441	-0.9859	0.3927	0.9091	-0.0215	1.1770	0.8128	-1.2479	-0.7512	-1.7773	1.8769	-1.0934	1.3073	-0.9976	-1.4555	-0.6903	-0.6840	0.0784	-1.4193	-1.2661	-0.5527	-0.1498	0.3141	-1.7430	0.3948	-0.3045	1.0780	0.8209	-0.1341	-0.0322
0.3150	-0.4682	1.0942	-1.6485	-0.3620	-0.7858	2.5174	0.4444	-0.0200	1.0173	0.7982	-0.0812	-0.4193	-0.0961	0.1432	-0.6081	-0.5088	0.4011	-0.2327	0.5257	-1.2620	-0.5784	1.1275	-0.0340	1.6878	0.8204	-1.3058	1.1223	-1.3504	0.9865	-0.3387	-0.3775	-1.1557	0.6931	-0.2561	0.5376	-0.6659	0.1651	1.6968	0.6217	-0.6203	-0.2784	0.6195	-0.5072	-1.8073	0.1499	1.4624	0.3797	1.4505
-0.0850	1.1051	-0.7305	-2.0635	-1.8266	-1.3063	-0.3659	0.3341	-1.0529	0.8475	1.0297	-1.1786	0.2238	-0.6370	-1.0487	-0.0666	-1.6768	-1.3765	-0.6160	1.5435	0.3585	0.2945	0.0134	0.5202	1.1020	-0.8635	-0.0366	-0.2257	-1.1344	-0.6028	-0.8048	-0.4389	1.0551	0.8082	0.6901	1.0861	-0.0449	-0.0723	-0.3348	-0.2316	1.7798	-0.6498	0.9682	0.5942	1.2819	-1.3614	-1.1056	-0.6345	-0.7836
-0.7079	-0.1688	-0.4303	-0.0285	0.0624	0.4095	1.4054	-0.8258	-0.6599	1.4213	0.1625	-2.0483	0.5450	-1.0164	-0.1717	-0.3626	-1.6297	-0.3932	0.1964	0.5923	0.9903	0.2714	0.6443	0.5765	1.0179	0.9012	0.5331	0.3025	-1.0678	0.0689	-1.2696	-1.1129	-1.4222	0.7403	0.6411	1.3850	0.2266	0.3623	0.6315	0.7794	-0.5871	-0.5617	1.1567	-1.0243	-0.2130	-1.0960	0.9090	0.3015	0.5543
-2.3987	1.4607	-0.7139	-1.0181	0.2200	0.3863	1.6322	-0.8097	-0.0973	0.1987	0.1947	-0.7915	-1.0506	-1.5373	0.8638	0.1880	-1.3656	0.4155	-0.3478	1.1545	-0.2800	-0.4422	0.6649	-0.0460	0.8573	-0.8750	-0.2354	0.4293	0.1639	0.6781	-0.7089	0.3036	1.0043	-0.4178	0.7146	0.4312	0.0914	1.3089	-0.1240	-0.6972	0.1636	0.3838	1.2004	-0.2138	0.4903	-0.1526	0.2062	1.2544	0.7148
-2.1999	-0.4143	-1.2555	0.2719	-0.5156	0.8477	0.0050	-0.6676	-0.6422	0.8995	-0.3366	-1.4484	-0.9694	-0.7918	-0.7587	0.1637	-1.0237	-0.8354	-1.0632	-1.2724	-0.0023	1.0315	0.7844	-0.5086	-0.3503	-0.7102	-0.5272	0.0063	-1.4125	0.7233	-2.1492	0.5921	0.4906	-1.4067	-0.3199	0.0557	-0.3166	-0.1282	1.5055	-0.4479	1.4129	-0.7355	0.8468	-0.6985	-0.6463	0.1354	0.1500	1.6044	-0.6818
-1.3512	-0.4416	0.3452	-1.1340	-0.6076	1.0844	0.7879	-1.2561	0.0154	0.9735	-0.8399	-1.0009	-1.4716	-0.5540	-1.2063	0.0873	0.2238	0.5232	-1.0678	0.6346	-1.0516	0.2238	0.9632	1.8722	1.8591	0.9305	0.8817	0.9853	-0.7627	1.4609	-2.5613	0.3638	0.0926	-0.8122	0.5601	1.5432	-0.1884	-0.1318	0.7462	-1.0433	-0.8838	-0.1552	-0.1751	-0.8897	0.8240	-0.3206	0.0015	0.8089	0.5227
-0.7113	0.3539	0.1805	-0.5492	-1.9664	-1.3771	0.8678	0.3027	-1.0801	-0.0035	1.0459	-1.3301	-1.7893	0.5839	-1.2929	-1.4291	-0.0612	-0.6968	0.1201	2.4723	-1.8440	0.3925	-0.7576	0.7716	0.7512	-0.3460	0.7279	1.2837	-0.9059	-0.3338	-1.0848	-1.1851	-0.0385	0.7009	1.2689	2.3657	0.6058	-0.0473	2.8684	0.2170	0.0622	0.9878	1.2198	-0.4544	-0.4082	-0.9130	-0.3657	1.1647	0.1033
-1.1656	-0.2428	0.9093	0.5794	0.2784	1.2998	-0.4584	-0.3573	1.5184	-1.3322	-1.1916	0.2056	0.2645	-0.2285	0.1655	0.0396	0.8535	1.2911	0.3335	-0.7534	1.1455	0.0698	1.7028	-0.9483	2.4927	1.5781	0.9581	0.4930	0.6669	1.1866	-1.0292	0.4996	0.2569	-0.7492	1.9171	1.7292	-0.3551	0.2947	0.2149	0.7485	0.6652	1.4527	-1.1986	0.9819	0.6465	0.2548	-0.8151	0.3478	-0.9155
0.2296	0.6083	-0.6653	1.7041	0.5695	1.0663	-0.6495	1.3912	1.0753	0.7506	-0.1848	0.3739	-0.1679	-1.0797	0.0512	-0.2752	-1.2560	-0.0645	0.1450	0.1691	0.7215	-0.1210	0.2403	1.3521	1.0368	-0.1360	0.3817	0.3243	0.1259	-0.2726	-0.5880	-0.4227	1.2899	1.3971	1.1145	0.4535	1.3628	-0.2029	-0.0395	0.3153	-0.2755	-0.5022	0.4276	0.6887	0.1591	-0.1427	0.1729	-0.6682	-0.0753
0.2440	-1.5886	0.0559	0.3699	0.7649	1.5750	-2.1626	0.3354	-0.1837	0.2633	-1.7336	-1.0150	0.4616	-0.3991	-1.3764	-0.4463	0.2195	0.2496	-0.4461	0.0876	1.0738	1.3559	-0.1053	2.5121	-0.0342	0.9701	0.5794	-0.6872	0.5909	0.6175	-0.3616	-1.1621	-0.4705	-0.4020	0.9305	0.4058	0.8766	-0.8382	-1.1358	-0.7810	-0.4437	0.5698	-0.3840	-0.4036	0.8826	-1.4267	-0.6579	-1.2378	-1.4600
-0.9109	-0.3932	1.0544	-0.4339	0.1274	-0.7993	-0.6070	-0.6438	0.8006	1.0475	0.1977	-0.1535	-0.2444	0.4116	0.0305	-1.5430	-0.0256	0.5414	-0.0897	-0.1710	-0.0980	-1.0518	-0.9067	0.8909	-1.3940	-1.4602	-0.1000	0.1004	0.7164	-0.8431	1.6416	-0.2160	-0.4417	1.4176	-0.5852	-0.0480	-1.0676	0.9240	-1.0565	-0.5677	-0.4456	-0.2200	1.8261	-0.0917	0.8105	-0.4480	-0.7061	-1.2690	-0.4757
1.0912	-0.1484	0.6868	-0.7914	-0.5308	-0.4332	-1.4318	-1.0385	-1.3341	0.4659	1.2227	-1.9932	-0.7504	1.8560	-1.8299	-0.8308	1.3197	-0.8544	0.5764	0.1523	-0.0639	0.9759	-1.5480	0.0184	-2.7767	-0.6215	-0.7984	-0.9470	0.2670	-0.6829	1.9441	-1.3450	-0.9378	0.7594	-1.0599	-0.3516	0.7099	0.4809	-0.4088	-0.5193	0.0450	0.6320	0.5283	-0.5467	0.0425	-1.1211	-0.3098	-1.3089	-0.4514
0.6085	-0.7033	0.3304	0.8375	-0.1407	-0.0338	-1.0318	-0.9424	-0.0800	-1.2139	0.8618	-0.3522	0.2243	2.0673	-0.4989	-0.3543	1.1491	-1.9374	0.4514	-0.9095	-1.2436	-0.7771	-0.1717	-1.4539	-3.1047	-1.2604	1.0493	0.3405	-1.1842	0.4302	2.6365	0.0947	-0.1787	0.2504	-2.4031	-0.1059	-0.5425	0.0798	-0.1102	0.6248	0.2911	-0.9752	0.1708	-0.3737	-0.7989	-1.1352	0.8370	-1.0202	-0.7499
0.5854	0.1366	-0.0251	-0.0882	0.0758	0.1460	0.7282	-0.8406	-0.0079	0.9969	0.1912	1.1383	-0.1565	0.6731	0.8097	-0.3110	0.0011	-1.1851	-0.1476	-0.3238	-1.8095	-1.5828	-0.1314	-0.8869	-1.6310	-1.5327	-0.9184	0.3200	-1.0797	0.2626	2.0180	1.6616	-0.0785	-0.8881	-2.7971	-0.1830	-0.6098	0.8032	-0.6381	-0.2765	-0.4592	-0.7270	1.2062	-0.5463	-0.8936	-0.6989	-1.0589	-0.9521	0.4110
-0.0496	-1.4454	0.4188	0.5940	0.3275	-0.1101	1.4534	-0.5358	-1.8543	-0.1359	0.0835	-0.0426	-0.1143	-0.3746	-0.6584	-0.8972	0.2829	-0.9154	-0.7628	-2.0762	0.1224	0.3510	0.2596	-1.1344	-1.1880	0.5148	-1.8215	-0.5736	-2.1092	-1.0123	0.3779	0.4183	-0.8979	-1.7591	-2.1549	0.0838	-0.0823	0.0032	0.0677	-0.7955	0.1668	-1.2119	0.5875	-1.6150	-0.5936	0.6741	-1.6495	-0.3480	-1.3495
-1.1320	-1.9326	1.0653	-1.6833	0.4729	-0.1874	0.3647	-0.4809	-0.5910	0.4061	-0.9377	-0.1523	-0.2719	-1.3422	-0.8593	0.3201	0.1642	-0.6154	-2.0272	-0.1219	-0.8049	-1.3869	0.9751	0.7146	0.8243	0.5489	-0.3504	1.4966	-1.6440	0.6464	-0.8335	-0.1623	0.1846	-1.0554	-1.0872	1.9976	-0.9575	0.3243	-0.5793	-0.3246	-1.1633	-1.7166	1.0370	-2.4427	1.8602	-0.3238	-0.6674	-1.7968	-1.7299
-0.2140	0.4831	-0.0907	-1.0880	0.4569	-0.8277	-0.4317	0.7259	-1.5615	0.4180	1.2073	0.3608	-0.3571	-1.8203	-0.1139	0.4303	-0.7272	-0.0636	-1.3446	1.8711	1.3688	0.9091	-0.9373	0.4445	0.7777	0.4093	-0.6903	-0.0442	-1.3041	-1.3568	-0.7804	-0.2816	0.7636	0.8469	-0.0571	0.5184	-0.9730	-0.3538	-0.0406	-0.8051	-0.4959	-0.2594	1.0052	-0.5588	0.7653	-0.5609	0.2651	-1.1709	-1.1735
-0.6936	-1.4143	-0.0818	-0.1145	0.2784	1.5103	0.1380	-0.4009	0.2401	0.2995	-0.3815	-0.0479	0.5934	-0.7440	-0.4566	1.1460	0.4152	0.7765	-0.2130	0.0257	1.2039	0.6467	-0.2670	-0.0620	1.2671	1.9842	0.1906	-0.9823	0.8604	0.6197	-0.0288	-1.0414	0.2559	0.0664	0.7620	-0.2718	-1.0197	-1.3100	0.2859	-0.6089	-1.0455	1.1501	-1.2919	-0.2186	0.9044	-0.2919	0.1730	-0.0118	-0.3210
-0.9110	0.6404	-0.3968	0.2896	0.2781	2.2614	0.8119	0.5131	1.4947	1.5634	0.3058	1.6816	0.6077	0.8419	0.4984	0.4250	0.2962	2.3210	1.3285	1.5344	-0.3979	-1.2425	-0.5577	0.1897	1.0653	-0.5923	0.1871	-1.0863	1.6724	0.3284	1.3412	0.2391	1.7988	0.9496	0.8716	-0.9021	-0.5944	2.0084	1.2446	0.3068	0.2840	0.8303	0.6506	-0.0295	0.1745	0.3269	0.2692	1.2998	1.2661
-0.8629	-1.2102	-1.2641	1.7638	0.1730	1.0155	-0.8533	0.8380	1.2472	-0.1039	-1.8794	-0.2599	1.2393	1.0137	-0.9733	0.3945	0.7773	0.1198	1.2950	-0.2672	1.3889	-0.1102	-1.3242	-0.1299	-0.2445	0.3310	0.2240	-1.4011	0.9793	-0.1611	0.6410	-0.2875	0.8850	-0.6513	0.8334	-1.2159	0.2047	-1.3012	1.3111	0.0004	0.6758	0.3638	-1.3410	0.1478	0.5907	0.8844	-0.9527	1.0908	-0.6678
-0.5708	0.2967	0.3682	-0.2271	0.9131	-0.8302	0.2503	0.7669	1.4976	0.2553	0.0231	0.9521	0.2818	1.4700	-0.3205	-0.1973	1.1225	1.2247	1.2447	0.8689	0.9986	-0.7848	-1.2253	-0.3390	0.0610	-0.6714	1.0240	-0.4901	2.8025	-0.9480	1.1952	-0.3519	0.6398	0.6585	1.8047	-0.4409	-0.6652	-0.5626	0.3185	-0.7725	-0.8632	0.9618	-0.3688	-0.0175	1.9481	-0.0557	-0.5183	1.1405	1.1912
0.4544	-1.0061	-0.9877	1.2449	-0.1420	0.8330	-0.5577	-0.7064	0.0014	-0.9142	0.1674	0.1917	0.3917	1.4006	-1.0434	-0.4625	0.4680	-0.5224	1.5090	0.1226	1.6478	0.7735	-2.0825	-0.0042	-1.1651	-0.5240	-0.2411	-0.7719	1.3154	-0.9563	1.0744	-0.6791	0.0559	1.2333	0.4420	-1.1644	1.2195	-0.7129	-0.1570	0.1151	0.3633	0.0224	-0.3625	-0.9534	0.3113	-0.5777	-0.8945	0.5223	-0.7889
-0.0667	-1.1235	0.5214	0.1128	0.5231	0.8193	-1.6322	0.1575	0.8959	-2.3051	-0.9673	1.2218	0.0830	1.5547	-0.4130	0.9119	1.7285	0.1190	1.2685	-0.9566	-0.9576	-0.3586	-0.0336	-1.3800	-0.6357	-0.6944	0.6310	0.2901	0.5303	0.4248	1.5715	0.4806	0.2103	-0.4948	0.3126	0.3165	-0.8658	0.2536	-0.5054	0.0301	0.5968	0.1980	-0.6369	0.1194	0.9189	0.4403	-0.3768	-0.0308	-1.2820
0.9285	0.3841	-0.5811	-1.3670	-0.0825	0.4667	-0.9462	0.2802	-0.1243	0.6198	0.5789	0.4705	-0.8746	1.0707	0.1284	0.7801	0.0850	-2.8012	-0.3528	0.2896	-0.3713	-0.7800	-0.6376	0.1053	-1.9388	-1.1594	0.2809	-0.5523	-0.3400	0.1003	1.4457	0.0266	1.1364	0.2225	-0.7595	-0.0186	1.1688	-0.5466	-0.0751	1.1271	-0.6704	-0.7882	0.3190	0.7985	0.7865	-0.5056	-0.1731	-1.1270	-1.2244
0.6197	-0.5030	0.5078	-0.8301	1.4972	0.4332	0.7981	1.5050	-1.3484	0.5096	-0.4455	0.1807	-0.5083	1.2014	0.4396	-0.2661	1.7820	-1.1830	-0.1606	0.5185	0.9295	1.1241	-0.5126	1.4944	-1.7726	3.0372	1.4844	-0.6965	-0.5514	-0.0685	0.6119	-1.0403	-1.0658	-0.2584	-0.6839	0.3230	0.9715	-0.3090	0.8708	1.0008	-1.8006	-0.6345	-0.9481	-0.1169	-0.6432	-0.4073	0.2945	-1.3250	0.1336
-0.7161	0.4273	-0.1531	-1.3491	1.5346	1.0463	0.7545	0.2952	0.8756	-0.1066	-0.1521	0.9482	-1.2228	1.2382	1.2950	-0.6583	0.3076	-1.6688	0.3123	1.0482	-0.1938	-1.5927	0.5372	0.9621	-0.3967	0.9173	-0.0035	0.2487	0.0647	0.9095	1.6729	0.8320	0.4280	0.2644	-0.5741	0.4459	0.4647	1.2273	0.3189	1.6596	-0.0146	-0.5242	0.9709	-0.1352	-1.0265	0.4509	0.0455	-0.9272	1.0140
-0.6925	-0.4524	-0.3523	1.0204	1.2364	0.1177	-1.3938	1.4615	0.4837	0.0920	-1.1799	0.6882	-0.6786	0.5530	0.7846	-1.4957	0.4910	-0.6389	0.5759	-1.4850	0.8421	0.3693	0.2078	1.1740	-1.4740	1.2631	0.2541	-1.5120	0.0696	0.4472	1.4728	1.6793	0.0545	-0.3530	0.4884	-0.2442	-1.0869	-0.4134	0.1107	1.9977	-0.0240	0.4684	-1.5317	1.5873	-0.4991	1.6523	1.1620	0.6431	-0.4617
-0.4251	0.7307	0.4239	1.1384	1.2774	-0.8792	-0.0740	0.4029	0.7720	-0.9650	0.1093	1.3327	-1.7021	-0.1747	0.7657	-1.4810	-0.8599	-0.4953	0.6193	-0.1674	-0.3639	-1.6963	0.1032	-0.7352	-1.0981	-0.2279	0.8352	-0.2053	1.8447	-0.4922	1.6989	0.1139	0.6927	1.9258	0.5998	-0.9427	-0.1743	-0.0415	0.1707	1.4131	0.0875	0.1461	1.2503	1.1820	-0.6882	1.3273	1.9684	0.8050	1.1852
-0.1534	-0.9340	-0.3671	1.8753	0.2647	-1.5171	0.1741	0.4698	-0.5135	1.4279	0.1752	0.7039	0.1056	0.2977	0.1795	-0.8863	-1.5299	-0.1317	1.8662	-1.6308	0.0623	0.6352	0.0680	-0.6318	-0.7469	-0.2224	-0.5260	-1.1134	0.7848	-1.0144	1.1591	-0.5065	-0.0001	1.0772	0.5463	-2.2403	0.1362	-0.2460	0.8018	0.4553	0.7793	-0.0230	1.2785	0.1816	-1.1563	0.1577	-0.0642	1.5464	-0.3515
-0.8963	0.4059	1.0008	-0.5648	0.4108	-2.7884	0.7075	0.8112	0.3691	0.5523	0.1966	0.7672	-0.0480	0.0684	0.6766	-0.7525	-1.0234	0.4217	1.2997	0.4756	-0.4926	-0.9875	1.1291	0.1505	-1.4671	0.0125	-0.3654	-0.2866	1.4904	-0.5814	0.5929	-0.0664	1.4117	1.3736	-0.2978	-2.0720	0.2910	0.1533	-1.1444	-0.1611	-0.2510	-0.2060	0.5212	-0.0404	0.0266	0.3881	-0.3930	1.1564	1.2304
0.7195	0.3120	0.3826	0.0089	-1.2042	-0.4965	-1.2784	1.0176	-1.7599	0.0367	0.6905	-2.1104	1.5581	0.2098	-1.8621	1.2663	-0.1432	-0.4043	0.6650	0.5613	-0.5784	1.3321	-0.8886	0.6476	-1.5809	-1.3179	-0.2842	-1.3609	1.3203	0.4637	-0.4849	-2.0172	-0.4437	0.7940	0.7266	-1.0428	1.4008	0.0355	-1.3394	-2.0609	0.8949	0.0847	-0.4656	-0.9512	1.1560	-0.8233	-0.9965	-0.6068	-0.7859
-0.2908	-1.1850	0.8153	0.8938	-1.5759	-0.5088	-0.8846	-1.0918	0.6440	-2.5980	-0.5178	-1.5920	1.0299	0.2006	-0.5186	0.1251	0.5100	-0.9619	-0.1375	-0.9108	0.2392	-0.7265	0.4902	-0.9242	-1.3013	-1.4494	1.9228	-0.0030	1.0528	0.1423	-0.4305	-0.5185	-0.8267	-0.6201	-0.7442	-0.4351	0.1989	-0.8773	0.1469	-1.7211	0.1533	0.3520	-1.3505	-1.2466	-0.1830	0.5542	0.3088	0.9324	0.2436
0.4087	0.4225	-0.9829	0.1756	-1.7196	0.0587	-0.5891	0.3681	0.3537	0.5173	0.9658	0.5762	-0.1286	-1.7381	1.1791	1.1892	-1.7673	-0.8663	-1.2560	0.5050	-0.5738	-0.6962	1.2900	-0.5054	-0.7762	-1.2880	-0.9380	-0.6691	0.1942	0.2046	0.1456	0.4502	0.1102	-0.0626	-1.6402	-1.8298	0.0813	0.0278	-1.1555	0.3583	-0.4898	-0.2131	-0.1710	0.1087	-0.2985	-0.4875	0.7753	0.7302	0.7527
1.5940	0.2234	0.1017	0.3650	-0.1704	-1.3288	0.3736	2.0050	-1.1338	0.5057	-0.5604	0.5078	0.6183	-1.2316	0.9138	0.6519	-0.8487	-0.2466	-0.2783	0.0232	-1.3762	1.5683	2.0949	0.9130	-1.0609	1.6418	-0.8303	-1.4004	-1.2794	-1.4142	-0.4749	1.4815	-1.8893	0.0902	-0.9555	-1.5823	-0.1443	-0.2443	-0.7776	0.4637	-0.8105	0.8459	-2.4972	0.6667	-1.0001	1.2686	3.1383	0.1301	0.4482
-0.8302	0.2942	2.1067	-0.6877	-0.1010	-2.7986	0.5969	-0.1213	0.1738	-1.8419	-0.0315	0.4304	-0.1899	-0.8661	0.7230	0.3090	0.6288	-0.2242	0.2404	0.1064	-2.0551	-1.8043	0.5527	-1.8920	-0.3745	-0.4719	-1.3114	0.3313	-0.5530	-1.4156	-0.0897	1.7164	0.1140	0.1378	-0.8311	-1.5194	-0.6780	0.9584	-0.7997	-1.0971	-0.1394	0.2157	-0.2650	-0.9325	-1.3610	1.1847	0.2383	-0.4783	1.0345
-0.6807	0.0464	0.4170	0.1967	-0.2471	-0.3926	0.1025	0.7813	-2.2025	0.3310	0.7979	-1.2574	1.8177	-0.7535	-0.2956	1.3221	1.4214	-0.2463	0.1635	-1.4004	-0.7722	0.5548	-0.5159	-1.7741	0.8687	-0.0054	-2.6811	0.0059	-1.0709	-0.3811	-0.4588	0.0288	-0.4716	-0.4886	-0.4589	-0.8104	-0.0044	0.8673	-0.7614	-1.0218	0.8136	0.8731	-0.1103	-2.5249	-0.9961	-0.3996	-1.1724	-1.6641	-0.0183
-0.3863	0.0326	1.5604	0.3996	-0.4544	-0.4378	0.6825	1.0288	-0.2594	-0.8603	-0.5983	-0.7949	1.9535	-0.3546	0.3375	1.2914	1.4322	-0.1931	0.1324	0.0171	-1.1150	-0.6703	0.5440	-0.5996	0.5915	0.2723	-0.1352	2.3382	-1.3017	0.2252	-0.5678	-0.2291	-1.5261	0.0780	-0.2841	0.6303	-0.7400	0.2554	-0.3090	-0.4538	0.0398	0.4299	-0.6368	-1.2461	-0.1498	-1.0083	0.0393	-1.3502	-0.6635
0.7916	2.4548	0.6887	0.2802	0.1754	-0.5296	-0.1613	1.4232	-1.0110	-0.7741	1.8386	1.2306	1.3910	-1.3186	0.7920	1.9834	-0.4285	-0.4457	-1.7412	1.2689	-1.1206	0.7003	-0.5510	-1.1191	0.2490	0.0146	-0.0329	0.9211	-1.9978	-0.7104	-0.4422	-0.1897	-0.0463	1.5915	0.2848	0.8041	-0.7036	-0.5551	-1.4262	0.0954	-0.6824	-1.3785	-0.2509	1.5474	1.7940	-0.3935	0.1011	-2.0073	-0.1899
-0.1092	-0.2618	0.8699	1.4107	-0.5051	0.9453	0.2647	-0.2157	0.3825	-2.1466	0.0111	-0.3607	1.7414	-0.1952	0.2225	0.7668	0.8652	-0.3487	-2.6136	-0.4559	2.1235	0.2965	0.3373	-1.5032	1.0493	0.4891	0.7466	0.9709	-0.1798	-0.0801	-0.0421	-1.0603	-0.9083	0.4662	0.0468	1.5969	-0.7781	-2.1981	0.8143	0.2579	-1.2047	0.3971	-0.9532	-0.0495	0.6182	0.3545	0.6202	-0.7539	0.5697
-0.1031	0.8055	0.0072	0.2411	0.3636	1.4434	0.0600	1.1720	0.9344	-0.2815	0.3261	0.7505	1.4858	-0.0366	0.4329	0.5849	1.5107	0.9575	-1.5886	1.0020	0.9660	0.0572	0.7289	0.0829	1.6476	-0.9700	-1.3241	-0.3113	1.1484	0.8497	0.4814	0.2864	0.9587	0.0275	1.5229	0.2048	-0.3521	0.1016	1.0769	-0.7334	-0.5707	1.6621	0.3488	-0.5624	0.1810	0.2283	-1.1107	-0.3340	0.4823
0.1571	-0.7581	0.2011	1.8115	0.7085	1.4799	-0.0738	0.1024	-0.0877	-0.1310	-1.4528	0.0762	1.5871	-0.3123	-0.3693	0.1161	1.3424	-0.3092	0.4617	-0.8445	1.2185	1.2388	0.2627	1.4726	0.8700	0.3539	-0.0274	0.3144	-0.9347	0.6516	-0.6188	0.2379	-0.5342	-0.4740	0.9468	1.0210	-0.8406	-1.1572	1.2194	-0.1950	-0.1486	0.4744	-1.0368	-0.9042	-0.0295	-0.2440	-0.8165	-0.8900	-0.9015
-0.1377	1.9153	0.9848	0.0345	1.0003	-0.0434	-0.1042	0.3852	0.0237	-0.3028	0.4772	1.7697	0.0190	0.2336	0.9716	-0.6750	0.5232	0.9933	0.3213	-0.4062	-0.8056	-0.5182	0.5598	-0.3349	1.4992	-1.3997	-0.9030	0.3963	-0.8137	-0.0797	-0.0659	1.9231	0.6066	-0.3489	0.7328	0.4812	-0.3878	0.8785	0.9284	0.6179	0.2131	-0.1805	0.2730	-0.4393	-0.1935	0.3203	-0.6912	-1.0626	0.2277
0.2431	-0.5392	0.2274	1.7985	0.0659	-0.1591	-0.3495	-1.5344	-0.9245	-0.1572	-1.7517	0.2094	0.5336	-0.1681	0.3941	-0.2399	-0.2666	-0.1186	-0.5306	-2.0423	-0.5200	0.6484	0.5702	0.6549	0.3637	0.0136	-0.7635	0.2949	-0.8974	-0.3495	-0.1966	0.7111	-0.1217	-1.0078	-1.3539	0.5082	0.8841	-2.6266	1.1549	-0.0918	-0.7517	-0.0549	-0.8436	-0.4306	-0.9777	1.4147	0.6147	-0.9999	-0.9630
0.6332	-1.1748	1.7424	-0.6015	-0.6119	-0.6999	-0.1983	-1.8191	0.0087	0.8995	-0.5634	0.2868	-0.2453	0.3089	-0.0591	1.1058	1.1531	0.3891	-0.6213	-1.5571	-0.7813	0.0672	-0.8926	0.2162	0.9644	-0.8908	-0.5022	1.1949	-0.3314	-0.4598	-0.3507	-0.3232	-0.3510	-2.7746	-1.0544	1.3034	-0.2066	-0.6972	-1.0229	-1.2102	-2.0882	0.7478	-0.7302	0.4632	1.3884	-0.9941	-0.2308	-0.7604	-0.6118
1.4521	-0.8022	-0.2633	1.0057	-1.2790	0.0440	0.4128	-1.0037	-0.9283	0.6739	1.7137	-0.8672	0.2682	0.9052	-0.4632	0.4637	0.8256	0.3459	0.7439	-0.6940	0.0192	1.0897	-2.9529	-0.8092	-0.8142	-1.1805	-1.9747	0.9850	-0.4629	-1.1398	0.0018	-2.0856	-1.1450	-1.2249	-1.3346	-0.3623	1.0876	1.7177	0.8958	1.4952	1.0694	-0.3136	1.6657	-0.1297	-0.8944	-1.9539	-0.0710	0.1898	-1.4794
1.3315	-0.3020	0.4606	0.0509	0.6326	-0.1764	0.2530	-0.1419	0.4602	-0.3991	-0.5280	0.9375	1.2600	0.4629	0.4174	1.0874	1.4087	0.7218	0.6208	-0.6505	0.0114	-0.7476	-0.3577	-0.3138	-0.8825	1.2906	-0.8419	0.9288	0.6705	0.0056	0.5015	-0.0871	-0.0973	-0.5882	-0.8895	-0.5408	-0.1896	1.8774	0.5453	0.0996	1.6621	-0.9197	1.0868	0.8406	-1.5362	0.6471	0.6985	0.4931	-0.0175
1.7899	1.9295	0.9886	-0.1149	0.3307	-0.8292	-0.3222	0.6904	-1.7042	0.3820	1.1734	1.4235	0.3821	0.6913	0.3149	1.1759	0.5556	0.4151	-0.7383	0.2006	1.5200	1.2227	-1.6234	0.1450	-0.6814	0.0685	0.8299	0.3544	-0.0911	-0.5249	0.9459	-0.6747	0.4870	1.2682	0.1027	1.8756	0.1506	0.7137	-0.4647	-0.3453	0.9951	-1.4766	1.4822	1.1197	1.5989	0.6530	1.0891	-0.3531	1.0490
0.0029	-0.3278	0.7429	0.8341	-0.0322	0.5674	0.6369	-1.2032	0.2486	-1.2603	0.1059	0.4518	0.4030	1.3785	1.2389	0.3408	0.9678	0.1887	-0.5145	-1.4306	1.9390	-0.3153	0.1954	-0.9275	0.0267	0.1904	2.4296	0.6481	0.5933	0.5093	0.4756	0.2546	-0.0455	-0.5780	-0.8786	1.5656	-0.5564	-0.5873	-0.0017	-0.8450	0.9385	0.0376	-0.3080	1.0919	0.9550	1.0028	0.0501	0.8364	0.4519
-0.0015	1.8014	-0.9920	0.6619	0.3468	0.9450	0.4859	0.9965	-0.0491	1.3326	1.7431	1.3966	-0.9681	0.4115	1.6510	0.2935	-1.2705	-0.2044	-0.9990	1.2074	-0.1313	-0.0739	-0.1003	0.0645	0.3351	-0.3458	-0.0634	-0.4377	-0.0496	1.2533	-0.3301	0.6446	1.6383	-0.7077	-1.0555	0.6894	-0.6111	0.6374	-0.2552	0.8042	0.0188	-0.5971	0.9830	1.2084	2.0418	0.2996	-0.5513	0.7742	1.1164
-0.4436	-0.2408	-1.4231	0.0417	1.3809	0.9012	0.3121	-0.7923	0.0507	-0.3694	-1.0781	-0.9275	-1.0605	-0.1481	-0.1299	-0.9485	-0.5123	-0.0217	-1.2812	1.0395	1.5806	0.5812	0.3349	1.2890	0.1354	1.9081	0.6881	0.4493	-0.1298	0.8870	-1.8424	-0.4232	0.0553	-2.0556	-1.7796	0.9727	0.1011	-1.8896	-0.0112	-0.3830	-1.8038	-0.8622	-1.1406	0.8720	0.5682	-0.0552	0.3032	-0.1754	0.6234
-0.7578	1.8296	-1.1021	-1.4322	2.2963	0.8750	0.0923	0.2981	0.6994	1.0168	0.8959	0.3874	-0.9739	-0.8311	0.5264	0.0751	-0.2963	1.4117	-0.5635	1.1521	0.3660	0.1123	0.6846	0.3448	0.9612	-0.6121	-1.1858	0.8755	0.1866	1.9515	-1.7679	1.4891	1.0999	-1.2509	-1.0308	-0.0137	-0.3161	2.0637	-0.2160	-0.5757	-0.0579	-0.6539	1.5076	0.8723	-0.6024	0.4879	0.8372	0.7335	1.0490
0.1691	0.5070	-1.5665	-0.4269	0.6667	1.2408	-0.5887	0.2878	-0.2048	-0.2199	-1.5013	-1.2119	-1.4696	-0.9019	-1.1371	0.2403	0.2971	1.0615	0.0616	-0.0364	0.8128	1.0393	0.4766	1.0592	1.0327	1.0789	-0.2127	-0.2718	-0.1849	1.9961	-2.2394	0.8787	-0.7642	-2.4609	-0.5245	0.1124	0.2649	-0.4917	0.7508	-0.1876	0.8726	-0.6604	-0.4382	0.2265	-1.2477	1.0775	0.7778	1.0088	0.1831
-1.2996	1.7209	-1.0519	-1.5536	0.4026	0.4017	0.0837	0.7339	0.9327	0.2426	0.2985	0.4558	-1.2981	-0.0855	0.0612	-0.1045	-0.5045	2.3414	0.1623	0.5802	0.2864	-1.2585	0.3982	0.1656	1.8019	-0.5773	0.7509	0.3247	0.8610	0.6061	-0.7844	1.4715	0.7061	-0.5286	0.2089	1.0167	-0.5933	1.4318	0.0137	-0.7063	1.3682	-0.2153	0.7944	0.6686	0.5015	1.3322	0.1554	1.7810	2.0054
-1.3089	-0.9591	-1.4148	0.1714	-1.8784	0.1654	-0.1838	-0.2282	0.7025	-0.6772	-2.1509	-1.0713	-0.8988	0.1601	-0.8156	-0.2453	-0.5253	0.2071	0.6079	-0.5102	0.8517	0.1055	-0.4346	0.5567	0.3440	0.6035	1.4493	-0.2201	0.6536	0.3981	-1.1925	-0.4418	-0.1692	-0.8889	0.2652	0.2370	-0.3464	-2.0228	0.7254	-0.3148	0.9572	0.6671	-1.0494	0.4715	0.1626	1.3327	0.3411	1.9969	0.5943
-1.2899	0.9242	0.2263	-1.6255	-0.9705	-1.0020	1.4638	-0.6551	1.0979	0.4669	0.6184	0.2432	-2.6744	0.1734	0.1131	-1.5062	0.0467	1.1582	1.0531	0.6602	-0.0363	-0.4829	-0.0478	0.1866	1.0183	-0.0650	2.8237	-0.8423	1.2028	-0.0006	-0.6096	-0.3129	0.4981	-0.1508	1.1120	1.4476	-0.8225	0.3940	0.5912	1.3490	0.2252	0.4663	0.3053	1.2667	1.9726	0.5453	0.9481	2.1018	2.5958
-0.0405	0.1072	-2.1940	-1.3543	-0.3831	0.3965	0.8805	-2.1664	-0.4984	-0.3267	0.4981	-1.4492	-1.9529	-0.1999	-1.2968	-1.1441	-1.1215	-0.8799	0.5093	-0.1618	-0.4584	0.4192	-0.0905	-0.0031	0.9342	-0.2777	1.0837	-1.1745	0.6237	0.4926	-1.0096	0.2698	-0.1677	0.1176	0.6095	0.0280	1.7453	-0.7060	1.4228	1.8613	1.6817	0.3414	-0.1435	0.1148	-0.5406	0.3188	-0.0784	1.1367	0.5435
0.2305	0.8871	-1.8362	-2.3375	1.2712	-0.8337	0.7634	0.1198	0.6721	1.7612	0.0211	0.7978	-1.5683	-0.7197	0.3828	-1.2985	-1.2551	1.0235	0.1952	0.1022	-1.5360	0.2653	2.4661	2.0329	1.5852	0.2139	0.5146	-0.2190	-0.2382	0.3934	-0.4945	1.6371	0.0332	0.6412	1.1365	0.0440	-1.1826	1.3947	0.4932	1.2017	1.2959	-0.5834	0.7902	0.6804	-0.8037	0.9301	0.8548	1.2756	-0.2468
0.8372	0.7622	-1.6639	-2.0278	-0.3752	-0.4473	-0.9942	-0.2150	-1.1122	-0.1848	0.0072	-2.3315	-2.6105	-1.0778	-1.5493	-0.4494	-1.1141	0.3346	-0.3487	0.9468	-0.1158	0.9512	-0.2234	1.7349	0.8712	0.5596	0.5885	-0.2376	0.0871	0.3578	-0.5856	-0.7839	0.8203	0.1123	1.1506	0.6491	2.3995	-0.2220	-0.3472	0.0107	0.3758	0.6156	-0.5108	-0.3078	0.0915	-0.8624	-0.3667	-0.2016	-1.5225
-0.6345	-0.5201	0.2180	-1.8510	-0.2086	-1.3927	0.2532	-1.0393	0.0942	-0.3240	0.1131	-0.8135	-1.1100	-0.9899	0.3230	-1.7775	-1.0042	0.0293	0.3200	-0.0958	-1.3282	-0.8090	0.6420	0.4958	0.1948	0.0256	0.6557	-0.2992	-0.0890	0.1247	-0.4198	0.0822	-1.3029	0.7260	0.7747	0.0087	0.8151	1.4221	1.9208	0.9786	0.0908	1.7647	-0.0058	0.7240	-1.6932	0.3558	0.2432	1.3798	-0.1572
0.4565	-0.7535	-0.1048	-1.1126	-0.6911	0.8607	-0.6363	-1.7861	-0.9559	0.2327	0.0903	-2.0606	-0.0637	-1.0513	-1.2798	0.6533	-0.7803	-0.8557	-0.0758	-0.2167	0.0698	0.1715	-0.5623	0.2011	-0.9896	0.1077	-0.7857	-0.1007	0.2425	0.4930	-0.3191	-1.3891	-1.1403	0.1126	0.5288	-0.8256	1.2359	0.6927	-0.5760	0.0144	0.1654	0.8534	-0.2883	0.5192	0.4055	-1.3480	-1.3971	-0.4350	-1.1434
1.1769	-0.6485	0.2185	-0.5774	-0.2371	-0.3057	1.5101	-0.5123	0.5442	1.1238	1.2256	0.4388	0.8863	0.4385	0.2742	-1.3790	-0.9551	0.1961	0.7171	0.3727	-0.9755	0.3366	0.5494	0.1832	-0.8157	1.2664	0.2235	1.0122	-0.7063	-0.6336	0.6039	0.0834	-0.7015	1.2233	0.5687	-0.2069	-0.5027	2.5752	1.0204	0.4876	1.7093	-0.4681	0.9784	1.1493	-0.6859	-0.9813	0.6093	0.6626	-0.6730
1.2273	-0.0629	-0.4862	-0.9626	-0.3001	0.2656	-1.0453	-0.7306	-0.8515	-0.2469	1.2042	-0.8776	-0.1158	0.3954	-0.8211	-0.2667	-1.4497	-0.6022	-0.0017	1.4911	0.2699	0.6839	-1.5581	-0.1519	-1.0418	0.7791	0.2385	0.2402	0.3751	0.2533	0.5720	-1.4725	1.4547	0.8713	1.2941	0.2488	1.5413	0.6605	-0.5583	-0.8192	1.7187	-0.5896	0.6089	0.8013	0.1988	-1.3829	-1.3290	-0.2470	-1.2193
0.8029	-0.1771	-0.5714	0.2950	0.4245	0.5164	0.4448	-0.9229	0.1714	-0.3400	1.4873	1.2379	0.0751	0.7281	0.6486	-1.5249	-0.9183	1.1814	1.1292	0.7913	-1.3452	0.3555	0.5414	-0.0422	-0.1646	0.8817	1.0619	0.1223	-0.0474	-0.3093	0.5030	-0.1173	0.0837	1.8854	0.8583	0.1547	0.0469	1.0766	0.4043	0.6714	1.2357	-1.4993	0.8459	1.7994	-1.6323	0.6456	0.3036	1.3078	-0.0466
1.4745	0.5871	-0.8808	-0.0231	-0.3954	0.3398	-0.8989	-1.1434	-0.8711	0.4845	0.7097	0.3195	-0.1148	0.0377	-0.5812	0.1973	-1.4382	-0.3365	-0.4968	0.6842	-1.1916	0.1571	-0.8498	0.5239	-0.1666	-0.9537	1.2148	-0.1736	-0.8608	-0.4918	0.3563	-0.6309	1.4251	1.9268	0.5604	0.0215	0.4539	-1.1195	-1.6439	0.0427	0.1089	-1.9203	-0.0523	2.0788	0.8311	-0.1407	-1.1132	-0.6036	-1.1484
1.6164	-0.5974	0.7331	0.8079	-1.0220	0.6682	0.0176	-1.2887	-0.1881	1.2005	0.4962	-0.6366	0.0446	0.3691	-0.4353	-0.0598	-1.2627	0.0103	0.1167	-0.5637	-0.1818	-1.0675	-1.1583	-1.1791	-0.3360	-0.9099	-0.0109	0.7152	-0.6426	0.0373	0.9014	-1.0153	-1.4048	1.2923	0.4722	-0.9132	0.2842	0.0060	0.8667	1.0720	-0.3133	0.0446	0.5375	-0.5036	-1.9538	-1.3048	0.3282	-0.0363	-0.1563
1.2017	-0.8663	0.1845	-0.4879	-1.0628	0.6098	-0.8060	-0.1642	0.5291	0.0398	-0.4986	0.5313	-0.4826	-0.2019	0.9393	0.3107	-2.0791	-0.4514	-0.5557	0.3922	-1.0156	-1.1790	1.0369	-1.5701	-0.1743	-1.4797	-1.3115	0.4752	0.2759	1.0096	0.6707	0.7212	0.5285	0.7507	0.0910	-1.7914	0.9072	-0.2043	-1.5912	0.5916	-0.8554	1.1164	0.0008	-0.6637	-2.0671	-0.8179	0.3088	-0.6865	-0.0819
0.9853	-2.3416	-0.2993	1.3360	-1.2047	0.2737	-1.0666	0.8523	0.6483	-0.0059	-2.0183	-0.5996	0.6378	0.5873	-0.0073	0.0011	-0.6735	-1.1062	0.1342	-0.0631	0.5233	0.1195	1.8864	0.0118	-0.2390	0.9296	0.0893	0.0153	-0.3938	-0.1045	-0.2190	0.5075	-1.0442	-0.9930	0.0487	-1.3680	-0.9660	-1.4825	-1.1355	-0.1737	-1.8587	0.3296	-2.0760	-0.0405	-1.9163	-0.5747	0.1598	-0.4571	-0.9680
-0.5702	-0.1053	-0.1307	-0.4664	-0.3454	0.1778	-0.9478	1.3322	2.3509	-0.6141	-1.0028	0.4065	0.3730	1.1337	0.3246	0.6725	0.0544	0.2343	-0.0429	0.6616	0.0468	-1.3679	1.3385	-1.3598	0.8888	-0.9677	0.5300	0.2688	0.7163	-0.8859	-0.1065	1.6748	0.7585	-0.5904	0.9603	-0.5322	-1.9221	0.0456	-1.5261	-0.7484	-0.7894	0.9053	-0.6967	-0.3968	0.6586	-0.9894	-0.8664	0.0262	-0.0762
-1.0485	-1.2561	-1.1898	1.8014	-0.1102	1.1320	0.6550	1.7360	2.2577	0.4018	-1.5906	0.2708	2.2806	1.4294	0.3772	0.3865	-0.1097	0.7389	1.4614	0.1974	-0.4550	1.0971	0.5035	0.2045	0.5139	-0.4518	0.7831	0.5076	-0.2097	-0.0071	-0.0749	0.7805	0.1286	0.5200	1.3579	-0.0926	-1.5235	-1.0792	0.1292	0.2933	-0.1205	0.6984	-0.7038	-1.2609	-0.5723	-0.6009	-0.0954	1.0850	-0.6647
-0.8160	-0.0316	0.0305	-0.2220	0.9004	-0.8880	1.4689	0.6747	1.7518	-0.4372	-0.1073	0.9480	-0.2827	-0.0639	0.3707	-0.0553	-0.4492	1.1088	0.5431	1.1642	-0.4171	-1.1669	0.3223	-0.1187	0.3028	0.0897	0.6415	0.7393	0.3640	-0.3620	0.0535	0.0228	1.2796	1.4101	0.9540	-0.1145	-0.3730	-0.4266	-1.3610	-1.2841	-0.6083	-0.0456	0.1230	-0.4087	-0.0268	0.2242	-0.7706	0.5965	1.0975
-0.5048	-0.4375	-0.7027	1.6790	-1.9162	-0.7508	1.5707	-0.0830	-1.5157	0.4334	1.0111	0.2272	0.5052	-0.2022	-0.4575	-0.6513	-1.0063	-0.1136	0.5932	-0.3390	-0.7104	-0.0003	-0.6388	-1.2287	-1.0073	0.2650	-0.2350	0.9310	-1.2605	-0.4932	-0.1071	-1.0277	-0.2649	1.5694	0.4287	-0.9265	0.6918	-0.8664	0.2035	-0.7809	0.1227	-1.0350	1.6879	-1.7892	-1.3712	-0.0968	-0.8053	0.2807	0.1394
-0.5666	-0.6472	0.6277	-0.3608	-1.2800	-1.1251	-0.0437	-0.9346	0.1897	0.9065	-0.8248	0.3371	-0.3318	-0.4981	0.8309	0.1196	-0.4251	-0.4002	-0.4159	-0.2714	-0.6278	-1.2736	0.5624	-0.1022	-0.4587	-0.5625	-0.4899	0.2498	-0.6954	-0.9736	-0.1822	0.1945	0.2126	-0.7640	-0.6041	-1.3075	-0.6596	-0.4755	-1.5813	-0.6262	-1.8582	-0.1858	-0.6032	-0.2501	0.2211	-0.9791	-0.1941	-0.7073	0.2597
-0.9514	-0.9489	0.1064	0.4195	-1.5060	-0.9761	-0.5835	-0.5696	-1.4869	1.2122	0.8181	-1.2423	-0.8942	-0.1944	-0.2304	-0.8967	0.9951	-0.1382	0.0190	-0.9012	1.4895	1.0877	-1.5179	-0.9525	0.5369	-0.7492	-1.8421	-0.8355	-1.0245	-2.3498	-0.6084	-1.5635	-1.2190	-1.8575	-0.6368	-0.3800	1.0987	0.6356	-0.2445	0.7771	-0.8637	0.3526	-1.0536	-1.6961	0.5335	-1.7876	-0.7223	-1.8033	0.1492
-1.3813	-1.0647	1.1530	0.0815	-0.2249	-0.6554	-0.6346	-0.2180	0.3389	-0.0403	-1.0635	-0.1664	-0.6902	0.3378	0.5949	-0.4864	1.0710	-0.9323	-1.2721	-0.4555	0.0089	-1.2640	0.0021	-0.6515	0.2314	-0.0883	-0.5353	1.0409	-1.1086	-1.1883	-0.3079	-0.4861	-0.9006	-0.9997	-0.8035	1.2241	0.2800	-0.2070	-0.6109	-0.4009	-1.4310	-0.4371	-0.9322	-1.7085	0.6162	-0.8226	0.5971	-1.9775	0.7583
-1.3524	0.0761	-0.3218	0.6374	-0.0283	-0.7387	0.6546	-0.1568	-1.3708	0.5283	0.4390	-0.7189	-0.4191	-0.3869	0.6503	0.0566	0.3393	-0.5040	-0.6353	-0.9430	1.1773	0.7922	-0.8079	-0.7704	-0.7256	0.1506	-1.9219	0.2770	-1.6278	-0.7814	-0.5562	-1.0977	-1.1186	-0.3698	-0.9602	0.7456	-0.0749	0.3463	0.3527	0.4449	-0.1553	-0.1259	0.6967	-2.4049	-0.5553	-0.5464	-0.2969	-1.2996	-0.0117
-1.2203	-0.7619	0.8456	-0.0670	-0.6106	-1.6462	1.3201	-0.5208	1.2516	-0.5394	-0.8226	-0.0341	0.5863	-1.0466	1.9815	0.7288	-0.1538	-0.0319	-0.2781	-0.3065	0.1866	-0.2467	1.3361	-0.3581	-0.0884	0.1953	0.1164	1.3751	-0.5857	-0.3773	-0.7272	0.2577	-0.9477	0.2797	0.5927	1.0024	-0.8542	-0.2245	0.1361	0.9771	-1.2612	1.5869	-0.3255	-0.7055	-0.3692	-0.1955	0.5386	0.1393	0.1107
-0.1325	-0.1760	-0.3463	0.9268	-0.9052	-0.8001	1.8723	-0.4024	-0.5116	0.2686	1.1635	-1.3380	1.1883	-1.8648	0.2805	0.4471	-0.9554	0.1738	0.9330	-0.0626	2.1497	1.2129	0.2232	-0.7848	0.4244	0.7611	-0.7710	0.2593	0.5359	0.0888	-0.4724	0.3520	-0.9441	1.0206	1.3524	-0.4990	0.5170	0.6950	-0.0456	1.6222	0.7002	1.8300	0.2747	-0.7003	-1.4245	-0.4911	-0.9023	0.2566	0.1095
0.1971	0.1144	0.5032	1.0610	0.2830	-0.8060	0.7083	-0.2156	1.9967	-0.1790	0.1152	-0.5464	0.4959	-1.5177	1.0914	-0.4159	-1.8621	-0.4412	1.4156	0.6921	0.6780	-0.9929	1.4051	-0.7918	0.6605	0.6354	0.4170	0.0965	1.7690	-1.2302	0.0707	1.4242	0.3740	1.7542	1.0883	-0.9168	0.4890	-0.8645	-1.2034	1.1202	-1.1525	1.0200	-0.1055	0.3427	-1.0927	-0.3743	0.8924	0.8175	1.1878
-0.2207	-0.2439	0.4171	2.1686	0.2791	0.5459	-1.3064	0.6316	0.9728	-0.5773	-0.7438	0.5393	2.1562	-0.6396	-0.0107	1.8117	-0.7372	0.0331	1.2913	-1.7393	-0.1365	1.2462	0.6611	-0.6934	1.1826	0.1258	-0.0335	-0.6222	1.0963	0.1868	0.5179	2.1199	-0.1563	0.3060	0.5696	-1.2630	-1.2819	-0.8838	-1.2457	0.2312	0.7773	1.0138	0.3039	0.6465	0.4921	0.6524	-0.5830	0.0284	-1.1402
0.7193	0.7224	-0.1335	0.5679	1.8847	1.0935	-0.2905	0.4391	1.7117	-0.3701	0.3532	0.8227	0.3295	-0.1641	0.1243	0.8383	-0.5014	-1.7105	0.3724	0.3556	-0.2942	-0.6476	0.7587	1.0127	-0.2199	-0.4235	-1.0969	0.0885	0.7828	0.0834	1.0734	0.9848	0.9148	1.6853	-1.3141	-2.0771	-0.1264	0.2127	-0.8331	-1.5662	-0.6995	-0.2370	0.1526	0.3716	-0.7612	0.8601	0.6171	-0.4633	-0.3877
1.0322	0.5738	0.0496	0.4989	2.1428	2.2265	1.1896	-0.1066	-0.6692	1.6702	-0.3610	0.5736	0.8225	0.0191	-0.0306	1.1472	0.7143	-0.6468	0.4541	1.0832	-0.5416	1.4711	0.6324	1.2055	-0.5231	1.6770	-1.2291	0.1577	0.5198	1.9293	1.1424	-1.1099	-0.4099	0.5640	-0.8563	0.2273	-0.2412	-0.1358	-0.2538	-0.4049	-1.0819	-0.9098	0.3393	-0.1661	0.9951	-0.6958	0.5608	-1.6150	-0.4708
1.2264	0.3472	-0.1210	0.2857	0.9771	1.1946	0.2365	-0.2720	-1.0750	-0.2481	0.5804	-0.8064	-0.0149	1.4318	-1.0416	0.3835	0.7280	-1.1781	0.2397	2.3472	0.3031	1.9224	-2.2667	1.0147	-1.2521	-0.4666	-0.6409	0.0257	-0.1589	-0.2658	0.9211	-1.8722	1.6638	0.5883	-0.4419	1.1481	1.4322	-0.1676	-0.3786	-1.4656	-0.1752	-1.2597	1.3459	-0.4285	0.9807	-1.9745	-0.1366	-2.2993	-1.6789
-0.4610	0.2140	0.6944	-1.7227	1.4992	-0.3614	-0.3012	0.5189	0.6964	-1.4105	1.0329	1.6515	0.5972	1.0335	-0.3105	-0.3332	2.4518	1.0019	0.8336	0.0261	0.1679	1.1051	-0.4093	0.2545	-0.2739	0.0639	0.1304	-0.8832	-0.2297	0.2387	0.4499	0.5226	0.0674	-0.6703	0.0704	0.9708	-1.2758	1.5195	0.2732	-0.5279	1.2809	-0.9759	0.3135	1.1468	0.9550	-0.2182	-0.6647	-0.4690	-1.5185
-0.1374	0.0866	-0.0889	-0.4904	0.2598	0.3005	0.4716	-0.9284	-0.9944	-0.7986	0.8301	-0.5235	-0.7672	0.4086	-1.4752	-0.7395	0.9623	-0.2550	-0.3400	-0.7498	1.2664	-0.2239	-1.8630	0.0448	-0.6997	0.0987	-0.6086	-0.2511	-0.1039	0.2387	0.4879	-0.5805	-0.4407	-0.5234	-0.4349	0.2312	0.5768	-0.5961	0.3925	0.1079	0.7890	-1.1233	-0.6444	-1.0604	0.2010	-0.0206	-0.7325	-0.9208	-0.4380
-1.1581	1.6717	1.0178	-0.0418	1.1104	0.0953	0.3325	1.4615	-0.0431	-0.3842	0.9374	0.4117	-1.1380	0.6158	0.1528	-0.8585	1.5681	2.0108	-0.3024	-0.1589	-0.2276	-0.8083	-0.3408	0.2248	0.2143	-0.1684	-0.0650	-1.2304	1.1526	-0.7598	0.3395	0.1469	1.4977	-1.4733	0.1531	0.1882	-0.3798	-0.3532	1.5690	-0.7445	-0.9256	0.1520	-0.7342	0.3019	1.1656	0.9800	1.3405	1.0873	1.3506
0.1763	-0.1992	0.1093	1.3501	0.4652	0.7922	-1.0982	0.5026	-0.3855	-0.6012	-2.3507	-0.3385	0.0909	0.1333	-0.7030	0.3900	0.2949	0.1824	-0.2844	-0.3854	-0.2052	0.1967	0.3726	1.1600	0.4787	0.6369	0.5183	-1.7750	0.4792	0.3749	-0.5754	0.2733	-0.8502	-1.8826	-0.5671	-0.1561	-0.9809	-2.0757	1.9825	-0.4431	0.2992	-0.1451	-0.4723	1.1748	0.3235	2.0073	0.7587	0.7803	0.7309
1.1356	1.5747	-0.6880	-0.4057	0.9672	0.4420	-1.1933	1.5279	0.3430	0.7284	0.7672	2.4661	-0.2314	-0.4493	0.3526	0.0501	-0.7329	-0.5923	-1.8956	1.0182	-0.1488	0.0100	0.2693	0.6864	-0.3161	-1.0634	0.3599	-0.9543	-1.0930	0.3111	0.5697	1.5181	1.8594	0.9449	-0.8199	0.5692	0.0246	1.0584	-0.3338	1.3930	0.8434	-1.7119	1.7689	0.8109	2.3537	1.3165	-0.5851	0.1632	0.7086
-0.6579	-0.3260	1.1355	-1.5841	-0.6551	-0.0117	-0.5887	-0.0369	-0.0074	-2.0636	-1.2702	0.0533	0.6509	0.1761	-0.7901	0.1560	1.9243	-0.4474	0.1755	-1.4026	-0.3638	-1.0016	-0.3810	-0.5590	-0.5259	-0.2294	1.5287	0.2383	-0.0972	1.5847	-0.0278	-0.2791	-0.4111	-0.1937	-0.8091	0.4361	0.0255	0.7803	1.1077	-0.4749	1.5851	0.1650	-0.0123	0.2380	0.2625	0.6890	-1.2998	0.4614	-0.4187
0.4167	0.3517	0.5193	-0.9189	-1.2627	-0.3294	-1.0195	0.5832	-3.1143	0.8926	0.9269	-1.0723	-0.0109	0.7384	-1.3016	-0.4261	1.6399	0.0407	-0.5540	-1.0089	0.0283	0.1995	-1.1894	0.3454	-0.9391	-0.4415	0.0650	-0.9214	0.2360	0.5452	0.3521	-2.0067	-0.4288	-0.4313	-0.2809	0.4534	1.5681	0.8977	0.7902	0.0539	0.7808	0.5422	0.4594	-0.4359	0.6594	0.8309	0.1069	-0.1408	0.4155
-0.7970	-0.5070	0.8211	0.0337	-0.3780	-1.0868	-1.3044	0.6507	-0.4357	-0.0267	-0.9725	-0.3153	0.0803	0.1161	-0.1600	-0.0304	1.4754	0.1520	-1.3863	-0.5043	-0.4998	-2.0415	-0.1129	0.3462	0.4226	-0.0684	0.7127	-0.5077	0.6713	-0.4238	-0.4228	-0.3040	-0.4425	-1.6304	-0.4369	0.5140	0.0162	-0.4954	0.4555	-1.0607	-1.2622	1.1758	-1.7488	-0.1100	0.7409	1.4772	1.2433	1.2484	0.6781