IC05	IC08	IC09	IC15	IC16	IC17	IC18	IC19	IC20	IC23	IC24	IC26	IC27	IC29	IC31	IC33	IC36	IC37	IC38	IC41	IC42	IC43	IC44	IC45	IC46	IC47	IC48	IC49	IC50	IC51	IC54	IC56	IC58	IC60	IC62	IC63	IC64	IC65	IC66	IC67	IC68	IC69	IC71	IC72	IC73	IC74	IC75	IC76	IC77
-1.0369	0.4375	-1.1832	-0.3317	-1.0052	-0.3510	0.5299	0.0239	0.1689	-0.5738	0.6143	0.4391	-1.2497	-0.3099	-1.1723	-0.3200	-0.4261	-0.5083	0.3980	0.1731	1.1416	0.0517	-1.1776	-0.3002	-0.5319	0.8032	-0.3607	-1.6938	-0.0128	-0.5366	-0.4331	-0.8433	0.3679	-0.9938	1.6262	-0.8693	-0.2275	-0.8459	-0.9753	-1.2319	-0.4159	2.3172	-1.1152	-1.1932	0.9021	-2.1784	-0.9329	1.3978	0.2727
-0.5915	-0.1549	-0.7343	-0.5229	-0.5225	-1.0849	0.8991	-0.2953	0.8168	-0.4674	1.0414	0.3791	-1.3362	0.6301	-0.8579	-1.3049	-0.7401	0.0412	1.2145	0.0255	-0.1439	-0.6070	-0.2508	0.7812	-0.2976	0.2163	0.3790	-0.8687	0.2915	-0.8545	1.1800	-0.3274	0.3432	-0.5258	1.6362	-1.3452	-0.6516	-1.0562	-0.2938	-1.0512	-1.3203	1.0169	-0.3438	-1.0284	-0.2694	-1.3125	-0.4556	1.8064	0.9886
0.3229	0.0811	-0.7295	-0.3189	-0.6790	-1.1397	-0.0407	0.0176	0.7026	0.3391	0.8531	1.0296	-1.1822	-0.2445	-0.9556	-0.5860	-1.1042	-0.4020	0.5029	1.0164	-0.5942	-1.9151	1.8900	-0.9630	-1.4659	-0.1728	0.2466	-0.9901	0.3508	-0.4691	0.4129	1.2809	0.7535	0.7950	-0.1616	-2.3351	-0.8423	-0.8975	-1.6228	-1.3534	-0.7993	0.3822	0.2028	-0.1842	-0.0436	-0.3666	-0.0690	0.7177	0.8839
-0.4165	-0.3890	-0.5990	-0.9315	-1.1819	-0.2536	-0.4587	-0.0429	0.0494	-0.9757	-0.1758	0.7734	-1.3393	-1.0554	-0.8461	-0.1556	-0.9643	-0.9008	0.1598	0.1262	0.6385	-0.3279	1.4000	-0.7352	-1.0585	-0.7137	-1.0124	-1.4107	0.1377	-1.0006	-0.8998	0.7885	0.7023	0.4938	-0.7211	-1.6696	-0.5266	-0.3240	-0.6967	0.0798	-0.9076	-0.5170	0.8225	-0.9188	0.1014	-1.5658	-2.0489	-0.2786	-0.1984
-1.0758	-0.8224	-0.1397	-0.5903	-0.1572	-0.0515	-0.4256	0.3984	0.5155	-2.4096	-0.4338	-0.8163	0.0651	-0.0411	-0.7274	-0.0390	-0.0017	-1.6220	0.3465	0.1638	0.3595	0.4954	0.1831	-0.7378	0.3881	0.8950	-0.2652	-0.5454	0.6746	-0.6312	-0.6884	0.4663	-0.4015	-0.1797	-0.2914	-0.8656	-0.9399	0.1477	-0.8966	0.3734	-0.6708	-0.6211	-0.9878	-0.5608	0.0221	-0.6965	-0.2296	-0.7303	-0.3246
-0.9312	-0.5400	0.6361	-0.0792	0.9040	-0.8464	-0.2084	-0.0951	0.8105	-0.1643	-0.4485	-0.5662	-0.0894	0.7548	-0.6134	0.0130	1.4460	-0.9552	0.3973	1.4635	-0.4951	0.3138	0.2456	-0.5457	0.5983	0.5138	-0.2881	0.3987	0.4266	-1.2561	-0.0655	-0.4704	-0.7042	0.2876	0.2001	0.2646	-1.0283	1.8381	-0.9316	-0.3965	-1.0563	0.2139	-0.0527	-0.7464	-0.0115	0.0122	0.2647	-0.3595	0.4848
-0.1927	-0.5002	0.1329	-0.3220	1.4968	-0.4507	-1.2325	-0.1054	-0.3186	-0.7254	-0.3386	-0.4026	0.0185	0.6703	-0.3019	0.3633	0.6235	-1.2353	-0.0530	1.0911	-0.5829	0.6925	0.5044	-0.5954	-0.3204	0.5083	-0.5640	0.5860	0.1591	-1.3497	0.9032	-0.9224	0.2344	0.7734	-0.1639	0.3626	0.1686	-0.4658	-0.6398	-0.8634	-0.9205	-0.1103	1.4678	0.1292	-0.9824	0.2747	-0.5907	0.3847	-0.3404
-1.6348	-0.5181	0.2997	0.3041	0.6624	0.6932	-0.4856	-0.3999	-0.5681	0.3984	-0.6588	-1.0934	2.4493	0.1368	0.0968	1.0890	1.1995	-0.9267	-0.2596	0.6022	0.7791	1.3485	-0.1809	-1.6195	0.4916	1.1879	-0.5240	1.3565	0.9593	0.6044	0.2426	0.4202	0.6840	-0.2751	0.1842	0.6698	-0.7603	-0.9647	-1.1401	-0.4770	-1.2429	1.1912	1.0615	-0.0095	-0.5864	-0.6825	-1.1153	0.4133	-0.6003
-1.1934	-0.3394	0.8276	-0.0615	0.5994	-0.9248	-0.2428	-0.6280	0.1907	1.1458	0.8417	0.4157	2.9167	0.2572	1.0313	0.3457	0.9971	1.2515	1.1020	0.8335	0.9590	1.1791	0.0479	1.3572	0.3118	0.5549	0.3151	1.7959	0.2356	-0.2185	1.0264	1.4148	0.8188	0.1652	1.0903	1.2185	-0.0663	0.1646	-1.3796	-0.4721	-1.0195	-0.0112	0.6048	-0.3229	-0.6276	-0.8313	-0.6168	0.7639	-0.0891
-0.5974	0.2107	-0.5915	-0.7462	1.4201	-1.9981	-1.3948	0.1308	0.4232	-0.6388	0.1692	0.9579	1.7016	-0.0721	0.6276	-0.1796	-0.4458	0.3617	0.9033	1.3048	0.2470	-0.6080	0.9759	-0.5818	-1.0185	-0.1017	0.6309	0.7317	0.8865	-0.3928	0.3321	1.4916	1.5794	1.1884	0.0922	-0.0942	0.0756	-1.8073	-0.9073	-0.6876	0.2451	-0.8395	0.5649	1.2408	-0.6450	0.1490	0.4818	0.4763	0.5736
-1.0460	0.8003	-0.3814	0.0855	1.3536	0.3900	-0.5960	-0.3941	-0.2021	-0.1888	-0.6644	0.7325	1.2677	-0.1665	0.1011	1.5471	-0.7852	-1.9271	-0.1055	0.5298	0.7594	0.9371	0.3515	-1.1840	-1.0090	-0.0754	-1.1343	0.0349	1.2111	0.7921	-1.1401	0.2478	0.9018	0.1357	-1.2216	-1.1994	-0.1525	-0.9947	0.2539	-0.3537	1.4911	0.7641	0.0250	1.0398	-0.6908	-0.3957	0.3300	0.5516	0.4140
-1.0938	1.1711	-0.4461	-0.0211	1.4148	-0.5853	-0.3143	0.1179	0.3144	0.1664	0.4245	0.1252	0.3926	0.3516	0.1429	0.4882	-1.0480	-1.6196	0.8755	0.2897	0.2128	1.6784	-0.2932	1.1321	-0.0443	0.2959	-0.2816	0.6881	0.1083	-0.1048	-0.5706	0.5550	-0.1650	-0.1073	-2.0346	-1.3646	0.8593	0.5569	1.6615	0.9470	1.6246	-0.6323	-0.5736	1.1087	0.2605	-0.7344	1.4514	1.6617	-0.0584
1.6446	2.0127	0.5786	-0.7865	0.6619	-1.6898	0.0191	-0.4577	2.0632	1.4797	-0.1194	-0.5616	-0.2673	-0.4137	0.5899	-0.5853	0.7266	1.0151	-0.7966	-0.0128	0.1417	0.3378	0.0887	1.5790	0.9977	-1.3815	1.3674	1.0468	-1.2289	1.1169	-0.8250	-0.0711	0.1627	-0.2480	-0.9914	0.9154	0.4523	2.2046	1.0070	0.3745	0.6117	0.9974	-1.2720	0.4535	0.8674	0.3347	2.3282	0.6929	0.6495
1.8303	2.1205	0.5118	-0.3048	0.6069	0.8964	0.6909	-0.8264	0.0668	-0.5647	0.4732	-0.5228	-0.0073	-0.9343	0.2714	0.2133	0.2573	1.0364	-1.9778	-0.4475	-0.4862	-0.0350	-0.0757	1.3173	1.0361	-1.3898	0.5079	1.1728	-2.3953	1.4934	-0.3402	-0.3476	0.1671	-0.1162	-1.2729	1.6481	0.9803	0.5205	1.8768	-0.1642	1.3462	-0.5744	0.7871	0.9373	-0.0541	1.0337	1.3622	0.4614	0.5472
0.3157	1.9613	0.1220	0.8114	0.6515	2.0026	0.5024	-0.4333	-0.3205	-0.0181	-0.8934	-1.6257	0.7589	-1.1436	0.1177	1.0197	1.0356	1.9765	-1.5793	-0.0873	-0.1970	1.6927	-0.2180	0.3260	1.8033	-0.7295	0.4201	0.7442	-1.5593	2.0472	-1.4865	0.3395	-0.1525	-1.1124	-1.3676	1.2848	0.2467	-1.6685	1.9717	-0.7330	1.6541	-0.0795	-1.2137	1.1832	0.6049	1.3657	1.7585	0.2304	-0.4463
-0.1400	1.7876	0.0270	0.8452	0.9252	1.1403	0.9344	-1.0920	0.8343	1.7597	-0.1462	0.6245	-0.2064	-0.1757	1.4585	0.6154	1.5112	1.7020	-0.9104	1.3644	-0.9281	1.7677	0.1973	2.1823	1.7148	1.0742	-0.1004	0.8571	-0.8854	1.2225	0.1477	1.1626	0.8712	-0.0856	-0.7578	1.5394	0.9595	1.3933	2.0248	0.9852	0.6710	0.3415	-0.0911	0.3432	-0.1029	1.7279	2.1709	0.9227	0.3645
0.0632	0.8811	-0.7731	0.3921	-0.2015	0.1867	-0.0945	-0.0826	0.5338	0.7517	0.2672	0.4064	-0.7198	-0.2956	1.1045	-0.3712	0.0427	1.0572	-0.5787	0.5567	-0.4737	-0.4472	0.7143	0.8120	0.6842	0.2879	1.4672	-0.1667	-0.7276	0.4268	-0.1220	1.0680	1.1921	0.7880	-0.7175	1.4693	1.8983	0.2590	0.6493	0.1207	0.9397	-0.0549	2.2721	-0.4322	0.8696	2.0906	0.9012	0.3490	0.0439
-0.5968	0.1773	-0.4741	0.5707	-1.1608	0.8614	-0.5516	0.2472	-0.7072	0.2394	0.5465	-0.7418	-0.8744	-0.1167	0.0751	-0.2916	0.1780	-0.5393	-0.7457	0.3526	0.1707	-0.0064	0.1284	-0.5873	-0.0131	-1.0381	0.2001	-0.6618	0.0160	0.3768	-0.9666	-0.4631	0.4998	0.0260	-0.3660	0.8615	1.1554	0.6561	0.3505	-0.0668	1.1446	0.6794	1.4068	-1.0760	1.5406	1.1041	-1.0573	-0.1858	0.1905
-0.3918	-1.1466	-0.4693	1.0332	-0.4252	1.5490	-0.6710	0.1372	-0.3256	-0.6317	0.4901	-0.4717	-0.2884	0.5622	0.2017	-0.0471	0.4919	-1.1085	-0.2491	-0.5513	-0.0476	0.2766	0.0229	-0.9883	-0.0221	0.2539	-0.2631	-0.1764	-0.0712	-0.2109	0.6588	-0.5214	-1.0494	0.0628	0.3197	0.2175	0.0967	-0.5464	0.6395	0.5390	0.3687	-0.8447	-0.2455	0.0919	0.7823	0.5181	-0.0009	0.0650	-0.1211
-0.6362	-1.2455	0.7263	0.5773	-0.6392	-0.7183	0.1288	-0.0788	0.8234	0.3054	0.0239	0.2078	-0.1219	0.8815	0.2295	-0.8051	1.2148	0.7694	0.7219	0.3450	-0.1318	-0.8728	-0.0060	-0.4852	0.3939	0.5112	-0.1978	0.2839	1.0605	0.3275	1.1578	-0.5657	-0.6515	0.5167	1.5726	0.2398	-1.2149	1.7928	0.2739	0.1113	-0.0568	-0.1863	0.1782	-0.1154	1.7806	0.0291	0.1258	-0.8102	0.3481
0.0675	-1.1250	0.5521	0.1915	-0.7642	-0.9839	-0.0191	0.2300	-0.1448	-0.7549	0.5377	1.2895	-0.5508	1.3867	-0.0476	-0.1590	-0.2251	1.0293	1.2108	0.9451	0.0716	-1.2962	-0.2357	-0.0269	-1.0431	-0.1933	-0.6711	0.1337	1.2465	-0.7497	1.4509	-0.1645	-0.1004	1.5768	1.4514	-0.5370	0.0821	0.9769	-0.0540	0.3597	-0.1953	-0.9465	0.6842	0.3877	0.4815	-0.1025	-0.4592	-1.2597	-0.1357
0.0014	-1.6594	0.2593	0.5943	-1.2146	-0.2985	-0.6130	0.5176	-0.4717	0.3420	-0.0359	1.1292	0.7705	1.2750	0.0051	0.8633	-1.0749	-0.4640	1.6585	0.1576	0.8615	-0.5568	0.1899	0.4449	-1.9224	0.4284	-0.2136	-0.1119	2.0743	-0.2011	-0.0171	0.5032	-0.9345	-0.0105	1.3626	-1.6424	0.4931	-0.2278	-1.1155	0.8257	0.1684	-0.3551	-0.7156	0.6896	0.0622	-0.2289	-1.0484	-1.7764	-0.7142
-0.1098	-1.8631	0.8457	0.7997	0.1681	0.1952	0.7378	0.8602	0.4301	1.3862	-0.1195	1.3599	0.4044	0.4305	0.9035	0.9072	-0.6485	0.1052	2.1186	-0.0732	-0.3996	-0.0025	-0.4690	0.5552	-0.5702	1.4530	-0.2480	1.0823	1.2069	-1.1219	1.0732	0.3802	-1.3898	-0.5511	1.2399	-1.1000	0.0233	0.8851	-0.8542	2.3649	-0.6349	-1.3079	-1.7389	0.7997	-0.9914	-0.6092	-0.8158	-1.2208	-0.5669
0.3645	-1.6770	0.5623	0.1524	0.6724	-0.6682	1.0656	0.3873	0.4184	0.0438	0.5172	0.5491	0.0371	-0.2508	0.4162	-0.1694	-1.3836	-0.8137	0.8467	-0.5885	-0.2238	-1.1463	-0.3710	-0.3711	-0.7934	-0.5492	-0.4364	1.1087	1.4676	-1.1383	2.4982	-1.0315	-1.3126	0.0657	0.1888	-0.9429	1.0579	1.0955	-0.4766	1.5099	-0.7696	-2.2731	0.2884	0.0887	-2.0099	0.3937	-0.8624	-1.3183	-0.4975
0.3284	-1.3426	0.6424	0.0786	0.1647	-0.3484	0.7194	0.8113	-1.6921	-0.2441	0.4368	-1.6679	0.6085	-1.0769	-0.6447	0.9461	-1.7714	-1.2127	-0.7345	-0.7175	-0.0393	-1.0472	0.0338	-0.7727	-0.2796	-2.1169	-0.5889	0.7068	1.2275	0.0591	1.6001	-1.4802	-1.1720	0.1872	-1.0783	0.3650	-0.7849	0.2574	-0.0096	0.1511	-0.8987	-1.3385	0.1458	-0.3418	-0.6860	0.1666	-0.6995	-1.7094	-0.9512
0.4364	-1.0730	0.3608	1.0303	1.0786	0.1791	0.8423	0.4523	-1.8407	0.3022	-1.0075	-1.1629	0.9125	-1.3597	1.0535	1.1640	-1.9766	-0.1879	-1.0993	-1.5298	-0.6872	0.2938	0.3400	0.3823	0.2111	-0.6728	-0.1468	0.3998	-0.8151	0.1184	0.5396	0.6704	-0.5723	-0.2927	-1.0159	0.3871	-1.4800	-2.4617	0.7254	-0.4875	-1.3327	-1.3264	-2.5759	0.3052	-0.7375	0.5014	-0.0005	-0.1960	-1.6141
1.0742	-0.4650	1.0669	1.3425	0.2667	-0.6403	0.2609	0.4660	-0.6100	1.3813	-0.5473	-0.9870	-0.0909	-1.1399	0.9179	-0.0286	-0.3900	1.5897	-1.0420	-1.8974	0.0620	-0.4365	0.1062	0.7983	0.2682	0.2325	0.9243	0.3383	-0.6026	0.4182	-0.3516	0.2301	0.0558	-0.7812	-0.2843	1.0373	-0.0176	0.3263	-0.0068	0.1153	-0.7541	0.8439	-1.7419	0.2034	-0.1527	0.7001	-1.1911	-0.1687	-1.5119
1.2545	-0.3481	0.6089	1.1487	0.1646	0.4670	0.2886	0.4059	-0.2553	-0.3189	-0.3214	0.1473	-0.3479	-0.1156	0.3614	0.7631	-0.3199	1.4833	-1.0568	-1.1810	-0.1005	-0.7753	-0.2276	0.7791	0.0009	-0.8107	0.0752	0.3831	-0.6130	-0.6958	0.2976	-0.8041	-0.1688	0.4397	-0.3777	0.1602	0.6676	0.8591	0.0961	0.9457	-1.4215	0.4523	-0.3728	-0.6901	-0.8875	1.0741	-1.9946	0.3925	-1.1458
2.2491	-0.0007	0.7923	0.5909	-0.6399	1.2099	0.3525	-0.8036	-0.2709	-0.7104	-0.2317	-1.8278	-0.0394	-0.2493	0.2647	-0.3736	-0.7146	0.5868	-2.0466	-2.2580	0.3645	-0.6503	-0.3298	-0.6736	-0.0415	-1.6239	0.3740	-0.4617	-1.8004	-0.0786	-1.0486	-1.1883	0.4616	-0.3546	0.4934	1.5416	-0.0241	-0.7253	-0.8277	-0.0440	0.5064	0.1783	-0.6194	-0.5872	-0.1738	-0.1231	-1.8420	-0.1885	-2.0085
2.1479	0.4789	1.0461	0.1869	0.8135	1.5279	0.0120	-0.8435	0.7638	0.3524	-1.2457	-1.3658	-0.3524	0.0234	0.7625	-0.3843	0.6994	1.4493	-1.4923	-1.9143	-0.5038	0.7030	-0.7340	-0.4434	2.2506	0.4028	-0.0724	-0.0173	-1.8964	-0.1244	-1.5448	0.2503	0.6917	-0.3939	0.3602	1.2659	-0.9622	-0.3107	0.5136	0.4591	0.9177	0.0074	-1.0338	0.6529	-0.5628	-0.2208	0.5900	-0.1305	-0.7636
1.4907	1.1254	0.4632	-0.3641	0.7201	1.6879	-0.1566	-0.5410	0.5438	0.5013	-0.5332	-0.3889	0.5309	-0.4860	0.4430	-0.2415	0.8962	-0.0314	-1.4213	-1.7673	-0.3963	1.1482	-0.5601	1.6790	1.9584	0.0356	1.2763	0.5475	-2.1128	1.6510	-1.2937	0.4976	-0.3913	-0.4973	0.0941	2.3263	0.2181	0.6709	0.0894	0.1523	1.5243	0.3318	-0.6033	0.4057	0.5894	1.2943	1.6593	-0.2590	0.2339
0.6526	2.2309	0.0755	-0.3604	0.8295	2.1310	0.5201	-0.7477	-0.7451	1.8034	-1.1363	1.0036	0.2007	-1.5676	0.1128	0.7607	0.5312	0.6892	-2.4519	-0.9255	-1.2752	0.1465	0.4728	1.0198	0.8937	-0.4597	0.3797	0.3070	-2.1167	2.2747	-1.2976	0.5633	-0.4427	-0.0017	-1.0875	2.2940	0.1998	1.5771	1.4651	0.1547	1.4177	-0.6269	-0.3056	0.5212	0.7353	1.9292	1.6499	-1.0449	0.8117
-0.4374	2.4088	-0.1732	-0.8820	-0.3657	1.7316	-0.0585	-1.1748	-1.9761	0.4939	-0.0476	-0.0017	-0.7004	-1.7443	-0.0294	0.4687	0.4547	1.1471	-1.9999	-1.4207	-0.7622	0.2792	-0.2186	-0.1833	0.0169	-0.4738	-1.0648	-0.7633	-1.8150	1.7317	-1.6665	-0.8628	0.1445	-0.6156	-1.4758	1.8033	1.8299	-0.3812	2.2635	-0.1879	2.6894	-1.6550	0.9264	-0.0219	0.2029	1.6984	0.2691	-0.9322	0.2465
-0.5799	1.5569	0.0492	0.3617	-1.1376	1.7319	-0.2464	0.0081	-1.6573	1.3084	-0.6626	-1.0735	0.3456	-1.1183	-0.5493	0.6393	0.7530	1.6900	-1.8895	-1.3809	-0.9531	0.1721	-1.1056	-1.9734	0.8792	-0.1073	-1.2114	-0.5105	-1.2051	2.7050	-1.8730	-0.6889	-0.8957	-1.2822	-0.9712	1.4959	0.4362	-1.4853	1.6457	-0.7028	1.8819	-0.7264	-0.4429	0.2417	1.0275	0.8660	1.5933	-1.6500	0.4610
-0.4513	0.5091	0.7328	0.2292	-0.6247	0.3406	-0.1957	0.5571	-0.4257	0.2819	-0.6280	0.3140	-0.3204	-0.0654	0.2002	-0.4071	0.7852	1.2591	-0.5774	-1.0157	-0.8680	0.1948	-1.6920	0.5614	1.3584	0.6033	-1.6278	-0.4473	-0.9365	0.8948	-0.6629	0.1280	-1.0935	-0.2612	-0.5923	0.7628	1.0303	0.9255	1.9981	-0.2473	0.5561	0.3373	0.0984	0.3108	0.1842	-0.1499	1.4157	-0.4002	1.0463
0.1988	-0.0989	-0.1174	0.0511	-1.3137	0.5515	0.3445	0.6046	-0.4119	-0.0148	-0.7316	1.1291	-0.0206	0.1317	0.1563	-0.3961	-0.0271	-1.0623	-0.6956	-1.1665	-0.2219	-1.4800	-0.5784	0.5550	-0.0823	-0.2799	-0.5337	-0.7345	-0.4552	0.8476	0.0609	-0.7136	-0.6797	0.3453	-0.4069	-0.1005	1.6467	0.8650	0.4547	-0.2989	0.6732	-0.1365	1.0170	0.9293	0.5047	0.1122	1.0120	-0.6747	1.5506
-0.2996	-0.5602	0.7010	-0.0957	-2.2322	0.5059	0.1291	0.0543	-1.2520	-0.7019	-0.3317	0.4643	-0.2808	0.9265	-0.3826	0.0268	0.1798	-1.7858	-0.2029	-0.7227	1.1230	-0.2978	-0.5206	0.3840	-0.4812	-1.3883	-0.0183	-1.2498	0.4914	0.0215	-0.1159	-1.9268	-1.0179	-0.4418	0.6420	-0.0875	0.7455	0.4665	-0.3367	0.4373	0.2743	0.6161	1.3655	0.0620	0.3064	-0.7606	-1.0818	-1.0347	0.1674
0.3149	-1.3273	-0.1631	0.7055	-0.9728	1.8611	-0.9500	0.4274	-0.4265	-1.0178	0.1149	0.8507	-0.8958	1.4448	-0.0924	0.1509	-0.2536	-0.4073	0.8509	0.1920	0.5003	0.0561	-0.7538	-0.3953	-0.4404	0.3170	0.7178	-1.3037	1.2775	-0.2978	0.3939	-0.6398	-1.1016	-0.4290	1.6401	-0.5487	-0.8615	-2.1495	0.2001	0.7485	0.0162	0.0755	0.9460	0.4395	-1.0127	0.4239	-0.3793	-0.0264	-0.2827
0.4408	-1.4469	0.4223	-0.3376	-0.8292	0.5767	0.3704	0.0872	0.9139	0.5028	0.4334	-0.0333	-0.4623	1.3666	-0.0150	-0.3658	1.1287	1.9342	1.3008	1.6916	0.7863	-0.7282	-1.0195	-0.5358	0.1469	1.0664	1.5327	-0.0344	1.1416	0.9016	0.4430	-1.0706	-0.5406	0.1506	1.5353	0.6178	-1.4375	0.8100	-0.4706	0.4318	-0.9765	0.8974	0.2098	-0.5799	0.5805	-0.4228	0.1912	-0.3367	-0.1922
0.5686	-1.6798	-0.3666	-0.6714	-0.7331	0.0149	0.2153	0.3979	1.0393	-1.5401	0.0215	0.8892	-0.0135	0.6848	0.2572	-0.5976	0.1112	1.4762	0.9678	0.5619	0.1425	-0.9022	0.0136	-0.8079	-0.2101	0.2540	0.3437	-0.5479	0.4659	-0.2846	0.4761	-0.1379	0.0509	0.2501	0.3424	-0.6206	0.0270	0.5047	-0.2443	0.5787	-1.2049	0.8607	0.9548	-1.1019	0.1666	-0.7937	-0.5175	-0.7767	-0.9562
0.6492	-1.6265	-1.0156	0.8312	0.1158	0.7099	-0.6740	0.1615	-0.1567	-1.1902	-0.7816	0.6430	0.3174	-0.8564	-0.1669	-0.2834	-1.2827	-0.2737	-0.0023	0.3012	-0.3337	-0.2820	0.8339	-1.3311	-0.9006	-0.0005	-0.5166	-1.2489	-0.0380	0.2640	-1.0211	0.7219	0.2840	-0.1530	-0.1129	-0.4061	-0.6964	-0.7128	-0.8255	0.4889	-0.2799	0.0605	0.1669	-0.8345	0.5678	-0.5024	-1.9461	-1.7160	-1.5129
0.1509	-1.3664	0.1669	0.1115	0.5932	-0.6256	-0.1081	0.3161	0.2878	-0.0077	-0.1787	-0.0467	-0.6174	0.4373	-0.1663	-1.0078	0.2704	0.5370	1.2375	0.2781	-0.4156	0.6317	-1.0686	-0.3481	0.1768	1.0377	-0.6455	-0.5514	-0.1687	-1.4576	0.3411	0.2955	-0.7153	-0.0364	0.3257	-0.7640	-0.6914	0.0554	-0.3613	0.8392	-0.8561	0.1125	-0.7333	-0.0500	-0.7552	-1.2654	-1.0213	-0.1964	-0.6417
-0.3495	-1.1349	-0.2677	-1.2752	0.2891	-1.5967	0.4451	0.4124	1.0317	0.6624	0.2757	0.5131	0.0899	0.1717	0.2674	-1.2560	0.7197	-0.1693	1.4976	-0.0478	-0.2028	0.2775	-0.2726	0.7880	0.1659	0.6111	0.4456	-0.6109	0.0721	-0.2219	1.4709	-0.0021	-0.0427	0.2091	0.6483	-0.8255	-1.0331	0.5326	-0.9460	0.3920	-1.0263	0.6809	-0.6740	-0.2774	-0.1949	-0.9664	-0.8771	0.5295	-0.6569
0.8473	-0.2098	-1.0433	-1.3920	-0.4087	-0.7686	0.2838	-0.2070	0.8608	-0.3964	0.5800	1.1019	0.0703	0.0827	-0.4982	-0.5880	-0.2797	-0.5531	0.7130	0.7701	0.5698	-0.7063	0.9541	-0.8406	-0.0088	-0.0676	0.1904	-0.5329	-0.0978	-0.2243	0.8151	-0.4403	0.8036	1.2511	0.2464	-0.7923	-0.9697	0.4292	-0.5980	0.0535	-1.3359	0.0963	-0.0806	-0.7219	-0.9736	-0.4037	-0.6288	0.0901	0.0066
0.0309	0.4383	-0.8673	-1.5265	-1.0072	0.2673	-0.2178	-0.0943	-0.6505	-1.7852	0.0303	-0.4885	-0.0804	0.1353	-1.0993	0.0158	-0.5390	-1.1825	1.3471	0.2151	0.8965	0.2302	-0.4698	-1.1142	-0.2945	-0.7462	0.7067	-1.1104	0.1149	-0.2357	-0.9154	-0.6831	0.4505	0.4210	0.2534	-0.0689	-0.3110	-1.0408	-0.4379	-0.3198	-0.0736	-0.3500	-0.2740	0.1486	-0.8434	-0.1548	-0.4439	0.3450	-0.4453
-0.1612	0.8627	-0.6712	-0.5072	-0.7184	0.4478	0.8905	0.3419	-0.4760	0.2853	-0.3644	-0.4779	-0.1866	1.2606	-1.1790	0.0225	0.8865	0.0800	1.2428	0.0047	-0.1530	0.6164	-1.4349	-0.7224	0.7630	1.2780	0.3970	-1.0631	0.0209	-0.4275	-1.2005	-0.6844	0.2711	-0.6702	0.0338	-0.2944	-0.4802	0.4897	-0.2574	0.8724	1.1953	-1.0593	-0.6000	1.6138	0.1697	-0.2772	1.4594	0.1106	0.4246
-0.0192	0.9281	-0.5093	-1.2878	-0.7717	-1.1810	0.2056	0.7077	0.3005	-0.8106	0.2594	-0.4494	-0.7016	1.6733	-0.7405	-0.8657	1.3142	-0.9238	1.3270	-0.1186	-0.4015	-0.6727	-1.4948	0.0659	0.7133	1.1029	1.2912	-0.3225	0.0148	-0.5983	0.2481	-1.4486	-0.1289	-0.0412	0.0443	-0.3784	0.4281	1.2870	0.6261	0.7624	0.8512	0.1068	-0.3195	1.5243	-0.4038	0.5628	0.9447	0.8950	0.9434
0.7702	1.4776	-0.9060	-1.4805	-1.2359	-0.6710	0.3370	0.2629	-0.8453	0.2971	0.8631	-0.5226	-0.2695	1.0671	-1.4256	-0.2102	-0.0080	-1.4264	0.9239	0.3349	0.5716	-1.5156	-1.0152	-0.1768	-0.7246	0.4678	1.9912	-0.2690	1.2474	0.1482	1.6030	-2.2932	-0.4544	0.6660	1.2824	-0.5739	1.1163	1.4773	0.6125	0.4366	0.0043	0.5760	0.1498	1.1745	0.5429	0.3964	-0.1138	0.8887	1.3680
0.3998	0.6022	-1.3297	-1.3433	-0.1707	-0.2856	-0.5675	-0.3605	0.1892	0.0432	-0.9056	0.2111	-0.6840	0.9900	-0.2243	-0.4180	-0.5917	-0.8798	1.1589	-1.4424	1.9447	0.9084	-0.6127	0.5205	-0.4624	-1.1597	0.9818	-2.2332	1.8307	-0.7908	0.3254	0.6548	1.2795	-0.5950	1.1204	-1.6996	0.0408	-1.3482	1.4661	0.6129	-0.3977	1.3270	-1.0389	0.8943	0.1945	-0.7893	-0.2199	1.6973	0.3619
-0.0050	0.4565	-0.7518	0.1207	-0.4689	-0.3795	0.6484	0.0709	0.8346	0.8014	0.1869	-0.3876	-0.2790	0.8866	-0.4308	-0.5736	0.3203	0.2227	1.6945	0.1050	1.2667	0.2588	-0.0064	0.0785	0.4742	0.2563	1.0626	-1.0040	1.9063	-0.0092	-0.3756	0.1782	0.8515	-0.9559	1.4338	-1.1601	-0.7824	-0.6523	0.0303	-0.5992	0.1568	2.1100	-1.0812	0.3611	1.0157	-0.5747	0.3291	1.1027	1.4637
0.8465	0.8446	-0.7101	-0.6910	0.8391	-1.0676	0.5665	-0.2775	0.8086	-0.2580	1.4982	1.4142	-1.1553	1.3328	-0.4998	-1.4637	0.0422	0.5309	1.3774	2.1775	0.3879	-0.2557	-0.2827	0.8043	0.0320	0.5853	-0.0229	-0.0367	0.4164	-1.2452	1.0382	-0.5773	0.7728	0.3943	0.8001	-1.2640	0.9037	-0.0426	-0.1205	-1.5002	-0.1474	1.3374	0.9410	-0.8096	0.3993	0.0190	0.3851	0.9653	2.1671
0.1070	0.1951	-0.5655	-1.1536	0.0058	-0.4594	-0.7061	0.1238	-0.0820	-0.3552	-0.7184	1.1013	-0.4773	0.7763	-0.1816	-1.0803	0.2655	-0.5579	0.7454	0.2592	1.0092	0.5077	-0.7061	-0.5973	-0.2907	-1.2113	-0.1470	-1.3661	-0.2302	-1.4878	-0.5573	0.2855	1.6235	-0.5372	0.7007	-1.0797	0.5298	-1.0202	-0.6912	-0.9165	1.3927	1.3286	-0.2201	-0.3850	1.7185	-1.5584	-0.7170	0.0634	0.5474
0.1778	0.1229	0.1251	-0.1449	-0.4666	0.5697	0.6470	0.2805	-0.0752	1.2443	-0.4879	1.1069	-0.3081	1.2059	0.5911	0.2116	1.3959	1.1434	0.8264	-0.0915	0.2837	1.2105	-1.0584	0.3318	0.5803	-0.3545	-0.9143	-0.1168	0.2955	-1.0041	-0.0166	0.1835	0.9670	-0.0402	0.6137	-1.4558	-0.2155	0.3638	0.6671	0.4429	0.6479	0.5421	-1.6321	0.2891	0.1173	-1.6473	1.0656	0.9671	1.5140
0.2274	0.5237	0.1161	-0.5547	-0.4852	0.3544	0.2484	-0.1866	-0.6373	0.6331	1.9610	0.6973	-0.1965	0.8258	-0.7371	-0.9207	1.5856	0.0240	0.3212	0.2510	0.5561	-0.6591	-1.2607	0.6136	-0.8227	-0.6147	0.3100	0.1912	1.1004	0.1149	1.1740	-1.7284	0.5599	1.4076	0.2007	-1.1187	1.0840	0.3798	-0.0846	-0.6552	-0.1923	-1.0613	1.5737	-0.1001	0.3816	-0.7422	0.9142	0.6947	2.2230
0.2057	0.4520	0.1965	-0.6820	-0.9012	-0.7515	0.7163	0.1192	-1.0361	1.2949	0.6425	0.0957	-0.2202	0.3164	-0.8679	-0.5352	0.5082	-0.9605	0.6642	-0.4022	0.6200	-0.1532	-0.7595	1.1276	-0.9352	-2.2540	0.4666	0.0714	0.9099	-0.5528	1.2215	-2.1059	0.9571	0.7234	0.2792	-0.0858	1.1347	-0.2556	-0.2842	-0.2480	-0.6289	-1.0998	2.1028	-0.4084	1.0382	-1.7155	-1.0784	0.7117	1.4920
0.9558	-0.1147	-0.3738	0.0703	-0.0630	-0.5489	-0.5996	0.9271	-0.0777	-0.2001	-0.1136	0.6783	0.4663	0.5752	-0.1670	-0.3763	-0.1533	-0.8099	0.5670	-0.1628	0.4064	0.0397	-0.5642	-1.3903	-1.1402	-0.9679	0.9649	-0.2970	0.8029	-0.1281	1.8398	-0.1800	-0.3651	0.7358	0.1935	-0.3445	-0.5321	-2.1130	-0.6568	-0.0416	-0.2961	-0.6839	0.3443	0.3326	-0.4632	-0.0874	0.9120	0.7227	0.7579
1.2235	-0.3343	0.6712	-0.2093	-0.0827	-0.7422	0.2852	0.2850	1.1441	0.0114	0.2505	0.8519	0.5030	0.7402	-0.3288	0.2899	1.0460	0.4385	0.4716	0.3724	-0.2742	-0.7326	-0.2714	0.2812	-0.7714	-0.7403	1.0070	0.4250	0.8302	0.6800	1.4642	-0.0539	-0.8748	0.5546	0.7088	-0.5602	-0.9997	0.2839	-1.1989	0.2679	-0.8148	0.4175	0.8372	-0.8929	-0.7326	-0.1935	0.9469	0.6266	1.0374
1.3107	0.2495	0.5763	0.2054	-0.8341	-1.0663	0.2090	0.4371	0.5550	-1.4368	3.5748	-0.4367	-0.8552	0.1672	-0.3832	-1.1767	-0.0096	0.7505	1.1426	3.3094	-1.7628	-2.6245	3.0844	2.1345	-2.4194	-0.1493	0.8812	1.8041	0.3725	-0.9178	0.9971	2.5790	-1.2546	1.2743	0.1316	-0.2340	0.8593	0.2700	0.0121	1.0464	0.5385	-2.8250	2.4663	-0.8436	-0.5074	2.2637	1.6151	1.8560	0.1715
-0.4762	-0.3523	-0.2321	1.9295	-0.5101	0.1903	-0.9436	0.6448	-1.3841	-0.7302	2.5407	-1.7692	0.2315	-0.7267	-0.9572	0.0176	-1.4523	-1.0853	-0.5970	1.1713	-2.4439	-1.4842	2.4022	0.3446	-2.8236	-0.0147	0.4762	1.2058	-0.3329	0.2777	-0.8295	2.6839	-1.8014	-0.5070	-0.2580	0.1126	0.7829	0.0926	-0.5769	-0.1501	1.3756	-0.6772	0.2813	-0.8903	1.0228	1.3456	0.3699	0.5213	-1.6648
-0.9812	0.0242	-0.3272	2.2311	0.6791	-0.1414	0.3910	0.3963	-0.3793	0.2120	0.7070	-1.8123	-0.2284	-0.0526	-0.3091	-0.1260	-1.1537	1.2857	-1.4609	0.2543	-1.3440	0.2745	0.6574	-0.1358	-0.4485	2.2998	-1.1911	1.4590	-0.7193	-0.3581	-0.2225	1.0079	-0.3739	-1.2145	-0.7300	-0.2232	-0.3073	0.3070	0.0772	0.1279	0.0213	0.8976	-0.7343	-1.1561	-0.5494	-0.5006	0.0420	0.4412	-0.2449
-0.5976	0.1454	-0.6440	1.5669	1.2166	-1.7300	-0.2107	0.3465	0.6833	-0.0293	-0.3442	-0.6230	-1.0738	-0.4839	0.3893	-1.6666	-0.6550	1.0080	-1.3328	-0.5725	-1.4217	0.5569	1.0359	1.1302	-0.1394	1.5556	-0.7582	1.4720	-0.8753	-0.5657	-0.3733	0.9383	0.2139	-0.9691	-0.6926	-0.2043	-0.5618	-0.0380	-0.3381	-0.8284	-1.5414	1.1061	-0.1583	-1.4117	-1.4782	0.2715	0.2796	0.8342	0.2935
-0.8273	-0.0106	-1.2429	1.1467	1.0011	-1.5986	0.5209	0.1544	0.1662	-0.8456	1.0761	0.0122	-0.5362	-1.6253	-0.0729	-1.5186	-1.1019	-0.8426	-1.2837	-0.5183	-1.0816	-0.3383	1.7024	-0.6717	-0.9278	0.9030	0.4101	1.1339	-0.8429	-0.5138	-0.8682	-0.0514	0.1166	-1.2231	-0.7587	0.1972	-0.7791	0.1578	-2.1344	-0.9746	-1.7588	0.9017	0.1488	-1.1800	-0.8497	0.6586	-1.0341	0.3043	0.2470
-0.5165	-0.8823	-0.9968	0.1881	0.0846	-0.7958	0.5468	-0.2107	-0.6182	-1.5088	0.4650	-0.4950	-0.7344	-1.2599	0.2507	-0.5010	-1.7586	-0.7966	-1.2659	-0.7933	-0.5798	-0.1569	1.4362	-0.2744	-0.8065	0.9603	-0.3634	0.4858	-0.5968	-1.3917	-1.6473	0.0380	0.3882	-1.0513	-0.8901	0.1457	0.1558	-1.7218	-2.1040	-0.3899	-2.4363	0.3998	-0.6462	-1.4796	-1.7469	-0.3605	-1.5359	0.1479	-0.2559
-1.1273	-1.5414	-0.9001	-0.1872	-0.5314	-1.2977	-0.4841	0.2193	-0.9587	-0.6794	-1.4348	-1.5427	-0.2962	-0.8711	-0.2730	-0.2381	-1.3213	-0.6814	-1.5208	-0.9907	-0.2136	0.1761	0.8810	0.0246	-0.7359	1.2962	-0.4125	-0.5471	-1.1746	-0.5302	-1.9743	0.9484	0.5675	-2.0092	-0.3804	0.1403	-0.3718	-1.8060	-2.3041	-1.1233	-1.6420	0.2685	-1.3658	-1.6719	-1.2196	-1.0128	-1.1414	-0.8573	-0.9917
-1.7846	-1.7278	0.0929	-0.3391	-0.0564	-1.0531	-0.4883	0.3310	-0.3937	0.7715	-1.2430	-0.5604	-0.2961	-0.3586	0.0301	0.3174	-0.3429	-0.0518	-0.2427	-0.2710	-0.3094	0.0085	0.2104	-0.1200	0.3020	1.4022	-1.2850	-0.2909	-1.3784	-1.1278	0.1144	0.9096	0.2329	-1.7483	-0.3197	-0.3973	-1.6537	-0.4090	-1.6573	-1.3484	-1.5977	1.1461	-0.5534	-1.6860	-1.3006	-1.2715	-0.6866	-0.7693	-0.6878
-2.0601	-1.2822	0.5283	-0.5067	0.3089	-1.7434	-0.7500	0.3731	-0.1989	-0.9163	-1.0777	0.6241	-0.6454	-1.1361	0.5827	-0.0958	-0.0703	-0.8308	0.2813	-0.1205	-0.7552	-0.7654	0.8509	-0.3282	-0.5154	-0.4002	-1.1514	-0.2841	-0.1567	-1.3436	0.9526	1.4963	-0.8818	0.1200	-0.7444	-0.7173	-1.5406	-0.3789	-1.0067	-0.6763	-1.6526	1.2212	0.4058	-1.4523	-0.7798	0.4772	0.1804	-1.5065	-0.5653
-1.3106	-0.2895	0.7643	-0.2241	0.3783	-0.9857	-0.0920	-0.2248	-1.5416	-0.1396	0.3079	-0.1247	0.1983	-2.1928	0.2103	0.3404	-0.7213	-1.2235	-0.3567	0.4848	-1.0981	-1.1825	1.2142	-0.4664	-1.7736	-0.9643	-1.0777	-0.0632	0.2899	-0.0786	1.1559	1.0443	-0.9921	1.1806	-0.7798	-0.4223	-1.4143	0.4011	-0.8165	-0.9286	-0.9971	-0.3972	0.6496	-0.8847	-0.2072	0.5931	-0.9337	-2.3664	-1.2078
-0.7086	-0.1665	-0.0289	0.0641	1.3747	0.8094	-0.1131	-0.3329	-1.0652	-1.5242	-0.2163	-0.3258	0.3459	-1.9746	0.4608	1.4600	-1.2514	-1.5341	-0.5804	-0.0682	-0.3638	0.0749	1.2871	-1.8468	-0.9843	0.5641	-2.2616	0.0380	-0.0103	0.1005	0.0685	1.5051	-0.1443	0.5220	-1.5962	-0.9330	-0.9379	-1.0290	-0.0193	-1.1965	-0.4310	-1.6560	0.7857	-0.6619	-1.4731	0.3220	-1.1738	-1.4040	-1.2560
-1.2481	-0.8046	0.1975	0.8056	0.3505	0.5087	-0.1178	0.2964	-0.5503	-0.4845	-0.2229	-1.4592	0.4878	-1.3896	0.2543	2.0929	-0.7551	-0.8626	-0.3903	-0.3754	-0.4574	0.6568	0.9362	-0.9873	0.2633	0.4218	-1.9486	0.7251	-0.1025	0.1065	-1.5244	1.3229	-0.7367	-0.4715	-1.2453	-0.4975	-1.0245	-0.3349	-0.3340	-0.5804	-0.0460	-1.1518	0.3806	-0.6467	-0.7603	-0.9234	-1.2866	-1.0433	-1.2828
-0.4045	-1.1014	0.1260	0.0673	0.9114	-1.4280	-0.7915	0.2311	0.7214	1.7389	-0.5708	-0.0582	0.2420	-1.0319	1.2627	1.6573	-0.6285	0.0386	0.2029	0.1254	-0.9969	0.7719	1.5119	1.3887	0.8906	0.6060	-1.6874	0.9313	-0.1590	-0.5983	-1.3675	1.7800	-0.5396	0.9399	-1.2058	-0.3985	-1.7024	-0.0910	-0.1735	-0.5257	-1.0451	-0.6571	0.4763	-0.3311	-0.4968	-0.2331	0.0397	-0.5627	-1.1205
-0.4700	-0.4169	0.3220	0.6912	0.1643	-1.2254	-0.9278	0.8311	0.3160	0.5927	-0.6350	-0.3203	0.7843	-1.3629	1.4066	0.9736	-0.8165	-0.5458	0.0822	0.0843	-0.0751	-0.4427	1.6836	0.3389	0.3262	0.2524	-1.2335	0.9433	0.3204	-1.7140	0.0975	1.1757	-0.3671	1.2872	-1.4859	0.1987	0.8757	-0.2151	-0.5292	-0.6925	-0.9213	-0.2167	0.9394	-0.4295	0.1676	0.8014	0.1643	-1.2542	-1.5605
-1.4384	-0.1116	1.5114	1.7216	-0.6901	0.2064	0.4580	0.1404	-1.0809	-1.4719	-0.6829	-1.3821	2.0585	-0.8782	1.2808	1.6981	-0.2839	-2.2958	-0.4913	-0.7586	0.6790	0.5259	1.0412	-2.6576	0.2779	-1.4487	-2.3279	1.2952	0.7707	-1.0856	0.3955	-0.3898	-1.0417	0.1596	-1.4669	1.1069	-0.2784	-0.1421	-0.3801	0.1539	-0.3292	0.1656	1.3460	0.1571	-0.2747	-0.3264	-1.7697	-2.2544	-1.4053
-0.4635	0.1922	0.9870	1.2068	0.9989	-0.4562	-0.3041	-0.0092	-0.1532	-1.6066	-0.2565	-0.6687	1.4857	0.2604	1.6440	0.7218	-0.0696	-1.4210	0.3009	-0.0194	0.3834	1.4005	1.0339	-2.0143	1.0528	0.8977	-1.3185	1.3822	0.3968	-1.1330	0.3966	0.6576	-0.7465	0.8348	-0.8183	0.7458	-0.9115	-1.4451	-0.0304	0.5141	0.2630	-0.8275	0.7751	1.3192	-0.6222	0.4425	-0.1691	-1.3806	-0.0261
-0.1639	0.6400	0.6413	0.8649	1.0098	0.1605	-0.1179	-0.1321	0.8027	1.2293	-0.2695	0.3572	1.8525	0.6887	1.0429	1.0032	1.0502	1.0776	0.1126	0.6459	0.6736	1.6094	1.2130	0.9893	1.1588	1.1297	-0.0409	1.1606	0.0972	0.4080	-0.6024	0.6250	-0.0579	0.0998	0.1865	1.0679	-0.4792	1.3700	-0.0355	-0.3622	0.5657	-0.4173	1.3331	0.6479	1.2110	0.5945	0.8485	-0.2785	1.2649
0.3979	0.7102	-0.2376	0.6804	1.3987	1.4893	-1.0336	0.0868	0.7739	0.2424	-0.7007	1.3451	0.8938	0.6886	-0.1249	0.5112	0.2433	0.6703	-0.9510	0.3623	0.8212	0.5263	1.5601	0.7191	0.5577	0.4394	-0.1337	0.1224	-0.1476	0.2601	-0.7459	0.0931	1.0272	0.0784	-0.2432	0.2134	0.4568	-0.0749	0.9406	-1.2630	0.3879	-0.5797	2.0971	0.1195	0.8272	0.8521	1.2565	0.2613	0.8960
-1.1227	0.5535	0.4629	0.4803	0.4602	0.7454	-1.3251	0.0066	0.1739	-0.0273	-0.9008	-0.2208	0.2226	0.0352	-0.5679	-0.2169	0.0502	-0.6406	-0.5331	0.4304	0.9443	1.2016	0.5326	-0.3568	-0.2306	-1.3861	0.1909	-0.6906	-0.5508	0.2690	-2.1881	0.1470	1.2800	-0.6016	-0.3236	0.7541	0.1562	-1.0204	0.2449	-1.0221	1.7753	0.5010	0.8230	-0.0576	1.8506	0.0793	0.0046	0.1482	0.0124
-1.0205	0.1549	1.5001	-1.0558	-0.2981	-0.3387	-0.3661	0.0769	1.2413	0.6474	-1.3055	0.4010	-0.1647	0.2486	0.1466	0.7714	0.2960	1.4134	0.4091	0.1227	0.5505	1.7132	-0.0523	0.2359	0.5606	-0.9462	-0.5866	-0.0539	-0.3391	0.1991	-0.5109	0.5703	1.0055	-0.5358	0.2144	0.4687	0.4517	-1.1191	-0.0573	0.0536	0.8531	1.4350	-0.5715	-0.0826	0.6345	-1.1493	-0.0128	0.6040	0.4493
-0.5654	-0.3571	1.8053	-0.7678	-0.2596	-0.6891	-0.2227	0.4906	1.7782	-0.4914	-0.0378	0.1822	0.4247	0.2625	0.2531	0.4539	-0.0020	0.6600	0.8005	-0.1838	0.7429	0.3097	0.1637	1.1369	0.8225	-1.3658	-0.6831	0.5740	0.6743	0.3691	0.5555	0.1421	0.5456	0.7581	0.5177	-0.3948	0.5593	-0.4819	-0.6474	-0.4753	0.6124	1.6596	-0.0045	-0.0428	-0.1803	-0.2869	0.1658	0.7595	0.2668
0.1001	0.0272	1.3676	0.1720	-0.6148	-0.2792	1.0150	-0.3090	1.4143	0.0717	0.7113	1.3767	0.9257	-0.4698	0.2803	1.0433	-0.6998	-0.3604	-0.1355	0.9840	0.4519	-1.3158	1.6597	-0.7235	-0.1545	-1.3989	-0.3780	0.2795	0.9178	-0.0346	1.2608	0.0214	0.1976	1.9642	0.0714	-0.8635	0.4092	0.4654	-1.2688	-1.2729	0.1510	0.7646	0.3256	-0.1572	-0.3159	0.5091	0.5061	0.5224	0.2306
1.1973	-0.0751	0.5631	-0.4212	-0.8342	0.2608	0.9707	-1.5716	1.1290	-0.4898	1.0236	0.8926	0.1301	-0.2464	-0.3079	0.6574	-0.8288	-0.0467	0.1169	0.4163	2.1933	0.0947	0.2362	0.8507	-0.8211	-1.7116	-0.3529	-1.0323	0.5916	-1.5775	0.6299	0.1214	0.2164	0.5062	0.5796	-1.3512	1.0386	-0.4589	-0.6494	-1.0519	-0.5360	0.6990	0.4417	-1.1738	-0.2464	-1.3045	-0.7165	1.1168	-0.3311
0.6145	0.4664	-0.4824	-1.1847	0.2968	0.6912	0.3255	-0.9546	1.9123	-0.3544	0.1181	-0.3005	0.5192	0.0274	-0.9295	0.5148	0.4389	0.4830	0.1095	1.6968	1.8053	0.6164	0.1576	0.8033	0.8951	1.2490	0.0729	-0.5432	0.0100	0.1744	0.0318	0.2600	-0.0779	-0.4560	0.6113	-0.9785	-0.3920	0.0270	-0.6077	-0.8382	0.4601	0.6690	-0.8623	-0.1707	0.8375	-0.8221	0.9938	0.6325	-0.3325
0.2002	1.4450	-0.3361	-2.2870	1.4581	0.7029	0.4774	-0.5163	1.6627	1.7431	0.0461	0.0690	-0.0679	0.3521	-0.8975	-0.1887	0.8072	1.3904	0.4047	2.2902	0.4456	0.7627	-0.2074	1.9875	1.8961	2.0359	-0.0007	0.1811	-0.6995	0.6224	-0.0087	-0.1274	0.0359	0.1873	-0.1630	-0.5771	-0.0029	1.1632	0.6543	-1.0611	0.6759	0.3706	-1.4075	0.1999	-0.1540	-0.2973	1.9717	1.0319	0.2070
0.3922	2.2203	-1.6869	-1.9899	1.1107	0.7312	-0.0887	0.2846	1.6678	1.1983	0.0645	-0.7094	-0.6855	-0.6878	-1.2945	-1.1246	0.1478	0.4665	0.1255	1.2283	-0.4026	-0.1727	0.1084	1.1803	0.8291	0.5512	1.4615	-0.5960	-1.0780	0.8037	-0.4066	-0.0780	0.4856	0.1947	0.1558	0.7099	0.9491	0.2515	0.5045	-1.2808	1.5430	-0.5593	-0.9726	1.1003	0.5717	0.1798	1.7337	1.0341	0.3106
-0.3946	2.7907	-1.5810	-2.0008	0.4410	0.5453	-0.5426	-0.7549	0.7708	0.5054	-0.7105	-0.3415	-1.1595	-0.3394	-1.2777	-0.5794	0.5791	-0.5460	-0.4341	0.1814	0.5478	1.1440	-0.8746	0.0120	0.4400	-0.5713	1.2009	-1.6882	-0.5845	0.8824	-0.9942	-1.0207	0.9532	-0.9139	0.1230	1.0373	0.6089	0.3553	1.6871	-0.2552	2.1094	-0.2086	-1.0053	1.8025	0.3609	-0.2364	0.8759	0.9892	0.0837
0.4604	1.8178	-1.8024	-1.0982	1.1964	1.5531	-0.9942	-1.3614	0.6966	-0.4484	-0.3729	0.8391	-1.1636	0.7598	-1.1100	-0.8808	0.7217	0.4108	-0.5362	-0.7075	1.1615	0.6194	-1.3729	0.2947	0.9773	1.0020	1.4242	-1.3701	-0.9125	0.8684	-0.8478	-0.7773	1.3131	-1.0530	0.0982	0.1930	0.9301	-0.3949	2.0907	1.0869	2.1333	-0.8004	-0.9835	1.9302	0.6599	0.0690	1.6036	1.4421	0.9520
-0.4752	1.4019	-1.5917	-0.8256	0.5074	2.1406	-1.3045	-0.9435	0.3451	1.0657	-0.5180	-0.3144	-1.2081	0.5188	-1.0440	-0.5384	1.2069	0.4376	-1.0187	0.5161	0.4418	-1.1130	-1.2439	0.3812	0.6159	1.4570	1.5673	-1.3863	-0.8571	1.8735	-1.0658	-0.9415	1.7207	-0.7469	0.3162	0.5198	0.1131	2.3411	1.1568	1.2543	2.8184	-0.6774	-0.2470	1.8776	1.9859	0.8677	1.7488	1.1349	1.7725
0.4062	1.8586	-0.8584	-1.1797	1.1458	1.9935	-1.1761	-1.5878	0.2601	1.4194	0.5904	-0.5835	-1.2500	-0.0933	-0.8133	0.0449	1.0149	0.6930	-0.0455	0.4042	1.2867	0.6604	-0.8120	0.5189	0.3786	0.4165	0.9634	-0.8388	-1.0948	1.2790	-0.2241	-1.3615	2.0005	0.2829	0.1431	1.4540	1.4962	2.0427	1.9145	0.5203	1.9596	-1.6741	-0.0105	1.9366	1.9103	0.8194	1.3823	1.2226	1.0845
-0.6366	1.0335	0.0090	-1.3444	0.1947	0.2684	-1.5143	-0.6382	0.6580	1.1263	-0.3141	-0.2349	-1.3389	0.6047	-1.0741	-0.8026	1.0626	1.1875	0.0326	-0.0672	1.4704	0.1193	-1.4977	-0.2382	0.8680	0.2452	1.2852	-0.9799	0.1467	1.9464	-0.6526	-0.8037	1.1879	-0.5078	0.7349	1.4356	1.3941	0.9362	2.2053	1.6956	1.5143	0.1787	-1.3011	2.0915	1.7014	-0.2244	1.0793	1.4569	0.1681
-0.3449	0.3915	0.7879	-1.0692	0.2915	-1.0450	-0.8626	-0.8093	0.1345	-0.0634	1.2038	1.0184	-0.9127	1.1163	-0.6186	-0.9273	0.9792	-0.0101	0.4684	0.5268	0.7817	-0.7703	-2.4224	0.3497	0.8282	1.0082	1.5009	0.0515	0.6111	1.4107	0.3430	-2.0251	0.3788	0.7100	1.6473	0.4959	1.3041	2.4151	1.8727	2.8963	0.6115	-0.0505	-0.6356	1.8344	0.3534	0.2395	0.2426	1.7657	0.0830
0.2542	0.0725	0.2176	-0.5532	0.6319	-0.8741	-0.6987	-0.7076	-0.0420	-1.1828	1.1784	0.6262	-0.4257	-0.1211	-0.2799	-0.8060	-0.3718	-1.4142	0.2872	0.1315	0.9365	-2.1278	-1.2522	-1.3355	0.2392	-0.0803	2.2029	0.0736	1.3371	0.0121	1.3724	-1.0410	0.4685	2.7569	1.8220	-0.0717	1.3712	0.5976	1.1495	2.4386	-0.1637	-0.3724	-0.0106	1.2985	0.0426	1.3566	-0.5240	1.4576	-0.3138
0.1428	-0.2457	1.7070	1.2185	-1.1106	0.1428	-0.1574	-1.3685	-0.8420	-1.2647	1.1482	-0.3926	0.2690	-0.1425	-0.1527	0.2026	-0.0930	0.0181	-0.4074	-0.5482	1.2833	-0.0695	-1.2636	-1.4646	0.4282	-2.4082	2.0461	0.1195	1.7014	0.5190	0.0837	-1.8324	0.0279	1.5118	2.0600	1.3221	1.5201	1.2242	1.2235	2.0281	0.1974	1.1075	-1.0640	0.6668	1.4434	0.6906	-1.8478	1.2925	-1.6083
0.7052	-1.0094	1.5534	1.9525	0.3461	1.8801	1.0123	-1.3236	-0.1433	-0.3218	0.5733	1.0163	1.0467	-0.7341	0.3740	1.1910	0.2734	2.5912	-0.1553	-0.2934	0.3761	1.4152	-2.4304	-0.5272	1.6687	-0.6739	0.2781	0.2598	0.1146	0.6606	0.0812	-2.0412	-1.1491	1.0205	1.1557	1.0312	0.4269	1.3042	0.8163	1.4635	-0.4448	-0.1153	-1.9473	0.5432	1.2645	-1.0358	-0.7448	0.4411	-2.4128
-0.4244	-0.6887	1.2559	1.1889	0.7510	1.9410	0.8475	-1.1520	-0.2648	1.2031	-0.6540	0.3642	0.9287	-0.5225	0.2618	0.8573	1.5650	2.0744	-0.5573	0.7710	-0.6764	0.0277	-2.8985	0.0870	1.7615	-0.1132	0.1806	0.9402	-0.8307	1.5510	0.7042	-2.2831	-1.7410	1.0677	0.7911	1.8624	-0.2372	1.4334	0.8193	0.4235	-1.2662	-0.5780	-1.8592	-0.1102	1.8007	-0.5312	-0.4419	-0.4119	-0.7871
0.0408	-0.0881	0.0164	0.4583	0.9055	1.5094	0.5800	-0.7259	-0.2561	-0.4165	-0.7107	0.8469	0.8102	0.2048	0.7090	1.0962	1.1034	0.3941	-1.0708	0.2051	-1.2000	-0.5348	-2.3918	-1.2101	1.3699	-0.8581	-0.0101	-0.0799	-0.9306	1.1272	1.5961	-1.0383	-0.4676	1.0635	-0.5864	0.8112	-0.9911	-0.4701	1.3651	0.1907	-0.2583	-1.8444	-1.7449	1.0786	1.1017	0.4153	0.0653	-1.2233	-0.3019
-0.2662	-0.0831	0.9765	1.3397	-0.2887	0.8643	0.4305	-0.6412	-0.2028	-0.2796	-1.1438	-0.6234	1.8267	0.3330	0.4315	1.6610	1.4795	0.3122	-0.1269	-1.5833	0.1308	0.8964	-2.0316	-0.8275	1.7035	-1.9619	0.6637	-0.0470	0.4449	2.0086	-0.0239	-0.4762	-0.0166	-0.9244	-1.0378	0.2600	-1.5695	0.1952	1.7795	0.7960	1.0714	-1.2176	-1.7640	1.6946	1.2967	-0.6877	-0.3437	-1.6707	-0.7594
0.2271	-0.4343	2.0842	1.7729	0.1679	1.0052	0.2372	-0.1244	-0.1892	1.6254	-0.5565	-0.3358	1.7689	1.4381	1.3861	1.8556	1.4646	0.0936	0.6133	-1.3251	-0.9264	0.7345	-2.8829	1.2157	1.5299	-0.9853	-0.4867	0.7865	1.0671	1.5509	1.3493	-0.6612	0.0032	-0.0535	-0.7781	0.1247	0.0007	0.5438	2.2606	1.3734	-0.0712	-1.1080	-1.8615	1.4424	0.0978	0.0604	0.0207	-0.0572	-0.2028
0.4583	-0.5641	1.8900	1.2858	0.0975	0.0809	0.0286	0.1833	-0.0083	0.4805	-1.2883	1.3236	1.2820	1.8304	2.2876	0.7483	0.5677	-0.3926	-0.0844	-0.5362	-1.2915	-1.3061	0.0474	1.2220	-0.2935	-1.6369	0.0331	0.5092	1.7441	0.8434	2.3953	2.2054	0.8046	0.9768	-1.2237	-0.0552	1.8146	-0.1556	1.9629	1.7716	-0.5267	-0.6578	-1.2089	1.1452	-0.0430	1.8613	-0.3068	0.5690	-0.0458
0.8154	-0.8890	0.5349	1.0126	-0.8299	0.1599	1.9038	0.5412	-1.5500	-0.0937	-1.0259	1.7328	2.0433	2.0538	1.1857	1.5927	0.9220	-0.2343	1.1250	-1.1985	-1.9514	0.3884	-0.3162	0.5907	-1.5027	-1.3136	-0.0869	-0.2125	2.0229	0.5849	1.9573	0.7795	-1.0707	0.1396	-0.8430	-0.8840	0.9792	0.2942	1.1392	0.9665	0.3039	-0.7137	0.7625	0.8000	-0.4496	1.5788	-0.5435	-0.3876	0.3397
1.2409	-0.3371	-0.4988	1.0542	0.4165	-0.7942	0.6795	0.7492	-1.3964	0.2512	0.1117	0.8108	2.2397	1.7657	0.8320	0.7257	0.5914	-1.2282	1.2692	-0.4713	-1.9722	0.5850	-1.2297	-0.0208	-1.4202	0.5550	-0.0652	1.4562	1.2891	0.8855	2.0812	0.7399	-1.1415	0.3968	-0.8490	-0.5483	-0.4472	-0.0911	0.1121	0.1473	0.5339	-1.2242	1.0618	1.0040	-0.5079	1.7454	0.7355	-0.3928	0.9816
1.7101	0.0624	-1.0415	1.1856	0.4370	-0.7162	0.9701	-0.2294	-0.6263	1.5747	-0.1133	0.7881	1.2879	1.3814	1.6138	0.3875	0.0269	0.2768	0.4337	-0.1012	-1.8745	0.1228	-0.5564	-0.1461	-1.4138	-0.1764	0.2654	1.2939	0.6459	0.3118	2.2751	1.5042	0.4338	0.2015	-1.0179	-1.0719	-0.4955	0.8381	0.2250	0.9948	-0.4169	-0.1739	1.5165	0.1732	-0.7316	1.0731	-0.2496	0.0425	0.9023
0.6945	-0.2749	-1.2398	1.5503	0.0126	-0.6724	0.2104	0.2652	-1.1419	-0.3904	0.9228	-1.9764	0.4713	0.0828	0.5737	0.3309	-1.6554	-0.8088	0.7407	1.2915	-0.6124	0.1144	0.3912	1.4381	-1.6726	0.2589	0.9666	1.1320	0.1980	-0.2489	0.0940	1.2591	-0.0758	-1.5893	-0.5336	-0.9109	1.2705	-0.7788	-0.4036	-0.0938	0.1419	1.2912	-0.2272	-0.6196	-1.1582	0.2056	-1.6739	0.3578	-0.8465
0.5289	-1.3143	-1.0435	2.1284	-0.4049	0.5649	-0.5335	1.2274	-0.5056	-0.3027	-0.1329	-1.4615	0.6810	-0.7515	-0.3527	0.1205	-0.9629	0.5827	0.0449	-0.2159	-1.4875	0.8345	0.7962	0.7978	-0.7110	0.7549	-0.1275	1.4242	-1.2422	0.3274	-1.0601	0.4220	0.2304	-1.7010	-0.4450	0.0108	0.1654	0.3729	-0.9923	-0.4973	-1.2577	1.6202	-0.6755	-1.3837	-1.2429	-1.2542	-1.0317	-0.7862	-0.6108
0.7799	-1.3732	-1.5251	0.9220	-0.7183	-0.0487	-0.6669	2.0374	0.1172	-0.2070	-0.2146	0.1011	-0.5222	-1.3867	0.3749	-0.8860	-1.0864	0.7017	-0.4492	-0.7001	-2.4587	0.0238	1.6284	-0.1392	-0.3745	0.7569	-0.1496	0.4879	-1.4150	0.0169	-0.6426	0.6438	0.7408	-1.2473	0.3322	0.3106	-0.8646	-0.6813	-1.4071	-0.6838	-1.8548	1.3281	-0.2951	-0.9856	-1.5311	-0.5734	-0.2509	-2.1647	0.2203
0.5611	-0.7403	-1.9982	-0.0304	-1.5876	0.6821	1.2780	1.0988	-1.2171	-0.0711	0.2584	0.5625	-0.7727	-1.1811	0.2734	0.2978	-1.6093	0.9888	-0.7024	0.1039	-1.3697	-0.9184	1.0838	-1.1812	-0.7726	1.3967	-0.7122	0.1560	-1.8785	-0.5346	-0.5165	-0.8308	-0.2547	-0.9601	0.2579	0.6571	-1.1039	-0.2181	-1.7191	-0.4013	-1.2806	-0.3896	0.6547	-0.9133	-1.7317	0.0605	-1.0118	-2.8303	1.1091
0.0897	-1.2004	-1.6742	-0.2963	-1.2227	0.0887	0.1126	1.3007	-0.6415	-1.4358	-1.4593	-0.6007	-0.8321	-0.6844	0.9210	-0.1504	-0.5858	0.4967	0.4249	-0.6879	0.3815	0.4372	0.9136	-0.2086	-0.0106	1.2847	-0.2101	-0.6809	-1.0489	-1.1763	-2.5020	0.7715	0.2050	-2.7408	0.6227	1.0693	-1.1684	-2.5239	-1.8858	-0.2849	-1.1644	0.2721	-1.0775	-0.3865	-1.2897	-0.9197	-2.1726	-2.2252	-0.1176
0.1271	-0.8625	-0.6732	-0.4420	-0.7423	0.6193	0.2323	1.5497	0.4749	0.2249	-0.7752	-0.1264	-1.8846	0.8643	0.3834	-0.4550	0.6820	0.9645	0.7371	0.4292	0.3606	0.6733	-0.2299	-0.1777	1.5112	2.3179	-0.7194	-0.8688	-0.7051	-1.1247	-1.9426	0.1579	0.3571	-2.0757	1.6597	1.0395	-0.8033	-1.1041	-1.1930	-0.0749	-1.0363	0.1792	-0.4008	-0.5836	-1.7424	-0.8969	-1.4635	-1.2806	0.2966
0.3922	-0.4865	-1.0348	-1.5294	-0.6087	-1.1062	-0.6292	1.4825	0.4284	-1.9882	1.2071	0.9059	-2.0761	0.1465	-0.4427	-1.9257	-0.4121	-0.9539	-0.1061	1.2502	0.2722	-1.0273	1.0206	-0.5545	-0.3499	1.1481	0.3638	-1.7776	0.5271	-0.9540	-0.2212	-0.2233	0.5782	-0.1583	0.8678	0.6000	0.9720	-0.8323	-1.4223	-0.5655	-0.3791	-0.0141	1.4532	-1.0319	-1.0396	0.2263	-0.5713	-1.4682	0.0662
0.4603	-0.4737	-1.2774	-0.8793	-0.7556	-0.8685	2.4041	0.7731	-1.2327	0.2286	0.0251	0.6345	-1.1683	-0.4407	-0.9230	-2.0002	-1.0786	-0.7142	0.0252	-0.0691	0.4999	-0.0368	0.6325	-0.0685	-0.7239	-0.7552	0.2859	-1.1418	-0.1764	-0.6968	0.1588	-2.3562	-0.0591	-0.5010	0.0427	0.6143	0.0955	-0.3746	-1.2565	-0.6555	-0.4920	-0.6212	1.2499	-1.3961	-0.2122	-0.7746	-1.1175	-1.9237	-0.0593
0.0697	-1.1516	-0.5780	-0.3223	-0.5897	0.2540	0.9765	1.5218	-1.6234	-0.9073	-0.7733	-0.9166	-1.2390	-0.4759	-0.4594	-1.6597	-0.8294	0.6382	0.1127	-0.9795	0.2034	0.9145	-0.6343	-1.1144	0.4357	-1.1842	0.0209	-0.1185	-0.9954	-0.3966	-0.8179	-0.8431	-0.5478	-0.5927	0.2899	0.7564	-0.2687	-2.7525	-0.9076	-0.9381	-0.8352	0.1006	-0.5633	-1.1728	-0.8852	-0.4421	0.5262	-0.5853	-0.3621
-0.2115	-1.0631	-0.5957	-0.3580	-1.6234	-0.0195	1.4165	1.8835	-0.6591	0.1800	-0.2789	-0.2033	-0.5839	-0.6223	-0.2990	-1.1627	-0.6101	0.7737	-0.1910	-1.1011	-0.6164	-0.5920	-0.8725	-0.4337	0.7184	-1.2771	-0.6089	0.2707	-1.2625	0.7132	-0.7142	-1.0218	-1.4936	0.0012	0.1746	1.3630	-0.8290	0.0382	-0.9003	0.0813	-0.6581	0.1585	-0.1496	-1.0190	-0.8470	0.0437	0.7008	-0.3423	-0.2560
0.8870	-0.9093	-0.3191	-0.3192	-1.4473	0.9185	1.6888	1.1272	0.8383	0.1676	-0.8315	2.2819	0.0181	-1.3466	0.5752	-0.4447	-1.3927	0.2559	-1.7946	-2.2430	-0.9691	-2.5442	0.3145	-0.6446	0.6018	-1.8017	-1.9793	-0.1363	-1.6793	0.4660	0.5093	-0.7825	-2.2864	1.4265	-0.3073	0.6069	-0.6567	-0.5743	0.0699	1.4903	-1.2933	0.7258	0.4601	-0.9329	-1.9921	0.9101	0.0240	0.2676	-0.8982
1.1495	-0.3993	0.4309	-0.1336	-3.1860	0.6953	4.1699	0.0858	-1.2235	1.1076	-1.8492	-1.9016	0.3216	-0.3088	0.0922	-0.2948	-1.8736	0.5404	0.2134	-2.4869	-0.7186	-2.1925	-0.3605	-0.2511	0.0549	-1.6373	-0.0386	0.6246	-1.6030	0.4622	0.0344	-0.9314	-2.9975	1.1262	-0.2823	0.5989	-1.0938	0.0532	0.2001	0.1823	0.6316	-0.7380	1.5678	-2.2055	-1.1381	0.6312	-0.6465	0.6188	-0.9636
1.2085	1.6099	1.8123	0.9795	0.7055	-0.1138	1.4691	-0.9373	-0.9931	1.7158	0.5552	-1.8759	0.0712	-0.7676	1.0190	0.0228	-1.2864	-0.3712	0.0190	-0.2448	1.2863	0.7721	0.4385	-0.1791	1.2327	1.5213	-0.1701	1.7871	-0.8906	0.4498	0.2513	1.0733	-0.3800	1.3557	-0.4056	0.3378	-1.0746	2.0202	0.3748	-0.6183	1.2278	0.2921	2.0944	-1.5459	0.0875	1.9569	-0.1839	0.6319	1.3334
-0.8957	2.6876	2.4488	0.7587	0.7751	-2.1049	-2.8383	0.2853	-1.1617	1.4232	4.3923	-0.9034	-1.0805	-0.9973	0.6935	-2.1256	-0.8102	-1.6253	-0.7971	0.2559	1.5279	1.3121	2.5348	1.2445	-0.7416	1.1556	-0.2679	1.3029	-0.3104	0.2379	-0.7174	1.2694	0.5180	1.3952	-0.1922	-0.5856	2.6018	1.5964	0.7987	-0.1934	3.2467	0.9307	2.3499	-0.3045	0.1972	4.8313	1.3418	2.3625	1.7673
-0.8735	1.3982	2.9347	0.7198	-0.1571	-0.6182	-1.4231	-0.1576	-1.0271	1.6026	1.9684	-0.0249	0.1268	-0.5419	0.4460	-1.2169	0.6637	-0.0642	-1.2209	-1.2674	1.2006	0.0667	2.0913	0.4858	-1.4188	-1.7787	0.8342	0.8041	0.0639	0.8157	-0.6833	1.2490	0.9064	-1.1980	-0.3625	0.1542	0.4213	0.2482	0.3779	-0.3660	0.7775	2.8222	0.9287	-0.1360	0.9426	1.5864	0.3331	1.6075	1.2048
0.0119	0.3025	2.8519	0.3504	-0.4169	-0.2375	-0.3803	-0.6686	-1.1594	0.8036	0.7505	-0.2589	-0.9021	-0.3081	0.1438	-0.4538	-0.7372	-1.1114	0.1868	-1.5073	0.0845	0.1239	1.1698	0.7558	-1.1844	-1.3670	0.0147	0.3681	-0.2053	-0.3980	-0.5380	0.9840	0.4141	-0.7637	-0.5446	-0.4938	1.3162	-1.0715	0.2764	0.1859	-0.5747	0.8055	0.5662	-1.0004	-0.3659	-0.6475	-0.3868	1.0520	0.6787
0.2319	-0.3164	2.1222	0.3345	-0.1885	-0.4798	-0.3777	-0.2859	-0.4060	0.6190	-0.6700	-1.0198	-0.5137	0.5216	0.3189	0.7795	-0.4114	-1.9931	0.5513	-0.4017	0.0163	0.5815	1.2154	-0.1100	-0.7746	0.2457	0.4879	1.2064	0.4976	-0.3779	-0.5521	1.7596	-0.5583	-1.3040	-0.4584	-0.0774	-0.2800	-0.6353	-0.8906	0.1539	-1.0284	0.8557	-0.9337	-0.1205	-0.0721	-1.7517	0.8722	0.3009	0.5951
0.8420	-0.4791	0.7481	-0.5606	-0.0078	-1.0847	0.5533	-0.5677	0.3860	0.1224	0.6347	0.6218	-0.7890	0.8725	0.4668	0.4763	-0.4138	-1.7961	0.0178	-0.2187	-0.8730	-0.1499	1.4240	0.2843	-0.8813	0.0661	-0.4149	0.7197	0.5898	-1.2652	0.5709	1.6035	-0.6561	-0.4555	-0.9123	-0.9694	-0.9377	-0.0572	-0.6620	-0.0563	-1.6637	-0.3980	0.6754	0.2496	-1.5777	-1.4236	0.8690	-0.0422	0.5179
0.3630	-0.2327	-0.3987	-0.2879	-0.8388	-0.0685	-0.5079	-0.5594	-0.4325	-0.3641	1.5945	-0.1702	-0.4300	1.1601	-0.3039	-0.2115	0.1168	-1.2265	-0.1558	-0.6030	-0.2763	-0.0929	1.2729	0.1199	-1.7267	-0.6455	-0.0170	-1.2227	0.8286	-0.8318	-0.5886	0.8612	-0.3062	-0.8605	-1.0681	-0.2172	0.0990	-0.5740	-1.0052	-0.7840	-0.3965	-0.7236	0.9869	0.1230	-0.2440	-1.4245	0.2439	-0.9129	-0.4357
0.0782	-0.3562	-0.7554	-0.2484	-1.1744	1.0730	0.3619	-0.6418	0.4502	0.0344	-0.3975	0.0816	-0.2921	1.7440	-0.5564	0.1620	1.6243	0.9246	-0.1607	-1.2872	0.6585	0.7946	0.3888	-0.6022	-2.0390	0.2220	-1.2143	-1.1859	1.1674	-0.8167	0.1312	-0.1128	-1.5130	-1.1507	-0.2993	-0.8386	-0.6399	-0.3189	-0.1240	-0.2118	-0.5387	-1.6321	-0.0433	0.9775	-0.5882	-2.2895	0.6453	-0.9192	-0.6657
-0.0014	-0.3159	-0.9404	-1.3504	-0.9441	-1.4521	0.0182	-0.1532	0.6079	-0.5415	1.1098	-0.3423	-1.1255	0.9040	-0.9880	-1.0425	1.1542	0.3987	-0.4517	-0.1455	0.2867	-0.5317	-0.4952	-0.6125	-2.3664	-0.1623	-0.5067	-0.8928	1.2396	-1.2491	0.3217	-0.8767	-1.4255	0.4200	-0.2011	-0.9221	-1.0111	-0.0131	-1.0418	-0.1717	-0.4952	-1.3126	0.7531	0.4269	0.0391	-0.6972	0.7022	-1.4963	0.1210
0.7261	-0.0311	-1.0932	-1.7163	-1.2890	-1.8725	0.0236	0.5926	-0.4264	-0.3642	2.1522	-0.6689	-0.7264	0.1065	-1.3379	-0.6065	0.1762	-0.1064	-0.8166	0.9321	-0.0389	-1.4194	-0.5437	0.0412	-2.2213	-1.0366	-0.2807	-1.4473	0.9081	-1.8498	0.4115	-1.8082	-1.2434	1.7954	-0.4846	-1.0125	-1.3728	0.7044	-1.4075	-0.1263	0.0703	-2.0420	1.4928	0.2621	0.1792	0.3464	0.5748	-1.9286	-0.0921
0.2310	-0.6473	-0.9980	-0.9959	-1.2762	-0.3204	-0.3913	0.0539	0.3091	-1.3267	0.1360	-1.1892	0.3561	0.0490	-0.4326	-0.4784	-0.4530	-0.0649	-0.5086	-0.0981	0.6766	-0.3906	-0.2723	0.1266	-1.4190	0.1724	0.2938	-1.2605	0.4414	-1.4131	-0.4894	0.0821	-1.6890	-0.0447	-0.1868	-1.0511	-0.5161	-1.7421	-0.4409	0.7191	0.4012	-2.0021	-0.5765	0.6891	0.1153	-0.6598	-0.0396	-0.5384	-1.9025
-0.2747	-0.7334	-1.1270	-0.2437	-1.1748	-0.2399	-0.8460	0.2361	1.4088	-0.6146	-0.7571	-1.3592	0.0622	0.7647	-1.2800	-1.1500	0.8050	0.4504	-0.5926	0.0397	1.2971	-0.3886	-0.7740	-1.2028	-0.7550	1.0138	0.3901	-1.1853	0.7172	-0.9915	-0.8401	-0.4175	-1.2423	-1.0489	1.1104	-0.8522	-1.0861	-0.3624	-1.1484	-0.0607	-0.0593	0.3038	-0.8527	0.1358	0.9188	-1.7461	-0.6747	-0.3326	-0.9207
0.1546	-0.7935	-1.3059	-1.2440	-0.4146	-1.0481	-1.5305	-0.4165	1.9255	-2.0131	-0.6651	1.0318	-0.5636	1.0729	-1.4519	-0.7604	0.3549	-0.0506	-0.1766	0.4141	0.5922	-0.4689	-0.9060	-0.3932	-0.8017	0.7336	-0.3446	-1.5142	0.6181	-2.1452	-0.3284	-0.5557	-0.1090	-0.3454	1.7813	-1.7121	-1.5493	-0.2165	-0.6066	-0.6332	-1.4344	1.2375	0.1944	-0.6224	0.2237	-1.3422	-0.8059	0.0072	0.3366
-0.1834	-0.6960	-1.0000	-1.2690	-0.8452	0.5162	-0.9374	0.0851	0.0923	-1.9936	0.1569	0.6191	0.2894	0.1867	-1.4313	-0.0408	0.3470	-0.3409	-0.1764	-0.2682	0.8509	-0.9466	-0.4310	0.4350	-0.3006	-0.1440	-0.2886	-1.9025	0.3952	-1.6746	-1.4122	-1.0630	0.2374	0.0113	1.8553	-1.3610	-0.4920	-0.2954	-1.3154	-1.2965	-1.0283	0.7780	0.7162	-1.4383	1.6694	-1.4060	-1.4574	-0.6345	-0.2680
-0.9686	-1.4049	-0.3464	-1.0182	-0.2332	0.1019	-1.3262	0.3740	0.1287	-1.8507	-1.8483	0.4474	0.1227	0.5048	-0.4552	-0.1194	1.6239	0.7414	0.4585	-0.3776	0.8352	-0.1192	-0.5836	0.2922	0.6248	0.6557	-0.6788	-1.6121	0.1486	-1.9227	-1.0400	-0.3797	0.3040	-0.6705	1.9657	-1.6700	-0.5465	-1.3476	-0.7176	-0.6388	-0.8613	0.3448	-0.2011	-1.0614	0.6578	-0.9974	-1.2058	-0.1521	-1.3383
-1.1540	-1.0194	-0.9036	-0.3018	0.8273	-0.3816	-1.9544	0.4892	0.4518	-1.5256	-1.4382	1.1314	0.5816	0.1811	0.0214	-0.6657	1.4129	0.8738	0.7899	0.8080	0.1174	-1.1371	-0.2155	-0.7537	0.7933	1.8639	0.3161	-1.4516	0.4280	-1.0346	0.2145	-0.3014	0.5597	-0.2237	1.8123	-0.7898	-1.2217	-0.1227	-1.7001	-1.1800	0.2207	0.5407	-0.1565	-0.6875	1.4732	0.1239	-0.0624	-0.3162	-1.4207
-1.1737	-0.5366	-0.7136	-0.7787	0.3380	-0.0458	-0.4757	-0.0831	1.1610	-0.1906	-1.8269	1.6876	-0.1708	0.1947	-0.4616	-0.3038	1.0072	1.5370	0.8401	0.6375	-0.3034	-1.2427	-0.7338	0.0980	0.9630	0.1044	-0.0694	-2.1933	0.4226	-1.9131	-0.0092	-0.0455	0.2069	0.0296	2.0751	-1.0670	-0.7105	1.6956	-1.3484	-0.6763	-0.1676	1.7757	1.2734	-1.3258	0.8169	-1.1597	-0.7352	-0.0684	0.1210
-0.7549	0.1198	-1.2688	-1.1094	0.4351	-0.3759	0.1744	-0.4064	0.3755	-1.0000	0.2321	1.2643	-0.7279	0.2246	-1.4864	-0.5039	0.4255	-0.5582	1.1907	0.9844	-0.5603	-0.6249	-0.4304	0.5526	0.3154	-0.4461	-0.0763	-1.5783	0.6215	-2.1470	-0.2954	-1.1440	-0.0948	0.2638	2.0482	-1.4354	0.9367	-0.6058	-0.8555	-0.7367	0.3496	1.2511	1.1263	-1.4170	-0.2007	-0.5648	-0.8504	0.9153	0.2410
-1.1413	-0.2214	-0.7505	0.3419	1.6411	-0.1292	0.6047	-0.3076	0.2955	-0.7559	-1.6923	1.4844	0.0745	0.2458	-1.1674	0.6888	0.9778	-0.7586	1.3225	1.2561	-0.1214	-0.4880	-0.3199	-1.9403	1.2340	0.7863	-0.5834	-0.3194	0.5850	-0.6418	0.0093	-1.0091	0.7293	0.0144	2.0896	-1.0136	-0.5192	-0.2347	-1.2647	-0.6759	0.3782	1.5457	-0.6942	-0.8098	0.8878	-0.5022	-0.3045	0.7351	0.2563
0.0067	-0.4215	-0.0265	-0.3875	1.3338	-0.1444	0.0283	-0.9790	0.7241	-0.0845	-1.2474	2.6190	-1.0373	0.2400	0.5937	0.5023	0.1640	0.3083	1.0006	0.3651	-1.0031	-0.9071	0.5252	1.3108	0.7952	0.7590	-1.8622	0.0723	0.4095	-0.2432	1.0436	-0.5243	1.4699	1.2884	0.8610	-1.2119	0.0659	0.3677	0.0316	0.3316	-0.8389	0.7595	0.2022	-0.8165	-1.1451	0.1652	0.1367	1.0020	0.4221
0.3562	0.0009	-0.3509	-0.2522	1.7515	-0.4105	-0.5941	-0.4038	-0.4172	-0.7006	0.1933	0.5768	-0.4491	-0.7107	-0.8131	0.5168	-0.8412	-0.0368	0.3095	0.5501	-0.4211	-1.5530	0.6325	0.3812	0.0940	-0.3573	-0.3795	0.0865	0.6022	0.4274	0.4057	-0.3905	1.6077	1.2374	-1.0144	-1.1814	0.3385	-1.0694	-0.2443	-0.9830	-0.9182	-0.1663	0.3340	-0.2158	0.2923	-0.1060	0.4545	-0.5671	0.3877
-0.6259	0.6065	-0.3984	-0.5294	2.9253	-0.0974	-0.9925	-0.5082	-0.4663	-0.9287	-0.8929	-0.9798	-0.2604	-0.9692	-0.6337	1.1517	-0.6138	-0.3215	-0.0582	0.1542	0.4761	0.6390	0.4777	-0.1564	0.5634	0.4840	-0.5049	0.2762	-0.7036	0.7139	-0.5922	0.9913	1.7700	0.3926	-1.8993	-1.1164	0.0837	-0.6430	1.2764	0.0983	0.0387	-0.2432	-0.5451	0.0334	0.0839	-0.6182	0.7088	0.4718	-0.1338
-1.0866	1.3810	-0.0885	-1.1105	1.8012	-0.2705	-0.7118	-0.4504	-0.0432	-0.8221	0.6629	-2.4582	-0.4276	-1.1474	-0.4422	0.3222	-0.3255	0.7966	0.4468	0.0800	-0.6775	0.0148	0.4458	1.0645	0.7490	0.6612	1.7174	0.8311	-0.9013	1.6367	-0.2617	0.3221	0.4782	0.3625	-1.9239	0.2681	0.4987	0.2025	1.7506	-0.5856	1.0866	-0.1549	-0.3990	0.4148	0.6071	0.3878	1.9129	1.2163	-0.0077
3.4500	2.5910	0.4510	-0.3305	1.1292	1.2349	1.8343	-1.4645	2.8924	0.7471	0.6085	-1.6838	-0.8405	-1.8562	-0.0321	-1.1012	-0.1656	1.7489	-2.2833	-1.5108	-0.9543	-1.5114	1.6830	0.8037	0.7551	0.0988	1.0323	-0.1233	-2.2668	1.5831	0.1273	1.2838	1.2255	1.1683	-1.2160	1.7069	1.1356	0.1259	0.6891	0.3241	0.8085	-0.2712	0.0578	-0.0404	-0.0198	2.1400	2.8606	1.4331	1.7512
-0.4192	1.7481	-0.2084	-0.3927	1.6536	1.2342	-0.3504	-0.5623	-0.6657	0.6466	0.5023	-0.0483	-0.6949	-1.6960	-0.2978	0.1662	-1.9973	-1.1237	-0.4287	-0.4387	-0.1694	0.1234	1.0607	1.0815	0.3782	-0.3473	0.3048	0.4355	-1.8055	0.3940	0.0196	2.3619	1.3981	0.3362	-1.9417	0.2858	1.2391	-1.2821	1.1481	0.1911	1.4745	-0.1749	-0.1688	-0.4688	-0.1327	0.6458	0.2108	1.3483	1.1604
-1.7859	1.6474	0.6528	0.2852	1.4700	0.3944	-0.5300	0.2041	-1.2116	1.4408	-0.3876	-0.5238	-0.1982	-1.9099	0.3486	-0.0098	-0.9571	0.0318	0.9045	1.3203	-0.6625	0.9373	1.0013	0.0327	1.0034	1.1535	1.0223	1.6510	-0.7665	0.9296	-0.0528	3.0399	1.1130	-0.2832	-1.6123	0.2287	-0.0908	0.1275	0.6089	-0.8248	1.0060	1.5129	-1.9109	0.0962	0.3890	0.2792	0.7912	0.8672	1.0251
-0.8557	1.9405	0.3190	-0.6125	1.2213	-1.0359	-0.3625	-0.4911	-0.0361	0.8697	0.9507	0.7927	-0.6385	-1.4126	0.4252	-1.0388	-0.1543	0.6125	0.6336	1.7645	-1.8143	0.4897	1.3350	0.6691	0.1985	0.5582	-0.1968	1.1892	-0.7711	-0.1159	0.8227	2.5456	1.1397	0.8273	-1.8069	-0.6786	-0.0369	1.6284	1.4364	-0.4208	-0.0021	0.9197	-0.1887	0.0381	-1.6023	1.2715	1.1458	1.1860	2.0953
-1.1570	1.4893	0.0703	-0.3262	-0.2019	-0.8466	-0.1948	-1.4891	-0.4783	1.1459	2.1874	-0.5413	0.6350	-1.1216	-1.3560	0.1136	-0.2357	-1.0489	0.8635	0.4875	-0.1576	0.2134	0.7147	0.0715	-0.7387	-0.5978	-0.2216	0.0313	0.2554	0.3562	-0.3119	0.5968	1.1086	0.0186	-1.1603	0.0046	1.0857	0.5147	0.4863	-0.0931	1.6131	-0.3536	-0.7434	1.0293	0.5505	-0.0089	0.7596	0.9429	1.5360
-0.9618	0.2430	0.3204	-0.0105	-0.5952	0.5420	0.0733	-1.3186	0.4114	1.0411	0.0905	-1.1938	0.5775	-0.0303	-1.1388	1.6138	0.2657	-0.1399	1.6620	0.4695	0.2992	1.3459	-0.5600	-0.9605	0.0856	0.8311	-0.3799	-0.1761	0.6072	-0.3563	-0.2031	0.2536	0.1954	-0.0690	-0.1047	-0.0457	1.1401	-0.0751	0.3312	1.3158	1.3392	-1.3723	-0.8361	2.0999	0.4755	-1.3710	1.3641	0.8714	0.3571
-0.8060	-0.2398	0.1534	-0.1103	-0.5149	-1.0192	-1.2145	0.3622	1.4064	-0.8031	0.5366	-0.6917	0.6037	-0.2629	-0.1241	0.6535	0.0575	-1.6344	1.2538	0.9960	0.8281	-0.2590	-0.4199	-1.8201	0.1053	1.0805	0.2614	0.1717	1.1651	0.1320	0.8226	-0.1973	-0.4713	0.3465	0.3656	-0.4213	0.1231	0.5862	-0.2465	1.6372	1.2376	-1.1947	-0.0487	2.4161	0.1707	-0.6053	0.7349	0.2525	-0.3487
-0.1124	-0.0052	1.2533	-0.2757	-0.0636	-1.3402	-0.4655	0.3867	1.7373	-0.0752	0.2127	0.8706	0.7369	-0.4686	1.3140	0.7071	-0.3238	-2.3194	0.8667	2.3780	1.1565	-1.0857	0.4748	-0.9777	0.3943	0.7935	-0.4985	1.1710	1.3758	-0.2433	1.4303	0.1163	-0.6249	1.5389	-0.3504	-0.9272	-0.0218	2.0392	0.4577	0.7067	0.1460	0.1938	0.2532	1.4275	-0.7133	0.2999	0.8817	-0.0231	-0.3656
-0.4584	0.0789	1.9927	0.4651	-0.8288	-0.7575	-0.0033	0.6742	0.0006	0.0642	1.7815	-0.2080	1.2986	0.5055	1.0397	-0.2447	-1.0453	-2.2704	1.5736	1.2792	1.2423	-0.9431	-0.5232	-0.0939	0.2370	0.4952	-0.5263	1.6384	0.6536	-1.7533	1.8324	-1.1045	-0.8794	1.8824	-0.5889	-0.0477	1.8157	1.3640	0.8416	-0.1395	1.3005	0.0315	0.6302	0.2660	-0.6159	1.2175	0.0181	0.5088	-0.5719
-0.8182	0.1188	2.2345	2.8987	-0.2287	1.1376	0.8747	1.4220	0.6743	1.3490	-0.9717	-0.6697	3.9837	1.0709	2.1496	2.1825	0.0833	-0.7156	1.6161	1.2281	1.3389	0.8869	-0.7566	-1.0022	1.5033	0.9293	-0.4382	2.8312	0.6058	0.1935	2.2948	-0.1531	-0.7433	0.9379	0.0024	1.4496	-0.4574	1.4514	0.6254	0.0755	1.2374	0.7239	-1.2533	0.8754	1.6172	0.7337	1.0282	0.2595	-0.8093
0.6155	0.7250	1.6345	1.7808	1.2000	0.3263	-0.9304	0.9566	0.9025	-1.1057	-0.5912	1.3067	2.9747	0.8825	2.8875	2.8677	0.6850	0.6490	1.0571	1.0988	1.4667	2.3194	-0.1593	0.3897	1.2162	0.2895	-0.8925	2.0195	0.9257	0.2401	1.8287	0.2239	-0.1958	1.3416	-0.0115	0.5797	0.0603	0.2704	1.1924	-0.0089	-0.5514	0.5258	-0.7512	1.3881	1.5042	1.1154	1.1051	0.1117	-0.6449
0.5452	1.0765	1.2203	2.4043	1.7418	0.6728	-0.5749	0.3982	-0.0980	0.7149	-0.5483	0.2121	3.2151	2.5126	1.5188	2.3660	1.3489	0.3945	0.7425	1.3715	2.4565	3.3021	-0.7002	-0.1016	1.3425	0.7255	-0.1068	2.3135	1.1006	1.4178	0.6583	-0.8750	0.4140	-0.2142	0.5792	0.6628	1.0010	-1.1940	1.0096	-0.4699	-0.0881	-0.2983	-0.4214	1.1888	2.4016	0.4265	-0.5270	0.5643	-0.0975
0.4149	0.9721	-0.2959	2.6806	2.5131	0.4633	-0.1251	0.8708	-0.1658	3.3778	0.6058	-0.3017	1.0952	3.5904	0.5870	1.2688	1.8455	-0.6969	0.8276	1.7647	1.0580	3.1744	-0.8372	1.7809	1.1208	0.4932	0.0254	1.7471	0.4732	0.9062	1.0029	-1.2624	1.1619	0.0564	1.2389	0.4465	1.3794	0.4619	1.1875	-1.6005	-0.2779	-3.0195	0.7534	0.6580	2.1084	0.4222	-0.5692	0.8791	0.8859
0.4952	0.7166	-1.0666	2.2394	2.0005	-0.6064	-0.6686	1.4582	-0.4552	1.0292	2.1674	0.2149	-0.6516	1.8287	0.3985	-0.7227	1.5629	-0.6669	-0.6288	2.1772	0.9986	1.5102	0.6485	2.1841	-0.9619	-0.6897	0.7076	0.5038	0.6146	0.5395	0.7429	-0.4943	2.4881	0.5091	0.1173	0.8248	2.2785	-0.0918	0.3338	-2.5181	-0.8085	-2.5869	0.4087	0.7562	1.3437	1.0507	-0.4522	0.4483	1.0333
-0.1338	-0.3438	-1.0070	2.1962	0.9309	0.4436	-0.4693	0.7276	-0.6058	0.3043	0.7034	0.7273	0.0695	0.4780	0.6314	0.3279	0.6266	0.3524	-0.6277	0.7602	2.0295	2.8203	0.9048	1.0318	-1.3347	-1.4389	0.1723	0.4124	0.5796	1.2270	0.1055	0.6547	2.4774	-0.6278	-1.0696	1.5898	1.1829	0.3670	0.5322	-0.6098	-0.9321	-0.7069	-1.0488	0.2114	0.6787	-0.0334	-1.1488	-0.1440	0.4844
-0.6269	-0.8224	-0.8861	1.2545	0.0663	0.0307	-1.2642	1.3523	0.0179	0.2069	1.0461	-0.3812	0.3976	-0.6864	-0.4710	-0.6265	0.0259	0.8854	-0.4726	-0.0097	1.1886	1.6936	-0.0263	0.2990	-0.9927	-1.6714	1.0484	0.1946	0.4046	1.8020	-0.4299	-0.2055	1.5329	-1.1134	-1.1346	1.4936	0.2063	0.0057	-0.2187	-0.5969	-0.2543	-0.0754	-0.1577	0.2980	0.6235	-0.5208	-0.3345	-0.0206	0.2565
-0.6481	-0.8113	-0.6064	0.5348	-0.0829	-0.4098	-0.1343	1.5476	0.9588	0.8012	0.1191	-0.3463	-0.0727	-0.3318	-0.8907	-0.8611	-0.6016	0.5797	-0.9479	0.7051	-1.3413	0.1540	-0.2741	0.1596	-0.3484	-1.1408	0.7066	0.0737	-0.3566	1.7175	-0.3683	-1.0194	0.2181	-0.4149	-0.9979	1.1843	-0.4177	0.7751	-0.6591	0.2857	-0.7476	-0.8737	1.2086	-0.1918	-0.4753	0.1846	-0.0175	0.1751	0.4025
-0.6476	-0.8047	-0.8021	-0.8940	-0.4754	-0.6205	-0.8066	1.7598	-0.3098	-1.2392	0.1934	-1.7824	-1.0104	-0.6684	-0.9975	-1.0214	-1.1444	0.4506	-1.1333	0.9652	-2.4135	-0.3205	-0.6820	0.4758	-0.1830	-1.0648	1.2934	-0.9928	-0.6643	1.1626	-0.3640	-0.6357	-1.0801	0.0399	-1.0856	1.6277	-0.3907	-1.1768	-0.2819	0.5071	-1.0355	-1.1598	0.9777	-0.5506	-0.8223	0.6217	-0.2026	-0.3227	-0.8418
-0.1813	-1.3499	-0.4981	-0.1997	-1.5269	0.3689	0.6317	1.3541	-0.6736	-0.5819	-1.6429	-1.2607	-0.0213	-1.4141	-0.0824	0.1287	-1.1549	0.8023	-1.3170	-1.0921	-1.5134	0.3001	0.3231	-1.4172	-0.4053	-0.9305	-0.1630	-1.7338	-0.3739	1.8069	-0.4180	0.1560	-1.4715	-1.1805	0.0282	1.3596	-1.3284	-0.6709	-0.2342	0.7688	-0.2891	0.3085	-0.8878	-0.5842	-0.4634	-0.4833	-0.7617	-1.2066	-2.4311
-0.2222	-1.4549	-0.2477	0.0680	-1.0251	0.6285	1.3334	1.2157	0.3060	-0.5404	-1.5062	-0.2875	0.4662	-1.4232	-0.0987	1.0360	-0.9245	0.9094	-0.8733	-1.2199	-2.1001	0.3970	0.0228	-1.6171	0.5556	0.5266	-1.5059	-0.8823	-0.3262	0.9781	-0.0372	0.3552	-1.3924	-1.0771	0.6087	0.2469	-2.0392	0.7679	0.3663	0.7587	-0.0118	0.4946	-0.6659	-0.0737	-0.9149	-1.5144	-0.3505	-0.4622	-1.7964
0.4205	-0.2831	-0.4933	-0.9742	-0.3730	0.2481	0.6832	2.0743	0.7548	-1.1430	-0.2868	-0.3949	-0.4962	-1.8881	-0.5496	-0.6410	-0.9358	-0.0001	-1.6187	-0.4760	-2.0687	-1.4071	0.0733	-1.0393	0.3762	-0.5428	-0.7191	-0.7876	-0.0914	0.1858	0.2063	0.5221	-1.5606	0.2896	-0.5233	0.0968	-0.8645	-0.5179	0.0479	-0.4786	0.0259	0.4780	0.6518	-0.4698	-1.6193	0.7374	-0.4038	-0.7612	-0.3556
-0.0515	0.5231	-0.5013	-0.7670	-0.5954	1.1558	1.1785	0.6385	-0.7298	0.3113	-0.3321	-0.6071	-0.2995	-1.4492	-0.8262	0.1772	-0.9962	0.5141	-1.9673	-0.3553	-1.1100	-0.5105	0.2478	-0.1575	0.3394	-0.6447	-1.5897	-0.6763	-0.5258	0.5080	-0.5356	-0.0759	-0.5291	-0.0497	-1.1939	0.7104	-0.0321	-0.8355	0.3809	-0.2926	-0.4430	0.6929	-0.2433	-1.5753	-1.2237	0.4101	-1.3386	-1.2027	-0.4347
-0.6203	0.2949	-0.8835	-1.0931	0.1812	0.4001	0.4370	-4.1623	-0.3161	-1.0908	-1.0745	0.5997	0.0169	-0.9834	-0.2649	0.4992	-0.8048	0.6820	-1.5380	-0.5686	-1.9945	0.5964	-0.2615	1.2947	1.1616	1.2035	-0.1938	-0.5856	-1.3722	0.9385	-0.8429	0.4333	0.3178	-0.9572	-1.4399	0.6366	-1.1231	-1.0065	0.4572	0.6087	0.2844	0.5804	-0.9998	-0.3923	0.0065	0.1296	0.3278	-0.3829	-0.3094
-1.1817	0.3826	-0.8662	-1.6505	0.1427	0.1340	0.2659	-3.9675	0.4429	1.3437	-0.6376	0.7984	-0.7207	-0.8757	-0.7327	0.6708	-0.4613	-0.0779	-2.2238	0.5462	-0.8770	-0.4347	-0.8321	0.4464	1.6487	-0.1746	1.0786	-0.2705	-1.7633	1.6531	-1.7898	-0.2068	0.7816	-1.4030	-1.2984	0.5987	-1.5552	0.2057	0.4197	-0.4197	0.1945	0.2498	0.0068	0.1496	0.3655	-0.1849	-0.0188	-0.3496	0.8800
-1.8449	0.1920	-0.5740	-1.3580	-0.7810	1.1626	0.0316	-3.3972	-0.1234	-0.1428	-0.0055	-0.3322	-1.2178	-1.1436	-0.9617	0.7570	-0.4431	0.9515	-1.6038	-0.0684	1.2851	1.1452	-1.1060	-0.0488	1.6569	-1.6985	0.3408	-0.2889	-1.6644	1.1993	-2.0899	-0.4245	1.3394	-1.4428	-0.7745	1.4422	0.6418	-0.2732	1.0118	-0.6694	-0.1997	-0.0873	-0.2259	-0.5255	-0.2190	-1.3224	-1.3149	-0.0377	0.1338
-1.7357	-0.5507	-0.4578	0.3065	-1.4047	0.5782	0.2263	-2.3001	-0.2787	-0.0410	-1.2268	-1.2313	-0.4142	-1.1851	-0.2509	0.4892	-0.7913	2.2133	-1.3624	-1.2272	0.7444	0.3460	-0.4174	-0.3169	1.4816	-0.8571	0.2866	0.4854	-1.6955	1.5635	-1.9041	0.4919	0.1478	-1.9651	-0.1256	1.2990	0.2542	-0.1043	0.2424	0.6542	0.0978	0.4633	-1.4447	-0.7851	0.2960	-1.1895	-1.2435	-0.1098	-0.8683
-0.6597	-0.9995	-0.1392	0.1718	-0.4335	-0.3755	-0.7671	-1.8439	0.2871	0.6967	-0.6401	-0.1441	-0.4583	-0.5218	1.1152	0.5476	-1.2329	1.4540	-1.9663	-0.0588	-1.2513	-0.9596	0.3432	0.5386	1.0255	0.3711	-1.2345	0.3063	-1.2452	0.7836	-0.4705	0.7818	-0.3293	-0.4451	-0.2486	0.0778	-0.7041	-0.7300	0.0476	0.0276	-0.5609	1.3701	-1.2302	-0.4927	-1.0196	0.3512	-0.4411	0.4315	-1.2786
0.1227	-0.1429	-0.3029	-0.7818	-1.3181	-0.5595	0.2034	-0.4468	-0.7397	-0.1586	0.3128	-0.1743	-0.0812	-0.8769	0.3215	0.4485	-0.6061	0.0471	-1.1391	-0.7560	-1.1612	-1.4715	0.0736	1.5986	-1.4255	-0.4590	-0.6274	-0.1828	-0.0996	-0.0479	-1.0300	0.0372	-1.5558	0.7028	0.4615	-0.5562	-0.0210	-0.7483	-0.0717	-1.2614	0.6733	1.0249	0.1679	-0.2294	-0.9806	1.5392	0.4859	-0.0217	-0.5316
-0.0478	-0.1860	0.7881	-0.9597	-2.4730	-0.6999	3.8734	-1.7694	-0.7141	1.0234	-2.3806	-1.1922	0.2439	0.5764	-0.9170	1.0450	0.6424	0.8032	0.5015	-2.4286	0.3243	-1.2870	-0.5230	0.8695	-1.4128	-1.5648	1.5186	0.9132	-0.2466	0.0734	-1.8138	-0.4927	-2.2682	-0.2926	1.0314	-0.5349	-0.2691	0.4058	0.6073	0.5718	0.4381	-0.4565	-0.4483	-1.3493	0.5786	-0.7180	-0.4598	0.7367	0.0975
-0.2502	0.2679	1.9594	0.5940	1.7503	0.8111	0.8498	-1.4215	-0.2360	0.8643	-1.0557	0.6575	0.8124	0.7436	1.1563	1.6703	1.1703	0.5038	1.3972	-2.1110	1.8914	0.6915	0.4854	-2.1851	0.3943	0.2707	1.5544	0.8278	1.5079	-0.0267	-1.1924	1.5547	1.0113	-1.1249	0.4646	-0.5802	-0.1633	0.5369	0.5916	1.5656	0.6098	1.1200	-0.3642	0.8215	-0.3186	-0.5434	-1.5077	0.2233	0.1858
0.3549	0.1185	2.0180	0.0590	1.7464	-0.5104	-0.2425	-0.4976	-1.0865	1.1709	2.3749	1.4911	-0.0200	0.9994	0.7981	-0.4655	-0.6427	-1.8921	1.6763	-2.1982	0.9310	0.5434	0.3051	0.2766	-1.2375	0.5505	1.8976	0.4937	1.2000	-0.3674	0.2537	0.1704	1.6626	-0.4706	1.4159	-1.4647	2.0893	0.4286	0.3325	1.2813	1.3454	-0.4713	0.5330	1.4422	-0.9153	-0.0916	-0.8830	0.3929	0.4506
2.0305	-0.6993	1.5303	-0.3922	0.2418	-0.5520	1.0093	-0.1059	0.8035	1.1689	-0.1371	1.6979	-0.9328	0.7364	1.1977	-1.7823	0.2086	-0.8623	-0.5462	-1.5649	-0.2605	-1.3102	0.3034	0.3497	-1.5697	-0.8317	0.3867	-0.6100	0.7012	-0.3191	-0.3180	-0.5613	1.4033	-0.8416	1.9774	-1.0578	-0.1637	0.4340	-0.7245	0.7436	-0.8133	1.0334	0.7161	0.6970	-1.9870	0.0688	-0.1807	-0.3766	1.0389
2.6819	-0.6626	0.3999	-0.7180	-0.9185	-0.3469	2.0246	0.0641	-0.4718	-0.0321	0.4870	2.2836	-1.8050	0.7679	0.5356	-1.9405	0.4968	-1.0121	0.3382	-1.7276	-0.5769	-0.7767	-0.6272	-0.5849	-1.0757	-0.9482	0.3620	-1.0454	0.1447	-1.5033	0.0207	-1.3636	-0.2212	0.3701	0.8775	-1.0339	0.0060	0.3376	-0.4755	1.0157	-0.6497	-0.2517	0.7118	0.7043	-1.2954	0.0203	0.2390	-0.0877	-0.0059
-0.3158	-1.1830	0.3839	-0.1010	-1.1768	-0.2247	-0.1839	0.2126	-1.7438	-1.1424	-1.0787	1.0041	-0.1823	1.7203	0.1666	0.3200	1.0484	-1.5137	1.0837	-1.1107	0.6205	0.2491	-1.4322	-2.1210	-0.5132	-1.0065	1.3118	-0.5493	1.2372	-1.0596	0.0829	0.1503	-1.4615	-0.8728	0.2954	0.1103	-1.0535	-0.7881	-0.8183	0.4295	-0.0127	1.7395	-1.4883	1.0455	1.1989	-1.2565	-0.5630	-0.1184	-1.9167
-0.7368	-0.8167	0.0018	-0.2569	-0.3576	0.2707	0.6004	-0.0964	-1.0162	-0.0999	-0.1870	1.2332	0.0262	1.8584	0.8931	0.9463	1.4898	0.0426	1.1513	-0.5310	-0.0363	0.0634	-1.5533	-0.7076	0.0498	0.4068	0.3527	0.5760	0.5348	-1.3014	1.7692	-0.1021	-1.6136	0.4508	0.1320	0.3609	-1.7345	0.8636	-0.3553	0.5210	-0.3632	-0.2516	0.7000	0.2313	0.6643	-0.8171	-0.9440	0.1650	-1.4229
-0.1652	-0.0996	-0.5760	-0.3324	-1.1777	0.0556	-0.7320	0.0561	-1.0317	-1.0996	0.9989	1.9159	0.0289	1.1975	0.1421	-0.2252	0.7984	0.0826	-0.0840	-0.0519	1.1275	-0.5445	-0.6173	-1.6616	-0.7983	-0.1528	1.0922	0.0141	0.7499	-0.7953	1.4184	-0.9458	-1.8007	0.7035	0.6933	0.9150	-0.9293	0.3623	-0.4960	-0.1108	-0.5310	-0.0535	0.9546	1.0245	0.9181	0.0098	-0.8682	0.4874	-1.0581
1.5338	-0.7551	-0.2629	0.2139	-0.3188	1.7455	-0.2877	-0.8690	1.8237	-1.3606	-0.8017	1.4098	0.1109	0.2886	0.7381	-1.4624	1.0482	-0.2118	-2.0581	-0.5216	1.2689	0.6219	-0.4739	-1.3723	-0.4184	0.6297	-1.8172	-0.5765	-1.5416	-0.4439	-0.4437	-0.3582	-0.3848	-0.4656	1.3708	2.5096	-0.7149	-0.4237	-1.6012	1.0212	-1.0201	-0.1849	-0.0285	1.2565	-1.1782	-0.1644	-1.5263	0.5405	-0.8068
4.3965	-0.6913	1.1387	1.1891	-0.1637	2.3292	4.0887	-1.3987	4.1672	0.0703	-0.7169	-0.5676	0.4180	-0.2211	2.3287	-1.7374	2.1361	0.5782	-1.5444	-1.3793	0.8973	0.7914	-0.9156	0.3659	0.5690	2.2176	-3.0258	0.6992	-2.8860	-0.7174	0.0540	-0.1508	-0.1339	-0.1992	1.7602	2.5506	0.1044	0.0127	-2.4982	2.5341	-0.8009	-1.2728	-1.2927	0.9188	-1.9038	-0.1546	-0.3964	0.5487	-0.2385
3.8540	-0.4860	1.5467	0.9698	-0.5094	1.3931	2.3234	-0.7017	2.7889	0.1757	-0.5242	0.8164	0.3595	0.7314	2.7108	-0.8968	1.9635	0.4986	-0.8309	-0.1146	0.1054	-0.4964	-0.1231	0.1855	0.5092	0.0585	-1.9359	1.1582	-1.7847	-0.5879	1.0461	-0.7640	0.0771	0.6575	1.6853	0.9466	-0.7294	0.4320	-1.5639	1.3962	-1.4794	-0.5972	-1.7645	0.9069	-2.2424	1.1712	-0.6635	-1.1366	-0.4941
3.0755	-0.4303	1.9454	0.8893	-1.0637	2.0443	-0.2967	-0.7965	0.7346	-1.1676	-0.7511	0.6659	1.2833	0.4958	2.3215	-0.1177	1.6258	-0.8486	-0.6373	-0.7614	-0.0926	-0.9765	-0.2353	-0.4938	0.0399	-0.7231	-1.4654	0.9983	-0.8481	-1.2437	1.5997	-1.3697	-0.7613	2.0989	0.8975	0.4132	0.7757	0.7444	-0.5943	1.0955	-0.8760	-0.6003	-0.7440	1.0048	-2.5126	1.5892	-0.9536	-1.8736	-1.3888
1.5969	-0.2636	1.8519	1.9456	-1.1689	2.3124	-0.8070	1.0971	-1.1235	-0.5261	-1.5165	-0.6393	2.5172	0.7149	2.7508	0.9139	1.9558	0.1842	-0.1835	-0.9307	-0.2941	-0.9997	-1.2297	-1.6590	0.7490	-0.8195	-0.0896	1.3784	0.5191	-0.3456	0.9531	-0.2044	-2.1467	2.4690	0.5256	0.6305	0.9926	-0.7672	-0.0907	1.4357	0.4207	-0.4550	-2.0628	0.6955	-0.6917	1.8132	0.2543	-1.8583	-2.0580
0.0042	0.3999	1.1227	1.6694	-0.0231	1.2957	-1.3639	1.6818	-1.5572	0.4105	-0.0962	0.7055	1.9944	1.4274	3.1676	2.3727	2.3023	0.2961	0.7049	0.0304	-1.0714	-0.1738	-0.9727	0.3522	1.7410	-0.0375	0.8314	1.2129	0.7018	-0.2554	1.1223	0.8144	-1.9727	2.5568	0.8493	0.0409	0.1061	1.6545	0.6780	2.3787	0.5744	-0.6465	-0.3807	0.4246	0.3162	1.8966	1.0167	-1.3265	-1.4817
-0.7394	1.6506	-0.4429	0.3169	-0.5381	0.7840	-0.9253	0.9973	-2.3950	-0.5013	2.2486	0.7282	0.9431	1.6874	0.0711	0.9420	0.8867	-1.2053	1.5970	0.8972	-0.4716	-1.5751	-0.1582	0.6336	-0.2092	0.6606	2.9539	-0.5616	1.8799	0.0772	0.9119	-1.5811	-1.0629	1.4508	2.0695	-1.1756	2.1484	0.4544	0.0919	1.0571	1.6783	-0.7901	1.5041	0.8727	0.8600	2.2619	0.3342	-1.6440	0.4204
-0.3430	1.6921	-0.5853	-0.8137	-0.2819	-0.5924	0.3499	0.4730	-1.8343	0.0244	0.2141	-0.2203	-0.6549	2.5109	-1.8734	-0.7191	0.2448	0.0260	2.5839	-0.5396	0.7216	0.0780	-1.0440	0.1922	0.2169	0.5543	2.5565	-0.7679	2.2655	-0.1474	0.1140	-1.8089	-0.4072	0.2563	1.2433	-1.0218	1.9306	0.0936	1.1611	1.7873	0.4020	-0.5371	1.3444	-0.1314	0.7545	0.1012	0.7909	-1.1437	2.5007
-0.3291	1.4077	-1.4705	-2.3590	0.4695	-2.7169	-3.2365	1.0983	-1.1211	-0.8420	1.0675	-1.3118	-2.2197	1.0900	-2.3730	-2.8780	-0.4446	-0.3728	2.1480	-0.3478	-1.5181	-0.6794	-0.3103	1.7109	-0.1480	-0.3815	2.6846	-0.4831	1.7683	0.2031	0.4956	-0.0093	0.8536	0.7460	0.7811	-0.1258	1.4355	0.6501	1.7731	1.8736	0.4150	-0.7650	1.9193	-0.9308	1.1834	1.2455	1.9028	-0.2816	3.4734
0.9007	1.8060	-2.3633	-0.7333	-0.0116	0.4724	-0.8531	1.8383	-1.3449	0.0362	1.5455	-1.2467	-1.3785	-0.4942	-2.3222	-1.3616	-1.5092	0.9260	0.2920	0.1302	0.0559	-0.5405	-0.4157	0.4430	-0.0139	-0.3921	1.3169	-0.8240	0.7738	1.2933	-0.3334	-1.8769	0.7398	0.6409	-0.0555	0.8143	1.1183	1.9096	1.3350	0.2880	0.5991	-0.1245	1.0355	-0.7824	1.9026	0.3065	1.0430	-0.6140	3.0394
1.5804	0.4698	-1.5428	0.1121	0.6891	1.2647	-0.4508	1.1771	1.1361	0.0703	1.3767	-0.8278	-1.4932	-0.7055	-1.4229	-1.8872	-1.7160	0.5585	-1.0445	0.0509	1.5391	0.4956	-0.4056	1.9148	0.8371	0.4319	-1.7153	-0.9946	-1.0117	0.4967	-1.1028	-0.2276	0.7332	-0.3644	0.4384	-0.2222	1.6481	0.2716	1.2323	-0.1126	0.2564	-0.3104	0.4827	-0.6783	0.4056	-0.3233	0.5949	0.9838	1.9296
0.1340	-0.4616	-1.6824	-0.5540	1.4105	-1.0073	-0.8890	1.2761	0.8335	0.6212	1.7364	-0.9591	-0.8939	-0.9248	-2.4198	-1.4348	-1.8606	0.5118	1.0628	1.3979	0.8907	-0.2642	0.4244	1.6104	1.0665	0.2533	0.3091	-0.8331	-0.3377	0.2902	-0.2935	0.4778	1.0097	-1.0379	-0.2648	-1.1203	-0.4213	1.0668	0.1574	-1.4734	0.0741	-0.4880	1.5257	-0.1593	2.0742	-1.6647	0.9305	-0.5175	1.0793
0.9722	-0.6402	-1.6775	-0.8680	0.5093	0.8644	-1.0434	1.7647	-0.2003	-0.9964	1.2683	0.0502	-0.4240	-1.5540	-1.7750	0.3798	-1.7903	3.2830	1.2114	1.3304	-0.2645	-0.2811	0.5357	0.6600	0.2329	-0.3640	-0.2830	-1.9975	0.1184	-0.1792	-0.0586	0.9490	0.4207	0.5315	-1.2112	-1.0822	-0.2414	-0.0975	-0.1331	-1.7529	0.0205	-0.9244	1.1894	-0.7233	1.7862	-1.0752	1.0059	-0.9998	0.2093
-0.5726	-0.1282	-1.5453	-0.8444	0.5889	-0.5033	-2.1580	1.0110	-0.0278	-0.4355	0.0995	-0.6740	-1.1216	-0.6575	-1.4523	-1.1620	-0.5839	1.2181	-0.0767	1.1920	-0.6068	-0.4244	1.8716	0.3812	-1.1190	1.1057	-0.5701	-1.8639	0.2045	-0.8091	-0.8599	1.0692	0.0703	-0.1604	-0.6545	-0.8534	0.3537	-0.6945	-0.6351	-1.5551	1.3815	1.0816	0.5138	-1.2413	1.7023	0.9987	1.2536	0.4527	1.0582
0.3663	0.2625	-0.2541	0.2708	1.5318	-1.8682	1.1467	0.3274	-0.8000	3.1737	0.9455	0.4975	-0.8263	-0.6905	-0.7045	-1.2544	-1.6407	-0.5571	-0.0819	0.8768	-0.3373	-0.8982	1.9145	1.9299	-1.3399	-0.1644	-0.5407	0.1511	0.1120	-0.8073	0.5362	-0.2393	1.2761	1.4683	-1.1726	-1.8029	0.7740	0.7352	0.5587	-0.6975	0.1483	-0.6082	1.6911	-1.3588	1.4440	-0.2448	0.5008	-0.4356	1.4639
-0.0872	-0.6609	0.1185	0.9357	-0.0684	-1.9048	-0.7632	1.1333	-1.3237	0.1571	0.8980	-1.0500	-1.4228	-0.5968	-1.6027	-2.2428	-2.2244	0.1088	0.6848	-0.0121	0.0882	-0.3805	0.7475	2.1604	-1.5462	-0.4157	-0.9431	-0.6202	0.0469	-1.2777	-0.5250	0.3844	-0.0833	-1.2615	-0.7603	-2.0066	0.7646	-1.6056	0.9914	-1.2869	-0.0082	-0.5543	0.3433	-0.7875	-0.4073	-0.6924	-0.0250	0.9007	0.2893
0.8520	-1.2971	-0.3939	1.0061	-1.8288	-1.4211	1.5653	0.2631	0.1325	-0.1386	-1.6412	-1.7817	-1.3921	-0.3638	-1.3683	-1.6276	-1.8177	0.9757	0.0760	-0.3410	-2.0703	-1.4817	1.5982	0.4658	-1.3046	0.8908	-1.7781	-0.1248	-0.8802	-0.5137	-1.2001	0.3740	-0.3695	-2.9853	-1.6653	-1.6088	-1.3403	0.0732	0.8489	-0.3379	0.3277	-0.4345	1.1006	-2.0237	-1.8100	-0.0285	1.0255	1.7080	0.4750
-0.8960	-0.9872	0.4677	0.3876	-1.2935	-2.0131	0.2509	1.4943	-0.2882	0.2959	-1.8096	-2.3566	-0.6280	-1.1994	-0.4665	-1.1570	-0.5888	0.7648	1.0302	-0.4988	0.0162	0.0053	1.7030	-0.9375	0.4844	1.9330	0.4946	0.0346	-0.4646	0.3911	-1.6131	0.5376	0.2557	-2.5985	-1.6805	-0.4246	-1.5371	-1.2422	-0.2854	-1.8656	-0.5193	1.0479	0.2416	-2.0568	-0.6256	-0.5267	1.3577	0.5200	0.2422
-0.5941	0.3685	0.6728	-0.4975	-0.4935	-1.6123	0.2160	1.0503	-0.7976	1.8470	1.0464	0.4455	-0.7356	-0.5356	-0.6714	0.0953	-0.6450	0.1381	0.5304	0.2474	-1.0109	-1.0138	2.2411	0.5755	-1.2865	1.0397	0.1974	-0.1004	-0.3041	0.2877	0.9399	-0.6529	0.3740	0.5073	-1.6406	-1.1820	0.6082	-0.7389	0.0909	-1.5115	-1.1685	-0.1429	1.4561	-1.9146	-0.3847	0.9382	1.7957	0.4510	1.5460
-2.4859	-0.7885	0.3294	0.4275	-1.6509	-0.9364	-1.9344	1.8353	-2.7905	-0.2976	0.1364	-0.9391	1.0536	-0.2756	-1.7420	2.0324	-0.8083	-0.1285	1.1820	-1.7532	-0.5599	0.5953	0.2152	-0.2690	-2.3275	-1.1489	1.1163	-1.6914	0.2006	0.2244	-0.9462	-1.3326	-0.7053	-2.1125	-1.0479	-1.3594	0.3657	-2.5781	-1.4709	-2.7949	0.4968	2.2523	-1.5429	-1.0823	2.0466	-0.1823	0.2716	-0.7960	-0.9683
-1.7578	-0.7802	0.0197	-1.2002	-1.1382	-1.3011	-0.1302	0.9186	-0.5432	1.1904	-1.7399	0.1508	0.1457	0.0476	-0.4523	1.8748	0.4658	-0.1708	1.1798	-0.2185	-0.9096	-0.2506	-0.7799	-0.4671	-1.0120	-0.7923	-1.0025	-0.8054	-0.1986	-1.4536	0.9162	0.3978	-1.1958	-0.5401	-1.0126	-2.0090	-3.0717	-1.2257	-0.3774	-1.8150	-0.0529	1.5001	-0.5997	-1.3236	0.0592	-0.8610	0.5365	-0.5792	0.3392
-0.6573	-0.6132	0.1122	-1.1016	-1.4879	-0.7351	-1.2152	0.9672	-1.4403	-0.3408	-0.6023	-0.7434	-0.6429	-0.7783	-1.0390	0.6161	-0.8635	-1.4763	0.3696	-0.0989	-0.1464	-1.1553	-0.1527	-0.0502	-1.5834	-0.9342	-0.5866	-1.5785	0.0823	-1.4362	-0.5748	1.1903	-0.9903	-0.8136	-1.3420	-1.3227	-1.1320	-2.0899	-0.6734	-2.1874	0.7284	1.7167	-1.3099	-0.9949	-0.1366	-1.0289	-0.5490	-0.7379	-1.1840
-0.4323	-0.7134	-0.0010	-0.3746	-0.2695	0.0636	0.3284	1.0985	-0.7748	-1.2868	-1.3441	-1.3966	-0.8526	-1.0763	-1.4130	0.2916	-0.4884	-0.3376	-0.4593	-0.3641	-0.7921	-0.7403	-0.1389	-1.6848	-0.4394	0.5301	-1.1938	-0.9701	-0.5938	-1.3853	-0.6028	0.9698	-1.5531	-1.4784	-1.0011	-0.6892	-1.8429	-0.8925	-1.0490	-2.5182	-0.1385	0.2366	-0.3429	-0.8483	-0.6310	-0.9729	0.5224	-0.9522	-0.9226
0.0495	-0.8504	-0.3235	-1.8631	-0.6474	-0.2239	0.8439	0.7291	0.9574	-2.2941	-0.1850	-1.6922	-1.6059	-1.4283	-0.7174	-1.5042	-0.2425	-0.5417	-1.3306	-1.2955	-1.6207	-1.4276	0.0054	-0.9454	-0.0434	0.5142	-1.9188	-1.0287	-1.4591	-1.1974	0.0429	0.8836	-1.4958	-1.1288	-0.7242	0.2746	-0.7783	-0.9001	-1.1279	-1.7593	-0.8107	-0.3549	1.3515	-1.5205	-2.1833	-0.7381	-0.2824	-1.0902	-1.2356
0.2555	-0.7544	-0.6462	-1.8692	-1.0807	0.0307	1.8343	0.4539	0.3827	-0.5371	-0.6064	-1.3266	-0.8941	-0.8313	-0.2412	-0.9203	0.1162	-1.3565	-1.2417	-1.2241	-0.7064	-1.2174	0.1317	-0.3948	0.0069	0.0630	-1.7041	-1.1051	-1.3745	-1.0633	0.2278	0.0986	-1.0044	-0.7685	-0.3169	0.7449	-1.0599	-0.3011	-1.5842	-1.2252	-0.3657	-1.0628	0.9742	-1.7745	-0.7855	-1.5214	-1.2279	-1.2697	-1.4009
-0.3329	-0.0501	-1.5142	-0.8234	0.0583	0.3664	1.1656	0.4038	-0.9199	-2.5290	0.4403	-0.4111	-0.5160	-0.0840	0.1460	-0.0117	-0.1616	-0.9292	0.2653	0.3412	-0.5226	-0.8400	-0.3818	-2.2952	-0.1166	2.2475	-1.1067	-0.0194	-0.7292	-1.2333	0.9061	0.0748	-0.4101	0.0453	-0.5457	-0.0493	-1.5674	-0.7765	-0.2998	0.0230	1.3699	-2.3185	-0.1300	0.2504	-0.7351	0.4925	0.1191	-0.2843	-1.2820
0.3602	0.9689	0.0220	0.1463	0.7848	1.7009	0.4503	-1.3539	0.4449	-1.6958	0.1979	1.0548	1.1443	0.2429	1.5069	1.6908	1.3645	-0.1138	-0.2649	0.3617	1.6783	0.5946	-1.2037	-3.5286	1.0443	1.9879	-1.0900	0.4691	0.6445	-0.5039	0.6928	-0.2670	0.0818	1.2433	-0.5883	0.9038	-0.9244	1.8004	-0.0577	1.5138	1.6657	0.6627	-0.8108	1.5725	0.0120	-0.0329	0.4869	-0.7407	-1.2796
-0.2662	1.8604	1.9213	0.7449	2.0795	1.0113	-2.2537	-0.8252	1.8260	1.0751	0.2805	1.9272	1.3125	1.3210	2.8766	1.1795	3.2887	-1.0372	-0.6410	0.9702	2.4829	1.6927	-1.3019	-0.5984	1.9498	0.1395	-0.2179	0.7321	1.7914	0.1235	0.8495	0.5505	0.6115	2.3447	0.7423	1.3317	0.8653	1.4228	0.3484	2.1215	0.7390	2.9187	-0.9322	2.6283	0.2339	0.8143	0.9676	0.4416	-0.4843
0.0125	1.6399	1.1337	1.4376	2.3583	0.4917	-0.0887	-2.2237	1.4991	1.2715	0.5101	2.5880	1.4670	2.0041	1.6034	0.7273	1.8168	-1.3675	0.4406	1.0453	1.5629	1.7818	-0.6736	0.9444	0.4200	-1.2559	0.5860	1.4179	1.1292	0.9545	1.8234	-0.4328	1.5785	2.4068	1.5898	0.6710	1.8206	-0.0149	1.0377	1.1435	0.6511	-0.4570	-0.6729	2.5384	0.0633	0.7422	-0.0555	1.3728	-0.3772
0.1461	1.3276	0.7741	1.0737	1.6504	-1.2628	0.4730	-1.6826	1.3815	1.2687	0.5765	1.3547	1.2316	0.9687	0.2938	-0.3380	0.2298	-0.5079	0.1849	1.0099	1.1390	1.6269	0.1951	0.3624	0.3007	-1.0893	2.0913	1.8431	1.1778	1.9109	0.9885	-0.7654	2.3349	1.1338	1.1420	0.7202	1.5975	0.7902	0.3508	0.3909	-0.2056	-1.1628	-0.5111	2.0058	1.3154	-0.1829	-0.2901	1.4548	0.6665
-0.9764	0.3364	0.5091	0.8402	0.2874	0.0250	0.2278	-2.0150	1.7824	1.5691	0.5122	1.0123	1.0247	-0.6444	-0.1327	0.5003	-0.1099	0.1500	-1.0862	1.0925	0.7191	1.0162	1.1100	0.8618	0.5460	-2.4522	1.0853	1.0786	0.4421	1.7147	-0.3579	-0.0296	2.2419	-0.0833	0.5570	0.4824	1.5475	0.8309	0.3291	0.6049	-1.7951	-0.3950	0.1772	0.9757	0.4136	-0.8876	-1.8362	1.5022	1.1284
-1.5409	-0.4098	-0.3834	0.9998	0.4049	0.7626	-0.7166	-2.0302	0.9033	-0.3485	0.0071	0.1740	1.5385	-0.9849	0.5545	1.5086	-0.5577	0.3521	-0.5290	0.7236	0.8922	2.1503	0.1759	0.7566	0.6695	-0.8258	1.0397	0.9472	-0.2339	1.4386	-1.6554	0.9050	1.0691	-0.8580	0.6802	1.1232	0.7979	-0.4410	-0.2561	0.9619	-1.3295	0.0871	-0.7550	0.8993	-0.0208	-0.6283	-2.2613	1.8163	-0.1483
-1.5882	-0.2949	-0.4470	-0.1449	1.3667	0.4572	0.4487	-1.9099	1.4443	-0.6180	-0.6425	0.2003	0.9728	0.3977	1.4063	1.8057	-0.3438	0.9166	-0.4573	2.4766	-1.1543	1.4365	0.4514	1.1314	1.5078	1.2309	0.6076	2.7573	-0.4915	1.5001	-1.0676	1.2666	0.6432	0.8625	1.0131	1.2713	-1.2100	1.4288	0.4497	1.2584	-1.6698	0.5044	-1.0049	0.2104	-0.4352	0.5586	-1.3852	2.3730	0.6673