IC05	IC08	IC09	IC15	IC16	IC17	IC18	IC19	IC20	IC23	IC24	IC26	IC27	IC29	IC31	IC33	IC36	IC37	IC38	IC41	IC42	IC43	IC44	IC45	IC46	IC47	IC48	IC49	IC50	IC51	IC54	IC56	IC58	IC60	IC62	IC63	IC64	IC65	IC66	IC67	IC68	IC69	IC71	IC72	IC73	IC74	IC75	IC76	IC77
-0.5822	0.3153	-0.0241	-0.7839	-0.1608	-0.0842	0.0914	2.0260	-0.1596	-1.5330	-0.9184	-0.2473	-1.1722	-0.7199	-0.6636	-1.3971	-0.4340	-0.8394	-0.4616	-0.7413	-0.6041	-0.6878	0.7797	-0.4334	-1.0845	-1.3670	-0.5963	-0.5790	0.0442	-0.2857	-0.2242	0.1058	-0.4238	0.0034	-0.2839	0.3452	-0.7987	-0.7245	0.1039	-0.6079	-1.0786	0.6464	-1.6567	-0.9714	-0.0881	-0.9222	-0.2932	-0.8760	0.0722
0.0038	0.6930	-0.1867	-1.0559	-0.1591	-0.3864	0.1762	2.4138	0.1823	-1.0746	-0.6104	0.0124	-0.9464	-0.4153	-0.6244	-0.9987	-0.6449	-0.8136	-0.8368	0.2931	-0.7583	-1.1111	0.4656	-0.5208	0.0828	-1.1459	-0.9606	-0.1258	-0.4038	-0.3636	0.5334	0.6406	-0.3456	0.2209	-0.1428	-0.1489	-0.9418	0.8686	0.2237	-0.2781	-1.5248	0.2178	-1.2438	-0.6488	-0.8767	-0.3284	-0.2444	-1.0428	0.4487
-0.4831	0.4543	-0.0750	-0.6563	-0.1583	-0.2536	-0.0937	0.7685	-0.5030	-0.4107	-1.2624	-0.6610	-0.4199	0.4261	-1.0244	-0.6028	-0.0721	0.1575	-0.5553	-0.0265	-0.9199	-0.3667	-0.2368	-0.7587	-0.1144	-0.3946	-0.5716	-0.0267	-1.1178	-1.1026	0.7383	0.6139	-0.8834	-0.4752	0.0286	0.1765	-0.7041	-0.4459	0.2216	0.3386	-1.2803	0.0544	-1.0041	-0.8283	0.4108	0.2352	0.0304	-1.3132	0.4798
0.1799	0.4882	0.2740	0.8843	-0.2039	1.0886	1.3462	-1.5244	-0.3169	0.5437	-1.9346	0.5124	0.8914	-0.0555	-0.7720	0.4358	0.9153	0.8084	-0.0612	-0.4662	-0.5124	0.5066	-0.0176	-0.6227	-0.5793	-1.0209	-0.3846	-0.0021	-1.5331	0.3840	0.5304	0.0112	-0.4359	-0.6886	-0.2710	0.5778	-1.1896	1.0505	0.3289	0.1178	0.5413	1.2076	-0.2060	-0.3765	0.4146	-0.5899	-0.0505	-1.4115	-0.0057
-0.1122	1.2616	0.5267	0.0939	0.4601	0.5174	0.1966	-1.6279	-0.0506	-0.5552	-0.0827	0.5015	0.4557	0.2222	0.1312	0.8803	-0.1602	0.3752	0.1281	0.7933	0.0200	0.5395	-0.6610	-0.1412	0.6178	1.0297	-0.1875	0.2712	-1.2127	-0.3286	0.4506	0.1185	0.5545	0.7729	-0.1193	0.3891	-1.3066	1.2597	0.0134	0.2320	0.5802	1.1546	-0.1064	0.7445	0.1027	-0.2323	0.6117	-0.3906	0.9579
-0.3980	1.3912	0.6863	-0.1399	0.6812	-0.9007	0.0281	-1.2274	1.0757	-0.6007	0.3608	0.6716	-0.3470	0.4315	0.8545	-0.3009	0.3086	-0.0561	0.3446	0.9261	-0.4633	-0.4041	0.2027	-0.2561	0.6955	1.2621	-0.3661	0.2689	0.0024	-0.7095	0.9146	1.0502	0.8015	1.2400	0.1238	-0.1565	-0.1645	0.5521	-0.1310	0.7174	0.6485	0.4412	0.2634	1.1048	-0.4559	1.7826	0.6082	0.2662	1.1366
-0.5389	0.3344	0.5271	-0.3438	0.9901	0.0196	0.2030	-1.0696	0.4044	-0.1624	-0.5626	0.6764	-0.1160	0.3202	0.9064	0.4535	0.2031	0.4616	0.4136	0.1797	-0.4639	0.4126	-0.1837	0.9498	0.0963	1.4510	-0.4799	-0.1470	0.1950	0.0131	1.0465	0.6972	0.7189	0.5560	0.3415	-0.2823	0.5570	-0.8289	-0.2230	0.4998	-0.3744	0.1869	-1.0981	1.3737	0.0505	0.9597	-0.1034	0.2319	0.3608
-0.0286	0.4313	0.3835	-1.0342	1.0332	-0.2825	-0.1999	-0.1945	0.8457	-0.1692	0.0302	0.6733	-0.5215	0.4935	0.9904	0.3657	0.0466	0.0875	0.0312	0.6486	-0.0577	-0.3566	0.1062	0.5266	0.4214	0.3601	0.0378	0.4458	0.2996	-0.8827	0.6943	1.0374	0.8077	0.9622	0.0117	-0.3213	-1.1096	-0.2543	-0.1162	1.1543	-0.4109	-0.2630	-0.3127	1.0728	0.6316	0.8213	-1.8486	0.8280	0.3660
-0.4353	0.2328	0.6499	-0.1510	0.9061	-0.2732	-0.9527	0.1500	0.4388	-0.8394	0.2517	-0.3939	-0.2162	0.8443	0.9413	0.5388	0.6160	0.5271	0.7608	0.2103	1.2019	0.7324	-0.0269	-0.1093	0.9487	1.0114	0.6884	0.7511	1.2058	0.1232	0.9032	-0.2221	0.3972	0.2556	0.6535	0.7106	-0.9720	-0.8088	0.4150	0.9400	0.1510	0.5377	-0.3524	0.4219	1.1255	-0.2059	-0.7285	0.6102	-0.6187
0.0927	-0.0615	-0.1150	0.6162	0.6101	0.2968	-0.3677	-0.0819	-0.1631	0.0101	0.4745	0.0239	0.1673	0.7205	0.2956	0.5047	-0.0097	-0.0085	0.6027	-0.1583	1.7359	0.6937	-0.1863	1.0502	0.7244	0.0639	-0.2420	0.3611	1.2827	1.0904	0.5263	-0.6339	0.2396	0.1256	0.0739	-0.0365	0.4856	-0.0165	0.1344	0.1603	0.4621	0.3850	0.2575	0.4606	-0.0242	-1.2409	-1.2210	0.2567	-1.1708
0.6726	-0.5045	-0.0739	-0.1310	0.4769	-0.5039	0.3886	0.3881	0.5704	0.4172	-0.0851	-0.0170	-0.0039	0.0872	0.5711	-0.2049	0.7651	-0.0678	0.9306	0.6216	1.1991	0.2431	0.4989	0.7365	0.6891	0.5954	0.1005	1.0417	1.3704	0.3036	0.6869	-0.5576	0.5841	1.1677	0.3931	0.6779	0.8697	0.7514	0.6526	0.5970	-0.6431	0.1291	-0.0478	0.7036	0.0007	-0.9257	0.0298	0.4047	-0.6124
0.8853	-0.3919	-0.4363	-0.6490	0.3795	0.7092	-0.3782	-0.7363	-1.2314	0.2831	0.8285	-0.3016	-0.1574	-0.0576	-0.2711	0.7495	0.5447	0.6008	0.2704	0.4451	1.4392	0.4296	-0.2636	1.2419	0.7742	-0.3599	0.2511	0.5372	0.5697	0.6302	-0.2439	-1.1658	-0.0920	0.6073	0.1986	0.9562	0.8644	1.6793	1.2012	-0.3423	0.5620	0.3706	0.4969	0.1760	0.3017	-0.7157	0.8856	-0.6071	-0.5074
0.5071	-0.0499	-0.2689	-0.3457	0.4216	0.5021	0.4081	-1.0663	0.3700	0.4557	0.1952	0.6145	0.3540	0.2683	0.7890	0.3178	0.7139	0.4918	-0.3040	0.7232	1.1180	-0.4024	0.3860	0.0548	0.4543	0.4067	0.1587	0.7953	0.3620	0.1945	-0.2469	0.4971	0.2648	0.7946	-0.4374	0.9032	0.3783	0.5808	0.9290	1.3548	0.4210	-0.2603	0.8092	0.3370	0.7411	0.5706	0.2176	-0.6412	-0.3928
-0.3076	-0.0464	0.1538	0.6755	0.3152	0.7301	0.4307	-0.6414	-0.1195	0.4968	-0.1125	0.3174	0.9325	0.2363	1.4858	1.2880	1.0476	0.7952	0.5130	0.3178	1.2163	0.9956	0.0996	0.2938	1.0300	0.8942	1.0377	0.7520	0.3395	0.6604	-0.4218	0.1686	0.7088	0.6997	0.4327	1.0454	0.3236	-0.5446	1.1574	0.4268	0.7083	0.6258	0.4165	0.8406	1.1340	1.4190	0.8850	0.4118	-0.4954
0.7922	0.3794	0.0292	0.0909	-0.1916	-0.2767	0.6984	-1.0251	0.2326	1.6316	1.0604	0.9245	0.2407	0.2371	1.1257	0.2115	0.3469	0.5698	0.0534	0.5542	0.7961	-0.2079	-0.3997	0.8975	0.8255	0.5381	1.1741	0.8843	0.8397	0.8427	-0.3619	0.7432	0.6790	1.1395	0.1794	-0.2156	1.3409	0.9323	1.2074	0.7767	0.4976	-0.2572	0.8439	1.4389	0.3522	1.3440	0.1598	0.8865	0.1831
1.0838	-0.1792	-0.3495	0.6713	-0.3584	0.3164	1.2348	-0.9445	0.0775	0.5997	1.8770	0.1979	0.4036	-0.2952	0.6140	0.3526	0.2893	-0.1737	0.5509	-0.0949	1.1150	0.2976	-0.0137	0.6054	-0.1889	0.4244	0.8983	0.4034	1.4189	0.8513	-0.1635	-0.3042	-0.2429	0.0537	0.0326	-0.2662	1.7063	1.2454	0.8889	0.4014	1.6041	-0.8791	0.9779	0.8927	0.9642	0.1164	-0.8840	1.3710	-0.7344
0.1823	-0.4698	-0.3564	1.1861	-0.6919	0.1513	0.0401	-0.1765	0.5394	0.4511	1.1046	-0.0886	0.1102	-0.0668	0.0993	-0.2857	0.6894	-0.1413	0.2599	-0.1992	1.6547	-0.2379	0.1100	0.0289	0.1652	-0.1927	1.2639	0.2192	1.3052	1.2050	0.3419	0.2367	0.0903	-0.6022	0.2311	-0.1775	0.8009	0.3770	0.3676	-0.5204	-0.0259	0.2917	0.5209	0.8492	0.9062	0.0664	0.3002	0.5442	-0.5709
1.3076	-0.7543	-0.8362	0.3443	-0.4181	-0.1366	-0.0161	-0.5224	-0.5264	0.7678	0.9594	-0.4467	-0.1013	-0.3697	-0.7555	-0.5291	-0.3843	-0.4109	0.1895	0.0180	0.6453	-0.3310	0.0817	0.3333	-0.1690	-0.2170	0.0277	-0.4718	0.9455	-0.2850	-1.3426	0.2262	-0.4456	-0.1423	-0.4891	-0.6434	0.7802	0.0120	0.4102	-0.9108	0.2233	-0.4869	1.0050	-0.1500	-0.2153	0.8966	-0.1688	-0.6745	-0.6994
0.5696	-0.9270	-0.8123	0.7000	-0.4758	0.1699	-0.0193	0.4540	-0.2110	0.2715	0.0987	-0.3676	0.4887	-0.3460	-0.9710	0.1244	-0.0033	-0.5157	0.0190	0.0843	-0.0740	-0.5803	0.1034	-0.3542	0.2418	0.0378	-0.4553	0.3890	0.1362	-0.3290	-1.0092	-1.1966	-0.5132	-0.8398	-1.0148	-0.0234	0.1566	-0.2914	0.6900	0.0066	-0.2845	-1.4490	0.8598	-1.1840	0.4303	0.1304	0.2750	-0.6154	-0.4007
-0.1564	-0.0112	-1.4091	0.4336	-0.3643	-0.3056	0.2472	-0.1353	-0.5295	0.7875	0.9665	1.0517	0.6347	-1.2025	-0.7747	-0.4356	-0.9147	-0.3559	-1.6228	-0.1793	-0.8593	-0.7653	0.2260	0.0878	0.4500	-0.1213	-0.4227	-0.2703	-1.8201	0.3855	-0.9558	0.9249	-0.6714	-0.1384	-1.6897	-0.2843	0.0964	1.3083	0.5002	-0.5421	1.0214	-1.7628	1.0815	-0.7911	-0.4069	0.8804	1.6579	-0.8015	0.5955
-0.4471	0.1324	-0.0058	1.0154	-0.4025	-0.0437	-0.9174	-0.4142	-0.8445	0.4000	-0.8657	-0.8721	0.0662	-1.1119	-0.5126	0.2235	-0.0473	0.2380	-1.0352	-0.8259	-0.3136	-0.1446	0.0680	-0.4271	0.2000	0.0754	0.1120	0.0000	-1.4174	-0.0624	-1.0105	-0.3048	-0.2895	-1.7851	-0.5548	0.1001	0.0454	-0.4010	0.3986	-0.7276	0.6012	-0.2568	0.3964	-0.9891	0.7926	0.6099	1.2474	0.4137	0.8560
-0.0368	0.1670	0.3967	0.9087	0.0766	-0.0039	-0.5414	-0.4107	-0.9725	0.9044	0.2419	-0.3619	0.0881	-0.8209	0.1100	0.2883	-0.2149	-0.3127	-0.9746	-0.6307	-0.4681	0.2612	0.5999	0.5229	-0.2404	0.7128	0.3906	-0.4933	-0.8755	0.1140	-0.4528	-1.0541	0.0376	-0.7189	-0.0244	-0.3095	0.6540	0.1546	-0.0563	-0.7625	1.5927	0.7476	0.5473	-0.6565	0.4712	0.1641	0.4722	0.3248	-0.0940
-0.1593	-0.2583	0.8022	0.8785	-0.3540	-0.3287	-0.4993	-0.2154	-0.0842	0.8730	0.3313	-0.6384	0.6591	-0.7307	0.1149	-0.1199	0.2093	-0.2987	-0.5566	-0.3729	-0.6313	-0.1040	0.1639	0.7343	-0.7491	-0.5321	1.0148	-0.6113	-0.6579	0.9237	-0.4097	0.1318	-0.1974	-0.3967	0.4328	-0.2263	1.2332	-0.5292	-1.1553	-0.5199	0.0473	1.0337	-0.1247	-0.6520	-0.3576	-1.2775	-0.2168	0.5360	-0.3762
-0.6712	-0.7308	0.2066	-0.2986	-0.9338	-0.4188	-0.3446	-1.2152	-1.1878	0.3133	0.1316	-0.6201	-0.3443	-0.5234	-0.7399	-0.6550	-0.7699	0.0853	-0.7452	-0.4996	-0.7447	0.1706	-0.2673	0.0607	-1.8133	-0.8750	0.3064	-1.3687	-1.1827	-0.7384	-0.9914	-0.0776	-1.0517	-0.3241	0.1222	0.2811	0.6421	-1.3801	-1.1185	-0.7520	0.0559	-0.3151	-0.1908	-1.1861	-0.2182	-1.2409	-0.3251	-0.4682	-0.9835
-0.2121	-1.1991	0.0311	-0.2568	-0.9546	-0.1197	-0.5399	-0.8106	-0.1166	-0.8109	-0.8716	-0.9435	-0.1564	0.1722	-0.7580	-0.8185	0.1467	-0.1522	-0.1925	-0.2228	-0.3534	-0.2554	-0.4900	-1.2865	-0.9308	-0.6559	-0.6334	-0.1994	-0.6018	-0.3072	-1.2816	-0.8998	-0.8351	-1.0461	-0.0915	0.2066	-0.7644	-1.4158	-0.5332	0.2219	-1.0272	0.1515	-0.4045	-1.4741	-0.5158	-1.3291	-1.8238	0.2715	-1.0077
-0.3356	-0.6659	-0.3250	-0.0627	-0.2181	-0.0064	-0.1233	-0.6832	0.5318	-0.6455	0.1073	-0.0503	0.1771	-0.3437	0.0392	-0.7814	-0.5415	-0.6441	-0.1874	-0.3053	-0.2722	-0.3693	-0.1451	-0.4761	-0.2628	-0.1862	-0.6600	-0.6162	0.4569	0.7742	0.5283	0.0182	-0.3809	-0.8383	0.5914	-0.6496	-1.0335	-0.2772	-0.9982	0.5758	-0.7036	-0.0759	-0.2106	-0.2337	-1.3109	-0.3310	-0.9533	0.1592	-0.8606
0.5101	-1.1252	-0.4042	0.1570	0.2175	0.3230	-0.1669	-0.6936	0.1483	-0.6987	-0.8141	0.1849	0.4959	0.5240	-0.3454	-0.1911	-1.4675	-0.6689	0.6292	-0.4752	-0.3997	0.0897	-0.9118	-0.4649	-0.6862	0.6341	-0.9634	-0.9080	0.8419	-0.1284	0.1233	0.2121	0.2222	-0.5893	0.8824	-1.3641	-0.8237	-1.6153	-1.5373	-0.5800	-1.8130	-0.5807	-1.1378	0.5108	-1.3140	-0.3446	-0.3797	-0.8589	-0.7848
0.7603	-0.5783	-0.3082	0.4388	0.4368	-0.0796	0.7109	-0.5580	1.7240	-0.6550	0.1277	0.8031	-0.0008	0.1742	0.3228	-0.3070	-1.1447	-0.9025	1.0589	-0.1401	-0.6650	-0.8364	0.2454	-0.7781	-0.2701	-0.2424	-1.4059	-0.4340	2.0302	-0.5254	1.4085	0.2135	0.6333	0.0975	0.8407	-1.9469	-1.4575	0.7165	-0.9282	0.7920	-0.6544	-0.9537	-0.1307	1.0218	-2.2204	-0.5797	-0.5792	-1.0231	-0.9431
-1.5338	-1.1373	-0.3488	1.4019	1.2723	0.4021	-0.7922	-0.8731	1.8474	-1.1461	0.5714	0.4993	-0.0852	0.1143	0.6234	0.7717	-1.1175	-0.6821	1.9728	-0.0341	-0.6906	0.4985	0.8348	-0.4428	0.2133	0.6185	-0.0111	0.0734	1.8932	-0.4555	1.9335	0.1223	0.7220	-0.1265	1.4515	-0.3835	-0.9252	-0.4764	-1.8424	0.5126	-0.1674	-1.1114	-0.4485	1.0874	-0.4534	-0.3255	0.8559	0.4205	-1.3458
-0.1732	-0.4357	-0.3138	-0.1618	0.7759	0.5371	-0.5267	-0.7574	1.2678	-0.2893	0.9927	1.0463	0.4259	0.5751	0.3239	0.1380	-1.6919	-0.4757	0.5412	0.8678	-0.6820	-0.0750	0.0523	-0.4397	-0.1021	0.6524	-0.2177	0.4425	0.9017	-0.3414	0.6094	0.9397	0.5393	0.7723	0.2468	-0.2516	-0.2559	0.3071	-0.8211	1.1723	-0.1802	-1.7454	0.1955	0.5381	-1.1741	0.2834	0.1426	0.7729	-0.5911
0.2003	0.1157	0.6813	0.3356	-0.1952	1.4065	0.2627	0.1589	-0.0647	-0.0056	-0.1627	-0.5354	0.7862	0.8608	0.3350	0.9412	-0.4622	0.7878	0.0993	0.3914	0.5135	1.1726	-0.4870	0.0065	0.1017	1.2278	0.5875	0.7511	0.2361	0.2572	-0.2684	-0.2861	0.6214	0.1888	0.0848	0.8517	0.2942	-0.7514	0.4940	0.5795	-0.0131	-0.8240	0.1312	-0.3272	0.2719	0.3735	0.9865	0.9958	0.2751
0.5451	1.1713	0.6868	-0.3026	-1.1293	0.6242	2.4404	0.0714	-0.9152	1.9655	-0.9259	-0.1449	0.6675	0.2624	0.2274	0.6207	-0.5077	1.0506	-1.2690	-0.0616	-0.3459	0.6511	0.7971	1.3228	-0.0487	-1.0257	0.8372	0.4047	-0.8874	1.4005	-1.5687	-0.3391	0.2232	0.3338	-0.2889	0.5395	1.2065	1.2958	1.3427	0.1250	0.5021	-0.6977	1.2172	-1.0012	0.2374	0.8618	0.9726	1.1549	1.8388
-0.9549	0.8803	1.3562	-0.4627	-0.3288	0.2222	-1.0296	1.3154	-0.7018	-0.1268	-0.2478	-0.9260	-0.0351	-0.4819	0.2131	0.4328	-0.2514	1.1384	-1.0411	-0.3419	-0.9641	0.0608	0.9967	1.2548	0.0546	-1.4231	0.9159	-0.0108	-1.3961	0.9827	-2.3054	0.2913	-0.0049	-0.8654	-0.4988	0.1816	-0.1845	-0.6758	0.5911	-0.9614	-0.0580	-0.2959	0.0957	-1.1113	0.3496	1.2160	1.8188	1.9111	2.0657
-1.1715	0.8911	1.4117	-0.0671	-1.3251	0.3659	-1.9881	1.4689	-1.5092	0.0167	0.4946	-1.6429	0.0765	-0.0606	-0.4831	0.9219	0.5046	0.9191	-0.2110	-0.5378	-0.7118	0.4056	0.1663	0.9678	-0.2765	-1.0756	1.6054	-0.4980	-1.2216	0.3787	-1.3147	-0.5011	-0.1402	-1.5981	-0.3660	-0.0621	0.7950	-1.1778	-0.3666	-1.1245	1.0801	0.7898	0.0984	-1.2291	1.9013	-0.7076	2.1773	1.5683	0.8411
-0.6854	0.6120	0.5187	-0.8534	-1.3981	-0.3816	-1.4411	0.2966	-2.0199	1.6087	0.5897	-1.4814	-0.4287	0.0858	-1.3171	-0.2315	-0.2180	-0.0856	-0.8561	-0.6575	-0.8251	0.1348	-0.2238	0.5418	-1.9892	-0.2256	1.1906	-1.9466	-1.7258	-0.4357	-1.8408	-1.0598	-1.1570	-0.5825	-0.3379	-1.2184	1.5968	-0.5479	-1.3043	-2.1970	1.6466	-0.3411	0.4811	-1.4592	1.0667	0.0570	0.6878	0.5638	1.3802
-0.7768	-0.9506	-0.2506	-0.9405	-0.8737	-0.2101	-1.2723	1.3488	-0.4930	0.0633	-0.6553	-1.3642	-0.1020	-0.0693	-0.9864	-0.2377	0.3913	-0.7400	-1.0636	-0.6405	-0.6514	-0.6668	-1.0393	-0.6527	-1.4417	-1.0364	-0.5849	-1.8276	-1.1817	0.0861	-0.7130	-1.0656	-1.3720	-1.4810	-0.0924	-1.5947	0.6191	-1.0395	-1.4562	-2.0082	-1.2607	-0.4164	-0.1498	-1.9801	-1.1344	-1.1908	-0.2562	0.1096	1.3156
-0.4357	-1.3267	-1.3576	-0.9107	-1.1461	-0.6582	-1.0457	0.3092	-0.8734	-0.5763	-0.0558	-1.3682	-1.0120	-0.1157	-0.8526	-0.2224	0.1606	-0.6644	-1.1479	-0.3261	-0.2768	0.2561	-2.1817	-0.8882	-0.8499	-1.1371	-0.6555	-2.2450	-1.4191	-1.3311	-1.3049	-1.3059	-1.5329	-1.4333	0.6725	-0.7119	0.3266	-1.7629	-1.7259	-2.4888	-0.3529	-0.0168	-0.0848	-2.2243	-0.6869	-0.6838	-0.8979	-1.5222	-0.1023
-1.0281	-1.5957	-1.2826	-1.2947	-0.2624	-1.7468	-0.5877	0.9586	1.4627	-0.3124	-1.1691	-0.6965	-1.6971	-0.1860	-0.7252	-0.5189	0.1188	-0.5904	-0.5478	-0.3098	-1.2422	-1.4236	-1.6583	-1.5622	-0.5487	-0.4233	-1.5225	-1.9196	-0.8877	-2.1122	-0.1741	-0.3334	-0.8789	-0.8368	0.7749	-1.8304	-0.7170	-1.4145	-2.2226	-1.4532	-1.2094	-1.0882	-0.8129	-1.2528	-2.1149	-0.9489	-0.0640	-0.7207	0.0847
-1.1592	-1.7319	-1.4539	-1.2911	-0.8667	-0.5259	-0.0647	1.4730	1.0949	-1.5054	-0.1974	-0.5706	-0.7214	-0.0003	-0.5523	0.0733	0.3691	-0.8042	0.7144	-0.8689	-1.1835	-0.7734	-1.2585	-2.3267	-0.7976	-0.4366	-1.1899	-1.5444	0.1201	-1.7908	0.4457	-1.0211	-0.7409	-0.6409	0.8346	-1.3160	-0.8659	-0.8482	-1.8212	-0.9573	-0.0080	-0.1552	-0.0681	-0.6726	-1.7133	-2.1983	-0.1111	-0.2332	-0.6896
-1.0493	-1.1993	-1.4849	-1.1124	-0.8980	-0.3637	-0.1028	1.6874	1.7484	-1.6026	-0.2437	-0.3465	-0.0545	-0.2285	-0.5014	-0.9004	0.4348	-0.2555	0.8701	-0.7542	-1.0760	-1.1615	-1.2756	-1.6572	-0.2084	-0.8892	-0.3179	-0.8087	0.1647	-0.8008	0.9215	-0.6275	-0.9907	-0.4424	0.7828	-0.7591	-0.9759	-0.3940	-1.0771	0.1515	-1.2638	0.0689	-0.2694	0.4141	-1.4782	-0.6760	-0.5503	0.6504	-0.2887
-0.7941	-1.2115	-1.7963	-0.6881	-0.8933	-0.2031	0.8912	1.0991	0.3794	-1.4041	-0.2957	-0.5647	-0.8184	-1.2891	-1.2593	-1.1417	0.0217	-0.3062	0.3673	-0.9815	-1.0413	-0.0788	-1.5081	-1.3052	-0.1191	0.2859	-0.7684	-1.1126	-0.3214	-1.6356	0.5538	-1.5193	-1.3279	-0.2976	0.3448	0.0044	0.0380	-0.6927	-0.3115	0.1029	-0.8065	0.1495	-0.0187	-0.1211	-1.3951	-0.6808	-1.5510	0.0730	0.3074
-0.9798	-1.3651	-1.5154	-0.6068	-1.3275	-0.2641	1.1446	1.4463	-0.3359	-0.3574	-2.1502	-0.6360	-0.8959	-1.4281	-1.5181	-0.6536	0.1103	-0.2797	-0.1445	-1.2837	-1.5268	-0.5320	-0.9610	-1.3739	-0.0885	-0.6664	-0.5004	-0.4312	-1.2209	-1.1375	-0.5780	-0.5589	-0.9798	-0.1842	-0.0957	0.5557	-0.1638	-0.6236	0.1017	0.6798	-2.0823	0.7056	-0.8914	-0.0651	-1.0361	0.4410	-0.6740	-0.7823	0.5996
-1.8930	-0.9402	-1.3221	-1.0776	-0.8363	-0.8457	-0.0960	1.0094	-1.1606	-1.1112	-0.8100	-0.9777	-1.4125	-1.7596	-1.2545	-0.1385	-0.8126	-1.3796	-0.3828	-0.8352	-1.5656	-0.6818	0.2901	-1.4599	-0.3376	-0.1369	0.0609	-0.8601	-1.3655	-1.0555	-0.3529	0.1690	-1.0646	-0.1806	-0.1263	0.6205	-1.0251	-0.7144	-1.1162	-0.0412	-0.3010	-0.2279	0.1327	-0.6641	-0.9303	-0.0616	0.2241	-0.6568	-0.5923
-0.2677	-1.2154	-0.7399	-1.2938	-0.3004	-1.7530	1.0338	1.5858	-0.9194	-0.6249	-1.6288	0.5908	-1.2033	-1.0106	-0.7803	-0.4741	-0.3607	-0.3801	-0.1060	-0.8944	-1.3311	-0.3906	0.3421	-1.5569	0.7204	-0.2559	-0.6141	0.2323	-1.5225	-0.5355	-0.7393	0.1222	-0.6892	-0.2923	-0.7883	1.3928	-1.4390	-1.0333	-0.8964	-0.1118	-0.8324	-0.4022	-0.8226	-0.6719	-1.0626	-0.2697	0.9071	-1.2342	0.3281
2.0506	0.2636	-0.6483	-1.1225	1.0562	-1.5387	0.9977	0.9508	1.1954	0.2244	-0.5042	2.2263	-1.5726	0.6018	-0.7323	-0.3927	0.2233	0.8433	1.6919	0.3531	-1.4327	-0.0151	2.0284	0.7962	0.1663	-2.2519	-1.6917	-0.0252	0.3785	1.5639	-0.5064	0.2822	-0.7108	-0.5396	-0.3772	0.7750	-0.3527	-1.2730	0.1984	-0.1715	-0.9125	-0.7204	-1.2244	-0.3200	-0.4499	1.9176	0.3710	-0.4233	1.2511
0.9961	0.8447	0.8724	-0.6546	1.0053	-0.7481	0.4495	1.4325	-0.2293	0.2273	-0.3461	1.1504	-0.8354	0.7152	-0.2199	-0.2069	1.1979	0.2672	1.2950	0.4889	1.0038	0.9559	0.0180	0.2731	0.3866	0.4619	-1.2654	0.1405	1.0207	-0.0677	2.1647	-0.9890	0.3851	0.0875	-0.3790	0.9180	-1.1285	0.9819	0.1825	0.1188	0.2711	0.5762	0.4017	0.0703	-0.4620	-1.4063	-1.1275	-0.8779	0.4490
-0.0933	1.7959	1.1239	1.4789	0.6522	-0.1767	-0.0837	2.7410	-0.6267	1.8334	-0.7572	2.1511	0.2732	1.5202	0.6846	0.1047	0.0719	-0.8840	0.4969	-0.2724	1.7023	0.6993	0.6218	0.6928	-0.4418	-0.3695	-0.3315	1.0828	1.2484	0.3367	1.8386	-0.1750	1.5699	1.2983	0.1044	0.6310	-1.0748	0.4383	-0.0342	0.8792	-0.7161	-0.2632	0.6742	1.8230	0.8814	0.7968	-0.2438	-0.1239	1.9359
1.3735	1.8402	1.4328	3.0300	0.4905	1.0018	0.4650	2.0378	-0.3022	0.1675	0.3458	2.1573	0.3613	0.9954	1.0513	0.0954	-0.2056	-0.2010	0.0513	0.4802	1.6199	0.5349	0.4591	0.1988	-0.2684	0.8852	-0.0329	1.1912	0.4149	0.7306	0.6538	-0.2529	1.2396	1.9002	-0.6078	0.1231	0.0085	-0.0787	0.3747	0.6056	0.0943	-0.1231	1.0350	1.0499	-0.2042	0.2648	1.0149	0.2494	2.1112
1.5079	1.3461	1.7118	2.9687	0.4543	0.5468	-0.7257	1.7307	-0.6443	0.0515	0.1369	0.4275	1.0427	1.0333	0.8239	-0.0759	0.2365	-0.2481	0.6348	0.5793	1.2951	0.7935	-0.4392	0.1849	-0.3058	0.3619	0.8954	0.9704	0.0316	0.5544	-0.0073	-0.5249	1.1712	0.7634	-1.0207	0.0522	1.5236	-0.8166	-0.1941	-0.1626	0.3694	1.4964	0.5418	0.0882	0.7516	-0.2310	0.8314	1.1628	1.8458
1.0588	0.9440	1.1018	1.5032	0.4825	0.3602	-1.2855	-0.1939	-1.0501	0.0888	0.7939	0.3948	0.6983	0.0192	0.4263	0.0437	-0.6128	-0.1075	0.0398	0.0042	0.3888	1.0023	-0.3993	0.1812	-0.2359	-0.5017	0.6843	0.4873	-0.4342	-0.2734	0.2828	0.5576	0.2728	0.2885	-0.9107	-0.4546	1.1291	-0.0823	-0.7749	-0.4684	1.0796	0.8578	0.8430	0.3124	0.1902	-0.7474	-0.9115	-0.1155	0.3076
0.9036	-0.0735	0.9013	0.6855	0.6029	-0.2396	-0.5349	0.3435	0.5918	-1.3859	-0.2821	0.4063	0.9672	0.4984	0.5398	0.3998	0.1954	-0.0390	0.5528	0.3706	0.4114	0.3876	-0.4083	-1.6919	0.4068	0.3887	0.6680	1.0297	0.1690	-0.6038	0.3010	0.1941	0.8505	0.1976	-0.4160	0.3769	-1.3567	-0.1296	-0.8624	-0.0619	-0.0885	1.4962	0.0096	0.7374	-0.2995	-2.2920	-1.0613	-0.2508	-0.6436
1.7903	0.7535	0.4404	0.6748	1.5544	-0.0598	1.2610	0.5007	1.3016	-0.6888	0.5947	0.7188	1.0080	0.3121	1.1629	0.3047	-0.3716	0.0465	0.5599	1.7842	0.0038	-0.1503	1.6863	0.2896	0.5907	1.1115	0.7216	1.0347	0.2120	-0.4677	1.2662	1.1932	1.2289	1.2122	-0.4607	0.0278	-0.4642	1.0436	-0.4812	1.1179	0.2061	0.6275	0.2534	1.3229	-0.8073	0.6260	-0.6159	0.4841	-0.3802
0.9404	1.0489	-0.0823	0.6052	1.2409	0.8178	1.9659	-0.1782	0.8956	-0.9745	0.2426	0.3582	1.2711	0.3586	1.3985	1.2526	-0.2263	0.3001	0.7567	1.2208	0.5566	1.2562	1.8023	0.3611	0.9643	1.7759	0.7525	1.0822	0.7859	-0.0438	1.7290	0.3942	1.4951	0.5141	0.3651	0.7612	-0.2292	0.3467	-0.2983	0.6592	1.2292	1.3864	-0.3656	1.6661	0.6523	1.1441	-0.4970	0.6205	-1.1231
1.0001	1.8864	-0.2301	-0.9828	0.2989	0.2178	1.4608	-0.2256	1.2237	-0.0587	-0.2194	-0.0231	1.1929	0.6459	1.1007	0.0871	0.5323	1.2184	0.7565	1.2343	0.9113	0.7074	0.6437	0.0411	2.0388	1.9406	1.3017	1.7091	0.3965	-0.6941	0.3131	0.9681	1.7536	1.2253	0.4062	1.0342	-0.4082	1.8468	0.8189	1.0524	1.0380	1.6227	-0.5379	1.8934	0.7157	0.8681	-0.1725	0.5318	-0.7134
1.7711	2.8658	-0.3189	0.2372	-0.0586	2.2359	3.2700	-0.7424	0.5783	-0.1958	-0.4624	1.2623	1.3893	0.6545	0.9822	0.8130	0.3728	2.5040	0.0233	0.5777	1.5323	1.6370	0.7343	0.5788	1.7655	1.6251	1.6880	1.4654	-0.2712	0.3790	-0.3125	0.6544	1.8136	1.3539	0.2436	1.6534	-0.0306	2.6588	1.1923	1.8757	2.8482	0.9631	-0.3042	2.1532	2.2165	1.0089	1.0018	0.1301	-0.9364
0.4705	3.4417	0.2043	-1.8661	0.5574	1.3809	-0.5739	-2.2450	0.9971	1.4232	1.0315	0.2015	0.0454	1.2481	-0.2376	-0.1165	0.1038	2.3162	0.2137	1.2329	1.8165	0.1933	-0.9265	1.7657	0.8566	0.9645	2.3226	0.7756	1.1211	0.8288	0.3777	0.8516	1.4340	1.4389	-0.6197	1.1659	0.5746	1.3739	2.2144	0.9639	2.2872	0.9103	-0.0113	1.7353	3.1598	2.9643	2.3941	1.2367	0.4736
-0.6617	2.4798	1.4005	-0.6401	0.2871	0.7440	-1.8584	0.3049	0.2076	1.9431	0.9427	-0.1593	0.1901	0.8180	0.1566	-0.6059	1.1001	1.0124	0.0535	-0.0694	1.0658	-1.0740	-0.3581	1.8389	-0.1890	-0.2458	2.4449	0.8320	1.3508	1.2842	0.9395	0.4543	0.5861	0.0384	-1.0590	0.3492	1.0945	0.4776	3.9225	0.9771	2.3823	1.7713	0.5114	0.5687	3.4453	3.3316	1.3689	2.5947	1.1388
-0.3743	0.5423	1.2732	0.1423	0.1742	-0.2335	-1.0326	0.4779	-1.4660	1.3448	1.7746	-0.1942	0.0831	-0.5389	-0.4859	-0.8395	0.3606	-0.9757	-0.2573	-1.1962	-0.0805	-0.7534	-0.2271	1.5224	-1.8426	-1.0665	1.0117	-0.1745	1.6826	1.4594	1.7496	-0.9436	-0.2994	-1.3170	-1.1515	-0.8406	2.6787	0.4587	2.3658	-0.4515	2.2771	0.7977	0.8100	-0.4182	3.2427	0.1190	-1.0226	1.0325	-0.2122
-0.5872	-1.0141	1.2395	-0.3231	0.1504	-1.8116	-0.5784	0.8223	-1.2185	0.8664	0.3719	-0.5008	-0.5173	-0.9661	-0.7383	-2.0085	0.1115	-0.9263	-0.3751	-0.9977	-1.1288	-1.2268	-0.0684	0.1608	-1.1017	-1.3194	-0.5429	-0.6508	1.0927	-0.6752	0.6587	0.2758	-0.3752	-0.3902	-1.0341	-1.8025	1.4953	0.4714	1.4294	-0.3425	-0.5425	-0.9641	-0.0622	0.1255	0.4058	0.2335	-1.1779	-0.5674	0.5819
-0.0375	-1.5498	1.1210	-0.0063	-0.2726	-0.9078	1.1778	-0.4437	-1.2322	-0.2610	-0.7660	-0.6900	0.1172	-0.7300	-0.4183	-0.7124	0.5152	-0.1372	-0.6709	-1.1077	-0.3771	-0.4031	1.0127	-0.2311	-0.6017	-1.8297	-1.6441	-0.1430	0.4341	-0.6793	0.1632	-0.0650	-0.3291	-0.4485	-0.5674	-1.1155	1.2534	0.9606	0.3626	-0.6253	-0.9577	-1.0598	-0.5880	-0.0805	-0.3150	-1.4885	-2.1146	-1.2482	-0.8257
-0.3652	-0.7571	1.1587	-0.7643	0.9099	0.1907	-1.3815	-0.5883	-0.1445	-0.5498	1.0291	-0.7827	0.3513	-0.0665	0.1817	0.1948	-0.3526	-1.0491	-0.9978	0.2228	-0.2058	-0.9605	0.3464	-0.1931	-0.5378	-0.5054	-1.3492	0.8438	-0.0762	-0.0953	-0.3563	0.7422	-0.1695	0.5303	-1.2519	-0.4351	0.2439	1.9787	0.0745	-0.6956	-0.6940	-0.9520	-0.0260	0.2043	-0.2753	-0.2676	-1.0640	-0.1583	-0.6936
-0.6886	-0.7165	1.8193	0.3073	1.2445	0.1610	-1.3655	-0.0363	0.1374	-0.5808	0.8626	-0.9104	1.0461	-0.0185	0.9245	0.6346	0.9416	-0.5285	-0.1429	0.6216	-0.0372	-0.4182	1.1964	-0.0149	0.2271	0.5163	-0.1235	1.5943	-0.7730	0.5710	0.0480	1.0924	0.0144	-0.0368	-0.4193	1.1085	-0.5206	1.7956	0.3678	-0.0153	-0.6059	-0.7554	0.0210	0.1298	0.5090	-0.2947	-0.5194	0.5052	-0.6102
0.1135	-0.2702	1.7110	1.4261	1.2959	0.9149	0.2316	-1.3054	-0.5706	0.0888	0.9441	-0.0172	0.9245	0.4096	1.8446	0.6390	0.8234	0.9364	-0.5754	0.3734	1.5290	1.3645	1.0811	0.1868	1.1590	1.1299	0.2624	1.2370	-1.0648	0.7010	-0.5414	1.1079	0.9353	0.4058	-0.0146	1.6023	0.4098	0.1895	0.2988	-0.1777	0.1591	0.6448	0.1390	0.1987	0.3416	-0.1447	-1.1697	-0.6841	-1.6087
0.1776	-0.2065	1.2067	0.2837	1.6144	0.1804	0.2655	-0.6506	1.0575	0.4748	0.9541	0.0709	0.7116	0.7622	1.9616	0.0812	1.4254	0.8686	-0.0393	1.7221	0.5083	0.0707	1.4140	0.5196	1.4794	1.1647	-0.2780	1.5754	-0.8938	-0.3423	-0.0264	2.6910	1.6691	1.3273	0.1527	0.9754	-0.1334	1.5082	0.8900	0.4632	-0.1146	0.4724	0.6230	0.2992	-0.7662	0.9075	-1.2826	0.0936	-0.5996
0.3533	0.1727	0.3553	0.5746	1.2208	1.6840	0.5903	-1.5593	-0.2168	0.2422	2.0657	0.4784	1.2217	0.5198	1.4721	1.1891	1.5928	0.4991	-0.1357	1.3110	0.8671	1.3565	0.5307	0.6168	1.1815	1.1120	-0.3989	0.9248	-0.9124	-0.2878	0.3058	1.5263	1.2106	1.3933	0.9125	0.7618	0.0907	1.6965	1.0158	0.1334	1.5695	-0.1128	1.3904	-0.2907	-0.0759	-0.6182	-2.2428	-0.1822	-0.1583
0.7695	-0.1276	0.0600	0.7156	0.8771	0.9333	1.4298	-0.5382	1.2904	1.0142	0.9192	0.7768	1.0482	0.2596	1.1919	0.9059	2.0123	0.0017	-0.0406	1.8164	-0.0431	0.5075	0.7777	0.3864	1.1639	0.7489	-0.2584	1.4324	-0.5945	-0.2440	-0.1881	1.7839	1.7139	1.9928	0.8650	0.5010	0.5582	1.2774	0.2313	0.1970	-0.3913	-0.6808	0.5017	-0.1767	-0.4329	-0.7802	-1.2690	-0.3945	0.0663
0.7909	-0.3186	-0.2725	-0.2468	1.1877	0.0991	1.0196	-0.3887	1.0286	0.3600	1.3993	0.6845	0.4459	0.0509	1.3361	1.1800	0.4359	-0.0091	0.3995	2.1275	-0.5517	0.4503	1.4200	1.1038	0.6338	-0.2335	-0.4347	0.7485	0.0363	0.1010	-0.2530	2.1516	1.5210	1.6768	1.3768	0.2145	0.4305	1.5661	0.0879	0.5038	0.3734	-0.7683	0.6927	0.3510	-0.3196	0.9437	-1.8910	-0.0541	-0.1223
0.2414	0.4892	-0.7805	0.4116	1.2317	-0.9502	-1.2335	-3.3164	1.8731	0.6168	0.7677	0.8757	0.0915	2.1897	1.3408	0.7038	0.8320	1.1712	0.3886	2.6133	0.7677	1.3988	1.4827	1.2842	1.7654	0.0894	-0.0405	0.5083	1.4346	3.1218	-0.3625	2.1255	-0.5384	0.9347	2.4427	1.6126	-0.1588	-0.7296	1.0603	0.8730	-0.8481	-0.3599	-0.5519	1.0262	0.6459	0.7146	-2.1257	-0.2326	-0.4050
1.4676	0.3673	0.2384	0.5206	1.8378	2.4435	1.9186	-3.1689	0.2598	1.2305	0.9504	1.9280	-0.1534	2.0997	1.8437	1.8616	1.6717	4.8780	0.4532	1.7203	3.1424	4.0564	2.0255	1.2746	3.4095	1.3158	0.4296	0.5069	0.4777	0.3286	-1.0446	0.5423	-0.1385	2.2227	1.6002	1.6515	-0.9113	-1.9405	1.4519	-0.9603	-1.3670	0.6568	-2.0989	0.7438	0.2353	-1.4476	1.4228	-2.9107	-2.3143
-0.1272	1.1950	0.2968	0.2635	2.0274	1.6478	1.5893	-2.8038	1.1733	1.3043	1.6707	1.5998	-0.0475	2.6316	2.1840	0.9517	-0.5185	2.5825	-0.3644	1.8109	2.6885	0.8568	2.1636	1.2062	2.5260	1.7040	-0.4181	1.3806	1.3569	1.2687	0.3579	1.3497	1.8122	2.0726	1.5288	0.0535	-1.1630	1.1525	1.7696	0.8511	0.2224	-0.0092	0.4741	0.6623	-0.9884	1.1188	2.5297	-1.4619	-0.5534
1.0293	0.7885	0.1509	3.1057	-0.1876	2.2260	0.4606	-1.7731	-0.1476	2.3383	-0.1454	0.1097	1.5402	2.8095	0.7310	2.0065	-0.8302	-0.0783	0.3478	0.1083	0.7603	0.9312	1.0020	2.0503	-0.7332	1.1453	1.2441	1.9036	1.6132	2.3806	-0.4183	0.3526	0.1745	0.6394	2.2109	0.2869	0.5053	0.7329	1.5591	0.2103	1.0889	0.3817	1.0284	1.0617	1.3107	2.2829	0.2317	0.2213	1.0970
3.1519	0.7909	0.7456	1.3191	-1.3184	0.4271	2.1340	-0.3125	0.1519	2.1499	-0.3718	1.3511	0.3796	1.8300	-0.1151	0.4996	1.3473	2.0991	1.2281	1.4039	1.1606	1.0417	0.1443	1.3387	-0.6134	0.4493	0.5989	1.3810	0.7955	1.0460	0.6512	-0.8480	0.0841	-0.1452	0.7515	0.4541	0.8550	1.2990	1.0806	0.1354	2.2294	0.7495	2.6310	0.3550	0.2958	1.3614	-0.7764	-0.1340	1.0620
-0.3720	0.2251	0.7279	0.6436	-1.7265	0.2687	-0.8414	-0.1323	-0.3747	1.8712	1.0028	0.4921	0.4022	0.8023	0.2584	0.4766	1.0289	1.2429	0.2401	0.0051	1.7272	0.8961	-0.8786	1.9019	-0.1640	0.0283	0.5062	0.4496	0.3091	1.3593	-0.6425	0.1403	0.4537	-1.5994	-0.6890	1.1419	0.8564	-0.8985	0.4369	-0.5481	0.6035	1.2490	0.2847	0.0191	0.6947	0.2419	1.4793	0.9186	-0.1153
-1.6628	0.6217	-0.0915	-0.7600	-3.4525	-0.0653	-1.1457	-1.0375	-1.3721	2.2316	2.1042	-0.0429	1.3785	-0.4141	-0.8698	-0.0383	-0.9151	-0.9765	-1.6511	-1.1249	1.0482	-0.4036	-0.5611	1.7897	-1.8421	0.0242	0.5631	-0.8680	-0.5724	2.1933	-1.6978	0.2975	-1.1534	-0.8712	-1.1449	0.7244	2.2879	1.0650	0.3855	-0.5030	0.3950	-2.3775	0.5308	-1.4377	1.3551	0.6504	1.6880	1.3436	0.0614
-1.8481	-1.1766	-0.9369	-1.1825	-3.5012	-1.8190	-2.4440	-0.0745	-2.4027	0.7250	0.0016	-1.8715	0.4258	-0.8845	-2.8391	-1.7269	-1.4802	-1.6940	-1.9727	-2.9170	0.2587	-1.2299	-1.8283	0.9050	-1.8695	-1.2447	-0.4834	-2.3771	-0.7590	1.5083	-2.0514	-1.4680	-2.7419	-2.5420	-0.7155	-1.3843	2.3542	-1.1365	-0.3053	-1.8585	-1.1006	-2.1752	-0.8689	-2.2326	1.2260	-0.6807	0.0274	1.3492	-0.7533
-2.2049	-1.8831	-2.2431	-1.7292	-2.9753	-3.6868	-2.4187	0.7251	-2.4980	0.0650	-0.7243	-3.5253	-1.6352	-2.8268	-3.6782	-2.2701	-2.6176	-3.3775	-1.8984	-2.7943	-1.2385	-1.7167	-1.7416	-0.0055	-2.8387	-1.8700	-0.7716	-3.1156	-0.5085	-1.3161	-2.3815	-2.1287	-3.3147	-2.7818	-0.9931	-2.6118	0.2184	-1.6051	-1.9262	-2.3515	-0.3187	-1.2175	-1.9939	-1.8815	0.3048	-1.3747	-0.9716	-0.3978	-1.8095
-2.2397	-2.6501	-2.6539	-1.6329	-3.0177	-2.5647	-2.7570	0.6844	-1.5641	-1.3721	-1.8013	-2.5375	-2.2289	-2.9578	-3.8284	-2.3628	-2.8645	-2.8710	-0.8241	-3.5453	-2.0769	-2.2642	-3.0491	-1.2824	-2.3287	-2.7660	-2.0396	-3.2854	-0.2319	-1.6876	-1.6767	-2.7546	-3.2205	-3.0502	-1.0575	-2.9271	-0.2552	-2.4053	-1.6580	-1.1385	-1.5125	-0.3859	-2.2980	-2.0285	-0.8647	-1.5495	-0.4555	-1.5386	-1.1337
-1.7125	-2.2825	-3.0683	-2.7941	-2.1700	-2.8102	-1.6513	0.6147	-0.6164	-2.3280	-1.7573	-1.2179	-2.6925	-4.1386	-3.0982	-1.7234	-3.5505	-3.9982	-1.5927	-3.0795	-3.1502	-3.2075	-1.6983	-1.9817	-1.9968	-1.7637	-3.0673	-3.3743	-0.5726	-2.2290	-2.0811	-0.7492	-3.3327	-2.2085	-1.1178	-3.1119	-0.7650	-1.9713	-2.9787	-0.7570	-1.5616	-1.7654	-2.0325	-2.2580	-1.7125	-1.1291	1.1019	-2.4279	-1.2167
-1.6702	-2.5361	-2.2693	-1.8644	-1.4784	-2.2531	-1.5449	0.8802	-1.2093	-3.0168	-2.8628	-1.7879	-2.7209	-3.4767	-2.7475	-1.1337	-1.8497	-2.6180	-0.9877	-2.9798	-2.7207	-2.8086	-2.9391	-2.9919	-0.8858	-1.8824	-2.9160	-2.5119	-0.8239	-2.0098	-1.8207	-2.3579	-3.2555	-3.1517	-1.1089	-1.6733	-1.7212	-2.0041	-2.1948	-0.7180	-2.0723	-0.5918	-1.8964	-2.5770	-1.7382	-1.1267	1.7245	-2.6090	-0.9671
-1.6539	-1.6469	-2.5576	-1.8924	-0.8368	-1.4804	-1.2007	0.0979	-0.5483	-2.3068	-1.9848	-0.9756	-2.6730	-3.3906	-1.9869	-0.8975	-2.6978	-2.3382	-1.0142	-2.4094	-2.5682	-2.7997	-1.4100	-2.5884	-1.1294	-0.7706	-2.4346	-2.7825	-0.4188	-1.7751	-0.1065	-1.1949	-2.3934	-2.2770	-1.3811	-1.8244	-2.2206	-1.2774	-1.9330	0.8303	-1.4430	0.0813	-1.0712	-1.3376	-2.0052	-0.3637	1.3837	-2.4600	-0.9755
-0.4532	-1.6076	-1.9431	-1.3016	-0.3396	-0.0355	-0.6169	0.2718	-0.9607	-2.6557	-2.4136	-1.7651	-1.9705	-2.4885	-2.2778	-0.9393	-1.4904	-1.4553	0.2388	-1.7729	-1.7276	-1.8228	-2.9510	-2.9385	-0.9065	0.1687	-0.9573	-1.3433	0.0388	-1.1725	0.5583	-3.3243	-1.8513	-1.4375	-0.7367	-0.5447	-2.2090	-1.2238	-0.8236	0.2185	-1.8817	1.1563	-1.2053	-0.6296	-1.4171	-1.7411	1.2241	-1.6030	-0.3828
-0.7041	-1.1239	-2.5163	-2.1315	-0.0435	-0.3090	0.4400	-0.7079	0.1648	-1.8476	-1.5206	0.0315	-1.9515	-2.3979	-1.0576	-0.8920	-1.6731	-1.3118	-0.1913	-1.3272	-1.6974	-2.1080	-1.0744	-1.9344	-0.6139	-0.0146	-1.0644	-1.2289	0.2735	-0.7721	1.8125	-1.0363	-1.1243	-0.7998	-0.8139	-0.1399	-1.6361	-0.4189	-0.4783	1.8542	-1.8010	0.2566	-0.5328	-0.0296	-2.0365	-0.8840	1.6491	-1.1473	-0.2313
-0.2571	-1.4714	-1.7774	-0.7601	-0.0380	0.0007	0.4328	0.0770	0.2047	-2.2594	-2.0565	-0.2687	-1.3738	-1.6166	-0.7573	-0.2004	-1.1267	-0.8864	0.0366	-1.3642	-1.6257	-1.2826	-2.0131	-1.2268	-0.1004	-0.1766	-0.1607	-0.8836	-0.2565	-0.8033	0.3980	-0.5511	-0.8999	-0.9656	-0.1119	0.0548	-1.3914	-2.1051	-1.2481	1.1026	-2.7092	0.7991	-1.3879	0.2760	-1.0692	-0.4169	1.0935	-0.7555	-0.5910
-0.0278	-0.9485	-1.3689	0.3534	0.4132	-0.0246	0.3645	-0.2096	0.3825	-2.3960	-1.0847	-0.7705	-1.7965	-1.3077	-0.5354	-0.7912	-0.2340	-0.5749	0.5339	-0.5084	-1.5066	-1.3950	-0.5614	-1.4789	0.2194	-0.0916	-0.3533	-0.4306	-0.4146	-0.7712	1.0671	-0.2057	-0.7726	-0.2217	-0.4237	-0.3559	-2.2949	-0.7589	-0.6159	0.4764	-1.5206	0.9533	-0.3315	0.2470	-1.7682	0.6130	1.7293	-0.4899	-0.3228
-0.3083	-1.0401	-0.7936	-0.3091	0.7039	-0.0059	0.5830	-0.4510	-0.0560	-2.3701	-1.5630	-0.5241	-1.1237	-0.7024	0.0355	-0.2298	0.3827	-0.5457	0.5514	-0.6313	-1.2675	-0.5188	-0.5740	-1.5787	0.5334	0.2722	-0.4202	-0.0732	-0.6342	-0.5054	1.1814	-0.3287	-0.0900	-0.0661	-0.3887	0.2325	-2.0122	-1.3743	-0.9028	0.6478	-1.3825	1.0046	-0.4504	0.5316	-1.1409	0.2738	2.0143	-0.1720	-0.3090
1.4908	-0.0637	-0.6696	-1.4612	0.4696	-0.3043	1.1362	0.0380	0.2483	-1.1513	-0.9621	0.5599	-0.8235	-0.7186	0.6948	-0.4970	0.4670	0.0108	0.3823	0.2291	-0.2305	-0.7128	0.2254	-1.4756	0.5402	-0.1835	-0.7476	0.1914	0.0457	-0.4049	1.5698	0.2999	0.6227	0.2943	-0.5903	-0.0782	-1.4571	1.0287	-0.4161	0.9067	-0.5524	1.6702	-0.1036	0.6212	-1.7303	0.2411	1.1500	0.0862	0.2531
1.5012	0.0221	0.3427	0.2019	-0.2509	0.1731	1.4411	0.3431	-0.5522	-1.2374	-0.9197	0.1825	-0.2347	0.2537	0.7708	0.0481	1.1011	0.8091	0.5132	0.7164	0.1758	0.5665	0.3517	-0.2928	0.7791	0.2885	0.6514	1.3420	-0.2246	-0.4599	2.1782	-0.9015	0.3070	0.4209	-0.6069	1.8543	-0.6506	-0.1961	0.3708	2.2555	0.3756	1.0288	0.4925	0.1725	0.7160	-0.2935	-0.6187	1.0112	0.3157
0.0877	0.6038	0.9466	2.1327	1.1775	2.5268	-0.0407	0.2259	0.4774	-0.2282	-0.2467	0.7221	1.3605	0.4960	1.7400	1.2202	1.6047	0.0826	0.4297	0.7422	1.1810	1.2920	0.1980	0.9487	0.6191	1.4906	1.2629	0.8751	-0.0016	2.0466	1.7852	-0.4039	1.4752	0.5781	-0.0479	1.6533	-0.5544	-0.4611	0.5103	1.4788	0.7594	1.0650	0.3004	1.5767	1.1283	0.4768	0.4737	1.8239	0.5986
1.0316	1.4919	1.0129	2.1253	1.5488	2.5375	-0.4544	0.2512	1.2616	0.5044	0.2856	0.9058	0.6390	1.1765	1.7234	1.0205	1.0181	0.7122	1.5498	1.3590	1.3519	1.4657	0.7399	1.2099	0.0237	0.2421	1.3747	0.9188	1.1098	1.1491	1.0750	-0.1843	1.8311	1.1727	0.4198	0.5970	0.2267	0.4616	1.7049	0.3231	0.5619	0.7350	0.2361	1.4143	1.6896	0.8259	0.7124	1.3554	2.1037
-0.9745	1.8510	1.4020	0.0966	1.7151	-0.8297	-0.8919	-1.0093	2.4125	0.7755	0.4439	0.0119	-0.1518	1.2751	1.2792	-0.6956	1.4824	-0.0733	1.5902	2.1325	0.4277	0.2272	1.3996	0.7579	0.5181	-0.2837	1.6533	0.7360	1.4339	0.3894	0.6163	1.0481	1.0080	0.9575	1.0374	0.3316	0.5013	0.5988	0.8006	0.2934	-0.2082	-0.8780	0.2242	1.0589	1.4879	0.2503	0.9592	3.0239	2.2528
-1.6014	1.1432	1.5913	0.4944	1.4101	0.1643	0.4391	-0.4084	1.2438	0.8665	-0.3711	0.9061	0.4072	1.3479	1.5291	-0.1170	0.5677	0.8515	0.7805	0.7358	0.6776	1.4288	0.8176	0.4893	0.9521	-0.2018	1.1504	0.0950	0.2829	0.2317	-0.1398	0.4546	1.3603	0.4360	1.0548	-0.1444	0.3949	-0.5518	0.8229	0.1625	0.4279	-0.7893	-0.9321	0.8378	0.4286	-0.2163	0.3553	2.1796	0.5825
0.3318	1.5304	1.3210	0.1729	1.2066	0.0797	0.0506	0.5007	1.0979	-0.6765	0.4624	0.2535	0.4059	1.4080	1.0708	0.9588	0.2272	-0.0863	-0.2393	1.3591	0.4914	-0.4980	1.1410	-0.6063	0.2048	0.0866	0.6780	0.7373	-0.4415	0.3512	0.7132	0.8509	1.2162	0.6619	0.7402	-0.6201	0.9583	1.6877	0.2707	0.4335	1.5556	-1.6251	0.9485	0.3072	-0.7371	0.1437	-1.1844	1.5744	1.8390
2.0874	1.1481	1.7308	0.8491	1.0703	-0.3425	1.6272	0.7342	0.7193	-0.3547	-0.5730	0.1904	1.4315	0.7586	1.2293	1.0395	1.3281	0.8883	0.9302	1.6781	0.5815	0.9806	1.0142	-0.3110	0.3669	1.6303	0.9825	1.3678	-0.3606	-1.0330	1.1694	0.4747	1.0489	1.0408	1.6791	0.3668	0.9585	0.9016	0.3038	0.6221	0.8789	-0.8199	0.5951	0.5191	-0.2036	-1.2136	-0.3519	1.4776	1.1780
1.8739	1.7271	1.4816	0.7806	1.1190	0.8990	1.6283	0.8417	0.6037	0.1731	0.4438	1.0109	1.0903	0.7886	1.3250	1.6674	0.6224	1.3786	1.5736	1.8420	0.9288	1.5047	1.1842	0.3288	0.7276	0.7203	0.9032	0.8486	-0.0718	-0.6847	1.3165	0.8719	1.8827	1.5783	1.5321	0.3930	0.2860	1.6400	0.2386	0.3361	1.2992	0.1408	1.2346	1.0111	-0.7484	-0.9950	-0.7153	1.4387	1.3636
0.5833	2.3655	1.5525	1.6204	1.2189	1.6473	0.5661	-0.3035	2.1232	-0.4886	1.3721	0.8936	1.4997	1.5074	1.6309	1.6039	0.7940	1.2170	1.2577	1.6321	1.3886	0.7138	1.6001	0.4813	1.0913	1.7331	1.6890	1.1760	0.0425	0.5245	0.5550	1.8867	2.2698	1.7282	1.5300	1.0413	0.0568	0.7881	-0.2729	1.1593	1.0946	-0.6739	1.2947	1.5111	0.6872	0.2971	-1.4112	1.5042	1.6151
1.9894	2.5599	1.6980	1.3782	0.2792	1.3224	2.8742	-0.8027	1.2237	1.9474	1.2636	1.2511	1.8625	2.0350	0.7144	1.4468	0.9951	2.1430	0.5306	1.3253	2.0103	1.4438	-0.0754	1.8305	1.3402	1.0655	2.3511	1.0824	0.5728	0.1937	-0.2827	-0.0279	1.9990	2.2135	1.6174	1.3591	0.8724	1.6182	1.5271	0.0975	1.6666	-1.6871	1.6898	1.2169	1.9986	0.2372	-1.2193	0.0450	1.5273
0.7804	2.0591	1.6275	1.5681	0.5398	1.7777	1.3142	-0.4251	0.5748	3.7330	1.7620	1.9540	2.1509	2.9004	0.3341	0.9674	0.1353	1.9893	-1.0596	0.8189	1.8755	1.6286	-1.4304	2.9823	1.2864	0.8611	1.8322	-0.1555	1.7223	1.4743	-0.8705	-1.7701	2.1845	2.0642	1.0881	0.6494	2.2260	0.7421	2.3826	0.2072	0.8526	-2.4004	1.7126	0.2619	2.5309	2.1388	-0.6869	0.2845	1.9156
0.3632	0.8189	1.9058	0.7516	-0.3169	0.3820	0.3336	0.7886	0.1649	2.2441	1.0561	0.8511	0.6640	1.2437	0.1045	-0.8655	0.4052	1.4685	-0.5354	0.1812	-0.0416	0.6151	-1.0748	1.8401	0.4629	-0.8453	1.0236	-1.0716	1.5918	0.3341	-1.7157	-1.4657	1.6135	0.4410	1.5756	-0.8838	2.6383	-0.7665	1.8475	0.0084	0.5684	-2.1376	1.2673	-1.2400	0.9708	0.6479	-0.5151	0.3681	1.1691
-0.5908	-0.8025	1.4905	-0.3647	-0.7601	-0.3204	-0.6592	0.3849	-0.9882	1.1221	0.8965	-0.4691	-0.5491	0.4208	-0.2117	-1.2148	-0.3341	0.7019	-0.0039	-0.2757	-1.7590	1.0903	-0.5209	0.8156	0.2204	-1.0712	-0.0433	-1.5283	-0.2890	-0.5666	-1.7210	-0.7106	0.1226	-0.5675	1.9645	-1.3281	1.9984	-1.6473	0.0604	-1.5283	0.1550	-1.1220	-0.4804	-1.5938	-0.4358	-1.6401	0.1362	-0.1833	-0.3942
-0.2959	-1.1293	0.4482	-0.9333	-0.4956	-0.9053	-1.8500	0.3096	-1.2651	0.3439	1.2918	-1.0418	-1.1375	0.1348	-0.9271	-0.6821	0.0460	-0.5170	-0.1367	0.0829	-2.6197	0.0715	0.3487	-0.2141	-1.5431	-1.1732	-0.4326	-1.2782	-1.3934	-1.4399	-2.0281	-0.8281	-1.2909	-0.3609	1.2451	-1.2843	1.5862	-0.1098	-1.5878	-2.1635	1.3969	-1.1450	-0.0899	-2.1631	-0.9567	-1.4024	-3.1858	-1.1157	-1.8747
-1.2061	-0.5547	-0.0936	-0.7147	0.0548	-1.5272	-1.1815	1.5355	0.6984	-0.5356	0.0138	-0.4198	-0.9217	-0.4486	0.2981	-0.1296	1.1384	-0.0425	-0.0732	-0.3279	-1.4068	-0.9422	0.6878	-1.1173	-0.1547	-0.9451	-0.8428	-0.6076	-0.1610	-1.5142	-0.9024	0.4007	-0.7396	-0.8517	0.3431	-1.6443	-0.2397	0.0957	-1.2256	-0.4173	0.2157	-0.0386	-0.9948	-0.9343	-1.8263	-0.6970	-0.3799	-0.3167	-0.9103
-1.0902	-0.5710	-0.6966	1.0309	-0.5059	-0.1706	-0.6142	1.3894	0.2365	-0.4614	0.3726	0.0884	0.1898	-0.4165	0.1376	0.4852	0.5893	-0.6450	0.2705	-0.9634	-1.0362	-0.3956	0.8134	-0.4079	-0.2469	-1.0328	-0.6705	-0.3066	-0.4078	-1.0877	-0.3128	0.8939	-0.9724	-1.0136	0.2135	-1.0830	0.6723	-0.1942	-1.2163	0.1639	0.4423	-0.2550	-1.2311	-0.2608	-0.2282	-1.0743	0.6823	0.4436	-0.5079
-0.1503	0.3941	-0.7241	1.3659	-0.4769	1.0036	-0.6065	0.8946	-0.3733	0.0360	0.3416	0.6511	0.0985	-0.0940	-0.1064	0.6196	0.3309	0.0535	-0.4595	-0.5348	0.6052	-0.0530	0.1694	-1.4459	0.0167	-0.4900	-0.0754	-0.1896	-0.9116	-0.4245	0.4447	-0.0241	-0.9393	-0.3030	0.5343	-0.5776	-0.9257	-0.2657	-1.1665	-0.7269	0.9867	0.4717	-0.3869	0.9967	0.8043	0.0555	0.9606	-0.6756	-0.5590
-0.1994	0.1551	-0.7053	1.0263	-0.5162	0.8320	0.6454	0.6907	0.3135	0.3261	0.0520	0.6617	0.0990	0.3098	0.2150	0.0311	-0.4285	0.3638	-0.0617	0.2470	0.8147	-0.4267	-0.4874	-1.3535	-0.4309	1.0291	-0.8166	0.1840	0.1410	-0.1339	0.6967	-0.3986	-0.4206	0.6316	-0.4576	-0.5078	-0.6335	0.8624	-0.6377	0.1948	0.5283	0.6083	0.2976	0.3545	-1.0516	-0.5836	0.0108	-0.6958	-0.2576
0.5539	-0.2973	-0.1572	1.4457	-0.4578	-0.0949	0.0448	0.8561	0.4444	0.4961	-0.1882	1.0616	0.9380	0.7216	0.2602	-0.2525	-0.2383	0.6777	0.8981	-0.0106	0.4746	0.3805	0.0547	0.0761	-0.7913	1.8479	0.0217	-0.1319	0.1794	-0.6601	1.4942	-0.0746	0.0372	0.4332	0.2282	-0.2471	-0.1446	0.2260	-0.5676	0.2281	-0.3177	1.8800	-0.4954	0.5639	-0.4431	0.0209	0.3838	0.1615	-0.1995
0.7765	-0.5732	-0.7848	0.9261	-0.5846	0.2671	0.0245	-0.1362	1.0993	0.9152	0.1689	0.8004	0.7099	0.5625	-0.5129	-0.1710	-0.4628	-0.0862	0.7007	-0.2900	0.5437	-0.1964	0.4850	0.3054	-0.6511	0.7727	0.1597	-0.1936	0.3113	-0.2160	2.0368	0.6161	-0.4345	0.4401	0.0926	-0.8256	-0.0826	0.4669	-0.5995	-1.0044	-0.5325	1.7993	0.2207	0.5770	-0.7683	0.5768	0.4618	0.6095	-0.4468
-0.0729	-1.5484	-0.9017	0.1292	-0.1752	0.0589	0.0689	0.2291	0.3851	-0.0255	-0.5896	-0.1288	0.4068	0.1689	-0.8143	-0.4089	-0.8494	-0.4544	0.6294	-0.3974	0.3782	0.2631	-0.2116	0.1914	-0.7980	0.2353	0.0337	-0.1459	-0.4234	0.3880	0.3361	0.4720	-0.4883	-0.1131	-0.7912	-0.3372	0.3434	-1.6771	-1.4227	-1.0192	-1.2870	1.6031	-0.3122	-0.1254	-0.1821	0.3904	-0.4785	0.6077	-0.8719
-0.2266	-1.1937	-0.9561	-0.4141	-0.8849	-0.2601	0.5261	0.2409	-0.4795	-0.3798	0.1388	-0.6445	-0.2122	-0.8079	-1.0870	-0.4343	-1.3945	-0.6141	-0.6425	-0.5414	0.0764	-0.3552	0.1438	-0.8413	-0.9775	-0.9809	-0.2477	0.0133	-0.9605	0.1490	-0.4474	0.5020	-0.9043	-0.3876	-1.8049	-0.1406	-0.7536	-0.1492	-1.2208	-1.0331	-0.6373	0.2840	0.7648	-0.7475	-0.5208	0.0107	-1.5810	-0.5050	-0.7210
-0.5497	-1.3547	-0.6479	-0.6196	-0.8151	-0.0841	0.2338	0.7152	-1.6591	-0.5972	-0.7111	-2.0037	0.2741	-0.3703	-1.4326	0.1415	-0.5350	0.2756	-0.9110	-0.2856	0.1462	0.0344	-0.5854	-1.3483	-0.2194	-0.5284	0.1202	0.3462	-0.7745	0.0297	-1.4508	-0.7485	-0.6948	-0.6419	-2.0543	0.9505	-0.5037	-0.7300	-0.7441	-1.3749	-0.9529	0.7251	0.6804	-1.1777	0.3350	-0.4338	-1.0168	-0.8280	-0.3450
-0.7026	-0.9781	-1.0605	-0.9484	-0.5095	-0.4903	-0.2318	0.1489	-0.6150	0.3548	-0.2505	-0.2624	0.5211	-0.7936	-0.9191	-0.2708	-0.8845	-0.2713	-1.2111	-0.3006	-0.9930	-0.5801	1.0570	0.0716	-0.6116	-1.0935	0.0822	-0.4167	-1.3327	0.1820	-0.4871	0.9847	-0.4300	-0.4812	-1.6710	0.2276	-0.1929	-0.4440	-0.9020	-0.5227	-0.8992	0.3316	1.0894	-0.9699	0.4680	0.5175	-1.0026	-0.5778	-0.4413
-0.4969	-1.1692	-0.7557	-1.0906	-0.2390	-0.2997	-0.3263	0.4501	-1.2902	-0.1294	-0.5894	-0.7126	0.1426	-0.8734	-0.9951	-0.7108	0.1323	0.0116	-0.8059	0.1105	-0.7841	-0.2596	-0.0868	-0.3231	-0.5045	-0.3867	-0.9652	-0.3824	-0.9079	-0.1161	-0.0759	-0.4365	-0.4885	-0.8746	-1.6866	0.3436	-0.1880	-1.0534	-0.5687	-0.9430	-1.1466	1.0620	0.8822	-1.3609	0.2616	-0.3346	0.4372	-0.6207	-0.2455
-0.7817	-0.6271	-0.7249	-1.3342	-0.1137	-0.3924	-0.3936	0.4503	-1.6610	-0.3522	0.1249	-1.0959	-0.3222	-1.0256	-1.1082	-0.7212	-0.5743	-0.5333	-0.6408	0.3067	-0.5108	-0.4055	0.3159	-0.1861	-1.1310	-0.4236	-0.7516	-0.3784	-1.1622	-0.5204	-1.3389	-0.0531	-0.3020	-0.2065	-1.9735	0.2518	-1.2128	0.1017	-0.3792	-1.5218	0.0294	0.5914	1.4935	-1.1199	-0.1758	0.9627	-0.2781	-1.2838	0.0277
-1.0147	-0.3489	-0.3448	-0.7032	-0.6512	-0.4329	0.0615	0.8795	-0.6871	-0.3571	-0.2926	-0.6316	-0.0440	-0.5359	-0.7194	-0.0027	0.0854	-0.5917	-0.1751	-0.1867	-1.0251	-0.3867	-0.2841	-0.4929	-0.7752	-0.8090	-0.1622	0.7308	-0.9608	0.3129	-0.0292	0.1051	-0.4386	-0.5573	-1.7196	0.4337	-1.3613	0.1749	-0.1628	-0.2273	0.0624	0.1809	0.4335	-0.8127	-0.0809	0.0360	-0.1960	-0.3299	0.5571
-0.5674	0.2742	-0.3287	-0.1478	-0.3410	-0.2387	-1.0430	0.9649	-2.2208	0.1675	-0.1002	-0.3959	0.1132	-0.4418	-0.7485	-0.0178	-0.6835	-0.3463	-0.3440	-0.4577	-0.4852	0.5246	-0.3460	0.5064	-0.5000	-0.7832	-0.2610	-0.0334	-1.0396	0.5878	-0.1284	0.1710	-0.7997	-0.2777	-1.2334	1.2155	-0.7111	-0.7698	-0.6298	-1.3764	0.4526	0.8603	0.2171	-0.5858	0.2297	0.5047	0.0634	-0.9889	0.1041
-0.9809	0.1720	0.0001	-0.0263	-0.3693	-1.1812	-0.1965	0.3356	-0.5587	0.0245	-0.5284	-0.4903	-0.0525	0.1035	-0.0398	-0.6341	-0.2541	0.1550	-1.0379	-0.5784	-0.1497	-0.5106	-0.2902	-0.7909	-0.0910	-0.0613	-0.5559	0.2753	-0.5985	0.3165	-0.6745	0.4345	-0.7352	-1.0605	-1.0472	1.0908	-0.6712	-0.5688	-0.6744	-0.7005	0.0621	0.5119	0.0921	-0.6321	-0.4043	0.2703	0.1322	-0.7872	-0.5132
-0.9698	-0.3156	-0.0375	0.3694	-0.1206	-0.4514	-0.0433	0.3865	-0.3601	-0.7538	-0.4848	-0.7143	0.3450	-0.0099	0.5436	0.4143	0.0038	-0.1777	-0.4320	-0.8865	0.0987	0.3086	0.2748	-0.6488	0.0878	0.0209	-0.3887	0.1481	0.0283	0.2142	-0.9166	0.6224	-0.0158	-0.9925	-0.3383	0.9782	-0.5741	-0.4574	-0.5954	-0.7870	0.2008	1.0908	-0.5255	0.0765	-0.0381	0.1975	0.2718	0.3179	-0.7687
-0.4372	-0.4714	-0.1690	-0.9909	0.1286	-0.9107	-0.0512	0.1706	0.0817	-0.0538	0.0879	-0.3422	0.3246	-0.2462	0.6252	-0.1721	0.7279	0.2806	-0.7736	-0.0820	0.4547	-0.2226	0.5213	-0.3735	0.4440	0.5024	0.0153	0.7503	-0.4037	0.1728	-0.8113	1.1455	0.3521	0.1524	-0.2142	1.1678	-0.2548	0.3784	0.2906	0.2159	0.0414	0.0152	0.0916	0.0954	-0.0633	0.6918	-0.1930	0.4525	-0.4204
-0.3903	-0.7630	-0.4314	-0.6511	0.5084	0.1487	0.0425	-0.6784	-0.6604	-0.1237	0.3291	-0.6942	0.4583	-0.0923	-0.0212	0.1998	0.4413	-0.6049	-0.6489	-0.3238	0.4076	0.5207	0.0170	-0.0076	-0.1350	0.5676	-0.2515	0.5300	-0.2228	0.8391	-0.6881	-0.5204	-0.0991	-0.1483	-0.3538	1.1311	0.4245	0.0199	-0.0382	-0.9041	0.3937	-0.1157	0.2547	-0.3031	-0.4859	-0.3029	-0.5809	0.2910	-0.8399
-0.1424	-0.7897	-0.2388	-0.3728	0.5938	-0.2617	-0.3402	-0.5662	0.5805	0.1518	-0.1675	0.0510	0.3203	0.3261	0.5247	-0.1357	0.4394	0.0598	0.0134	0.0020	0.0150	-0.0681	0.4529	0.0510	0.7770	0.0709	0.7653	1.2029	-0.2787	-0.3466	-0.6966	0.7706	0.4358	-0.0549	-0.6814	1.1473	-0.2033	-0.5018	-0.4489	-0.0870	-1.1384	0.0941	-0.4230	0.4754	0.4352	0.9096	0.3158	0.0694	0.1192
0.0015	-0.0004	-0.4257	-0.7405	0.4525	0.2268	0.3427	-0.2309	-0.3922	-0.1065	0.2209	0.9652	0.2077	-0.1087	0.8368	0.3436	-0.0911	0.3643	-0.4207	-0.3200	0.4826	0.7646	0.4329	0.0797	0.5888	-0.0714	-0.2953	0.4143	-0.2734	-0.0049	-0.4003	-0.0115	0.7009	-0.4336	-0.7922	0.6838	-0.3422	-0.2006	0.3211	0.3714	0.8320	0.6998	0.1484	0.4147	0.1873	1.2206	0.1785	-0.5656	-0.4164
0.9212	0.3801	-0.2585	-1.8037	-0.7420	0.4920	0.8966	-0.0548	-0.0573	0.1015	-0.5315	0.4392	0.0906	-0.0162	0.5936	0.8381	0.2626	0.1667	-0.4295	-0.0963	0.7067	0.2130	-0.1747	-0.5084	0.6929	-0.7590	0.1962	0.5884	0.2139	0.2551	-0.2631	0.3039	0.6599	-0.2954	-1.3023	0.1436	-0.7688	1.0126	0.6360	0.1771	0.0885	0.7562	0.5272	1.0400	0.2234	0.9422	0.0028	-0.4618	-0.2490
0.8941	0.2734	0.6310	0.0358	-1.0294	0.1865	0.2684	0.1148	0.1520	0.4315	-0.7459	0.8144	0.3914	0.4096	0.6454	0.5891	1.9625	0.6439	0.7278	0.1937	0.8120	1.0290	0.2658	0.2404	0.9622	-0.0885	0.6962	0.4046	0.5421	0.7326	0.0251	0.5362	0.7064	0.2502	-0.3512	0.8442	-0.2859	1.3038	1.8610	0.7145	1.1103	0.5061	1.2810	1.4340	0.5199	2.4694	1.0238	0.6610	0.6494
0.7433	0.8280	0.9856	1.1341	0.5666	0.4849	-1.0681	0.5090	0.7445	0.7151	0.2478	0.4302	0.6642	0.3600	0.6309	0.8254	1.1228	-0.5530	0.8419	1.0678	0.8127	0.5626	0.4316	2.0099	1.0216	1.9604	0.9941	1.0782	0.2943	0.3131	1.3311	0.1362	0.6149	0.5605	0.3540	0.6777	1.3438	-0.0932	0.5932	0.9711	0.4848	-1.6793	0.8403	1.4765	1.8608	1.2473	2.1106	1.3476	0.8743
0.3615	0.9656	1.2193	0.6250	0.2677	0.8182	-0.7337	-0.1932	-0.0790	1.3322	1.1823	0.7516	0.7553	0.5661	1.1493	0.8088	0.6735	-0.0781	0.5106	-0.0340	1.3758	1.3281	-0.1632	1.4297	1.0570	0.0602	0.4420	0.4063	0.5900	0.5849	0.4385	-0.5196	0.8329	0.9529	0.2615	0.3475	1.2022	-0.4786	1.0002	0.9741	2.2678	-0.6458	1.4336	0.6057	1.2453	-0.2116	-0.2621	0.5629	-0.1383
0.4923	1.1200	1.6862	-1.2389	0.3560	-0.6905	-0.4195	-0.2881	0.5858	-0.0461	0.8244	0.1223	-0.4868	0.9151	1.1400	-0.1301	0.4384	0.7984	0.3575	0.4581	0.5026	0.4294	-0.2036	0.5343	1.2889	-1.2057	0.4904	0.4939	0.1411	0.2223	-0.1904	0.7745	0.8501	1.0262	1.0728	-0.1541	0.4671	-0.5003	0.7492	0.0559	0.9405	-0.6171	0.6523	-0.2499	0.2682	0.1813	-0.3062	1.2848	0.7616
0.5491	0.6859	0.9398	0.3457	-0.3245	0.4499	-0.1178	-0.3459	-0.7964	-0.4938	0.9849	-0.8689	-0.0802	0.5094	-0.0541	-0.1187	0.3717	-0.5316	0.2324	0.4810	-0.2763	1.1900	-0.5462	1.4395	0.4212	-0.6541	-0.5423	-0.2490	0.2684	0.9078	-1.0996	-0.6181	-0.8444	0.6492	1.1710	-0.2807	1.6211	0.5970	-0.0939	-1.3966	0.8698	-0.7542	0.4097	-1.2770	-0.0764	-1.0339	-1.7578	1.1309	-0.2124
-0.4403	-0.1325	0.5781	0.6979	0.2773	0.1200	0.4813	0.0214	-0.3261	0.4199	0.2883	0.0696	0.1719	0.2371	-0.2535	0.2086	1.0645	0.2843	-0.1905	0.4794	-0.2619	0.4482	0.1409	-0.0953	0.4906	0.1792	-0.6859	0.3802	-0.2359	0.4229	-0.6619	-0.6134	-0.5247	0.4858	0.9419	0.1515	0.8035	0.2669	0.1457	-0.7499	0.1083	-1.5915	-0.0955	-1.0057	-0.1008	-0.9591	-0.0618	-0.1069	-0.2208
0.1326	-0.4212	-0.1305	0.5860	1.0020	-0.0449	-0.1939	0.2672	-0.0272	-0.2747	0.4881	0.6717	0.1893	-0.3523	0.2008	0.7194	-0.0187	-0.5282	-0.2488	0.1984	-0.0290	0.1142	1.0106	-0.0100	0.1902	0.4597	-1.3958	0.3048	-0.0303	-0.1070	-0.6859	1.0228	-0.1202	0.2077	0.2389	-0.1578	0.2447	-0.1115	-0.7542	-0.0849	-0.2287	-1.3966	-0.7334	-0.2653	-0.2737	-1.2058	-0.3610	-0.4593	-0.7644
0.0373	-0.2275	0.0656	-0.1801	0.9333	-1.6222	-0.0879	0.3362	0.6698	-0.0710	0.3810	0.6583	0.2203	0.3561	0.9352	-0.3789	1.5262	-0.2427	0.4443	0.5968	-0.2687	-0.0629	1.5733	-0.6655	0.4385	0.8436	-0.2109	0.8197	0.3090	-1.1025	-0.5365	1.5140	0.2250	0.5488	0.2414	0.9957	-0.6602	0.8622	-0.0665	0.9260	-0.8042	-0.5865	-0.6030	0.6029	-0.2423	-0.4057	0.0580	-0.1460	-0.0272
0.0509	-0.0875	-0.2835	-0.6592	1.2316	-0.7789	0.3990	-1.6114	-0.3774	0.4594	0.5641	1.1771	0.8307	0.9095	0.3011	-0.0095	0.8454	-0.3396	-0.0936	0.1219	-0.1431	0.7151	1.0723	-0.0588	-0.0323	0.8722	-0.3615	0.6646	0.0931	-0.3955	0.7043	0.6027	0.3523	-0.0390	-0.0879	1.2241	0.2745	0.6332	0.5706	0.3604	-0.0872	-0.4386	-0.5268	0.5538	-0.4192	1.1575	-1.2953	0.2151	-0.6830
0.6257	0.6672	-0.3523	-0.4390	0.9550	0.1514	1.3870	-0.8949	0.3544	0.3782	-0.3500	1.4674	0.6944	0.0556	0.3982	0.9176	0.0128	-0.6153	-0.9199	0.5780	-0.1274	-0.4670	1.1403	-0.4277	-0.0732	0.6714	-0.4414	1.2615	-0.4130	0.9562	0.2548	1.5735	0.6650	0.2957	-1.2214	0.5277	0.1963	1.6881	0.2492	0.5884	-0.5406	-0.5812	-0.1113	0.6740	0.3208	1.4798	-0.3700	-0.4700	0.0615
0.7850	0.8813	0.5604	0.6342	0.1048	0.3269	2.2053	-0.2250	-0.7428	0.5349	-0.1854	0.8639	0.8345	-0.2151	0.5483	0.6623	0.0195	0.8207	-0.4005	0.3960	0.0567	0.5383	0.9698	0.1914	-0.3816	1.0545	0.4271	1.4340	-0.8654	1.5107	-0.3880	0.3291	0.4256	0.6328	-1.3819	1.6210	0.6431	1.2046	1.5416	1.6350	0.3699	-1.1341	0.4794	-0.1293	1.5583	0.9224	1.3868	-0.4259	1.2264
-1.2111	1.1680	1.1135	0.2317	-0.0020	0.3104	-0.6284	-0.7212	-0.9086	1.2622	1.4549	-0.1664	0.0680	-0.6535	0.0945	-0.1261	0.3276	-0.0063	-0.1560	-0.5435	-0.2889	0.6575	0.0100	1.4621	-0.5360	0.5780	-0.3858	-0.1363	-0.2004	2.6410	-0.8552	-0.2020	0.3684	-1.0275	-0.9056	0.3838	1.4195	0.8616	1.4732	-0.0379	1.6420	0.7857	-0.3352	0.0104	0.4504	1.1753	1.8670	0.7591	1.3098
0.5334	1.2030	1.6837	-0.5380	-0.1551	0.0298	-0.9689	-0.2534	-0.5431	0.5264	1.2139	-0.1872	-0.6780	-0.5466	-0.6512	0.1048	-0.4617	-0.3154	0.8396	-0.1928	-0.2193	-0.0499	-0.8322	1.1273	-1.1347	-0.0254	0.4632	-0.6308	0.7563	0.5804	-0.5343	-0.9903	0.2149	-0.9118	0.3580	-1.1219	1.2433	1.6063	1.3304	-0.4528	1.2710	0.2836	-0.9936	0.7672	0.7332	-0.0516	-0.4588	-0.2741	1.3205
0.9026	0.6455	1.5778	-0.1686	-0.3422	-0.2676	-0.5505	0.2167	1.2712	-0.2441	0.4237	-0.5756	-0.4365	-0.7382	-0.3713	0.0981	-0.5810	-0.3579	1.3996	-0.8813	-0.0883	-0.8915	-0.5933	0.3819	-0.3695	-0.2656	0.5365	-0.1929	2.0744	0.3801	1.4565	-0.5070	0.2727	-1.5761	1.3315	-2.6866	0.8707	0.6995	0.6328	1.3358	-0.2689	0.5331	-1.8571	1.2522	-0.1580	-2.1782	-0.0753	-0.4731	1.2867
1.8216	0.7146	0.3954	-0.3803	-0.5975	0.1051	-0.3071	-0.0596	0.8673	-0.2338	0.6507	-0.1950	-1.4432	-0.8485	-0.7152	-0.1558	-2.6901	-0.4052	1.0210	-0.9737	-0.4868	-0.9350	-0.7593	0.1336	-0.1384	-0.3352	0.1030	-1.3256	1.9970	-1.7314	1.4477	0.0332	-0.4261	-0.0718	1.6172	-3.0328	0.7284	-0.7671	-0.2413	1.3295	-0.0990	-0.0519	-1.9376	1.3513	-0.5334	-0.7430	-0.4585	-1.0740	0.8735
1.1884	-0.7223	-0.1131	-0.5771	-0.5367	0.7543	-0.9341	-0.1694	1.0809	-1.2298	-0.8581	-1.2033	-1.0187	-0.9821	-0.9601	0.3803	-2.1545	-0.7746	1.5210	-0.9191	-0.4743	-1.7364	-0.8228	-1.2941	-0.0624	-0.5080	-0.7126	-0.7243	2.4767	-1.5476	1.0905	-1.1755	-0.1326	-0.5091	1.7533	-3.0777	-0.0016	-0.4354	0.2367	2.1078	-1.2798	1.1453	-2.6086	0.7380	-1.1507	-2.0034	-1.3395	-0.6830	-0.3708
1.0716	-0.3059	-0.7536	0.2434	-0.3630	0.2797	-0.4357	-0.2845	2.0897	-0.8066	-0.6154	-0.6417	-1.3368	-1.0305	-0.5220	-0.8880	-0.9386	-0.8392	1.7206	-0.5258	-0.1688	-1.7674	-0.1123	-0.6372	0.2795	-0.0480	-0.9030	-1.4484	3.1742	-0.6750	1.9634	-0.2797	-0.3108	-0.2128	2.1118	-3.1909	-0.5356	0.8697	-0.0260	2.5835	-1.3261	1.8584	-1.8910	1.3486	-2.9950	-2.3582	-0.0838	-0.1821	-0.3356
1.0914	-0.6470	-0.6159	0.1286	-0.0213	0.0979	0.1413	-0.3231	1.1761	-0.8197	-1.0480	-0.1391	-1.2338	-0.4358	-0.0598	-0.8442	-1.2938	0.5494	1.6840	-0.7530	-0.0607	-0.4580	-0.8248	-0.4564	0.0731	0.6799	0.4296	-1.0479	2.0792	-2.2654	1.8485	-0.5749	-0.2947	-0.0009	2.2042	-1.3968	-0.7503	-0.9831	0.4951	2.2070	-1.4641	1.2819	-2.5208	2.1031	-1.1991	-1.5100	0.9807	-0.1881	-0.8508
1.6642	-0.2015	-1.2603	0.0822	0.5210	0.7822	0.4555	-0.6385	1.9198	-0.3683	-0.2703	0.4129	-1.0440	-0.0374	0.2467	0.1199	-1.7452	-0.1578	0.5396	0.2489	-0.1098	-1.4289	-0.0375	-0.7559	-0.0404	1.2608	0.1941	-0.2765	1.5269	-1.4202	2.3479	0.0444	-0.3218	1.0707	1.7002	-1.1321	-1.1215	0.7343	0.2430	2.3545	-1.2024	-0.7189	-1.2566	1.7615	-0.6928	-0.8028	0.3050	0.2636	-0.4912
1.2521	-0.2231	-0.7779	1.6563	1.0599	1.5082	-0.2371	-0.3126	0.8461	-0.3767	-0.4489	-0.0853	-0.0617	0.8897	0.6611	0.6106	-0.3483	0.9521	0.4457	0.5850	1.6490	0.3584	-0.8688	-0.2894	0.4695	1.7796	1.0561	-0.4269	1.8143	-0.4864	2.1694	-1.0465	0.2485	0.7538	1.3814	0.4574	-0.3942	-0.7397	0.1485	1.1870	-1.2800	0.1463	-0.8511	0.7405	0.3886	-0.3279	0.0763	0.1004	-0.7149
0.1952	0.2501	-1.1713	0.8513	0.7443	0.7943	0.5645	-0.7604	0.0018	0.1359	0.4843	0.3773	-0.6290	0.9214	0.0835	-0.1442	-1.3046	0.6561	0.1822	0.4762	1.2726	-0.0381	-0.7664	1.0355	-0.4156	-0.0949	1.0405	-0.3614	0.6008	-0.4569	1.2220	-1.2750	0.6830	1.4650	0.2472	0.3632	-0.0184	-0.5041	0.5364	-0.0228	-0.0088	-1.5234	0.9107	-0.5270	0.8561	0.0848	-0.7571	-0.0545	-0.8501
0.1271	-0.2983	-0.8530	0.9424	0.4328	-0.3506	-0.0487	-0.0869	0.9053	0.2188	-0.3190	0.0961	-0.8129	1.1344	-0.3109	-1.1104	-0.2509	0.0794	1.0720	0.6596	0.9832	-0.4756	-1.4622	0.8949	-0.7000	-0.6578	0.2444	0.4704	0.5711	1.0483	0.3570	-0.4601	0.5292	0.9036	0.0102	0.0653	-0.7812	-0.6987	0.5032	-0.5977	-0.3877	-0.3176	0.0376	-0.2784	-0.0767	-0.5137	0.1505	0.6820	0.0053
1.0706	-0.6337	-0.7687	0.6454	0.2485	-0.2675	-0.1084	-0.4632	-0.4790	0.2711	0.2298	0.1327	-0.8683	0.2463	-0.5948	-0.6059	-1.2524	0.0563	0.9640	0.0764	1.0362	0.1685	-1.2065	1.0666	-1.0906	-1.4075	-0.3203	-0.5771	0.8378	1.0084	0.0778	-1.0599	0.4439	0.1182	-0.6799	-0.7783	-0.6455	-0.4618	0.5341	-0.9328	0.3206	0.9779	0.4028	0.2071	-0.7906	0.1697	-0.3070	-0.4383	-0.4286
-0.0294	-0.5796	-0.4698	-1.5244	0.7313	-1.0135	0.6343	-0.3291	0.2522	0.1114	-0.3494	-0.8009	-1.1967	-0.0522	-0.7916	-1.4762	-0.2899	-0.0154	0.3845	0.0413	0.0431	-1.2813	-0.1643	-0.0126	-1.4460	-1.1429	0.1889	0.8667	0.0303	0.5850	0.9029	-0.4576	0.0175	-0.4462	-1.5850	-0.3671	-0.3218	-0.0981	0.1143	0.7851	-0.8467	0.5844	0.4534	0.0776	-0.5920	-0.3527	0.4220	0.3656	-0.1885
-0.4482	0.4614	-0.1269	-1.1849	0.5287	-0.2941	0.6337	0.0033	-0.7778	-0.2418	0.3058	-1.1790	-0.7983	-0.8845	-0.8444	-1.2808	0.2553	-0.0372	-0.0272	-0.1181	0.3803	0.2216	0.0577	0.5446	-1.2283	-0.7913	0.5907	-0.0659	-0.2345	0.6307	-0.1748	-0.2078	0.0315	-0.8779	-0.9143	0.4713	0.1848	0.5776	0.2463	-1.1363	1.0970	1.9208	0.3335	-0.5547	-1.0032	0.1524	0.8182	0.4416	0.0557
-0.0235	1.1375	0.3109	-0.5052	-0.7436	-0.1605	1.1380	-0.7083	-0.3801	-0.0946	-0.5468	0.2603	-0.7036	-0.0013	-0.6531	-0.7576	0.0248	0.5322	-1.3551	-0.0050	-0.2260	-0.5223	-0.0288	-0.0727	-1.2622	-1.2126	0.3337	-0.3503	-0.9075	0.0109	0.6017	0.3955	-0.2785	-0.5236	-0.0894	0.5882	0.3053	0.9043	0.2164	-0.9749	0.4871	0.1388	1.0756	-0.7458	0.3972	0.7833	0.7002	0.0220	1.6440
-1.7488	0.2712	1.2688	0.5297	-0.3807	-0.4077	-1.0532	-0.1474	-0.0045	-0.1205	-0.1595	-0.6038	-0.6623	0.7339	0.1430	-1.1302	0.4925	0.3217	-1.6388	0.0879	-0.7911	-0.7496	0.1910	0.2953	-0.4977	-0.6983	0.0027	-0.4752	-1.2553	-0.3124	-0.9313	0.5552	-0.7945	-0.6982	0.0680	0.3187	-1.2118	-0.3376	0.0906	-0.1437	-0.7248	-0.8390	-0.3010	-0.5192	0.2218	-0.5428	-0.9295	0.8252	1.3488
-1.5144	0.0931	1.1418	0.7583	-0.5345	0.1998	-0.5562	0.2203	-0.9834	-0.3244	-0.0577	-0.4978	-0.3611	0.1146	0.1857	-0.6941	0.4237	0.9571	-1.5543	-0.3991	-0.1855	0.7265	0.3620	0.6013	1.1147	-0.6084	0.0042	-0.9336	-1.5560	-0.4692	-1.7088	0.3187	-0.4096	-0.2205	0.6612	0.4526	-0.2252	-1.7258	0.5071	-0.4136	-0.8390	0.0581	-1.1718	-0.5482	0.3290	0.4638	0.0603	-0.0208	0.5261
-0.8507	0.3832	0.1476	-0.7566	-0.2424	-0.1175	-0.2544	-0.2756	-0.4254	0.1316	-0.0695	-0.0035	-0.4651	-0.4606	-0.6355	-0.7933	-0.6795	-0.2164	-1.9200	0.2917	-1.4101	-0.5982	0.3886	-0.1296	0.2878	-0.0517	-0.7557	-1.1747	-2.4204	-0.3291	-1.4340	0.6508	-0.2684	0.6883	0.4696	-0.3891	0.0357	-0.3752	-1.0446	-1.2334	-0.9853	-0.7624	-0.6243	-1.6661	0.4465	0.7272	-0.2834	-1.0067	0.0384
-1.2525	-0.1773	0.0878	1.0303	-0.3180	0.7631	-1.1760	0.1138	0.0480	-1.0056	-0.9680	-0.5429	0.2536	-0.3017	-0.1913	-0.3352	1.0385	0.3136	-1.2886	0.1180	-0.8637	-0.3059	0.0145	-0.6462	0.7452	-0.0670	0.0205	-0.4110	-1.5480	0.6177	-0.6525	-0.3081	-0.4993	-0.8087	1.1527	0.6694	-1.3669	-0.5845	-1.0710	-1.0412	-1.3185	-0.4616	-0.9114	-1.3674	1.4232	-0.7062	-0.4517	-0.5679	-0.9196
-1.2658	-0.2888	-0.6266	0.9470	-0.3095	1.0560	-0.1710	-0.2534	-0.9855	-0.2481	-0.3166	-0.4098	-0.2954	0.1629	-0.0146	-0.1133	0.2665	0.6300	-1.3350	0.1402	-0.0784	0.1157	-0.4667	-0.0520	0.1912	0.3118	-0.5970	-0.9210	-1.0747	0.0814	-1.0391	-0.8154	-0.5548	0.0731	0.9113	0.3449	-0.1251	-0.4613	-0.1712	-0.6736	-0.2453	-1.1882	0.1665	-1.5974	0.7245	-0.1395	-0.3289	-0.7176	-0.9685
-1.4635	-0.7615	-0.5522	-1.1068	-0.2932	-1.1363	0.0744	-0.2281	0.5984	-0.8539	-1.0529	-0.6324	-0.4267	0.7134	0.1971	-0.7812	1.2333	0.5269	-0.7311	0.6293	-0.7418	-0.7703	-0.4540	-0.7965	0.4318	0.0421	-0.6726	-0.1511	-0.8841	-1.0442	-1.1381	-0.3716	-0.8887	0.1979	0.9288	0.5290	-0.5973	-0.2927	-0.2346	-0.3222	-1.5407	-0.6096	-0.3291	-1.2560	0.4399	-0.7261	0.5161	-0.0364	-0.7934
-1.7547	-0.9220	-0.8810	0.0147	-0.1297	-0.4000	0.6769	0.0022	-0.1128	-0.9363	-0.5410	1.2566	0.2001	0.5876	0.6236	0.0972	1.5174	0.6543	-0.4709	-0.3579	-0.4010	0.8223	0.1259	-0.9211	1.0463	-0.6993	-1.1789	-0.8504	-0.8396	-0.9795	-0.6239	0.0883	-0.2410	-0.1289	0.7038	0.8553	-0.8117	-1.2108	-0.1768	-0.6411	-0.3631	0.6161	-0.4544	-0.9975	0.7882	-0.6640	0.6469	-1.0020	-1.8272
-0.3747	-0.4106	-1.2234	0.3558	-0.0438	0.5469	0.7247	-0.0939	0.3370	-0.2242	-0.1909	1.7519	0.1649	0.5671	0.2107	0.5643	0.6961	-0.7834	-0.9261	0.4454	-0.8722	-0.6258	-0.2569	-0.9372	0.4467	-0.4749	-1.5330	-0.4568	-0.8172	0.6671	-0.0210	0.9874	-0.5721	0.6375	-0.2437	0.1803	-0.5327	0.2068	-0.7903	-0.5017	-0.7010	-0.7421	0.2134	-0.6104	0.3025	0.7851	0.8711	-1.1817	-1.0345
0.3299	-0.0885	-0.4717	0.9890	0.0781	0.4726	0.5115	-0.1806	-1.1672	-0.9356	-0.2150	0.5378	0.7724	0.2218	0.2701	0.7291	0.9803	-0.2566	-1.0003	0.7264	-0.3661	0.5944	-0.8705	-0.5314	1.0867	0.0145	-1.0167	0.4882	-0.3998	1.1255	-0.1978	-0.6553	-0.7308	0.6570	-0.6399	1.4280	0.0667	-0.3645	-0.5822	-0.7049	-0.2178	-0.7648	0.2940	-0.3549	0.3272	0.9976	1.6947	-1.2897	-1.2301
-0.0608	0.2219	-0.8868	-0.3283	-0.6088	-0.8086	0.4593	-0.6803	-2.0817	-0.1377	0.2345	0.3423	0.5333	-0.5026	-0.4866	0.3667	-0.0113	-0.9499	-1.5211	0.2920	-0.4520	0.0978	-0.5030	0.1042	0.3919	-0.3770	-0.4266	0.8690	-0.7650	-0.0798	-0.5888	-0.3590	-0.7284	1.4640	-2.0761	1.0478	0.5148	1.1881	0.0868	-0.8692	1.1537	-0.9874	1.3162	-0.4558	0.7580	0.5085	0.4933	-1.2904	-2.3382
-0.8955	0.0260	-0.3740	-0.0138	-0.0702	-1.6877	-0.0345	-0.0814	-0.6855	-0.2338	-0.7152	0.4528	0.3494	-0.9113	0.2786	-0.4699	1.3087	-0.5412	-1.1548	-0.2055	0.1502	-0.1521	0.8299	-0.2487	0.6388	-0.1776	-0.0815	0.7628	-0.5598	-0.0252	-0.4611	1.9557	-0.2736	0.1653	-2.4431	1.0588	-0.4687	0.2976	-0.1272	-0.1492	-0.1870	0.2859	0.5567	0.6429	0.3347	1.7810	0.9477	-0.7169	-1.6216
-1.2514	-0.1696	-0.5512	0.0710	-0.2305	-0.5437	0.2222	-0.6611	-1.2620	-0.0243	-0.6307	-0.5471	0.7963	-1.2646	0.1412	-0.0009	0.6881	-0.9147	-0.1487	-0.8988	0.2454	-0.0574	0.9944	-0.1334	-0.5026	-0.7040	-0.1296	0.7688	-0.1814	-0.3101	0.0109	1.2067	-0.4122	-0.4448	-2.6175	0.8392	0.8840	-0.2933	0.2175	-0.5209	0.4178	0.9560	0.7205	-0.0340	0.5225	1.4553	1.0575	-0.4250	-2.0873
0.4083	0.2908	-0.4717	-0.7372	-0.7132	-0.4649	0.2099	-0.2324	0.2495	0.4220	-0.6405	0.1458	0.3787	-0.7265	0.1123	-0.6056	0.3593	-1.1322	0.2547	0.1531	-0.1850	-1.1762	0.0485	-0.2968	-0.3917	-0.2073	-0.8991	0.2926	-0.1138	0.2668	0.9890	1.4184	-0.3914	0.2299	-1.9821	-0.7166	0.3864	1.6798	0.0775	0.2428	0.2971	1.2529	1.6861	0.1028	-0.9455	0.5132	1.0182	-0.1126	-0.5046
0.5038	-0.2812	0.4457	-0.4309	-0.5322	-0.2898	-0.5695	0.0073	0.0884	-0.6573	-0.2100	-0.1335	0.3034	0.1273	-0.0643	0.1094	0.2673	-0.7280	0.9569	0.0722	0.0659	-0.1932	-1.2284	0.0159	0.6773	1.0405	-0.5951	0.0817	0.9360	-0.0733	1.1587	-0.2389	-0.2055	-0.3764	-0.5321	-0.3206	-0.0547	0.2112	0.4147	0.1734	0.1264	-0.2947	1.7369	0.2653	-0.5500	-0.4416	0.6204	-0.0686	0.3550
-0.0540	0.0508	0.7657	-0.5110	0.0232	0.1607	-1.7480	0.2399	-0.1877	-0.3721	0.8269	0.0943	0.8678	0.1939	-0.2256	0.5464	0.4133	-1.3968	0.6570	-0.4665	-0.0628	-0.1242	0.2227	-0.4658	1.1579	0.6309	-0.8120	-0.0188	0.9559	-0.1817	0.0861	-0.1025	0.4117	-0.2821	-0.1751	-0.4473	-0.7303	0.3197	0.8898	-0.2868	1.1134	-1.1847	1.6685	0.3045	-0.3443	0.3531	-0.2723	0.0704	0.8582
0.1740	1.2938	1.6686	0.8496	-0.0967	0.7725	-0.9017	0.6998	-0.8967	0.3838	0.9812	-1.0695	1.5916	-0.1082	0.0227	0.7950	0.4729	-1.4582	0.0850	-0.2126	0.6166	0.2840	0.5548	0.6540	0.9396	0.0864	-0.2037	0.1389	1.0847	1.2498	-0.3630	-1.4071	-0.1396	-0.1789	0.5229	-0.1248	0.4491	0.9358	0.9137	-0.2253	1.1999	-0.7558	1.0712	-0.4640	-0.0429	0.0489	-0.2778	0.4929	1.4195
-0.0502	1.8684	0.9707	0.1247	-0.1012	0.0411	0.4198	0.0811	-0.2439	1.0769	0.6474	-0.3248	1.2770	-0.2385	0.5480	1.0035	-1.5454	-0.4152	-0.9457	-0.2847	0.2580	0.2210	0.4431	0.4897	0.2938	0.1084	0.1697	-0.2177	-0.2360	0.3796	-1.0996	0.0015	0.1145	0.5169	-0.1524	-0.6481	0.5852	0.0666	0.5061	-0.4281	1.1828	-1.2955	0.8426	-0.9077	0.1749	1.8386	0.5063	0.1649	2.2028
-0.2867	0.7547	0.7601	-0.5123	-0.3035	-0.8099	-0.2985	0.6774	0.8571	-0.0741	0.0460	-0.5308	0.8294	-0.3321	0.3823	1.0707	-0.5146	-0.2251	-0.7239	-0.0370	-0.3672	-0.0028	0.2738	-0.5952	-0.0683	0.3347	0.3886	0.0165	-1.1500	-0.2351	-1.1122	0.0691	0.0775	-0.3987	0.2159	-0.2098	-0.0534	0.1557	-0.1446	-0.6127	1.2212	-0.7113	0.0596	-1.2414	0.3164	0.0036	-0.4062	0.5675	1.9840
0.3463	0.7550	-0.0225	-0.1478	-0.3348	-0.1492	-0.0388	0.7296	-0.1514	0.1412	0.2369	-0.3380	-0.1269	-0.0718	0.0930	1.0757	-1.1590	0.7792	-0.0882	0.3131	-0.1847	0.8039	-0.2906	0.1557	-0.3418	0.3111	0.1573	-0.9254	-1.0439	-0.9486	-1.0027	-0.4963	-0.1216	0.2069	0.5454	-0.0782	0.2501	-0.8319	-1.0243	-1.5187	1.4918	-0.0926	-0.7346	-0.8776	0.0841	1.0324	-0.3117	-0.5096	1.2616
-0.9311	-0.5895	-0.4430	-0.6732	0.1539	-0.9969	0.0301	0.3294	0.6498	0.5853	-0.8943	-1.1981	-0.2873	0.2074	-0.0778	0.0052	-0.5243	0.3014	-0.2261	0.4617	-0.7087	-0.4214	-0.2336	-0.0594	-0.0361	0.1206	-0.0621	0.0231	-1.3259	-1.3376	-1.3397	-0.2090	-0.4251	-0.2559	0.0097	-0.2370	0.0014	-0.8788	-1.5084	-0.8924	-0.4410	-0.0533	-1.3094	-1.2884	-0.0946	-0.4022	0.0374	0.2277	0.9123
-1.4477	-0.7577	-0.4655	0.2194	0.3192	0.0966	-0.2362	0.1558	0.6348	-0.4802	-0.4196	-0.4678	-0.1306	-0.2530	0.6704	0.1803	0.3367	0.0337	0.0812	-0.0623	0.0810	0.3308	0.7656	-0.6331	-0.0172	-0.1856	-0.0916	-0.3166	-1.0165	-0.3610	-0.5507	0.3276	-0.0308	-0.8591	0.6172	-0.0415	-0.6932	-0.6253	-1.5356	-0.2611	0.8706	1.2477	-0.2847	-0.5350	-0.5511	-0.6421	0.1391	0.5151	-0.2979
-0.5022	-0.3548	-1.2122	0.1095	0.4701	0.8397	0.0161	0.4557	0.6007	0.3416	0.3428	0.5739	-0.0547	-0.3805	0.7647	0.2421	-0.9739	0.6006	-0.2008	0.1821	-0.0832	0.1808	0.6972	-0.6342	-0.8800	0.8242	0.4108	-0.2774	-1.6331	-0.4092	0.0284	1.2709	0.5085	0.5382	0.0374	0.0457	-0.8458	-0.1712	-1.2482	0.3108	0.0409	0.5065	0.2443	0.9913	-0.0501	0.4018	-0.5289	0.2260	0.6433
0.1157	-0.7063	-0.8888	-0.6726	0.6613	0.4975	0.0665	0.4909	1.1340	0.4042	-0.0653	-0.4295	0.1174	-0.0066	0.4393	0.0391	0.4886	0.9561	0.4015	0.3252	-0.0344	0.4286	0.5500	-0.1932	-0.6566	1.4629	1.1282	0.7481	-1.2852	0.5666	-0.0540	0.8343	0.6630	-0.4203	0.0933	1.1157	-1.3834	-0.0308	-0.6980	0.6736	-0.9229	1.1377	-0.6346	1.5621	-0.0251	-0.6027	-1.2701	1.4437	1.1608
0.5878	0.0422	-1.0748	-0.7031	0.7682	0.9756	0.2930	0.2645	-0.0384	-0.2613	0.5979	-0.9691	-0.3682	-0.4831	-0.1287	0.4662	-0.1008	0.6661	1.0818	0.3117	0.5506	1.0692	0.6416	0.8725	-0.4790	1.1258	1.4418	0.8268	-0.3976	0.9498	0.6855	-0.8072	0.9421	-0.0721	-0.1263	1.3070	-0.0731	0.4366	-0.5596	0.5664	-0.0373	1.4410	0.1981	1.2877	0.0304	-0.7019	-1.0791	1.7474	0.3706
-0.4437	-0.7764	-1.2249	-0.4222	0.1404	0.4659	0.5331	0.1730	0.5116	0.1407	-0.0039	-0.6020	-0.4754	0.0335	-0.0551	0.3186	-0.6809	1.1206	1.4602	-0.2042	0.5707	0.7855	0.6755	0.1904	-0.9571	0.3726	1.9637	1.2044	-0.1639	0.8195	0.4251	-0.4051	1.1828	-0.0304	-0.6669	1.4165	0.1443	-0.2421	-0.1028	1.6866	-0.2839	1.9900	-0.1217	0.9751	0.3005	-0.5111	-1.5447	1.5279	0.0337
-0.0072	-1.2317	-1.0802	-0.0539	0.0364	0.5576	0.0009	-0.5208	0.3751	0.8424	-0.1093	-0.6840	-0.1203	-0.6184	-0.1412	1.4785	-0.6164	0.5786	1.3952	-0.3299	0.9088	0.9850	1.0939	0.6244	-1.1891	-0.0103	1.8460	0.6324	1.0228	1.0616	0.0029	-0.4390	0.8706	-0.9993	-0.3871	0.5659	0.0612	0.2596	-0.5054	1.1322	0.4511	2.4891	0.1089	0.8557	-0.5315	-0.8543	-0.9415	1.7670	-0.6578
-0.0286	-1.1993	-0.6314	0.3032	-0.1910	0.2697	0.4224	-0.2220	0.2656	0.5712	-0.4447	0.0462	-0.0067	0.1419	0.1103	1.6779	-0.2414	1.6203	0.8337	-0.1368	1.3810	0.6815	0.3693	0.5378	-0.0241	-0.0049	2.1944	0.7073	0.9015	1.5673	0.2534	0.3087	0.5226	-0.5408	-0.2316	0.8265	0.4839	-1.0500	-0.5816	0.6378	-0.9726	1.3823	0.1501	0.2716	0.0041	-0.2605	0.6743	1.4472	0.0869
-0.6399	-1.3506	-0.1343	1.2843	-0.4853	0.6355	0.3623	0.2422	-0.3230	0.1811	-0.8914	-0.5164	0.3579	-0.2271	-0.6608	1.1892	0.1095	0.5285	0.5489	-0.6479	0.9343	0.1176	-0.4642	0.5768	-0.1781	0.0391	2.1943	-0.0333	0.1240	0.6074	-0.7397	0.1303	-0.0740	-0.6995	0.0211	0.1743	0.9200	-0.9287	-0.0965	-0.3384	-0.6029	0.1210	0.0172	-0.4318	0.2621	-0.5336	0.6682	1.7238	0.2951
-0.0757	-0.3527	-0.4784	0.7988	-0.9765	0.6923	0.5642	-0.0639	0.0717	0.7013	-0.8749	0.8849	0.0066	-0.6036	-0.5252	0.5215	0.3272	-0.1776	0.2751	-0.5563	0.5917	-0.3571	-0.3858	-0.2320	0.3314	0.1180	1.0963	-0.6288	-0.0796	-0.7168	0.1507	0.4559	-0.2135	-0.0253	0.0309	-0.8694	0.3560	1.2111	0.7185	0.2523	0.1049	-0.5320	1.0318	0.1849	0.4658	0.1716	-0.0976	1.3483	1.6333
0.3410	-0.6609	0.3322	1.6015	-1.6806	1.0844	1.2506	-0.1570	-0.7622	-0.0261	-1.5639	1.3848	0.9589	0.2387	-1.0821	-0.1431	0.7852	0.5791	0.5946	-0.3098	-0.0257	0.4507	-1.0749	-0.6901	-0.1053	0.1213	0.6985	-0.9656	-0.5604	-0.7342	-0.0622	-1.5254	-0.6395	-0.1444	0.4453	-0.4887	0.8690	0.7771	0.5851	1.1514	0.3717	0.1884	0.9136	-0.3681	1.1896	-0.4862	-1.8362	0.6812	0.7450
-0.4680	-0.9413	0.8822	1.0533	-0.4938	0.8781	0.0063	-0.4318	-0.4193	0.2781	-0.0685	1.3942	0.4524	0.1009	-0.8518	0.3167	1.3247	0.0309	0.9120	-0.1961	-0.2483	0.6395	-0.7344	-0.9707	0.2975	0.7190	0.4336	-1.2008	-0.6029	-1.1408	0.2962	-1.7797	-0.3186	-0.4429	1.1354	-0.4818	-0.0342	-0.9675	-0.5323	-0.6119	0.7566	0.4319	0.4863	-0.5292	-0.1467	-0.2854	-0.6642	0.0188	-0.3226
0.8696	-0.7539	1.2160	-1.9859	0.0821	-1.4283	0.3385	0.9901	-0.7689	0.8855	0.0173	1.7660	0.8851	-0.0047	-0.0950	0.9658	0.4030	0.6223	0.6564	0.4640	-0.2484	0.4458	-0.2937	-1.2516	0.5842	0.7614	-0.0364	-0.5793	-0.6164	-2.1510	0.6705	-1.2260	0.3485	0.6949	1.2686	-0.2283	-0.6373	-1.1174	-1.2940	-0.0177	0.6263	-0.7014	1.5662	0.0285	0.2781	-0.7598	-1.2195	-1.6444	-0.3758
0.3760	0.0218	1.2777	-1.6732	0.5402	-1.0925	-0.2018	0.2670	1.8318	0.9507	-0.0115	1.9263	1.0713	0.6794	0.3093	-0.0601	1.0901	0.3950	0.6492	0.5693	-0.5587	-0.3914	0.4649	-0.0297	0.6587	-0.3840	-0.7648	0.1685	0.4233	-0.6423	0.6886	-0.7685	0.2850	-0.1288	0.7841	-1.1626	-0.0960	-1.0031	-0.6827	1.4949	-0.5634	-2.4571	1.9005	-0.0548	0.1830	0.7504	-1.4105	-0.4469	1.0270
0.2573	-0.0862	2.0102	0.4848	0.0999	-0.5152	-0.0902	-0.2476	1.1392	0.0535	0.0281	0.6111	0.4777	1.1868	-0.3406	-0.9252	2.1489	-0.1099	0.9938	0.4710	-0.1695	-0.0999	-0.3094	0.1285	0.9895	0.4632	-0.4546	-0.2608	1.5967	-0.6206	0.9283	-1.5999	0.5212	-0.6586	1.2127	-1.2480	0.4763	-0.4863	-0.8097	-0.5711	-0.0263	-1.4714	1.6176	0.1931	-2.1768	-1.0164	-0.0639	-0.2725	0.6816
0.7316	-0.6804	1.5661	0.1873	0.0883	0.4612	0.7982	-0.1837	0.1361	-0.1086	-0.0312	0.9891	1.3537	0.9186	-0.3331	0.2490	0.0846	-0.6733	1.0538	-0.3968	-0.6589	0.1081	-0.3288	-0.2130	-0.5921	0.5036	-0.0316	-0.1209	0.3553	-1.3361	-0.3905	-0.1455	0.5660	0.1248	0.8285	-1.1491	0.8967	-2.2162	-1.1992	-0.6197	0.1207	-1.5984	0.2838	0.8640	-1.6462	-0.5480	-0.0553	-0.7835	0.7224
1.1485	-0.3726	0.8866	-0.3227	-0.3697	0.0312	0.3905	0.3281	1.1777	-1.7171	0.1412	0.1761	1.2176	0.2465	0.1011	0.3897	0.1860	-1.2048	1.9492	-0.3812	-1.4100	-0.2848	-0.0087	-1.0246	-0.1650	-0.3989	-0.5389	0.2795	0.9905	-1.6700	0.6839	0.2584	-0.2414	-0.1727	0.5463	-1.5073	0.2062	-0.9423	-0.8139	1.1326	0.6887	-0.7955	0.9608	1.0133	-2.0165	0.4876	-0.7560	0.2122	0.5098
0.4159	-0.8950	0.2809	1.7711	-0.2663	1.3538	0.3241	-0.3492	0.4906	-1.8196	-0.4413	1.6765	1.8567	0.4890	0.7068	1.2403	0.7418	1.5169	1.4931	-1.1942	0.5937	2.0126	-1.4129	-1.0187	1.9778	-0.7303	0.2396	0.0753	0.6944	-0.4544	0.6886	0.0454	0.4355	-1.2133	0.7495	0.6337	-0.4308	-2.6303	-1.0087	0.5819	0.6855	1.1017	-0.4894	1.7832	-0.5522	-1.1588	-0.2563	-1.4123	-1.9057
1.0127	-0.7564	-0.1826	2.2918	-0.7851	1.6943	2.1488	-0.5718	-0.5046	1.1014	-0.2161	0.3237	1.6548	0.8552	-0.1303	2.1199	-0.4044	0.1499	1.3188	-0.4242	0.3526	1.0546	-2.4395	-1.3544	0.2525	-0.3413	1.0034	1.5878	1.0246	0.1540	0.5162	-1.4377	-0.2023	0.2802	0.4096	1.0604	-0.8641	-1.1574	-0.3767	0.1089	0.8505	-0.4948	0.6228	0.3523	-1.1900	-2.2915	-1.0422	-0.6326	-1.2392
1.7115	0.6227	-0.0373	1.0265	1.1156	0.7326	1.0778	0.6021	-0.0449	0.1063	0.2976	0.2825	1.8728	0.5113	1.2374	1.6313	0.0402	-0.3379	1.8021	1.6119	0.2534	0.6170	-0.1187	-0.4268	0.5824	1.8200	1.0180	1.7065	2.0021	-0.5058	0.7871	0.2076	0.4932	2.2828	0.4344	0.7597	-0.2857	0.8817	-0.6780	0.9120	1.2623	-0.9346	1.8928	1.8704	-0.4792	1.1727	0.5391	0.6220	0.8117
-0.4378	1.2270	0.4863	1.0544	2.1779	0.4466	-1.3045	-0.5110	0.3736	0.5174	1.0803	1.7095	1.4758	1.2134	2.6955	0.9051	0.1141	1.6966	1.0727	1.3626	1.7938	1.5259	0.2572	0.2754	1.7632	1.1424	0.8962	1.2670	2.1507	0.9806	0.0881	1.1169	1.9966	2.3051	0.8437	0.8582	0.3989	0.1816	0.1749	0.5971	2.0087	0.3092	1.1148	1.2139	-0.2389	1.4514	1.2718	0.7482	0.4159
1.8480	0.2117	1.4673	-1.1047	3.6444	1.5735	-1.4292	-0.8220	2.6925	0.8951	2.6581	1.5563	-1.4206	0.5971	1.6337	-1.2643	0.8298	0.4965	1.6843	2.7269	-0.9613	0.9428	3.9785	-0.0228	0.8662	0.6298	0.7470	2.6753	1.7588	-2.4408	-0.1311	4.5164	2.2829	1.5733	-0.4693	-0.3814	2.1050	0.6880	-0.4457	-2.0322	-1.0530	-3.3587	-1.9416	-0.4805	-1.1517	-1.2302	1.3974	2.6628	0.9956
-0.5381	0.8572	0.0748	-1.2873	2.4279	0.2621	-1.8069	2.3242	0.6352	1.3440	5.0392	-1.2037	-2.4928	0.9005	0.2670	-2.5931	-1.0665	-2.2080	-1.9694	1.6572	-1.2371	0.7910	4.2817	0.9630	-1.2213	-0.2527	-1.5269	-0.3069	1.6446	1.2202	-1.0556	2.5073	0.5619	0.2816	-0.2819	-1.6501	1.8547	2.4674	0.9459	-2.2056	0.0658	-2.3457	-0.5060	-1.0832	-0.5442	1.0427	1.1249	3.1326	1.7260
2.7936	0.3522	0.6398	-1.4074	0.7603	-1.0367	-1.5596	3.4627	-2.0962	1.1673	2.5558	-1.7134	-1.9970	0.1914	-0.4118	-2.1591	-2.5479	-0.3620	-2.4584	-0.2417	-0.1975	0.0891	0.7110	2.2244	-1.5028	-3.0971	-2.3413	-0.0675	-0.8758	3.0281	-1.3104	0.9544	-0.1711	-0.5441	-0.3795	-0.7520	2.2760	1.0583	0.7032	-2.3304	-1.6650	-0.6837	-0.9576	-1.4857	-0.1313	-0.6193	-0.4232	-0.3035	-0.0231
2.1362	1.6222	0.3620	0.6311	-1.8286	-2.3354	-1.8613	1.7247	-3.1050	2.1932	2.8128	-2.9797	-1.8778	1.7503	-0.4692	-2.7869	-2.7915	-1.3787	-3.2325	-1.2131	-0.4502	0.4254	0.0472	2.9536	-2.5310	-3.4451	-1.8964	-1.1531	-0.4981	2.0658	-1.0635	-1.3396	-1.4311	-0.5857	-2.0372	0.2791	2.6712	1.7777	1.7786	-2.3525	0.6866	0.9524	-1.5281	-1.6710	1.3205	1.3460	-0.8656	-1.3679	-1.5330
1.1431	0.3471	-0.0754	0.7871	-2.9389	-2.5760	-1.8535	2.0078	-2.7348	1.1163	1.6939	-2.9771	-1.6086	0.3140	-0.3768	-2.9175	-1.9894	-1.6900	-3.3489	-2.3961	-1.1282	-0.4594	0.3798	1.9071	-2.9159	-3.5271	-1.9582	-1.4116	-0.9014	2.3269	-1.3040	-0.4831	-1.5125	-1.1561	-1.5333	-0.0392	1.6461	1.2238	0.7517	-2.2106	-0.4965	1.3268	-2.6673	-1.7220	0.8204	0.4616	0.3724	-1.1112	-2.8468
1.5490	0.2898	-1.2671	-1.0293	-2.8970	-2.9886	-0.3164	1.4813	-1.8885	0.4993	1.2846	-1.8265	-2.3622	-0.9030	-1.9364	-2.6487	-1.9139	-0.8500	-2.6392	-2.2034	-1.3557	-1.4014	-1.2905	0.6673	-3.2147	-2.5389	-2.7162	-1.8933	-0.7824	1.3810	-1.3750	-0.3231	-1.7440	-1.7684	-1.7644	-0.7584	1.1819	0.7235	0.5414	-2.4914	0.2362	0.1573	-2.4268	-1.5929	-0.0169	-0.6819	1.3204	-1.6384	-2.7182
0.0626	1.1267	-1.1916	-0.9649	-1.9258	-2.1299	-1.0490	2.1459	-1.8693	-0.4105	-0.2457	-2.1992	-2.2639	-1.6743	-2.0927	-1.7299	-2.1907	-0.7207	-1.8410	-1.8674	-1.0827	-2.3289	-1.4983	-0.1466	-2.5775	-2.1195	-2.8747	-1.8027	-0.3398	1.0669	-1.4627	0.3178	-1.3599	-2.2566	-2.8010	-1.4748	-0.6731	0.5427	1.4022	-0.8184	-0.4555	0.3825	-2.0567	-0.9401	0.0847	1.4039	1.9407	-1.9304	-1.9838
0.2296	1.5228	-0.3010	-1.1794	-1.0102	-1.6423	1.7834	1.5376	0.0828	-0.7261	-1.1041	-0.2419	-2.2354	-1.9141	-0.9658	-2.6043	-0.1445	0.8067	-0.8238	-1.2306	-0.3049	-2.6117	-1.0772	-0.0988	-1.7880	0.2007	-1.9189	-1.4243	0.1653	1.4692	0.2517	0.2067	-0.9542	-0.6600	-2.4354	-1.1661	-1.0364	1.6943	2.2010	1.0283	-0.4488	0.9634	-0.9063	0.2651	-0.4559	1.2132	1.4730	-1.6951	-0.6296
-2.1458	0.8856	0.4085	-0.7966	0.0652	-0.6781	-0.8700	0.7388	0.9141	-1.3485	-0.5504	-0.7518	-1.4231	-0.8590	-0.6796	-2.5841	0.4720	0.2025	-1.2084	-1.2768	0.7608	-2.6497	-2.1417	-0.7062	-0.1871	1.1121	0.0597	-0.7314	0.8085	-0.1557	0.1717	-0.7198	-0.2295	-0.7580	-0.4651	-0.1214	-0.9033	0.1741	1.4296	1.0101	-1.0047	0.3179	-0.8738	1.1273	1.1704	0.4394	-0.1357	-0.4820	0.5966
-1.9308	-0.0252	0.5905	0.7257	-0.3130	-0.0930	-1.6857	0.0323	-0.4041	-0.3099	-0.8213	-1.2969	-0.1069	-0.4789	-1.0638	-1.2399	0.8888	-0.6308	-1.0142	-1.4125	0.1212	-2.1509	-1.5693	0.4332	0.4096	0.0497	0.0083	-0.2433	0.6213	0.1241	0.0708	-2.2117	-0.0226	-1.2172	0.9999	-0.0171	0.0958	0.0598	1.2878	0.8790	-1.9886	0.2531	-1.7051	0.5578	1.2742	-1.0339	0.1795	0.1162	0.3663
-1.3545	0.4490	-0.1426	0.1002	-0.5674	-0.2114	-0.5127	-1.2656	-1.2003	-0.2897	-0.2704	-0.8146	-1.1815	-0.8067	-0.8559	-0.7713	0.2462	-1.0982	-1.5771	-0.3344	-0.0292	-1.1112	-0.3193	1.3243	0.6324	-0.2081	0.3454	-0.7808	-0.1296	-0.6872	-0.1473	-2.1206	-0.9536	0.0101	1.3264	0.0783	0.0554	0.3680	0.3694	0.5465	-1.3941	-0.0698	-1.3639	0.0587	1.2985	-0.6111	1.0385	-0.7927	-0.1801
-1.9337	-0.1534	-0.6666	-1.4402	0.0772	-0.8216	-0.1864	-1.0899	0.6920	-0.9406	-1.5698	-0.4092	-1.1065	-0.5615	-0.4099	-0.3762	0.7223	-0.4591	-0.9894	-0.0044	0.1671	-1.4593	-0.3950	-0.2178	1.1048	-0.0862	0.4818	-0.0929	-1.1949	-0.8496	-0.3297	-0.2942	-0.8725	-0.0831	0.4422	0.3307	-1.4125	-0.1398	1.0863	1.0935	-1.2531	0.4496	-1.1612	-0.4664	0.9208	0.3746	0.5590	-0.1620	-0.4346
-0.8471	-0.2978	-1.5140	-0.4220	0.0676	0.2719	1.1146	-1.2492	1.3867	-1.3083	-1.8831	0.8631	-0.1460	-0.7723	-0.2320	1.5450	0.2060	-0.3277	0.4798	0.2543	-1.1053	-0.6722	0.9216	-1.6473	0.4392	0.7810	0.3948	0.0469	-1.4078	-0.7453	0.9840	1.2518	-0.5059	-0.0540	0.4248	-0.0003	-1.2850	-0.1006	0.8962	1.2473	1.4071	0.0346	0.6855	-0.3330	0.8224	1.7895	-0.5217	0.6263	-0.0702
-0.9969	0.0218	-1.1362	0.0584	1.0903	1.7723	0.6814	-1.8044	0.4743	-1.6847	-1.0555	0.3991	0.7836	-0.6065	0.4217	2.2077	0.0112	0.9358	1.1192	1.5796	0.4434	0.8133	0.3468	-1.3216	1.7064	1.3591	1.4357	0.5901	-1.6981	-1.1535	0.2128	1.0516	-0.1774	0.5179	0.3643	1.2089	-1.8619	-0.4798	-0.8514	0.1742	0.0567	0.4379	0.7788	0.1245	0.8370	0.8331	0.0807	-0.6070	0.1955
-1.1319	-0.1899	-0.3202	-0.2560	1.3131	1.8536	0.5514	-2.5988	0.6932	-1.7344	-1.4996	1.1373	1.6068	-0.0468	1.1179	2.6614	0.0222	0.9432	0.6488	1.5783	1.1294	0.7086	0.6360	-0.7360	1.7980	1.8557	1.1756	1.3380	-1.3009	-1.1855	0.6388	1.2363	0.5695	0.9470	0.3203	1.1766	-1.8315	-0.5856	-1.0365	0.6259	-0.2122	0.3054	0.8112	0.1157	0.3610	0.0035	-1.0561	-0.7179	0.3944
-0.1932	-0.5135	0.6200	0.5735	1.4461	1.4368	1.3742	-2.6251	1.5242	-0.1383	-1.4443	1.8954	2.2132	1.2760	1.7550	2.7293	2.0009	1.1783	2.1247	1.7614	1.1641	1.7234	0.9742	-0.3022	2.2419	2.3285	1.1735	1.6628	0.1974	-0.2978	1.7842	1.3679	1.3920	2.0916	1.0761	1.5078	-1.8350	-0.5410	-1.1754	1.1979	0.0084	0.7041	1.1369	0.8785	-0.5612	-1.1601	-0.7683	0.3780	1.5316
1.0215	-0.7210	0.4511	1.4689	0.9306	1.9284	2.3978	-2.3520	0.8356	1.3753	-1.2995	2.7852	2.5633	0.9416	1.6238	2.6094	2.2071	0.8668	3.0586	1.6476	1.5688	2.7441	0.0624	0.5185	1.4378	0.8814	0.7104	0.7769	1.3816	-0.1903	1.7614	-0.8410	1.5678	2.3440	1.4929	0.6307	0.6159	-0.3085	-0.9951	2.0660	1.2678	1.0812	2.8119	1.2209	-1.0757	-1.4053	-1.3464	0.6848	1.0635