IC05	IC08	IC09	IC15	IC16	IC17	IC18	IC19	IC20	IC23	IC24	IC26	IC27	IC29	IC31	IC33	IC36	IC37	IC38	IC41	IC42	IC43	IC44	IC45	IC46	IC47	IC48	IC49	IC50	IC51	IC54	IC56	IC58	IC60	IC62	IC63	IC64	IC65	IC66	IC67	IC68	IC69	IC71	IC72	IC73	IC74	IC75	IC76	IC77
0.7914	-0.0300	0.3254	0.6406	-0.6217	0.3580	-0.2889	0.9881	0.6466	-1.0274	0.8682	0.3738	1.8991	-0.6590	1.0509	0.1322	0.4985	-1.1144	0.8699	0.3824	0.5270	1.2744	0.1663	-0.8623	2.3198	0.5823	-0.4217	1.3052	0.2833	0.9430	0.2668	-0.5588	0.8263	0.2776	1.0978	0.4429	1.0884	2.2283	1.0903	0.9018	0.4219	0.1924	-0.3724	1.2690	0.2408	-0.4498	1.2788	0.7925	-0.0652
0.8316	1.6450	-0.4330	-0.1517	0.3504	-0.2400	-0.4573	0.3295	0.8497	-0.9200	1.6881	0.9242	1.9477	-0.0853	-0.2505	-0.0331	-1.1891	-1.1121	0.6023	0.7239	0.2761	0.3457	0.0225	-0.9822	1.3556	1.0813	-0.3913	0.7070	0.4721	0.5793	0.6947	-0.0681	0.9740	0.7497	1.1131	0.1286	0.3908	1.5303	-0.2648	-0.1901	0.9927	-0.5404	0.1138	0.2666	0.6310	-0.8294	-0.3436	-0.4889	-0.3865
0.5899	1.3110	1.3131	0.3144	1.1161	-0.8202	0.2544	-0.5353	0.5949	-1.8346	0.1925	0.2101	1.4677	0.0757	0.4945	-0.6723	-0.3888	-0.3445	1.1179	-0.1973	0.7611	1.6975	-0.7464	0.0109	1.8562	1.7825	-0.6839	0.2807	0.8458	0.5266	0.5055	0.3101	-0.4076	-1.8130	1.1412	-0.1035	-0.2371	1.4475	-0.5152	0.8796	1.5700	0.2648	0.0687	0.0644	0.0396	-0.1647	0.8851	0.0755	-0.0290
0.3685	0.7389	1.2582	0.5194	0.8795	0.6775	1.1705	-0.6942	1.0644	0.4116	0.5720	0.8785	1.0888	0.3700	1.2262	-0.0754	0.6023	0.4459	0.5880	-0.6000	1.2711	1.7488	-0.8071	0.2221	0.7002	0.2296	-0.0494	1.2340	1.0060	1.2191	-0.1186	0.3981	0.5342	-0.3586	0.7446	0.2358	0.1366	1.0871	0.0042	2.0839	1.8469	0.3310	0.8575	0.4641	0.2413	1.4400	0.6192	0.9230	0.9111
0.4314	-0.3094	-0.7849	-0.0093	1.3733	0.3131	0.8027	-0.0259	0.2998	3.6741	1.9588	0.6811	1.9555	-0.3810	0.1734	1.8049	-0.2672	0.6893	-0.3604	-0.9534	1.2105	1.7164	-1.5689	2.7821	-0.9405	-1.0346	-0.0649	0.8864	1.1318	2.1476	-0.4905	-1.5082	1.9803	-0.3057	0.1081	0.4584	2.1486	-0.2061	-0.4101	0.6236	1.4768	-0.0848	0.1471	0.1568	0.3900	-0.3197	-0.4638	0.3063	0.7369
0.1919	-1.0252	-0.8304	-1.7795	1.3152	-0.7482	0.5841	0.0564	-0.1413	1.7688	0.0371	-1.1276	1.2397	-0.9027	-0.4465	2.2600	-0.4388	0.6888	-1.1390	-0.7098	0.4280	0.8281	-1.3631	2.9780	-1.1623	-2.5081	-0.2859	0.4401	0.3443	1.8573	-1.6578	0.1295	1.5696	-2.9986	-0.5977	0.8296	1.6693	-1.2997	-1.4233	-0.1671	-0.8389	0.3060	-2.1436	-0.6429	1.2690	-0.4886	1.0065	0.1671	0.8794
0.0461	-0.5272	-0.8101	-1.8072	0.8492	-0.8187	0.9093	0.0379	-1.2750	-0.2832	0.4712	-1.7660	-0.0056	-0.9855	-1.3492	1.9685	-1.0498	0.3022	-1.7003	0.5384	-1.2881	-0.2474	-0.1840	1.2294	-0.8494	-2.6830	-0.9583	0.1451	-0.2498	0.9392	-1.9998	0.0633	0.2520	-1.2136	-0.7269	0.6139	0.5885	-0.9716	-0.3783	-2.2090	-0.4868	0.8564	-1.7261	-0.9162	1.0045	-1.0113	-0.9831	-0.8138	-1.0665
-0.5723	-0.6749	-0.7879	-1.7505	0.8346	-0.0256	1.1312	0.5042	-0.3567	1.9385	-0.3136	-1.5741	0.0339	-1.3875	-0.6593	1.5730	-0.4020	1.2627	-1.1216	0.0015	-2.4999	-1.0296	0.5560	1.4307	0.0570	-1.2593	-0.6562	-0.6737	-1.3786	-0.0551	-1.2951	0.8386	0.4860	-0.2080	-0.2878	-0.4133	-0.3487	-0.5019	-0.5711	-0.4817	-1.3267	1.0925	-0.8923	-0.9066	-0.7756	0.3194	-0.1987	-0.8352	0.1067
0.2481	0.5711	0.0412	-0.0494	-0.7639	0.5563	1.3804	1.8995	-0.2497	1.3357	-0.4972	-1.1827	0.7427	-0.0136	-0.0573	0.6762	0.4929	0.9489	-0.6471	0.7595	-1.1884	-0.7699	0.1417	1.2104	0.1777	-0.6665	-0.0310	-1.0888	-0.0907	0.0822	-0.7793	-0.3151	-0.4340	0.4573	0.2879	0.3499	-0.8395	-0.0530	1.1643	-0.7380	-0.7633	-0.0397	-0.5025	0.4723	-0.3979	0.0327	0.0635	-0.7710	1.1043
-0.1805	-0.1076	-0.5504	-0.3948	-1.1807	0.0005	0.9386	1.9940	0.3131	0.5000	0.0136	-0.6383	0.4259	-0.4141	0.8901	-0.5308	-0.3892	0.5966	-0.9266	-0.6081	-0.8091	-1.1143	0.7933	-0.0587	-0.4568	0.1205	-1.1124	-0.3803	-0.1266	-0.0853	-0.9013	0.4795	-0.4856	1.4796	0.5105	-0.1623	-0.4331	1.5801	1.8173	0.0264	-0.1962	-1.5568	0.2546	0.4296	-0.8078	0.3427	-0.5267	1.1263	0.1808
-0.1089	0.3092	-0.2059	0.3250	-0.1440	0.0021	0.0885	1.6331	0.0475	0.1482	-2.2410	-0.9597	0.4570	-0.8185	-0.8282	0.2975	-1.1616	-0.2087	-0.8532	-0.8959	-0.0918	-1.3083	2.1358	-0.0698	-0.3528	0.8541	-0.1990	-0.7478	0.1362	-0.2512	-1.1016	0.7621	-0.9053	-0.3029	0.7259	-0.9171	-0.2574	-0.9154	0.4033	-1.0319	-0.2879	-0.9956	-0.8094	-0.6108	-1.1199	-0.5134	0.0814	0.4408	-1.0054
0.1671	1.3555	-0.6116	1.0557	-0.7181	-0.3318	0.0813	2.4664	-0.1429	0.0906	-1.2075	0.2146	-1.2043	-0.3722	-1.1986	-0.2047	-1.7767	-0.7686	-0.0931	-0.0805	-0.7095	-1.1670	0.8578	-0.6285	-0.0102	0.3829	0.6369	-1.6199	-0.4003	-2.2892	-0.1994	0.4189	-0.1099	0.8460	0.7686	-1.1937	-0.9396	-0.6640	-1.5070	-1.7237	-0.6493	-0.9393	0.3541	0.1476	-1.2113	-0.6898	-0.5236	-0.8773	-0.5661
-0.0065	0.0674	-0.6563	1.1644	-2.0296	0.8694	0.0388	1.7678	-0.5463	0.5364	-1.0051	0.3200	-1.6961	-0.7671	-0.5073	-0.7439	-0.2081	-0.4946	0.2708	-0.3798	-0.4930	-0.0773	-0.4971	0.6102	0.2063	0.7698	0.9544	-1.2773	-0.6398	-1.8112	0.2675	-0.5734	-1.2141	1.1310	0.2155	-0.5325	-0.1087	-0.8557	-0.8524	-0.2977	-1.2455	0.0666	0.2254	-0.4805	-1.1232	-0.8748	0.5442	-1.4448	-0.2232
-0.1835	0.7389	-0.8212	-0.6576	-1.6062	0.3034	0.0712	0.6869	-0.2538	0.5355	-0.8770	1.2632	-2.7148	-0.5624	-0.2144	-1.6787	0.1079	-1.1685	0.5494	0.3720	-0.3484	-1.0749	0.3416	-1.6055	0.2557	0.4620	-0.5662	-1.9417	-1.1232	-1.9712	0.9224	0.6268	-1.5349	0.6990	-0.6131	-1.1109	-0.3371	-0.5428	-1.3409	-0.3700	-0.9957	-0.1459	0.0477	-0.5530	-1.4424	0.3931	0.5479	-2.0861	-1.0324
0.5636	0.3306	0.0242	-0.0511	-0.5130	-0.3185	-0.3711	-1.0717	-0.8924	-1.2829	-1.6494	0.7882	-2.1896	0.0662	-0.5321	-2.0202	0.0014	-1.5307	0.9614	1.4625	-0.9556	-1.2571	0.4352	-1.0654	0.5415	1.6162	-1.2381	-2.0596	-1.1287	-2.3388	0.9889	-0.1627	-2.3648	-1.0537	-0.6862	-0.3785	-0.8092	-1.7448	-0.2548	-1.3555	-1.5477	-1.2117	0.6574	-0.8465	-2.0298	-0.0213	1.1032	-3.2847	-1.9243
0.5483	0.7275	-0.6757	0.0341	-0.4886	-0.2804	-1.3095	-1.0034	0.0454	-2.1962	0.0849	1.1324	-2.1434	0.5591	0.0286	-1.3064	-0.8281	-1.6873	0.4614	1.4119	-1.4817	-1.7038	0.8495	-2.6737	0.4479	0.7647	-1.5550	-0.3806	-1.4036	-1.0402	1.0762	0.1093	-0.4887	0.2100	-0.6066	0.2239	-0.9789	0.2410	0.0806	-0.9267	0.1628	-1.9595	2.0394	-0.5677	-1.4560	0.6698	0.0833	-2.4537	-2.7729
0.5414	-1.5494	-0.1928	1.1379	-0.5792	0.8608	-1.6854	-2.7021	-0.3193	-1.2845	0.2553	-0.2005	-1.7171	1.2483	0.2726	-0.9291	0.5002	-0.4186	0.3618	0.6160	-0.5500	-0.3917	-0.4815	-3.0279	0.0489	1.1208	-1.7747	0.8897	-1.1999	-0.3396	0.8308	-0.7130	-1.0414	0.4076	0.0359	0.9488	-1.6639	1.2849	1.3293	0.4046	-0.2357	-1.5021	2.0294	-0.4565	-1.0376	0.0420	0.8930	-0.3821	-1.6736
0.8256	-0.0077	-0.3772	0.6302	-0.9787	0.1562	-1.1794	-1.1990	0.1445	0.6523	0.7414	0.3354	-1.5198	1.7305	-0.9307	-0.3714	-0.3485	-0.0942	-0.2707	0.3416	0.0866	-0.8548	0.3575	-1.5942	-0.9005	0.6352	-0.1283	0.0759	0.0449	-0.2728	0.5675	-1.3684	0.5454	0.6456	0.3780	0.4682	-0.7748	0.2290	0.6931	-0.3887	0.0327	-1.1405	1.8462	0.7143	0.0321	0.1244	-1.3539	-0.8787	-0.6520
0.3525	-1.2039	1.8315	-0.3639	-1.1477	-0.4711	-0.5613	-0.3334	0.9553	-0.2585	-0.4346	-0.1810	-1.7206	1.3748	0.2037	-1.1874	0.1468	-0.0263	0.7333	-1.2683	0.8123	0.1883	-0.6814	-0.3035	-0.9206	0.5546	1.1911	-0.6927	0.3541	-1.3411	0.5204	-1.3845	0.3105	-1.1733	0.8149	-0.2117	0.1373	-1.1367	0.4125	0.3205	0.4638	-0.3209	0.3968	1.2943	0.7251	0.3092	-0.6409	0.5905	0.6001
0.1550	-0.4876	1.7076	-0.0330	-1.2204	-0.6104	-0.6818	0.1581	0.1947	-1.5553	-0.3684	-0.2317	-0.9383	0.6051	-0.5702	-0.8293	0.3689	-1.0045	0.9166	-0.4278	1.1854	0.3264	-1.7474	-1.1747	-1.0316	-0.5453	0.8462	-0.7711	1.3243	-0.8481	0.8752	-2.1756	-0.4629	-0.7039	0.1888	0.0562	0.3153	-0.9410	0.9838	0.1764	1.8349	0.3072	-0.3523	1.1088	0.6628	-0.3199	-1.1051	0.6473	0.3986
-0.0785	-0.2204	1.3956	-0.3477	-1.0234	-1.0550	-0.4163	-0.3489	1.2159	-0.8599	-0.5659	0.4413	-1.5062	0.7928	0.8760	-0.7706	1.6463	-0.5371	0.9138	0.0104	1.2814	0.7206	-0.4244	-0.1886	-0.6056	0.3093	1.3139	0.1754	0.9640	-1.2973	0.9392	-0.2727	0.3199	0.7601	-0.0065	0.4455	-0.1000	-1.3010	-0.5152	0.9977	0.1467	0.5109	-0.5131	0.9453	0.8810	0.8136	-0.3436	1.6909	1.3496
-0.6935	-1.2151	0.0040	0.6576	-1.0030	0.4501	0.6619	-0.0657	0.6643	-0.6949	0.2302	0.6593	-0.6034	0.7905	-0.3022	0.3872	0.9080	-0.1344	0.8166	0.3442	1.3729	0.7590	-0.7442	-0.9830	-1.0598	-0.3272	0.8093	0.0959	0.9271	-0.6832	1.1233	-0.4995	-0.5396	-0.1515	-0.4587	0.1766	-0.5904	-1.3896	0.1763	1.1939	0.8338	0.1045	0.3538	-0.1299	0.0863	-0.2921	-1.5898	1.1485	1.3689
-0.6152	-0.8172	1.1858	0.4833	1.1590	0.6229	-0.2151	-1.1272	1.4713	-1.2012	0.4710	0.8823	-0.8234	1.0262	0.7884	-0.1392	1.0518	1.1162	1.1569	1.5258	1.5097	1.2858	0.2720	0.2551	-0.6916	0.5877	1.7153	0.7128	0.7482	0.0339	1.4214	0.6395	0.6265	0.0457	-0.4178	0.1154	-1.2760	0.0604	-1.2642	1.5372	-1.0928	1.4295	0.0960	-0.0095	0.8068	0.5137	-0.4250	1.5312	1.0642
-0.2609	0.2856	0.6173	1.8294	1.8695	2.1152	0.5079	-0.5046	1.0678	-0.2389	-1.3762	1.0002	0.8527	0.3039	0.6947	-0.0239	0.4131	2.2029	1.1270	-0.2253	1.1039	1.8057	0.5028	1.4233	-0.9391	0.6810	2.0071	0.6560	0.0087	0.6491	0.7767	-0.3781	-0.1714	0.6373	-1.0184	0.6073	-0.9453	-0.4305	-0.0761	0.9641	-0.5682	1.6373	-0.2838	0.0417	1.4482	-0.0776	-1.1736	0.2408	-0.4103
-0.8725	0.6698	0.3024	1.2005	1.1293	1.0352	0.3438	-0.8022	1.3842	0.9902	-0.4744	0.4447	0.4449	-0.2612	0.2649	-0.9538	0.8002	2.2099	-0.0047	-0.7182	1.0973	1.4130	0.4863	1.0125	-0.1938	-0.6538	1.1841	1.0663	-0.4606	1.8621	-0.1104	-0.1907	0.6475	0.2635	-1.4105	0.8145	-0.3754	1.0193	-0.4782	1.2235	-0.4917	1.5219	-0.5031	0.6172	2.0805	0.8261	-0.9944	0.7192	0.2046
-0.9038	-0.6904	-0.4232	0.9946	0.2043	1.5605	0.8178	-1.3566	0.0729	-0.0621	-0.8171	-0.3357	0.3661	-0.5794	-0.4617	-0.8100	0.9670	1.9431	-0.7901	-1.0839	0.3460	0.0069	-0.7186	1.8160	-0.5553	-1.3503	2.2218	0.9238	-0.6783	1.3447	-0.3399	-1.1252	-0.3434	0.9116	-1.5245	1.3136	0.0514	-1.3938	0.7379	0.5267	-1.0200	0.9622	-0.6100	-0.1897	1.7278	-0.1372	-0.2651	0.5797	0.4331
-1.4373	0.2363	-0.4382	0.5510	0.2116	0.5813	-0.1899	-1.1103	0.0572	-1.4105	0.1812	0.2582	-0.4346	-0.8371	-0.0449	-0.8564	0.9274	0.9148	-0.6762	0.2559	-0.0718	-0.9985	-0.1727	-0.5679	-0.8474	-1.7142	0.8043	0.0653	-0.4966	1.5338	-0.0182	0.8066	0.7674	1.0717	-1.1838	0.7250	0.4719	-0.4252	-1.0402	0.5028	-0.5598	1.4142	0.2186	0.2838	0.9900	0.9737	-0.3900	0.7398	0.3787
-1.1445	-0.6468	0.1159	1.2467	-0.6190	0.9550	-0.1951	-0.1894	-0.2468	-1.2003	-0.1104	0.0887	0.8259	0.0565	-1.1211	-0.4317	1.2233	0.4583	0.3257	0.8535	-0.9722	-0.9501	0.2911	1.2365	-1.5687	-0.7591	1.6721	-0.6108	-0.0490	0.5695	0.6434	-0.0231	-0.2752	1.7655	-0.4523	-0.3959	0.1583	-1.1743	-0.9058	0.0821	-1.2354	1.2521	0.0699	-0.3781	-0.0804	-0.4688	-0.0527	-0.0463	0.3022
-0.8643	0.0641	0.2413	0.3750	-0.5653	0.3816	-0.5306	-0.6471	0.4832	-0.0413	0.0619	0.8684	0.2635	0.8547	0.0338	-0.3553	1.0978	-0.1334	0.6127	-0.0818	-0.4472	-0.4626	0.8396	-0.2317	-0.8242	-0.6089	-0.0158	-0.9582	0.0517	-0.1734	0.9702	1.2319	-0.1334	1.9608	-0.3196	-1.0003	-0.4650	0.7183	-1.8056	0.7421	-0.7266	1.1570	-0.0452	0.2139	-0.2192	0.3968	-0.4765	-0.0151	0.7985
-0.0377	-1.5768	0.2655	0.5189	-0.3655	0.4815	-0.8763	-3.4421	-0.4786	-1.4282	0.0718	-0.3922	-0.0512	1.5032	0.5926	-0.5483	1.4324	-0.2384	0.1015	-0.1190	1.1927	1.3897	0.5445	1.2130	0.8255	-0.2394	0.1296	-0.6986	0.4530	-2.0522	-0.0516	0.5526	-1.1811	0.4069	0.0739	-0.2996	-0.8228	-0.7148	1.8769	1.3040	-1.9828	1.7656	-1.2853	0.1739	0.7317	0.6064	0.6095	1.7000	-0.0641
-0.5258	1.1713	0.2675	0.0021	1.7976	-0.9124	-4.2725	-2.7148	-1.2164	-1.2493	1.1846	-0.0560	1.5846	1.2772	3.2126	0.4790	2.0193	0.1263	-1.4136	0.7103	0.1658	1.0023	1.4784	-0.3157	2.1660	1.0036	1.0807	0.9148	0.4321	-1.4686	-0.1874	1.5093	0.8998	0.7580	-0.1948	0.5570	1.9934	-1.2741	2.6260	1.0268	2.4701	1.4420	-0.6301	0.4943	1.6305	4.8433	1.7817	1.9350	0.7653
-0.3125	1.6600	-0.4212	1.6505	2.2403	-0.2549	1.4161	-1.0629	-1.2323	4.0373	2.4295	-0.2447	1.5323	0.5629	2.9606	1.3397	1.3015	0.9535	-1.5932	2.0971	-0.2481	1.3680	0.3044	-0.3045	1.6380	2.8682	0.7184	2.4693	0.2321	0.9968	-0.9168	0.7903	1.4177	1.1858	-0.3581	0.9083	2.1554	1.7903	1.6177	0.0787	3.7177	0.2310	1.4605	0.1348	0.7847	1.5409	-0.8251	1.5068	1.5318
-0.9453	1.1518	0.7273	3.4146	3.3566	0.2056	-0.0610	-1.7816	-1.4194	2.3942	2.5576	-0.4949	1.1482	0.3508	2.9220	1.8440	0.7695	0.8632	-1.2436	0.6426	-0.5166	1.5616	-0.3225	1.1023	1.6597	1.9422	2.0438	3.9177	-0.3252	1.7623	-1.2395	0.9994	3.0188	-0.9965	-0.2150	0.6860	1.9310	0.9095	1.1811	0.3671	1.3563	1.1207	0.0973	0.0588	0.8244	0.8796	-1.6771	2.1204	0.7042
-1.4202	0.8070	1.7888	1.9796	1.0436	-1.1974	0.3272	-1.1026	-0.7193	1.9233	1.9147	-0.0894	0.7351	-0.3335	0.3286	1.2949	-0.1582	0.4901	-0.8897	-0.6200	0.3640	1.6147	0.7666	2.5072	0.8153	-0.2207	2.2692	2.9881	-0.6456	2.4073	-0.7043	0.5283	3.0423	-2.3738	0.0056	0.0494	2.9324	1.9539	-0.0539	-0.4780	0.2691	1.4006	-0.6046	0.1392	1.1669	0.9507	1.1126	2.1689	0.2428
-1.9924	-0.1019	0.4310	-0.3760	-0.0867	-0.7317	0.2718	-0.1992	-0.8258	-1.0604	0.6193	0.0346	0.0884	-0.9056	-1.3188	-0.4069	-0.5527	-0.5063	-1.8674	-0.8090	-0.1275	-0.5553	0.9798	0.1052	-0.1679	-1.9998	1.1493	1.8192	-1.7085	1.2342	-0.4376	1.1629	0.7757	-0.4694	-0.2271	-0.6469	1.0917	0.0172	-1.9805	-1.8735	-1.1737	0.2809	0.3964	-1.4648	1.9288	-0.1350	0.7188	0.9182	-0.0003
-1.6554	-0.8512	-0.1752	-2.1426	-0.4545	-0.1738	-0.7790	0.5029	-1.4724	-1.8378	0.0048	-0.7235	-0.1101	-0.4635	-1.6461	-2.3378	0.2525	-0.2312	-0.7582	-0.5048	-0.8704	-1.7485	0.6070	-0.8680	-0.1810	-2.2816	0.5921	0.5086	-1.6117	-0.6322	-0.1157	0.8648	-2.0026	0.7519	-0.8435	-0.6527	-1.3085	-1.1892	-1.1188	-1.8114	-0.1745	0.0480	-0.2142	-1.8845	0.4304	-1.0497	0.8695	0.4840	-0.9858
-0.8636	1.1325	-1.3769	-2.5015	-0.2900	-0.9003	-0.2650	0.7189	-1.6101	-0.7806	-0.2264	-0.4771	0.0479	-0.9259	0.0183	-1.6995	-0.0102	-0.3920	-1.0664	0.3131	-0.6324	-1.9867	2.2553	-1.6988	0.1593	-1.0084	-1.2022	0.2259	-1.5161	-0.1821	-0.1783	2.0901	-2.2177	0.4937	-1.9269	-0.3125	-1.6819	0.8350	-0.6396	-1.1577	0.5827	-0.4369	1.1734	-0.6957	0.2132	-0.2400	1.9083	0.1602	-0.4211
0.2109	0.1634	-1.0356	-0.5770	0.2042	-0.7864	0.6016	0.1493	-2.3053	-0.2960	-0.6674	-1.3809	0.9504	-1.0401	1.2310	-0.7933	-0.1679	0.8016	-1.3182	0.6455	-0.6110	-1.1893	1.1763	-1.0017	0.3730	1.4255	-1.4071	1.1997	-1.4362	0.0024	-0.9336	1.7236	-2.5668	-0.7144	-1.6138	0.9795	-1.6264	0.7011	0.8055	-0.9802	-0.2670	-0.6854	0.9273	-0.3165	-0.2040	-0.9322	2.6694	0.1388	-0.2419
0.2826	0.9191	-1.5187	-0.6116	0.7082	-0.7463	-0.2936	0.4285	-1.2951	0.8065	-0.0087	-0.8571	1.0142	-0.3779	0.7648	0.9474	-0.7575	0.6479	-1.5181	0.7694	-0.9465	-1.7208	0.7357	-0.9465	0.4143	1.1786	-1.2246	0.4351	-0.5587	-0.0315	-0.6911	1.7106	-0.4022	-0.4998	0.0495	1.2322	-0.3947	0.7797	0.0666	-1.1446	0.8861	-1.4272	1.3419	0.1939	0.1052	-0.8789	1.4704	-0.1874	0.2925
0.9911	-1.4229	-1.0376	-0.0732	-0.1095	0.2533	0.7526	0.8039	-0.7233	0.8205	-0.2761	-0.8968	0.2606	0.0142	-0.0597	0.7623	-0.2214	0.7419	-0.4536	-0.4976	-0.0615	-0.0658	-0.9167	-0.1314	0.9620	0.8440	-1.9590	-0.6502	0.3866	0.2625	0.0952	0.1613	-0.3968	0.1295	2.4512	0.1692	0.2413	1.4254	1.3073	0.1276	1.1173	-1.8285	1.0438	-0.2620	-1.1968	-1.5336	1.9083	1.2716	1.0985
0.9085	-1.6348	-1.2979	-1.0396	-0.4154	0.1482	0.5008	1.0503	-1.3196	1.1317	-0.0145	-0.3289	-0.7448	0.4983	-2.5499	0.8525	-0.8095	0.1659	-0.0400	-1.2125	0.6343	-0.9757	-1.1165	0.1498	0.4922	-0.8232	-1.3962	-1.6315	1.3065	0.1962	0.0280	-0.9590	-0.2817	0.7691	2.5491	-0.7292	0.8512	-0.2483	0.4034	-1.1515	0.5431	-1.5494	1.0724	-0.6988	-0.8467	-1.3396	-0.4742	0.0619	0.2228
0.4112	-2.8237	-1.5172	-2.3872	-0.2920	-0.3502	0.0500	0.2493	-1.2346	1.1067	-0.7790	-0.0488	-2.1274	0.7375	-1.6267	0.0532	-0.2170	0.2617	0.5129	-1.7566	0.4748	-1.1541	-0.2323	0.3730	0.7324	-0.9349	-0.5713	-1.2685	0.7876	-1.0203	0.5392	0.3264	-0.1768	0.1877	1.6369	-1.0602	-0.8941	-1.0132	-0.0054	0.1061	-1.6968	-0.7474	0.0830	-1.5010	-0.0280	-0.2752	0.7287	0.4563	0.1093
0.3679	-2.4323	-2.4493	-2.2383	-0.0030	0.1150	-0.1626	0.4303	-1.2364	-0.2350	-0.1382	0.4178	-0.7772	0.4657	-1.9054	0.6927	-0.8962	-0.3357	0.4441	-1.0376	0.5282	-1.2380	-1.1942	-0.1099	-0.5227	-2.0488	-0.6321	-1.5933	1.2627	-0.7558	-0.0004	-1.6262	-0.5491	-0.3676	0.7032	-0.8534	-0.9410	-1.5999	0.0053	-0.7543	-0.5061	0.3070	-0.2852	-1.7127	-0.0207	-1.5471	-1.4407	-0.8804	-0.9638
-0.3407	-1.2744	0.0370	-3.2281	0.0231	-2.5360	-0.8928	1.0006	-0.2721	-1.0055	-0.7727	0.7494	-1.6036	0.2625	-0.5240	-0.7529	-0.9030	-0.2617	1.1497	-0.4827	-0.2851	-0.1726	-0.4802	0.6987	0.4223	-1.5606	-1.2908	-0.9747	0.3210	-1.5642	-0.2013	0.1778	-0.3398	-0.2580	0.4923	-0.7341	-0.9508	-0.5444	0.1463	-0.3563	-1.6038	1.9131	-0.5612	-0.6902	-0.7928	0.3399	-0.5458	0.7583	0.1972
-0.5977	-0.7443	1.8666	-2.5709	0.2541	-1.5460	-0.1287	2.2863	-0.2499	-0.3173	-1.4605	0.8155	-1.4552	-0.4721	-0.0276	-0.4032	-1.1891	-0.9932	1.3281	-1.4221	-0.7784	0.0011	1.0729	0.7284	0.3680	-0.1825	-1.4222	-2.0046	0.2114	-1.7822	-0.2013	1.0520	-0.2677	-1.3487	-0.4289	-1.1808	-0.3396	-1.2250	0.1297	-0.2731	-1.3982	0.4610	-1.3913	0.5159	-1.9173	0.8746	-0.7112	-0.6590	0.2713
0.3482	-0.2967	1.1562	-0.9225	1.4251	-1.2829	-0.2962	1.7569	0.8615	0.0448	0.6896	0.5878	-0.8700	-0.1025	1.4181	0.1063	-1.3988	-1.5603	1.2577	0.1065	-0.4465	-1.2386	0.6017	-1.1332	-0.2149	0.9314	-1.8030	-1.2824	0.2752	0.0739	0.3945	1.1836	1.0480	-0.0895	-0.2468	-1.6772	-0.5146	0.5239	-1.1659	-0.0037	-0.9533	-1.1821	-0.4414	0.3635	-2.0333	-0.5260	-1.0527	-1.0287	-0.1739
2.0309	-0.5210	-0.1103	0.5547	0.9706	-1.1440	0.1514	0.5836	0.3160	-0.1797	-0.4749	0.2612	1.0457	0.5770	0.8404	1.5746	-0.9444	-1.3821	0.6693	-0.0250	0.1918	-0.6926	-0.5952	0.1916	-0.6425	1.7959	-1.8874	-0.1218	0.6941	0.4149	0.4943	-0.9857	-0.1348	-0.3967	0.6332	-1.3066	-0.5582	0.2052	-0.0064	-0.1405	-0.5260	-1.2747	-0.9157	-0.1695	-1.9089	-1.6538	0.1513	-1.3212	0.1513
1.7536	1.1661	-0.6953	0.8004	0.5538	-1.4130	0.2476	1.0550	0.9076	-0.1599	0.3873	1.4090	0.4060	0.8083	0.0527	1.7893	-2.1165	-2.1265	0.9551	-0.1503	-0.5086	-1.1398	-0.3720	-1.0777	-1.1620	0.6993	-2.1988	-0.3670	0.9258	0.6504	1.0598	-0.5890	0.1334	1.3308	0.7270	-1.2579	-0.1416	0.6950	-1.3187	-0.2933	1.7208	-2.0693	0.0599	0.0504	-1.6792	-1.3208	-0.3180	-2.3552	0.2608
1.4183	-0.9691	1.1709	0.4707	-0.5352	-0.2473	0.4656	-0.2255	0.9598	-1.1808	-0.4336	0.5174	0.4979	0.9145	0.1590	1.6785	-0.4956	-2.6020	1.8314	-0.6918	0.5108	0.2766	-1.0414	-1.4279	-0.6465	0.3595	-2.0790	-0.4574	1.0175	1.5267	1.6020	-0.6188	-0.3904	0.7761	0.4381	-0.8840	-0.1903	1.1055	-0.8847	1.3718	1.5495	-1.1271	-0.5995	0.4390	-1.6089	-1.1647	0.7915	-1.3675	0.5625
1.9196	0.0003	-0.1693	-1.1861	-1.6666	0.7330	0.0803	1.7302	0.7124	0.5698	0.2547	0.6958	0.4906	1.5083	-1.5002	1.7106	-0.4700	-1.8402	1.7303	0.0616	0.2825	-0.5462	-1.4546	-0.2732	-1.1150	-0.0635	-0.9735	-0.5929	1.2578	1.1221	1.4730	-2.0800	-0.3759	1.4035	0.2243	-1.0287	1.0093	0.4100	0.6281	0.4466	1.5138	-0.9769	-0.2109	1.0590	-1.4708	-1.4260	-0.5204	-1.6755	-0.0194
1.0746	-1.1954	-0.9431	-2.1739	-1.5535	1.7585	-0.6666	0.5364	1.2923	1.6305	-1.2059	0.6768	-0.2705	1.6810	-0.6816	0.4855	0.7542	0.0663	1.0976	0.0650	1.0168	0.7081	-0.9939	1.0630	-1.0366	0.6730	-0.3391	0.2435	0.7494	0.5091	1.0036	-1.1753	-0.6495	-1.4572	0.4115	-0.2217	-0.2603	0.3497	0.3458	1.7080	-0.7772	-0.7341	-1.2616	0.8090	-0.4276	-1.0150	-0.1847	-0.6453	-0.7669
-1.0806	-0.2874	0.1521	-1.6433	-1.3368	1.8115	-1.0146	-0.0072	0.4334	-0.2721	-0.8809	0.0297	-0.4518	0.4622	-1.3477	-0.3772	0.5119	0.5534	-0.0291	0.1088	1.3168	0.5552	-0.8418	0.1062	-1.5434	-0.1145	0.1601	0.7846	0.8318	0.5236	-0.1124	-0.3838	-0.9146	-1.8141	-0.3701	0.0768	-0.1074	-1.8349	0.5693	0.8993	0.9620	0.2566	-0.9390	0.0047	0.5693	0.0565	-1.8570	-0.7877	-2.3114
-0.8986	0.6484	2.2147	-1.1786	-0.7504	-0.1135	-0.1462	0.3136	0.4828	-0.4721	-1.0597	-0.4005	-1.2095	-0.6851	-0.0883	-1.0128	0.0902	1.7905	-0.6290	0.1747	1.0866	0.8047	0.2821	1.5722	-1.2791	-0.0321	0.7820	1.1723	-0.2983	0.3858	-1.1707	1.0806	-0.6115	-1.3208	-1.7662	1.2840	-1.2670	-0.5777	-0.7714	0.5172	-1.2641	0.8236	-0.8255	-0.3301	1.0479	1.3031	0.1490	0.4012	-0.8766
0.7278	0.5431	1.7014	0.1617	-0.9753	0.3611	0.5308	0.9820	-0.2299	0.7798	-1.3896	-1.0339	0.4575	-1.4971	-0.0500	0.5858	-0.7938	0.8748	-0.9246	-1.0161	-0.3138	0.0614	0.3445	1.4628	-1.2928	-0.5695	1.4027	0.7120	0.2047	1.3584	-2.0757	0.0347	-1.2792	-1.3536	-2.1820	2.0706	0.1804	-0.6973	-0.0909	0.2216	-1.1450	0.0865	-1.2260	0.3573	0.9678	0.3903	0.7932	-0.7036	-0.9719
1.7282	1.3931	-0.4846	-0.8142	-0.9000	-0.6910	0.9338	0.5481	0.7650	-0.6893	0.1968	-0.3535	1.1188	-1.8642	0.6453	1.6926	-1.2591	-0.2423	-0.5331	-0.7509	-1.0182	-0.0711	-0.0702	-0.3548	-0.8839	-2.3501	-0.2042	-0.0796	0.1697	0.7153	-1.7711	-0.0913	0.1001	-0.9094	-1.0507	0.7317	-0.1390	1.0909	-1.0666	0.4975	-0.3022	-1.0459	-0.8439	2.2845	0.2465	0.4784	-0.0240	-1.0661	0.7202
2.4006	0.7955	-0.5479	0.2453	-2.1169	-0.3034	1.3183	1.3249	1.1324	-0.6474	0.5267	-1.5259	1.5796	-1.7274	-1.1215	1.4778	-0.9571	-1.2207	0.5566	-0.8743	-0.8401	-0.1447	-1.6655	-1.1972	-0.3974	-1.1450	-0.3431	-1.3290	0.9409	0.3012	-1.2521	-2.0604	-0.3125	-1.2003	-0.0726	-0.5307	1.4315	0.4938	0.7714	0.3900	0.4002	-1.8754	-0.4883	2.5049	-1.1919	-0.0498	-0.1472	-1.1523	0.6050
2.5232	1.1300	-0.4635	-0.1640	-1.4670	-0.5564	0.4814	1.7168	1.6297	0.3802	1.3911	-1.0152	0.5111	-1.6594	-0.9169	1.5661	-2.0091	-1.7395	0.9364	-0.4545	-1.5905	-0.7815	-1.6969	-1.5941	-0.3528	-0.4299	-0.2239	-1.8282	1.0293	-0.5460	-0.5972	-2.0498	1.3179	0.2810	0.5322	-0.9354	1.3718	1.2944	0.9020	-0.1894	0.3485	-2.7671	-0.1102	2.0757	-1.6313	-1.2586	-1.0959	-2.2356	0.5068
2.4032	1.4400	0.1145	-0.8078	-0.9643	-0.0307	0.8741	0.7755	1.7256	0.0524	1.5741	-0.7418	-0.1738	-1.4961	-0.0903	1.1920	-0.8559	-1.1960	1.4510	-0.3622	-0.6014	0.9793	-0.8268	-0.4485	0.3161	1.0687	-0.8151	-1.3916	0.9371	-0.4167	-0.3824	-2.1182	0.3189	-0.5732	0.9403	-0.1248	1.1787	3.5304	2.7394	1.1987	1.0658	-1.9770	-0.8232	2.3207	-1.8251	-0.7871	-0.4855	-0.9733	1.2954
1.6716	3.0308	-0.7687	-0.1153	-0.0830	-0.0327	0.3887	0.9406	2.2087	0.2440	1.3476	-0.1775	0.1586	-0.8817	-1.0604	1.9023	-1.2409	-1.3985	0.8141	0.2310	-0.1245	0.1930	0.5611	-0.9017	0.0013	0.9450	-0.1481	-0.7501	1.4671	0.0158	-0.0391	-0.7635	1.7821	0.7155	0.6963	0.5629	1.6997	1.2968	1.2260	-0.0456	1.7222	-1.2656	-0.6638	1.4867	-0.0385	-0.2695	-2.4025	-0.8432	1.1761
-0.4366	0.3534	0.6033	1.3017	-0.1734	-0.2846	0.0686	-0.4936	2.0146	-0.1014	-0.0377	-0.7021	-0.7787	-0.9555	0.0778	2.3110	-0.6509	-0.1271	1.0427	-0.0556	0.7621	1.4542	-0.2882	-0.7287	0.2360	0.9399	0.1896	0.2101	0.4079	0.3412	0.3310	0.0680	1.4001	-0.4568	0.1571	1.1176	0.8093	1.3462	0.1840	0.4704	0.2308	0.1281	-0.6462	-0.6658	0.1306	-0.3390	0.1307	0.6895	1.4465
-1.4837	1.1240	-0.3835	1.3948	-0.1601	-0.8791	0.4925	0.6541	1.0780	-0.0917	0.3251	-0.6170	-0.4761	-1.7115	0.3291	2.0459	-1.2719	0.3393	-0.3331	0.5350	0.7924	0.6859	0.5918	-0.8246	-0.1170	0.2340	0.4046	-0.0914	-0.1390	0.2331	-0.3957	0.2465	1.6662	-0.6720	-0.4629	1.2512	0.4615	0.9723	-0.7591	-1.3736	0.0902	0.5238	0.3350	-0.3848	1.0978	0.4766	-0.0579	-0.0884	0.5068
-2.1059	-0.1514	-0.6723	1.0655	0.7414	-0.2111	0.1620	0.5553	0.0820	-0.6722	-0.7300	-1.6866	0.7517	-1.9462	1.0027	0.8829	-0.0332	1.4884	-1.2691	-0.5597	-0.0732	0.4903	0.1739	0.2493	0.4032	-0.0186	0.0901	0.7951	-1.4158	0.6938	-1.6457	0.5865	0.6621	-1.1980	-0.3252	1.2465	0.6533	0.6393	-0.0456	-0.9526	-0.3867	0.9568	0.7766	-0.9178	1.3261	0.9116	0.6005	0.6828	0.6520
-1.3340	0.8917	-1.7791	1.3471	1.3618	0.0996	-1.3118	0.5380	-2.1149	0.4036	0.4978	-1.7602	1.7774	-1.2976	-0.1538	-0.7826	-0.4383	1.4533	-2.4968	-0.3366	-0.9866	-0.2900	0.2279	0.0864	-0.1457	0.1817	0.0027	0.8125	-1.1596	0.6150	-2.0115	-0.6387	-0.6983	0.0344	-0.0802	0.6094	0.6927	-0.7248	1.1483	-1.7202	0.2821	1.0179	1.1296	-0.1972	1.1015	0.2475	-0.9405	0.4219	-0.3582
-1.3190	-0.5129	-0.1700	0.8570	1.7782	-0.6151	-0.4022	-0.5267	-1.3517	1.4378	-0.1303	-1.4314	1.3602	-0.6290	1.0855	-2.3203	0.2715	1.2645	-1.3706	-0.1628	-1.5223	-0.2784	0.2670	1.2784	0.4568	1.0020	0.6904	0.3823	-1.3524	-0.3379	-0.6650	0.0951	0.5523	0.0589	-0.0535	-0.0744	-0.3014	-0.2848	1.6311	0.1968	-1.6165	1.1738	-0.1937	-0.2319	0.2789	-0.2686	0.0265	1.2708	-0.4862
-1.6953	-0.9446	0.7566	1.3569	0.0329	0.1999	-0.6981	-1.5602	-1.3631	0.1503	0.1762	-0.5029	1.9928	-0.2242	-1.1487	-1.2973	0.3837	0.5331	-0.5502	-0.0691	-0.6899	-0.5066	-0.8748	0.0161	0.5182	-0.7093	1.5520	-0.5767	-0.0074	-0.5187	0.3365	-0.8546	-0.0489	0.0525	-0.1597	-0.6384	0.1563	-0.7217	0.0954	-0.7964	-0.6192	1.6396	-0.4689	-0.6845	0.5927	-1.4937	-1.4177	-0.3064	-1.9804
-1.8445	-0.6969	1.0528	0.8052	0.1366	-0.4476	-1.0912	-1.5086	-0.2295	-1.4779	-0.8495	0.1112	0.6650	0.3074	-1.0603	-1.3847	1.1785	-0.2858	0.6634	0.7845	-0.4176	-0.6792	-0.8821	-0.4007	0.6125	0.0009	1.3892	-0.8045	-0.4485	-2.3924	1.1341	0.1974	0.7261	0.6576	0.5192	-0.8232	-0.4277	-0.9321	-1.4003	-1.0697	-1.8763	1.3099	0.0141	-1.0735	-0.0228	-0.4071	-0.4880	-0.0800	-1.5461
-2.1387	-0.7489	0.0026	0.6074	-0.9831	1.2701	0.1659	-1.3848	-0.3067	-2.0001	-1.3834	0.6319	1.1031	0.5331	-1.8534	-1.2106	1.4487	-0.2606	0.2888	0.4204	0.2848	0.1134	-0.6763	-0.9222	0.7319	-1.1303	0.2958	-1.2187	-0.6614	-1.9120	1.2365	-0.0454	0.0813	-0.2008	0.2697	-0.5395	-0.1870	-0.7073	-0.5034	-0.9497	-0.6213	0.7042	0.2796	-1.0583	-0.1233	-0.8795	-0.9593	-1.1334	-1.5311
-0.3713	0.1160	-0.0255	0.0704	-0.4614	1.6627	1.8707	-1.4860	0.3743	-0.4100	-1.7055	0.6321	-0.0616	0.0926	-0.0679	-1.7239	0.8007	1.1891	-0.3711	1.4900	0.0012	-0.3029	-0.7339	-0.9424	0.9910	-0.5746	-0.1495	-0.0660	-1.6177	-0.5832	0.8097	-0.0327	-0.2032	0.4813	0.4223	-0.1165	-0.3945	0.5925	-0.9154	-0.1569	-0.4523	0.3693	1.7305	-1.3042	0.0527	0.8698	0.2296	-0.2332	0.1579
-0.7423	1.8937	1.1823	1.3110	1.6123	2.0938	-0.2823	-1.6085	0.0301	1.3661	0.4543	-0.2892	1.3810	0.7160	1.0540	-1.0701	1.4224	0.6968	-1.4974	0.8218	0.0212	0.0766	0.7521	0.3570	0.4293	2.6142	1.3675	0.5450	-1.3646	-0.2091	-0.0087	0.5836	-0.4217	-0.0126	-0.2782	0.2603	-1.1439	-0.1232	-0.3444	0.2958	0.6157	0.8483	0.4578	-0.5642	1.9525	1.0360	1.3286	0.2036	-0.0145
-0.9753	1.1318	1.9799	1.1729	0.5753	1.4795	0.9269	-1.0302	0.0095	2.4636	1.5849	0.8729	1.5797	0.9859	1.0332	-1.5910	1.7439	0.8652	-0.4856	1.0720	-0.5479	1.5241	-0.1611	1.5848	-0.2035	1.5418	1.1886	0.1226	-0.7780	-0.3557	0.2691	-0.3104	0.9875	0.7727	0.2989	-0.0326	0.6409	0.4702	0.7470	0.9856	0.6656	0.4291	1.0563	-0.9009	0.3240	0.8248	2.9480	1.0835	0.3073
-1.0373	0.1073	1.2888	-0.5865	0.1558	0.2232	0.1517	0.2614	-0.0842	0.4555	0.4372	1.2682	0.9397	0.4508	0.0513	-2.0694	1.4926	0.1414	-0.3346	0.4110	0.1879	0.5482	0.4110	0.2768	0.1159	-0.8537	0.1215	-1.1290	-1.1427	0.0944	-0.3338	1.1767	1.0000	-0.8878	0.1710	-0.9322	1.2604	-0.5355	-2.0671	0.1379	-0.0981	0.9534	-0.0212	-1.0163	-0.1441	0.8598	0.5551	0.1666	0.6091
-0.0147	0.0934	-0.3123	1.3649	0.0329	1.6173	0.0228	0.1541	-0.9082	-1.3422	-0.5189	0.9311	0.9908	0.3800	-0.7966	-2.1416	1.1911	-0.1943	0.2875	0.6398	-1.3520	-0.3893	1.2007	1.5600	0.2935	0.2476	0.5123	-1.1493	-1.4817	-0.8081	-0.0652	1.2404	-1.4266	0.1328	0.1018	-1.0485	0.0215	-2.6645	-1.0510	-0.6149	-0.2156	0.2714	-0.0959	-1.4717	-1.7503	0.0891	-0.4025	-1.1165	0.0748
-0.7129	0.0472	-0.6312	0.4901	0.6229	1.1715	-0.6889	-0.0748	-0.5709	-1.2645	-0.0455	1.1907	-0.2491	0.4993	-0.5493	-2.1141	1.0767	-0.5731	0.5152	1.8389	-1.5554	-0.3003	1.3425	-0.7947	0.6096	-0.6358	-0.9295	-0.3464	-0.9343	-1.1436	0.2495	1.9690	-1.1464	1.0397	0.3556	-1.0194	-1.5514	-0.5118	-1.8561	-0.2022	-0.5852	0.5594	-0.3165	-0.5149	-1.4958	-0.0968	-1.1955	-1.2241	-0.3752
-0.0550	-0.5935	0.4275	0.7435	0.9995	1.9446	-0.9721	-0.0033	-0.6926	-0.7890	-0.3826	0.1585	0.2856	1.0113	0.3695	-1.6401	1.6953	-0.5366	0.2397	2.1803	-0.9375	0.1593	0.8878	-1.4125	0.8258	0.0622	0.4912	0.9118	-0.5712	-1.4008	0.1964	0.9586	-1.4942	1.5169	0.5875	0.5020	-1.7026	-1.4965	-1.1271	-0.3643	-0.5557	1.0259	-0.6137	-0.1570	0.5098	-1.1028	-0.0486	-1.0325	-0.7916
0.6880	2.0983	0.1138	0.6081	1.4228	0.6742	0.4472	0.1454	-0.3119	-0.0079	0.4083	0.9641	0.2742	0.9185	1.4560	-1.3618	0.8639	0.4113	-0.1872	1.5761	-0.3798	0.7168	2.4531	0.6272	1.1999	1.0122	0.8764	0.6980	-0.9049	-2.0944	0.3230	0.9206	-0.0575	2.0156	0.3059	0.9106	-2.1231	0.9493	0.1001	-0.3187	0.4186	0.8621	0.9435	1.0491	0.3257	0.2900	0.2549	-0.4148	-0.3612
0.4805	1.3359	1.6202	1.6053	1.3208	-0.1440	0.7616	-1.2401	0.6526	0.8790	-0.2901	0.2459	0.4872	0.4140	1.6790	-1.3141	1.0920	0.5964	0.3874	0.4674	0.8898	1.6148	1.1775	1.1777	1.6720	2.2774	0.4877	0.3434	0.1920	-0.8291	0.5488	0.8167	0.6529	-0.0480	0.1953	0.4396	-0.6605	0.4056	-0.0466	0.9645	1.1620	0.9487	0.1991	1.8654	0.4046	0.8233	1.0765	1.1105	0.1377
0.2083	0.1528	0.9565	1.5261	0.2951	-0.0122	1.2542	-0.8466	0.8215	0.3915	-0.6464	1.3216	0.6787	0.9263	0.8027	-0.7520	0.1065	0.5083	0.9241	0.1716	1.6828	1.8901	-0.9066	1.2175	1.4831	0.0182	0.1191	-0.3464	1.1775	-0.6413	1.1624	-0.7049	1.9620	-0.8742	0.9240	-0.6066	0.0307	0.6090	0.6981	1.0245	1.7791	-0.2893	1.0083	0.9015	-0.2619	0.6650	0.0102	1.0448	-0.2965
1.1529	0.7489	-0.2313	0.5131	0.4518	-1.4169	-0.8414	0.5331	1.8489	-0.0320	-0.2972	1.4765	-1.0350	1.9260	0.9387	-1.3377	-0.1013	-0.4907	1.3905	0.7344	2.1674	1.2728	-2.1039	-0.2740	0.5408	-0.3162	0.2859	-0.7061	1.8458	0.2344	1.1543	-0.2212	2.4608	-0.0758	1.5080	-1.6016	1.7633	-0.1733	-0.5036	1.0044	2.5160	-0.3120	2.2753	0.2599	-0.6800	3.6948	1.0721	3.1535	1.1573
0.7569	-0.1068	-0.6259	0.9366	-0.4054	0.8761	0.3169	0.8885	1.7233	0.7202	-2.3218	1.5801	-1.3874	1.1473	-0.0733	-0.5986	-0.5304	0.3637	1.2879	0.0388	2.5629	2.1730	-0.6477	1.2322	0.0579	-0.5228	-0.1098	-0.8242	1.7376	-0.1405	1.0061	-1.2384	0.0653	-0.5182	1.4110	-1.0874	0.2057	-0.9401	0.2076	0.5168	0.8093	0.2209	1.1946	0.7009	-0.0873	1.4829	1.5990	1.5538	0.8292
0.7438	0.4446	-1.0315	0.7590	-1.0186	1.2215	-0.0210	-0.3152	2.7395	0.0788	-0.3212	1.7709	-1.3233	0.2700	0.6503	0.0115	-0.6224	0.4847	0.8795	0.3578	2.7717	1.2508	0.0431	-0.3167	0.2112	-1.6197	-0.4497	0.6799	1.0365	1.6119	1.1721	-0.2625	0.3121	0.0999	0.3327	-0.4217	-0.1329	-0.1091	-0.8791	1.1470	0.2637	-0.3635	0.5199	0.6644	0.9647	1.0228	1.2006	0.9069	0.4331
1.4120	-1.1329	-0.0485	1.0993	-1.6588	1.0358	0.7918	-0.7383	1.6373	-0.0599	0.3992	1.6762	-1.0262	0.6259	-0.1860	0.3370	-0.2501	-0.1132	1.5335	-0.4121	2.6193	1.3300	-0.5759	-0.4448	-0.2984	-0.9220	-0.1273	1.5492	0.4916	1.2610	1.8394	-1.6968	-1.1302	0.6298	-0.4998	0.3787	-0.7833	0.0385	0.7070	2.1276	-0.2602	-0.3519	0.0690	-0.5782	0.5313	0.0919	1.4039	1.2080	0.7417
1.7347	0.0228	-0.3531	0.6994	-2.0239	-0.4889	-0.7962	-0.0308	0.8580	0.2712	1.2119	2.2339	-0.9938	0.0750	-0.7780	0.1679	-0.9181	-1.2312	0.8905	-1.0260	1.4912	0.5216	-0.2168	-0.0716	-0.5635	-1.2393	1.0961	1.1636	0.6644	1.7834	2.1102	-1.9465	-0.2762	1.9274	-1.3899	0.7328	-0.0866	0.5556	0.1187	0.6671	1.2068	-1.2534	1.0286	0.4195	1.0842	-0.2177	-0.1608	-0.2341	0.3968
1.5213	-2.1677	-0.4462	-0.3593	-1.6707	-0.6659	-0.0430	-1.4967	0.5508	0.2243	-0.2231	0.7464	-0.7341	0.0150	0.4388	-0.0626	0.2799	0.0173	0.7429	-1.0647	0.6739	1.1370	-0.1034	1.3527	-0.3387	-1.4507	0.4206	1.7430	0.9462	1.8941	1.3786	-0.3639	-1.0332	0.9756	-0.9189	0.7383	-0.1151	1.9468	0.8572	1.9477	0.2932	-1.0147	0.7531	0.5644	-0.0354	-0.4117	1.4246	1.4211	0.5478
0.8079	-1.1365	-0.0829	-0.5974	-1.1145	0.1303	-0.2059	-1.6410	-0.1746	0.5620	1.2715	-0.6237	-1.2677	0.5089	-0.7483	0.7900	0.5003	0.2579	-0.4384	0.7043	0.7935	0.8024	-0.4494	0.4553	-0.7798	-1.0334	0.6401	1.3327	1.8368	1.3368	-0.1933	-0.3693	-0.9596	1.2313	0.1147	0.5916	1.1314	-0.2124	0.1561	0.0916	0.3906	-0.2694	0.3859	0.5365	0.4781	-1.4263	-0.9872	0.8688	-0.2977
-0.2778	-1.0916	0.4301	-0.9767	-0.0352	-0.7411	-0.2133	-2.0586	-0.0807	-0.0152	-0.0464	-1.0510	-1.5534	0.7743	0.2416	1.2652	0.6021	1.3214	-0.4824	1.0489	0.1899	0.6333	-0.0437	0.6387	0.3847	-0.3641	0.7377	1.1366	0.6060	0.0343	-0.7009	0.9534	-0.3187	0.4733	0.7188	0.3050	0.5168	-1.1793	-1.2174	-0.5957	-1.6699	0.2580	-0.3739	-0.6259	1.0691	-0.1427	0.5950	1.0610	0.2276
-0.5204	-0.9727	-0.1988	-0.7650	0.2218	-0.7058	0.5740	-1.3472	-1.4549	-0.8356	0.1082	-0.8507	-1.1660	0.0335	-0.4622	1.4358	-0.1713	1.3123	-1.1704	1.0362	0.0533	-0.0019	-0.1442	-0.4837	0.3551	-0.3382	-0.3182	0.8376	0.1380	0.2500	-0.9463	-0.3634	-1.0824	-0.3192	0.2528	0.2349	0.4933	-0.9718	-1.2061	-1.8682	-0.4499	0.3519	-0.8642	-0.9911	0.8591	-1.0929	-0.7837	0.4384	-0.6739
-1.0249	-0.9562	0.0398	-2.1182	0.8288	-2.0955	0.0969	-0.9642	-1.0756	0.1002	-0.0458	-1.2528	-2.3610	-0.3951	1.2853	0.9526	0.3411	1.9219	-1.0611	0.2290	-0.7909	-0.7574	0.2010	-0.1605	0.5298	0.5017	-0.2424	0.7697	-0.4676	-0.8314	-1.4266	1.1591	-0.1956	-0.1666	-0.1216	1.1777	-0.3388	-0.8250	-1.1680	-1.4957	-0.9086	-0.0033	-0.8403	-0.5042	0.7886	0.0426	-0.4948	1.0041	-0.1578
-2.1390	-0.9239	-0.1315	-1.3228	0.8502	-0.4879	0.5234	0.0897	-1.3877	0.3976	0.2028	-1.0214	-1.3687	-0.2231	1.2932	1.4429	0.9446	1.3878	-1.1664	-1.0045	-0.8716	-0.2363	0.6269	0.1842	0.4945	0.4029	-0.1907	-0.0897	-0.6934	-0.9618	-1.9588	0.9637	-0.1403	-1.5802	-0.6587	1.3509	-0.1802	-0.4393	1.3395	-0.4555	-0.2752	0.4376	-1.2054	-0.1470	0.6284	-0.3289	-1.4552	0.6731	-1.1460
-1.1635	1.0472	0.2581	-0.8091	0.5697	-1.2988	-1.0207	0.2565	-1.3914	-0.4941	1.1191	-0.4476	-2.7167	0.6382	1.7144	-0.0887	1.3718	-0.3648	-0.8259	-1.0601	-0.9393	-1.1747	0.8448	-0.0659	0.4655	1.5407	-0.1209	-1.1106	-0.8317	-0.9322	-1.3279	1.1293	0.4447	-1.2278	-0.7506	1.5271	0.7496	0.3847	0.7226	-0.2760	1.0349	1.0148	-1.4872	0.1871	0.5437	2.1560	-0.1185	0.5247	-0.8550
-0.8923	0.5273	0.0413	0.4591	-0.1732	0.9702	0.3236	-0.3024	-1.7644	-0.1328	-0.4571	-0.3668	-1.9515	1.1482	-0.7273	-0.0795	1.8127	-1.3592	-0.5615	-0.8276	-0.7427	-1.1088	0.3494	-0.0659	0.3690	1.0682	-0.1540	-1.1475	-1.1657	-0.8015	-0.5729	0.0518	-0.5791	-0.9320	-0.6891	1.3002	0.2916	0.0683	0.7381	-0.2518	0.8957	0.5446	-1.3071	-0.3950	0.5409	0.2125	-1.2198	-1.8892	-1.1435
0.5956	0.6387	0.1326	-0.2646	0.9187	0.0040	-0.1744	0.9476	-0.4165	-1.0227	1.6685	0.8321	-1.8798	1.0217	0.5343	-0.7405	1.1384	-1.8965	0.7124	0.1643	-0.9270	-1.3185	-0.6178	0.0041	-0.2358	1.2841	-0.9775	-0.0938	-0.9345	-0.3550	0.6401	0.5660	1.0104	1.1244	-1.1310	0.9080	-0.4011	0.6698	0.7224	0.6771	-0.2436	-0.1833	0.0505	-0.0524	-1.6158	0.9424	-1.3775	-1.2712	-0.2716
1.2463	0.7276	0.0256	0.4169	-0.2062	-0.5499	-1.8117	1.1775	0.1668	-0.2159	1.2180	-0.0117	-0.0872	0.7235	-0.1175	-0.2882	0.2741	-2.0268	1.0432	-0.5869	-0.4342	-0.6920	-0.0549	0.2805	-1.0779	1.6746	-0.6384	-0.4352	0.3241	1.1838	0.4198	-1.2021	0.0982	-1.1240	-0.4714	0.9303	1.0529	-0.3077	0.2940	-0.0282	-0.7931	-0.8132	-1.3842	0.6236	-1.3025	-0.1166	-1.1105	-2.1188	-0.6482
2.2591	1.2484	-0.0508	0.2797	-0.3734	-0.2531	0.3172	2.1801	1.2199	-0.6349	-0.7712	-0.3194	0.2062	0.6750	0.7972	0.1433	-0.8256	-1.2026	1.1836	-1.3586	0.3768	-0.9757	-0.8086	-0.7805	-1.6507	-1.8575	-1.5382	-0.1033	0.9810	1.8105	1.1298	-1.6643	1.6007	-0.3729	0.9747	-0.8853	-0.0563	1.0959	-0.4763	1.3606	-0.8555	-1.5823	-0.0511	1.3585	-1.0877	1.1882	-0.2845	-0.2649	0.7814
1.5215	0.3517	0.9007	0.0055	0.4339	0.1662	-2.1950	2.4105	1.2510	-0.3827	2.1776	-0.5997	0.1742	0.9726	1.1624	0.4889	-0.9415	-0.7074	0.4264	-0.9585	0.9314	-1.1952	-0.5016	0.7862	-1.4178	1.0377	0.1670	-0.4762	2.3392	0.2992	0.9292	-1.4288	1.2913	1.2588	1.1019	-1.5478	0.1545	-0.2097	0.1035	1.3818	-0.4306	-2.2270	0.2173	1.8904	-1.0479	0.8173	0.5192	-0.2219	0.6729
1.5376	0.2728	1.5558	-0.5642	-0.6239	0.4331	0.3057	2.6910	0.9505	0.5613	1.3525	-0.8013	0.2520	-0.0325	0.0660	0.3668	-0.5438	0.6182	0.0006	-1.5209	1.2140	0.1182	-0.3801	1.7771	-0.9472	-0.0213	0.7409	-0.5217	2.6820	1.0152	-0.2489	-1.8509	0.3113	1.4275	0.7883	-0.4750	2.5151	-0.2700	0.7655	0.7044	-0.1295	-1.6789	0.3676	0.6941	-0.6277	0.3000	0.5347	0.3109	0.0647
-0.2359	-1.7040	-0.3811	-1.1568	0.7464	0.5885	0.1297	1.1183	0.7351	-0.1617	0.8072	-0.9227	0.2647	-1.7332	-0.3775	0.7241	-1.1173	1.5172	-1.3836	-2.3028	1.2158	-0.4030	0.1677	0.4672	-1.0950	-1.6463	-0.3854	0.3683	0.4044	0.2171	-1.2859	0.4690	-0.0729	0.5365	-0.3197	-0.3635	0.3486	-0.8329	-0.5443	0.2261	-1.0480	-1.7299	1.1733	-1.1914	0.4813	0.6356	-0.4981	1.0266	0.4751
-0.5786	-1.7481	-1.1186	-0.7361	0.0233	-0.7760	-0.0365	0.7826	-1.4532	0.1021	0.0227	-2.8015	0.7651	-2.0590	-1.3673	0.8552	-0.7212	1.0115	-2.2962	-2.2338	0.1281	-1.3768	0.9265	-0.0518	-0.1729	-1.6566	-0.7090	0.4464	-0.2824	0.3501	-2.0037	0.2922	-1.8680	-1.1777	-1.5608	0.8905	-0.5906	-1.9033	-0.0720	-1.2215	-1.4008	0.0642	-0.6024	-2.0417	1.7617	-0.5869	0.0561	-0.0858	0.1280
-0.7275	-0.7229	-1.8311	-1.6356	1.1900	-1.5311	0.1727	1.0139	-2.2345	0.0988	-0.3595	-1.8989	0.8083	-2.6093	0.1991	0.5903	-1.6721	0.3399	-2.9815	-1.7084	-2.1130	-2.5661	1.0957	-1.3020	0.5289	-1.5915	-0.3582	0.8798	-1.8390	-0.0421	-1.9070	1.6837	-0.9951	0.8376	-1.2809	1.3714	-1.2244	-0.3591	0.2264	-1.2493	-0.5854	0.4637	-0.8148	-1.0702	1.8341	-0.4566	-0.9426	-0.7880	-0.1997
-0.4936	-1.5159	-0.7604	-1.1716	0.7935	-0.8496	-0.1732	0.3149	-2.6737	0.2983	-1.5525	-2.3974	0.5942	-2.2168	-0.1181	0.7712	-1.5077	0.1902	-2.1439	-0.6257	-2.7920	-2.7082	0.7556	-1.3831	0.8499	-0.6745	1.0679	0.7856	-1.6714	0.5903	-1.9366	1.5796	-1.3625	-0.1052	-0.1750	1.9302	-1.5726	-0.4704	1.1264	-1.6374	0.1051	1.8643	-1.5391	-0.7150	1.6621	-1.1537	0.3017	-1.2092	-1.0836
0.0542	-0.1000	-1.7227	-1.6167	0.7948	-0.7063	0.8269	0.5938	-2.5877	-0.0536	-0.8313	-1.3810	-0.1272	-1.4129	-0.2375	0.8947	-2.3906	0.5119	-1.2276	0.7186	-2.3933	-1.9879	1.0334	-0.5037	0.2087	0.0402	0.7212	1.0777	-0.7438	-0.1754	-1.1156	1.0298	-0.7559	1.2324	0.3271	0.4907	-2.1004	-0.4767	1.9569	-2.3447	-0.1469	1.9864	-0.1854	-0.5563	0.7075	-1.1568	0.1597	-0.9046	-1.3408
0.0591	0.2522	-1.9325	-0.8471	0.2475	-0.2376	0.7793	0.7153	-0.6935	0.3349	-0.1032	0.0241	0.2094	-0.8545	0.1100	1.5323	-1.6875	-1.0178	-0.5365	0.8557	-2.0946	-1.7436	1.5390	0.4398	0.3341	1.2586	0.3935	0.3563	-0.4367	0.3480	-0.1459	1.3000	-0.1634	0.5767	-0.2264	-0.6580	-1.6400	0.1177	-0.1858	-1.3769	-0.5608	-0.0987	0.0227	0.3103	0.3844	-0.7743	0.6084	-1.2222	-0.2939
0.0495	0.2709	-1.3400	0.2298	0.2780	-0.5747	0.8172	0.8277	-0.1428	0.3140	0.1989	1.1166	0.5022	0.1071	-0.1248	0.8378	-0.7606	-1.4176	0.8942	0.1024	-0.8397	0.4447	0.3722	0.9748	0.0016	1.1935	-0.8263	-0.4914	-0.1281	0.1372	0.8299	0.0031	0.3439	0.8432	0.4539	-1.2249	0.6454	1.3116	0.6964	0.0836	-0.3173	0.0793	0.6228	-0.4349	-1.2680	-0.8543	1.6508	0.5121	0.5570
-0.9400	-0.5623	-0.4898	-0.7127	-0.1837	-1.7117	-0.6711	0.2425	0.2996	-1.0610	-0.6653	1.2005	0.4671	-0.1646	-1.3860	-0.2801	0.0502	-1.8728	0.6092	-0.3337	1.1712	0.2974	0.0740	-0.6357	0.4219	-0.1979	-2.1943	-1.3512	-0.1715	0.1094	0.9087	0.5249	0.2480	-1.6487	0.1988	-1.2641	0.9098	1.7244	-1.0021	0.1221	-0.3280	1.1013	0.3534	-0.3210	-0.8313	-0.7453	-0.4500	0.6998	0.8287
-1.1489	-1.4388	-0.4190	-0.2865	-0.2233	-1.0219	0.0001	-1.1832	-0.1517	-0.2771	-1.6810	-0.2964	1.1825	-0.9950	-1.2151	-0.3128	-0.4440	-1.2546	0.3059	0.6162	0.5884	-0.0522	0.2385	0.0668	0.3225	0.8411	-1.5045	-0.5519	-0.3397	-0.3541	0.9543	0.0526	-0.9370	-2.1131	0.1983	-0.0106	-0.1904	-0.3259	0.4509	-0.5089	-1.0406	0.8176	0.1403	-0.6501	-0.4713	-0.7101	0.1425	0.4336	0.0647
-1.6357	-0.1419	-0.5313	-0.4493	0.4024	-0.6642	-0.0317	-0.3751	0.0506	-0.3047	0.2446	0.4673	1.0660	-1.0001	0.7092	-0.3035	-0.4567	-0.7293	-0.3531	1.4936	-1.0391	-0.4818	1.4713	-1.2231	0.4081	0.4051	-0.4113	0.6103	-1.6529	-0.2715	0.0759	1.3032	-0.6658	0.7771	0.2054	1.1271	-0.7548	0.7210	0.5799	-0.2985	0.0829	0.5218	1.1321	-0.5935	0.2363	0.7025	0.5029	0.3819	-0.3771
-0.6982	-0.7726	1.4126	1.2275	0.3675	0.3095	0.5261	-1.4795	-0.5748	0.5395	-0.0504	0.6796	1.3865	-0.6749	1.2285	-0.0627	0.9744	0.3054	-0.4330	0.8271	-0.4529	0.7033	1.9470	-0.8936	1.5414	0.5198	0.4188	0.7377	-1.9040	1.2483	-0.8584	0.8794	-1.0505	0.5680	0.4384	1.6248	-0.3722	0.9632	-0.0630	-0.1205	0.9640	0.7787	0.6972	-0.7179	0.9148	-0.8765	0.9421	-0.6080	-0.1044
-0.2399	-0.1188	1.0695	1.6044	1.0891	0.7269	0.5712	-1.3724	-1.7402	0.9584	0.7908	0.9986	1.2778	-0.1464	0.5467	0.0272	0.5209	0.9152	-0.3779	0.4878	-0.9805	-0.0748	0.5896	-0.1310	0.7738	0.5732	0.6569	1.3558	-2.0183	0.8387	-0.6444	0.0698	-0.6663	1.0114	0.4027	1.1038	0.4689	-0.0849	0.1024	-0.6435	0.9633	0.3817	1.6147	-1.4769	0.7596	-1.1314	-0.5806	-1.3488	-0.4344
-0.6596	-0.3380	0.5237	0.8882	0.5566	-0.3931	0.6378	-1.3342	-0.7821	1.7771	0.3480	0.8325	0.5893	-0.3524	0.0851	0.1861	0.3777	0.5907	0.2364	-0.3517	-1.3073	-0.5019	0.6652	0.3454	0.8035	1.4604	0.2927	0.7642	-1.4114	0.5366	-0.1609	0.9426	-0.4571	-0.6891	0.4762	0.9308	0.4018	-1.0993	-1.0608	0.1058	-0.1302	0.4179	0.7492	-0.9836	0.6089	0.3127	-0.8584	-1.4928	-0.1758
-1.8756	-0.9629	-1.0907	0.8858	-0.1468	-0.5650	1.6819	-0.2971	-0.7666	0.5677	-0.9237	0.9612	0.0787	-0.4315	-0.6353	1.3224	-1.2850	0.4754	0.3129	-1.3430	-1.2793	-0.0898	0.6395	-0.3394	-0.0163	-0.9671	-0.3060	0.6782	-0.6777	0.1384	0.0920	0.3693	-0.8513	-0.8110	0.3559	0.0331	-0.7398	-1.3001	0.5899	0.3407	0.0863	0.6123	0.8736	-1.6079	0.1678	0.0902	-0.1915	0.2202	-0.4913
-0.9365	-0.6478	-0.6326	-0.2022	-0.9182	-0.2242	0.9966	1.7136	0.0006	0.8494	-1.2262	1.2904	-0.4774	-0.6651	-0.3878	1.2472	-1.4354	0.6470	0.4305	-0.6678	-0.6600	-0.2630	0.2073	0.0881	-0.8048	-1.2237	-1.1545	0.3760	-0.1414	1.1515	0.4783	0.5090	-0.0226	-0.3951	-0.5888	-1.3942	-1.4206	-0.1951	-0.7797	1.4592	-0.9907	1.2233	0.6651	-0.7793	-0.8043	0.9796	1.4050	1.0013	0.5139
-0.1442	-1.3571	-0.1122	-0.4844	-0.9937	0.8057	-0.0610	-0.0344	-0.1491	0.8294	-1.7257	0.7961	0.4463	0.7150	-0.6415	0.7263	-1.0092	0.2568	1.0020	0.0876	-0.4708	-0.5629	-1.4101	-0.1070	-1.7207	-0.5509	-0.0423	0.7767	0.2233	0.4122	1.2583	0.1256	0.0548	0.6583	-0.0681	-0.6820	-1.2388	-2.1701	0.2513	1.3546	-1.8053	1.6232	-0.3701	-1.1561	-0.8277	1.8848	2.4753	1.7102	0.9405
-1.1219	0.5191	-0.7708	-0.1323	-0.8601	-0.0761	-2.9564	-0.5283	0.1205	0.7282	-0.5246	1.3598	0.9864	1.5265	-1.5344	-0.0339	-0.7172	-0.1864	0.8325	1.4172	0.4120	-0.2471	-0.1510	-0.6686	-1.3031	-0.8662	-0.0987	-0.0921	0.1891	-0.1292	1.4755	0.1375	0.3510	-0.5009	0.0552	-0.4852	-0.7992	-1.2745	-1.0445	-1.0872	0.0230	0.9095	0.1527	-1.0504	-0.0727	0.4831	0.1363	0.2210	-0.3606
-0.9266	0.6949	1.3017	0.3893	0.0021	0.5838	-3.1123	-0.2276	0.2113	-1.0604	0.4034	1.0093	-0.5131	0.9962	0.1446	-0.3117	0.0387	0.7972	1.4076	2.5458	1.0261	1.1890	-1.0475	0.2085	0.4656	0.5304	-0.4451	-0.0319	0.0632	-1.0615	1.2713	0.4294	0.9185	-0.8425	0.1652	-0.9163	-2.0055	-1.0363	0.2875	-1.7542	0.2868	0.6778	-0.2066	-0.7414	-0.2979	-1.0415	0.3129	0.1060	0.3058
-0.0769	1.4033	1.7848	0.7125	0.2505	1.0278	-1.9505	-0.1980	0.3892	1.5324	2.1792	1.2695	-0.1113	1.0044	-0.2901	0.4506	0.6261	0.8165	1.3412	2.1404	1.4070	1.8497	-1.5288	0.3335	0.5397	1.1919	-0.1944	0.0699	0.3942	0.0712	1.4426	0.4197	1.6386	0.0556	0.3957	-1.4129	0.5568	0.3112	0.1243	-0.7321	2.1910	0.5806	0.5440	-0.0611	-0.4327	-0.6768	-0.3432	0.5708	0.4389
-0.5399	-0.5532	2.0211	0.6760	-0.9412	1.1372	-0.2713	-1.4719	1.0146	1.4349	0.9182	1.2091	0.2652	1.3185	-1.4426	0.5537	0.7061	0.5410	0.9355	-0.3671	1.3215	1.9794	-0.3675	1.5542	-1.1408	-0.6409	0.0334	0.2297	0.2412	-0.1087	1.0748	-0.1086	1.3555	-0.3501	0.3524	-1.5391	1.6790	1.6561	-1.4604	0.8678	0.2729	-0.5120	0.6049	0.6843	-1.1066	-0.7722	-0.1363	0.8715	-0.1884
-0.0946	0.0940	-0.0983	-0.2795	-0.4736	1.2036	-0.8671	-1.5046	0.8028	-1.0169	0.8409	1.0543	0.7688	1.2900	-1.0065	-0.4463	-0.0958	-0.5227	-0.2894	-0.1702	0.1787	-0.2866	1.9042	-0.0986	-2.2557	0.2196	-0.3652	-0.5306	-0.3609	-0.9700	0.7157	0.9346	0.6000	-0.4228	-0.2997	-1.9727	0.4669	-1.5149	-2.0564	0.2251	-0.6549	-1.2785	0.0568	1.7694	-1.1527	-0.6465	-0.8445	0.1816	-0.2962
-0.0945	-1.2963	0.2904	0.8156	-0.3881	1.0768	-0.3313	-0.9145	0.1421	-2.2973	0.1019	-1.1416	0.6059	1.7639	-0.5476	-0.3345	1.1080	0.4329	-0.1306	0.7474	0.3624	-0.2368	0.4036	-1.1728	-1.2402	0.2481	-0.1741	-0.5219	-0.1845	-0.5396	0.3706	0.2065	-0.7074	-1.6351	-0.5650	-1.2252	-1.5520	-0.6567	-0.5817	0.4448	-1.4222	-1.2681	-1.5141	1.4996	-1.7428	-1.6109	-0.1560	0.2945	0.0993
0.1487	1.2569	-0.3583	-0.1936	-0.5159	0.1800	-0.3140	-0.0859	-0.1998	-2.4681	1.2102	-1.8073	-0.0302	2.0268	-0.4290	-0.5040	0.8206	0.3530	-0.5685	0.4186	-0.0679	-0.2915	-1.2194	-0.9467	-1.5271	0.2021	1.0237	-0.5900	0.2688	-0.8121	-0.1183	-1.1516	-0.4452	0.0615	-1.0281	-1.2549	0.8709	0.1226	0.6326	-0.7479	1.4004	-1.2586	-1.1413	2.0139	-0.6476	-1.0482	-1.4942	0.0495	-0.3328
0.0675	0.9281	0.0391	-1.2302	0.5665	-0.0181	0.8347	-1.0160	0.3435	-0.9802	-0.4709	-1.8642	-0.0948	1.1211	1.1434	-0.5766	1.5342	0.6708	-0.5075	-0.0596	0.0811	0.7019	-0.7728	-0.2306	-0.7015	1.8073	1.3666	-0.9053	-0.0301	-1.2625	-0.4398	-0.6041	0.3384	-0.6697	-1.0318	-1.1817	0.9518	1.2976	0.2979	0.4011	0.3663	-1.2929	-0.9355	2.6002	-0.7546	-0.3307	-0.5865	0.1770	1.0430
-0.4525	1.5165	-0.3522	0.0268	0.5720	1.0308	1.2577	-1.3020	0.3478	-0.5872	-0.2841	-1.6998	0.6399	0.1222	0.4211	0.3843	1.2436	-0.0389	-0.6359	-0.4721	0.2253	0.1322	-1.4329	-0.8392	-1.1781	0.3298	1.4946	-1.4781	0.4919	-0.5427	-1.3132	-0.8568	0.5992	-0.8901	-1.6795	-1.4820	1.3440	0.1861	0.4119	-0.1032	1.5336	-2.2458	-1.1867	2.2602	-1.0446	-0.6494	-2.0055	-1.2589	1.0041
0.4689	1.6340	-0.3190	0.0955	1.6136	0.0441	1.2110	0.0022	0.4288	-1.0233	0.7341	-0.7707	0.0031	-0.8915	1.0169	-0.1033	1.5338	-0.1741	-0.8417	0.4244	0.3400	0.4501	-1.1133	0.4572	-0.3656	0.2919	-0.2454	-1.4519	0.2500	-0.7955	-1.1973	-0.4138	1.5303	-0.5575	-2.0631	-1.1846	0.2986	1.8731	-0.4055	0.4201	-0.2635	-2.5176	-0.6411	1.5601	-1.4430	-0.6338	-0.7341	-0.9784	2.2173
1.2251	1.0772	-0.2611	-0.4701	1.0414	0.2616	0.8347	-0.4945	0.0563	-0.1868	-0.6120	-1.0630	0.5597	-1.2542	-0.9798	-0.0194	0.6634	-0.5495	-0.3405	0.2701	0.5698	0.4975	-1.5917	-1.4427	-1.1459	0.1074	-0.2435	-1.1653	0.7906	-0.3714	-0.4533	-0.7414	0.8217	-0.6656	-2.0483	-0.3693	1.4292	-0.2348	-0.1298	0.0849	0.4730	-1.0023	-0.8671	1.6299	-0.7673	-0.5219	0.2601	-1.2059	1.1447
1.4978	1.6038	0.1714	-0.7853	0.7041	-1.0432	0.7374	0.5079	-0.1843	-0.2667	-0.7801	-0.2370	0.0569	-1.1282	-1.8019	0.0676	-0.7623	-0.0279	0.7330	1.1026	0.1936	0.6045	-1.5962	-0.1679	-1.4171	-1.5737	0.0091	-1.3409	0.8033	-0.9207	0.4917	-1.4474	1.6143	-0.1355	-1.8826	-0.0292	0.1299	1.4110	0.8900	-0.2971	0.9921	-0.3066	0.3158	1.8353	-1.3533	-0.2483	0.4019	-1.0406	0.8989
0.2935	0.9999	1.3303	-0.8647	-0.3805	-1.6116	0.2786	1.0854	0.9553	0.1516	-0.4697	-0.2588	-1.1233	-0.7136	-0.4920	-0.9922	0.3102	-0.0149	0.7992	-0.2042	0.2542	0.7349	-1.1962	0.8304	-0.5657	-0.5280	0.9315	-1.6343	0.5879	-1.4234	-0.4133	-0.6515	1.0300	-0.8820	-1.1797	0.0136	0.9080	1.4757	0.4780	0.9209	0.5211	-0.0367	-0.0783	1.9613	0.0112	0.6786	0.7902	0.5862	1.9462
0.1080	-0.0116	-0.2810	-0.3121	-0.8648	0.8750	0.8891	1.4435	0.6405	0.3199	-0.5885	-0.1765	-0.3652	0.4088	-0.9344	-1.0770	-0.0689	0.7000	0.2840	-1.2323	0.1628	1.0071	-0.6381	1.4939	-0.9607	-0.3379	1.2137	-1.1026	0.2449	-1.6883	-0.6363	-1.4373	-0.8019	-0.8608	-0.3831	0.2180	0.8041	1.0388	1.7541	1.5635	-0.0483	0.3877	-0.1539	0.2858	0.8185	-0.2140	0.1753	1.2128	1.0079
0.5985	0.5726	-1.1969	-0.6689	-0.5174	0.9872	0.5068	-0.2869	0.8343	0.3876	-0.1842	-0.7378	-0.4119	0.1932	-0.1172	-1.1919	1.0587	1.3343	-0.7916	0.0243	0.4478	-0.2625	-0.6196	-0.2919	0.2328	-0.5804	1.0973	-1.0188	-0.0777	-0.6546	-0.8716	-0.2799	0.0636	-0.1425	-0.0415	0.0485	0.3177	0.5314	-0.3172	0.9867	-0.8134	-0.1548	-0.1023	0.1979	1.1992	0.4962	-0.6163	0.2794	0.6114
0.7338	-0.8324	-0.5141	0.0944	-0.4680	1.6589	1.0175	-1.1762	0.1479	0.8688	-0.6916	-1.1461	-0.0750	0.9506	-0.2551	-1.1150	1.6093	0.9815	-0.3914	-0.1037	0.1841	-0.4875	-1.5413	-0.5560	0.9864	-0.8519	1.1568	-0.0251	0.0098	-1.0213	-0.9626	-0.5997	-0.9424	1.0668	1.1776	0.2654	-0.3042	-0.7816	0.7037	0.5492	-0.5533	-0.5776	-0.1477	-0.6229	0.7166	0.8048	0.1668	1.0204	0.7955
1.1124	0.8545	-1.5117	0.6758	-1.3580	0.4566	0.2817	1.3671	0.1808	0.9204	0.2896	0.1681	0.0131	0.7791	-1.2055	-0.2075	0.5480	-0.7427	-0.5317	-0.3786	0.0386	-0.7646	-0.2323	-0.0805	1.8962	-1.3933	0.2697	-1.0994	0.4308	-0.6927	-1.1969	-0.9007	-0.3534	1.3776	1.7323	0.4279	0.3414	0.7344	0.4873	-1.3502	0.0592	-1.5733	-0.7425	-0.5017	1.1712	-0.0115	-1.4556	-0.3801	0.1277
0.9570	0.2719	-0.3750	0.1818	-1.2489	-0.6102	-0.7624	0.2182	0.6468	-1.3347	-0.3489	-0.8001	-0.1098	0.1844	-0.0821	-0.8922	0.8678	-0.7700	0.2392	-0.3931	0.5077	-0.5381	-0.7634	-0.2497	1.9716	0.2526	-0.3000	-0.8566	0.0060	0.2243	-1.2427	-1.2088	-0.8798	-0.0616	1.2223	0.5385	0.3040	1.3774	0.4543	-1.3949	-0.0698	-1.2426	-1.5558	-0.7370	0.4571	-0.0476	-1.0907	-0.4414	-0.3861
0.9174	0.8782	0.1816	-0.6597	-1.3404	-1.1446	-0.1944	0.2852	-0.1161	-0.7875	0.1449	-0.8185	-0.0429	-0.5741	-1.0113	-0.6030	-0.7144	-0.6953	0.1786	0.2415	0.2739	-0.5260	-0.3424	-1.4403	0.8620	0.2099	-0.5720	-0.2651	0.1462	0.5616	-0.7140	-2.0396	-1.5559	0.7110	0.7175	-0.1640	0.4484	0.6822	0.6055	-1.6212	1.2334	-0.4251	-0.8764	-0.5222	-0.2176	-1.0060	-2.1249	-1.1134	-1.5138
1.0045	0.6836	1.5977	-1.7619	-1.3319	-2.8285	-0.3781	0.6856	1.0684	-0.5136	-0.4837	-0.7027	-1.1923	-1.0419	1.1953	-1.4577	-0.4836	-0.2462	0.7654	-0.2613	0.2807	-0.2309	-0.0520	-0.5836	0.4805	0.8441	-0.2755	-0.2251	0.7378	-0.0532	-0.4474	0.0028	-0.6159	0.1744	0.3423	-0.2686	0.1785	0.1383	-0.3669	-0.1499	1.1066	-0.3464	-0.2721	0.1856	-0.1073	1.0347	0.0866	0.0116	-0.1598
0.6157	-0.1895	1.1236	-0.5769	-1.3456	-1.3013	0.7255	0.5171	0.9917	0.4842	-2.6155	-0.1846	-0.3385	-1.4202	0.0728	-0.4349	-1.4111	-0.0775	0.6190	-1.6335	0.3931	0.4517	-0.0901	0.1148	-0.0509	-0.4530	-0.8038	-0.6471	1.5256	-0.0177	-0.3394	-0.2987	-0.1931	-1.7248	0.1270	-0.1451	0.0762	0.1507	-0.3177	1.1122	0.2189	0.1222	-0.1557	0.1868	-0.6152	0.2116	1.0890	-0.4905	-0.5430
1.2637	0.5029	0.1325	-0.2346	-1.3886	0.0832	0.8986	0.5612	1.8508	0.9185	-1.0026	0.1795	-0.2944	-1.1339	0.5587	-0.0312	-1.9183	-0.5778	1.2317	-0.9665	0.1250	-0.1310	0.1486	-0.0209	0.1676	-0.2263	-1.2304	-0.3911	1.7987	1.0916	0.1509	-0.0420	0.3817	-0.2753	0.2684	-0.3524	0.0069	0.9152	-1.0384	2.1251	-0.8766	-0.0002	-1.0038	1.0385	-1.3253	-0.2941	-0.5753	-0.0761	0.3566
1.5044	-0.5342	-0.4929	0.0467	-1.2289	0.4931	1.7867	0.3102	0.8328	1.0935	-0.9949	-0.1629	-0.0403	-0.2077	0.3164	0.1786	-2.1621	-0.8800	1.4291	-1.1326	-0.5673	0.0386	0.0728	1.2231	-0.3928	0.3681	-0.5557	-0.6884	1.6765	-0.1125	0.8429	-1.2313	-1.0608	0.5185	1.5040	-0.3461	-0.2926	0.2260	1.7696	2.2414	-1.2681	-0.1341	-1.5499	0.4672	-1.3458	-1.2624	0.7369	0.1921	0.8495
1.7545	0.3205	-0.5151	-0.4676	-0.2780	0.6784	0.6794	0.8064	1.7243	0.0470	-0.6378	0.1012	0.0925	-0.7544	0.4130	0.7767	-2.7341	-0.8260	0.6107	-1.5206	-0.5891	-0.8096	0.1327	-0.9769	-0.7718	-1.6736	0.4597	-0.5060	1.8202	0.2795	0.6543	-0.2016	0.4931	0.3424	2.0305	-0.2853	-0.4834	0.5008	-0.2597	1.7147	0.2186	-0.3548	-1.7446	1.3499	0.5136	-0.3164	0.6332	-0.6925	1.2205
1.5669	-1.1893	0.7377	-0.0623	-0.2046	1.8132	0.9111	0.6512	1.4300	-0.6458	-2.0811	-0.6642	-0.1736	-0.8881	0.7830	0.6692	-1.1976	0.2841	0.9512	-1.8378	-0.0824	0.3148	-0.9795	-1.1179	-0.4051	-1.3739	0.6665	0.5832	2.0155	0.7296	-0.0651	-0.1360	0.1593	0.4407	1.9205	0.6552	-0.0741	0.3703	0.2591	2.1654	-0.5612	0.9854	-1.8681	0.4616	-0.1022	-0.2375	-0.1775	0.4782	1.2392
1.6201	-1.0793	0.5626	0.1711	-0.1004	1.7577	-0.0286	0.9602	0.7763	0.8960	-2.3185	-0.4374	0.5540	-0.1740	0.6040	1.1229	-1.0272	0.4836	0.9064	-1.3493	0.0715	0.0953	-1.1869	0.2709	-0.5330	-1.5495	0.4775	1.6118	2.5358	1.4380	0.1611	-0.5376	0.4569	1.1013	1.8924	1.2787	1.2353	0.6002	0.7256	1.6563	-0.6741	1.6313	-0.1614	0.0019	0.1770	-0.0402	-1.9018	0.6419	0.3763
0.9331	-1.4923	1.3367	1.1412	1.7565	0.5174	-3.4210	-0.3148	0.3432	-0.5750	2.4316	-0.6325	0.7091	-0.0373	1.8572	-0.1112	-0.2000	-0.3669	0.8269	0.0309	0.0744	1.3660	-1.0443	1.0911	0.3760	1.3767	0.5784	1.8186	2.4885	0.3826	1.1330	-0.0991	0.4270	1.5318	1.1020	1.1162	0.4876	0.1845	0.2233	1.2656	0.0552	1.0696	0.6168	1.1909	0.5857	0.6114	-0.9164	0.5441	-0.2434
-0.1376	-0.2638	1.9953	1.9097	0.6539	0.3965	-1.2810	-0.4237	1.1621	-0.5514	2.1736	1.0925	0.7698	-0.3726	0.9969	0.0704	1.0928	-1.2672	0.5862	-0.3200	1.2846	3.0041	1.0252	1.5969	1.2777	0.3475	0.4249	0.9921	1.5806	1.3320	0.9915	0.1657	1.4494	0.1828	0.3773	0.9588	1.5653	1.5707	-0.5189	1.0898	0.2743	0.5945	1.1450	0.3783	0.6931	0.7473	1.4525	0.2865	-2.2345
-0.1592	0.7969	1.2570	0.0154	0.1581	0.4815	-1.1752	-0.2278	0.0916	-0.1393	0.7513	1.8866	0.1259	0.3659	-1.0372	-0.4004	0.6770	-1.5876	0.1596	0.4534	0.8787	1.1470	0.8142	1.0957	1.3878	0.3355	0.2525	0.3366	0.0641	-0.2037	0.8485	-0.0708	0.6825	0.2708	-0.4796	0.7038	1.2715	-0.6283	0.0263	-1.6158	1.3904	0.7517	3.0009	-1.4032	0.8589	1.4577	0.9325	-0.1337	-3.9627
-1.1429	0.1368	1.4813	1.1049	0.3905	-0.9121	-0.0071	-0.9150	-0.5697	-0.4817	-0.2512	1.3829	0.0166	0.0368	0.3686	-0.4203	1.6115	-1.4305	0.2532	0.9242	0.6753	1.1676	0.8296	0.0675	2.1333	0.0719	-0.8465	0.4955	-1.0936	-0.0323	0.5512	0.7949	-0.2350	-0.6308	-0.9884	1.3622	-0.4697	-0.0545	-0.3718	-1.0805	0.5120	0.9306	2.1841	-2.0545	1.1263	1.6508	1.8479	0.0384	-2.7388
-1.0940	1.6979	-0.7434	0.5286	0.0163	-1.4159	-0.2512	0.0699	-0.7446	-1.1876	0.3376	1.9411	0.3952	-0.2910	1.2526	-0.6630	0.7884	-2.2958	-0.4351	-0.1176	-0.2551	-0.3891	0.9910	-0.3908	1.4345	-0.1341	-0.4498	0.4304	-1.8582	0.1050	0.6566	1.4409	-0.1187	1.5006	-1.6252	1.2240	0.2583	-0.5828	-0.5843	-1.2419	2.2656	0.4939	3.1585	-1.6665	1.7859	2.2841	1.6514	-0.6756	-2.1635
-1.5349	-0.9855	-0.4963	2.5591	-0.4200	-0.0416	0.2050	0.2151	-1.4480	-1.3465	-0.5832	0.6148	0.2079	0.3539	1.6865	-0.5889	1.5439	-0.9921	-0.3101	-0.1281	-0.0662	0.0194	0.3819	-1.8368	1.1789	0.8450	0.2218	0.7458	-1.9440	0.6157	0.4994	0.5649	-1.6154	0.9172	-1.2351	1.9045	-0.8674	0.5484	0.2070	-0.7143	0.2325	0.6422	2.3107	-1.8873	1.7359	0.9590	2.0141	-0.4724	-2.1927
-0.3005	-0.5064	-1.4198	2.0287	0.4299	0.8744	-1.2208	1.0812	-1.0404	0.7374	0.8477	0.9982	-0.1952	1.8187	1.0885	-1.2408	0.3179	0.0859	0.1988	0.6903	-0.2661	-1.1651	-0.6593	-0.9237	-0.5496	1.1334	1.0316	0.7516	-1.3167	0.6266	0.4278	-1.4117	-0.6460	1.8521	-0.6037	0.9023	0.0891	0.0626	1.1757	-1.4156	1.0298	-0.2548	3.5144	-1.5448	0.1064	0.6425	0.5549	-0.5483	-2.9738
-0.5087	0.4094	0.0291	2.2302	2.4696	-0.6922	-3.1346	-0.0244	0.0359	1.1007	0.0720	0.7010	0.7606	1.4765	1.7700	-0.7757	1.2204	0.3412	0.1143	1.2864	0.4662	-0.2972	0.6968	0.1305	0.4612	1.9102	-0.1810	1.7794	-0.9233	0.8430	0.4572	0.4308	0.1841	-0.5716	0.0862	0.3239	-0.1707	-0.8726	-1.4503	0.1325	0.0808	0.0081	2.4833	-0.9102	-0.0305	1.6753	1.5007	0.5962	-0.2778
-0.1540	1.8661	1.6847	2.1110	1.4900	0.2778	0.2224	-0.2551	0.1503	-0.1799	2.2702	2.0589	0.6328	1.8889	0.8641	-0.0201	2.4800	0.6317	0.5656	2.2797	1.5977	2.2406	0.7035	0.5760	1.2758	1.5187	-0.5618	0.3783	-0.0823	-0.2109	1.0195	0.1228	1.6924	-0.1712	1.9925	-0.4547	0.0799	0.3985	-1.2538	0.0399	0.6702	0.1522	0.7225	0.3950	-0.4172	0.6591	0.3930	1.3896	1.1882
-0.6668	1.5584	1.3540	0.2948	-0.6827	0.0821	0.2007	0.4985	0.6181	1.2591	2.9220	2.6354	-0.1396	1.5326	-0.1032	-0.0832	1.8559	0.1201	0.2635	-0.0368	1.9234	1.3619	0.0170	1.9711	0.8289	0.2080	-1.4262	-0.9035	-0.1138	1.0690	0.8368	0.3879	2.2569	0.0955	2.0603	-0.8881	2.7017	-0.6749	-2.3616	-0.9673	0.8613	-0.0483	-0.1593	-0.4699	-0.2136	0.2236	-1.3603	1.1130	1.0555
-1.4436	-1.8673	-0.3307	-0.7180	-1.2929	-0.2245	0.3907	0.3183	-0.8987	0.1191	-0.3568	-0.0033	-0.0005	0.3775	-0.1947	-0.6449	0.6551	1.0870	-0.7472	-1.2829	0.7672	0.0221	0.8088	2.6687	0.3770	-0.6523	-1.2834	-0.1917	-1.1127	-0.4804	-0.1575	0.6085	-1.2523	-1.0293	0.7451	0.4328	-0.0458	-2.8516	0.2703	-1.2949	-1.7665	0.2133	-1.1383	-2.1687	0.8646	0.2857	0.4776	0.9781	-0.2830
-2.2277	-0.9591	-0.5462	-0.8809	-0.1855	-1.4048	0.0313	-0.2453	-1.0378	0.1601	0.4781	-1.7277	0.2240	-2.4941	1.0723	0.1946	-0.5858	1.4508	-2.3526	-0.0247	-0.4643	-1.8558	1.7098	-0.2136	0.0190	-0.8700	-1.0259	0.8726	-1.5364	1.4564	-1.3782	2.3016	-1.4304	-0.3503	-0.7731	1.5458	-1.5474	-1.4016	-0.4340	-1.1705	-1.2449	0.7474	-1.0897	-1.5771	1.7787	1.2508	0.8907	-0.1285	-0.1407
-1.6022	-0.9540	0.0175	-0.3581	0.7716	-1.3509	0.5119	0.5240	-2.0066	0.3012	-0.2034	-1.4781	0.4416	-2.7241	0.6916	1.0464	-1.0763	0.9346	-1.6826	0.8309	-1.6112	-1.1774	2.3001	1.6478	0.7313	0.6710	0.0189	1.1701	-1.7791	0.9060	-1.1433	1.2967	-2.0161	-0.5184	-0.3096	1.9574	-1.7808	-1.6306	1.1984	-1.1741	-1.8052	1.3037	-0.8067	-1.9020	1.0886	-0.2479	0.4592	-0.4776	0.4764
-1.2280	-0.7820	-0.9847	-0.1531	0.8774	-0.7465	0.1732	0.2816	-0.9394	0.3384	0.5413	-0.2762	0.6835	-1.7432	0.5914	2.0598	-1.4646	0.3422	-1.5811	1.7509	-2.4039	-1.1630	2.4819	-0.3241	0.7685	-0.0339	0.1950	1.3406	-1.8200	0.8551	-0.5415	1.9083	-0.2733	0.1423	0.0551	1.1399	-2.0668	-0.9795	-0.8499	-1.4838	-1.0304	0.6783	0.0477	-1.2002	1.4926	0.0634	-0.2855	-1.1136	-0.4052
-0.8193	-2.2094	-0.6581	0.8102	0.9576	0.4544	0.7968	0.1739	-0.8715	-0.3880	0.8333	0.0420	-0.2046	-0.6764	-0.3761	1.6524	-0.3437	0.4153	-0.2646	2.1754	-1.7518	0.0540	0.9595	-0.2705	1.3989	0.3765	0.0269	1.7233	-1.1113	0.1967	0.5438	1.0034	-0.4838	1.2325	0.9003	0.4061	-2.0765	-0.5504	0.0753	-0.5764	-1.1003	0.9761	-0.2792	-1.9811	0.0269	-0.2007	0.5889	0.0812	-0.7911
-0.7382	0.2172	-1.2077	0.0526	1.3289	-0.1911	-0.0107	0.3376	-0.4574	0.4603	1.4025	1.2335	-0.3365	-0.8024	-1.8828	1.3269	-0.4701	-0.6235	-0.4872	1.2523	-0.9583	-0.3139	2.1519	-0.2899	1.3936	0.5970	-0.3079	1.1872	-0.6290	0.4387	0.5938	2.0266	0.4719	1.8107	0.3920	-0.0534	-1.3546	0.0290	-1.3306	-0.9369	-0.2705	0.7174	-0.3837	-1.1014	0.4465	0.0262	-0.5626	-1.0152	-0.9162
-1.5533	-0.5992	0.1006	-0.4728	1.8847	0.3219	0.2002	-0.6796	-1.2475	-0.3999	0.9075	0.4114	-1.4752	-0.8236	-0.8672	-0.2073	0.2694	1.0149	-0.3305	1.1683	-0.0067	0.8942	1.9082	0.1338	1.9353	0.6791	-0.8019	0.9240	-1.0391	-1.6693	-0.2837	1.3479	0.3117	1.4609	0.1787	0.0094	-2.0591	-0.3037	-0.2838	-0.6846	-0.6076	1.2951	-0.0225	-0.5649	0.3851	-0.0564	0.2192	-0.4993	-0.5819
-1.0506	0.6608	-0.8456	-1.0390	1.8108	0.2873	0.0139	-0.5371	-0.9793	0.8136	0.8339	0.1135	-0.4411	-0.3132	-0.6434	-0.2405	-0.7240	1.4704	-1.5447	1.6092	-1.2771	-0.8435	2.7247	-0.1042	1.3158	0.3973	-0.1092	1.2069	-1.6311	-0.8385	-1.1740	1.1063	0.8477	-0.0810	0.1349	0.1935	-0.9626	-0.2355	-0.9308	-1.5048	1.1990	0.7183	0.8469	-0.1778	0.8414	-0.5409	-0.4424	-1.3107	-1.5600
0.0732	-0.5422	0.3975	-0.3009	1.6183	0.7174	0.9844	-0.3398	-0.9557	0.4824	0.3155	-0.0248	-0.1440	0.8917	0.9965	0.0052	0.2688	1.3182	-0.7863	1.5879	-1.0388	0.7203	1.5728	1.1626	1.2093	1.1023	-0.4013	1.4756	-1.8369	-1.0216	-1.1113	0.9790	0.3830	-1.1028	0.3744	0.5040	-1.7311	1.1334	0.6274	-0.0277	0.2313	0.6030	0.8765	0.3235	-0.4156	-1.1925	0.7887	0.1362	-0.8735
0.9792	0.8698	-0.1933	-0.2123	0.9733	0.8309	0.6779	0.6487	-0.6360	1.4193	0.6750	0.9967	0.0893	1.3908	-0.4037	0.3168	-0.4489	0.0735	-0.0322	1.1687	-0.2091	0.4727	-0.1479	0.6562	0.0480	-0.1736	-0.2660	0.5728	-0.5014	-0.2482	-0.0637	-0.0992	0.5914	0.6100	0.7141	-0.3797	0.5485	0.7459	0.5158	-0.3481	0.1850	0.2738	0.1931	0.9721	-1.1318	-1.2965	-1.1901	-0.5830	-0.7989
0.7925	0.2507	-0.6932	-1.2470	0.5674	0.2252	0.4821	0.2662	0.5486	1.0190	-0.1065	1.1374	-0.2798	1.7431	0.0415	-0.3481	0.8043	-0.4488	1.3762	0.2478	0.3583	1.0294	-2.0957	0.4562	-0.2334	-0.7142	-0.6804	-0.2276	-0.1363	-0.4867	1.2728	0.3784	1.0421	0.5622	1.2554	-0.8422	1.5942	-0.0378	0.0603	1.3883	-0.6041	-0.6229	-0.3518	0.7438	-1.4285	0.4222	-0.6502	0.7785	1.7198
0.9933	0.8298	-0.4704	-0.8259	0.5697	0.4057	-0.4804	0.3373	0.3095	-0.2687	1.1295	0.5416	0.7391	0.7993	-1.9060	0.3589	0.2938	-1.2427	1.6266	0.2580	1.4376	0.5813	-3.1643	-1.2833	-1.0326	-1.1654	-0.7832	-0.9410	1.4521	1.0976	1.7380	-1.2980	0.6361	-0.1412	0.1342	-1.6037	2.0739	-1.4429	-0.1871	0.7594	1.7173	-0.7197	-0.3793	0.7449	-1.5351	-0.2631	-2.9018	-0.2010	1.6257
1.3768	0.4983	-0.3673	-0.8826	0.7119	-0.0828	-1.3254	-0.3851	1.4615	-0.1660	0.0015	0.1645	-0.2488	0.6009	-0.2022	0.3635	-0.3136	-0.2361	1.2721	-0.1326	1.0617	0.5650	-2.4053	0.6433	-1.0486	-0.2873	-0.1820	-0.7001	0.8156	0.0415	2.0655	-1.2653	1.5912	0.3935	-0.1974	-1.9488	0.6759	-1.4774	-0.3538	2.0138	0.6732	-0.3997	-0.0485	0.9759	-1.9864	0.6526	0.3100	0.7378	2.5617
0.1896	0.2017	-0.5400	0.3970	-0.5395	2.0652	-0.0653	-0.4861	1.2019	1.0876	-1.9422	-0.2042	-0.5221	1.1531	-0.6150	1.5204	-0.5579	1.0032	0.2786	-0.7833	1.3579	0.5586	-1.4447	1.5688	-0.5465	-0.7335	0.9902	-1.3560	1.2727	-0.8081	1.0827	-1.9985	0.8470	-1.3455	0.6193	-2.0271	1.0001	-1.2967	-0.0169	0.8405	0.3576	-0.5008	-1.6344	1.2101	-0.5813	0.2911	0.3117	0.1448	2.2422
-0.1135	0.5689	0.7610	-0.2807	-0.0558	1.4934	0.7356	-0.1431	1.9500	0.5143	0.3883	0.1487	-0.6818	0.3632	0.3606	1.0421	-0.5814	2.5387	0.0051	0.9224	1.2953	0.3150	-0.3283	0.9111	-0.7375	-0.1717	0.1004	-0.9023	0.5679	-1.1364	0.7467	-0.6907	0.9664	-0.0274	0.4375	-1.7792	-0.1141	-0.1008	-1.0814	0.3402	-1.3863	-0.9006	-0.6866	0.6703	-0.8860	-0.3114	-0.2340	0.3222	1.8407
0.1902	-0.1205	1.9188	0.3647	-1.0393	0.5969	0.7502	-0.5272	1.2456	1.1731	0.4799	-0.7629	-0.3756	0.8769	-1.7525	0.8808	0.3006	1.7781	-0.0418	0.0388	1.1644	-0.1058	-0.1381	-0.0000	-1.7308	-0.2424	0.5292	-1.5240	0.1390	-0.0212	-0.3478	-1.3910	-0.2799	-1.8687	-0.3127	-1.6265	0.8028	-1.4609	-2.2199	-0.4335	-1.1916	-0.5651	-0.9191	0.0601	-0.7067	-1.3470	-0.1073	-0.3276	1.5803
0.2241	0.5585	-0.1039	-0.9802	-1.4063	-0.0947	0.4290	-0.5275	0.2527	0.0261	0.6667	0.1438	-1.6135	0.7082	-0.8255	0.4631	0.4123	0.1734	-0.6557	-1.2696	0.2408	-0.8932	-0.0952	-0.4845	-1.3326	-0.4192	-0.2505	-1.9541	-1.0707	-1.2359	-0.6137	-0.6549	-0.0340	-1.2688	-1.2709	-1.5632	0.0465	0.4059	-1.1675	-0.2437	-0.2347	-1.5193	-0.0817	0.8518	-0.3853	-0.6629	-0.4446	-1.2480	0.8499
-0.2231	-1.3465	-1.1367	-0.9101	-2.4482	0.7751	0.1195	-1.8163	-0.9499	-1.1242	-0.6101	-1.4528	-1.8999	0.8905	-0.9453	-0.2986	1.7431	0.2461	-0.9514	-1.5426	-0.3116	-2.0983	-1.1469	-0.8247	-1.2646	-0.9135	0.8276	-1.8141	-0.6664	-0.9063	-1.0661	-1.2299	-1.7219	-1.5916	-1.5715	-0.8147	0.1286	1.2865	0.7075	-0.1238	0.2074	-1.5828	-0.2857	1.1003	0.3659	-0.8514	-0.2378	-1.0165	-0.5516
1.2222	-0.1387	-2.1197	-0.1780	-1.2955	0.5244	0.7502	-0.3922	-0.7820	-1.1108	-0.4247	-0.8796	-1.3179	-0.0039	-1.9251	-0.0983	0.0070	0.0297	-0.4204	-0.4791	-1.7444	-2.3007	-0.9349	-0.5540	-2.5890	-0.4368	1.0790	-1.5541	-0.4901	-0.7312	-0.6161	-2.0347	-1.3515	1.0034	-1.9191	-1.1406	-0.0139	0.4903	1.8380	-0.1521	-0.0099	-1.5028	0.4319	1.6504	-1.1369	-1.8274	-0.3855	-0.8852	-0.5923
1.2495	-0.6499	-1.1879	-0.4001	-1.3842	-0.9819	-0.2850	0.8480	-0.1546	-1.3975	-1.6778	-1.2987	-0.4919	-0.9612	-1.5097	0.1267	-1.0434	-1.2663	0.1167	-1.2485	-1.8821	-1.8908	-0.3459	-0.8918	-2.7277	-0.5369	0.8925	-1.0778	0.1757	0.5080	-0.3644	-0.2311	-1.9323	-0.5637	-2.3648	-0.7409	0.0556	-0.2206	0.0738	0.4477	-1.1175	-1.1914	-1.0422	1.6710	-1.5777	-1.5538	0.1687	-0.8374	0.0651
0.5826	-1.4099	-1.0160	-0.3086	-0.0257	-0.8195	0.1594	0.8123	-1.0610	-2.0800	-0.2099	-1.2340	-0.0493	-1.4021	0.0310	-0.4733	-1.6157	-1.6833	-0.2959	-0.9310	-1.6326	-1.1637	-0.5950	-1.9274	-1.8898	0.5834	-0.0577	0.7908	-0.0730	0.1749	-0.4709	-0.2626	-2.2207	-0.5324	-1.8704	0.3244	-0.1653	-0.5420	0.8964	0.2166	-0.9432	-0.9292	-0.6169	0.1026	-1.9138	-2.2281	-1.4695	0.1837	-1.1731
-0.4903	-1.4361	-0.0152	0.1958	0.2649	-3.0203	-0.2093	-0.9422	-0.7910	-0.5842	-0.6859	-1.6995	0.2749	-1.7485	2.1051	-0.8739	-0.2881	-0.6120	-0.8573	-0.9913	-0.9099	-0.4186	0.5214	-0.2044	-0.4301	0.9123	-0.3551	0.6184	-0.1636	-0.1930	-1.3207	1.4137	-0.2954	-1.3462	-1.5033	1.3035	-0.8627	-0.6427	-0.3005	-0.2229	-1.3276	-0.7190	-1.1160	0.1195	-0.2600	-0.4454	0.5145	0.8698	-0.1710
-1.8092	-0.7219	-0.8080	0.7507	0.3479	-2.3260	1.4784	-0.5101	-1.0829	-0.2702	-1.8758	-1.4471	1.5045	-2.1405	1.8153	-0.0909	-0.7374	0.0931	-1.1347	-1.2182	-1.4198	0.0453	0.7094	0.1238	-0.4120	-0.4154	-1.0559	0.4387	-0.6566	0.6239	-1.9773	1.6549	-0.4023	-0.9574	-1.1721	1.5292	-1.2133	-0.9290	1.3697	-0.7165	-0.1595	-0.5073	-0.4223	-1.0373	0.5555	-0.5414	1.3778	1.1805	-0.3146
-0.7950	0.8158	-0.7272	-0.1823	0.8536	-1.9402	1.2598	0.2632	-1.2432	1.1666	-1.2376	-1.1791	1.2379	-2.1253	1.0935	-0.3572	-0.4253	0.1615	-1.4699	0.2101	-1.7154	-0.6969	0.7718	0.4413	-0.4179	-0.3728	-1.2010	0.3520	-0.5478	1.6976	-2.1525	2.2671	0.1102	0.0387	-1.2834	1.4909	-0.6527	0.2674	0.1989	-1.0063	0.3343	0.0375	0.4129	-0.1914	0.8199	-0.0814	0.9775	0.8809	0.7195
0.3087	-0.1462	-0.9425	-0.7674	1.1064	-1.2348	1.9762	0.7265	-1.5231	2.0355	-1.1247	-1.2450	0.3021	-0.2924	1.0299	-0.2297	-0.8692	0.0547	-1.4252	0.0737	-1.1939	-0.0029	0.6820	1.6302	-0.4836	0.8023	-0.6363	0.2861	0.2062	0.2315	-1.6767	0.2561	0.1284	-0.3491	-0.1396	1.5203	-0.8740	0.6245	2.6489	-0.2611	-0.0501	0.7034	0.7782	0.3226	1.5438	-0.2670	1.1988	1.3159	0.6515
0.0958	-0.1849	-0.9175	-1.1101	0.4489	-0.4492	-0.0089	-0.3106	-0.1714	0.8525	-0.0011	-0.5271	0.0886	0.4336	1.0583	0.1463	-1.3604	-0.1928	-1.2806	-0.4704	-1.0001	-0.8204	1.0321	-0.2840	-0.8096	-0.1532	-0.1459	0.1810	0.2658	0.8309	-0.9190	0.6782	1.2064	-1.5757	0.0940	1.2017	-0.3330	1.0035	0.8620	-0.0900	0.0112	-0.0555	-0.5730	1.0459	1.9297	-0.1088	0.1281	0.2525	0.1512
0.4059	-0.6912	-0.1546	0.3309	-0.4704	0.7435	0.7868	-0.9933	0.0724	0.2347	-0.0364	-0.0587	-0.1874	1.3670	1.0950	-0.5391	-0.2661	0.4880	0.1640	-0.5127	0.0389	0.4873	-0.1599	-0.2730	-0.3910	0.6448	0.0020	0.0406	0.2421	0.3123	0.2901	-1.0783	0.3644	-0.6146	1.0020	0.8176	-0.5066	0.5779	2.2199	1.0895	0.2983	0.3069	-1.0774	0.7548	0.3494	-0.5761	1.2540	1.7622	0.8743
0.6846	1.9707	-0.5617	-0.2852	-2.1194	0.6377	0.2335	-0.4950	0.9823	0.3092	-0.0501	1.1282	-0.4273	1.5429	-0.7172	-0.8187	-0.0460	-0.2512	0.3320	-0.8624	0.9093	-0.1073	-0.0468	-0.6064	-0.8405	-0.2534	1.1957	-0.4078	0.8809	0.9324	0.6620	-0.8860	1.2857	0.6935	1.0041	0.3974	0.6268	0.1904	0.5558	1.2326	1.4738	0.6840	-1.5680	1.2527	0.8126	-0.4823	-0.5805	0.3030	1.5136
-0.2539	1.5268	0.4492	-0.2149	-2.4171	1.6066	0.1596	-1.1240	1.1832	-1.3790	-0.4524	0.8516	-1.5765	1.0333	-0.8961	-1.3728	1.2071	0.0835	1.3247	-1.4154	1.2832	0.7445	-1.5457	-0.9337	-1.1220	0.1718	2.2729	-0.1311	0.3352	0.3831	0.9673	-1.1194	0.3791	0.8522	0.0408	0.0474	0.7395	-0.3769	0.4281	2.3580	1.0066	1.5896	-1.7261	0.4798	0.0685	0.9898	-0.6184	1.0721	2.2533
-1.0831	1.9536	-0.4130	-0.8326	-2.4360	1.6743	-0.1667	-0.5121	0.9325	-1.1080	-0.7419	1.0205	-1.5747	0.8064	-2.0695	-1.9863	0.2392	0.7911	0.5438	-1.6433	0.9256	-0.0803	-0.8307	-0.9081	-1.5068	-0.8884	2.4117	-0.7287	0.5581	-0.4487	1.0644	-0.5203	-0.4644	0.6291	-0.9509	0.3101	0.7414	-0.0192	-0.2848	1.8108	0.3215	1.6197	-1.1632	0.7867	1.0096	1.2509	-1.4002	0.3744	0.8879
-1.3184	-0.7976	0.4006	-0.1721	-1.5988	1.9367	-0.1920	-1.1930	0.2160	-1.1192	-0.9948	-0.6248	-0.7899	0.3949	-0.4227	-2.1337	-0.0026	2.2570	0.1361	-1.6847	0.6476	-0.3607	-1.2808	-1.2151	-1.1729	-0.7025	3.1346	0.3240	0.3706	-0.4806	0.6455	0.0202	-1.1779	0.1055	-1.0459	0.9381	-0.4501	-0.0183	0.1327	1.3995	-1.0554	1.0023	-0.1942	-0.4318	0.8226	1.5885	-0.8467	1.1488	0.6858
-0.8776	-0.7720	-0.4327	-0.1530	-0.4267	-0.4499	-0.0958	0.3428	-0.7352	0.0793	0.2934	-0.7710	0.4926	-0.0940	-0.1462	-1.1423	-0.9955	1.6617	-1.3604	-1.1864	0.1561	-0.6159	0.5933	-0.9528	-0.9464	-0.7328	2.2916	-0.0656	0.2985	-0.8450	-0.6752	0.8179	-1.1788	0.9692	-0.0525	0.6916	-0.3682	0.1510	-0.1822	-1.0818	-1.5391	-0.4886	0.1895	-0.8450	1.4176	1.0698	-1.9735	0.1636	-0.5784
-0.3088	-1.4909	0.3947	0.0379	0.6184	-0.8813	-0.9927	-0.1447	-1.2330	-1.1309	-0.2320	-2.2959	1.3293	-0.7556	0.9761	-0.2255	0.0052	0.5391	-1.3329	-1.1921	-0.1153	-0.4172	0.4879	-1.2776	-0.0837	-0.7458	1.8432	0.5636	-0.4123	0.1410	-1.7942	0.9013	-1.1590	-0.1645	0.0869	0.3409	-0.3071	-0.3302	-0.5230	-1.3962	-0.4500	0.0501	-0.2809	-0.7145	0.8718	0.9402	-0.5891	0.5577	-0.3604
0.3771	0.1781	-0.1160	0.2525	0.6600	0.2354	-0.9718	0.6149	-1.5918	-0.1631	0.1179	-0.8286	0.6140	-0.2595	-0.3384	0.6647	-0.0502	-0.5731	-0.7203	0.0106	-0.5444	-0.8405	0.9354	-0.6743	0.3676	-0.3094	0.7846	0.1652	-0.2006	0.2871	-1.2117	0.1170	0.1225	1.3104	-0.4252	0.3831	-0.4663	0.6216	0.1734	-1.4970	-0.9543	0.4018	0.2364	0.3783	0.1729	-0.5119	-1.3632	-0.4313	-1.0656
0.4819	-0.3766	0.6616	0.2025	0.6522	0.5968	-1.2987	-0.7270	-0.3193	-1.0138	-1.0252	-0.3959	0.0592	0.1270	-0.5700	0.7084	0.6469	-1.1623	0.7814	0.0761	-0.1920	-0.4368	-0.0643	0.2439	0.7661	0.1182	0.7693	-0.1072	0.2448	-0.0037	-0.0940	0.1472	0.5069	0.7067	0.4223	0.0151	0.0235	1.0547	0.7276	-0.2028	-0.9639	0.7818	-0.0455	0.5892	0.6718	0.8202	-0.3567	0.4726	0.0504
0.8684	-0.3513	0.2435	0.2605	0.0457	0.4787	-0.8079	-0.8352	-0.7616	-0.1613	-0.5233	0.7353	-0.7410	0.1883	-1.8186	0.5602	0.5718	-1.4561	1.1155	0.7683	0.6083	-0.3882	-0.6922	-0.1105	0.9578	-0.0143	-0.3320	-0.8387	0.4794	-0.8803	0.0998	-0.8924	-0.2503	0.7437	0.7396	-0.2620	0.5544	0.9623	1.9016	-0.5752	0.5460	0.6047	1.6293	0.0103	0.0228	0.6801	-0.4017	-0.3677	-0.8066
0.6788	-0.8801	0.4210	-0.1198	-0.0389	-0.6290	-1.1184	-0.5351	0.3197	-0.0829	-0.7946	0.4368	-0.7641	-0.0297	0.0362	0.2424	1.1098	-1.8382	1.2579	-0.0273	0.9516	-0.3228	-0.7783	-0.1954	1.2488	0.9270	0.0681	-0.3776	0.3922	-1.6429	0.2292	-0.1898	-0.0646	-0.0194	0.5806	-0.3425	0.4851	0.6033	0.7442	0.3010	0.0556	0.5309	1.2264	0.0254	0.0911	1.9854	0.5631	0.3754	-0.9917
1.0834	-0.6622	1.1842	0.4920	-0.3241	-0.6973	-0.0847	0.5843	-0.1079	-0.7553	-0.2043	0.9238	-0.5959	0.0806	-0.4254	1.0774	0.0584	-2.1654	1.4497	0.1752	1.1273	-0.3151	-1.2945	-0.9438	0.5597	-0.0982	-1.7780	0.0044	1.2842	0.0733	0.3513	-1.9403	-1.3045	-1.0052	-0.4623	-0.6202	0.4454	1.1426	0.0603	0.0303	1.2069	-0.1400	1.4867	-0.5823	-1.2806	0.0871	0.4705	-0.3789	-1.1090
1.1862	-0.2862	1.8724	-0.3213	-0.0837	-2.5654	-0.7748	-0.4775	1.0177	-0.8314	0.0926	0.3812	-0.9432	0.0834	0.7953	0.4628	0.2252	-1.9872	1.8406	-0.0701	0.8977	-0.4347	-0.3270	-0.4009	0.5129	0.8210	-2.1809	0.2925	1.6642	0.1865	0.5126	-0.4011	-0.2253	-1.2180	-0.3453	-0.8600	0.1813	1.1796	-0.9656	0.7495	1.2780	-0.7526	0.8232	0.0102	-1.1746	1.0826	2.1666	0.0003	0.3686
-0.9924	-0.0647	1.0891	-0.8919	0.8460	-1.5812	-2.1829	-0.2123	0.2843	-0.6486	0.6521	0.4028	0.1583	-0.2429	-0.2551	0.3000	-0.5192	-0.8983	0.4050	-0.7338	1.4846	0.6806	0.1865	-0.1344	-0.0356	0.7989	-2.1677	0.5401	1.4094	-0.4235	0.4699	-0.4214	-0.2594	-0.4490	-0.7256	-0.8599	0.2023	0.8733	-0.7757	0.2920	1.1994	0.0604	1.8806	-0.5750	-0.5228	0.5295	0.9864	-0.5815	-1.4061
-0.1066	0.1021	1.2879	0.7424	0.6789	-0.5109	-4.5153	0.6514	-0.6780	-0.4457	0.8144	0.0729	0.9909	0.6331	0.1822	0.7028	-1.0722	0.2461	0.5271	-0.7376	0.4419	0.0112	-0.7201	-0.4183	0.1092	0.2002	-0.2265	1.4281	0.6459	0.3161	0.7490	-0.3652	-0.3454	0.3820	-1.1691	0.0820	-0.2186	0.2109	-1.1439	-0.2480	1.4806	1.0451	2.6323	-0.6178	-0.1115	1.0975	0.7080	-0.5014	-0.6815
0.7329	0.8947	3.2266	0.4326	0.5525	-1.2270	-0.5507	1.0931	1.3922	1.5531	2.3646	1.9226	1.3642	1.2173	2.1821	1.0519	1.0355	0.7067	1.2366	1.3784	1.3298	1.4398	1.9939	0.0837	0.4573	1.7706	-1.2060	0.9773	1.0238	1.9708	2.2851	1.2540	2.2199	1.1085	-1.4885	-0.6862	0.5539	1.5249	-1.9268	1.3673	0.8041	0.7100	1.6040	0.1009	-1.2144	1.4978	0.7278	1.1001	1.2764
-0.4636	-1.2965	3.3220	0.1422	-0.6973	0.3884	-1.0362	1.6273	0.6749	0.8442	1.4428	0.7090	1.1661	0.9527	-0.2650	0.6293	0.9935	0.2719	0.8746	-0.0857	1.1474	0.8488	-0.0486	0.8234	-0.2658	0.1438	0.1104	0.3524	0.7889	0.4449	1.3623	-0.1493	-0.2193	-0.3264	-0.2431	-1.1107	2.2952	-1.8495	-1.8074	-0.4475	0.4762	-0.7145	-0.1074	-0.9856	-0.8819	0.0585	-0.4704	0.3195	-0.6565
-0.7559	0.7154	2.1788	-0.6234	0.3186	-0.8992	-0.4051	1.1871	0.8979	-0.0836	0.5587	0.7381	1.0910	-0.2181	0.4050	-0.0901	0.7875	0.0166	0.7782	0.9605	0.8252	0.8044	0.0208	1.0812	0.6101	-0.9845	-1.7120	-0.6468	-0.2271	-1.3189	1.1051	0.8216	0.3717	0.2971	-0.4425	-1.7305	0.1073	-0.0845	-1.4083	-0.6078	0.5547	-1.2026	-0.6967	-0.5227	-1.3125	-0.0731	0.9859	0.0308	0.3011
-0.4434	0.7909	-0.0779	0.8339	0.1565	0.3571	-0.3306	0.3922	0.6720	-0.2457	-1.0782	-0.0775	2.6740	-0.0882	-1.6025	-0.0111	0.8485	-1.0035	0.8926	1.0199	-0.3912	0.6347	0.3907	1.1305	0.3547	-0.4383	-0.8749	-1.1063	-0.4242	-1.1309	0.7252	0.2429	-0.0207	-0.5651	0.3635	-1.8300	0.8058	-0.8292	-0.5219	-1.1579	-0.3696	-1.0455	-1.1462	-0.2104	-0.6679	-1.8223	0.3405	-1.5301	-0.1911
-0.3098	1.4546	-0.7087	0.0064	0.9875	1.1462	0.0806	0.4906	1.3823	-0.6668	0.3953	0.8816	1.5043	-0.1835	0.0276	-0.3409	0.7474	-0.8740	0.8549	2.4084	-0.5104	0.7860	0.4248	-0.8316	0.8336	0.1254	-1.4078	-1.0687	-0.8967	-1.7423	0.8917	0.9641	0.4912	1.4777	1.2902	-1.2733	-0.5238	0.1393	-0.7841	-0.3097	-0.5665	-1.3766	0.0507	0.0670	-0.3043	-0.9146	-1.4413	-2.3628	-0.1834
-0.2763	0.4387	-0.1889	0.9744	0.4057	2.0638	-0.0127	0.8653	0.9693	0.0811	0.5925	-0.0687	1.0949	-0.1059	0.6133	0.2126	0.8843	-0.7279	0.7730	2.4920	0.1131	1.3629	-0.0352	-1.3990	1.3968	0.6042	-0.2509	-0.9930	-0.2416	-1.5097	0.5476	0.1624	0.3415	1.7635	1.8204	-0.9981	0.2017	-0.4834	0.3096	-0.0397	0.2813	-0.8374	-0.2224	-0.2007	-0.2746	-1.7279	-1.2416	-1.6587	-0.4615
0.0856	1.1521	-1.0135	0.4620	0.7794	1.2646	0.6378	0.6293	0.3612	1.1180	0.4794	1.2708	0.5559	0.0849	0.2586	0.3386	0.1187	0.4597	0.4249	2.3195	-0.1995	1.0531	0.1771	1.0556	1.8222	0.0627	0.1799	-0.9609	-0.0854	-1.5122	1.0586	0.4239	1.3139	3.3976	1.9868	-1.4231	0.0741	0.6444	0.9578	-0.4748	0.5916	-1.1175	0.6963	-0.3884	-0.9221	-2.1212	-0.5670	-1.4812	-0.4210
-0.0571	-0.4410	-0.0119	0.7931	0.5333	0.8932	0.0026	-0.4049	0.2726	0.5558	-0.6676	0.1013	0.4307	0.4164	0.3785	-0.1385	0.9501	0.8280	0.9546	1.0579	0.2567	0.6081	-0.4952	0.0651	1.9708	0.2675	0.3101	-1.1541	0.7310	-0.6055	1.3014	0.1901	0.6423	0.6229	2.3041	-1.5801	0.9187	0.4619	0.0811	-0.5926	-0.0742	-0.7686	-1.1054	-0.2940	-0.4360	-0.7612	-0.1017	-0.2609	-0.2933
-0.0003	0.4839	-1.2387	0.4522	0.1604	1.2130	1.3071	1.2789	-0.3227	0.2955	-0.3594	0.2696	-0.0815	0.9630	0.0892	-0.4451	0.4269	0.9360	0.7077	0.9062	-0.1849	0.0860	-1.2131	-0.5976	1.4197	-0.7320	-0.4130	-1.0577	0.9759	-0.9559	1.0431	-1.3666	0.0435	0.6214	2.3388	-1.5609	0.3046	0.3881	1.4316	-0.3016	0.4207	-0.5528	-0.5980	-0.7780	-0.9352	-1.2128	-1.3830	-0.0346	0.2899
-0.2580	0.5086	-0.0954	0.0039	0.1365	-0.0959	0.5493	0.3748	0.6965	1.2490	-0.0230	0.7080	-0.9114	0.1540	1.3245	-1.3501	1.5106	0.8875	0.8039	0.8706	-0.4107	0.2023	-0.6825	0.3981	2.2411	-0.2949	-0.5121	-0.5997	0.4073	-0.5424	0.4997	0.4569	0.9785	0.6119	2.2495	-0.7754	0.0851	0.5322	0.7391	1.1627	-0.5119	0.0172	-0.5862	-0.3910	-0.2419	-0.9781	0.3342	-0.0576	1.6230
-0.2421	-0.9253	-0.8907	0.3443	-0.3507	1.5920	1.2457	-0.0995	0.0890	0.4860	-1.3938	0.6172	-1.2061	-1.1037	-0.4982	-0.6643	-0.1575	0.2860	0.7164	-0.4962	-0.8900	0.4433	-0.6864	0.5529	0.8166	-0.6055	-0.5183	0.3369	-0.6938	0.7181	0.0782	0.2902	-0.7779	-0.6351	1.9111	0.4297	0.2377	-1.0093	1.9470	0.7985	-0.9739	-0.0432	-0.6075	-1.3503	-0.1410	-1.1801	0.4108	-0.1149	0.0890
0.1575	0.4791	-0.7472	-0.1107	0.0871	0.1909	0.4822	-1.1745	0.6295	0.2162	-0.1077	1.0355	-1.5910	-2.0482	0.5382	0.6524	-1.0178	-0.7181	-0.4592	0.3900	-0.3979	-0.1336	0.7933	-0.7857	-0.0183	-1.0232	-1.0327	1.4131	-1.2053	2.6950	-0.0039	1.7458	0.2753	-0.4081	-0.1278	1.6371	-0.5324	0.2929	-0.1546	0.5567	0.2436	-0.4138	0.3963	-0.4234	0.6812	0.6359	0.3146	-0.1714	-0.2615
0.1992	-1.3555	-0.8873	-0.2253	-0.2831	-0.8053	0.5883	-0.5875	-0.3999	-0.3299	-0.5301	-0.6788	-1.0171	-1.2801	-0.7191	1.2294	-1.1918	-0.9363	-1.0317	-0.6553	-0.5199	0.0087	0.7272	1.4156	-1.0548	-0.4868	0.0324	1.1883	-1.3589	2.0161	-1.1643	-0.2111	-0.8230	-2.5400	-1.5629	2.2855	-0.3138	-1.8228	-1.5713	-0.6490	-1.4424	0.5091	-0.2044	-0.8353	0.9077	-0.2961	1.0930	0.1549	-0.5463
0.6217	-0.1529	-1.8996	-0.7225	0.6205	-1.0553	0.6406	0.2681	-0.5198	-0.4678	0.1399	-0.6208	-0.4629	0.2330	-0.4927	0.9574	-2.1872	0.0189	-2.4033	-0.6237	-0.6709	-0.9973	1.4443	-0.0327	-2.2631	-0.6787	0.1606	0.7856	-1.5773	0.8822	-1.9267	-0.3867	-0.4484	-1.9718	-1.8088	2.5503	-2.3580	-0.3092	-2.3687	-0.3249	-1.5135	0.7578	0.1880	0.7045	0.7843	0.8130	0.2779	-0.3270	-0.2049
0.3892	0.0526	-0.8045	0.2392	0.0985	-0.4643	0.3818	-0.6202	-0.6962	-0.1998	1.3827	-1.6990	0.2103	0.0918	0.5708	0.0437	-1.6866	0.8614	-2.5549	-1.5883	-0.6716	-1.3312	0.5022	0.3448	-1.2998	1.5880	1.5821	1.1679	-0.4450	0.8286	-2.5209	-0.2065	-0.0060	-1.1012	-1.2932	2.4209	-1.3237	-0.2123	0.0446	-0.3675	0.3712	1.0635	-0.5675	2.0492	1.7244	1.9883	-0.1156	0.6878	-0.4148
0.7635	0.9056	-0.0636	-0.5826	-0.8952	-0.4189	2.8762	-0.0830	-1.0965	0.7486	1.0317	-1.4382	0.6272	-0.1161	-0.2405	-1.1546	0.0310	1.7254	-2.0802	-2.4003	-0.0485	0.6346	-0.7168	2.1764	-0.9662	0.7755	1.5964	0.5733	0.2125	0.6523	-2.0975	-1.6260	0.4920	-0.5175	-0.9774	1.5701	1.3799	-0.1336	1.2057	0.4201	1.2471	1.6111	-0.4108	1.6581	1.0533	1.2845	0.8137	2.1277	-0.0128