IC05	IC08	IC09	IC15	IC16	IC17	IC18	IC19	IC20	IC23	IC24	IC26	IC27	IC29	IC31	IC33	IC36	IC37	IC38	IC41	IC42	IC43	IC44	IC45	IC46	IC47	IC48	IC49	IC50	IC51	IC54	IC56	IC58	IC60	IC62	IC63	IC64	IC65	IC66	IC67	IC68	IC69	IC71	IC72	IC73	IC74	IC75	IC76	IC77
1.6216	0.1692	-1.2950	-0.7730	-0.9838	-2.2208	0.7090	0.0560	0.9023	0.3788	2.2530	1.0851	-1.3798	0.2731	-2.0746	-1.8066	-0.4452	-3.6061	0.1842	-0.2815	0.0829	-0.8725	-0.4329	-1.6412	-0.9427	-1.5432	-0.5011	-0.7794	0.8449	-1.2369	0.0230	-0.9222	0.2886	2.2779	-0.3526	-2.1389	-1.2101	0.5248	-0.4852	0.3254	-0.3365	-1.1508	1.8482	-0.9937	-0.0182	2.0849	-0.1975	-1.2463	-0.1226
1.4795	-0.1560	-0.5559	0.7596	0.0771	-0.4189	0.4903	-0.1879	0.5623	0.1838	0.5765	0.9445	0.3569	0.2918	-0.7609	-0.8175	-0.7134	-2.0564	0.0271	-1.0825	-0.4452	-0.9390	0.5778	-0.5243	-0.6140	0.1957	-0.5688	-0.4024	-0.7657	0.3901	0.2233	-0.6462	-1.2810	1.1843	-0.0619	-0.8461	-2.4168	1.5605	-0.1247	0.5301	0.1668	-0.7172	0.9919	-1.4117	-0.4115	0.4899	0.4279	-0.7418	-0.1590
1.0155	0.4660	-0.7061	0.9450	1.3509	-1.0969	0.2103	0.3168	-0.1320	-0.1723	0.9468	-0.1373	0.2120	-0.1917	-1.0684	-0.4973	-1.4562	-2.1891	-0.4363	-0.1294	-0.6965	-0.4500	0.0111	-0.8567	-0.5914	0.1897	-2.0685	-0.3125	-0.6618	1.1691	0.1147	-0.8054	-0.4953	0.5697	-0.7135	-0.8110	-0.4717	0.1330	-0.1633	-0.2738	0.1293	-0.0769	1.2467	-0.9754	-1.3688	-0.1231	0.2722	-0.5755	0.4621
1.0442	0.2641	0.0690	1.1777	1.0793	-0.9711	1.9675	-0.0302	0.2849	0.7087	0.4642	-0.4693	1.2793	-0.2264	-0.0374	0.4387	-0.2419	0.4775	0.4225	-0.2989	-0.6655	1.3623	0.0568	0.1085	0.3409	1.8975	-0.3384	0.7702	-1.0070	-0.0418	0.6284	0.2321	-0.4740	-0.2347	-0.4400	-0.0953	-1.5883	0.5557	0.5740	0.7662	-0.1735	1.1924	0.3147	0.0292	-0.6217	-1.9070	-0.3654	-0.0662	0.0060
0.7280	0.6515	-0.3684	1.3631	0.4426	-0.0227	1.3461	-0.0452	0.0846	-0.0367	0.1496	-2.1779	0.6140	-0.5553	-1.2830	0.5652	-0.2811	0.6478	-0.6958	-0.2074	-0.1819	0.5855	-0.5471	0.2962	-0.4058	0.9065	-0.0406	1.1889	-0.2845	-0.1034	0.1961	-0.9771	-0.2069	-0.2827	0.0483	-0.2695	0.9529	-0.1271	0.2062	-0.6304	0.7299	-0.4588	0.8926	-0.9465	0.3871	-0.0377	-0.8799	0.3945	-0.1492
1.0243	1.0096	0.6304	0.0327	-0.1486	0.9690	1.6306	0.7061	0.8166	0.2870	0.6786	-0.1427	0.1203	0.0520	0.0310	0.6677	1.1585	2.8290	-0.2849	0.2932	0.0397	2.0378	-0.4153	0.5172	-0.4570	0.3739	0.6225	0.3846	-0.6543	-1.0022	-0.8654	0.2381	-0.4450	-1.0109	-0.0460	0.3331	-0.7697	0.7829	-0.7919	1.1865	-0.0834	-0.5961	0.6769	-0.4183	0.3375	1.2330	0.7702	-0.3026	0.6586
1.0758	0.1663	-0.0807	1.0637	-1.6166	2.8314	0.6277	-0.2441	0.6789	0.7103	-1.4458	-1.3070	-0.4050	1.0513	-0.0870	-0.6644	1.3339	0.8900	0.7370	1.0200	0.3208	0.4531	-1.4091	1.3286	-0.2109	-0.2287	1.2538	0.1017	-0.8273	-0.2540	-0.3120	-0.7349	-0.8110	-0.9321	1.2739	0.9425	0.8994	0.2114	0.1398	-0.2847	0.5152	0.1087	0.4753	-1.1274	-0.2833	0.8496	-0.9421	0.5707	0.6021
0.2093	-0.2246	-0.0781	0.1286	-1.5532	0.0723	-1.5395	0.4612	0.4240	0.9713	0.4686	-0.0035	-0.2937	1.3155	-0.7776	-0.2794	0.8242	-0.7876	0.3965	1.8508	1.2448	0.6015	-0.7198	0.5342	-0.2944	-0.7239	1.0220	-0.3720	-0.0140	-0.4669	0.6446	-0.2055	0.2258	-0.2441	0.5521	-0.2984	1.0802	-0.1122	-0.0002	-0.7158	0.3903	0.1697	1.1232	0.2948	-0.5833	-0.7908	-0.4499	0.0301	-0.1837
0.8705	-0.1521	1.7838	-0.4660	-1.7486	0.5731	-0.9612	-0.0061	0.7765	1.1101	0.5022	0.3022	-0.5087	1.5785	0.8316	0.9697	0.9926	1.6609	2.3321	0.7190	2.6046	2.0413	-0.4915	0.3483	0.3413	-1.2539	2.1681	-0.1921	0.8292	-1.1386	1.1903	-0.2225	-0.6614	-0.0705	2.0659	-0.1244	-0.3591	0.9763	-0.5397	0.7402	-0.0729	1.1830	0.7414	0.5747	-0.3536	-1.3260	-1.2742	0.4529	-0.7810
0.2385	-0.7292	0.2165	-0.4807	-1.6251	0.6278	0.2339	0.0892	0.6452	-0.0060	0.1507	-0.3164	-1.4502	1.0123	-0.1556	0.4467	-0.5395	-1.0385	0.9210	0.4681	1.5135	-0.2335	-0.1076	0.3191	-0.3405	-1.6717	0.9823	-0.3796	-0.2803	-1.0275	1.2911	-0.5899	-0.5220	0.6142	1.5124	-0.8764	0.7086	-0.7057	-1.0628	-1.1256	-0.4430	-1.0260	0.7185	-0.7022	0.3189	-0.8680	-1.2530	0.1087	-1.8025
-0.8183	-0.5012	0.2371	-0.9996	-0.8929	-0.0522	-1.6466	0.6668	0.0320	-0.6763	-1.1014	-0.8909	-1.0576	-0.0398	-0.4510	0.8617	0.7377	-0.4258	0.1485	-0.0909	0.7379	0.4045	0.4430	-0.4637	0.0627	-0.4566	-0.3577	-0.5311	-0.9347	-1.6890	0.5492	0.7528	-0.5655	-1.1311	0.8758	-0.4096	-0.1451	-1.7064	-0.7680	-0.0395	-1.6831	0.5126	-0.0592	-1.3967	0.6718	0.0540	0.2553	0.0685	-1.5152
-0.7148	-0.8728	-0.7133	0.9089	-0.4194	1.1885	-0.9725	1.0835	-1.1657	0.1382	-1.4940	-0.6306	-0.8120	-0.5363	-0.4404	0.8522	0.1490	-0.1717	-0.8575	-0.6430	-0.3624	0.0853	-0.5861	0.0293	0.3380	-0.1490	-1.1885	-0.9462	-1.2689	0.3630	-0.4828	-0.0956	-0.6961	-0.3456	0.7309	0.1521	1.0580	-1.5678	-0.5362	-1.3668	-1.3329	-0.6575	0.6051	-1.5210	-0.1867	-0.8577	-0.1641	0.1814	-1.6341
-0.5107	-0.4069	-0.5279	-0.1916	0.1298	0.0952	-1.0079	0.8934	-0.3584	-0.9393	-0.3790	0.4073	-1.3030	0.4561	-0.4454	-0.4266	0.4666	-0.3666	-1.4044	0.6686	-0.5466	-0.9884	-0.4948	-1.7471	0.3913	0.4455	-1.1152	-0.7936	-0.6002	-0.5111	-0.8295	0.3216	-0.9060	-0.8246	0.0935	0.1479	-0.0465	-0.3616	-0.6398	-0.9974	-0.8303	-0.9801	0.5626	-0.4931	-0.4878	-0.4321	0.6083	0.0555	-0.9068
-0.5066	0.0615	-0.5114	-0.3815	0.7821	0.5301	1.1755	0.0241	-0.1442	-0.8981	-0.7475	0.8803	-0.3001	-0.0378	0.0683	0.6378	0.2301	1.5638	-1.1986	-0.4185	0.4469	0.8079	-0.0907	-1.5841	1.1224	0.8567	-0.3856	-0.7129	-0.1908	-0.4701	-0.3176	-0.4012	-0.0049	-1.1810	-0.2412	0.1489	-1.1553	0.4668	-0.5894	0.4895	-0.1721	-0.3235	-0.6072	0.1589	0.7302	-0.0360	1.1067	-0.1408	-0.5166
-0.7057	-0.1531	0.4191	-0.8811	1.6320	0.5005	0.8584	-0.2667	0.8347	-1.7313	-0.7481	-0.1399	-1.2409	0.1290	1.1305	-0.2274	1.2580	0.7875	-0.0093	0.3955	0.1030	-0.2435	-0.1371	-0.6507	1.7069	1.3527	-0.4801	-0.3198	1.0030	-0.0436	-0.5044	0.1985	1.2892	-0.2148	-0.6283	0.1823	-0.2305	-0.2084	-0.0366	0.2086	0.3562	0.1458	-1.0531	0.1020	0.3553	0.4386	1.0512	0.1939	0.5239
-0.5835	0.1302	0.1112	0.8429	1.2112	1.8761	0.4223	0.1010	-0.3574	-0.1778	-0.5477	0.3718	0.8863	-0.4880	0.9402	1.5799	1.1889	1.2124	-0.6537	0.2513	0.2547	-0.4020	-0.7238	1.3023	1.1845	0.4884	-0.4786	-0.2811	0.6875	0.6714	-0.2110	-0.0460	1.7303	0.1537	0.6174	0.9151	0.2677	-0.5923	0.7213	1.2873	0.8696	0.0293	-1.7273	0.5688	1.3337	1.3918	0.5393	0.2766	0.1073
-0.4151	0.0728	-0.2266	-0.6936	1.3547	0.9084	-0.1100	0.0696	0.4850	-0.2947	-0.4571	1.1237	0.2573	0.6338	1.4661	0.0942	1.7444	0.9801	-0.0088	0.1429	-0.7210	-0.2540	-0.6104	1.8917	0.4829	0.7001	0.9051	-0.1027	0.3439	0.7899	-0.3593	0.3226	1.8569	1.3650	0.4489	1.5001	1.0068	-0.6331	1.0225	-0.4113	0.1082	0.0366	-1.7146	0.8099	0.7379	1.7686	1.3542	0.4719	1.1183
-0.8545	0.3138	0.2443	-0.7616	1.3131	0.8277	-0.6037	-0.1513	-0.2487	0.2303	-0.6373	0.7952	1.0361	1.2982	0.2602	0.5571	0.8835	1.6360	-0.5247	0.0956	0.1927	0.4655	-1.1765	1.9456	0.0409	-0.9222	0.7695	-0.4686	-0.2049	1.0339	-0.5512	0.2518	0.9966	-0.5564	-0.5564	1.1900	0.7352	-0.2725	1.1153	-1.3546	0.1219	0.9846	-2.7325	1.2347	1.6905	1.6255	1.2628	0.6866	0.7490
-0.5766	0.2132	-0.0257	-0.1651	0.5429	0.4288	-0.0733	-0.2601	0.3198	1.6844	0.5694	1.0663	0.2895	1.0095	2.2006	-0.3012	0.9312	1.2493	-0.5057	0.9476	0.0777	0.2092	-0.4224	2.3293	-0.4601	-0.5906	1.5799	-0.0585	-1.5312	1.3665	0.3831	-0.0564	1.6564	-0.3912	-0.5588	1.0501	-0.0842	0.9967	0.6101	-0.2873	0.9121	-0.2719	-0.6924	2.2267	1.1055	-1.1050	0.5899	0.9119	0.8596
-0.4635	0.0882	-0.4440	-0.3937	0.8578	1.0245	-0.8493	-0.1153	0.4318	0.3816	0.4341	1.1937	0.8825	1.3047	1.4126	0.5498	-0.3500	-0.3803	-0.1951	0.6414	0.4556	-0.0532	0.2519	1.0103	0.0167	0.2799	2.3128	0.3183	-1.1309	0.9347	0.5379	0.8572	1.1923	-0.8818	-0.5861	0.3926	0.8418	-0.2784	0.2357	-1.1746	1.3874	-0.7033	-0.3716	2.7055	0.9068	-0.0067	0.7956	0.8008	-0.0501
-0.4156	0.1503	-0.0504	-0.3687	0.5999	0.6338	-0.8341	0.0761	0.4202	1.3981	0.7725	0.9396	0.1993	0.2297	1.1129	-0.4638	0.6468	1.7695	0.2720	1.0456	0.4195	1.4553	0.8014	0.1850	0.5479	-0.0423	1.4641	0.0280	-0.4139	0.4386	0.7081	0.5531	0.5485	-1.0819	0.4856	1.0353	0.4697	0.1951	0.3437	-0.0347	0.9525	0.2204	0.9671	1.1148	0.3138	-0.4217	-0.9600	0.8176	0.0995
-0.6967	-0.6450	-0.5137	0.3035	1.2554	-0.0111	-1.3918	0.1011	-0.0371	0.0090	-0.4700	0.1929	-0.2471	-0.6475	0.5621	-0.4769	0.0978	0.7026	0.1049	1.1741	0.0953	0.3101	1.2162	0.4177	0.1490	0.1501	-0.4859	-0.9265	-0.2009	0.7386	-0.0410	0.2366	0.4405	-0.4626	-0.5291	0.2002	1.4542	-0.9317	0.5468	-1.1924	0.0118	0.6488	-0.3499	0.3931	-0.3991	0.9043	0.5768	0.5592	0.3427
-0.5945	0.0648	0.4699	-0.6503	1.2520	-0.0268	-0.6096	0.1433	-0.5847	-0.3668	1.0512	-0.0620	0.6669	-0.9676	0.1162	0.0226	0.0475	0.9114	0.0451	0.6331	-0.3702	-0.1429	0.8323	-1.2623	0.1302	-0.4895	-1.6135	-0.0381	0.4514	0.3928	-0.8280	0.7100	0.2659	-0.5406	-0.8008	0.5902	0.4152	0.5426	0.4940	1.0425	0.2839	0.2957	-1.0260	-0.2673	-0.4299	-0.2740	-0.3058	0.0922	0.6583
-0.4345	-0.2669	0.0765	1.1328	0.0837	1.0625	-0.2264	0.1243	-1.3876	-0.5596	-0.3238	-1.8672	2.2791	-1.2007	-0.9653	0.6987	-0.7334	-0.3468	0.6827	-0.8293	-1.0656	-1.2970	-0.1799	-0.3850	-0.0694	-0.2707	-1.0864	1.2034	1.0325	2.1477	-0.3710	-1.0594	0.3771	-0.2656	-0.3930	1.5200	1.6509	0.4442	1.3721	0.2639	0.4950	0.1201	-1.4803	-0.7295	0.3892	-2.1773	-1.7004	0.2903	-0.0402
-0.6995	0.1027	0.5039	-0.1385	1.1040	-1.7414	-0.1778	0.0073	0.0694	-0.2759	0.8042	-0.7867	1.5657	-1.7138	-0.4339	-0.1828	-0.8902	-2.0432	0.4409	-1.5591	-1.6258	-2.2067	1.1148	-1.3183	-0.1437	1.3840	-1.2600	1.2663	2.6323	0.9294	-0.0164	1.0345	1.0247	1.1267	-2.0449	0.5088	0.3559	0.6189	0.4934	0.8747	0.2777	-0.7022	-1.3181	0.7792	0.4242	-0.6000	0.4545	-0.3399	0.8942
-0.1411	0.2847	0.4452	-0.0110	-0.1588	-0.8270	1.6176	-0.2961	-0.8530	0.1816	1.1549	0.3287	2.1556	-2.7139	-0.1272	0.3201	-1.2569	-0.1825	0.1899	-2.5915	-0.8850	-0.8708	1.2362	-1.0871	-0.1948	0.3098	-0.5390	1.1352	2.3715	0.4761	0.0761	0.1331	0.2926	1.4347	-0.7941	0.7554	0.0337	0.5795	0.3131	2.0914	0.4921	-1.1149	-1.0898	0.6431	0.3466	-1.4741	-0.1433	-1.0397	0.7219
0.1026	0.4613	0.6138	-0.7567	-1.2302	-1.1257	0.0218	-0.3344	-0.3684	-1.0369	0.3473	-0.0342	1.0260	-1.5112	0.4046	-0.7557	-0.9618	-0.7572	0.2396	-2.0803	-1.3059	-1.9227	0.5461	-0.9230	-0.0934	0.0871	-0.9631	0.5263	2.8888	0.0215	-0.0580	-0.0519	-0.5644	1.0904	-0.7106	0.5551	0.3987	-0.1543	0.1392	1.2540	0.5879	-1.3049	-0.8082	0.6098	-0.1522	-0.6536	0.9543	-0.7556	1.3946
0.0653	0.6453	1.1555	0.5103	-1.0609	-0.6079	-0.2030	0.2759	-2.2994	-0.4588	0.7493	-0.6123	2.1670	-1.4462	-1.6899	-0.0276	-1.0427	0.3161	-0.7717	-1.7176	-1.1556	-0.5427	-0.3759	-1.0236	-0.0436	-0.6907	-1.5350	0.6039	2.9413	0.1325	-0.5244	-1.1591	-0.9933	0.4834	-0.0185	1.0203	1.2268	-0.2456	0.9161	0.2171	0.2670	0.3475	-1.2342	-0.0575	0.2840	0.3280	-0.6591	-0.6911	1.0639
-0.1505	-0.0596	0.7476	0.5598	-0.4709	-0.1442	-0.0075	-0.1537	-1.4949	0.7619	-0.4505	-0.9886	1.6046	-1.4841	0.6399	-0.1036	-1.7404	0.6406	-0.4607	-1.9503	-2.2066	-1.9807	0.4302	0.4457	0.5083	0.1536	-0.8972	0.7283	1.9312	1.6612	-0.8782	0.3240	-0.5281	0.6533	-0.2137	1.0141	0.3314	0.1355	1.0599	0.8485	-0.3228	0.2369	-1.9292	0.8193	-0.5511	0.0501	-0.7121	-0.4097	1.0991
-0.1183	0.0288	0.4390	-0.5513	-0.2717	-0.4346	-0.8075	0.2046	-2.1291	1.1970	0.8001	-0.2425	1.1163	-2.5157	-0.7924	-0.3155	-2.4834	-1.3935	-1.0192	-1.4707	-2.0882	-1.9635	0.9392	-0.0533	-0.1176	-0.4226	-1.5939	-0.0003	1.3987	1.4279	-2.2287	1.0277	0.0776	0.1658	-1.3207	0.6213	1.0411	0.4571	0.6856	-0.0425	-0.2489	-0.3901	-1.3177	0.4430	-0.2580	0.4325	-0.8122	-1.6233	0.9921
0.3431	-0.3008	0.7295	-0.7430	-1.0838	-0.8111	-0.2518	-0.3118	-1.9801	-0.3572	0.1688	-0.2039	1.6166	-2.1702	0.3897	-0.5398	-0.7213	0.0239	0.3574	-1.7252	-0.5659	-0.6041	0.4507	-0.3351	0.7923	-0.6611	-0.0621	0.1040	0.9458	0.6978	-1.0941	0.6317	-0.5332	0.3293	0.1360	0.5312	-1.2276	0.6396	0.0984	2.1993	0.4068	0.8172	-0.9472	1.4930	-0.2846	0.1271	-0.6485	-0.9471	1.0155
-0.5251	-0.0050	0.9731	0.0885	-0.7390	-1.3359	0.3378	-0.5945	-1.5443	-0.8495	-0.1103	-0.3027	1.3725	-2.0677	-0.4048	-0.2460	-1.4893	-1.6021	-0.3927	-1.0646	-1.7773	-1.6478	0.5952	0.2855	1.0489	-0.8965	-0.4277	-0.1234	0.1539	0.6132	-1.4472	0.1523	1.0286	1.3402	-0.4464	0.4975	-0.0485	-0.0644	-0.1405	1.0731	0.4898	0.4701	-0.1359	0.3035	0.4388	1.8409	-1.8455	-0.2998	1.2218
-1.2799	0.3198	1.3517	0.4341	-0.1745	-1.4242	-0.1343	0.3538	-1.7101	-1.6542	-0.6314	-1.0804	2.2042	-1.9717	0.0453	0.7040	-0.5699	0.3050	-0.6679	-1.7279	-0.7379	-0.5836	0.9337	0.0265	0.8955	0.6899	-0.1560	0.1915	-0.6596	-0.2324	-1.4129	0.6039	0.1541	-0.0288	-0.1788	0.4450	-0.2681	0.1323	0.3641	0.0294	0.2416	0.9831	-0.6337	0.8210	0.9038	0.9424	-0.7854	0.4507	0.9064
-0.6945	0.4596	-0.1304	-0.0771	-0.5360	-1.2883	-0.0427	0.2894	-1.5420	-0.1603	0.1281	-0.4866	1.1073	-1.8132	0.4557	-0.1036	-1.1978	-1.1036	-1.3922	-0.7969	-0.1224	0.3428	0.3973	0.7241	0.3173	0.5777	0.0352	0.3052	-1.4252	-0.5298	-1.2480	-0.7101	0.1548	-0.4288	-0.5877	-0.2897	0.4155	0.1276	-0.0178	-0.6366	-0.4682	0.8975	0.2082	0.3649	0.7648	-0.3362	-0.8752	0.2779	0.4301
-0.6369	-0.2903	-0.2193	0.2048	-0.8731	-1.1671	-0.0435	-0.2109	-0.1379	-0.5191	-0.3328	-0.4980	0.0379	-0.8897	0.4093	0.0185	-0.0136	-1.2140	-0.8761	0.9276	0.7734	-0.1233	0.2878	-0.4281	-0.0714	1.1007	0.3099	0.7618	-0.4742	-0.1290	-1.0811	0.3797	-0.2109	0.1042	-0.3774	-1.5278	0.1893	0.2023	0.1597	-1.3877	-0.5797	1.5723	0.1314	0.2674	-0.4251	0.2078	0.6484	0.7038	-0.2933
-0.9346	-0.0222	-0.2979	-0.4401	0.0056	-2.1675	-0.2183	-0.1239	1.0109	0.8978	0.9104	0.3691	-1.3098	-0.0608	0.7049	0.4575	-0.7606	-0.0095	-0.3578	1.1820	0.4487	1.3403	1.2811	0.0632	0.9280	0.8286	0.1636	-0.1867	-0.4245	-1.2012	-0.4012	1.3937	0.0935	0.0405	0.0670	-1.7614	-0.5708	1.2371	0.1043	-0.7289	-0.0762	0.3898	1.6883	-0.4128	-0.2932	0.9488	1.2026	0.7134	-0.7350
0.1667	-0.8493	-0.1053	-0.2245	-0.1483	-0.2403	-0.4648	0.0815	-0.2814	0.4702	-1.2234	-0.1422	-1.5329	0.8917	-0.5047	0.6739	-0.1686	-0.5154	0.1999	0.7573	1.6401	1.6281	0.0742	1.5188	1.1047	0.1879	0.6305	0.1970	-0.9466	-0.8019	-0.7778	0.5564	-0.9037	-0.5936	-0.0409	-1.0095	-0.0719	-1.1419	-0.0264	-1.1918	-1.0205	1.7248	0.9211	-0.8199	0.2253	-0.0269	1.1704	0.0020	-2.0322
-0.5046	-0.4481	-0.9348	-0.6706	0.1539	-0.2557	0.2072	-0.1882	0.1792	0.7509	-1.6282	-0.2798	-2.1398	0.2625	0.0681	0.1272	0.1170	0.0602	0.1339	0.6940	0.7568	0.5209	1.3333	1.0210	0.7308	0.0872	-0.2644	0.0639	-1.2773	-0.7954	-0.3722	0.9947	0.1573	-0.9240	0.0151	-1.7213	-0.4824	-0.9008	-0.4524	-0.5015	-0.9119	0.9617	1.1590	-0.5826	-0.0460	0.6074	0.4614	-0.1632	-1.6895
-0.8855	-0.6814	-0.3896	-0.3198	-0.2198	-0.9349	0.0724	-0.1550	0.2694	-1.2420	-1.1185	0.7152	-2.7752	1.3229	-0.5561	0.2304	0.2262	0.3085	-0.4568	0.6897	1.6053	0.3357	0.5533	0.0292	-0.1142	-0.6874	-0.5661	-0.3464	-0.7343	-1.3350	0.5351	0.5444	-0.4686	-1.4617	0.0049	-1.0816	-0.2403	-0.2798	-0.3131	-1.5437	-0.0715	0.3795	1.3706	-0.9122	0.2681	0.1951	1.4047	-0.2553	-1.7677
-0.3388	-1.1245	0.0124	-1.2296	-0.1240	-1.4442	-0.5704	0.1399	0.6424	-0.5094	-0.8695	1.3274	-2.9734	0.8860	-0.1444	-0.6764	0.5062	0.1792	-0.1325	1.2734	0.8309	0.0595	-0.1082	-0.4308	-0.6737	-0.2412	-0.0009	-0.3045	-0.8131	-2.4444	0.8887	-0.0061	-1.1518	0.3095	0.3682	-0.9580	-1.0832	-0.1260	-0.9232	-0.6163	-1.0007	-0.6830	1.4607	-0.8665	-0.5005	-0.8309	0.6325	-0.7372	-1.4331
-0.8342	-0.9911	-0.6467	-0.7092	0.0424	-0.1468	0.5881	-0.0286	-0.0851	-0.1020	-0.9087	0.6574	-2.0128	1.2720	-0.1712	-0.0322	0.4865	-0.1652	-0.0332	0.7189	0.6638	0.6742	-0.2360	-0.3753	-0.4285	-0.5183	-0.1102	0.2764	-1.1344	-0.7986	1.1488	-0.8766	-0.9942	0.2879	-0.7427	-1.7596	-0.5307	-1.2699	-0.9352	-1.4364	-1.3342	-0.9895	0.9284	-1.4782	-0.6925	-0.8038	0.0673	-0.7340	-2.1227
-0.5113	-0.5066	0.1264	-0.6125	-0.4877	0.4924	0.1703	-0.2117	0.5723	0.6586	-0.7770	2.1083	-1.3842	2.1725	0.8631	-0.0420	1.4921	1.3726	0.6031	0.4024	0.0711	1.4415	-0.0187	0.4043	-0.7866	0.0777	0.8333	-0.0544	-0.5831	-1.0479	1.2961	0.4905	-1.3769	-1.2324	-0.8410	-0.5829	-1.5946	-0.4099	-0.6743	-1.1229	-1.0842	-0.1203	0.4475	0.3122	-1.0841	-0.3207	0.2047	-0.7541	-1.7018
0.7791	-0.7534	-0.2302	-0.1982	-1.0228	-0.4396	-0.0935	-0.6644	-0.7175	0.4996	0.5411	0.9190	-2.5575	1.1095	0.0660	-1.1591	0.4979	-0.2944	0.5072	1.1728	0.4348	0.6380	-1.2944	0.5280	-2.0300	-1.5892	0.1174	-0.6602	-1.3186	-1.4728	2.0311	-1.8283	-0.3830	-0.9776	0.1317	-0.5213	0.0274	-0.5879	-1.2941	-1.3372	-0.6437	-1.0775	1.5524	-1.2810	-1.8526	-2.1595	-1.3818	-0.4938	-1.5950
0.1083	-0.5491	0.0434	1.0016	-0.4705	0.7040	-0.3744	-0.8674	0.2190	-1.9931	-0.9316	-0.2583	-1.8123	1.4281	0.4999	0.3471	0.2741	0.3620	0.4108	0.9395	0.8128	0.0141	-0.7916	-0.7496	-0.7727	-1.6849	0.3778	-0.2689	-0.6940	0.1254	1.5478	-0.3511	-0.7124	-1.1857	-0.3793	-1.5183	-0.7058	-1.5322	-1.6291	-1.5352	-0.6802	1.1923	0.2673	-0.8082	-1.3383	-0.3531	0.0203	0.0807	-1.4505
-0.1261	-0.2508	-1.2427	-0.1384	0.4819	-0.5438	0.2274	-0.1768	1.2704	0.0981	-0.3423	1.8622	-1.7270	0.5241	1.1544	-0.3076	-0.4053	-0.5191	0.1727	1.4585	-0.5235	0.6252	0.4652	-1.0869	-0.8025	-0.6393	-0.2139	-0.7560	-0.7590	-0.9147	1.4363	0.6970	-0.5482	0.2007	-0.6666	-0.9552	-1.0417	-0.7784	-1.8260	0.0591	-0.7677	0.0950	1.3823	-0.6114	-1.5574	0.3036	-0.1492	-0.6228	-0.1100
0.0307	-0.6525	-0.2543	0.1749	0.5876	-0.2861	-0.8440	-0.3692	0.8400	-1.6000	-1.5006	-0.5419	-1.6748	0.8963	0.1758	-0.2499	-0.4872	-1.3010	0.7312	1.0375	0.8786	-0.2374	-0.0835	-0.8056	-0.9481	0.6003	0.1645	-0.2014	-0.4741	0.5837	1.2709	-0.0974	-0.8599	-0.0373	-1.0660	-1.0918	-0.2718	-1.9096	-0.7364	-1.0850	-0.3921	0.8341	0.5327	-0.6110	-1.4493	0.0136	0.4333	-0.0897	-1.1195
-1.0601	0.5478	0.9352	-0.1260	0.1716	-0.8858	0.2185	-0.5637	1.1024	-0.5821	-1.0218	-0.5549	-1.6460	0.7473	0.4900	0.4338	-0.6628	-1.0743	1.4128	0.0193	0.1814	-0.0215	-0.0269	-1.4964	-0.3772	0.2377	0.0736	-0.0603	-0.2456	0.1453	0.6710	1.1875	-0.7927	0.1221	-0.5152	-0.7954	-2.0205	0.4806	-0.6615	1.5618	-0.0276	0.5003	0.2349	-0.2813	-0.8841	0.8935	0.8846	0.8006	-0.9492
-0.8090	0.5623	0.5418	0.9452	0.5646	-0.3456	-0.1148	-0.5473	0.5470	-0.4708	-2.3124	-1.0032	-0.8746	0.4009	0.5245	-0.0402	-0.8681	-1.1468	0.5258	-0.4940	0.6551	-0.8150	-0.5351	-0.2012	-0.7576	1.6179	1.1351	0.2755	-0.8255	0.2358	1.1852	-0.3668	-0.6987	0.2310	0.1367	-0.5598	-0.7087	0.3473	-0.3924	-0.0493	0.2932	-0.3264	-0.1416	0.1858	-0.3675	1.0960	0.9667	1.2089	-0.7987
-0.1707	1.4265	0.8184	-0.5159	0.6887	0.5363	-0.8191	-0.7646	0.6992	-0.7960	-1.1873	-1.1348	-0.1760	1.0644	0.8023	-0.0765	-0.5987	0.1627	0.6716	0.1377	0.1708	0.0697	-0.1126	0.2748	-0.5633	1.0398	1.1738	1.0862	-0.2785	-0.1993	-0.0889	0.9158	-0.7556	-0.2243	0.0034	-0.5164	-0.7106	-0.5691	-0.8312	0.7116	0.2949	1.9021	-0.6254	1.3204	0.0200	-0.4405	0.6429	1.2570	0.4586
0.3980	1.4591	-0.0120	-0.4203	0.6462	0.3157	-0.3112	-0.6989	0.2198	0.2281	-0.0139	0.2225	-0.5574	0.9660	-0.6605	-1.3830	-0.9043	0.8881	0.2230	0.6769	0.5335	0.7593	0.0831	0.8991	-1.0494	0.0635	0.8284	0.6734	-0.8247	-1.0844	0.2710	-0.2218	-0.5815	-0.3452	1.5547	0.0956	0.2674	-0.4946	-0.6349	-0.3485	0.5686	0.1415	0.4752	0.8529	-0.6665	-0.7732	-1.1504	0.8625	0.9243
0.5954	1.3409	-0.8857	0.2184	0.0371	0.3530	0.1235	-1.0758	1.3175	-0.0593	-0.1927	0.1978	-0.9159	1.6299	0.5561	-1.5239	-0.2400	0.9420	0.4558	0.9482	0.4798	-0.3246	-0.1670	1.1083	-0.7307	0.5094	1.4097	0.4920	-0.3252	-0.1308	1.1882	-0.0074	-0.0497	0.2225	1.3452	-0.4215	0.0493	-0.5415	-0.7231	-0.9099	0.4778	-0.9429	0.5961	0.7010	-1.1454	-0.2531	-0.3162	0.5269	1.0552
0.3754	1.3770	-0.6619	-0.6005	-0.0348	-0.3997	-0.0122	-0.5797	0.9167	0.4685	1.5209	0.5643	0.5431	0.7645	0.1963	-0.9018	-0.2428	0.8324	0.1693	1.5499	0.2662	1.4303	-0.1621	0.6987	-0.8504	-1.3558	0.0814	0.0404	-0.0333	-1.6095	0.8882	0.0699	1.3977	1.1093	1.9808	-0.2070	-0.0254	-0.4174	-0.8311	0.7212	0.1547	0.0693	0.3266	-0.1930	0.1639	0.4087	-0.0563	0.5498	1.8604
1.0396	0.4395	-0.3091	0.3449	-0.7937	1.4377	0.3518	-0.2598	0.6485	0.3162	-0.2532	-0.3100	1.4813	1.0644	-0.3375	-0.7066	0.9831	0.5548	0.7690	0.9058	0.6388	0.4821	-1.0782	0.5444	-0.7858	-0.4088	0.5082	0.3688	-0.6415	0.7963	1.2489	-0.4926	0.1128	1.4259	1.4222	-0.0792	-0.0284	-0.4491	-0.0177	-0.3040	0.4112	-0.0993	-0.5129	-0.3217	-0.7024	-1.8874	-0.4302	0.5301	2.3772
0.4674	0.5740	-0.1662	-0.0964	-0.0679	1.3346	0.1090	0.3212	1.1128	0.9499	0.8493	0.4287	0.3519	0.8589	0.0155	-1.1421	1.5202	0.3195	1.0115	1.4160	-0.9217	-0.0592	-0.3240	0.0823	-0.3780	-1.0122	-0.2864	-0.6356	-0.0845	1.0073	0.3355	1.0779	0.8835	0.8145	0.1804	-0.1204	0.6824	-0.1308	-0.3163	0.2011	0.4658	0.1136	0.1683	-0.9749	-0.8706	-1.4819	-1.3898	-0.1148	2.7811
0.5158	0.2418	-0.1339	0.3495	0.5699	1.0869	0.1720	-0.7179	1.2646	0.6077	-0.1468	1.4262	0.9673	1.0932	0.1955	-0.7945	1.1186	0.8783	0.7798	-0.0839	-0.1037	0.9836	0.5450	0.6761	0.2918	0.3435	1.2771	-1.0415	-0.3024	-0.8867	0.6860	0.2768	0.4248	0.6643	1.5718	-0.2285	0.0708	-0.0160	0.1213	0.3105	0.0658	0.2179	-0.6172	0.5490	-0.4138	1.7362	0.9271	0.2247	2.7874
0.8444	-0.2647	-0.1559	0.4664	-0.0896	0.9461	0.9601	-0.7767	1.4419	0.3387	0.6028	0.5494	-0.7114	1.5292	0.9919	-1.5723	1.0893	-0.1723	0.8037	0.6717	-0.5746	-0.5564	0.4352	-0.4349	-0.2102	0.2699	0.2798	0.0896	0.5909	-0.4131	1.0016	-0.3517	0.3202	1.7103	0.9974	0.0829	-0.0134	0.7137	0.5109	0.5618	0.1290	-0.1066	0.2029	0.7694	-1.0903	0.9727	0.1651	0.8102	1.8477
0.6228	-0.4352	-0.0644	1.0476	-0.6498	0.8476	1.4682	-0.1501	-0.1346	0.8030	1.8306	0.9807	0.1388	0.6915	0.1295	0.1171	0.9234	0.1605	-0.0858	0.8303	0.1995	0.1299	0.0047	-1.6175	-1.6041	-1.0092	-0.4574	0.2757	1.1047	0.5728	0.7990	-0.9982	0.2082	0.7171	1.0698	0.7086	0.6749	0.2930	0.8735	1.3165	0.8226	-0.1278	0.0581	-0.2969	-0.2727	-0.2054	-0.4028	0.2094	0.5806
0.9680	-0.3539	0.1684	0.6169	-0.4453	0.8702	0.5746	0.0262	0.4166	1.4518	0.1529	0.5874	0.4645	0.9582	0.4610	0.9817	1.1221	0.7313	0.4451	-0.8498	-0.7372	-0.2000	-0.3979	-0.2020	-0.9664	0.5216	0.1990	0.3697	0.9413	1.0506	0.5307	-0.1722	-0.7957	0.4241	-0.2546	0.9934	-0.4173	0.1379	0.2951	1.8626	-0.2668	-0.2220	-0.7824	0.4753	-0.4713	-0.9696	-0.3079	-0.6866	0.4176
1.0985	-0.1501	-0.3252	1.0953	0.8233	-0.0385	1.1451	-0.1852	0.1834	0.5579	1.2674	0.4036	0.6926	-0.4261	-1.2037	1.7958	-0.5481	-0.6948	0.0286	-0.7478	-1.4902	-0.2249	-0.2887	-0.5280	-0.5586	0.3748	-0.7180	-0.2951	1.1841	0.8999	0.0101	0.0165	0.5090	1.1453	-1.7052	1.4473	0.7844	0.5712	-0.0067	1.8162	-0.6965	-1.5883	-0.4517	0.1413	0.2580	-0.3442	-1.0994	-1.5276	-0.1667
1.0751	-0.5295	0.0479	1.2367	0.1782	0.6827	1.2834	-0.5472	0.3067	-1.1108	0.9941	0.2902	1.6312	-0.3816	-0.6580	1.5228	0.8761	0.9895	0.1208	-1.5837	-1.0352	-0.3792	-0.0233	-0.1733	0.1881	0.5724	0.5198	-0.4211	0.4345	1.6678	0.3296	0.3852	0.3960	0.8496	-0.8036	1.7100	-0.4337	1.4410	0.6565	1.5583	0.1300	-0.7771	-1.2328	0.7625	0.3723	0.4120	-0.4645	-0.7816	-0.4569
1.0732	0.0380	-0.4431	0.0580	0.1645	0.9489	0.5008	-0.6487	1.1369	0.2962	1.8260	0.8930	1.1879	0.2632	0.0915	1.2426	-0.3641	-0.7647	-0.1449	-1.1480	-0.6299	-0.5155	0.1110	-0.1294	0.3575	0.2760	0.6097	0.0696	0.5159	1.1225	-0.4764	0.5520	1.0836	0.9301	-0.7142	1.1241	-0.3347	2.1651	0.3788	1.7863	0.4339	-0.8881	-0.0478	0.8751	0.9835	0.4026	-0.9223	-0.8486	-0.0981
1.8533	-0.2167	-0.0980	1.2264	1.4172	0.5320	-0.1962	-0.1276	0.8099	0.6689	1.3675	0.3866	1.0359	-0.2992	-0.6601	0.0648	-0.1890	-1.3241	-0.3615	-0.3039	1.5610	-0.9257	0.6110	0.6858	-0.3658	1.9029	1.3180	0.8189	0.8904	0.3068	-0.2620	-1.1323	0.0744	0.9252	0.9244	1.3605	1.1217	1.3342	1.1776	1.1513	0.3567	-1.1523	0.5070	0.4652	1.0572	1.3448	0.0935	-0.6185	0.0263
0.6009	-0.1170	-0.7665	0.6534	1.0495	0.1564	0.1560	-0.0029	1.2013	0.7840	1.0961	-0.1019	-0.2455	-0.1371	-0.0212	-0.7513	0.0971	-0.0191	-0.1859	-0.5856	0.5430	-1.0864	0.3945	0.4202	0.4853	0.4143	0.2180	0.6831	0.6561	-0.3515	-0.4687	-0.2999	1.2591	0.7566	0.9410	0.1096	0.4121	1.8138	0.8001	0.4566	0.0856	-0.5806	0.7015	0.0658	0.7376	0.6806	-0.0935	-0.2252	-0.5221
0.1050	-0.7551	-0.8932	0.6359	-0.6127	0.7353	0.6987	-0.1042	0.2755	-0.4968	0.2885	-1.9389	0.3320	-0.0534	-0.8460	-0.4643	0.5542	0.1205	0.3393	-1.1211	0.8684	-0.4434	-0.5823	-1.1450	0.4472	-1.8409	0.2880	0.6695	0.1869	-0.0487	-1.2954	-0.6434	1.1276	-0.2220	1.2901	-0.3131	0.1760	0.2551	0.9875	0.4028	0.2444	1.6909	-0.2631	-0.6929	0.2494	-1.0130	-0.8352	0.0480	-1.0244
0.2327	0.0403	-0.6422	-1.0000	-0.2659	0.2284	0.2797	-0.3449	0.6961	1.1032	1.2128	-0.9719	0.5221	-0.4897	-0.3805	-0.4483	-0.0232	-0.4460	-0.0801	-0.1268	1.0183	0.1778	-0.0931	-0.8039	1.2113	0.5276	0.7852	0.3332	-0.4694	0.7935	-0.8080	-0.6313	0.3356	-0.8693	1.4694	0.0594	-0.1748	1.0249	1.2879	1.3105	0.7142	0.0331	0.7534	-0.8391	0.7931	-0.6203	-0.0307	0.4911	-0.0817
0.4217	0.3134	-0.9421	-2.1859	0.5858	-0.7150	0.2333	0.8224	0.0390	0.5414	0.6313	0.1971	-0.4494	-0.4518	-1.8615	-1.5425	-0.9306	-1.4483	-0.4943	0.3443	0.4858	0.0119	-0.8419	0.3232	0.5959	0.1519	-0.2282	-0.4251	-0.9208	-0.3570	-1.5668	-0.6446	1.2407	-0.3711	0.5319	0.6387	1.4903	0.8027	0.9763	-0.0170	0.1294	-1.5340	1.1455	-0.7648	0.8677	0.4053	-1.0353	0.2123	0.2070
-0.1991	0.0087	-0.6469	-0.2666	0.2039	0.8668	-0.4405	0.1678	-0.0583	-1.4861	0.0408	-1.7265	0.5309	-0.6502	-1.0299	-0.8268	0.2172	-0.7082	-0.6357	0.4645	0.8591	-1.1433	-0.6536	-0.6187	0.7160	-0.4955	1.0165	0.5885	-1.2007	1.2416	-1.2601	-0.7749	0.2941	-1.8859	0.8492	1.2900	0.1743	0.5099	1.8227	0.7639	0.5336	0.0231	-0.0028	-0.1064	1.8823	0.1279	-1.1049	1.2050	-0.6227
-1.4212	0.5202	-0.1878	-0.8358	1.1105	0.1204	-0.7178	0.4184	0.1422	0.6462	0.8134	-0.9252	-0.4764	-1.0061	0.2274	-0.4110	-1.0093	0.9961	-0.8828	-0.1779	0.2282	0.8602	0.8577	0.5842	1.8366	-0.0992	1.0658	0.0785	-0.6290	0.5822	-1.3770	0.7365	0.5694	-1.2277	0.1205	0.0289	-0.4502	1.1091	1.0591	1.0829	0.5481	0.9379	-0.1195	0.0321	1.9983	0.8958	0.8079	1.4304	0.2039
-0.9494	-0.2371	0.0907	-1.3336	0.4267	0.3851	-1.8248	0.4192	-0.8534	0.0887	-0.1417	-0.9388	0.3253	-1.1749	-0.2707	-0.0718	0.0908	0.5737	-0.6355	0.1074	1.0089	0.5292	0.8797	0.2753	0.4367	0.7491	-0.5029	-0.1486	0.2949	0.4980	-1.1558	-0.2951	-0.0565	-0.7337	0.7589	-0.3064	0.3916	0.3776	0.5545	0.1178	0.0457	0.7665	-0.6847	-0.2134	0.4909	1.3915	0.3920	0.9142	-0.1801
-0.4644	0.0997	0.8776	-1.6385	-1.4768	0.0401	-1.9114	-0.3027	-0.8622	-1.0857	0.4547	-1.5041	-0.1603	0.2624	0.4426	-0.3505	0.6815	-0.3606	0.0940	0.7721	-0.2482	-0.2216	0.1703	-0.8193	-0.4396	-1.1833	0.0132	1.0868	0.9513	0.0011	-0.0583	-0.2023	-0.6470	-0.7468	0.5074	0.0318	0.4651	-0.0494	-0.0547	1.3209	0.1561	-0.3227	-0.0563	-0.3256	0.1403	-0.3572	-0.4122	1.0978	-0.8127
1.1431	0.4014	0.4448	0.0304	-0.7607	0.5230	0.7380	0.1432	-0.8568	-0.2091	0.7508	0.7510	-0.0197	0.4615	-0.8696	-0.3196	-0.1125	0.5332	-1.0204	-0.7216	-1.0037	-0.1736	0.1076	-1.0289	-0.7986	-0.6908	-0.6416	-0.1515	0.7872	-0.4591	-0.4844	0.7219	-0.2900	-0.0796	-1.0776	-0.0582	0.2265	-0.4663	-0.5805	0.7095	-0.0069	-1.9030	0.2360	-0.4168	0.3520	0.3726	0.2302	-0.1435	-0.7208
0.0871	0.0716	0.1260	0.5510	-0.8636	-0.3090	-0.3990	0.0617	-0.1339	-1.5650	-0.9709	-1.3679	-0.0002	-0.4109	-0.1603	-1.0533	0.9296	0.4967	-0.5388	-0.9288	-0.1185	-0.3553	-0.0744	-1.7127	0.2542	0.8839	-0.5952	0.1483	0.5295	-1.0780	-0.4711	0.4851	-0.6009	-1.6641	-0.9834	-0.1252	-0.7496	-0.3395	0.5386	-0.3096	-0.1711	0.3946	-0.8797	-0.0296	0.3897	-0.5576	0.4903	-0.0725	-0.4419
-0.2579	1.2574	0.1124	-0.1438	-0.3083	0.1686	-1.0210	0.4818	-0.6166	-0.3606	-0.6292	-0.4738	0.4002	-0.3616	-1.1785	0.1540	-0.1143	0.3324	-1.2437	-0.1632	0.5984	1.7663	-0.5351	-0.2837	1.1025	0.7705	-0.7872	-0.2123	0.4416	-0.3196	-1.0449	0.2075	0.1409	-1.4004	-1.3090	-0.5143	-0.0642	0.5415	0.6515	-1.3113	0.5182	0.6288	-0.7896	0.2336	1.7977	0.5093	1.2089	-0.2971	0.1099
0.2896	1.2544	0.2020	0.0218	-0.2692	0.8773	-0.9437	0.1093	-0.0890	-0.1385	-0.2146	-1.2704	0.8124	-0.7532	-1.2995	0.9437	0.3355	0.5542	-0.0560	0.4777	0.6876	0.7460	-0.1844	0.5894	0.8847	1.3803	0.7337	0.5115	-0.0065	1.0276	0.1067	-0.4964	0.4005	-0.7231	0.1613	0.4535	0.4206	1.1374	1.3842	-1.1704	0.8736	0.1607	0.1141	0.1434	0.9146	-0.6984	0.1225	0.9054	-0.0621
-0.6117	1.2613	0.3796	-0.3381	-0.1465	-0.8486	-1.2640	0.3963	0.3244	-0.4214	0.5639	-1.6726	-0.2375	-0.5536	-0.6438	0.9698	-0.3022	-0.0952	0.6654	0.3957	0.2532	1.9401	0.1025	1.3404	0.7553	0.1680	0.5383	0.2327	0.0163	-1.0573	0.6554	-0.5140	1.8471	-0.4301	0.7303	0.2193	1.4619	0.0384	0.3763	-1.9155	0.3793	0.2033	0.5489	0.2620	0.6807	-0.7704	0.8011	0.6734	-0.3773
0.1240	0.6161	0.5063	-0.7612	-0.4472	-1.4837	-0.4821	0.5017	0.4584	0.5405	-0.1650	-1.2206	-0.3274	-0.0346	-0.3807	1.5389	0.3001	1.3353	1.8176	0.1227	1.0761	1.0132	0.3103	1.0485	-0.3028	1.2675	-0.8879	-0.7932	1.1611	-0.0864	0.1330	-0.2289	1.1092	0.2593	0.8117	-0.6333	-0.1878	1.4576	-0.4602	-0.4945	0.8187	0.8224	0.2545	1.1160	-1.4488	0.2338	1.0832	1.1073	0.1845
0.4237	-0.2008	-0.2521	-0.9124	-0.7594	-0.3072	-0.9005	0.8306	1.1386	0.9543	0.2181	-0.6212	0.4346	-0.3689	-0.7227	2.9892	-0.9524	-0.6150	1.6699	-0.1494	0.9465	0.8489	-0.3725	0.8351	-0.5309	0.0922	-0.7523	-1.3010	1.0350	-0.5843	0.8149	-1.2520	2.1568	0.9644	1.5367	-0.8235	0.7275	0.6593	-0.9552	-0.7838	-0.0683	-1.1311	0.1236	0.5046	-0.7340	-0.0402	0.0447	0.2665	0.2730
0.5678	-0.5513	0.4418	0.0715	-1.5773	0.3303	-0.5625	0.9558	0.5148	-0.5020	0.3986	-0.9752	0.1454	0.4745	-1.0085	3.3467	-0.3048	-0.3390	1.0033	-0.3376	1.3362	0.3780	-1.8252	-0.3450	-0.7200	-1.2369	-0.8419	-0.2164	2.2291	-0.4438	1.2230	-0.9345	-0.2645	-0.9250	0.3761	-0.1320	0.9293	-0.5038	-0.6358	-0.9636	-0.2951	-0.6249	-0.6889	0.5374	0.0207	-1.0481	1.0004	0.3546	0.1459
0.0623	-0.8391	-0.7764	-0.1693	-0.6230	-0.4017	-0.3049	1.2836	0.4527	1.0266	-0.1648	0.1250	-0.0685	-0.4765	0.4266	1.1446	-0.1015	0.0155	0.1037	-0.1768	-0.2782	-0.1030	-0.6745	0.0579	-0.9321	-1.0547	-2.3511	-1.0086	1.9118	-0.7734	0.6873	-0.3752	-0.6319	-0.7722	-0.1061	-0.6027	0.4558	-0.0596	-0.5965	-0.4744	-1.1933	-1.7208	-0.2450	0.0843	-0.1551	-1.0047	-0.2077	-0.0763	0.6289
0.6247	-0.9345	-0.2872	0.4146	0.2671	0.3988	0.0279	0.7481	-0.2839	-0.2138	-1.1390	-0.3338	0.5977	0.3921	-0.4074	-0.5848	-0.1287	-0.4085	0.0494	-0.0009	-0.3524	0.0265	-0.7347	0.5965	-0.9423	-0.4870	-0.3486	-0.7051	0.3258	-1.3790	-0.1071	-0.4358	-1.3554	-0.4822	-0.6024	0.0329	0.3997	-2.0425	-0.4808	-1.6630	-1.1932	-1.2521	-0.5664	-0.5334	0.2934	-0.2970	1.0522	-0.1467	0.0679
-0.2677	-0.2815	0.1094	0.7515	0.3622	-0.2511	1.3687	0.4504	-0.2359	0.6617	-0.0514	0.5963	0.7245	0.1321	0.3755	-0.2689	0.9871	0.4259	-0.0464	-0.4634	-0.7282	-0.1316	-0.0895	-0.3725	0.0056	-0.0355	-1.0111	-1.4565	-0.1429	-0.2307	-0.5477	-0.1093	-0.7658	-0.3393	-1.1118	0.1656	-1.4602	-0.5805	-0.5307	0.3234	0.5929	-0.9685	0.1077	-0.4680	0.0536	0.7466	0.6741	-0.5890	0.0867
-0.1458	-1.1683	-0.6207	1.3693	-0.2115	0.4282	1.1878	0.6793	-0.2401	0.2391	-2.0995	0.8001	0.9954	0.3747	0.2338	0.3180	0.3396	-0.4789	-0.4437	-1.6314	-0.2457	-1.3310	-0.8366	0.8772	0.1740	0.1334	-0.8967	-1.4852	-0.5191	0.4175	-0.5238	-0.5126	-0.7897	0.4550	-0.7297	0.1194	-0.1032	-1.5726	-0.6168	-1.4868	-0.1742	-2.2100	-0.6031	-0.0304	0.0714	1.0475	0.2758	-0.6911	-0.2224
0.3554	-1.2329	-0.0900	0.6183	0.0147	-0.6403	0.3667	0.9660	-0.0765	-0.7180	-0.6248	0.8046	-0.2079	0.9174	-0.0501	-1.3129	1.0251	-0.6080	-0.6571	-0.4865	-1.5852	-1.8640	-1.3428	-0.4819	-0.5307	-0.4618	-0.0256	-0.5426	0.0923	-1.3178	-0.7171	0.0233	-1.1341	0.7360	-1.1290	0.4249	-0.2124	-1.1871	-0.2107	-1.0322	-0.5459	-1.3050	0.1604	0.0101	-0.2656	-0.2501	-0.0666	-0.6946	-0.1708
0.2172	-0.8526	-0.2496	1.3121	0.2371	-0.5995	0.5460	1.1004	-2.1780	0.2747	-0.0398	0.8253	0.5605	-0.0504	-1.0342	0.3332	-0.0856	0.7042	-1.4152	-0.7429	-1.2935	-0.1868	-1.8878	-0.0045	-0.1521	-0.8628	-0.7119	-1.7147	0.0605	-0.6889	-0.8954	-1.3931	-1.3635	-0.7797	-0.9421	-0.1383	0.3716	-0.3177	0.3428	-1.7449	0.0221	0.2367	0.8132	-1.6915	0.4760	-0.6096	-0.4366	-1.6962	-0.3993
-0.5292	-0.9449	-0.0510	1.1152	0.3848	0.5061	0.1673	1.2266	-1.8377	0.2697	-1.9652	0.0582	0.6894	-0.5927	0.3963	0.6196	-0.0918	1.2484	-0.6211	-1.3193	-2.3038	-0.9095	-1.1319	0.9123	0.9701	-0.5610	-0.8696	-2.6368	-1.4239	0.2007	-1.3743	-0.4419	-0.3615	-0.5760	-0.5794	-1.2461	-0.0742	-1.0887	-0.6325	-1.1398	-0.7253	1.3172	0.0293	-1.3112	-0.1287	0.3566	0.6996	-2.5423	-0.4391
0.0994	-0.6708	-0.1312	1.6293	0.3623	0.9753	0.7718	1.6301	-0.7931	0.6051	0.4689	0.4394	1.3875	-2.4502	0.3106	0.7634	-1.0416	-0.8743	-1.2371	0.2863	-2.8670	-1.6459	-0.4073	-0.1283	-0.2209	-1.6422	-1.7709	-2.2117	-1.8718	-0.2422	-0.9266	-1.0612	1.2242	0.9267	-0.0044	-0.7698	0.2742	-0.8484	-1.5323	-0.1737	-0.0688	-0.9233	0.8496	-1.9364	1.3100	0.8241	-0.3723	-3.2545	-0.3864
-0.1338	-0.5847	0.3418	1.0688	0.5811	0.8466	1.5138	1.4408	-1.0034	0.1378	-0.6404	0.6917	1.1704	-2.0369	0.4385	0.0242	-0.0029	0.6393	-1.1568	0.3825	-1.4184	-1.3367	-0.5814	-0.6864	0.6314	0.6372	-1.4514	-1.9127	-0.8603	1.4655	-0.9063	-1.1916	-0.8731	1.1357	-0.4849	-0.3250	-0.8814	-0.5637	-1.1135	-1.1995	0.2397	-0.0309	0.2821	-0.9658	0.4015	0.5262	0.3409	-2.3103	0.2587
-0.9535	-0.6971	-0.3060	-0.3772	-0.2475	0.9940	0.9209	1.7094	-0.5751	0.6016	-0.9625	1.0179	1.1370	-1.0861	-0.2401	0.4640	0.4400	0.0268	-0.3681	-0.1731	-1.8868	-0.4366	-0.1227	-0.7411	0.6771	-0.1056	-1.0792	-1.6000	-0.9290	0.1502	-1.2759	-0.1160	-0.5491	1.1845	-0.6214	0.0914	-1.0434	-0.3262	-1.2383	-0.4336	-1.0896	-0.4962	0.0706	-0.8113	-0.0986	-0.3957	-0.9098	-1.9347	0.0247
-0.0627	-0.0919	0.0601	0.0396	-0.0746	0.7138	-0.7494	1.4460	-0.5504	-0.5037	-1.5619	0.4292	0.8288	-0.1311	-0.0304	0.4023	0.9165	0.5039	-0.0752	-0.2007	0.5797	0.5309	0.5069	0.3023	1.4868	1.0783	-0.8810	-1.4786	-0.7161	0.2785	-0.3860	-0.1790	-1.0385	0.2698	0.3395	-0.2719	-1.0866	-0.7629	-0.2944	-0.2314	-0.8136	-0.0712	-0.6924	0.1291	0.2909	0.2028	1.2089	-1.0659	-0.2853
-0.6086	-0.4997	-0.0821	-0.7944	-1.1666	-1.4559	-0.5004	1.6370	-0.3425	-0.3574	-0.9933	-0.6959	-1.2340	0.9096	0.8289	-0.9382	0.7797	-0.2746	1.0099	-0.9204	-0.0673	1.1026	-0.3440	0.6397	0.6140	-0.7343	-0.3955	0.1976	-0.6361	-1.3420	0.6364	1.0030	-0.2568	0.6899	-0.8209	-0.0159	-1.0609	0.0803	0.2344	0.8032	-1.0308	1.3848	-0.6984	0.8728	-0.5600	-0.4226	0.4439	-0.0452	-0.9048
-0.5551	-0.2844	-0.1383	0.3394	-1.4486	-0.9220	0.6459	0.9526	-0.6973	-0.9718	0.1720	-0.1638	-0.7869	0.6377	-0.1127	0.6433	1.0093	-0.3983	0.2148	-0.8118	1.0020	0.9789	-0.0907	0.0594	-0.1669	-0.6113	0.4162	0.4453	-0.3224	-1.3320	1.4377	0.0592	-0.6130	-0.6545	-0.2037	0.9842	0.0161	-0.9215	0.2458	0.8983	-0.2770	0.7805	-0.5921	0.7877	0.5514	-0.0355	-0.1551	0.0156	-1.2057
0.6082	-0.5036	-0.0004	-0.0989	-0.6185	-0.4496	-0.0612	0.6734	0.0479	-0.5069	-0.2136	1.4157	-0.6593	0.9693	1.2599	-0.4318	1.8451	-0.0063	0.4755	-0.8089	-0.0919	0.1914	-0.1504	0.8675	-0.8613	0.2951	0.7240	-0.0147	-0.0679	-0.8380	1.2754	-0.0039	-1.0191	-0.2563	-0.4773	0.7305	-0.6973	-1.0270	-0.3810	0.4355	-1.6675	1.0148	-1.2995	1.5313	-0.4972	-1.0153	1.1528	-0.1785	-0.6227
1.1141	-0.3332	-0.2194	0.8494	-0.3035	1.5584	0.4107	1.5096	-1.0400	-0.0670	1.6891	1.5735	0.3358	0.1974	-0.5529	-0.0703	1.7170	-0.6229	-0.4908	0.0087	-0.6442	-1.0841	-0.3576	-1.2748	-0.7902	-0.0457	-0.4316	0.2454	-0.2960	1.5085	0.5538	-0.6287	-0.6323	0.2640	-1.3835	-0.0479	0.4196	-0.3793	0.1206	-0.0998	-0.5578	-0.2100	-0.4281	0.1515	-1.3993	-0.2424	-0.7335	-0.5223	-0.9075
0.6937	0.0067	0.7925	0.6214	-0.9199	0.4278	0.3176	1.2779	-0.7220	0.4521	0.9372	1.0418	0.5814	0.3633	-0.3417	0.6286	1.8812	0.6147	-0.2277	-0.0349	0.3961	-0.4482	-0.1933	-0.7436	0.4945	1.0965	-0.2324	0.1265	0.2271	1.2770	0.6094	-0.5883	-1.6558	-0.1885	-0.9871	0.7637	-0.7521	0.3813	0.3609	-0.1848	0.5457	-0.5364	0.1938	0.1845	-0.4645	-0.5978	-0.3899	-0.0054	-0.4758
0.6867	-0.4098	0.5261	-0.8138	0.6628	-0.7977	1.1449	1.4677	-0.4416	-0.3700	-0.0212	1.1903	0.3422	0.0385	-0.1434	-0.2264	-0.1593	-0.9914	0.2183	-0.0425	-0.0681	0.8575	-0.8750	0.3259	0.5963	-0.6743	-0.3786	0.3956	-0.0445	-0.9760	-0.3889	0.2542	-0.2575	1.0160	-1.4378	1.0467	-0.4574	-0.3310	-0.5486	0.0265	-0.3799	-0.7925	0.1161	-0.6002	-0.1741	-0.7414	-0.5442	-0.4416	-0.5569
0.2473	0.2978	1.1613	0.4337	1.1494	-0.5768	0.5725	1.2114	0.2469	-2.2319	0.0215	-0.2534	0.7428	-0.6331	0.9092	0.9534	-0.1353	0.0449	0.3084	0.0859	1.6770	0.5168	0.1054	0.2411	1.6216	-1.0242	0.7798	1.5639	0.4610	0.4674	0.2887	0.6693	-0.3432	0.5545	-0.8750	1.1390	-0.5433	-0.7340	0.1575	-0.4422	-0.1748	0.1958	-0.0373	-0.0167	0.9780	1.0435	0.2636	0.5490	-0.7866
-0.3624	1.1495	0.6161	-0.1793	1.7356	-1.4989	0.9711	1.4241	0.2845	0.2970	1.8959	1.7358	-0.3806	-1.5340	1.8889	0.5589	-1.1303	1.3643	-0.0450	-0.3476	1.1386	1.7463	1.2173	1.0600	2.0846	-0.6689	0.1645	1.6107	0.2105	0.6934	0.2463	1.8434	0.3992	0.5900	-2.2655	0.2031	-1.2842	1.4092	-0.0741	0.5112	0.3707	0.9872	0.5500	1.2580	0.7018	0.7547	0.8642	0.7046	-0.1754
0.6053	1.1638	0.3764	0.4967	0.7835	0.5564	0.6071	1.3472	-0.1232	0.7595	0.7928	0.2155	0.5038	-1.2434	0.2898	0.4401	-0.2041	0.7692	0.5749	-0.8582	2.0609	1.2309	0.3212	1.2151	1.2216	0.7539	1.6487	1.6683	-0.0737	1.3586	0.0170	0.6483	0.8805	0.7926	-1.3382	0.4657	-0.0181	0.4946	0.2769	0.4151	0.7367	1.0495	-0.1393	2.2482	0.3575	0.4485	0.8099	0.8586	-0.0231
0.4402	1.7648	0.0834	-0.5911	1.0266	-0.3335	1.1918	-3.9186	0.6743	2.0715	0.8181	0.0348	-0.5539	0.1275	1.0145	-0.5503	-0.2000	-1.3944	1.7007	0.5034	0.8842	0.8162	0.8853	0.3660	-0.4490	1.2299	0.8873	1.2789	0.6775	1.7095	0.5205	-0.7744	0.3233	0.5375	-1.1764	0.4610	-0.7757	1.9859	0.6800	1.3441	2.1809	1.5283	1.3548	1.5040	0.1329	0.1890	1.4205	1.0646	0.5357
-0.1949	0.6918	-0.5876	-1.0582	0.8699	-1.5788	1.0443	-5.4084	1.4355	-0.0710	1.3672	0.1360	-1.1825	-0.5035	0.0672	-0.4373	-1.9300	-1.3736	0.7215	2.3559	-0.4259	-1.5724	2.0666	0.1989	0.0524	0.5361	1.3517	1.8686	0.8608	1.6229	0.4100	1.9288	2.0426	0.3030	1.2814	-0.4346	2.2338	0.0320	1.2427	-0.0452	2.3513	0.2254	0.4684	0.3138	-0.7876	0.8784	-1.8313	1.0922	0.2343
-0.8372	1.1565	0.6038	-0.7384	0.1698	-0.3189	-1.0876	-2.8161	0.2565	-1.3792	-0.0383	-1.2475	-0.0353	-1.1827	0.1785	0.5511	-1.4950	-0.1801	-0.2659	0.6103	0.3325	-0.8979	1.2132	-0.5874	1.1393	0.4207	0.7463	1.7983	-0.5552	1.1843	1.0641	1.6261	0.5277	-1.6194	0.8555	-0.4554	2.0671	-0.2294	0.8891	0.4264	1.6600	0.6199	-0.1502	-1.3495	0.3902	0.7456	-0.2446	1.1114	0.8733
-0.3120	0.1060	0.6941	-0.7216	1.7770	-0.1393	0.0503	-2.1262	-0.9444	1.6565	-0.2357	0.3537	-0.6652	-1.2231	1.5579	-0.3144	-1.4121	-0.7508	-0.8408	-0.0632	0.1593	1.1626	0.0128	0.9323	1.6553	0.8777	-0.6636	1.2717	-1.3365	0.6319	-0.7350	0.7631	0.2904	-0.6867	-0.6839	0.5678	0.5994	0.5844	0.4622	-0.2438	-0.4510	1.6222	0.0405	-0.6350	0.0051	-0.1662	-0.4198	0.5241	0.8818
-0.9003	-0.4308	1.1053	-0.6994	1.2368	-0.1884	-0.0925	-3.0715	-0.7729	0.0883	-0.1252	-0.7773	-0.2412	-1.2291	2.0918	-0.4828	-0.7567	-0.0976	-1.1801	0.6590	-0.4037	-0.6833	1.7968	-0.2358	0.9788	1.9795	-0.4668	2.1811	-1.5768	1.3491	-0.4808	1.4388	0.2204	-0.9943	-0.0476	1.2109	-0.2273	0.3758	0.5272	-0.3881	0.1355	1.6237	0.0291	-0.1685	-0.8957	0.4953	-2.3020	1.1364	0.0334
-1.2950	0.7018	1.1713	-0.6420	1.2809	0.1254	-0.0072	-2.3499	0.1378	0.4389	1.7012	-0.2007	0.8263	-0.9435	1.2819	0.3959	-1.9839	0.8267	-1.5408	0.7234	-0.2680	0.5471	2.3051	0.0991	1.2658	0.1821	0.0597	2.4655	-1.2916	0.8704	-0.6262	1.5684	0.9930	-0.9597	0.1940	2.0585	-0.6057	-0.3388	0.0262	-0.9713	0.1669	0.1753	0.1001	-0.4580	0.9301	0.8689	-1.5434	1.0286	-0.0856
-1.1143	0.9813	1.2963	0.3285	0.2944	-0.6791	-0.2306	-1.6096	-0.6065	-0.2922	-0.2342	-1.6969	-0.8944	-0.4936	0.7929	-1.3034	-0.7089	0.4507	-0.6931	1.1026	-0.9856	0.0122	1.3818	0.9326	-0.1847	-0.3685	1.2466	2.3266	-1.1825	0.1586	-1.2518	1.6285	0.9332	-0.2724	0.2379	0.9558	1.3006	-1.5436	-0.0473	-0.6275	-0.3227	1.3966	0.2203	-0.7768	-1.0363	0.6547	-0.7285	1.0311	0.6493
-1.5091	2.1756	0.6672	-0.1397	0.4244	-0.5416	-1.5454	-1.4558	-0.5714	0.1588	1.5058	-0.5397	-1.4107	-0.5393	0.7581	0.5648	-1.0081	-0.6903	-1.1007	1.8283	-0.7593	0.0424	1.8488	0.2163	-0.4707	0.1716	0.1615	1.1368	-0.9283	0.5802	-0.1951	1.9444	1.2253	-0.8760	-0.7254	-1.4587	1.7693	0.5679	-0.4389	1.4666	0.8249	-0.2279	0.7011	-0.8000	-0.3030	-0.0570	-0.1339	1.0020	1.6794
0.2110	0.9480	0.6603	0.1020	0.7562	0.5105	0.1775	-1.4047	-1.2165	2.8209	0.1943	1.4193	-1.1766	1.5798	0.2716	-0.6162	-0.6555	-0.9127	-0.0521	1.0227	-0.7501	0.4253	0.1454	1.0211	-0.2591	1.5545	0.9781	2.1020	-0.6528	0.2099	-0.0993	1.1194	-0.1489	0.9237	-0.0028	-0.4087	0.0907	0.7426	0.1491	0.4496	0.8454	0.9574	1.3410	0.2774	-0.3583	-1.7357	0.2500	1.9058	1.4058
-1.7333	0.7547	0.3110	-0.7808	0.4218	-1.6245	-2.4790	-2.0403	-0.5534	0.0070	0.1077	0.1047	-1.7855	1.1933	0.3015	-1.4227	0.1918	-0.5135	-0.0306	0.5368	0.3545	0.2077	1.4817	-0.2286	-0.4018	-0.2217	0.1575	0.8544	0.3586	-0.9979	0.9643	0.9917	0.8651	-0.2822	1.3877	-1.2325	1.5139	-0.4121	-0.1035	0.1003	0.1953	1.4330	0.3143	0.1785	-0.8334	0.4356	-0.6823	1.3107	0.3824
-0.6414	-1.0028	-0.4456	0.3067	0.8368	-0.4941	-0.5146	-1.5163	-1.0431	1.0900	-1.4352	1.1155	-1.6423	2.5562	0.5161	-1.2673	0.0642	-0.1426	0.5015	-0.4455	-0.1209	-0.4201	0.1945	0.6603	0.0505	0.0273	0.3773	0.8701	0.5871	-0.3786	1.5625	-0.6788	-1.2362	-0.6275	1.8225	-0.1127	-0.3298	-0.2495	0.4158	-0.9453	-1.0485	2.4899	-0.5643	0.1101	-1.0395	-1.9340	0.8121	0.7095	-0.1236
-1.1874	-0.6356	0.0391	0.3287	0.2772	0.2813	-2.8564	-2.0172	-0.8284	-1.4909	-0.0426	1.1777	-0.9585	1.0309	-0.0525	-0.0953	0.9166	-1.4203	0.0890	0.1917	-0.1447	-0.5880	2.0063	-1.1451	-0.5460	-0.1127	0.5361	0.4521	-0.5239	-0.9959	1.1478	-0.1797	-0.0518	0.0950	3.0705	0.0802	0.5795	-0.4483	-0.0398	0.6029	-0.2239	0.2537	-0.0488	-1.2236	-0.3974	0.3466	-1.0005	-1.0991	-0.9339
-0.3732	-1.2404	-0.8580	0.3250	-0.3805	0.7843	0.9348	-1.8488	-0.9801	1.1958	-0.5328	1.5960	-1.3419	1.3008	1.2544	0.0949	-0.5594	0.7021	0.5792	-0.4931	-1.2930	-0.8652	-0.1555	-0.8088	0.0134	-0.6023	-0.4068	0.7324	-0.3877	-0.4027	1.0137	-0.3092	-0.6120	0.4765	1.7912	-0.3134	-1.1489	0.3112	-0.0601	1.4849	-0.2115	0.5847	0.5837	0.7322	-0.6058	-0.2438	-0.7777	-1.4809	-0.5798
-0.1854	-0.1799	-0.1038	-1.4864	-0.5079	-0.6265	0.1097	-1.2646	0.0133	-1.1695	-0.4729	-0.6293	-1.4277	-0.0143	-0.6155	-1.0130	-0.2933	1.0008	0.6490	0.5094	-1.3656	-1.6548	0.3800	-1.6747	-0.6355	-0.3859	0.1635	1.0297	1.5636	-0.9003	0.2072	-0.0597	-1.1092	0.8515	0.6337	-0.0154	0.1046	0.0753	0.1894	0.6274	0.7005	0.1957	1.5000	-0.4384	-0.8751	0.9662	-1.1096	-0.3956	0.1285
0.0651	0.4655	0.1611	-0.0301	-0.5698	-0.4442	-0.0627	-1.0341	-0.5240	0.3290	0.6513	0.1835	0.8432	-0.6299	-0.0969	-1.1202	-0.5672	0.9979	-0.0988	0.3070	0.7149	1.7393	0.0252	0.2400	-0.8665	-0.9609	0.4369	0.3466	0.8206	0.3190	0.2249	-0.0362	-0.7157	0.8591	0.3679	0.6891	0.2083	0.7089	0.5142	0.9239	1.3221	0.3127	0.2808	-0.1406	0.1214	0.9625	-0.1585	-0.0985	0.4209
-0.7149	-0.4363	-0.3645	0.7546	-1.4341	-0.1809	-0.2754	-1.3034	0.3311	-1.0263	-1.8736	-0.1486	0.1149	1.2566	0.3954	-1.6531	-0.9269	0.3973	-0.4633	0.0972	-0.4030	-0.5359	0.5039	1.0034	-1.1314	-0.2238	0.1676	-0.2048	-0.0202	0.3293	-0.0053	0.2830	-0.5995	1.2292	0.3542	0.3172	0.1457	0.4588	0.0662	-0.1596	-0.2931	0.1806	-1.1971	0.6671	-0.5714	1.0729	-0.3027	1.1484	0.6864
-1.8803	-0.4051	0.2941	0.1006	-1.8253	-1.2298	-0.8670	-0.2182	0.5351	-1.0437	-0.7456	-0.7311	-0.3571	-0.2668	-0.4661	-0.1773	-0.6811	0.0938	-0.9066	0.7403	-1.1974	-1.6225	0.7419	-0.1604	-2.2426	-2.9170	-0.4073	-1.0352	0.0362	-0.7389	0.5616	-0.1185	0.5548	-0.7370	0.2205	-0.1158	1.4378	-0.5364	-0.6779	0.0051	-0.6770	-0.9948	-0.9115	-0.5638	0.4358	0.1772	-0.6779	0.8224	-0.0204
-0.2337	0.1550	0.6075	-0.7056	-0.6881	-1.3372	-0.3458	-0.1952	-0.0596	0.4738	-1.8255	-0.5292	0.7585	-0.7006	0.3022	-0.1219	-0.7711	0.9736	-0.8548	0.4782	1.3022	0.0465	-0.3892	-0.1490	-0.7112	0.1717	-0.2629	-0.7961	0.3675	0.1029	0.0010	0.1624	-1.6781	-0.6609	-0.3220	-0.9699	-0.7761	-0.5949	-0.6222	-0.4414	-0.1112	-0.0884	-0.0637	0.6266	0.4285	-0.2183	1.4837	0.0405	0.3651
-1.4101	0.3088	-0.1772	-0.8891	-0.9896	-0.9921	-0.5663	0.0846	0.4923	-0.7658	-1.8092	-0.5342	0.7992	0.0241	0.4892	-0.9786	-0.2865	-0.6505	-1.2054	0.0640	0.2116	-0.3279	0.6769	-0.4925	-0.3561	0.1640	0.0698	-0.4074	0.4621	-0.4704	-1.2365	0.8084	-0.1748	0.8160	0.6974	-1.1977	-0.3703	0.0622	-0.6639	-0.5606	-0.2031	-0.9225	0.5064	0.2824	-0.2990	-0.0085	0.3906	0.5371	1.1473
-1.4936	0.3368	-0.0202	0.6622	-0.6429	0.0670	-1.7171	0.1092	0.0792	-1.4739	-2.0934	-0.4647	1.3439	0.7414	-0.3025	-0.5807	-0.2037	0.6369	-0.9592	0.8014	1.4782	0.5038	-0.0936	0.8405	-0.9558	0.7346	0.2543	-0.9604	0.6582	-0.1738	-0.1653	0.2291	0.3675	-0.2636	1.2891	-1.0983	0.9902	-0.5755	0.2759	-1.1296	0.0971	-0.6577	-0.7534	1.0908	-0.0931	0.4817	1.0698	1.2120	0.7325
-0.6253	-0.1482	-0.5673	-0.8265	-0.5072	-0.7538	-0.2183	0.2685	0.6771	0.8658	-0.5389	0.9247	-1.1193	1.2078	0.2716	-2.1159	-0.7745	1.2657	-0.4907	0.9979	0.8095	0.3969	-1.0569	0.8255	-1.1517	0.1057	0.4869	-0.7164	0.5808	-1.6291	-0.8213	0.8478	0.1630	0.5146	0.3335	-0.7323	-0.8014	1.1543	0.0058	1.0991	-0.1735	-0.0110	-0.5278	2.0450	-0.8661	-1.1635	-0.5886	1.1232	0.8171
-0.1193	-0.9871	-0.7249	-0.2854	0.0056	1.2700	-0.8022	1.0928	0.8774	-0.6717	-1.4360	-0.4900	-0.0020	0.1945	-0.7036	-1.4802	-0.9737	1.0196	-0.5870	0.2205	1.8037	-0.1209	1.1161	0.4255	-0.7853	0.3981	2.3180	-1.6124	-0.4890	-0.6575	-0.8204	-0.4099	0.2937	-0.0212	1.0050	-1.2861	0.0769	-1.2986	0.2772	-0.2490	-0.6720	0.8567	-2.0940	0.3700	-1.0989	-0.3109	0.0365	1.3710	0.7761
-0.4232	-0.6401	0.6038	-0.3285	-0.4491	1.2472	-0.7204	0.8764	1.7392	-0.8791	-0.2734	-0.0038	-0.2640	0.4099	0.2283	-0.7110	-0.3207	3.0141	1.0920	0.0133	1.2565	1.7584	0.7532	-1.2120	-0.4324	0.2875	2.1153	-1.8613	0.0020	-1.0383	-0.3277	0.5077	0.1701	0.6326	0.7427	-1.9091	-2.2286	0.2822	-0.4310	-0.1743	-0.2727	1.0692	-1.8808	1.3564	-1.6629	-1.2468	0.9103	0.8180	0.6748
0.0797	-0.8240	0.2778	-0.0259	-1.1874	1.5362	-0.1615	0.8934	0.9818	-0.8056	-1.0018	-0.6391	0.1347	0.3700	-1.1482	-1.2240	-0.2597	0.5574	1.1585	-0.2345	-0.1733	-0.3116	0.5332	-0.3089	-1.9661	0.0044	1.8890	-1.3073	-0.9243	-1.9429	-0.5400	-0.3764	1.2949	1.8881	1.4695	-2.0720	0.4890	-1.4531	-1.1580	-0.6278	-0.2257	-0.7781	-1.1427	0.1704	-1.4887	-0.4198	-0.5550	0.8718	0.5379
-0.0956	0.1328	0.7056	-1.2925	-0.1642	1.1919	-1.4969	0.5968	1.1219	-1.5349	-0.8942	-0.8041	0.0679	0.3534	-0.9786	-0.0892	-0.0925	0.0502	0.2416	0.0730	-0.1374	-1.3194	0.6560	-0.5358	-1.8594	0.0003	1.5893	-0.3068	-1.0344	-0.3110	-0.1335	-0.3385	0.5572	0.2814	0.2542	-2.1241	0.7936	-1.7771	-1.9151	0.6161	-0.8944	-1.6158	-2.1595	-0.6100	-0.4295	-0.4124	0.3931	1.1425	0.5425
0.6867	-0.7916	0.0447	-2.5398	0.2610	-0.7076	0.5598	1.1780	-0.4746	0.6289	0.0797	-0.3285	-0.9056	0.7216	-1.5411	-0.4750	-0.5753	0.8818	0.3241	-0.4183	-0.2757	0.2685	-1.1638	-1.1751	-1.7928	-1.5371	-0.1133	-0.4108	-1.0919	-0.9352	-0.8137	-0.2692	-0.6644	-0.9913	-0.8273	-0.3199	-1.2401	0.8197	-0.9576	0.4815	-0.7772	0.5767	-2.4137	-0.0311	-0.9401	-1.7222	-0.2886	1.0658	-0.3953
0.2585	-0.9890	-0.9385	-2.2978	-0.0350	-0.9037	-0.1596	0.7726	0.5273	-1.2617	-0.0752	-1.5421	-1.1193	0.1300	-0.8835	-1.0566	0.1248	-1.2098	0.7633	0.8695	-0.0860	-0.7418	0.6253	-1.1255	-1.3900	-1.1837	1.5692	-0.2059	-0.4147	-1.6135	-0.2289	0.5883	-0.1253	-1.4550	0.7654	-0.3854	-0.5300	-0.3215	-0.9598	0.8376	-0.6357	0.4808	-1.8063	-0.3588	-0.5955	-0.9737	-0.5194	0.4964	-0.6746
0.7939	-0.8397	-1.2860	-0.3803	-0.0717	-0.3462	0.1017	1.2439	0.2303	0.5767	1.2039	-0.0173	0.0404	0.6924	-1.5139	-0.0815	-0.8154	-1.9286	0.5306	0.7677	1.3114	1.2221	-0.4011	-0.8444	-0.4720	0.3889	1.0076	-0.8843	0.7292	0.2800	0.5829	-0.3542	-0.4491	-0.1044	0.0455	-0.7581	-1.0816	-0.2333	-0.6777	0.3821	-1.3213	0.5711	-0.9445	0.0163	-0.8968	-0.3871	0.3595	-0.6169	-0.1470
0.8709	-1.7898	-0.9385	0.0920	-0.3438	-0.0118	0.0944	0.9020	0.8492	-0.5896	-0.5286	-0.2335	-0.5816	1.3135	-0.3213	-0.8277	0.5911	-1.7798	1.7154	-0.5763	0.8674	-0.6532	-0.3052	-0.0929	-0.5784	0.9514	0.8321	-0.6314	0.8403	-0.2786	0.9280	-1.1248	-0.1020	0.9778	0.6759	-0.4935	-0.9021	-0.1476	0.1255	0.5218	-2.0048	0.0820	-0.1628	-0.0011	-1.7069	-0.4539	-0.8341	-0.4919	-0.8334
0.6960	-0.9292	-1.4092	0.6182	0.2354	-0.3237	0.0974	1.0431	1.5765	-1.0524	1.0196	0.9649	-0.4456	0.4769	-1.2988	0.5076	-0.5044	-2.4663	1.2837	-0.0670	0.4458	-1.3286	-0.3655	0.0613	-1.4535	-0.8145	0.4011	-1.4891	0.9660	-1.3906	1.4470	-1.3958	0.7658	0.9541	0.7781	-1.4028	0.6256	-0.0760	-0.5346	-0.6555	-1.1521	-2.0604	1.3388	-0.4531	-0.1893	-0.5164	-0.0324	-1.2991	-1.1839
1.3580	-0.4316	-0.7903	0.6403	-0.0655	-0.2777	0.5833	0.9926	1.2748	-1.1330	0.8323	0.8815	0.1959	0.2143	-0.6588	1.0510	0.8203	-1.0350	1.7013	-0.3185	1.6717	-0.9572	-1.9816	-2.0912	-0.8905	-0.7684	-0.9667	-0.7754	2.1526	-0.3346	0.9385	-0.6086	-0.8841	-0.3745	0.2116	-0.8552	-1.7395	1.0473	-0.4835	1.0084	-0.2149	-1.2487	0.8900	0.6177	-0.1925	-0.8009	0.5689	-1.5371	-1.2342
0.9833	-0.4238	-1.6360	0.4251	0.3494	-0.2953	0.6792	0.5821	1.8481	-0.4375	-0.5082	1.0520	-0.1488	-0.6742	-0.0323	1.0697	-0.3314	-2.1880	0.5873	-0.5340	-0.3585	-1.2320	-1.3994	-1.1006	-0.5367	-0.8305	-2.5868	-1.6277	1.2392	-0.3566	0.7495	-0.5752	0.1513	0.5849	-0.5485	-1.2155	-1.3282	-0.2448	-1.7441	0.6161	-1.5395	-2.9112	0.6140	-0.3935	0.0380	0.8188	-0.1945	-2.9498	-0.1389
1.9181	-0.1431	-0.9425	2.3004	0.5897	0.5730	1.2511	0.7578	1.1839	-0.6359	-1.0590	0.3892	1.5451	0.8194	-0.8159	1.9046	-0.3890	-1.5761	0.3810	-1.0108	-1.1277	-0.2451	-2.4825	-0.7165	0.5639	0.5528	-1.1605	-0.7248	0.6880	0.0748	0.0882	-0.5793	-1.6204	0.4468	-1.0198	-0.2076	-1.7659	0.1285	-0.4988	-0.2370	-0.6507	-1.7470	0.4462	0.1614	0.4975	0.0767	0.5754	-2.5970	-0.1039
1.3703	0.5263	0.0251	2.2882	-0.3025	1.3974	-0.0514	0.3623	0.0597	-1.3059	1.9673	-3.7978	1.9972	-0.2231	-1.1195	2.0612	0.6380	0.2938	1.1343	-0.1748	-0.2925	0.2783	-2.1411	-1.3179	-0.0051	-0.5585	-2.6176	-0.1148	1.8410	1.2441	0.7976	-2.6112	-0.3541	-2.2762	-1.2602	1.4339	-0.3911	0.1747	0.1914	0.9516	0.7957	-0.8452	0.3270	-0.7962	0.9550	-0.8264	-1.9999	-1.7608	-1.7639
1.7499	0.3405	0.3085	2.1041	0.9997	1.7918	2.0508	0.3793	1.5369	0.7840	2.0944	-0.4237	1.0100	-0.3661	1.6209	1.6612	1.0583	1.4626	1.4322	-0.5159	-1.0062	0.8061	-1.4714	0.6842	1.0967	1.2672	-2.5843	-0.0310	1.4381	1.3688	1.0316	-1.1117	0.6466	-1.0460	-2.4288	1.8723	-1.1036	0.4968	0.3147	0.4803	-0.4756	-1.8884	0.7900	0.4987	0.9984	-0.4300	0.7300	-2.7725	-0.6257
1.6502	0.3328	0.8538	2.0944	1.7050	2.1401	2.0058	0.1878	0.8810	0.7259	0.7672	0.4318	1.2536	-0.4364	0.6193	1.5759	1.3148	0.3888	0.8390	-0.7283	-1.3759	1.0312	-0.0784	1.4355	1.7034	1.8364	-1.8249	0.0412	0.9784	1.2865	0.3995	-0.6954	1.4962	0.3382	-1.9456	1.9647	1.1810	0.3466	2.2955	0.1345	-0.0546	-1.6996	1.7346	-1.4529	1.1791	1.3782	0.6699	-1.9642	-1.0080
-0.2252	-0.2393	0.8790	1.2006	1.0253	1.1664	1.4779	0.0624	0.3251	2.1683	1.2669	0.3733	1.6446	-0.5681	0.5634	1.7660	2.1241	0.6913	1.0802	-1.5323	-0.8094	2.4793	-0.3911	1.9152	2.3587	-0.8239	-1.1277	-0.3523	-0.0112	0.4541	0.0586	-0.3740	1.8484	-0.2452	-0.4485	2.7533	0.6368	1.8824	2.1253	0.2013	0.4033	-0.8028	2.6145	-2.5702	3.2064	1.7676	0.1375	-2.6934	-1.9633
0.0992	-1.2922	-1.2718	1.1551	-0.8219	0.9393	1.8717	0.4680	-0.1172	1.9040	0.6986	-0.0861	0.7107	0.2709	-1.4358	1.5304	1.5818	-0.9038	1.2811	-1.8139	-1.6867	0.3193	-1.1243	0.5960	1.3185	-1.4206	-1.8097	-0.1678	-0.2331	-0.3710	-0.8475	-0.5757	2.0179	0.3579	-0.1873	1.3606	1.1195	0.4553	0.6014	-1.1701	-0.5275	-0.8699	2.2453	-2.0356	2.1227	1.0215	-0.5699	-2.8403	-1.9482
1.4947	-0.5721	-0.6010	-0.7352	-1.1525	-0.6621	0.2758	0.7095	1.3630	-0.2794	1.1595	-1.5833	-0.0871	0.2563	-0.9294	1.9282	2.4177	0.0196	2.1448	-0.6819	-0.7625	-1.0349	-0.2775	-1.4221	0.5837	-0.8034	-2.2435	-0.6478	1.4351	-0.1168	0.8736	-0.3988	1.1223	-0.8290	-0.2767	0.2242	1.0126	0.2249	0.0689	-0.1406	-0.8338	-0.6513	1.2234	-1.5691	1.0463	0.1095	0.9643	-1.5120	-0.9346
2.5282	-0.2138	-0.5421	0.1718	-1.2411	-0.2469	1.2343	0.9945	0.5011	0.9018	2.0165	-0.1901	-0.0626	0.1913	-0.8024	1.5783	1.9784	1.3261	1.3742	-0.8287	0.8633	0.4835	-2.0827	-1.6402	0.2040	-1.1785	-2.4999	-1.2938	1.4548	1.0818	1.2523	-1.0441	-0.2244	-0.9835	-0.8183	1.0288	-0.0594	0.6917	0.2287	-1.1937	-0.6002	-0.3352	0.5798	-0.8049	0.3673	-1.8772	0.9028	-1.0682	-0.3523
1.9291	0.2767	-0.7656	0.0034	-1.5889	0.0085	0.7177	1.0195	1.9013	0.3913	0.1117	-0.9803	0.3720	-0.2378	-0.0200	1.3960	1.6215	0.7657	0.8390	-0.7903	1.1202	-0.5335	-1.5933	-1.0550	0.1303	1.4561	-0.0251	-0.4135	0.2614	-0.4993	0.5361	-0.5501	-0.0402	-0.2164	0.1864	1.0343	-1.2771	-0.4690	-0.1226	-0.5788	-0.8574	-0.8916	-0.1373	1.1041	1.5065	0.2407	0.4356	-0.1254	0.1783
1.3317	1.3883	-1.1152	-0.1357	-0.2199	0.2531	-0.1304	0.9137	1.0390	-0.1363	1.5782	-0.1057	0.1750	-0.2271	-1.0861	1.1216	0.8926	-0.3289	0.0641	0.4944	1.3859	0.4578	-1.4152	-0.7682	0.3713	1.7643	0.6275	0.2125	0.1370	0.6436	0.6056	-1.5376	0.0690	0.3678	-0.3233	0.9378	0.4450	0.3348	0.8829	-0.8108	0.6416	-0.7089	0.6449	0.5220	1.3178	0.7940	0.3275	0.2148	0.8654
1.3607	1.7061	-1.2680	-1.0079	-0.4620	1.8588	0.4536	0.5125	0.7278	0.6850	0.1696	0.3613	0.5316	-0.1138	-0.9980	0.7051	1.7231	0.9133	-0.0276	-1.0795	0.8347	0.2735	-0.9375	0.8775	0.7258	1.7632	1.3467	0.6440	-0.6492	1.4294	-0.7891	-0.6447	0.1613	0.3568	-1.3826	1.5632	-0.2588	2.4678	1.7718	0.3368	1.6609	0.1272	0.2280	0.9853	1.7521	0.1916	0.5328	0.6616	1.2333
0.7472	2.5819	-1.5475	-0.2445	-0.9103	1.4549	0.4269	0.3363	0.3606	0.6697	0.8709	-0.1360	-0.6312	-0.4741	-1.4365	-0.3460	1.8579	-0.8914	-1.2033	-0.3247	-0.2539	-0.2205	-0.8711	1.2021	0.5256	0.5121	0.5662	-0.0672	-1.5822	1.8341	-1.0499	-0.8727	1.2028	0.3727	-0.6959	1.0633	1.0892	2.1845	2.2034	0.3363	2.7377	-0.8239	0.8432	0.5617	1.6169	0.9439	0.7429	1.5683	1.9843
0.9175	3.4198	-1.0876	0.8619	-0.8307	1.8712	0.2662	0.2521	-0.4171	1.1632	1.1203	1.0108	-0.2654	0.1808	-0.4516	0.2971	1.3532	-0.0324	-2.3291	-0.5701	0.1947	0.4405	-2.1340	0.6516	1.4699	0.4621	0.7594	0.4996	-0.9360	1.9011	-1.7274	-0.6432	-0.6856	-1.7953	-1.2685	1.9669	0.2138	1.6318	2.2358	1.4895	3.6898	-0.3911	0.3911	2.4770	2.4280	2.0146	3.1648	1.5703	2.3081
-0.0635	2.6552	-2.2974	-0.0515	-0.9784	1.4516	-0.7140	0.4158	-0.8192	0.0773	0.4113	0.0402	-0.7180	-1.0469	0.2564	-0.3963	1.3593	-0.2436	-2.7872	-1.4241	-1.9356	-0.7166	-1.3980	0.7956	0.7365	-0.1272	0.8749	0.7614	-1.6794	1.8081	-1.8258	-1.2034	0.0229	-1.3595	-0.9680	2.0268	1.3835	2.0769	2.0634	2.7782	2.8748	-0.5827	0.3379	0.4621	1.6494	0.3346	0.3823	1.5780	2.2540
-0.5131	2.5145	-0.2140	-0.7605	0.0212	0.9633	-2.4697	0.6096	-1.4341	-1.5343	-0.5674	-0.9909	-0.3873	-0.5669	-0.4603	-1.1181	0.8756	-0.0283	-3.0258	-0.4936	-0.4035	-0.4980	-0.7892	1.3867	0.8228	0.8108	1.8676	0.5132	-1.3045	1.6462	-1.8361	-0.3395	-0.7829	-1.1230	-0.5991	1.1841	2.0142	0.2406	2.4534	0.9759	2.7022	0.8618	-0.5367	0.4157	1.4388	1.5271	1.9844	2.0677	1.1958
-0.2631	3.2149	1.2709	-1.7048	-0.0573	0.7991	-0.8379	0.4586	-1.2699	1.0523	0.6373	0.0801	0.3033	-0.7821	-0.3651	-0.9875	0.7229	1.0693	-2.3316	-0.7168	0.0738	0.2869	-0.1189	1.0578	0.9484	1.8500	1.3491	1.1063	-1.2824	0.0188	-2.1169	0.8038	-0.8394	-0.8811	-0.2276	1.8369	0.0708	1.2608	1.8591	2.0136	2.5107	0.4485	0.3975	1.5798	2.2258	1.9034	1.0286	1.7956	0.9577
-0.3555	2.0998	1.2022	-0.3013	0.0718	1.3894	-2.2574	0.2475	-1.6537	0.1066	-0.7844	-1.6804	0.3244	0.1568	-0.7522	-0.2339	0.6955	0.3402	-2.3821	-1.0823	0.9938	-0.3070	0.3173	1.7186	1.3826	1.8448	1.3000	0.7268	-0.6024	1.0059	-2.0871	-0.8079	-0.4011	-0.9807	1.4403	1.2050	1.3467	0.3354	2.0919	0.7372	2.3345	-0.3272	0.9569	0.8941	1.2825	0.6400	0.5519	2.1453	-0.3036
-0.4636	1.3922	2.2749	-0.1816	0.2035	-0.7591	-2.0702	0.5701	-0.4478	1.3570	-0.5109	-1.0275	0.4079	1.0200	0.1255	0.1222	1.1731	0.3333	-1.9079	-0.5790	0.8052	0.0063	1.0188	2.4230	1.4134	0.2745	-0.4200	-0.4132	0.0923	0.5920	-2.3034	0.3741	0.6553	-0.4245	1.5252	-0.2011	2.1654	0.4978	1.3159	0.6228	1.6169	0.1891	1.8712	1.0701	0.3795	0.0269	0.7208	1.8205	0.3987
0.3201	0.0683	1.1616	-0.5972	-0.6165	-2.2191	0.4983	0.9454	-0.7089	1.1005	-0.3288	0.9660	1.0183	0.5421	0.1769	-0.3268	-0.7999	0.5466	-1.2176	-1.5059	1.3544	1.0602	1.0370	-0.0057	0.5818	-0.0325	-0.9183	-1.1728	-0.5310	-2.1492	-1.4673	0.0647	-1.1125	0.4029	0.8596	-0.6401	0.2807	1.0908	0.5167	-1.7450	2.1409	-0.2017	2.3914	1.5637	-0.0421	-1.0094	0.7087	0.4318	1.3005
-0.6058	-1.0403	0.1640	-1.6911	-1.1080	-2.6319	-0.0176	0.4930	-0.1549	-1.2528	-1.1635	-0.5315	-0.5384	0.0115	0.8894	-0.7496	-1.1552	-0.2187	-0.4503	-0.1987	-0.1879	-0.0957	1.2304	-0.5090	0.2390	-0.9774	-0.8473	-1.3930	-0.1442	-3.2585	-1.0776	-0.1201	-0.4151	0.7351	0.5616	-2.0596	0.0465	-0.4403	-0.5203	-2.1071	0.1780	0.1750	1.1363	0.5617	-0.7493	-2.0389	1.2205	0.1099	0.8168
-0.0108	-2.1038	-0.5000	0.8333	-0.6522	-1.3392	0.1865	-0.1566	-0.9579	-0.1624	0.3220	-0.5778	0.0671	-0.5822	-1.4390	0.8211	-1.4025	-1.1026	-0.2889	1.9158	0.3196	-0.1231	0.0617	-0.4012	-0.9701	-1.9887	-0.8739	-1.6602	0.4400	-1.3812	0.3115	-1.1796	0.3469	1.1432	1.7408	-2.1892	1.8465	-1.7533	-1.0779	-2.0274	-0.5960	-0.3565	0.9106	-2.2027	-0.2192	-1.2572	0.0762	-0.1500	-0.2995
0.7106	-2.7888	-0.5427	0.5249	-0.5655	-0.5263	0.1303	0.4902	0.1078	0.5978	-0.8451	0.0428	0.5692	0.2016	-0.5175	1.1038	-1.4500	0.4127	1.3874	1.5410	0.8926	-0.5124	-0.2599	0.0331	-0.8066	0.0332	0.6278	-2.1770	0.5455	-0.3881	1.3998	-1.5210	-0.8409	1.4649	1.9771	-2.2159	-0.3061	-0.9773	-2.2201	-1.6471	-1.1668	0.6321	0.9205	-1.4730	-1.8451	-2.2658	-1.2010	-0.2468	-1.1621
1.0487	-2.9924	-1.0623	0.1113	-0.3759	-0.2636	-0.0026	0.8953	-0.3550	0.1784	-0.6350	0.4828	0.0511	0.7409	-1.5147	0.0107	-1.4440	-0.4230	1.3958	1.0091	0.9726	0.2971	-1.2562	-0.9629	-1.1372	-0.8171	0.4005	-1.6692	0.6954	-2.2710	0.9625	-1.6129	-0.6697	2.1433	2.0264	-2.0961	-0.5467	-1.4010	-2.7220	-2.1069	-2.1151	1.5121	0.2544	-1.0249	-2.5046	-2.0859	-2.2408	-0.6972	-1.1553
0.8260	-2.7441	-0.8029	1.8588	0.4333	0.0971	0.4615	0.6619	0.8494	-1.6323	-1.4613	0.1887	0.6307	1.0024	0.1273	0.4778	-0.5239	0.6509	2.0861	0.7533	1.7604	0.3007	-0.9955	-1.3817	0.1695	-0.5272	0.3238	-0.1255	1.3971	-1.2128	1.7746	-0.3234	-1.0870	0.8974	2.2737	-1.9925	-1.6068	-1.7277	-1.8818	-1.4943	-1.8903	1.6088	-1.0089	0.8159	-1.7769	-1.2929	-0.6156	-0.0568	-1.1503
0.4943	-2.6237	-1.0598	1.6427	1.6078	-0.5040	0.5826	0.7649	0.3589	-0.0451	0.1108	1.1832	-0.6159	-0.0018	1.7608	0.6723	-1.0475	0.0547	1.6152	-0.0822	-0.3316	0.2381	0.2425	-0.5084	0.2095	-0.8680	-0.5514	-0.2046	0.9887	-0.6135	1.3020	0.9802	-0.7073	0.4571	0.3245	-2.2628	-1.3772	-0.6845	-2.2222	0.1501	-2.1656	1.4321	-0.9039	-0.5254	-2.6992	-1.2696	-0.7634	-0.5335	-1.3492
0.3165	-2.9898	-0.6001	2.6500	2.1509	-0.6449	0.5460	0.3216	-1.5221	-0.9716	-0.7119	0.7665	0.7606	-0.5905	1.0832	0.2029	-0.4525	-0.5002	0.3664	-0.8926	-0.3454	0.0501	1.2649	0.4206	-0.1415	-0.4390	-0.3804	0.0626	0.0449	-0.8608	1.9375	0.4675	-1.1478	0.1171	-0.2270	-1.1544	-0.0530	-2.5560	-2.0254	-0.8282	-2.5634	1.7757	-2.0793	-1.8393	-1.6662	0.7667	-0.4731	-1.4691	-1.3191
0.6871	-2.3736	0.0653	0.8005	2.7235	-1.1258	1.8795	0.2534	-1.7276	0.5308	0.5421	2.6501	-0.7124	0.1083	2.0240	-1.5162	0.0226	0.6428	0.6346	-0.2503	-0.9866	0.9946	0.8203	-0.1217	0.2007	-0.3558	0.4335	1.2046	-1.1209	-1.8875	2.1286	0.6212	-2.3564	0.9037	-0.8975	0.3981	-2.0932	-1.8004	-2.1369	-0.5069	-2.6154	1.1841	-0.9623	-0.7941	-1.7241	-0.4364	-0.5552	-1.0471	-1.1493
-0.0229	-1.9247	-0.2377	1.1731	1.6793	1.4043	2.8033	-0.6988	-3.3314	0.1421	-0.1093	2.5725	-0.7927	-0.3025	0.3422	-1.4153	-0.9793	-0.0959	-0.0617	-0.2029	-1.0283	0.5912	0.7209	-1.0937	-0.5739	-1.2330	0.8620	2.1179	-1.5165	-0.8557	0.4626	0.2691	-1.6528	1.3800	-0.7722	0.4155	-1.0382	-2.0114	-1.4382	-2.0991	-2.2204	0.4260	-0.5452	-1.2148	-0.9623	0.2769	-2.5011	-0.1548	-1.6888
-1.2775	-0.6145	1.5231	0.0423	1.9521	0.1832	2.2921	-0.5038	-2.3616	1.3723	0.0219	1.7983	-0.0931	-0.5427	1.0863	-0.6048	-0.9146	1.6100	-0.8257	0.1861	0.0584	1.2300	1.0127	1.1165	0.3571	-1.9736	-0.6556	0.7645	-1.1334	1.2270	0.0459	1.8622	-1.5464	0.0058	-1.1817	-0.9816	-1.8307	-2.0795	-0.6083	-0.7338	-1.2182	0.6192	-1.6048	-0.4417	-0.3306	0.8688	-0.6935	0.2845	-0.0971
-1.2355	0.2376	2.4512	-2.2477	4.2195	-0.8466	1.0708	-0.5919	-1.7821	3.1762	1.9303	4.4453	0.2487	-0.7188	2.1790	-1.5525	-1.6264	1.4372	-1.4209	1.6246	0.2472	3.7719	1.6962	0.8754	1.6302	0.0990	-1.7430	0.2384	-1.7872	0.4330	-0.7254	3.0531	-0.8514	1.7493	-1.6817	-0.0331	-3.7052	0.8059	-1.5580	0.2231	-0.0119	1.3874	-1.8952	0.5114	-0.3653	1.8465	-0.7888	-0.3499	1.1164
-3.9438	1.1220	3.6702	0.0339	4.0590	-0.9520	-1.9739	-2.3084	-0.4784	-1.2203	1.2309	-0.9714	-1.4939	-1.0541	4.0243	-2.4269	0.3486	0.0811	-0.1323	5.0428	-1.5704	0.3063	4.3401	-1.2144	2.4104	3.4201	-0.0879	2.8077	-0.6510	1.2395	0.7003	3.8557	4.1496	1.5404	-0.1162	1.1910	0.6417	0.3268	-0.6782	0.7626	1.5229	2.4668	-2.0079	0.1848	-1.4078	1.4476	-2.1838	1.5272	1.2827
-2.3133	1.2118	3.9179	2.6467	3.0566	1.4238	-0.0941	-1.7633	-1.1223	1.1564	1.5438	0.1670	0.8356	-0.7387	3.9932	-0.1488	-0.5104	0.9900	-0.5486	3.6695	-0.7113	0.8389	3.2268	3.0883	0.9550	0.5486	2.1815	4.0413	-0.9410	2.0277	0.8275	2.8354	2.5446	1.4862	0.4113	1.6602	1.4950	-1.6241	-0.5639	0.1258	0.9958	2.1366	-1.4552	-0.2946	-0.1650	0.9794	-0.9858	1.4843	0.4562
-2.6518	0.8377	3.5438	0.0326	0.6859	-1.2051	0.6074	-1.4479	-1.0708	2.7137	1.8668	0.4740	0.0454	-1.1231	3.8220	-1.4319	-0.4590	0.8161	-0.2627	2.6456	-1.4665	0.4300	2.4320	3.7391	-1.2623	-1.3467	0.2154	3.1618	-1.0047	1.0124	0.8676	2.3406	3.3247	1.5171	-0.1430	0.5782	2.0470	-0.8596	-0.9643	1.3227	0.4266	1.7925	-0.6513	-1.0212	-1.0718	0.2017	-2.7953	0.8195	0.4025
-2.6513	0.5348	3.1279	-0.3620	-1.2246	-0.6606	-1.3321	-2.1577	-1.1271	0.3941	0.3236	-0.0548	-0.0929	0.0968	1.6607	-0.8120	-0.5075	0.7319	-0.2746	1.8824	-0.4798	0.0218	2.1708	2.4451	-1.0553	-0.1449	0.4142	2.1381	-0.3703	1.0991	1.3855	2.1291	1.5602	0.1717	-0.0286	-0.7588	2.3734	-1.0125	-0.7716	-0.4622	0.1167	1.7857	-1.0051	-1.3365	-0.8631	0.8816	-1.4797	1.2408	-0.2958
-3.0394	0.3523	2.8300	-2.3252	-1.6446	-2.0155	-1.9711	-2.0052	-1.2379	1.0150	-0.7591	0.9714	-1.3070	0.2319	0.1257	-1.3804	-0.8305	-0.1502	0.5550	0.8932	-1.4998	0.3332	2.4802	1.2012	-1.3895	-0.8195	0.1910	0.9731	-0.3503	-0.8165	0.5463	2.8488	0.8273	0.8740	-0.3746	-0.3908	1.2501	-0.5305	-1.0357	0.0727	-1.2041	1.0375	-1.3426	-1.1840	-1.4533	0.5523	-1.4973	1.6291	-0.4410
-3.2510	-0.1176	1.9464	-1.6654	-2.3447	-1.9420	-1.5207	0.1650	-1.7225	-0.3964	-0.4853	-1.0949	-0.8158	-1.3928	-2.6931	-0.2581	-2.1904	-1.5093	-0.0266	0.2313	-1.6750	-0.5029	1.3880	-0.4820	-1.7320	-2.7823	-1.1108	0.6766	0.2952	-0.3161	0.5020	1.4489	-0.6891	-1.9684	-1.4824	-0.2355	2.0582	-1.8297	-1.0310	-1.1498	-1.1205	-0.4039	-2.1286	-2.3285	-0.6358	-0.6958	-1.1109	0.4559	-1.5796
0.4258	0.5666	2.8680	-4.1117	-0.1727	-1.9534	2.9767	2.8622	0.7668	0.9242	-0.9688	1.1542	0.8168	-0.9092	0.0851	-1.0000	-0.8258	0.7687	0.4043	-0.2830	-0.2042	1.2238	1.1606	-1.4494	0.8943	0.6291	-0.8963	0.6195	-0.2909	0.8153	-0.0406	1.6351	-3.2856	-0.8245	-3.2496	0.4929	-2.6273	0.0310	-0.9274	0.5828	-0.7431	0.0542	-1.8740	0.2532	-1.0693	1.2804	0.7003	-1.2487	-0.2966
-1.3302	-0.3430	1.0870	-1.9789	-0.5979	-2.1743	-0.0872	-1.4176	-1.5926	-1.6583	-1.7293	-1.5567	-0.0341	-2.2924	-1.7401	0.0666	-2.1523	-1.9403	-1.1034	-0.2480	-2.1557	-1.3398	0.7008	-2.8948	-1.3323	1.3436	-2.6913	0.3111	-1.5067	0.5829	-1.2417	1.2491	-0.8981	-2.0085	-1.6948	1.0586	0.0596	-0.5330	-0.8514	-0.6391	-0.8188	-0.6829	-0.6100	-1.3368	-0.9561	1.5495	-3.3626	-0.8296	-1.4279
-2.5229	-0.3540	0.6227	0.0803	-0.8836	-0.8687	-2.1520	-0.8866	-1.3863	-2.3226	-2.1403	-2.6218	0.3172	-1.3586	-1.2751	0.9224	-2.1065	-1.4894	-1.4489	-1.2274	-0.9022	-1.4589	0.4980	-1.7511	-0.8071	-0.5466	-0.1278	0.1769	-1.4315	0.1348	-1.2111	1.4479	-1.1301	-3.5057	-0.7589	1.0190	-0.3098	-1.4158	-0.6930	-1.8643	-1.1779	-0.4804	-1.1666	-1.3599	0.7354	-0.4741	0.7568	-0.1109	-2.0564
-1.2822	-0.2179	-0.3585	-0.8217	-0.5673	-1.2439	-0.7079	-0.3553	-1.3795	0.2313	-1.3558	-0.9762	0.1854	-0.9583	-1.3162	-0.0898	-1.9630	-1.1515	-1.0073	-0.8177	-1.0485	-0.2063	-0.4795	-0.9597	-0.8420	-0.8903	-0.5893	-0.0012	-1.4111	-0.8049	-1.0749	-0.1966	-0.4288	-1.1960	-0.4401	1.0904	-1.2902	-0.4990	0.0041	-1.0839	-1.4197	0.3129	-0.2252	-0.5179	-0.3830	-0.2368	0.8936	0.0095	-1.3565
-1.1452	0.8308	-1.2666	-1.2630	-1.0726	-0.4777	-2.1448	-0.9608	-0.5216	-2.4363	-2.4986	-1.8324	0.4230	-0.5356	-0.7744	0.9430	-1.2285	-0.8749	-0.3891	-0.3081	-0.3854	-1.9633	-0.1037	-0.7687	-0.5023	0.1629	0.2450	-0.5604	-0.2239	0.5833	0.3268	0.2927	0.4504	-1.1785	0.5692	0.0667	-0.0897	-0.8930	0.2239	-1.1982	-0.0310	-0.5488	-0.4957	-0.3567	0.1480	1.2511	1.4298	0.6001	-0.4437
-0.7246	2.2540	-1.4898	-1.0374	-1.1467	0.3040	-1.4022	-0.7072	0.4157	-1.9400	-0.9591	-0.9063	0.6225	-0.3556	-0.6493	1.7157	-1.2312	-0.3107	-0.5531	-0.2003	0.1312	-1.1947	-0.0220	-0.8302	0.3173	-0.9156	0.9732	-0.7346	-0.1233	1.4878	-0.4189	0.8008	0.0466	-1.6775	0.0404	-0.1536	-0.2446	0.3569	0.6506	0.2770	0.5113	0.0939	-0.0470	0.7206	2.0602	1.5085	2.4032	0.6513	1.0544
0.2249	0.8253	-1.9978	0.0813	-1.6018	0.9803	-0.2779	-0.9327	0.1257	-1.1226	-1.5449	-1.2514	0.3334	-0.0653	-0.8879	-0.3862	-0.0692	-0.1755	-0.8504	-0.7826	0.4017	-1.7486	-1.3417	-0.3908	0.2738	0.0031	0.9168	0.1289	-0.4113	1.0467	-0.6636	-1.5989	-0.6469	-1.1978	0.5156	0.3011	-0.6916	1.0162	1.7606	0.9036	0.7140	-0.8070	0.3615	2.1455	0.9088	-0.7863	1.2446	0.3572	1.4168
0.2658	0.7910	-2.8771	0.0469	-1.7748	0.5260	-1.0450	-1.0966	1.3717	-1.0577	-0.0931	-1.3422	-0.5665	-0.7828	0.0742	0.0576	0.0863	-1.1898	-1.2829	-0.9044	0.0655	-2.8252	-1.4164	-0.6984	0.3513	-0.3728	0.1708	-0.4446	0.3613	1.3622	-0.6335	-1.7961	0.9034	-2.0937	-0.2965	-0.2808	0.2216	3.3300	2.1559	2.3690	2.0417	-1.6147	1.1150	1.4663	1.3626	-1.4912	0.8424	0.0235	1.4305
1.0869	1.1535	-1.5166	1.9845	-0.4708	1.5470	-0.1700	-0.2237	1.0890	-1.1184	-0.1646	0.1646	1.0571	-0.7635	-0.4027	1.0444	0.8435	-0.6221	-1.0956	-2.2549	1.1023	-1.7253	-1.0981	-0.9067	1.2097	2.0648	0.9302	-0.3397	0.6618	1.4703	-2.1620	-1.1877	-0.1195	-2.0706	-0.5597	1.3355	0.0108	3.1201	2.9039	2.1447	2.6133	-0.5383	0.9711	2.3612	2.6208	1.7892	2.3167	-0.9421	1.7641
-0.0112	1.1202	-2.3294	1.2022	-1.1308	0.5617	-0.1074	-0.2121	1.1275	-1.0916	-0.8285	-0.2617	-0.1267	-1.0159	0.2616	0.5151	0.8703	-0.9740	-1.4702	-2.5246	-1.4904	-2.3927	-0.2441	0.2296	2.2392	2.1855	-0.5653	-0.9245	0.0927	0.9041	-2.7849	-0.9543	0.9563	-0.3563	-0.4642	1.5741	1.1444	2.5477	2.8936	1.4923	1.9348	-1.4438	1.9793	1.1737	1.8475	0.9515	1.2013	-1.7749	2.4631
0.0627	0.9301	-1.8875	1.1393	-1.6457	0.4130	-1.6570	-0.0274	0.3582	-1.8061	-0.8449	-0.7883	0.1340	-0.7028	-1.0322	1.9548	0.0469	-1.6051	-1.4766	-1.2707	0.4340	-1.6218	-1.1168	-0.0898	2.3967	1.3102	-0.8468	-1.4321	0.8575	-0.0823	-2.6096	-1.3783	-0.1294	-1.1331	0.1795	1.1283	1.9483	1.6310	2.8287	0.3001	1.4405	-1.2304	0.7018	0.0392	2.3304	-0.1832	2.5228	-1.1854	0.7159
1.4583	0.6729	-1.6849	0.8883	-0.5144	0.0422	0.7722	0.1479	1.9017	-0.1853	0.8196	0.7589	-0.7538	-0.3692	0.4819	1.3797	0.3015	-0.9159	-0.5567	-0.2174	0.4938	-1.1675	-0.2406	-1.2728	2.0632	2.3088	-0.7774	-1.4558	0.7016	-0.9384	-1.5385	-1.7921	-0.5494	-0.0838	0.8918	0.1791	0.0102	2.6615	1.8652	1.5797	0.9420	-2.2713	2.3503	1.3220	1.0660	-0.5548	1.6291	-0.7677	1.0271
1.0582	-0.7929	-1.2841	0.8396	-0.6537	2.0843	-0.3809	0.2536	1.4911	-1.7880	-1.3261	-0.0717	0.2497	1.6331	0.0214	1.0001	0.6204	-0.5959	0.2984	-0.0773	0.6967	-0.1133	-0.5100	-0.0573	1.4328	0.6446	1.0155	-1.7290	0.7890	-1.0215	-0.9021	-1.7743	-0.3593	0.0466	2.0620	-0.2247	0.1631	-0.4197	1.3370	0.1710	-0.4779	-0.9407	0.6684	1.2908	0.4099	-1.7137	0.6828	0.0772	-0.6815
1.0843	-0.9902	0.2319	0.6491	-0.0086	1.5644	0.2316	-0.2318	1.7104	-0.2730	0.7261	0.4449	0.3570	1.7315	0.9392	0.1222	2.5801	1.5200	0.9899	0.2737	1.6358	0.9744	-0.7978	-0.4829	0.7890	0.7544	1.1458	-0.9350	1.7675	-0.1365	0.0891	-0.8651	-0.3989	0.4855	2.4829	-0.1313	-1.2485	0.2801	0.9193	1.3738	-0.8300	-0.1511	-0.1726	1.5015	0.4709	-1.5442	-0.7107	0.0896	-0.5469
2.0815	-0.7197	-0.7160	0.5076	0.7537	1.3927	0.4484	-0.2247	1.5502	0.6507	0.1798	0.2349	-0.7321	3.0198	1.0063	-0.8491	2.1078	2.2068	1.3310	-0.5302	1.7910	0.8302	-1.1613	1.5984	-0.5528	1.3557	1.0093	-0.5397	2.2863	0.4023	0.7761	-1.3412	-0.0531	1.4658	1.5238	-0.9499	-0.5137	-0.4089	0.3443	0.0223	-0.3824	-0.0077	0.2550	1.4554	-1.2245	-1.3989	0.1720	0.1471	0.6771
0.9431	0.1881	-0.5904	-1.2549	0.2595	-0.3415	-0.6537	-0.2950	2.5316	0.6654	0.8607	0.5678	-1.3902	2.5764	0.9213	-1.0733	2.0890	0.8836	2.0787	0.3863	1.3376	0.3149	-0.9359	1.5548	-1.5628	-1.5277	0.3015	-0.4044	2.6697	-0.2336	0.7784	-0.5121	2.4219	1.3212	0.8945	-1.0883	0.7259	-0.4437	-0.0807	0.9247	0.3073	-0.5126	0.9454	1.3621	-0.3931	-1.3320	-0.9831	0.1474	0.8209
1.3503	-0.1368	-0.9968	-0.4526	-0.0791	0.5881	0.0601	-0.4550	2.5011	1.3462	-0.5353	0.3945	-0.7932	2.1166	0.0253	-1.0429	0.9314	1.9236	2.2850	0.0083	1.2808	-0.0434	-1.4009	1.9216	-2.2786	-0.2581	1.0852	-0.2613	1.0041	-1.3298	1.6287	-1.3252	1.9538	1.9130	0.8656	-1.6057	1.0498	-0.8629	-0.2869	-0.3129	-0.0248	-1.1828	0.2518	1.9922	-0.4691	-1.4257	-0.6841	0.4398	0.7638
0.9960	-0.7580	-1.0080	-1.3787	-0.2091	-0.2095	-0.4315	-0.2874	2.1636	0.7891	0.5455	0.2035	-1.8435	1.7854	-0.3905	-1.3885	0.7514	0.6475	2.4535	0.2889	0.8786	-0.4138	-1.3548	-0.1922	-2.3163	-2.2726	0.2989	-0.2390	2.0064	-1.3967	1.5852	-0.4376	1.5900	1.2730	-0.1525	-1.6647	1.2797	0.3678	-0.4232	0.3450	-0.2857	0.1578	0.1651	0.1664	-1.2699	-1.5618	-1.1935	0.3652	-0.2117
1.8877	-1.1192	-0.2329	0.0214	0.3860	0.7217	0.2062	-0.2749	0.9377	1.4078	-0.0103	1.6111	-0.4518	0.9093	-0.1956	-1.3702	0.5110	0.8505	1.5435	-0.2552	2.1720	0.7840	-0.5360	-0.2693	-1.9004	-0.6505	1.7774	-0.7526	1.1542	-1.3003	1.0582	-1.3265	-0.3151	1.3392	1.2901	-0.9527	0.6230	-0.5484	-0.3359	0.3822	-1.4014	0.2568	-0.6422	0.8304	-0.1670	0.8784	0.4141	0.1208	0.1699
0.0546	-1.4848	-1.0521	-0.7637	-1.5789	0.7451	-0.0973	-0.0639	0.9931	-0.2467	-0.4907	-0.3310	-0.3808	0.7534	-0.0380	-1.1596	1.0832	0.8635	1.9925	-0.6462	0.3970	-0.0356	-0.3358	-1.3428	-2.0264	-1.1089	0.4646	0.1152	0.7330	-0.3679	0.8477	-1.6504	0.2654	1.1207	0.5855	-0.9813	-0.7333	0.0653	-0.3447	0.4271	-0.7553	0.6938	-0.7092	0.2462	-1.3519	-1.8557	-0.9176	-0.0561	-1.2256
-0.4841	-0.9415	-0.5357	0.0189	-0.3070	1.4301	-0.2423	0.1897	0.4459	-0.3596	-1.0924	-0.6619	0.7217	1.0245	-0.9271	0.2777	0.5150	0.6175	0.8696	-0.1844	0.9280	-0.4420	0.0238	-0.4285	-2.0567	-1.1100	0.7380	0.0344	1.1250	-0.5391	0.7096	0.0030	-0.2946	0.4514	0.2408	0.2071	-0.2504	-1.4379	-1.0169	0.1104	-0.6704	0.0402	-1.1732	-0.5305	0.2055	-0.5082	0.2666	-0.1362	-0.6552
1.1985	-0.1958	-0.0951	-1.2861	1.7945	-0.7545	2.6509	0.1559	1.1291	1.1152	1.4662	0.2545	-0.5831	1.0553	0.5892	-0.3913	0.6118	1.0712	1.4281	1.1134	0.9534	-0.1486	0.0232	-0.9125	-0.7352	1.5853	0.5850	-0.3980	1.4288	-0.6151	1.5556	-0.0463	-0.6944	1.3289	-0.6626	-0.1312	-1.7897	-0.2582	-0.4990	1.8277	-0.5330	-0.1501	0.4538	1.0103	-0.6793	-0.7777	1.8046	0.2751	1.6140
0.9862	-0.8216	0.2865	0.8333	0.0549	-0.3539	1.4904	0.0682	0.1043	-0.7350	1.5723	0.1497	0.0203	1.4606	-1.7157	0.4311	-0.3167	-0.1418	1.4637	-0.1845	-0.2969	1.2555	-1.1293	-0.5306	-1.2671	-1.3042	0.3333	0.2674	1.2075	-2.2445	1.1428	-0.9972	0.2346	1.9335	-0.7300	-0.1108	0.0144	0.0985	0.0844	-0.1941	0.0987	-0.5135	1.0906	0.2471	-1.0747	-2.2152	0.3091	0.2047	-0.1702
0.0375	0.1974	0.3301	1.6717	-0.0154	0.4473	-1.3101	-0.1006	0.1982	-2.1212	0.5307	0.2894	1.0259	0.4357	-0.2828	1.5196	-0.6980	-0.4648	0.3644	-0.7036	-0.1783	0.7817	-0.0259	-0.3411	-1.5027	-0.6857	0.1459	-0.0668	0.1504	-0.9735	1.9419	0.5237	-0.5119	-0.4035	-0.3745	-0.7723	0.3749	-0.2732	-0.5899	-0.2390	0.6479	-1.2645	0.7995	0.3492	-0.1807	-0.1743	0.6921	-0.6583	-0.9339
0.2725	0.4189	-0.5597	0.6485	0.8221	-0.0168	0.3079	0.5397	0.7596	0.8414	0.5175	0.4322	0.9605	-0.0723	0.6218	1.2835	-1.3124	-0.0968	0.0938	-0.4647	-0.8360	0.9205	0.2398	0.7664	-1.2155	-0.2599	-1.3232	0.5990	-0.3336	0.6404	1.3602	0.2288	0.2218	-0.7552	-1.9485	-1.3322	-0.1710	-0.6283	-0.8306	-0.8827	-0.7251	-0.5867	-0.2228	0.2482	-1.2334	-0.3488	0.7380	-0.4633	-0.4861
0.0787	0.7508	0.6302	-0.0992	1.0174	-1.7299	0.1555	0.3224	-0.1267	-1.2684	1.1032	-0.5769	1.1963	0.1282	0.9372	0.9339	-0.0734	-0.6264	0.6504	0.1065	0.1727	0.4197	0.5701	-0.6001	-0.8443	0.7143	-0.1576	2.0647	-0.3247	0.1494	0.7063	1.7094	-0.3758	-1.3224	-0.6789	0.0355	-0.0636	0.3455	-0.4526	-0.8330	0.6196	0.3923	-0.2920	0.8207	-1.3334	1.2942	-0.3114	0.2749	-0.1053
-1.1086	1.2891	0.2738	-1.2240	0.0224	-0.8343	-0.4439	0.3585	-0.3787	1.2046	1.9003	0.0988	0.5172	0.3536	0.8692	1.9762	-0.9467	0.7117	0.5408	-0.5074	-0.0877	2.4723	0.7771	-0.8687	0.5084	0.1156	0.4611	1.0367	-0.2642	0.4545	0.3112	2.1662	-0.3204	-1.4829	-0.5900	0.0537	-0.9852	1.0185	-0.6700	-0.0961	0.2385	1.0749	-0.5913	1.3245	0.1911	1.6137	-0.1202	0.3248	0.6803
-0.3233	0.1393	-0.7367	-0.2979	-0.1244	0.9119	-0.2150	0.3217	-0.5465	0.9682	-0.7064	-0.7216	-0.2149	0.0226	-0.5399	-0.1236	-0.3160	0.0979	0.1632	0.3223	-0.3539	1.0270	0.6799	0.9593	-0.1725	0.8766	-0.4567	0.1082	-0.6954	1.4059	-0.0105	0.5943	1.0137	-0.1654	-0.7277	0.6342	0.3852	-0.4323	-0.6440	-0.5164	-0.6837	1.2587	-1.2591	-0.2487	0.0430	0.7843	-0.4427	0.7679	0.9726
-0.2621	0.4286	-0.7152	-1.7874	0.5963	-1.5105	-0.0199	0.6422	-0.1099	0.4302	-0.0199	-0.5322	-1.9319	-0.5684	-0.3383	-1.9180	-0.0456	-0.3921	0.4968	1.0628	-1.1356	-0.2849	1.1265	0.6421	-0.5854	0.8231	-0.3813	-0.1577	-0.6932	-0.5463	0.8870	1.2329	1.6766	0.3872	-0.4740	0.0758	0.4562	0.4917	-0.9471	0.5468	0.3163	-0.0333	-0.2312	-0.9835	-0.0964	1.2807	-0.1624	0.6146	0.9782
0.2161	-0.2025	-0.0424	-1.3278	0.2292	-1.6494	0.2036	1.0236	-1.5083	0.0149	1.0421	-0.3348	-2.0301	-0.2070	-2.2016	-1.4260	0.3367	0.8846	1.0011	1.1650	-0.0439	2.0790	-0.8000	-1.2058	0.3123	-0.8026	-0.1442	-1.1017	0.2751	-0.1565	0.3531	0.4758	-0.1434	0.7131	-0.8770	0.7991	-0.1530	-0.4143	-0.3279	-1.6279	0.2560	1.9703	-0.0594	-1.6502	-0.6267	0.2120	0.0632	0.0519	0.7034
-1.0576	-0.8700	0.0526	-0.4026	-0.6953	0.1485	-1.1451	0.5281	-0.9392	-0.5569	-1.4295	-0.4451	-1.0102	-1.1185	-1.3762	-2.1410	1.6314	-0.5719	0.4707	-0.5069	-1.7977	-0.9250	1.1511	-0.3241	-0.3392	-0.0185	0.1292	-0.5879	-0.7660	0.5897	0.4384	0.2602	0.3874	1.1219	-0.1348	1.3117	-0.5325	-0.8557	-0.7707	0.6122	-0.0669	1.0458	-0.7138	-1.4812	0.0668	0.9480	-1.4607	-0.7036	0.3615
-0.1972	0.5671	-0.1492	-0.3978	0.4290	1.3133	-0.5647	0.8066	-0.4851	0.1547	-0.0585	1.6370	-0.1015	-1.5020	-0.4781	-0.7213	-0.9089	-1.0747	-1.1710	-0.2464	-1.9438	-0.5705	0.9428	0.8001	0.2413	-0.2942	-0.2138	-0.5723	-1.4531	0.2302	0.0196	0.3555	-0.3157	0.7925	0.4232	0.1290	-0.4780	-0.3268	-1.3269	0.5371	-0.6096	-0.3353	-0.1402	-1.4371	1.5362	2.0387	-0.9027	-1.1886	-0.1531
1.6677	0.5936	0.9480	0.7076	0.8628	1.3797	1.3381	0.7201	-1.0941	0.0986	-0.0299	0.3730	0.4209	-1.0625	-0.5982	-1.1262	0.6171	0.6813	-0.3138	0.5378	1.4650	0.5679	-1.6216	0.1561	1.6652	0.8242	0.0595	0.0999	-0.4392	0.9458	-1.4409	-0.4562	-1.7262	0.2680	1.1823	0.5679	-0.8870	0.8742	0.8608	0.0881	0.2418	2.1910	0.1771	-0.4379	0.4012	0.2270	-1.5268	-0.3484	-0.8888
-0.1413	-0.2331	0.6064	1.1324	0.1442	0.2918	0.2302	-0.2859	0.1808	0.6995	0.0743	-0.0959	-0.4659	-0.5471	0.3436	-0.3835	0.8000	0.6138	-0.6430	-0.0026	0.7031	-0.0427	0.0503	0.7444	1.5865	-0.2132	-0.1306	-0.2583	-1.0107	-0.2783	-1.2752	-0.3159	-0.5619	1.0323	1.3434	-0.4718	-0.3966	1.0165	0.5275	-0.7534	0.0622	0.1558	0.9941	-0.2962	-0.3076	0.4115	-0.8179	0.1237	-0.8315
-0.1340	-0.5181	0.4869	1.1740	-0.7701	-0.1736	0.5788	0.2285	-0.6989	0.3272	1.0449	-0.5892	1.2734	-0.2960	-0.8598	1.7059	-0.6803	-1.2994	-1.2212	0.1897	0.1931	-0.0379	-0.4847	0.6089	0.8572	-1.9160	-0.8729	-0.2306	-0.5797	0.1580	-0.8537	-0.7447	-0.5926	-0.0271	-0.1924	-1.0166	1.5913	-1.2639	0.0766	-1.4379	-0.4539	-0.7704	0.6479	-2.3243	0.4073	-0.2495	0.5457	-0.0084	-1.3888
0.8485	-0.1538	1.2189	0.8986	0.2063	-0.5632	1.2787	0.6400	-1.0921	1.7106	0.0282	0.5162	1.5209	-1.0504	0.2577	0.6684	-0.7195	-0.1909	-1.7000	-0.1748	-0.8123	-1.0022	-0.3329	0.0502	1.3698	0.8243	-0.6380	0.5300	-0.8580	0.3664	-1.0336	-1.1739	-1.5560	-0.6706	-0.2930	-0.1441	0.0313	0.6216	0.7593	0.1607	0.1005	-1.4255	1.7850	-1.2597	-0.1481	-0.6816	-0.2379	-0.1839	-1.0140
0.1047	0.2571	0.4305	1.3895	-0.1618	0.0895	0.5955	-0.0700	-0.3962	0.8425	-0.1230	0.6891	0.7185	-0.5081	0.6770	1.1465	-1.3730	-1.1468	-2.2249	-0.3030	-0.8981	-0.5574	0.2371	0.4225	1.0309	0.4579	-0.7245	0.1544	-1.2989	-0.1743	-1.0802	-0.8942	0.2727	-0.7832	-0.3441	0.5744	0.0276	0.3841	0.0009	-0.6037	0.4943	-2.0447	0.9069	-0.5785	0.6928	0.1953	0.3291	-0.2137	-0.4217
-0.3486	0.4241	0.8235	0.6011	-0.1193	0.1040	-0.2054	-0.0614	-0.4712	-0.9854	-0.1390	-1.2936	1.1696	0.2734	1.0907	1.3571	1.2621	-0.5023	-1.6222	0.6428	0.7279	0.4917	-0.4131	-0.2483	1.5002	0.2526	-0.7214	0.0235	-0.8663	0.2242	-0.7978	0.5230	0.0777	-2.3555	0.5918	1.2541	-0.3221	-0.4470	0.4988	-0.0330	0.7960	0.1141	-0.8446	-0.0186	1.5018	-0.0052	1.1645	0.7251	0.0223