IC05	IC08	IC09	IC15	IC16	IC17	IC18	IC19	IC20	IC23	IC24	IC26	IC27	IC29	IC31	IC33	IC36	IC37	IC38	IC41	IC42	IC43	IC44	IC45	IC46	IC47	IC48	IC49	IC50	IC51	IC54	IC56	IC58	IC60	IC62	IC63	IC64	IC65	IC66	IC67	IC68	IC69	IC71	IC72	IC73	IC74	IC75	IC76	IC77
1.4210	0.5164	-1.9313	1.1528	-0.5992	1.7287	-0.4908	0.3600	-0.8003	0.2804	-1.2567	-1.3571	0.4083	0.5556	-1.2667	0.4541	0.2562	0.6119	-0.0402	-1.5838	2.5574	2.1567	-1.3643	1.0799	0.1035	-1.6857	1.3805	1.2562	0.4361	0.2881	-0.5775	-1.4255	0.2301	-0.7854	0.0750	1.2966	0.3460	-0.4572	1.2329	1.2093	1.4060	0.3901	-1.1640	1.8121	1.8972	-0.7512	1.0991	0.7747	0.3361
0.4982	1.0809	-1.7850	-0.0962	-0.0772	1.0875	-0.1128	0.1130	-0.3433	1.4018	0.5247	0.0815	-0.1457	0.5286	-0.8808	0.1438	0.8613	0.9614	-0.4947	-1.2402	0.6836	1.0339	-0.7434	0.4972	0.5274	-0.8550	0.7709	0.8596	-0.0637	-0.4348	-0.3452	-0.4878	0.1205	-0.3437	-0.5985	1.5141	0.4173	0.9065	1.5152	0.9385	1.3936	0.0989	-0.6640	1.3851	1.7864	0.2422	1.0049	0.6212	0.2396
-0.7755	0.8272	-2.0270	-0.5655	-0.1707	0.7103	1.0044	-0.6925	0.1779	0.8608	0.6509	1.0466	-0.1901	0.3907	-0.5197	0.4293	0.7926	-0.0532	-1.4271	-0.8915	-0.5695	-0.2961	0.0229	-0.4512	0.3065	-0.2578	-0.2838	0.0069	-0.7075	0.2551	-0.2840	0.6108	0.1806	-0.7161	-0.9197	0.7442	1.1311	1.6440	1.7131	0.1247	0.7548	0.8133	0.0932	-0.2266	1.5062	1.3861	0.9958	1.2793	-0.7372
-0.0660	-0.3728	-1.5615	-0.5585	-1.0052	1.0188	0.6317	-0.6457	-1.1613	-0.2694	-0.6750	-0.9057	-0.1960	0.0476	-0.9209	0.3055	0.7754	-0.6199	-1.3656	-0.8863	-0.6657	-0.4884	-1.5405	-0.1498	0.0687	-0.5243	-0.4086	-0.4183	-1.0487	0.5860	-0.1366	0.0163	-0.1539	-0.7636	-0.8305	0.2730	0.2629	0.9552	0.7658	-0.2835	0.3492	0.6289	-0.1306	0.0969	1.3038	0.4307	-0.6254	0.7881	-1.5030
-0.0040	-0.3525	-0.9327	-0.0711	-0.4606	0.2691	0.4394	-0.4335	-0.3994	0.0014	-0.2596	-0.3196	-0.2028	0.0398	-0.3368	0.4011	0.5669	-0.0956	-0.3008	0.1259	-0.3843	-0.5343	-0.6953	0.1455	0.8079	0.7252	-0.6178	-0.3790	-0.6600	-0.5047	0.8147	1.0368	-0.2324	-0.5610	-0.7021	0.1620	-0.3635	0.0682	-0.1601	0.1684	-0.1522	0.1399	0.0583	0.6596	0.2821	0.1722	-0.7696	-0.3201	-0.7132
-0.0621	0.3450	-0.3836	-0.6296	0.3115	-1.0381	1.9372	-0.0505	0.9152	1.0576	-0.0649	1.4733	0.3861	-0.0185	0.8376	-0.7848	1.5070	0.2101	0.7682	1.1066	-0.5308	-0.2265	1.3299	-0.3401	0.6894	0.7355	-1.3061	-0.3172	-0.2129	-0.5333	0.6266	2.7103	0.2967	-0.0515	-0.3551	-0.3545	-0.4608	0.7112	-0.6579	-0.3371	0.1020	0.5597	0.6591	-0.2831	-1.0488	0.0694	-0.0774	-0.3948	0.1283
1.0448	1.0202	-0.4134	-0.7757	0.6427	-0.1983	-0.0744	-0.6426	-1.1291	0.4705	-0.0500	-0.0015	0.1665	-1.3699	0.2294	-0.1346	0.3280	-0.4328	-0.6835	1.7880	-0.2136	0.4009	0.6686	0.3801	0.1730	1.0667	-1.4608	0.2898	-0.2421	0.3877	-0.3062	-0.0286	0.2007	0.8129	-0.1392	0.2758	0.2117	0.4774	-0.3414	-1.4327	0.7928	0.0124	1.3679	-0.6255	-0.3602	0.1588	-0.2084	-1.1092	-0.2166
0.0439	0.0790	0.2795	-0.0802	1.2714	-0.0676	-0.2982	-0.6343	-0.7139	-0.4066	-0.0702	-1.0011	-1.1290	-1.0954	0.6735	0.5054	-0.2434	0.4115	-0.9785	0.3387	0.6128	0.9013	0.6744	0.3347	1.2298	0.4429	-0.5452	0.4964	-0.2667	0.8937	-1.4594	0.0218	0.1223	0.4529	0.4851	1.0785	-0.3486	-0.7241	0.2092	-0.4090	0.3878	-0.1231	0.4987	0.3900	0.3135	0.4069	-0.0271	-0.6216	-0.7672
-0.5737	0.4206	0.6187	-0.1744	1.4685	0.0419	1.0392	0.5069	1.0991	0.6777	0.8731	0.3377	-1.3913	-0.3019	1.1236	-1.3735	-0.1874	0.6607	-0.3986	0.3126	-0.0649	0.3074	1.7354	0.3619	1.8090	-0.1746	0.0982	0.4991	0.1467	0.7824	-2.5038	1.1781	0.4646	1.1451	0.3882	0.6374	-0.3123	0.5663	0.8776	-0.0599	0.0997	0.5780	0.1180	0.2949	0.1104	1.8543	1.2708	0.5219	0.2093
0.6919	0.2413	0.1172	-0.0648	-0.1767	0.5145	-0.3501	0.5166	-0.4030	0.3781	0.4902	-0.6520	-0.7171	-0.3838	-0.2192	-1.3240	-2.0974	0.8186	-0.2427	0.6648	0.1936	0.7221	0.4773	1.2936	0.7146	-1.0498	0.6898	0.4542	0.2601	-0.2439	-1.8951	-1.3175	0.0635	0.9801	0.9696	0.2084	1.3143	-0.3641	0.8064	0.0718	-0.3056	0.3014	-0.4309	0.2974	0.5523	0.4192	-0.0969	0.4075	-0.8040
0.0612	-0.2248	0.6311	1.5658	-0.5866	-0.0054	-0.5810	0.8795	0.4805	0.0161	-0.1982	-0.5249	0.1481	0.0671	0.3274	0.2484	-1.7250	0.7296	0.1067	0.1614	-0.0858	-0.7435	-0.5603	0.6143	0.8339	-0.0957	0.4945	0.4828	0.4205	0.5514	0.1949	-0.6480	-0.1351	0.5994	0.6672	-0.2479	-0.3030	-0.9457	-0.2383	0.5534	-0.9233	-0.2285	-0.9091	0.5342	0.5574	-0.0152	-0.5004	0.4926	-0.1004
-0.6438	0.2531	1.6065	0.7008	-0.2433	-1.2920	0.5488	-0.2597	1.4777	0.3250	-0.2332	0.1237	0.8464	0.4682	1.1184	-0.1326	0.3995	0.7026	1.1637	0.0463	-0.3328	-0.6280	0.8524	-0.0960	0.5106	0.0808	0.1469	0.0257	0.5951	-0.1681	0.9501	0.3389	-0.1503	0.7238	0.4932	-0.1292	-0.6884	0.4472	-0.3085	0.2425	-0.4916	0.7999	-0.3833	-0.7029	-0.1563	0.0230	0.6543	0.1058	0.0868
-0.0676	-0.2043	0.3084	0.2847	-0.3496	-0.7649	-0.5180	-0.7955	-1.2448	-0.3165	-0.7427	-0.9166	0.6289	-0.0901	0.0658	0.7705	-0.0676	0.0505	0.8496	0.6636	0.5902	0.4076	-0.8322	0.2300	-0.5374	0.2115	-0.0315	0.3367	0.3543	-0.0990	0.6201	-1.1356	-0.5000	0.2691	0.8356	0.1341	0.8084	0.3412	-0.2922	-0.9884	-0.3612	1.3366	0.6545	-1.3903	-0.1249	-1.7567	-0.0522	-1.2320	-0.5842
-0.2712	-0.5502	0.5508	0.7056	0.9574	0.5446	-0.4117	-0.6003	-0.4381	-0.5873	-0.1435	0.1950	0.0694	-0.1240	0.4809	0.7561	-0.3327	0.2286	0.3124	1.0334	0.0654	-0.0580	-0.5741	0.4278	0.0707	1.2721	-0.1995	0.1027	0.0961	0.5144	0.3806	0.2763	0.0183	0.7957	0.5274	0.1722	-0.4225	-1.0204	-0.4482	-0.2291	-0.7355	0.9118	0.4042	0.1806	-0.5206	-0.0562	-0.1813	-0.5590	-0.5787
-0.8087	0.0425	0.0002	-0.1944	1.0879	0.5957	0.1814	-0.5343	1.0583	0.3767	1.1683	1.7252	-0.4451	0.9062	0.6835	-0.9622	-0.4737	0.5406	-0.1921	0.6028	-0.4823	-0.5150	0.8109	-0.4712	0.1452	1.0021	-0.0658	-0.0607	-0.3718	0.2322	0.0632	1.1770	0.2233	0.7448	0.3225	0.0265	-0.7946	-0.6019	0.0910	0.3814	-0.1276	0.5420	0.0841	-0.0384	-0.5498	0.2990	0.2454	0.6681	-0.3050
-0.7665	0.0138	0.2969	-0.2221	0.8217	0.4209	-0.0485	0.2259	-0.6463	-0.0392	0.6671	0.0645	-0.2377	0.8667	0.6585	-1.6978	-0.6474	0.2813	-0.3414	0.1587	0.1707	0.5943	-0.1095	0.1435	-0.1084	-0.2669	0.4706	0.8182	-0.7853	-0.5923	-0.0634	-0.4758	0.2995	0.0866	0.2943	0.3725	-0.5149	-0.4535	0.0576	0.2231	0.4609	-0.0908	0.0523	-0.4973	-0.2110	-1.0555	-0.9799	1.0637	-0.9832
-0.7954	0.5543	1.2425	0.1921	1.2661	0.3660	0.2247	0.6547	0.8712	0.2367	0.6969	0.5269	0.4973	0.3395	1.0039	-0.1803	-0.7392	0.9800	-0.3095	0.5802	0.0707	0.1811	1.2479	0.4538	0.7458	0.6240	0.5957	0.8565	-0.1768	-0.1678	0.0595	-0.0030	0.6175	-0.2916	0.4382	0.6216	-0.9213	-0.8142	0.0242	-0.1113	0.0830	-0.1405	0.1960	-0.0969	-0.2507	0.6682	-0.3975	0.8973	-0.1088
-0.5898	1.3664	0.8302	0.2460	1.5462	0.9545	0.7787	0.2802	1.2211	0.4151	0.6792	1.4837	0.7656	-0.1104	1.1842	-0.0372	-1.0566	-0.0023	-0.6698	1.0274	-0.2989	-0.0411	2.3388	0.2559	0.4327	0.0840	0.5020	0.6488	-0.6238	0.0544	-0.3127	0.3602	0.9857	-0.0010	0.8152	-0.1516	0.1315	0.2925	0.0668	-0.0591	0.7760	-0.2189	1.2290	-1.2520	0.3206	1.3303	0.2201	0.9287	0.6672
-1.2252	0.6642	1.2388	-0.3607	0.6219	0.8579	-1.7372	-0.7615	-0.0661	-0.4772	-0.5200	-0.0439	-0.5033	-0.0755	0.1239	0.0871	-0.1929	0.1318	-0.6164	0.0188	1.0755	-0.1648	0.2364	1.1009	0.2717	0.9979	0.3708	0.8604	-0.8223	-0.4582	-0.5806	-0.4233	1.0906	-0.1291	0.1640	0.6615	-0.1921	-0.5572	0.2373	0.6872	0.7264	-0.2475	0.1151	-0.5211	1.0459	-0.1072	-0.4247	1.1925	-0.4074
-1.5058	1.3828	0.4031	-0.7297	0.7795	0.3846	-1.1917	-0.1321	0.9331	-0.1223	0.7632	1.1820	-1.2490	0.5576	0.5062	-0.6807	1.0727	0.5755	-1.0514	-0.2979	0.1003	-0.2289	0.7921	-0.0645	0.7127	0.7219	0.1831	0.6577	-0.4174	-0.3271	-1.0969	0.7406	0.8971	-0.0196	-0.1057	0.8215	-0.5233	0.5569	1.3987	1.1585	1.2921	0.2914	-0.5426	0.0174	0.8834	1.0102	0.8583	1.7854	0.4892
0.9143	0.7408	0.2425	0.2535	-0.7514	1.6302	1.2002	0.6468	-0.6688	-0.2732	-0.7987	-0.2883	-0.7239	0.8241	-0.3157	0.5302	1.5489	0.1335	-0.8090	-1.0909	0.9754	1.0841	-0.2063	-0.5315	0.4030	-0.1041	1.1683	1.0072	-0.2541	-0.1755	-1.3743	-0.9775	0.2634	-0.7357	-0.2263	0.8704	0.1078	0.5560	1.4550	-0.1634	1.7664	0.6529	-0.7324	0.8453	1.6888	0.3066	0.6750	1.5247	0.1988
0.5924	1.3561	2.7048	0.7174	-0.4970	0.5147	0.3506	0.4709	0.9384	1.6674	1.6685	-0.1795	-0.0236	1.6964	2.0307	-0.5735	2.2311	1.3729	0.7896	1.0376	0.1724	0.8355	1.3807	1.5060	0.8441	0.3288	1.6459	0.6219	0.3500	-0.5164	0.1057	1.1302	0.8903	0.7333	-0.4705	1.1035	0.5057	1.6994	1.5308	1.3817	1.8654	0.7122	1.0757	0.7920	1.8649	1.4510	0.8251	1.7718	0.6986
0.0756	-0.7420	1.8096	1.2135	-0.4020	0.0787	-0.4677	0.6425	-0.8950	1.0831	-0.8688	-1.2266	2.4978	1.0217	-0.0058	1.6437	0.1066	-0.0398	0.4589	0.3032	0.8927	0.4608	-0.6315	1.5459	-0.7310	-0.3074	0.8361	-0.3283	-0.3773	0.6114	1.0701	-0.0744	-0.1694	-0.8738	-0.8361	-0.9326	1.3334	-0.7227	0.4377	-0.5459	0.0001	0.1759	0.3083	0.0930	0.9646	0.0522	0.1647	0.9008	0.2447
0.3025	-0.5148	2.5184	0.8132	-0.5526	-0.6397	-0.0006	0.0482	-0.1505	0.5770	0.5203	-0.2143	1.9478	0.8627	-0.3906	0.2384	1.4463	-0.2938	0.9785	0.9275	0.4962	0.2690	-0.4180	-0.2192	-1.2134	-0.2685	-0.2235	-1.0553	0.4757	-0.1134	1.9865	-0.4783	-0.5332	-1.1573	-0.2148	-0.9367	-0.2692	-0.7428	-0.2461	-1.5012	-1.0204	-0.7113	0.4560	-0.5689	-0.9570	-1.0583	-0.7914	0.1498	1.5268
1.0626	-0.4207	-0.6508	-0.2480	-1.1438	-0.6049	0.1863	0.3523	-0.5064	-0.1936	0.0755	0.8481	-0.2783	0.5034	-0.0750	-1.4738	0.8895	-0.3487	0.6395	0.6855	-0.6740	0.3074	0.1562	-0.7196	-1.9134	-1.0521	-0.3969	-1.5104	0.7538	-1.3909	1.2812	0.5786	-0.3941	0.1288	0.6841	-1.4972	0.2664	-0.0139	-0.7054	-0.9407	-0.4833	-1.5250	0.3871	-0.7956	-2.1160	-1.1617	-0.3448	-0.6460	1.5371
0.4359	-0.9562	-0.7252	0.0628	-1.1450	-0.1657	-0.9474	0.2848	-0.5172	-0.8910	-0.5183	-0.1982	-0.5064	0.2843	-0.6049	-0.5859	0.8824	-0.0631	0.8743	-0.1498	0.2367	-0.0228	-1.4875	-0.3904	-1.3444	-1.3719	-0.2385	-0.9615	0.5419	-0.7704	1.0489	0.7436	-0.6094	-0.1687	0.5258	-0.7382	0.1023	-1.1345	-0.9974	-0.0292	-0.8678	-0.7995	-0.6517	-0.4461	-1.4891	-1.8121	-1.0085	-1.0249	0.2597
0.5784	-0.6322	-0.7205	-0.6347	-0.8253	-1.8375	0.3103	0.1255	1.2142	0.3456	0.3713	0.5779	-0.2944	0.3387	-0.3786	-1.0179	-0.4948	-0.0435	1.3722	-0.2976	-0.1767	-0.3767	-0.3287	0.1514	-0.8038	-0.5916	-0.4601	-0.6332	0.8386	-1.5686	0.5322	1.0759	-0.5160	-0.0373	0.0548	-0.0839	0.0001	-0.3026	-0.6285	0.3310	-1.3871	-1.1815	-0.0083	0.1642	-1.0985	-0.9328	-0.2595	-0.4572	0.3161
2.0257	-0.4904	-0.6003	0.2746	-0.8064	-1.4249	-0.8197	1.1324	-0.3768	-0.9189	-0.1775	-1.3396	0.1964	-0.3929	-0.6679	-0.1047	-1.6767	-0.6549	1.3267	0.2478	0.1070	-0.7849	-0.4008	-0.4006	-0.8829	0.7759	-0.3886	-0.7620	1.5427	0.2196	0.0855	-0.8057	-0.5308	0.4127	-0.2536	-0.3795	0.8102	0.4237	-0.7269	-0.3796	-1.0938	-0.7952	1.0410	0.7023	-0.8997	-1.1916	0.3948	-0.4684	-1.2575
0.8390	-0.9598	-0.6174	0.3259	-0.7528	-0.7092	-1.3723	1.1002	1.4295	-1.4637	0.6266	-1.6309	0.9314	-0.4123	-0.6323	0.3550	-1.2581	-1.0277	1.5830	0.3306	0.3828	-1.4055	-0.8002	-0.9341	-0.4442	1.2061	0.1833	-0.5189	1.8968	0.2225	1.1647	-0.3459	-0.2241	-0.1263	0.0301	0.0662	-0.5121	-0.3313	-0.9608	-0.0047	-1.3401	-1.2777	1.1125	1.1428	-1.3026	-0.3725	-0.4308	-0.1158	-1.1836
0.8814	-0.8001	-0.4378	-0.1209	-0.2648	-0.6402	-0.7755	0.1654	2.4129	-0.6417	1.4019	0.3185	0.8646	-0.5660	0.5430	-0.3857	-0.6683	-0.7701	1.7849	1.1204	0.2961	-0.8170	0.6263	-0.6255	-0.9362	1.1956	0.0618	-1.0095	1.9558	0.6192	1.3686	0.0290	0.2513	0.7950	0.9231	-0.6252	0.2170	-0.6725	-1.4039	0.8498	-1.4438	-1.2952	0.8699	0.3226	-1.7388	-0.0179	0.0168	-0.2796	-0.3305
0.9507	-1.5731	0.3705	0.4719	-0.0525	-0.6336	-0.6977	0.0708	0.4949	-1.2474	0.0836	0.4689	0.7978	-1.0410	-0.5549	0.9025	-0.6830	-0.8497	1.8492	0.3185	1.7186	-0.4974	-1.3140	-0.2935	-1.4016	1.1907	0.5469	-0.4145	1.2169	0.3741	0.3868	-1.6306	-0.0643	0.8915	0.9130	-0.4608	0.5240	-1.6596	-1.1918	0.2209	-1.7763	-0.7667	-0.2315	-0.2925	-1.3814	-0.2785	-0.2172	-0.6077	-0.5751
0.4979	-0.5389	1.1993	-0.6772	0.5005	-1.4959	-0.1340	-0.5246	0.8677	-0.4141	1.0889	1.3475	0.0236	-0.3521	-0.1244	-0.0807	-0.3592	-0.1184	1.3601	0.0293	0.0026	-0.1943	0.0006	-0.2700	-0.8968	0.0735	0.2164	-0.1998	0.7370	0.4173	-0.0632	0.3024	-0.1654	0.2789	-0.1314	-0.3856	-0.1950	-0.3368	-0.8069	-0.6944	-0.6874	-0.8516	-0.6659	-0.2970	-1.3419	0.2187	0.6960	-1.3411	1.1842
0.4300	-1.1674	-0.5852	0.1318	-0.2063	-0.4244	-0.6113	0.4926	-1.0930	-0.8368	0.0051	0.2526	-0.0070	-1.1383	-0.6980	1.5805	-1.4001	-1.4644	0.4300	-1.0564	-0.4669	-0.7545	-0.9352	-1.2929	-1.4311	-1.1578	-0.5646	-0.0757	-0.7292	1.4355	0.2338	-0.7211	-0.4068	-0.1266	-0.1617	-1.8273	0.0868	-0.1600	-1.2083	-0.8630	0.0791	-0.3753	-0.7845	-0.2934	-1.0619	-0.5507	0.4827	-2.2191	-0.3138
-0.0140	-0.6721	-0.3040	0.4089	-0.0999	-0.5786	-0.4316	0.3964	0.3491	-0.2854	0.0471	0.0242	-0.3799	-0.8124	-0.3273	0.6768	-0.8558	-0.8089	-0.1232	-0.8402	-1.5150	-1.1372	-0.0710	-0.7877	-0.5180	-0.3705	-0.6187	0.0380	-0.5683	0.1563	1.4862	-0.5964	-0.4595	-0.1676	-0.1733	-1.9076	-0.7370	0.3819	-0.9465	0.4563	-0.2676	-0.1531	-0.7025	0.3147	-0.5728	-0.5051	0.1891	-2.0946	0.5525
-0.1421	-0.2108	-0.8175	-0.3471	0.3276	0.5198	-0.0199	-0.5636	0.5790	-0.5540	0.1627	0.4738	-0.2685	-0.8836	-0.0677	-0.7465	-0.2916	-0.9659	-1.1668	-0.7499	-2.3150	-0.7742	1.2886	-1.4832	-1.0624	-0.6813	-0.1632	-0.1976	-0.7490	0.1912	0.8452	0.4893	-0.4391	0.1769	-0.2340	-1.7062	0.4220	0.7047	-0.8510	0.4254	0.1584	-0.9046	-0.1781	-0.0711	-0.2982	0.2213	-0.0517	-1.8491	1.3302
-0.5633	-0.6758	0.6495	-0.3856	0.4701	0.7771	-0.8115	-0.1390	-0.7631	-0.8578	-1.8640	-0.4938	-0.0262	-0.9749	-0.4410	-0.0364	0.3819	-0.9156	-1.3261	-0.9764	-0.8244	0.1834	-0.2261	0.1322	-0.6930	0.0293	-0.3004	0.3165	-0.8894	0.0362	0.8374	-0.2317	-0.1526	-0.5221	-1.0933	-0.4580	-0.0148	-0.9380	-0.3561	0.1866	-0.1911	0.3287	-0.6847	-0.1534	0.3209	0.5286	-1.1859	-1.9828	0.3125
-0.3132	-0.6290	1.5002	-0.6302	-0.0728	-0.9143	0.4976	-0.2981	-0.2573	-0.1985	0.0598	0.4872	-0.5218	-0.0144	0.2438	-1.4628	1.3069	-0.3400	-0.6618	-0.2658	-1.3374	-0.1067	-0.0861	-0.5549	-0.4059	0.6016	-0.1858	0.6047	-0.9184	-1.4267	0.6910	1.1193	-0.2089	-0.1954	-0.8394	0.6507	-1.1040	-0.9700	0.0126	0.9689	-0.6644	0.1865	-0.4092	-1.0235	-0.1987	0.2665	-1.5145	-1.9010	0.6283
0.7512	-1.2150	0.2454	1.2182	-0.7701	0.9991	0.0094	-0.2575	-1.5870	0.3485	0.1003	1.3315	-0.0626	-0.1891	0.0570	0.0667	0.4134	-0.7703	-0.0266	0.0678	-1.7434	0.0050	0.1607	0.1234	-0.8038	-0.3337	-0.2541	-0.2929	-0.7301	-0.3706	0.1545	0.0412	-0.4606	0.8400	0.7633	-0.2947	0.0660	-0.2412	-0.3959	0.1316	-0.4453	-0.1249	0.5801	-1.0224	-0.5206	-0.0463	-1.7949	-2.8849	0.6535
0.1994	-1.5613	-0.4031	1.4212	0.2907	0.5358	-0.5235	0.0066	0.3795	0.1458	-0.8740	1.1530	0.1168	-0.0469	-0.4380	1.2567	-0.5924	-0.2026	0.6114	0.2583	-1.1685	-0.2244	-0.6249	0.7081	-0.3302	0.0296	-0.4444	-1.6184	-0.0675	-0.2763	0.5955	0.2449	-0.2504	0.4934	0.6920	-1.7638	-0.2135	-0.4232	-1.0158	0.7783	-1.3227	0.2109	-0.6002	0.6963	-1.1346	0.0235	-0.9342	-2.6756	1.4232
0.2452	-1.2139	0.1851	-0.3816	0.5752	-1.6066	0.1819	0.2594	1.6968	0.2347	0.0460	0.3367	0.5546	0.6812	-0.6923	-0.8262	-0.2777	0.6490	1.5649	0.4617	-0.5144	0.4004	0.1256	-0.9180	-0.0774	-0.7926	-0.0126	-1.2656	0.1035	-1.9952	0.3008	0.7008	0.0419	0.3293	-0.1426	-2.0218	0.0693	0.4849	-0.8000	0.8356	-0.6063	-0.1370	0.0784	0.1870	-1.5971	-0.8033	-0.3160	-0.6292	1.0944
0.0655	-2.0260	1.0172	-0.3530	0.4474	-1.0246	-1.2997	0.8972	-0.2441	-0.8631	-0.7505	-1.0122	0.7073	-0.7955	-1.6048	0.7245	-1.3633	-0.3198	0.3085	-0.6932	0.5585	0.7801	0.3008	-1.6703	-0.3433	-1.6441	0.3852	-0.0692	-0.0893	-1.4383	-0.2630	-1.2180	-0.4947	-0.7159	0.2370	-1.4848	0.0430	-0.9446	-0.9487	-1.2768	-0.8529	-0.1776	-0.0422	-0.6018	-1.3176	-1.1933	-1.4615	0.3066	-1.3056
-1.5830	-1.9551	1.7870	1.0072	0.0508	-0.8301	-0.9467	0.6603	0.0786	-0.5189	0.1774	-0.8442	0.7682	-1.0454	-0.2722	0.8729	-0.8210	-0.1631	0.0476	-0.9447	-0.1892	0.1155	1.5205	-1.1455	0.3836	-1.2974	0.4232	0.3560	-0.2366	0.5905	-1.1483	-0.6079	-0.4255	-0.9503	1.2973	-1.0370	-0.5514	-0.4086	-1.1806	-1.8856	-1.8377	0.5241	-0.5112	-1.2614	-1.2314	-1.1900	-1.7740	0.7021	-1.1712
-1.2001	-0.9851	-0.6919	0.4335	0.0915	-0.1690	0.3478	0.2000	-0.5439	-0.7282	-0.5114	-1.2545	0.8970	-1.4258	0.3734	2.2402	-1.5661	-1.1651	-1.0757	-0.6346	-0.4646	0.2515	1.8221	-1.2419	-0.5692	-0.5272	-0.5444	0.8918	-0.7301	1.7350	-2.1404	0.5871	-0.3389	-0.0815	-0.3039	-1.0505	0.0742	0.3246	-1.2221	-1.7649	-1.5650	0.5549	-0.0358	-1.3839	-0.9895	-0.0082	-1.4659	0.6037	0.1452
-1.0072	-0.1107	-0.5423	-0.6012	-0.0738	-0.1305	-0.0308	0.3598	-0.3815	-1.0985	-1.4790	-2.9832	0.1937	-1.2020	0.7162	3.0829	-1.6817	-0.6978	-0.8707	-0.6447	0.3712	0.3644	0.6913	-0.0630	-0.3632	-0.0154	-0.1442	1.3218	0.0060	3.0854	-1.2612	0.2246	-0.1395	-0.3988	-1.1428	-0.2848	0.4558	-0.2384	-1.1165	-0.4047	-1.1098	0.6898	-1.4272	-0.4300	-0.6560	-0.0400	-1.8450	0.7053	0.0258
-0.9004	0.6531	-0.2143	-1.4784	-0.5434	-0.7333	0.8670	-0.1440	0.2155	-0.1178	-0.4657	-1.4917	-0.2194	-0.1251	0.4391	1.1040	-0.7700	0.4100	0.8093	-0.7290	0.1499	-0.2849	0.0064	0.2027	-0.1088	0.2490	0.8245	0.9013	0.2752	1.2591	-0.3334	0.9732	-0.5544	0.1177	-0.7591	0.0353	-0.1208	0.4843	-0.7774	0.4937	-0.4326	0.4475	-1.7001	0.3225	-0.8042	0.2826	-0.7463	0.9248	0.8373
-0.2382	1.0417	-0.7001	-0.1974	-1.0351	0.5145	-0.1068	0.0573	-1.2362	-0.2301	-0.9213	-0.3196	-0.4914	0.0197	-0.4802	0.8139	-0.4314	0.1795	1.0874	0.5686	0.4123	-0.6756	-0.3754	-0.6457	-0.3007	0.2377	1.0366	-0.1224	0.4156	1.3797	0.3580	-1.0284	-0.4652	0.2658	0.2312	-0.0339	-0.3819	0.8311	-0.7109	0.1718	1.0829	0.7543	-0.3720	0.2176	-0.1261	-0.4013	-0.9953	0.5146	1.2985
-0.6675	0.7434	-0.4148	-0.6174	-1.5586	0.1262	0.1111	0.1324	0.2346	-0.4183	-0.4856	-0.5579	-0.7150	0.4433	-1.0088	0.0555	0.9327	0.6066	1.3481	0.2438	0.5248	-1.2140	-2.0074	-0.6659	-0.6269	0.2444	1.0314	-1.1496	1.0209	0.7188	1.5395	-1.1675	-0.3593	-0.1350	0.7063	-0.5380	-0.6785	0.5912	-0.3665	0.5556	0.9354	0.4858	-0.2629	0.4741	-0.4731	-0.7309	-1.0384	0.9052	1.9989
-0.2505	0.9327	-0.3473	-0.9999	-0.7645	-0.3536	1.4022	-0.4763	1.3391	0.0679	0.2450	0.8181	-0.9669	0.6629	-0.7218	-1.0237	1.8963	1.1961	0.9384	0.5683	-0.8083	-0.7615	-0.7799	-1.3150	-1.1144	-0.1546	0.3041	-1.7564	1.1984	0.2260	1.6976	0.2950	0.0502	-0.0084	0.1580	-0.8942	-0.5062	0.8256	-0.4584	0.3455	1.5663	-0.4354	0.5677	0.0544	-0.9467	0.0395	0.8824	0.6435	3.1666
-0.0443	0.0070	-1.1377	-1.0689	-0.4924	-0.1006	1.5367	0.2850	-0.2328	-0.4374	-2.3101	-0.2008	0.0366	0.2986	-1.5627	1.4741	0.1449	0.1615	0.2576	-0.3656	0.0955	0.5086	-1.7884	-0.3091	-1.5605	-0.6319	0.0695	-1.3428	0.8362	-0.1730	0.8449	-0.5159	-0.1065	-0.2768	-0.2779	-0.5049	-0.3405	0.5486	-0.8797	-0.0840	1.4138	-0.8726	0.3603	-0.4280	-0.1473	-0.9046	0.8931	0.2167	1.1648
0.5079	0.7427	-0.3368	-0.6748	0.4190	-0.3438	1.0154	0.0933	0.5835	0.2312	-0.4327	-0.2613	-0.2061	0.1922	-0.9040	0.4117	0.7928	0.7494	0.6869	-0.4394	0.2998	-0.0690	-1.9114	0.0108	-0.5492	0.8622	-0.1966	-0.7956	1.1516	0.6651	1.1488	-0.1770	0.0189	-0.2289	-1.0859	0.4403	-0.6988	1.0539	-0.3925	0.6015	0.4378	-1.2094	0.1739	0.1695	-0.1283	-1.4558	1.9427	0.2731	1.3117
0.3448	2.0105	-1.1510	-1.0213	1.3378	-0.0741	1.6102	-1.0659	0.7516	-0.0210	0.5795	0.7969	-0.0512	-0.0949	-0.2575	-0.4209	-0.2467	-0.6622	-0.7616	-0.7042	-0.3188	-1.2323	-0.3711	-0.9619	-0.1948	-0.3145	-0.5286	-0.5320	0.3774	0.4850	-0.6143	0.2498	0.4951	-0.5038	-1.8304	0.4004	0.2351	1.2537	0.3823	-0.1044	0.8190	-2.2660	0.4790	-0.3055	0.1174	0.4799	3.0912	0.2289	0.7503
-0.9611	1.9444	-0.8573	-1.3852	0.3502	-0.6938	1.4453	-0.4197	-1.2717	-0.6645	-0.2046	-0.8728	-0.3959	-0.6721	-0.5917	0.5632	-0.1486	-1.2878	-1.5920	-1.7255	0.3346	-0.0327	-0.7687	-1.3561	0.8991	-1.8804	-1.1326	-0.5440	-0.7349	0.5381	-2.2627	-1.5044	0.5531	-1.6743	-1.4005	0.9237	-0.0833	1.0139	0.2086	-1.1309	1.6628	-1.2552	-0.0569	-0.2503	0.9207	0.4282	1.6185	0.2440	-1.5298
-2.2284	1.7783	-0.6785	-1.0785	-0.1354	-0.3903	1.2207	-0.1076	-1.1579	0.3219	0.1442	-0.2604	-0.6121	-0.7659	-0.1526	0.0994	0.7206	-1.0244	-1.7125	-1.2664	-0.6571	-0.0052	-0.6308	-0.4271	1.5224	-0.3616	-1.3907	-0.1739	-1.6430	-0.5283	-1.5971	-1.3356	0.4981	-1.7247	-1.3046	1.5716	0.0332	0.5110	0.6935	-0.3096	1.1438	-1.2590	-0.2096	-0.4448	1.2474	0.9433	1.0779	0.0730	-0.5091
-2.0383	1.1554	-1.0977	-1.2086	-0.8576	0.2425	0.3199	-0.1596	-1.6878	0.7234	-0.1838	0.7993	-1.1033	-0.4835	-0.2498	-0.8628	0.2252	-1.5881	-2.0289	-0.7455	-0.7751	-0.6103	-0.5186	0.7532	1.1136	-0.6533	-1.6912	-0.9403	-1.2701	-1.5040	-0.9505	-0.5567	-0.2611	-0.9303	-1.0696	1.3877	1.1622	0.7419	1.1530	-0.0016	1.1691	-0.6765	0.8083	-0.9955	1.4936	1.1858	0.6187	0.0358	0.3680
-1.7164	-0.6702	-0.4357	-0.1247	-0.8842	1.0068	-1.8917	0.5743	-1.7553	-1.3150	-2.0048	0.1599	-1.4060	0.0460	-0.5159	-0.0218	1.0289	-1.7387	-1.5135	-0.9330	0.3236	-0.4310	-1.0105	0.5708	1.5165	0.7997	-1.0617	-0.8007	-0.3355	-1.2400	-0.7793	-0.9078	-0.2612	-0.7433	-0.2942	0.8916	0.8143	-0.6303	1.1674	0.6869	0.7174	0.7408	0.0020	0.2126	1.9854	0.8944	-0.0325	0.0039	-0.5576
-1.9172	-0.9397	-0.6284	-1.0217	-0.9199	-0.3678	-0.6312	-0.1161	-0.0038	0.1703	0.2254	1.2992	-2.2823	0.5563	-0.2376	-2.1640	1.5293	-0.4038	-0.2651	-0.4452	0.0888	0.2567	-0.5145	1.0215	1.4954	0.1826	-0.6174	-1.5267	0.2357	-3.1524	-0.3266	-0.4311	-0.1929	-0.4947	0.3935	0.3804	0.2529	0.6141	1.3130	0.8327	-0.0619	0.8138	0.6527	0.5287	1.0934	-0.5746	0.2714	0.0047	-0.0366
2.8236	-0.2125	-1.4831	-0.2831	-0.4891	0.4015	-0.8540	-0.2367	-0.1354	0.2172	-0.3121	1.6016	-1.2111	0.2144	-0.4747	-2.1203	-0.2201	0.7015	-0.6231	0.2675	-0.7362	-0.6939	-0.0228	0.4846	1.0402	-0.4285	-0.2580	-0.7238	-0.1576	-0.5402	-1.0864	-1.1987	-0.1322	0.1697	0.9453	0.3556	0.4777	-0.0502	0.8418	-0.9301	0.2085	-0.7212	0.7565	-0.3656	1.4515	0.0269	1.5285	-1.2878	0.0113
1.8443	0.3444	-1.0082	0.2941	0.5922	0.8312	-0.3346	-0.0810	-0.7077	0.2093	-1.4100	0.2168	0.2821	-0.5155	-0.0890	0.8117	-0.9305	0.6380	-1.7293	-0.5711	0.0390	-0.5221	-0.7763	0.5082	1.2342	-0.1689	-1.4927	0.3686	-0.9802	0.8377	-1.3617	-1.6407	-0.0088	-0.4071	-0.6939	0.4667	-0.0262	-1.4238	0.4425	-0.3915	-0.3484	-0.9647	-0.5893	-1.4929	1.9040	0.2484	1.4462	-1.2302	-2.1575
-1.1083	1.6619	-0.1285	-1.6516	0.6386	-0.4409	1.1825	0.6656	0.1053	0.4307	-1.0982	0.0436	-0.0060	0.8267	0.6439	-0.2591	1.3013	1.2156	-0.7495	-0.5318	-0.8792	0.0934	1.1497	1.0113	1.8424	-1.0338	-0.9730	0.4309	-0.5766	-0.4087	-1.4920	0.5587	-0.3529	-0.3713	-0.9094	1.5477	-0.9147	0.4433	1.8222	0.2790	-0.7835	1.6483	-0.8684	-0.9251	2.2001	1.9759	2.8384	0.0879	-1.3483
-0.0054	1.5177	-0.7171	-1.1169	-0.0322	-0.2590	-0.1991	-0.4876	-2.5725	0.4421	0.7865	0.5222	-1.3187	-0.6432	-0.4063	-0.7249	-0.0120	-1.1270	-0.9755	0.1785	-2.1463	-0.0364	0.8695	0.8079	0.0564	0.1532	-1.6220	0.3692	-1.0350	-1.7204	-0.6927	-0.3842	-0.1961	0.4888	-0.9668	1.4646	1.4047	1.4911	1.4170	-1.0912	1.5703	0.2778	1.4089	-1.4406	0.7143	1.8842	2.1386	-1.3669	-0.0071
0.2820	0.7838	0.5730	-0.2215	-0.7577	-0.4030	0.1145	0.3657	-1.5226	0.1176	-0.2531	-1.1397	-1.7238	1.0606	0.1056	0.5621	1.2054	-0.5782	-1.4427	-0.9354	-1.4836	-0.4231	-0.7467	-0.0076	0.7483	0.8388	-1.2128	0.2031	-0.6874	-1.0273	-1.2131	-0.4319	-0.0463	-0.1832	-0.3477	1.3362	0.6249	0.4993	2.2955	-0.3088	1.4738	2.0850	1.2155	-0.7434	0.8855	2.6736	1.0638	-0.3597	-0.2478
0.2969	0.2900	2.4206	1.2181	-0.0090	0.0592	-0.9458	0.6773	-1.4841	0.8294	1.0467	-0.0822	-0.0789	1.3314	1.1113	0.0458	1.8647	0.0826	-0.8459	-1.1546	0.7681	0.7969	-0.0712	0.0657	1.1887	2.4426	0.0591	-0.0385	-0.5026	-0.4751	-0.6916	0.3676	0.6909	0.2228	-0.0169	1.2231	-0.3851	-0.7581	1.7534	0.8873	0.7310	1.1654	0.6590	0.8569	1.5240	0.6232	0.4620	0.5188	-1.2757
0.8735	-0.0051	1.5033	1.2517	0.3566	-0.1798	0.3776	-0.7979	0.0239	1.4938	1.9669	0.7190	0.9429	0.6289	2.1176	-0.5837	-0.3165	-0.1583	-0.6921	-0.4327	-0.7799	0.0454	2.0051	0.9850	-0.1206	1.1101	1.0123	0.2981	-0.3431	0.1986	-0.4384	1.5667	1.0649	1.0137	0.2302	-0.1031	1.5897	1.0215	1.0044	1.6720	0.2130	-0.0933	0.5429	1.5785	0.5048	0.8623	-0.0137	1.4056	-0.9654
-0.2096	-1.0372	-0.2845	2.0285	-0.7834	-0.2289	0.3293	-0.3839	-0.2549	0.1892	-0.5264	-2.5693	2.0385	0.0500	0.0848	0.3006	-1.3800	-0.0272	-0.4990	-0.5253	0.6984	0.7634	-0.0752	0.4376	-0.4341	-0.2072	0.8924	0.0051	0.3614	2.5252	-0.2795	-0.6839	-0.0789	-0.8549	0.5473	-1.1059	1.8529	-0.5862	-0.0325	-0.1461	-0.4295	1.0902	-1.1250	1.3268	0.1302	-0.5021	-0.7210	1.7632	-1.0313
0.8495	-0.5239	-1.0130	0.0604	-0.1796	-0.5020	0.3448	-1.1435	1.8407	-0.3439	0.6223	-0.4601	0.5010	-0.9354	0.2752	-1.1247	-0.7122	0.0155	-0.0612	0.3222	0.4887	-0.4902	1.1884	-0.5735	-0.5588	1.2242	0.8477	0.7937	0.4589	1.0489	0.6961	0.1702	-0.5264	-0.0788	0.7816	-0.8324	-0.0515	-0.8647	-0.7166	0.4326	-1.2430	-0.5228	-1.5048	1.7353	-0.7500	-0.6981	-0.1953	1.0653	-0.1707
1.4361	0.2859	-1.4733	-0.1258	-1.3013	0.1952	-0.4523	-1.5473	0.0959	-0.2150	0.1549	-0.4534	0.5111	-0.3795	-0.1881	-0.3622	0.2246	0.8625	0.7750	1.4140	1.7087	0.2998	0.3810	-0.7062	-0.6610	0.1366	0.6550	0.7117	0.6836	1.3731	0.5212	-0.3490	-0.8698	0.3109	1.0290	0.1073	-0.3754	-0.3323	-0.5320	-0.1839	-0.4386	0.5817	-1.8839	1.6785	-0.3562	-1.7458	-0.7503	0.1850	-1.5318
0.6882	0.5825	-1.1855	0.0812	-0.8449	0.6205	0.4891	-2.0116	0.7249	-0.4114	0.4743	0.1751	0.3324	0.1155	-0.0411	0.7381	0.9973	0.3692	0.3503	0.6879	1.7437	0.0266	-1.4761	-0.5434	-0.2207	1.2762	0.3216	0.6754	0.4364	0.2132	1.3007	0.2711	-1.1159	-0.0215	0.1863	0.5191	-1.1243	0.2910	-0.1155	0.0035	-0.1389	-1.0145	-1.8405	2.0897	-0.3660	-1.3843	-1.0870	0.0649	-1.9030
0.3735	1.1705	-1.5721	0.2750	-0.0180	0.8529	1.6526	-2.0198	1.0982	0.5091	1.3743	2.4395	0.2387	0.4396	0.5972	0.1624	0.6292	0.3584	-0.2854	0.0204	0.9605	-0.0863	-0.0716	-0.5090	0.6177	1.3859	-0.1616	-0.2658	-0.0312	-0.5922	1.1972	1.9961	-0.6281	-0.0219	-0.4126	0.9261	-1.1448	0.0213	0.2714	-0.0607	0.1385	-1.6805	-0.6153	2.0153	0.0588	0.2249	0.6750	0.6080	-1.0610
-0.2131	-0.5739	-1.2717	1.4007	0.0574	1.4191	0.1663	-1.2734	-0.2469	0.3893	-1.5899	-0.4155	0.9855	1.1196	0.1424	1.2940	0.9836	0.2953	-0.4163	-0.7734	1.5073	1.1184	-0.3355	1.5660	1.3446	0.8065	-0.1352	-0.7884	0.1637	0.7567	0.7348	0.6142	-0.0225	-0.6763	-0.4928	0.7107	-0.9928	-0.6513	0.2307	-0.3381	-0.4184	-0.3770	-1.5737	2.1753	0.7646	-1.4312	0.7738	0.4486	-1.3736
-0.2606	-0.0053	-0.0260	-0.1358	1.2506	-0.3485	0.6105	-1.6488	0.5337	1.0443	0.7514	0.6655	-0.5364	0.8663	0.3844	-0.8044	0.9930	0.6781	0.0521	0.1098	1.3139	1.4671	-0.3486	1.5603	0.5650	0.1883	-0.3106	-0.1155	0.7211	-1.2050	1.0191	-0.3413	0.4578	-0.3516	-1.2390	1.2778	-1.5009	0.4546	0.9566	0.9207	-0.2013	-0.1621	-0.1530	1.2309	0.5938	-1.3867	0.0138	0.5836	-0.7566
0.9271	0.3496	0.3826	0.4045	2.2579	0.3366	0.4177	-2.1535	0.5324	0.6531	1.7062	1.3399	0.1497	0.6615	0.9319	-1.3421	-0.5552	-0.3467	-0.3461	1.5056	0.6007	0.9038	1.0568	1.7898	-1.3959	-0.4523	0.1493	0.4314	1.2209	0.0880	0.8841	0.3123	1.5443	0.4059	-0.5652	1.0609	-0.2971	0.3397	0.7367	0.3200	0.3844	-0.6610	1.1800	0.2723	0.7441	-0.2325	-0.0892	0.1944	-0.1886
0.5866	-0.6317	0.9327	2.0802	1.7670	1.4962	0.0264	-1.7660	0.1036	-0.2718	1.0558	-0.2179	1.5756	0.3908	0.3029	-0.4309	0.0763	0.7327	0.1196	0.6124	2.2577	1.2010	-0.4631	0.4196	-1.2427	-1.5983	0.6421	0.9254	0.6100	1.2997	0.3324	-0.0609	1.3492	0.9150	-0.4175	0.3857	-1.0392	-2.2573	0.5799	-0.2248	-1.1978	0.8602	-0.2193	0.2712	0.5870	-0.1210	-0.7094	0.9331	-1.1268
0.4002	-0.6128	0.5658	0.7724	1.0506	0.4099	1.0981	-1.6802	0.6829	0.7625	1.0290	1.0199	2.0129	0.6467	0.0519	-0.9350	0.5487	1.7589	0.3925	-0.3109	1.1403	0.4806	0.0860	0.4651	-0.0131	-2.4008	0.9478	0.7013	-0.0994	-0.5069	0.0441	1.1257	0.6582	0.8682	0.2272	0.3683	-0.9396	-1.5136	0.3756	-0.8628	-1.9272	0.7620	-0.4680	0.3360	0.5418	-0.1462	-0.0407	1.0925	-0.8478
0.7466	-0.0067	-0.9169	-0.6068	0.2034	0.5237	1.1424	-0.4268	-1.0335	0.1431	0.8609	0.6782	0.9146	0.3056	-0.6543	0.0294	-0.0004	0.3713	0.4180	0.9402	-0.0172	0.2454	-0.0010	1.1087	0.7451	-1.9514	0.6905	0.1660	-0.6302	-1.0736	-0.7705	0.6393	0.1709	1.2893	0.1910	-0.2526	0.1750	-1.3477	0.0325	-0.9132	-1.1811	0.6964	-0.6203	-0.5981	0.1556	-0.7257	0.0252	0.4159	0.2563
-0.1164	0.2466	-0.2893	0.9162	-0.2904	0.4041	-0.0154	0.7753	-0.1238	-0.7390	-0.7139	-0.4433	0.1661	0.7118	-0.1866	0.6045	-0.5804	-0.1433	0.2628	0.7204	-0.7515	-0.3374	-0.1416	0.5135	1.4191	-1.0246	0.2056	1.1921	-0.9558	-1.3900	0.0145	0.7849	-0.7311	0.3659	0.0424	0.3255	-0.4235	-1.7798	0.5653	0.6905	-0.8753	1.1711	-1.4668	-0.4938	0.3745	0.5470	0.6940	0.6743	-0.1198
-1.4448	1.1973	-0.2554	0.9779	0.2140	-0.0654	0.2625	-0.0412	0.3389	0.9221	0.1545	1.1529	-0.3629	0.9589	0.5785	-1.4580	-0.1134	-0.4829	0.1535	-0.1260	-1.7727	-0.5492	1.1719	1.1820	0.9995	-0.6511	-0.5349	0.4328	-1.1793	-2.5741	0.2137	1.2780	-1.1355	0.5923	0.7816	0.5757	-0.6692	0.1263	0.7903	-0.0813	0.4106	0.0230	-0.3634	-0.1458	0.1630	2.1939	1.8136	1.3357	0.8362
-1.1224	0.9842	0.9564	1.7205	0.5949	0.9289	-0.4730	-0.7314	-1.0920	0.0522	-0.4123	-0.2778	0.2606	0.2924	0.3029	-0.2218	0.7699	-0.2877	-0.8205	-0.2876	-0.5141	-0.1750	0.8346	0.8324	0.3721	-0.5423	-0.8294	0.4706	-0.2444	0.1540	-0.3756	-1.2008	-0.3899	0.3593	1.9634	1.0370	0.0469	1.5968	0.4589	-0.2544	1.7380	0.0009	-0.1556	0.2933	1.5355	-0.0422	-0.2120	0.4045	-0.4389
-0.7665	0.4746	1.3724	0.6811	1.0845	-0.3303	0.5472	-1.2000	0.3642	1.0610	0.9469	0.6518	-0.3877	0.5307	0.6264	-0.9771	1.0379	0.5792	-0.1461	0.7333	0.3926	0.1669	0.3272	0.9952	0.3292	1.7913	-0.8832	0.2481	0.0293	-0.1874	0.3543	-0.6533	0.2694	0.8303	0.8851	0.3398	-0.5367	1.2959	1.2034	0.4430	0.8091	0.3023	1.3640	0.4240	0.8316	-0.4258	0.0257	0.0655	0.6670
0.0603	-0.1147	1.0324	0.8416	0.3127	0.6103	1.5028	-1.4535	1.1615	0.3232	1.0844	1.4731	0.4826	0.5726	1.5209	-0.0466	0.2436	0.4539	0.9307	1.5569	1.1763	0.3572	1.1453	1.3962	-0.0089	0.6808	0.5498	-0.1687	0.2407	-0.0875	0.6101	1.1178	0.9585	1.0272	1.7396	-0.1335	-0.6911	0.0838	0.3097	1.0127	0.0016	-0.5081	1.6297	1.0109	0.9140	-0.9028	0.3752	0.1320	0.6932
0.9682	-1.1955	-0.0847	2.4191	0.4470	0.1693	0.8400	-0.9490	0.5632	0.1644	-0.1439	-0.4020	1.7713	0.4052	-0.6814	0.7790	-0.4481	-0.1298	0.8344	0.9840	1.6757	1.4800	-1.7956	1.3282	-0.1035	0.0004	1.1347	-0.3434	1.1110	0.3500	1.9452	-0.9037	0.1265	1.5022	1.5266	-0.7499	-1.2272	-1.6349	0.6363	0.1325	-1.3086	-0.6375	1.3864	1.1762	0.3946	0.5095	-0.8657	0.3910	0.0892
2.1265	1.0435	0.7288	-1.7075	0.4701	-0.0725	-2.9114	5.0720	2.7376	1.5302	1.7327	0.9232	-0.9547	1.4527	0.2669	-3.4967	-1.2463	3.3793	3.2713	1.0489	0.6703	0.0146	-0.0511	-0.6598	1.0697	0.9503	2.0595	-0.0233	1.5991	-0.0780	0.0250	0.6057	-0.3237	0.3244	0.9138	-0.6328	4.1749	1.8151	0.6752	1.5609	3.4017	1.4767	3.5752	0.7941	-0.2596	5.5953	-2.2367	2.6545	3.0895
1.0840	-0.6879	1.1457	-2.1611	0.6380	0.9733	-2.7520	4.7100	-0.3923	-0.1248	0.7747	-0.9859	-1.0483	-0.4112	-0.2608	-0.6501	-2.4918	1.0256	1.4156	1.1209	0.4579	0.4130	0.2542	-0.7376	-0.6009	0.2338	1.5175	0.8307	0.1705	-0.2089	-1.0247	-0.4258	-0.2176	-0.2840	0.7491	-0.8335	2.9045	0.4697	-0.4840	-0.1500	1.2291	1.9544	2.2012	-0.9895	-0.8628	1.0640	-2.4767	1.2973	0.2286
-0.5221	-0.8869	1.0292	0.4182	-0.0439	0.0909	-2.8704	3.5154	-1.2286	-0.3869	0.0586	-1.1303	-0.5985	-1.3820	0.4348	1.3820	-1.4981	-0.5609	0.3497	-0.0453	-0.5609	1.2475	-0.0870	-1.0492	-0.4116	0.4272	0.6650	0.8085	-0.8058	0.8305	-0.4753	0.1909	-0.0473	-0.2689	0.1835	-0.7710	0.5310	-0.3472	-1.5126	-1.6048	-0.0742	1.6449	0.3125	-0.8163	-1.2434	-0.6125	-1.4586	-0.1847	-0.4071
-0.3046	-1.1338	1.9175	-0.4569	0.2707	-1.0966	-0.1893	1.9794	-0.1837	0.2009	0.1138	-0.3389	-0.0774	-1.5624	0.9048	0.8225	-0.0903	-0.1082	0.4199	0.1222	-1.5759	0.1592	1.1754	-0.8995	0.1879	1.5421	-0.0300	1.2175	-1.3917	0.0991	-0.8939	1.7960	-0.0209	-0.0395	-0.2513	-0.4404	-0.9692	0.0820	-1.6911	-2.2985	-0.2672	2.2094	0.1482	-1.6898	-1.9775	0.4169	-0.1438	-1.1216	0.9596
-0.1496	-0.9301	0.7053	-0.2829	-0.0785	-0.5475	-1.8706	2.5827	-1.7003	0.3409	-0.7176	-0.2583	0.0013	-1.7976	0.7275	1.5660	-1.6293	-0.3646	-0.1933	0.7180	-0.9465	-0.1484	0.5746	0.3523	0.2140	1.3612	-1.5481	0.8044	-0.8829	0.0907	-0.9844	0.2577	-0.2800	-0.3081	0.6896	-0.3657	0.2807	0.0328	-1.8095	-1.0291	0.3271	1.3599	0.8653	-1.7641	-0.8698	-0.1101	0.1051	-1.7747	0.8245
-0.0601	-0.8696	1.4348	-0.0813	-0.5922	0.2234	-1.7631	2.7573	-0.8235	-0.0173	-0.4500	-1.0772	-0.3770	-0.6906	-0.0876	1.6065	-0.8514	0.6477	-0.1914	0.1714	-0.0267	-0.7753	-0.9714	-0.2122	0.5386	1.7214	-0.7421	0.7314	-0.5056	1.0228	-0.1356	-0.4897	-0.2149	0.0141	0.7428	-0.0617	-0.0558	0.1456	-1.1869	-0.3092	-0.1043	0.9782	1.0800	-0.5977	-0.8411	-0.6765	-0.5021	-0.8080	0.3258
-0.0687	-0.4070	1.2651	-1.1153	-0.2535	-0.4815	-0.1760	2.1254	0.8173	-0.2941	-0.1192	0.0523	-1.5634	-0.0125	-0.6224	0.1584	-0.6313	1.2878	-0.0421	0.3429	-0.1594	-0.7997	0.2359	-0.7254	0.0377	1.0020	0.0111	0.1414	-0.3834	0.7448	0.5141	0.3899	-0.1039	-0.1711	0.1244	0.0003	-0.0275	-0.5263	-0.7873	0.4449	-0.3930	0.2774	0.2447	-0.6011	-0.9034	-0.6530	-0.0320	0.0903	-0.1355
-0.2101	-1.4851	-0.0719	-0.0665	-1.0230	-0.2358	-0.4760	2.6416	-0.1245	-1.2487	-0.9588	0.3303	-1.4393	-0.3142	-0.8459	1.1738	-1.2982	0.8509	-0.0482	-0.5858	0.4240	0.5158	0.1179	-0.7458	-1.0695	-1.1218	0.3225	-0.2605	-0.9910	-0.5088	0.6546	0.0926	-0.3084	-0.7398	0.1766	-0.7976	-0.4879	-1.4122	-1.3032	0.3692	0.0145	0.1757	-0.3527	-0.8575	-0.3762	-1.3337	0.0541	-1.2002	-0.4764
-0.0915	-1.2540	0.5619	-1.1269	-0.6113	-0.4575	-2.0398	0.2289	1.0035	-2.6810	-1.2077	-0.4976	-1.4133	-1.2058	-0.5309	-0.6033	-0.1250	-0.1608	-0.1212	0.5793	-0.4621	-1.1204	1.9635	-1.0009	-1.6753	-0.4677	0.5649	0.6257	-0.4533	0.5226	0.8091	0.5069	-0.7195	0.2935	0.7541	-0.3391	1.2811	0.0454	-1.0872	0.4208	0.1762	0.2176	-0.1815	-2.2466	-1.3501	-0.2142	-0.0180	-2.0515	0.4700
-0.2035	-0.8248	-1.1833	-1.3666	1.2181	-0.4858	-0.1245	-0.7966	1.1930	-0.5144	-0.0773	-0.3859	-0.8185	-1.5813	-0.0502	-1.0998	0.0044	-0.8812	-0.1726	0.3441	-2.0359	-1.2417	1.5893	-1.2927	-0.9903	-0.2258	-0.6313	0.6096	-0.8993	0.8374	-0.2108	1.6034	-0.3186	0.3394	-0.0959	-0.9430	0.5518	0.3234	-0.8110	-0.1522	-0.6701	-0.2628	0.6763	-2.1012	-1.9907	0.3208	-0.0839	-1.1247	0.8323
0.2485	-0.1246	-1.1749	-0.4138	1.5262	-0.9900	-1.1285	0.6324	-0.5852	-1.1241	-0.2475	-1.4091	-0.0184	-1.3692	0.4786	-0.1632	0.4315	-1.0950	-0.9254	0.1142	-0.6796	-0.0818	0.3126	-0.2374	-0.7553	0.1798	-0.1890	1.4610	-0.8898	0.7790	-1.4022	0.5208	0.6114	-0.2104	-0.6639	-0.0593	-0.1970	-0.4347	-0.9688	-0.3738	-1.0929	0.1499	-0.6410	-0.3478	-0.3334	-0.4667	-0.6976	-0.9783	-0.1849
-0.8032	1.0998	-0.7319	0.5600	1.2162	-0.3950	-0.7513	0.0438	0.2287	-0.4115	0.2250	-1.4499	0.9686	-0.5189	0.9130	0.2798	-0.1305	-0.8139	-1.5353	0.2546	-1.0685	0.2540	0.4616	-0.1193	-0.2291	1.5880	-0.0252	2.1124	-0.4800	0.7975	-0.6432	1.3882	1.0445	-0.8863	-2.0296	0.8494	-0.5272	0.5831	-0.5462	-0.0434	-0.1553	-0.8533	-0.8800	-0.1827	-0.4365	0.8964	-0.6873	-0.1182	0.0653
-0.9086	1.3781	0.3593	0.5992	0.3709	-0.3062	1.3134	0.1783	0.8106	0.2367	-0.0305	-1.2871	2.5281	0.2347	0.9939	-0.8973	0.5733	0.3775	-0.6679	0.0250	-0.4783	0.3958	1.4114	-0.9773	0.7021	0.3917	0.1232	1.6632	-0.2204	2.2021	-0.8551	1.8405	0.8077	-1.1380	-1.4767	1.4129	-0.0450	0.1500	-0.3020	-0.3875	0.0227	0.4494	-1.4879	-1.2036	-0.2993	0.9880	-0.0450	0.9130	-0.5683
-0.3904	0.2683	0.1799	1.0774	-0.5644	0.7899	1.3514	0.3430	0.1452	-0.2790	-2.1023	-2.1636	2.2444	-0.1894	0.4065	-0.1613	0.3672	0.3599	0.0141	-0.5184	0.8676	0.9747	-0.0790	-0.4278	0.0657	-0.6106	0.5918	1.2510	-0.6680	0.8924	-0.8441	0.4881	1.0052	-0.7312	-1.2805	0.8746	-0.7689	-0.6072	-0.4589	0.5837	0.5279	0.7793	-1.2566	-0.2419	0.2142	0.3435	-0.9661	0.5726	-2.2902
0.2372	0.8372	1.0044	0.3960	-0.7087	0.2799	0.0629	0.8134	0.7954	0.9323	0.0537	-0.9004	0.7560	0.5319	0.0456	-0.7443	1.6548	1.0758	0.7512	0.9900	0.9425	0.8837	0.0986	0.0858	0.1734	0.8965	1.3972	-0.2497	-0.3396	-0.9106	0.0188	1.3907	1.0726	0.2488	0.0799	0.5378	-1.3214	0.0385	-0.2587	0.7531	0.7842	0.4044	-0.0192	0.1592	0.4170	0.4129	-0.9665	1.0100	-0.8124
1.0932	0.1793	0.1671	0.0208	-0.6140	1.3530	-0.4084	0.9016	-0.2782	1.2843	-0.0216	-0.5194	-0.3989	0.4691	-1.2508	-0.0634	1.3842	0.4214	1.1509	1.6770	1.1587	0.5456	-0.8279	1.6325	-0.4254	0.0837	0.9613	-1.1610	0.3278	-1.7534	0.1113	0.3663	1.0345	1.1073	1.7256	-0.9696	0.5595	-0.2480	-0.1771	-0.5159	0.5764	0.6224	0.5128	-0.5724	-0.4277	-0.7034	-1.9355	0.3285	0.0448
0.1230	-0.8572	-0.0405	0.9344	-0.7816	0.9658	-1.4536	0.7788	0.3125	-0.3341	0.0728	1.1861	-0.7857	0.5525	-0.8578	0.7243	0.2834	0.3776	1.6931	1.0929	1.5492	0.0944	-0.7483	1.0096	0.2348	-0.2497	0.6704	-1.8433	1.2672	-1.2438	0.9429	0.1759	0.8689	1.0090	1.9125	-1.8268	-0.0506	-1.4174	-0.8692	-0.0396	-0.5046	0.3361	0.3225	0.4232	-1.1265	-0.9605	-1.0412	-0.3204	0.3804
-0.0175	-0.9392	-1.1211	-0.7308	-1.0300	0.0086	0.5298	0.1484	1.2268	0.1673	0.2495	2.8092	-0.8231	0.4759	-0.5532	-0.6804	-1.5103	0.5303	1.5275	-0.1842	0.2823	-0.5630	0.0542	-0.5751	0.2068	-2.2480	0.5309	-1.2297	1.2019	-1.6175	0.8072	0.4898	0.3592	0.7798	1.5169	-1.8988	0.7314	-0.8867	-0.8667	0.4487	-1.2669	0.2037	0.4994	-0.0408	-1.3287	-1.8543	-0.0463	-0.4399	0.6734
-0.5436	-1.4938	-0.3810	0.0360	-0.9306	0.0504	0.7443	0.2469	0.0611	-0.4585	-1.7825	0.9075	-0.2098	-0.5070	-0.5936	0.3888	-1.4408	0.1143	0.4282	-1.4639	0.4592	0.4625	0.6255	0.3718	0.1689	-2.0468	0.4809	-0.7677	0.4614	-0.3321	0.0481	-1.4524	-0.2288	0.2947	1.3591	-0.9519	0.1565	-0.5656	-0.3945	-0.1140	-1.3749	0.2086	-1.0771	0.9182	-0.5842	-0.9705	-0.9325	-0.0597	-0.7619
-0.0718	-0.3711	-0.5014	-0.7419	0.4026	0.4376	1.8393	-0.5729	1.1474	-0.1635	0.5091	0.7689	-0.7021	-0.8775	0.0190	-0.6760	-0.0515	-0.1785	-0.2729	0.3692	-0.1385	-0.1738	1.5884	-0.3243	0.1348	-0.4528	-0.0871	-0.3025	0.0558	0.3337	0.0652	-0.4480	-0.4537	0.9097	0.0223	-0.5711	-0.0466	-0.4044	0.0536	-0.1714	-1.1440	-1.1626	-0.8403	-0.4914	-0.7688	0.2494	-0.5495	-0.0419	-0.1045
0.0057	-0.2318	0.4999	-0.2492	0.0924	0.3775	1.0135	-1.4238	-0.2967	-0.2349	0.8114	-0.9465	0.0123	-0.7821	0.0551	0.3013	0.9446	-0.4329	-0.7195	-0.5805	0.3940	0.6858	-0.0708	-0.6104	-0.4655	-1.6138	-0.2264	0.3378	0.0602	-0.6880	-0.0807	-1.0630	0.0049	0.5622	-0.3654	0.0529	-0.0567	0.1595	0.0782	0.1232	0.0755	-0.7022	-0.0582	-1.0038	0.5947	-1.3090	-1.6707	-0.1350	-1.7332
-0.2527	-0.0219	0.3213	-0.3515	1.3103	-0.4644	0.3875	-1.1994	0.7348	0.3879	0.5435	-0.9274	-0.4899	-0.1341	0.3850	-0.4471	0.9401	0.3876	-1.2238	-0.1797	-0.0627	0.3216	-0.0276	0.1046	0.1731	-0.2080	0.0897	0.6302	0.4319	-0.5827	-0.2087	-0.2320	0.6438	0.9473	-0.5497	0.5373	-0.6811	0.4407	0.7555	0.0140	-0.6460	-1.0498	0.9746	0.1893	0.5421	-0.0531	-0.2365	0.4154	-0.4496
-0.6131	1.5187	-0.8044	-0.5282	1.0085	0.4850	1.4227	-1.0961	1.0282	0.4502	0.2537	-0.4176	-0.5160	-0.1334	0.4051	-0.0789	-0.3080	0.1649	-1.3706	0.5309	0.3404	-0.2100	0.2921	0.2346	0.6066	-1.3331	0.2613	0.7933	-0.4264	0.8111	-0.8303	0.1451	0.5924	0.3475	-0.8707	0.9173	-0.3425	0.4957	0.8865	0.5189	0.4543	-1.6869	0.5581	-0.0280	1.0584	-0.1690	0.5475	0.5730	0.5716
-0.7582	1.9744	-0.0866	0.0931	0.1488	0.8529	1.0518	-1.6208	0.9198	0.2142	-0.1738	-1.7766	0.6290	0.1108	0.3008	1.6122	-0.8048	0.0680	-0.1107	0.6485	1.2345	0.0605	-0.9176	-0.2925	1.0633	-0.1921	0.4754	1.0729	0.1014	2.1738	-0.5742	-1.1401	0.2406	-1.1708	-1.3721	1.3742	-1.0115	0.4313	1.4969	1.1202	0.7886	-0.5528	-0.5477	0.6433	1.2360	-0.6516	0.4763	0.2555	0.5651
0.2816	2.4084	-0.0046	0.1451	-0.2060	0.5626	1.2047	-1.0385	1.7090	0.5937	0.7019	1.0969	0.1364	0.4029	0.8136	0.4865	-0.2815	-0.0568	1.1339	0.5186	0.0201	-0.7064	-0.1736	-0.1142	1.0079	-0.0195	0.1177	0.0621	0.9196	3.0117	0.4917	-0.3943	0.2270	-1.2056	-0.8624	0.7453	0.4959	0.2511	1.0661	1.8193	1.1364	-0.7883	-0.3506	0.3086	0.4530	-0.0465	1.9274	0.5835	1.6617
0.8924	0.9526	0.0446	0.7563	-0.4317	0.9147	0.2309	-0.9117	0.3623	-0.1435	-1.1695	-0.0455	0.4810	0.4709	-0.0956	1.4658	0.7077	-0.5833	1.2292	0.0989	0.5599	-0.2642	-1.3080	0.8770	0.0768	0.5051	0.7120	0.0719	1.4204	1.8501	1.2374	-1.8747	-0.0036	-0.7834	-0.0514	0.3975	-0.1649	-0.1298	0.9906	1.0648	0.5384	-1.0455	-0.8165	1.0642	0.4654	-0.3383	0.8467	0.3108	0.3436
0.7806	0.5947	0.3687	-0.0872	-0.5930	-0.0524	-0.1384	-0.8652	0.6981	0.5399	0.6169	0.9568	0.8692	1.2741	-0.1510	0.0148	1.7351	0.4237	1.2539	0.1347	0.2389	-0.8054	-0.2982	-0.2755	-0.3373	0.1511	0.5304	-1.1421	1.9437	0.1744	1.0989	-0.9974	-0.0228	0.3899	0.4924	-0.2588	0.1949	1.7480	0.8612	1.4759	0.6717	-1.1732	-0.3145	1.8502	-0.3279	-0.3892	0.4749	0.5844	1.3944
1.0083	-0.9620	0.1083	0.9424	-1.1174	0.5749	-0.1008	-0.6182	-0.2349	0.1118	-0.4475	-0.1744	1.1879	0.9268	-1.0320	0.3869	1.6791	-0.0083	1.0617	-0.9946	0.4542	-0.1996	-1.2543	-0.6196	-1.0696	-1.0601	1.1470	-1.1944	1.4618	0.0797	0.1394	-1.4994	-0.1036	0.3879	1.7411	-0.8564	0.5565	2.0970	0.3346	0.9312	0.1031	-0.5577	-0.5668	2.4624	-0.4025	-1.8634	-1.0626	0.5207	0.2973
0.6969	-0.0052	-0.8358	-0.0861	-0.1854	-0.4201	0.4933	-0.8136	0.4131	0.6321	0.5422	1.6729	0.7131	0.9499	0.0570	-0.5354	0.0762	0.3973	0.6687	-0.4494	0.2573	-0.1569	-0.5817	0.0548	-0.6985	0.5162	0.5703	-1.2162	1.8622	-0.7602	0.1258	-0.6043	0.1311	1.0381	0.7044	-0.6410	0.1927	1.2168	0.1685	1.3715	-0.5835	-2.1184	-0.1679	2.1495	-0.6446	-1.1493	0.1299	0.3378	0.9540
1.5593	1.1284	-0.6352	0.4436	-0.2772	1.1870	0.8715	-0.7770	0.1085	0.4127	0.0348	2.4644	1.9673	0.9980	0.8516	0.4309	-0.5783	0.2117	0.5390	0.2232	-0.1137	-0.1915	0.5227	-0.1031	-0.2645	-0.3337	0.3787	-0.8537	1.8736	0.4975	0.5309	-0.1570	0.1143	0.4904	0.4711	-0.6654	0.1995	0.3144	-0.0976	0.8134	-0.1654	-2.5382	-0.8050	0.5432	-0.1629	-1.2002	1.3543	-0.2324	1.2864
1.0494	-0.1793	1.0327	1.3728	0.0748	0.8737	0.3944	-0.8139	0.0104	0.1259	-0.2436	0.5853	1.2528	1.2720	0.3399	1.4997	0.6974	-0.1698	0.7404	-0.7692	-0.9292	-0.2995	-0.7386	0.0535	-0.1079	-0.7521	-0.3203	-0.7870	1.9181	-0.8335	1.4161	-1.3240	-0.0828	-0.5578	-0.4152	-0.3726	-0.7502	1.0811	0.5201	0.0331	0.0853	-2.7878	-0.5875	-0.3303	-0.1418	-0.3379	0.3709	-1.2312	1.3541
1.1442	-0.1901	0.4760	1.1718	-0.4022	-0.2798	1.2521	-0.6654	0.5655	0.2642	0.4483	1.6018	0.2115	0.8129	0.3869	0.2979	1.4849	-0.5613	0.8071	-1.1298	-1.5825	-0.8371	0.1218	-0.6570	0.0819	-1.2646	-1.3198	-1.4586	1.5401	0.1022	1.0181	-0.9940	0.4576	-0.9271	-0.9066	-0.1169	-0.1808	1.6882	0.5638	-0.4918	0.4741	-2.3081	0.3071	-0.7533	0.0553	-0.0850	0.7800	-1.9731	2.0029
0.6987	-0.3661	0.6617	0.7759	-0.9380	-0.1841	0.4624	-0.9307	-0.7249	-0.4625	-1.4103	-0.2122	-0.1214	-0.1303	-0.3907	1.2653	1.1062	-1.5842	-0.0616	-1.3625	-0.2748	0.1975	-0.7857	0.3956	0.0148	-0.4901	-1.0994	-0.9281	0.8296	-0.0785	-0.1015	-1.7267	0.4434	-0.8347	-1.2937	0.6680	0.0003	1.0457	0.6650	-0.7918	0.5010	-1.5213	-0.3225	0.0355	1.0139	-0.1843	-0.3803	-1.8776	1.0817
0.4331	0.2721	0.7202	-0.3915	-0.0015	-1.1484	1.4648	-1.1356	-0.0764	0.7235	0.8730	0.0293	-0.8206	-0.3664	0.2138	0.2942	0.6331	-1.1903	-0.9299	-0.4820	-1.1599	0.2467	-0.0695	0.1845	1.1165	1.5395	-0.9632	-0.9943	0.0637	-2.0529	-0.8051	-0.6449	0.4093	0.1488	-2.3191	1.4006	-0.7834	2.0226	1.2762	-0.0023	0.9563	-1.7191	1.6302	0.6370	0.8883	2.0623	0.6726	-1.4363	1.5963
-0.2568	0.5671	0.2236	0.1536	-0.0230	-0.6369	-0.1269	-0.4459	-1.4977	0.6130	1.0500	-0.6725	-1.0149	-0.1604	-0.5673	0.0659	0.3131	-1.4522	-0.8950	0.6981	-1.4353	0.0590	0.4893	-0.4469	0.8220	2.0534	-0.4198	-0.4943	-0.4855	-1.1362	-1.4990	-0.4321	0.2869	0.6357	-0.9948	1.3950	1.7109	3.3816	1.4658	-0.4462	2.3386	0.4381	2.8712	0.5375	1.2448	2.5586	1.7446	-0.5385	-0.4739
-1.9629	0.1757	-0.5281	0.8300	0.5654	0.0404	-1.3908	0.2865	-0.8233	1.4735	1.2010	-0.2739	-1.6545	0.4951	0.4475	0.8841	-0.4056	-0.1570	-0.2851	0.3513	0.0833	0.8442	0.2531	0.4624	1.3701	0.8812	-0.9089	-0.3266	-0.4112	-0.1638	-0.4657	0.1987	0.0322	-0.0653	-0.7699	0.0672	0.2584	-0.2297	1.7364	0.5606	0.1805	1.7831	1.6341	-0.0081	1.7533	2.2220	2.2616	-0.0433	-1.0662
-0.6864	0.4030	0.5776	1.1052	1.6890	-0.0900	0.6553	0.7573	-0.1233	1.4162	0.9112	0.9137	-1.0180	2.7249	2.2293	0.5146	0.6871	0.4810	0.4539	0.5920	-0.2599	0.8222	-0.4865	0.5102	-0.1292	0.9837	0.9828	0.7767	0.1577	-0.5286	1.5994	1.2713	0.0355	0.8454	-0.3166	-0.3665	-1.6950	-1.4868	1.6951	1.0386	-0.9864	2.0295	2.0666	-1.3979	1.1983	2.4588	2.1282	0.5983	0.8282
-0.2046	0.6047	0.5890	1.0409	1.5099	-0.7153	-1.2782	-1.0950	-1.7629	1.0995	2.2239	0.6880	0.3074	1.5010	1.5320	-0.1935	0.1949	-0.6114	0.2568	1.0504	-0.5418	0.7779	-0.4654	1.4394	-2.6037	0.3717	1.0971	0.7279	0.0849	0.1361	1.6196	-0.3674	1.2603	0.8464	0.6141	-1.1711	2.8665	0.1621	0.0707	0.2942	1.0222	0.9001	1.2556	-0.7760	-0.0429	-0.4493	-0.2550	-0.5211	-0.4286
-1.4447	-0.5523	-0.0402	1.0621	0.5174	-0.8678	-2.1430	-1.6658	-1.7291	-0.2959	0.5830	1.3888	1.5901	0.9989	0.7077	0.7593	-0.6297	-1.3703	-0.0836	0.0216	-0.2506	0.3881	-1.1774	0.3416	-2.5888	-1.5664	-0.2542	-0.7980	0.0293	1.3369	1.9839	-0.3288	0.8840	-0.0060	0.5065	-1.3430	1.9567	-1.6803	-1.4679	-0.4135	-0.9502	-0.4653	0.0356	-0.3498	-0.3970	-0.7894	-0.1404	-1.5231	-0.3401
-0.5304	-0.8851	0.3998	-1.9696	-1.4460	-2.2189	-1.3141	-0.4798	-0.0724	-0.5643	0.1476	1.4393	0.9072	0.6690	-0.4826	-0.5538	0.1080	-1.5326	0.6062	-0.6351	-1.5300	-1.3063	0.5754	-1.2585	-2.2453	-1.3972	-0.3845	-1.5151	0.0519	0.3791	0.9775	0.7190	0.0404	0.8764	0.4266	-0.7698	1.4238	-0.2645	-1.2096	-1.0860	-0.8410	-0.4457	0.1819	-1.5328	-1.0320	2.0143	1.6320	-0.8233	0.9863
1.5607	-0.5569	-1.1787	-2.2999	-3.2055	-2.7239	1.8243	-0.6504	-2.1296	0.0774	-0.4262	0.4481	0.3034	0.2047	-2.6695	0.1290	-1.6633	-1.8438	0.4110	-1.3149	-2.2064	-1.9445	-1.3136	-0.7570	-2.9441	-2.4665	-0.8226	-1.7236	0.1956	-0.9185	-0.8342	-1.1574	-1.8053	-0.2727	-0.5153	-1.0783	1.8452	0.8951	-0.4150	-1.7387	-0.3559	-0.7671	-1.2598	-1.2185	-1.4173	0.7869	0.9499	-0.3929	0.3701
-0.3531	-0.2511	0.7537	-1.6506	-2.2587	-2.3381	-0.0302	-0.6858	-1.4111	-1.1112	-0.3311	-0.9502	-0.2904	-0.9104	-2.8930	-0.0042	-2.1889	-1.4954	-0.8810	-2.3848	-1.3949	-2.0461	-1.2171	-0.9168	-2.0905	-0.1097	-0.8410	-1.8060	-0.6944	-0.8875	-0.3758	-0.7535	-2.3060	-1.8283	-1.0144	-1.8332	0.8768	0.2650	-1.3497	-1.1297	-0.5750	-1.7328	-1.4490	-0.5734	-1.2218	-1.3377	2.2225	-0.3663	0.3126
-1.5355	0.1800	1.1380	-2.5623	-1.9658	-2.2209	-0.2281	-0.7973	-0.8518	-1.5038	0.0174	-1.2458	-0.7535	-2.6971	-2.0064	-0.6772	-1.9245	-2.1101	-2.0946	-1.5952	-2.4807	-1.9383	0.9845	-1.5192	-1.2306	0.5818	-1.9762	-1.8560	-2.0622	-1.2489	-0.4683	0.1074	-2.3490	-1.5864	-1.1555	-2.1148	1.2228	0.1967	-1.6099	-2.0291	-0.6176	-0.5999	-0.7307	-1.5324	-1.6624	-0.7036	1.1248	-0.3806	-0.4501
-2.4635	-1.7259	-0.1359	-3.0588	-2.4347	-2.3621	-1.0350	-0.5325	-1.7916	-1.9613	-1.7539	-2.1427	-1.2029	-3.0179	-2.9197	-0.0391	-0.9653	-1.9990	-2.0836	-3.3335	-2.6816	-1.9587	-0.9535	-1.5789	-1.0943	-1.1103	-2.7055	-2.0524	-2.7889	-1.6039	-1.2527	-1.0413	-3.0177	-2.7370	-0.8978	-1.0820	-0.1218	-0.2572	-1.8256	-3.5390	-1.6962	0.3008	-2.2466	-1.0845	-1.2813	-1.2726	-0.8681	-1.3990	-1.7440
-2.3194	-1.6969	-0.6998	-2.3398	-2.1890	-1.8612	-0.7031	-0.2432	-1.4241	-2.1734	-2.4134	-1.7617	-0.7746	-2.5813	-2.9528	0.2046	-1.0261	-1.0219	-1.2324	-2.8203	-1.9130	-2.0414	-0.8461	-1.7190	-0.5008	0.2440	-2.5970	-1.4656	-2.1628	-1.8228	-1.3487	-0.2388	-3.4127	-2.3057	-1.2729	-0.6535	-0.6217	-1.2818	-2.2503	-2.7887	-1.9499	0.2448	-2.2341	-1.6365	-0.9692	-0.4560	-0.6241	-1.9545	-0.2954
-2.0045	-1.3135	-2.1882	-2.2376	-1.2136	-1.8195	0.0989	-0.4767	-0.5414	-2.9221	-2.0311	-0.9907	-1.1406	-2.3192	-1.8328	-0.0732	-1.4745	-1.3472	-1.4516	-1.4295	-1.9623	-2.8401	0.4140	-2.8692	-0.6559	1.1936	-2.7938	-1.3120	-2.0025	-0.9275	-1.0285	0.7622	-3.0052	-1.3194	-1.1946	-1.0118	-0.4730	-0.7519	-2.2033	-1.8051	-1.3977	0.5480	-0.9996	-1.0573	-1.2761	0.0695	-0.0323	-1.3363	-0.5612
-1.8215	-1.8887	-1.9997	-1.6009	-0.1473	-1.0460	-0.9118	0.6032	-1.0233	-3.4089	-3.5757	-1.9970	-0.4181	-1.4077	-0.8284	0.5651	-0.0979	-0.6514	-1.1242	-1.5862	-0.4811	-1.6264	-0.7720	-1.3813	0.2893	3.2182	-2.2389	-0.9117	-1.6274	0.0783	-0.4225	-0.0709	-2.1667	-1.6994	-1.3507	-0.2835	-1.4585	-2.2666	-2.4384	-1.6272	-1.8070	0.4361	-1.4167	-0.0621	-0.7055	-0.7075	-0.2105	-0.6844	-1.6686
-0.7314	-1.0849	-0.9444	-1.3825	0.3249	-0.7794	0.4468	0.6049	0.1589	-2.1307	-1.0594	-0.1563	-0.5751	-0.5260	0.1151	-0.4446	0.1869	-0.1981	-0.9646	-0.6449	-0.6643	-1.2766	-0.6487	-1.7773	0.6168	2.6016	-1.9191	-1.0177	-1.2145	-0.9690	0.5066	1.0514	-1.5868	-1.4169	-1.5609	-0.1620	-2.3049	-1.8153	-1.4429	-1.2400	-0.8392	-0.2683	-0.0389	0.6864	-0.9846	0.1356	0.6240	-0.2112	-0.3178
-0.0281	-1.4480	-1.0416	-0.5877	-0.0608	-0.3225	-0.0442	0.6120	-0.8063	-2.5885	-1.7567	-1.1525	-0.9296	-0.4947	-0.0923	0.4487	1.0212	0.0314	-0.4037	-0.9028	0.7893	-0.0097	-1.6571	-1.6941	-0.0996	0.0375	-1.4167	-0.6468	-1.0760	-0.2655	0.7727	0.0829	-0.5342	-1.8864	-0.0276	-0.2547	-2.5003	-2.7137	-1.6928	-0.6795	-0.4990	0.3838	-0.9181	1.0951	0.0459	-1.3111	-1.1090	-0.0430	-1.3584
0.6236	-0.9114	-0.9384	-0.6284	0.1692	-0.2052	-0.4010	0.3534	0.2732	-0.5525	-0.2135	0.3298	-0.8351	-0.1410	-0.0930	-0.5418	1.0110	1.2180	0.7953	0.3799	1.1408	0.0806	-1.3683	0.2366	-0.6286	1.1858	-0.8290	-0.7781	0.2123	-0.3477	1.2113	0.4169	-0.1159	0.0310	-0.0155	0.0276	-2.2010	-1.9575	-0.9794	0.4932	-0.7087	0.2492	-0.2823	1.0345	-0.1250	-0.2181	-0.7945	0.4244	0.6007
1.4469	-0.7137	-1.3636	-0.4860	0.0600	0.9641	-0.7013	-0.1342	-0.4649	-0.0407	-0.4494	0.1983	0.2861	0.5039	-1.0143	-0.5329	-0.4537	0.6840	0.8980	1.0365	1.7310	0.7898	-1.8194	0.8226	-1.0587	-0.6643	0.0971	-0.3786	0.9482	0.9186	0.4767	-1.2816	-0.3677	1.0701	1.1848	0.3760	-0.3510	-0.7449	-0.2802	0.1489	-0.0677	0.4850	0.7719	0.4510	0.6573	-0.9114	-1.0242	0.1038	0.4770
0.4743	-0.2846	-0.2457	-1.4971	1.0174	-0.3902	-1.1150	0.5536	0.8545	0.1202	0.1212	0.1333	-1.4091	1.3032	-0.1798	-2.7464	-0.6387	0.7242	1.3094	0.5659	1.3938	0.2508	-1.9007	1.0955	-0.0051	-0.4570	0.6373	0.0820	1.4010	-0.4645	-0.5680	-0.5258	-0.1461	1.6035	0.8007	-0.0924	-0.5423	-0.5311	0.8654	2.2658	-0.5072	0.5193	0.8323	0.6215	0.0564	0.3007	-0.4387	1.7718	0.5827
1.1567	0.1650	-0.0846	0.8508	1.3476	0.9019	-0.6898	1.1214	0.0719	-0.2222	0.9062	-0.2832	-0.3155	0.0609	-0.0766	-0.8702	-1.0423	0.5203	0.4984	0.4578	2.6016	2.0368	-0.7073	0.3620	0.9127	-1.3810	1.5791	1.0033	0.9189	-0.1364	-0.3190	-0.9648	0.4512	0.3618	1.3422	-0.3920	-0.4954	-0.8141	0.4172	1.1523	0.5195	0.8833	0.6946	0.9327	0.6412	-0.2049	-0.8346	1.1489	-1.4067
0.7660	0.0361	-0.3795	1.6765	1.1653	0.5848	-0.0622	2.0658	0.0237	0.6592	1.5518	-0.2868	-0.2646	0.0106	0.4866	-0.7829	-0.6431	0.9475	0.9729	0.5500	2.7879	1.8466	0.1253	1.1053	1.0097	-1.3071	1.3589	1.1671	0.4523	0.2626	0.8348	-0.2443	0.4751	0.2464	0.3796	-0.6611	-0.4108	-1.0002	0.1244	0.1577	-0.0593	0.9719	0.5904	0.5518	-0.2131	-0.2315	-1.0235	1.2198	-0.8768
0.4959	0.0913	-0.7177	2.2796	2.0670	1.1373	0.6790	1.4883	0.3576	0.5873	1.0837	1.2374	0.9276	-0.8418	1.1475	0.1681	-0.5943	-0.7504	-0.1824	0.8750	1.3544	0.8210	1.6074	0.8287	0.1396	-1.2216	0.6728	1.6119	-0.4067	1.5753	1.6299	1.2889	0.6964	0.6418	-0.7611	-0.3638	0.1235	-1.2313	-0.3216	-0.1652	-0.5442	1.2544	0.7016	-0.7636	0.2499	0.2850	-1.0830	0.7647	-0.3092
-0.2395	-0.9557	-1.2757	3.0597	0.9865	0.9593	-0.0540	1.2785	-1.2827	0.2423	-0.4358	-0.1983	0.5483	-0.7716	1.1569	0.9381	-0.6866	0.2909	-0.0350	-0.4308	1.0251	1.4939	0.6621	1.4625	-0.0654	-0.6928	0.9491	2.0453	-1.0761	1.8918	-0.2294	0.9695	0.6803	-0.1632	-0.1584	0.7233	-0.1981	-2.3514	-0.3976	-1.1313	-1.1394	1.7199	-1.1742	0.3018	0.7048	0.3005	-0.4771	0.2887	-1.1345
-0.5245	-0.4324	-0.0336	0.5710	0.7056	0.4226	0.7255	0.7324	0.0815	-0.3288	0.3100	0.1388	-1.0338	-0.3451	1.2028	-1.6178	1.0510	0.9279	-0.4250	-0.4155	-0.3102	0.2777	1.8680	-0.1857	0.8984	0.4123	0.6288	1.8990	-1.1911	0.7585	-1.1403	1.5061	0.4971	-0.1654	-0.0540	1.6414	-0.1741	-0.5607	-0.0203	-0.2374	-0.7980	0.7851	-0.6809	0.8448	0.0970	0.7678	-0.6061	0.7816	-0.1344
1.5409	0.5808	-0.6188	0.0332	-0.5755	1.1971	0.7686	1.0401	-0.3256	-0.1609	-0.4340	-0.6228	-0.4572	-0.2919	0.2699	-0.3951	0.3289	1.5293	-0.6435	-0.4404	0.2803	0.6170	0.6969	-0.4079	1.9263	-0.3093	0.1594	1.1591	-0.8738	1.0666	-1.6843	-0.0825	0.3484	-0.4298	0.4252	1.1297	0.1970	-0.8591	0.5450	0.3836	0.5443	1.6556	-1.5495	0.9050	0.7226	0.3022	-0.0734	0.3512	-0.3842
0.3361	1.2733	-0.5154	0.8983	-0.1649	1.9763	0.4262	0.9106	0.6333	0.6047	-0.4061	-1.0290	0.4758	0.4058	0.0736	0.2914	0.2700	1.2980	-0.3141	0.2296	1.3425	0.7790	-0.4756	0.6872	2.5509	1.5556	1.2143	1.1821	-0.6341	1.7441	-1.4401	-0.2597	0.6004	-0.3921	0.4689	1.8078	-1.0775	0.4969	0.6884	0.9180	1.3088	1.0175	-1.6446	1.6533	1.6346	-0.4650	-0.2021	0.6343	-0.8010
0.4166	2.4715	-0.8427	0.6759	0.4371	2.3905	0.4789	0.7056	0.5321	1.1233	0.4321	0.2361	0.3838	0.2599	-0.0327	-0.8697	-0.1918	1.2547	-1.1005	0.4649	1.0441	1.4276	0.3091	0.3517	1.9441	1.0920	0.9224	1.1158	-0.2730	0.3484	-1.0216	-0.5330	0.9870	0.1078	0.0499	2.0259	-0.6846	0.4824	0.9396	0.6572	1.6642	1.0265	-0.9247	1.0291	1.6625	-0.0394	0.2437	0.9850	-0.9423
0.3117	2.1843	0.2080	1.1106	0.9744	1.9492	0.0608	0.5250	0.1864	1.2481	0.5329	-0.3795	0.1435	-0.0310	0.7020	0.4063	0.6233	0.8717	-1.3335	0.3086	1.2847	1.7003	1.2953	1.0013	1.9486	1.5970	0.8347	1.1431	-0.4327	1.2892	-0.7295	-0.4844	0.8649	0.1063	1.0151	2.1425	-0.1121	0.2948	1.4317	0.7534	2.2151	0.9128	-0.4581	1.6851	1.6156	0.0925	0.8142	1.2782	-1.5229
-0.4101	2.3417	0.3453	0.0413	1.2746	0.5053	0.7510	0.4138	0.1101	1.7767	1.4407	1.3062	-0.9457	0.3541	0.0692	-0.7600	1.5825	0.4478	-1.0167	0.0281	0.5772	0.4506	0.9447	0.2005	1.8633	0.5250	-0.1545	0.8159	-0.8630	-0.5176	-1.7401	-0.1082	0.3295	0.4453	0.2603	2.2393	0.1580	0.9504	2.4278	0.2298	2.3194	0.9930	0.8684	-0.8225	0.7752	1.4187	1.5062	2.1879	0.2455
-0.6421	2.1650	-0.1852	0.7037	0.7347	0.2611	-1.0426	-0.7087	-0.6632	0.5037	-0.1798	0.6385	-0.5473	0.7790	0.1872	0.2607	1.5096	-0.4644	-1.5280	0.2839	0.3326	-0.0232	1.0228	0.8531	1.3527	-1.1819	-0.6152	1.4675	-0.6571	-0.1702	-1.6214	0.7060	0.3995	-0.4889	0.9567	2.6296	0.4901	1.5102	2.3180	0.6187	2.7074	-0.0038	0.1279	-2.3431	2.4330	0.7079	0.9904	1.5883	-0.5995
-0.4544	2.2028	0.4678	0.3979	1.5646	0.1747	-0.5991	-0.8090	-0.5256	1.5321	0.4904	1.1210	-0.6456	1.1463	1.4144	-0.8143	2.3727	-0.0844	-1.0544	0.6728	-0.1597	0.3281	1.1016	1.6815	2.3632	0.5566	-0.2312	1.3997	-0.4710	-0.1065	-0.8791	1.5824	0.9481	0.4075	-0.1007	2.2658	-0.5993	1.1446	2.2731	1.0551	2.1667	-0.0345	0.8209	-1.2860	2.3810	1.8516	1.1254	1.0075	-0.0258
0.2265	1.4792	0.1114	0.9275	0.8750	0.6160	-0.3991	-0.5443	-0.3364	1.2487	0.0312	1.4667	0.6865	0.7571	1.2113	-0.3324	0.1702	-0.1506	-1.6437	0.0494	-0.3685	0.6042	1.3558	1.9898	2.2511	-0.2208	0.0674	1.0905	-0.4953	-0.7591	-0.8068	0.6407	0.7485	0.4179	-0.2030	1.1761	0.6099	1.0508	2.0478	1.0314	1.3724	0.4998	0.7636	-0.6671	2.4841	1.4262	1.6471	0.2562	-0.0351
-0.2121	-0.5482	-0.0343	1.1691	0.3835	0.8135	0.5277	-0.4138	0.0947	0.6706	0.3138	-0.8012	0.7132	-0.1408	1.0258	0.0315	-0.9382	0.7454	-0.8750	1.0579	0.7728	0.4857	0.2848	1.3004	1.5509	0.0818	0.1964	1.0652	-0.6148	-0.2913	-0.3779	-0.2187	0.2888	0.4081	0.3118	0.2952	0.7806	-0.6967	1.6001	1.2399	-0.2113	0.8171	0.3552	-0.3267	1.0742	0.3164	0.4044	0.5082	-0.5525
-0.6764	-0.9220	1.7008	0.2166	1.2737	0.2401	0.4456	-0.4044	1.4129	0.9191	0.6689	0.4291	0.3866	-0.8723	1.0761	-1.9022	-0.0908	1.4975	-0.0179	1.5949	0.1340	0.3651	1.9266	0.6949	1.2047	-0.3035	0.3820	0.6736	-0.1559	0.1409	-0.5014	0.8219	0.4931	0.8997	0.5563	0.2435	0.1998	0.0625	0.7966	0.0068	-1.2804	2.0877	-0.2275	-0.1375	-0.5895	0.5284	-0.5551	0.7093	0.1096
0.0985	-1.1412	2.2205	-0.4291	0.2977	0.4958	-0.0707	-0.0613	0.1880	-0.0403	-0.0300	0.0885	0.5639	-1.3340	0.6176	0.6485	-0.9685	0.5553	0.1241	0.9219	0.6089	0.8752	1.6107	0.3964	0.0599	0.1451	0.8376	1.3345	-0.5730	0.4337	-0.8850	1.5512	0.1776	0.2466	0.9236	0.1607	0.1776	0.1454	-0.2334	-0.5356	-0.8736	2.2221	-0.2194	0.8286	-0.9182	-0.6616	-1.4222	0.5753	-0.6241
0.0131	-0.1747	3.0228	-0.5264	0.7345	-0.2162	-0.0261	0.0141	1.3638	0.3418	1.1530	1.1089	-0.3547	-0.7102	1.7399	0.5713	-0.2690	1.2355	0.6746	0.8568	0.9829	0.1810	2.1833	0.2953	0.5588	1.4822	0.9108	1.4962	-0.2514	0.1072	-0.8527	2.8839	0.5712	0.7243	0.6498	0.6678	-0.7487	-0.4344	-0.8132	1.0965	-0.3987	0.6629	-0.5397	1.3403	-0.7298	-0.5700	-1.3426	0.4494	0.6858
0.5492	-0.0283	1.0494	0.1326	0.1821	1.2634	1.1685	-0.0530	0.9214	1.0164	-0.6915	0.4102	0.4090	-0.3223	0.7574	0.8776	-0.4674	1.0990	0.7897	0.4223	1.8096	1.2008	0.3187	1.0031	0.1980	-0.0877	1.1928	1.3339	-0.1895	0.1422	-0.1854	0.5995	0.5858	0.7248	0.3745	0.0885	-0.2606	-0.9380	-0.1607	1.0539	0.2829	0.9250	-0.8729	1.1104	0.1293	-0.6681	-1.1821	1.0533	0.0521
0.0451	0.5217	-0.0217	0.0046	-0.2855	1.7910	1.3236	0.3831	1.1016	2.3474	0.5615	-0.8839	0.2561	0.9651	0.7249	-0.7018	-0.0318	2.3777	0.9530	1.1487	0.5625	0.7626	-0.8313	1.4804	0.7324	-0.9629	1.4545	0.6805	0.3717	-0.4006	0.1565	0.0741	0.6004	0.9941	0.3906	-0.2242	-0.0693	0.4839	0.7258	1.5736	0.8074	1.4796	-0.2379	0.5151	-0.0378	0.1918	-1.0840	1.9654	1.5167
0.1633	0.2544	-0.4210	0.2185	-0.4065	1.9383	-0.2329	0.6852	0.7069	0.4359	-0.3292	-0.9255	0.3031	0.4321	-0.2495	-1.2977	0.2837	1.3690	0.0119	1.2616	0.5050	-0.2797	-0.1224	0.1089	-0.0455	-0.8695	1.9178	0.5690	0.5901	-0.3597	0.3690	-0.9400	0.9676	0.5228	1.9615	0.1717	0.6734	2.4471	0.7060	0.4750	1.5500	0.2882	0.5176	0.6375	0.2788	-0.3339	-0.9740	1.2511	1.2604
-0.3789	0.5401	-0.2538	-0.1652	0.8830	0.0948	-0.1199	0.0240	1.6158	0.3984	0.0043	0.1237	-0.5438	-0.1207	0.5302	-1.5349	0.5530	0.9094	-0.0654	1.4157	0.9309	-0.2829	0.5551	0.8429	0.1754	0.6717	1.6205	0.7333	-0.0108	-0.4908	0.2699	0.0719	0.9879	1.2448	1.7135	-0.1414	-0.1570	2.5275	0.6019	0.1479	0.8610	0.0360	0.6897	0.6273	-0.3229	-0.0814	-0.9339	0.9187	0.7909
0.3059	1.2115	0.1480	0.7482	0.5606	0.3010	0.6039	-0.3194	1.4134	0.1559	0.5946	2.0727	-0.3873	-0.4481	0.7778	-1.3430	0.5481	-0.2003	-0.2031	1.3876	0.8639	0.2325	1.3562	0.8678	0.3306	-0.1276	1.0435	0.5719	-0.3504	-1.0468	-0.2165	1.2280	0.9634	1.8912	1.4336	0.1426	0.6441	1.7483	0.1815	0.3705	0.4255	-0.4818	1.2548	-0.1727	0.0512	0.0627	-0.8202	0.3763	0.0020
0.4348	-0.1996	-0.1390	0.7500	0.0602	0.7695	0.4508	-0.6375	1.8693	0.1383	0.1081	0.4121	0.3332	0.7463	0.9995	0.2917	1.3500	0.3135	0.5237	1.0391	0.7887	0.3909	0.7706	0.3604	0.2114	-0.0332	0.8228	0.9223	0.1609	0.0500	0.3555	2.4222	0.7242	1.0862	0.4022	0.4771	-0.3901	1.1698	0.5500	0.6792	-0.2253	-0.0153	0.9214	0.1347	-0.1933	-0.4500	-1.5885	-0.0441	-0.9758
1.5977	0.6132	-0.0430	1.0366	-0.0189	1.5515	0.3104	-0.5732	0.4826	0.8394	0.7305	0.9901	0.9015	1.0287	0.9424	0.4640	0.4434	0.6083	0.7601	2.2178	-0.0821	1.1678	0.9604	1.1699	-0.4615	0.1015	0.8085	0.8777	0.2273	-0.1027	0.8734	2.0238	0.7985	1.9546	0.3321	0.1569	0.2978	1.1966	-0.3682	0.0097	-0.0299	-1.8302	1.1442	0.8633	-0.1893	-0.8651	-0.3354	-0.6507	0.6819
1.3676	0.0984	1.0191	0.5790	0.4328	0.7679	-0.1942	-0.4576	2.2676	0.6444	-0.2290	-0.9916	1.3666	2.0607	0.4932	0.8948	1.0341	1.8207	1.4466	2.2244	-0.8924	0.5917	0.2227	0.3015	-0.2253	0.2294	1.1284	0.1726	1.6224	-0.2483	1.2799	1.1489	1.1579	1.7294	0.1907	-0.7366	-0.4055	1.1809	-0.0869	0.4451	-0.3424	-0.5811	0.6109	1.2749	-1.3186	-0.5714	-0.5112	-0.2101	1.6086
1.5020	0.1414	0.3340	1.3181	-0.6053	0.9225	-0.1074	0.2501	1.2499	0.6565	0.5876	-0.6090	1.7753	1.6176	0.0028	1.3340	0.5975	1.2682	1.8957	2.1392	-0.5167	0.6612	-0.0406	-0.0910	-0.6950	-0.3224	1.1324	-0.2240	2.0598	-0.2312	1.6441	-0.6586	1.2150	1.3465	0.4496	-0.4861	1.0057	1.9312	-0.7025	0.3787	0.3118	-0.5878	1.5298	0.5867	-0.6146	-2.1094	-0.4593	-0.9995	0.9183
1.0924	-0.4965	0.5686	0.5195	0.2237	0.4666	-0.4069	0.1596	2.5273	0.5088	0.5948	-0.9483	0.8069	1.2105	0.7610	1.3350	1.6360	1.1444	2.0650	1.6749	-1.1627	-0.7039	-0.0639	-0.1286	-0.7165	0.9789	0.7352	-0.8155	3.0376	-0.1140	2.3018	-0.1736	1.5452	1.8005	0.2691	-0.1889	0.2274	1.0530	-0.1066	1.9598	-0.5611	-1.5153	1.0907	1.1250	-0.9703	-0.3114	-0.3067	-1.2581	-0.4414
1.6280	-0.3579	-0.0176	0.5215	-0.3137	0.3328	-0.2601	0.4017	0.4405	0.8582	1.0822	0.3435	0.5090	0.5659	0.3217	1.6751	0.5622	0.1362	1.8145	1.3027	-0.3480	0.0922	-1.3444	0.3603	-1.2806	0.4646	-0.0570	-0.6427	2.8383	-0.5267	2.0601	-1.3550	1.3403	1.6411	0.3999	-0.3663	1.5244	0.4633	0.1450	1.3511	-0.8194	-1.5005	1.4221	0.4372	-0.3947	-0.3640	0.2015	-1.7471	-2.1761
1.4774	-0.3600	0.5812	0.1329	0.3723	0.6277	0.2082	0.4213	1.5914	0.6830	0.3050	0.3297	-0.0355	1.5354	1.2892	0.8082	1.8451	0.4549	1.4327	0.8740	-0.2995	-0.4873	-1.1043	-0.1549	-0.9066	0.4411	0.8913	0.1128	2.5460	0.6612	1.3766	0.8160	1.0709	1.6862	-0.1693	0.0093	0.1983	0.0694	0.9300	1.0544	-0.7440	-0.8011	1.7561	0.3405	-0.4458	2.7398	0.4714	-0.3596	-1.4915
1.1829	-0.5354	-0.0816	0.8394	0.6937	1.4693	0.5282	-0.1515	0.6828	0.7005	-0.1439	0.3723	1.5686	1.6887	0.7070	0.8112	0.6700	0.3835	0.6948	0.2719	0.9758	1.0278	-0.7965	1.3056	-0.9135	0.0679	0.9977	0.0655	1.4697	0.5408	1.3120	0.5001	1.1616	0.8663	-0.4975	-0.5214	0.0715	-0.5350	0.3994	0.2253	0.0207	-1.4821	1.5169	0.5112	0.0969	1.4002	0.3134	0.2070	-1.4066
0.3146	0.1064	1.0183	0.2218	1.2182	0.0031	1.3066	-0.8339	1.7755	0.8917	1.1422	-0.0531	1.2491	2.1086	0.4223	-0.8108	0.4171	0.8409	0.4232	1.6693	0.3085	0.3758	0.6053	0.3433	-0.5753	-0.8226	0.6762	-0.3288	1.3288	0.3760	0.5323	1.8778	1.8122	0.9193	-0.0833	-0.0754	0.9440	1.1048	0.2080	0.0596	0.1613	-1.7550	2.2361	-0.9785	0.1814	0.5857	0.4155	0.7795	0.0746
-1.3554	-0.9101	0.8054	-0.0777	0.2463	0.2964	0.9548	-0.7621	-0.2530	0.6136	-0.8923	-0.7788	0.6431	1.7043	-0.5215	1.8587	-0.4958	1.0435	1.5798	-0.0534	-0.1553	2.1624	0.2819	0.2771	-0.1891	-2.2864	-0.7512	-1.2279	0.6552	-1.4202	-0.0029	0.2380	1.3519	-0.5111	1.4468	-0.1105	0.7636	0.9142	0.2097	-1.1601	0.2391	0.3202	1.4680	-1.9953	0.3533	0.4504	-0.1179	0.4534	-1.5991
2.5131	-0.3946	1.9307	0.3580	0.0983	0.4781	3.0842	0.3621	-1.2596	0.7892	-1.0722	-0.8193	1.3133	1.7170	0.3645	2.9571	-0.0396	1.3241	2.6633	-0.6404	0.0915	2.4526	-1.8767	-0.8908	0.4052	-1.8678	-1.4776	-0.2271	1.8430	-1.4145	0.9146	-0.8028	0.9740	-1.3967	1.1635	0.3694	-1.1158	0.1867	0.2757	-0.6210	-0.0252	0.6612	1.9762	-0.0836	0.3974	1.3112	-0.5870	-1.4672	-1.2746
0.9859	1.8152	2.9341	1.8294	0.9989	0.5590	-3.3208	0.9817	-1.7457	0.7205	3.1063	-0.4482	1.6345	1.0066	1.1011	2.1483	0.2836	0.6776	1.4818	-0.2293	0.1234	1.7100	-0.2272	-0.3650	-0.2586	0.9653	0.2966	0.2676	2.0534	1.1435	0.8274	-0.7159	1.6534	0.5530	2.6751	0.4945	0.8630	-0.6062	0.3168	0.5521	1.8782	-0.5876	2.0884	0.1036	1.5039	1.1643	0.2814	-1.1236	-1.0014
-0.5884	1.1794	2.2920	1.2776	0.7045	0.5305	-3.4095	0.4889	-1.9196	2.6705	2.1365	-0.4556	2.8331	2.1080	0.5513	1.8024	0.0914	0.9407	1.4474	-1.2441	-0.5124	0.7401	-0.8969	1.6084	-0.7549	-0.4747	1.3704	0.4821	1.8044	1.4438	0.0114	-1.2186	1.4346	-0.1580	1.5676	-0.8275	1.2114	-1.8989	0.6798	0.0315	0.7542	-0.0319	-0.2376	-2.4034	0.0894	-0.2923	-0.1383	-0.3472	1.0074
0.8169	1.6028	1.3845	-0.5301	1.1268	-0.4777	-1.3140	-0.5596	0.3306	1.3482	3.2120	1.8696	1.1307	0.7034	1.9953	-1.0872	-1.3978	-0.6455	0.6629	0.2975	-2.3691	-0.9183	1.7418	1.1767	-1.1296	0.9034	0.9097	0.5909	0.9857	1.4679	0.9786	0.9126	1.4276	1.2568	-0.3968	-2.3236	2.3223	-0.1822	-0.2719	0.6203	1.4173	-0.9726	0.2447	-1.0501	-1.6904	0.4701	1.3707	0.9147	3.4315
0.4122	-0.2216	-0.9442	-1.4178	-0.9476	-2.2756	-2.0389	0.0780	-1.6312	-0.8852	1.4699	-0.7613	-0.8819	-0.5814	-0.7553	-3.1386	-2.6245	-2.4109	-0.4265	0.1637	-3.5295	-0.3949	1.8259	0.4248	-1.3335	-1.4434	1.2598	0.7664	-0.6042	-0.9797	-0.1719	-1.0410	-0.9856	-0.6896	-0.5293	-1.0850	4.0521	-0.5549	-0.6604	-1.7761	-0.0117	-1.2861	-1.0901	-1.2390	-1.8311	-0.8651	-0.0251	0.8957	1.2554
-1.5558	-1.2928	-1.7256	-0.5368	-1.9185	-2.9337	-2.5145	1.0653	-1.5315	-1.0828	-0.5723	-0.6576	-1.3554	-2.4139	-1.2158	-1.5839	-2.5779	-2.5338	-0.2373	-0.9719	-1.6582	-0.7747	0.8277	-1.2096	-0.8633	-1.3760	-0.9043	-0.0241	-2.1692	1.0333	-1.0962	-1.5379	-1.8568	-2.7839	-0.9709	-1.2337	2.4488	-1.6006	-1.7194	-2.4776	-1.6077	-0.7408	-2.5957	-2.6171	-1.6455	-0.9506	-0.5424	-0.5525	0.4211
-1.7866	-0.4031	-0.7602	-1.1029	-2.5591	-2.0373	-0.2104	-0.5792	-0.3261	-1.2102	-0.0249	0.7706	-0.0248	-2.2457	-1.3311	-1.3382	-1.4618	-2.0133	-0.3568	-0.6270	-0.9131	-1.3619	1.3922	-1.9591	-0.9277	0.6157	-1.5293	-0.2592	-2.1329	1.2975	-0.7379	-0.4593	-2.5680	-2.0065	-1.6987	-0.7641	0.0921	-0.0792	-1.4458	-1.5206	-0.4631	-0.8506	-1.3824	-1.9070	-0.7293	0.0831	0.8328	-1.7682	1.5813
-1.6376	-0.0492	-1.9674	-2.6056	-3.9901	-2.2585	0.7405	-0.2425	-1.7692	-1.6757	0.2087	1.1382	-0.6856	-2.7133	-2.1933	-0.4809	-2.1016	-2.4245	-0.6625	-1.6707	-0.6998	-1.7600	-0.4194	-1.7297	-0.7732	-0.3769	-2.1969	-2.1620	-1.9700	-1.3484	-1.8239	-1.1990	-3.4128	-2.0008	-1.8361	-0.9059	0.5005	-0.5072	-0.9776	-1.1278	0.0101	-0.3433	-1.3682	-0.9195	-0.3868	-0.1953	0.6310	-2.1832	1.2339
-2.1445	-1.6726	-2.0389	-2.1490	-2.2750	-1.9138	-0.2970	0.2788	-1.3694	-2.9388	-1.7723	-0.2169	-1.7821	-2.6243	-3.1129	0.1836	-0.7617	-3.0840	-1.8406	-3.0247	-0.7495	-3.7300	-2.1705	-2.2346	-0.5041	1.2620	-2.5270	-2.5856	-1.7940	-1.0675	-1.7944	-1.9062	-3.3071	-3.0837	-1.8200	-1.1391	0.5170	-0.8947	-0.2333	-1.2847	-1.0122	-1.2629	-1.8493	-0.3399	-0.0961	-0.4983	0.7225	-1.7513	1.6439
-2.0220	-1.5241	-1.3460	-2.1454	-1.4733	-2.5428	0.1951	-0.4217	-0.3380	-2.6299	-1.6469	-0.2246	-2.0115	-2.5041	-2.9028	-1.2878	-0.1182	-2.6743	-1.8535	-2.4700	-0.1825	-3.2384	-1.0132	-3.1074	-0.1987	1.5808	-3.3281	-2.8179	-1.8089	-0.7372	-1.5218	-1.8562	-2.7331	-2.8768	-2.6446	-0.8062	-0.8047	0.0679	-0.2735	-1.7332	-0.8968	-0.6383	-1.0651	-0.4501	-0.1050	-0.3613	0.9998	-1.1292	2.0772
-1.5638	-2.0727	-1.7173	-1.4751	-1.8129	-1.8015	0.4413	-0.8075	-1.5640	-2.6049	-2.6569	-1.2927	-1.7813	-2.5222	-3.1143	-0.4929	-1.2164	-2.5600	-1.7323	-2.7231	0.1443	-2.9244	-2.5371	-2.7495	-0.9467	0.0381	-3.0086	-2.1976	-1.9560	0.6161	-0.9611	-3.5927	-2.6055	-3.2205	-2.1149	-0.9305	-1.0194	-0.8340	-0.9015	-2.2562	-1.0874	-0.0487	-1.3651	-0.6891	-0.1343	-1.0337	0.2824	-1.1827	0.0145
-2.3441	-1.6190	-1.0323	-0.2731	-0.9629	-1.4037	-0.2469	-1.0656	-1.1031	-1.6236	-2.2677	-0.5139	-1.4060	-2.1903	-2.1585	0.0179	-0.9311	-1.9526	-1.9944	-2.7604	-0.1272	-2.8776	-1.3454	-1.0481	-0.8300	0.8922	-1.7055	-1.3235	-1.7514	1.0965	-0.3716	-2.9483	-2.1671	-2.5190	-1.0593	0.4289	-1.2479	-1.0416	-0.8827	-1.4189	-1.7705	-0.6527	-1.9475	-0.2969	0.3730	-0.2709	0.5464	-1.5447	-0.2595
-2.0431	-1.1072	-1.9325	-1.0018	-0.6081	-1.2286	0.6682	-0.0598	-0.6412	-1.5099	-1.2800	0.0199	-2.0495	-1.8149	-1.6231	0.0940	-1.1929	-2.2221	-2.0079	-2.2626	-0.1532	-2.3076	-1.1097	-2.2016	-1.4802	-0.1351	-1.4236	-1.0468	-1.6978	0.6831	-0.5382	-1.9302	-1.9076	-1.5523	-1.9225	0.2677	-1.4818	-0.8083	-0.6511	-0.8626	-1.6305	-1.5309	-0.8992	-0.0682	-0.3175	-0.6934	0.5715	-1.2544	-0.1017
0.1270	-0.9750	-1.2230	-0.3218	-0.1922	-1.4531	0.6255	0.1314	-0.3909	-2.2009	-1.1700	-0.6598	-2.2815	-0.7776	-0.5205	0.8352	-0.1782	-1.5377	-1.0522	-1.6230	0.5977	-1.4495	-1.5669	-2.2003	-2.1267	0.8303	-0.8354	-0.5727	-0.4751	1.7259	0.1194	-0.1356	-0.9349	-1.1800	-2.7266	0.1983	-2.1743	-1.6595	-0.8260	0.1313	-1.4072	-2.4044	-0.4545	1.6325	-0.7910	-1.3140	0.7003	-0.8478	0.0278
0.5618	-0.3005	0.0405	-0.1366	-0.0455	-2.1838	0.3789	-0.0979	0.4137	-0.8625	-0.4998	-0.7726	-1.6364	0.1405	-0.3998	0.5100	-0.1615	-0.4481	-0.5419	-1.7527	-0.1145	0.0098	-0.1591	-1.3913	-1.6009	-1.0299	-0.5126	-0.8491	0.2945	1.6438	0.3507	1.1412	-0.8185	-1.2010	-3.7101	-0.7238	-2.0900	-0.9596	-0.7113	-1.4071	-1.2363	-0.6558	-0.5796	0.7802	-1.2740	-0.5942	1.4124	-0.6519	-0.0594
0.7142	0.3768	0.3141	-0.8954	-0.5909	-1.5921	0.4366	-0.5353	-1.0683	-1.4001	-1.1279	-1.7843	-0.4178	-0.1736	-1.2137	1.1031	-0.8654	-0.4711	-0.5543	-0.7699	0.1734	0.3157	-0.9790	-0.4817	-1.5321	-1.4409	-0.4148	-0.3499	-0.2839	0.1683	0.5524	-0.4478	-0.7576	-1.2213	-2.7655	-1.4020	-1.3777	-0.9580	-1.5753	-2.1466	0.1188	-0.6419	-0.2156	-0.9348	-0.7652	-1.0104	0.4961	-0.3650	-1.0014
-0.8765	0.1964	0.6295	0.0553	-1.0718	-1.0791	-0.2833	-0.4868	-0.6803	-0.9229	-0.5986	-1.5582	0.0764	-0.7257	-1.2067	1.4527	-1.4090	-0.1761	0.0441	-0.3203	-0.2665	-1.2296	-0.5647	0.0481	-0.5712	-0.9835	-0.9682	-1.0434	-0.2955	-1.0375	1.4099	-0.6331	-1.1414	-1.1040	-1.0553	-1.8970	-0.7201	-0.2729	-1.8226	-0.7651	-0.0981	-0.3300	-0.1576	-1.7137	-0.8385	-0.9128	0.5490	-0.5183	-0.0856
-1.4441	-0.6806	0.3719	-1.2172	-0.9220	-1.7060	0.9557	-0.2381	0.0210	-0.9418	-1.1095	-0.0681	-0.5691	-0.7709	-1.2624	-0.6028	-0.3471	-0.1893	0.8044	-0.3828	-1.1093	-1.6792	0.6828	-1.4698	-0.5835	-0.7633	-1.0631	-2.1410	-0.0817	-0.6840	1.3267	0.2694	-1.6606	-0.1029	-0.1012	-1.8269	-0.1843	0.3026	-1.6171	-0.8732	-1.0656	0.7832	-0.2352	-1.9291	-1.8916	-0.3949	1.2369	-0.5084	1.1480
-0.2989	-0.5896	0.1715	-1.0687	-0.8271	-0.5514	-0.0885	0.0885	-1.5334	-1.7128	-1.3766	-0.2973	-0.4119	-0.8863	-1.2221	-0.7295	0.4140	-0.5280	0.4507	0.0242	-0.7076	-0.6214	-0.6184	-1.5420	-0.8978	-0.3679	-0.7231	-1.3817	-0.0983	0.2805	1.1433	-1.4228	-1.9868	0.7017	0.6227	-1.0296	-0.9160	-0.8402	-1.5850	-0.8285	-0.8309	0.9846	-0.5125	-0.9009	-0.8685	-0.5588	-0.7376	-0.7049	0.1824
-0.6138	-0.2413	-0.1357	0.5407	-0.4892	0.1487	0.0440	0.2646	-0.8074	-0.8831	-0.9282	0.9229	-0.3618	-0.2773	0.2606	0.8107	0.0985	-0.6921	0.3190	-0.5891	-0.8757	-0.9745	-0.9055	-0.9650	-0.2093	1.1346	0.0765	-1.0864	-0.1255	-0.0248	1.2992	-0.0191	-1.7272	1.0873	0.8361	-0.8951	-1.7572	-1.2584	-1.7116	0.8533	-0.6212	0.1018	-0.6780	0.8535	-0.6701	0.0665	-0.8225	-0.6831	0.6172
-0.4545	-0.2414	0.8939	0.7485	-0.3592	-0.2055	0.5339	0.4916	0.4245	-0.1641	-1.0428	1.6616	-1.0766	0.2758	0.6709	-0.2993	1.8020	-0.0405	0.6609	-0.8998	-0.6228	-1.1216	-0.5001	-1.0840	0.4234	0.4315	-0.2570	-1.7389	0.5363	-0.7458	1.1953	1.3282	-1.2141	1.5555	0.5908	-1.2959	-1.4757	-0.0449	-0.8453	2.0362	-0.6597	1.6612	-1.0527	0.9265	-1.6058	-0.2499	-0.3164	0.0341	1.3465
0.3947	-0.6125	-0.1184	0.8504	-0.0872	1.2018	0.3374	0.7590	-0.6406	-0.6856	-0.9973	0.8203	-0.5546	-0.0295	-0.3556	1.0541	0.7289	-0.6614	0.1302	-0.8092	-0.4435	0.0314	-1.4472	-0.0947	-0.0547	-0.3674	0.1213	-1.3391	0.2341	-1.1460	0.6734	-0.2252	-0.3143	1.1083	0.5830	-1.3523	-1.6035	0.0146	-0.5533	1.8433	0.1993	1.3815	-1.0655	1.8894	-0.8716	-0.3288	-0.6162	0.0036	0.0011
0.5630	-0.0799	0.3692	1.0152	0.3922	0.6110	0.0787	0.9680	0.0737	-0.8348	0.4614	0.5076	-0.2580	0.2387	-0.2264	0.2515	1.2893	-0.2892	0.5878	-0.0349	-0.6572	0.2406	-1.0165	0.1733	0.3181	0.3593	1.4524	-0.6845	0.2967	-0.6204	1.1371	-0.3974	0.0913	0.7995	1.1775	-0.8764	-1.7180	0.0088	-0.5476	2.0439	-0.1214	0.4135	-0.7969	1.9448	0.1039	-0.5852	-0.8952	0.1116	0.6331
0.5507	0.2770	0.1468	0.3185	-0.0113	0.2601	0.5417	0.7511	1.4235	-0.0267	0.7895	1.8185	-0.6554	0.3957	-0.0841	-1.5407	0.9719	0.0373	0.4152	-0.3349	-0.5082	0.2464	-0.4247	-0.5143	-0.3197	-1.1450	1.4462	-1.0470	0.4333	-2.1716	1.2476	-0.0549	0.4498	1.1102	0.9824	-0.9020	-0.8675	0.0346	-0.1127	2.1084	-0.1781	0.3019	-0.1661	0.9364	-0.0268	-0.2620	-0.1984	0.3644	0.0894
0.3033	-0.5654	0.6237	0.2835	-0.3418	1.4793	-0.3836	0.6716	0.2354	-0.7245	-1.3853	-0.0744	0.0195	0.5221	-0.3927	-0.2232	1.1882	-0.1505	0.4217	-0.3560	0.2472	1.3505	-0.1648	0.9681	-0.6368	-1.7921	1.5349	-0.8440	0.6327	-0.6302	0.3029	-0.3496	0.7470	1.0095	2.4049	-0.3052	-0.5742	-0.1821	-0.3921	1.1663	-0.0618	0.4512	-0.6305	1.2310	0.4174	-0.9807	-0.5455	0.3648	-1.2519
1.1868	0.0840	-0.1728	-0.5698	1.6595	0.2131	-0.1222	0.7371	0.5998	-0.4773	0.3206	1.1262	-0.0975	0.8947	0.8184	-1.0713	1.2874	-0.1649	1.0287	0.8300	-0.0671	0.5635	-0.7607	0.7169	-0.1446	0.7235	1.3124	0.0838	0.7480	-1.3809	-0.1842	0.9345	0.5248	1.9929	1.3810	0.2266	-0.6456	0.0606	-0.1108	1.4657	-0.7378	-0.5163	-0.0822	1.0643	-0.6585	-0.1349	0.0868	0.5595	0.7038
2.1463	1.2245	-0.6242	-0.9222	2.5295	-0.6716	0.1892	0.2891	1.4136	-0.3733	0.2278	1.9812	0.3570	0.7535	2.0958	-0.6317	-0.6635	-0.1770	0.1719	0.6916	0.1051	0.4671	0.5380	-0.3676	0.0976	0.6704	0.1930	0.1853	1.0153	-1.4546	-0.1756	1.5989	1.1455	1.6936	0.4859	0.0458	0.3081	1.0129	-0.2320	1.9847	0.4358	-0.7866	0.2251	1.4103	-0.2158	0.7331	0.9954	0.2883	0.8826
1.3149	0.6595	-0.1649	0.1029	1.7346	0.4047	-0.4540	-0.0813	0.2274	-0.1434	-0.1588	-1.2604	1.9600	0.4990	1.6424	0.5504	-0.6767	0.8154	0.0126	0.2001	0.9916	2.1093	0.4366	1.1530	0.9562	1.0645	0.2807	1.0826	0.7216	-0.1781	-0.8683	0.5686	1.3353	-0.2465	0.5966	0.3949	0.3692	-0.4564	0.0586	0.8591	0.5188	-0.6755	-1.0597	1.0941	0.2583	0.0281	0.6663	0.4246	-0.7415
-0.5168	0.3088	1.3920	0.1140	2.3774	0.4870	0.2719	-1.2870	1.0591	0.9479	1.1997	-0.6281	1.7269	0.5842	2.3264	0.2347	0.4976	1.1662	-0.7939	0.8174	0.9550	1.8354	0.9626	2.3427	1.8029	1.0838	-0.0684	1.7747	0.5809	0.2559	-1.6473	0.9148	1.3851	-1.5380	0.3109	1.7237	-0.0808	0.1262	0.9298	-0.0663	-0.4741	0.0290	0.1234	-0.3892	0.2626	0.6361	-1.1439	1.3890	-0.1155
-0.7006	0.0539	0.2908	-0.0146	2.4421	0.5920	0.8664	-0.7397	0.4465	1.0635	1.1738	1.0570	1.6583	0.2524	1.6086	0.5624	-0.4583	-0.1523	-1.7006	0.7896	-0.0597	1.4271	2.0613	1.4082	0.9634	0.4795	-0.4272	1.2857	-1.0193	0.0787	-1.0988	0.8717	1.3190	-0.8376	0.6611	1.4985	1.1047	0.6602	0.5194	-1.3386	-0.1548	-0.0241	1.3767	-0.9153	0.8589	1.2583	-1.1072	0.7433	-0.1314
-0.5016	-1.6353	0.9023	0.1186	1.4065	0.9161	-0.0777	-0.6620	-0.8633	0.3295	-0.8387	-1.2827	2.1634	0.2945	0.6029	1.9282	0.9281	0.2424	-0.7971	0.7303	0.9301	1.6357	1.2369	0.8880	1.4801	1.6733	-0.4215	1.6236	-1.4846	0.9297	-0.9354	-0.0576	1.2012	0.0430	1.2360	1.9422	0.6901	-0.8400	0.9258	-1.8524	-0.6178	1.4430	0.5329	-0.5663	1.2878	0.3765	-1.7296	0.3877	-1.6501
-1.0690	-1.1036	-0.1531	-0.2056	0.7859	0.4596	0.6165	-1.2172	0.2324	0.7532	0.5242	0.3209	0.4311	0.7066	1.3785	0.1586	0.9513	1.0895	-0.2945	0.6886	0.5964	0.6952	0.9539	0.5740	1.7623	0.5419	-0.8216	1.1426	-0.3302	-0.1229	-1.3097	1.5790	1.3010	0.6797	0.3256	1.6128	0.3269	-0.5461	1.2894	-0.5740	-0.3634	1.7445	0.6288	-0.5435	0.8635	0.9299	-1.6025	0.3967	-0.8411
0.1292	-0.8221	-0.7121	-0.0917	-0.0144	0.5556	-1.0542	-0.9223	-0.7108	1.1323	0.0195	-0.6932	0.9402	0.4776	0.5448	-0.0618	-0.0393	0.5593	-0.4474	0.5302	0.6016	0.7846	0.7468	1.4896	1.3064	-0.0602	0.0837	1.5372	-0.0875	-0.2997	-1.6267	0.4247	1.0339	0.2385	1.1049	1.6678	1.7928	0.9986	1.0240	-0.6795	0.9826	0.5618	0.3983	-0.0617	1.6361	-0.4462	-1.3841	0.1551	-1.3009
0.4051	-0.1455	-0.4653	-0.0395	-0.1218	0.7933	-0.7659	-0.3394	-0.6034	2.2650	0.5427	-0.5496	1.5250	0.6020	0.5110	-0.9019	0.0612	1.1978	-0.2686	0.0444	0.8671	0.4141	0.6380	2.1411	2.1028	0.4964	0.1370	1.5622	0.2247	-0.9902	-1.6009	0.1338	0.6166	-0.5821	0.4178	2.1778	1.3129	0.9381	1.3245	0.2228	0.5924	0.1041	0.6914	0.1769	1.2974	0.4649	-0.8342	0.5842	-0.0081
-0.0679	0.9541	-0.2026	0.2659	-0.1668	0.3843	-0.4303	-0.1563	0.0177	1.8313	0.4585	0.9786	1.6759	0.4085	0.9854	-0.5072	0.5592	-0.1215	-0.6872	0.1556	0.3244	-0.4104	1.8577	1.1955	1.7487	-0.7423	-0.4346	1.0536	-0.1746	-0.2312	-0.8718	0.8083	0.3066	-0.7674	0.1446	2.2904	1.6183	1.7416	1.0763	0.1435	0.3591	-1.2292	0.8550	-0.8470	1.7763	0.7278	-0.1312	0.2150	0.4604
-0.5882	0.1052	-0.1991	0.0223	-0.7700	0.2271	-1.0066	-0.2061	-0.9741	0.1931	0.6684	-0.0095	0.8111	-0.5162	0.0511	0.3253	1.0401	-0.1944	-0.6985	0.4280	1.2758	-0.4210	0.1058	-0.4171	0.3455	0.2358	-0.5139	0.9157	-0.0877	0.3821	-0.6259	-0.2818	0.3540	-0.2128	-0.4582	1.8401	0.4952	-0.0365	0.8149	-0.0118	0.0695	-0.8348	0.4067	-0.6451	1.2472	-0.0493	-0.5760	-0.3397	-0.2905
0.1471	1.9789	-0.2880	0.7273	-1.0591	1.1319	-0.2962	-0.2377	-0.0532	0.9461	0.6515	0.0023	-0.4728	-0.0950	0.4107	-0.3539	0.0208	1.0045	-0.6624	0.9199	0.4683	0.4621	0.3998	-0.0473	0.0341	-0.6287	0.0911	0.6842	0.4607	1.4038	-0.4486	0.4430	0.6529	1.2430	-0.1895	0.6300	-0.1355	1.4032	0.8692	0.3018	1.5433	0.9318	0.5132	0.0521	1.2397	0.8003	0.5794	0.1326	-0.3495
0.2324	1.9992	0.5745	0.2461	-0.1487	1.0723	0.0421	-0.1618	0.9865	1.2997	0.3692	-1.3652	-1.7962	0.3839	-0.6401	-0.1764	0.0364	1.9988	0.7369	0.3114	0.5518	0.8359	-1.3481	0.8835	-0.0651	-0.1265	1.1497	0.7528	0.4146	1.3000	0.1747	-0.0752	0.5419	1.3030	-0.5842	-0.6127	-0.3131	0.7244	1.3112	0.4774	2.0412	1.5391	-0.1290	0.4523	0.0746	0.7020	0.9340	1.5066	-1.3593
0.5581	2.4020	-0.0697	1.0601	-0.1692	1.1449	-0.3789	1.0746	1.7890	1.4428	1.4946	0.5057	-1.8722	0.0326	-0.4804	-1.0117	-0.6035	1.7344	0.9380	1.2028	-0.3225	0.6029	0.6454	1.0088	-0.3685	-0.2400	1.5285	0.6485	-0.3757	0.4771	1.4182	0.5029	0.3120	0.9843	-0.1638	-0.7890	1.1292	0.6868	1.0154	0.6469	1.9694	0.5426	0.6027	0.2634	0.1968	0.8846	2.1025	1.5964	-0.6288
1.9392	0.1462	-0.9944	1.5579	-0.3979	1.1824	2.7589	1.7606	0.1818	0.3922	0.3039	-0.4380	-1.4370	0.6921	-1.2725	-0.3543	-0.9368	1.5335	1.3926	1.5779	0.2598	-0.1586	-0.6112	-0.8512	-0.5485	-0.9992	1.6354	0.5772	-0.0947	1.2037	1.8327	-0.1943	-0.4665	-0.3389	-0.4016	-0.6986	-0.1754	-1.1962	0.7887	-0.4163	0.5732	0.8760	1.0047	0.9670	-0.2254	-0.4081	2.1451	0.3955	0.0474