IC05	IC08	IC09	IC15	IC16	IC17	IC18	IC19	IC20	IC23	IC24	IC26	IC27	IC29	IC31	IC33	IC36	IC37	IC38	IC41	IC42	IC43	IC44	IC45	IC46	IC47	IC48	IC49	IC50	IC51	IC54	IC56	IC58	IC60	IC62	IC63	IC64	IC65	IC66	IC67	IC68	IC69	IC71	IC72	IC73	IC74	IC75	IC76	IC77
-0.2002	0.6680	-0.8781	-0.4868	-0.3991	-0.1812	0.3213	-0.3611	0.1932	0.9759	0.7480	-0.6489	-0.9494	-0.8525	-1.4866	-0.0494	-1.6579	0.2915	0.1370	0.6457	1.6674	-0.1190	-0.9356	2.2427	0.3780	-0.6647	0.6463	-0.3387	0.0893	0.0701	-0.9730	-0.0085	0.5401	-0.6070	0.1196	0.0536	2.2729	-0.6986	-0.2130	-0.1323	-0.5798	-0.2526	-0.9957	-0.1012	0.0810	-0.3017	-0.2603	0.3656	-0.0490
-1.1205	-0.4810	0.4976	-0.9119	-1.2152	-0.0812	1.0243	-0.5797	0.5780	0.4317	-0.2564	-0.2368	-0.6024	-0.6539	-0.8713	-0.1045	0.1377	0.7946	0.6470	-0.3417	1.4036	0.4577	0.1910	0.2888	1.4783	-0.3736	0.0383	-0.1131	0.8726	0.3936	-0.4111	0.3499	1.2002	-0.7127	0.6762	0.3876	-0.8017	0.4764	0.0654	0.2600	-1.1575	1.3596	-1.7273	-0.2111	0.1855	-0.3388	-1.3986	0.4453	-0.0205
-0.7530	-0.6126	-0.2712	-0.1642	-0.2249	1.7277	0.1169	-1.0175	0.5631	0.2291	-0.7291	0.3682	0.1748	-1.6067	-0.0868	0.5410	0.3004	-0.1991	0.0410	0.3210	-0.2497	-0.9928	1.0217	1.0395	1.3657	1.4192	0.0248	-0.1513	0.0886	0.4070	-0.4414	0.9259	-0.0425	0.1019	0.4363	0.7186	-1.0609	0.8246	-0.6136	0.7151	-0.4361	0.5326	-0.4925	-0.0835	0.5861	-0.0706	-1.3171	-0.1395	-0.7721
-1.0122	-0.5386	-0.7813	-0.1093	0.3134	0.7606	0.2363	0.3142	0.0392	0.2376	1.1330	0.6151	-0.6711	-0.6955	-0.5928	-0.4643	-0.0444	-0.2509	-0.6286	1.1039	-0.2131	-0.5946	0.2514	0.5443	1.1349	1.7997	-0.4287	-0.3441	-0.3410	0.0658	-1.0719	0.7461	0.4953	-0.2071	0.4678	0.5354	-0.0644	0.8339	-0.4125	1.5217	-0.1153	0.6675	0.1908	-0.2471	0.4994	-0.1894	-0.9052	-1.2278	-0.6031
-0.7395	-0.5783	-0.5037	-0.2484	-0.2717	-0.3676	0.5076	-0.2038	0.1026	-0.2849	-0.2588	0.7370	-0.6479	-1.2948	-0.7873	-0.8087	0.0812	0.4701	-0.3856	0.6690	-1.3227	-0.2840	-0.0275	1.1126	0.4468	-0.0146	-1.1748	-0.3899	-0.4451	-0.2650	-0.8949	-0.0909	0.0444	-0.5387	0.7251	-0.0562	-0.7188	-0.8217	0.7673	0.5805	-0.6299	1.2233	-1.5577	0.1615	-0.1277	-0.8947	-0.4463	-0.4130	-0.6727
-0.0816	0.0121	-0.0486	0.6123	-0.7484	0.5730	0.4755	0.8276	-0.2506	0.6713	-0.0441	-0.4784	-0.6831	-0.7438	-1.7499	-0.1571	0.0094	0.7803	0.3914	1.9821	-0.4360	-0.0025	-1.1861	0.6763	0.3490	-0.5676	-0.0538	-0.1004	-0.8418	0.5722	-1.1076	-1.1973	-0.2269	-0.1948	0.5584	-0.0435	-1.1556	0.0506	1.0324	-0.1329	-0.7693	1.1709	-1.3701	0.0443	0.1913	-2.0368	-0.0033	-1.4506	-0.5378
-0.3827	0.8917	-0.1155	-0.8582	0.3753	-1.0976	-0.0656	-0.7683	1.6652	-0.0731	-0.0530	-0.2571	-1.0130	-1.2252	-0.0391	-0.7752	-1.1447	-0.7019	0.0348	1.1234	-1.0500	0.2571	0.1832	-0.6952	-1.0006	-1.0864	-0.3159	-0.1821	0.5833	0.5663	-0.4075	0.6761	-0.5897	0.4074	0.0580	-1.1296	0.6769	0.3684	0.1700	0.4749	0.7338	0.9517	-1.3636	0.4673	-0.0514	-0.9592	-0.9204	0.1615	-0.0605
0.5784	0.9288	0.0777	-0.1071	0.4841	-0.3602	-0.6417	-0.4333	1.6956	-0.1986	0.2798	-0.0908	-1.1209	-1.1019	0.9238	0.0152	-0.8431	-0.4658	0.6864	1.0981	-0.9423	-0.8706	0.7365	-0.8648	-1.2115	0.7495	-0.2910	0.4319	0.5254	0.2533	0.8103	0.3996	0.0308	0.9545	-0.3657	-1.6082	-0.1091	0.7243	-0.5265	0.7763	-0.0926	0.3139	-0.3153	0.7427	-1.1970	-0.1216	-0.0386	0.5484	1.5588
0.6951	0.2436	-0.2194	1.5491	-0.1629	1.9336	-0.1867	1.0249	-0.0289	0.4336	0.6207	-0.4049	0.0592	-0.9720	0.2708	0.7405	-1.3618	-0.2054	1.2758	-0.5576	-0.0105	0.0073	-0.3555	1.0323	-0.7600	-0.2618	1.1030	1.2156	-0.3255	0.8846	0.6454	0.2015	-0.3384	1.1236	-0.1230	-1.2258	0.2598	0.9722	-0.9782	-0.3398	-0.1542	-1.1481	0.4718	-0.6574	-0.9824	-0.0572	-0.3405	0.5312	0.8008
-0.4766	-1.0501	-0.0643	1.3628	-0.9571	0.7800	0.5520	-0.0741	0.0182	1.4429	0.0631	-1.1048	0.1533	-0.5341	0.3987	0.3837	-0.3521	-0.1166	0.1878	-2.3213	0.1963	0.4875	-0.5993	0.6627	-0.1833	-0.7134	1.7047	0.9835	-0.1094	0.0209	0.2936	-0.0793	-0.1469	-0.3077	0.4384	-0.4123	0.9631	1.6446	-1.4666	-0.9443	-0.2143	-0.9469	0.1311	-1.1079	-0.2867	0.3311	-1.5397	1.2319	-0.6472
-0.4713	-1.6695	0.2804	-0.2888	-1.9803	-2.3674	-0.5721	0.5246	0.4420	0.2629	-0.9369	-0.4021	0.0417	0.6711	0.3489	-0.1654	1.4716	0.5090	-0.2656	-3.2278	0.7412	0.5084	-0.9071	0.2634	1.0863	-1.8320	0.3045	-0.4688	0.4519	-1.1302	-0.0265	-0.3087	0.8431	-1.8027	0.1521	-0.8619	-0.6224	-0.3131	0.3985	-0.6751	-0.2887	1.2596	-1.0840	0.0393	-0.1815	-0.1632	-0.7895	1.7305	-1.8197
1.1438	-0.9406	-0.6742	0.1948	0.9610	-2.3652	0.9333	0.0198	-0.2360	-1.2070	-1.2348	1.3002	-0.5649	0.1691	-0.3955	-0.1871	0.9371	-2.3592	-0.8996	0.3187	-0.0961	-1.3094	0.3678	-0.3179	-0.8810	2.1495	-1.2037	-2.3050	-0.3604	-1.5599	0.4500	-0.5295	-0.8112	0.2626	-0.9202	-1.3083	0.2551	-1.8005	-0.3832	-1.3443	-0.7730	-1.0543	-0.7125	1.4328	-0.7516	2.3047	2.3415	0.3805	0.2612
0.8204	-0.1123	-1.2574	0.5191	1.0702	-0.8919	1.2617	0.2049	0.5176	0.3693	2.3344	1.9633	-0.3646	0.7397	-0.3451	0.0810	0.2496	-2.9141	-0.6417	2.2893	0.0675	-2.4641	-0.7016	-1.5633	-1.3593	2.3185	-0.5904	-1.2785	-0.7329	-1.2425	1.2550	-0.7389	-1.4226	0.4521	-1.4776	-0.7972	-0.3694	1.3337	-1.1388	0.5408	-0.0842	-3.4897	1.5029	0.9614	0.1698	-0.3570	1.8621	-2.0659	0.5018
0.6581	0.3497	0.0189	0.2041	0.0457	-0.6849	-1.0349	0.9332	1.1714	-0.3950	1.7906	0.7682	-0.2682	1.8492	0.5017	0.0492	0.8634	-1.2574	0.6757	-0.5751	1.8204	-0.0222	-0.7214	-2.0848	-1.6726	-0.2240	-1.0722	-0.3898	0.7786	-0.0265	0.8499	-0.8248	0.1053	-1.3485	-1.1775	-1.0258	-0.2738	1.0988	0.4073	1.4333	-0.7145	0.1663	-0.1508	0.8360	-0.8244	-1.5582	0.1403	-2.4650	0.5651
1.4522	0.5242	0.4185	0.5587	-0.2603	-0.7690	-1.4729	1.0057	0.1612	0.3819	1.2924	1.0518	0.2835	0.8932	1.4304	0.2797	0.0605	-0.8171	1.8783	-1.1679	0.5354	0.0182	-0.9978	-1.0075	-1.9112	-0.1357	0.1743	0.5525	0.5059	0.1815	1.0743	-1.2519	0.3777	-0.3022	-0.4394	-0.3094	0.4661	0.8207	0.3032	2.1475	-0.0244	-1.4366	0.3605	1.0602	-0.9267	-0.9709	-0.2112	-1.7697	1.0983
1.5537	-0.0036	-0.9184	0.6982	0.8660	0.3411	-0.7364	-0.0678	0.4086	0.5444	0.2349	1.2500	0.9269	1.4246	0.6129	0.5785	-0.9677	-1.5977	0.7548	-0.9364	-0.7833	-1.2162	-0.3051	-1.1161	-2.4247	0.0292	0.6478	0.6117	0.4151	0.0738	1.0391	-0.6311	0.4069	0.4362	-0.5569	-1.2219	0.7057	0.3462	-1.1946	1.1495	-0.1341	-1.8816	-0.0180	1.5624	-1.2579	0.6368	0.7860	-0.8188	0.7611
0.5657	-0.5614	-0.6652	0.7618	0.5435	0.5824	0.2623	-1.1756	0.0672	-0.7956	1.0115	-0.0762	1.0193	0.8741	-0.6176	0.3910	0.0227	-0.8215	0.5748	-1.5648	0.2413	-0.5794	-0.9208	-0.2577	-1.8945	-1.3461	0.9232	0.0456	0.4277	-0.5775	0.9155	-1.4158	-0.8260	-0.0736	-0.1222	-0.6365	1.7026	0.4363	-0.7697	0.4252	-0.3104	-2.0365	0.1373	0.6461	-0.4978	0.3724	-0.5260	-0.4876	0.0319
0.1396	-0.9114	0.0905	-0.3553	1.0451	-1.3758	0.4293	-0.3019	0.7007	-3.1824	-1.1200	-1.1554	0.4510	1.6915	-0.0526	-0.7005	1.0624	1.0844	0.3754	-0.5072	0.8051	0.3045	-0.0983	-1.4851	0.0382	-1.2551	0.0725	-0.8202	1.0314	-1.9322	-0.6126	0.3396	-0.4774	-0.2173	-0.0233	0.4962	-0.5726	-1.7857	0.1194	-0.7037	-0.8336	0.0162	-0.5658	0.3517	-0.5682	0.5560	-0.2220	0.6671	-0.4743
-0.5154	-0.1898	0.3217	0.8670	0.4591	0.7339	0.9341	0.1865	1.1913	-1.9228	-0.5216	0.2133	0.2147	2.2623	1.3002	-0.3344	0.4919	1.8998	-0.7024	0.6007	0.7397	-0.2532	1.3575	-1.7859	0.6627	-0.3499	-0.3422	0.3379	0.2398	-0.3545	-0.2108	1.2789	0.3782	0.9376	0.3736	0.5060	-1.5688	-0.9200	1.2693	-0.4022	0.0618	0.8575	-0.1448	-0.2691	0.0280	-0.0485	0.6515	1.2883	0.2106
0.1697	0.9166	0.0135	0.6164	0.9535	0.6250	1.6682	-0.2471	-0.0836	0.3088	-0.4038	0.7616	0.6579	1.2127	0.9325	-0.0585	-1.4562	1.3879	-1.1028	-0.0144	-0.4613	0.3269	0.8810	0.7684	0.2248	-0.3648	0.8147	0.4994	-0.3850	-0.3803	-0.3107	0.5269	-0.6829	1.3198	0.4921	0.0027	-0.1969	-0.8977	-0.2995	-0.9194	0.9307	-0.7614	0.5216	-0.8359	0.8586	0.5533	0.9613	1.0681	-0.0020
-0.3887	1.9366	1.1717	0.2344	1.8210	0.3528	-0.0366	-2.1150	-1.8429	-0.7579	-0.4559	-1.4774	0.2974	1.1425	-0.5581	0.3428	-1.0366	0.7144	-0.9016	0.4294	0.4048	1.6108	0.3604	0.2371	-0.5747	-0.3632	-0.1048	1.1760	-0.0504	1.3191	-0.2547	-0.3560	-0.2491	-0.1253	0.1315	0.8010	-0.2269	-1.5657	-0.9127	-2.2504	0.1608	1.0100	0.9762	-1.2349	0.3948	0.4810	0.1654	0.0822	1.3987
-0.9860	2.0246	0.6473	-0.6190	0.4712	1.5154	-1.0824	-1.2287	-2.2449	-0.0777	0.4719	-1.4883	0.0828	-1.3534	-0.1684	0.6392	-1.1852	0.0415	-0.3727	-0.0511	-1.4342	1.4855	0.9926	-0.2909	-0.6946	-0.9083	-1.9989	0.8669	0.3781	1.9571	0.3587	0.8687	0.4991	-1.5680	-0.5009	0.3229	0.4870	-0.9089	-0.2095	-1.7390	0.5680	0.4727	1.1065	-0.7357	-0.6791	-1.3104	-0.2875	-0.5285	1.8885
-1.1502	1.7989	0.3542	-0.8667	-1.1253	1.7802	-1.0228	-0.0305	-1.2717	0.8294	-0.4567	-2.1405	0.6834	-1.8298	0.3446	1.2036	-0.9791	0.0580	-1.0189	-0.7166	-1.9866	0.4660	0.9043	-0.4502	0.2634	-0.6033	-1.2053	1.4017	-0.1723	1.8389	-0.0030	0.8097	0.0413	-1.9527	-0.6830	1.0411	-0.2335	-0.2464	-0.6430	-1.4792	0.6668	-0.6191	0.6632	-0.3813	-1.0756	-1.1947	-0.1217	0.2152	1.6281
-0.7511	1.0066	0.4526	-1.1621	-0.7218	1.1930	-0.2032	0.0849	-0.7178	-0.3383	-1.0128	-2.1887	0.4554	-1.8463	0.3492	0.2144	-0.5256	1.6213	-0.9678	-0.7925	-1.3723	0.4625	0.6687	0.2353	0.5279	0.7516	-1.2481	1.6477	0.0904	1.2525	0.0184	-0.6313	-0.8781	-1.1300	-0.2671	1.8884	0.7992	-0.7162	1.0655	-0.4689	-0.5418	-0.3460	0.5133	-0.8901	-0.4899	-1.3421	-0.1696	0.7383	0.6319
-0.5694	-0.2745	0.2353	-0.5176	-1.9886	1.0926	-1.9900	0.7986	-0.6553	0.0840	-1.9118	-2.8496	0.9144	-0.9651	0.3167	0.9303	-0.5613	2.2992	-0.5681	-1.9036	0.5027	0.4468	-0.4914	0.2895	0.7158	-0.6578	0.4844	1.0872	0.4966	1.8377	-0.6981	-1.0930	-0.7965	-1.4056	0.1282	2.0940	-0.2208	0.0222	2.2076	-1.0579	-0.6366	0.6342	0.2097	-0.5724	0.2000	-1.8807	-0.8093	0.2990	-1.0577
-0.4111	-0.2194	0.1111	-0.5004	-0.8593	-0.2651	-1.2517	-0.1803	-1.5214	1.0170	0.3567	-1.5107	0.0557	-0.4321	-0.6521	-0.0875	-1.1390	1.1378	-0.6126	0.0672	1.3762	0.7611	0.2345	0.9564	0.0764	-0.9686	0.6685	1.1142	-0.1404	0.4833	-1.0005	-0.5365	-0.9699	0.0268	0.5993	1.4480	-0.3154	-0.0136	0.3951	-1.3567	0.4354	0.2448	0.5516	-0.5054	0.9167	0.3218	0.3419	0.1097	-0.5770
-1.3755	-0.3759	0.6855	0.3959	-1.5794	0.8022	-0.1884	-1.1984	-1.4353	0.2606	-0.2626	-0.9819	-0.3171	-0.3681	-1.0066	0.0288	-0.9938	0.8890	-0.9962	-0.6500	1.2234	0.9356	0.0788	0.4897	0.5047	-1.2902	-0.0883	-0.0056	-0.1502	-0.6945	-0.6378	0.1424	-0.9535	-0.9301	1.0128	0.7271	1.4292	-1.3863	-1.2600	-1.2176	0.1393	0.7836	0.1774	-0.9035	1.4578	-0.5755	-0.8596	0.4167	-1.7208
-1.3187	-0.2475	1.6251	0.4705	-1.7234	0.3548	1.4072	-0.3264	-1.1101	-1.8909	-2.4953	-0.5008	0.2438	0.4963	-0.0695	0.5078	0.8541	0.8850	-0.3410	0.4924	0.9170	0.4442	0.3979	-1.2763	0.5403	0.0134	-0.6253	-0.3363	-0.0200	-1.1165	-1.1082	0.4750	-0.6196	0.1055	1.2075	0.3421	-0.0104	-2.5619	-1.3235	-0.7954	-1.4368	2.0465	-0.0876	-1.1036	0.7630	0.0368	-0.1274	0.5326	-0.4276
-1.0328	-0.4289	1.4619	0.1358	-0.4500	0.7882	1.4139	0.6341	-1.2386	-2.5619	-0.6629	1.0293	0.7201	0.1346	0.4752	0.4709	1.5275	0.7837	-0.4097	0.3814	-0.3620	-0.0105	1.0078	-2.0818	0.0660	0.4901	-1.3492	-1.2345	-1.2663	-1.0399	-0.4104	0.5097	-0.8255	1.1364	1.0965	0.4199	-0.9146	-1.7472	-0.4346	-0.4211	-0.3720	0.8977	0.8404	-0.6696	0.1964	-0.0452	0.4312	0.8708	0.5904
0.2163	-0.0291	-0.7218	-0.8558	2.2715	-0.2912	-0.0386	0.4368	-0.7975	-0.6875	-0.1578	1.3395	1.3668	0.3152	0.6915	-0.4052	-0.0119	-0.3385	-1.3061	1.9185	-0.7929	-0.9505	1.4395	-1.2233	-0.2401	0.9074	-0.9270	-0.7517	-1.5192	-1.1942	-0.4408	1.1134	-0.6623	2.2198	0.0170	0.1415	-2.0571	0.7556	-0.7284	-0.3091	0.5134	-0.6503	1.5121	0.1170	-0.2110	1.3008	1.1477	0.0200	0.4085
0.4914	-0.3604	0.6367	0.2332	0.9346	-1.9609	-0.6118	0.7897	0.0164	-0.3387	-0.7025	1.0263	1.7182	1.2697	1.3652	-0.6467	1.1586	1.2238	0.5078	-0.1942	-0.4692	1.4300	-0.2248	-0.4592	-0.0834	-0.0531	0.8419	-0.2961	-0.4077	-1.0662	-0.5668	0.3966	0.8986	0.9600	0.7563	0.0577	-2.1112	0.9330	1.2585	-0.2175	0.5700	1.0204	-0.6273	0.7968	-0.1710	0.7081	0.5868	0.9234	0.0079
0.8851	0.0223	1.1950	0.8680	0.0164	-0.9354	0.5867	0.0986	0.5887	1.3194	-0.1973	0.6217	1.2078	1.5878	0.8274	0.1173	1.1794	0.5550	0.9091	-0.1902	-0.3928	-0.0567	-1.3333	0.7272	-0.1684	0.1941	-0.0046	-0.0852	-0.1427	-0.3724	0.3020	-0.4560	-0.0361	0.5492	0.1947	0.9266	-0.1288	0.1523	1.0785	0.6836	1.6026	-0.7697	0.4904	-0.0098	0.1482	0.4215	0.5208	0.4326	-1.4452
1.5604	-0.5340	1.2096	0.1153	0.6004	-2.0062	0.9024	0.6926	0.2520	0.0535	0.2154	1.8106	-0.1839	1.8409	0.6511	0.0835	0.6993	-0.3120	0.7492	0.0007	-0.0728	-0.1370	-0.2455	0.1239	0.4548	0.0955	-0.1097	-0.5093	0.3653	-0.8924	0.5032	1.0682	0.4574	-0.0977	-0.7931	0.6354	0.6490	-1.1992	0.3286	1.1491	1.3160	-0.7952	0.4730	0.6198	0.0301	1.0377	1.0629	0.0184	-1.7095
0.7988	-0.8637	0.0215	-0.8358	0.9431	-0.5249	0.4269	0.7239	0.1423	-0.6883	0.1047	0.7871	-0.5088	0.7814	-0.9302	0.4667	0.8083	-1.4443	0.4979	2.0143	-0.5001	-0.8069	-0.1794	-0.0059	0.2873	0.4936	-0.1886	-0.4438	1.1322	-0.4120	1.2510	0.6498	-0.2230	0.1538	-1.1389	0.1318	0.0949	-0.5466	0.0996	-0.2124	-0.3318	-0.1992	0.6992	0.1532	-0.0034	0.9282	0.2764	-0.7547	-0.9934
0.7960	-0.2293	-0.1543	-0.9267	0.8350	0.8945	0.7966	1.0697	-0.2634	-0.1382	0.6596	0.0258	-0.5517	0.4406	-1.1907	-0.0189	1.6704	-0.2071	1.0735	2.9862	-0.1952	0.1215	0.0615	0.4322	1.7928	0.7433	1.1644	0.4542	0.6371	-0.3193	1.2442	0.8835	0.4245	0.9431	-0.4202	1.1616	-1.0312	0.9166	-0.1197	-0.6949	0.0949	-0.6382	1.3366	-0.2916	0.7893	1.1808	0.9358	-1.5142	-0.8946
-0.4161	-0.0391	0.2757	-1.9149	0.5319	0.6623	-1.7097	0.3711	0.4480	0.7021	0.2339	0.0378	-0.4208	1.1480	0.3874	-0.5771	2.6638	0.6931	0.2699	-0.1153	0.7262	1.7743	1.3202	-0.2533	2.9501	-0.0194	2.1609	0.4177	0.1127	-0.4684	1.3547	2.4806	2.3494	-0.5062	-0.0696	1.8855	-0.8072	1.5469	1.1113	-0.0937	2.1165	0.8269	1.1194	-0.0836	1.9903	0.3644	-0.2216	-0.4418	-1.2385
0.2685	1.0868	0.0520	-1.8069	1.6244	0.3213	-0.8131	-0.0830	-0.1724	0.9421	0.1639	1.4335	-0.4265	0.5660	0.8800	-1.2998	2.7702	1.0996	-0.1126	1.1413	0.1858	1.5163	1.7014	0.7306	2.9038	2.7461	0.7693	0.0511	-1.2101	0.1219	0.9994	1.5048	3.1862	0.3328	0.0107	2.0839	0.2820	0.2902	1.7270	0.8398	2.3919	0.4577	1.7502	-0.0762	2.0453	1.9525	2.4542	-0.1939	0.8169
-0.6325	0.2698	-1.6256	-1.1165	0.3677	1.1419	-1.3268	0.8768	-1.0984	2.1842	0.1159	1.2288	0.0445	-0.0677	0.1515	-0.6556	2.0090	1.0190	-0.6973	-0.1320	0.7587	0.6852	0.0159	1.6017	1.7140	-0.1566	0.2361	-0.8779	-1.6925	1.0636	-0.4091	-0.3055	1.5455	0.8909	-0.4414	0.7702	0.4042	0.2003	1.7957	-0.2049	2.3210	0.7063	1.8929	-1.1811	1.6598	1.9827	0.8838	-0.7029	0.2869
-1.4253	-1.0965	-1.0808	-0.0045	0.1853	1.2207	-0.6634	0.5137	-1.0228	1.5379	-0.0561	0.2017	-0.4332	0.1612	-0.6591	-0.8396	1.1108	0.8500	-0.9157	-1.1782	0.2551	0.9353	-0.3197	1.3476	1.4593	-0.6668	-0.5806	-0.1335	-1.3992	0.3013	-0.3961	-0.8629	1.7171	-0.6104	0.1164	-0.6467	0.9488	-0.3883	1.0594	-0.1207	0.9813	0.9430	1.5616	-1.8404	2.1935	0.8595	-1.1523	-0.5471	0.1688
-0.6386	0.0021	-0.9697	-0.6168	0.2802	-1.2915	-1.5719	0.7985	-0.4777	0.6100	-0.8466	0.4548	-0.7812	-0.0221	-0.7138	-1.5896	-0.2396	-0.1162	-0.8453	-0.2094	-1.6827	0.2578	0.6720	1.0959	0.5691	0.5581	-1.2953	-0.4358	-0.5641	-0.0559	-0.1059	0.0485	1.3585	0.2084	-0.4900	-1.6581	-0.0154	-0.5731	-0.1690	-0.1747	0.9427	0.7518	0.5147	-1.1400	1.3267	1.6935	0.9653	-0.0394	0.0554
-0.1054	0.4563	-0.8217	-0.6595	-0.3722	-1.0011	-2.2333	0.1756	-0.3219	0.5728	-0.0947	0.0615	-0.9423	0.1667	-0.2094	-1.0360	-0.0319	-0.5562	0.3217	0.2228	-1.3298	-0.2628	0.1259	0.3346	-0.6973	-0.5373	-0.3567	-0.3451	-0.6094	0.1046	0.6324	0.6027	0.5371	0.7046	-0.4983	-1.9054	0.3742	0.8235	-0.0058	0.1886	0.8004	0.9719	0.2504	-1.1320	0.3901	0.3649	-0.6732	0.2065	0.5146
0.8295	0.5180	-1.1470	-0.8936	-1.0720	-1.2179	-2.7281	0.3365	-0.8591	0.0447	0.3891	-1.2196	-1.4809	-0.1370	-1.2876	-1.0120	-0.0664	-1.7817	0.3319	-0.2275	0.4533	-0.0200	-1.4100	1.2374	-0.8534	-0.9189	0.1004	-0.9805	-0.5455	-0.4022	0.5121	0.1813	-0.8548	-0.3330	-0.5706	-0.7969	2.4573	1.0059	-0.9849	-0.5059	0.2697	0.5204	-0.4253	-0.8611	0.4001	0.2725	-0.6393	-0.9496	-0.3729
-0.2118	-0.2104	-0.2858	-0.9831	0.1397	-1.5824	0.0668	0.0293	-0.2610	1.0728	-0.2853	0.0267	-1.3885	-0.0129	0.1368	-0.5491	0.9254	-2.2203	-0.6158	-0.2571	-0.6883	-0.4584	0.5548	0.0665	-0.5506	-0.1412	-0.7140	-0.8916	-0.6875	-0.4966	-0.0899	-0.3349	-0.5758	-0.7031	-0.4790	-0.2431	1.2856	0.7206	-0.4468	-0.0511	-0.4292	0.4288	-1.4463	-0.6133	0.3985	1.2888	0.6100	-0.4466	0.6668
-0.2302	-0.8711	0.6998	-0.9889	-1.3320	-0.9471	-0.0337	1.0554	-0.7680	0.4882	-0.7209	0.2466	-0.7863	0.4462	0.5078	-0.5762	2.8371	-0.2831	-0.0082	-2.0433	-0.7032	0.0403	-0.1842	0.7070	0.5272	-1.2105	-0.8921	-0.8752	-0.4934	-0.2102	-1.0593	-1.0169	-1.4474	-1.4928	0.2351	0.0164	0.2334	-0.5591	1.8746	0.5377	0.1068	0.7083	-0.5427	-0.6126	0.4352	0.3036	0.0159	0.0439	-0.3308
-0.5075	-0.7698	-0.1330	0.5771	-1.3452	-0.0061	0.0052	0.9619	-1.2021	1.6289	0.5849	0.5299	0.2408	-0.1762	0.6216	0.2740	0.8006	-1.0334	-1.8258	-1.3784	-0.2848	-1.6273	-1.1312	0.6663	0.0269	-1.1765	-0.4293	0.4856	-0.8721	0.2327	-1.2350	-0.6100	-2.1419	0.2697	-0.7324	-0.1717	0.1455	1.5147	1.1561	0.3410	1.1472	-0.4461	1.1757	-1.5077	0.7786	-0.4004	-1.1923	-0.6330	-1.0264
0.3074	-0.3882	-0.6293	0.8554	0.7283	-1.2782	1.8365	0.8065	-1.2623	-0.7567	0.6465	1.2643	-0.0419	-0.9454	1.2060	-0.1719	-1.0728	-0.9707	-1.6691	-0.3227	-0.4898	-1.6565	0.2502	0.5454	0.0721	0.3101	-0.2361	0.4981	-1.0408	0.0998	-0.7765	-0.2869	-1.2193	1.8960	-0.5511	-1.0042	-0.3405	-0.0255	0.0630	0.4844	0.1772	-0.6251	0.1130	-0.0877	0.3508	1.0744	0.1535	0.1492	-0.0239
-0.0051	-0.8577	-0.4003	1.0731	0.9395	0.7285	1.0448	-0.5155	-0.6822	-0.8028	-1.6288	-0.0548	0.8327	-1.6521	0.2787	0.3278	-1.3173	-1.4541	-1.7055	-0.9932	0.3513	-1.0248	-0.5790	0.0693	0.1793	0.9611	-0.6511	0.5121	-0.6971	1.1984	-0.8268	0.0292	-0.5419	-0.1998	-0.4901	-1.9159	-0.6125	-0.6899	0.6953	0.6375	-0.6959	0.7935	-0.7460	0.5432	0.1251	1.6121	-0.4771	0.4840	0.1963
-0.1449	-0.3064	0.9800	0.6389	1.0288	0.7613	1.7502	-0.0563	0.2685	-0.3732	-2.2211	0.2871	0.2630	0.2034	0.5461	0.0655	0.9576	-0.0966	-0.0533	0.1491	0.1557	0.1306	-0.5162	-0.2875	1.6589	2.8236	0.7676	1.3791	-0.6802	0.9512	0.4062	-0.8702	0.2736	0.4510	1.1518	-0.6623	-0.6941	-0.4715	1.6546	0.7640	-0.1849	1.2534	-0.7074	0.7831	0.0363	1.5648	-0.1451	1.4705	0.6192
0.8780	0.5673	-0.1832	0.5898	1.0051	-0.3519	0.9185	-0.1247	1.3894	1.1189	-0.9153	1.4704	0.6416	0.8479	1.7648	-0.1911	-0.1511	0.1684	0.7215	0.9672	0.2530	-0.2832	0.7016	0.1807	1.6133	2.6320	3.4227	1.3684	-0.8302	0.0913	0.8766	0.1755	0.7361	2.5463	1.3835	1.1074	-0.1441	0.6362	0.0436	1.0906	0.3796	-0.8761	0.2533	1.9756	1.2022	0.7180	1.1704	1.0383	0.1280
0.6976	0.7665	-0.2269	1.1214	-0.1575	0.4884	0.3698	-0.6692	1.5882	0.2588	1.8715	1.3093	0.3427	-0.1282	0.6353	0.2782	-0.6967	-0.9316	1.3727	0.1805	0.1417	-0.0501	-0.2555	1.2755	0.3435	0.3231	0.8510	-0.1793	0.6190	1.4408	1.1712	-0.1720	1.4236	2.6708	0.9127	-0.4969	1.1712	1.1517	0.9962	1.9337	1.2869	-0.4919	0.7203	1.1637	-0.2177	0.5824	0.9902	1.4224	0.0362
0.8556	-0.2588	-1.3202	1.6211	-0.0292	0.9062	-0.3047	-0.6602	0.9814	1.0167	1.2474	-0.0543	0.9659	-1.3783	-1.0761	1.0607	-2.4423	-2.4264	0.9436	-0.1937	0.7605	-1.1127	-0.4228	1.8955	-1.0700	-0.3056	0.3978	-1.7830	0.8363	0.4312	1.3940	-0.2918	0.6309	1.9476	-0.6290	-0.6320	1.7662	0.1747	-1.3704	0.7046	-0.1091	-1.6581	0.1944	1.1217	-0.3069	0.6200	0.6644	0.5199	-0.9284
0.2407	-0.6118	-0.0548	0.4681	-0.3047	-1.4057	-0.1492	0.4887	0.2305	0.3530	0.2696	-1.5954	0.1659	-0.1504	-1.7600	-0.2496	-1.5128	-1.2176	1.6959	1.0096	1.8240	-0.1961	-0.1232	-0.3546	-0.6373	0.0356	0.9813	-1.2810	1.5149	-1.3516	0.1394	-1.4053	-0.0873	0.9386	-1.0321	0.3606	0.9835	0.1977	-2.3859	0.4329	-1.9405	-0.5650	-0.9530	-0.0227	-0.4262	-0.0699	-0.1701	0.6763	-0.4728
-0.1376	-0.8231	0.5537	-0.6482	-0.2675	-0.1335	-0.0013	-0.6163	1.0208	-2.1689	1.2012	-1.8626	0.0502	-0.7066	-1.3012	-0.4848	-0.7428	-0.7646	1.3608	0.2052	-0.1821	0.4674	-0.3834	-2.2165	-1.7426	-0.1604	0.7296	-1.0510	2.0277	-1.2379	0.5585	-0.9090	-0.4245	0.3850	-0.9409	0.0350	1.1610	-0.2264	-1.6106	0.4785	-1.5038	-0.3335	-1.2324	0.0386	-1.6769	-1.4662	-1.1936	0.7112	-0.3077
0.4096	-0.7439	0.6234	-0.4501	0.2852	-0.7062	-0.6911	-0.0812	2.2636	-0.2897	-1.8297	-1.1813	1.0836	-0.0458	0.3590	0.8041	-0.0176	0.6585	2.0609	-1.2075	-0.4339	0.9298	-0.0469	-0.3742	-0.8513	-0.9671	1.4585	-0.2128	1.6163	-1.1283	0.6589	0.2326	0.5549	-0.7147	-0.2705	-0.0858	-1.4234	-0.3407	-1.2043	0.9007	-1.9277	0.9480	-2.2544	0.9554	-0.5066	-0.7197	-0.6948	0.9028	-0.2355
1.0032	0.3611	0.8550	0.4118	0.4510	-1.4414	1.8381	0.3515	2.1132	0.3925	1.0006	-0.4545	0.4595	-0.7111	0.0616	0.1720	-0.4424	0.5133	1.6984	0.2427	-1.3368	0.2950	-0.5059	-0.1678	-1.0711	1.0486	0.1128	0.0777	1.2910	-1.1917	0.1677	-1.0947	-0.3854	0.8906	0.4673	-0.0886	0.1742	0.3128	-0.4990	1.7890	-0.6286	-0.1482	-0.5406	0.5636	-1.6028	0.5397	0.3576	1.0495	1.0107
1.4641	0.6140	-0.2411	0.9847	0.0110	2.1482	1.5611	-1.0770	1.7042	0.5703	1.4708	-0.5435	1.3722	-0.6449	-0.0147	0.2446	-1.0264	0.8033	0.0969	1.1380	0.4227	-0.4453	-0.3973	-0.7761	-1.3339	0.6898	0.0421	0.1677	1.1020	0.2217	-0.5233	-1.5481	-0.9035	0.8771	0.5622	0.1462	-0.2083	1.3844	0.1709	0.7662	0.1868	-1.4615	0.0352	1.4406	-1.9448	-0.0570	-0.4678	1.0690	0.6097
1.1022	0.7275	-0.1232	0.9116	0.1061	0.4852	0.5446	-0.5948	0.7018	0.7749	1.8016	0.6741	0.9705	-0.4406	0.3114	-0.8023	-0.5821	1.9684	0.0359	0.9496	1.6819	1.3351	0.1788	0.0555	-0.7921	-0.7222	0.3780	-0.5720	0.8865	-0.1396	-1.2989	-0.4843	0.1645	-0.5346	0.7421	0.8713	-0.0829	0.7215	0.2156	1.1699	-0.2449	-0.8874	-0.2581	1.8227	-1.3308	-0.8436	-0.2717	0.3993	1.1288
-0.2046	-0.1220	0.0197	0.9078	-0.6304	0.3133	0.6556	-0.7817	0.4430	0.0050	0.8227	-0.2006	0.7524	0.0361	-0.8760	0.0003	-0.4223	1.2172	-0.0010	-0.3869	1.0671	1.1028	-0.4015	-0.2587	-0.5431	-1.0669	1.0680	-0.7431	0.3960	-0.2189	-2.0279	-0.4884	-0.0525	-1.9961	0.7378	0.9999	1.6382	0.7506	0.0052	-0.1891	-0.4742	-0.8404	-1.0976	1.7657	-0.8183	-0.8517	-0.9516	0.4290	1.4389
0.1477	-0.7267	-0.1561	0.3640	0.1714	-0.6294	0.7945	0.1430	0.9859	-2.0510	0.0109	0.9325	0.2742	-0.2664	-0.3834	0.7899	-1.4686	0.2500	0.2720	-0.3049	-0.8254	0.4831	0.3515	-0.3816	0.0151	-0.0227	0.9503	-0.9990	-0.1346	-0.4720	-1.4829	1.4986	0.9560	-1.7802	0.7231	0.5384	-0.3828	-0.0463	-0.4586	0.1773	-0.6686	-1.7467	-1.8384	2.9112	-0.3145	0.0792	0.1765	0.2995	1.6696
0.5564	-0.5844	0.6360	-0.5475	-1.0663	-0.6196	0.5773	-0.9588	1.6086	-1.5439	0.6972	-0.9362	-0.0257	-0.7677	-0.6899	0.9831	-1.2338	0.1305	0.0738	0.6098	-0.4129	-0.5415	0.0347	-0.5797	-0.8687	1.2671	0.3189	-0.0010	0.7099	-0.3604	-0.2383	-0.4475	-0.5662	-1.1864	0.8444	0.6463	-0.9256	0.7937	-0.4926	0.4107	-0.1841	-1.7449	-1.1780	1.6967	-1.1143	-2.1782	-0.8507	0.5740	0.8265
1.1160	-0.4365	0.0455	-0.1923	0.3125	0.2818	1.4854	-0.7147	1.7039	-0.7160	1.4593	-0.2220	-0.8491	-1.2136	0.4811	0.6830	-1.4915	-0.3963	0.3884	1.0140	-0.8545	-1.2773	-0.1432	-2.2268	-1.0471	2.1469	-0.7773	-0.2231	0.9903	0.3626	0.3990	-0.9944	0.3907	0.1430	0.6144	-0.7095	-0.1831	0.8193	-0.1723	1.3365	-0.8715	-1.2537	-0.9725	1.7282	-1.9478	-1.9801	0.1454	-0.2128	1.1013
1.2852	-0.0424	-0.1610	0.9545	0.0364	0.8615	-0.8930	-0.2444	2.3910	-0.0744	0.0755	0.5912	-0.3255	-0.5516	0.8136	1.1199	-1.2953	-0.5454	1.0802	-0.0090	-0.4133	-1.4195	-0.7302	-1.2036	-0.9675	-0.3039	-0.2668	-0.5258	1.4247	0.8892	-0.1034	-0.5226	0.2489	0.3100	0.9644	-1.6772	-0.7501	-0.1249	0.9676	0.8511	-1.5202	-0.1969	-1.5357	2.0762	-2.3285	-1.5744	0.3810	-0.7734	0.0348
1.1269	1.2085	1.1647	0.7672	-1.0587	0.2926	0.1803	-1.7352	1.7416	-1.6006	2.1368	-0.0853	-1.6116	0.2322	0.1743	0.5309	-0.8541	0.3110	1.4683	-0.0186	1.0294	-0.6860	-1.7114	-0.9985	-0.9686	-0.6045	0.1176	0.5684	2.0494	1.1737	0.0526	-2.3822	-0.0627	0.0004	1.4314	-0.5363	0.5858	-0.4181	1.6351	1.4442	-0.3311	-0.5586	-0.3846	0.7803	-2.6561	-1.6562	-0.7234	-0.6721	0.4957
1.1299	1.2909	-0.0532	0.9426	0.1694	-0.3831	-1.0779	-1.1001	0.6058	-0.7142	2.4968	0.8372	-1.4149	0.2732	-0.5535	0.4504	-1.7600	-0.2359	0.5206	-0.5522	-0.4135	-0.3084	-1.8137	-0.7355	-1.3741	-0.5263	2.1287	0.4065	0.5828	0.0713	-0.2344	-1.1587	0.0929	-0.3027	0.5352	0.0405	-0.2223	-0.2430	-0.4458	0.5360	0.9214	-2.2774	-0.0031	1.5831	-1.3554	-0.3450	1.1430	-1.0993	0.5199
1.1033	0.7048	0.0968	0.8133	0.4747	0.7754	-0.9316	-0.1771	-0.6442	0.6235	0.6225	0.5038	-0.6899	-0.0832	-0.2057	0.4717	-0.6980	0.9785	0.8109	0.4634	0.2533	0.6457	-0.5394	1.2560	-1.3550	-1.8304	2.0743	0.7195	-0.0719	0.5567	-0.1857	-0.0559	0.0443	-0.4908	0.3013	0.1718	-0.9914	-0.4941	-0.2639	-0.6333	-0.3397	-0.7308	-0.1031	0.3578	-0.4024	-0.2278	0.2754	-0.4900	0.5184
0.3636	0.4866	-0.7393	1.0108	-0.3483	2.6738	1.5529	0.3644	-1.3298	-0.8868	0.9008	0.7629	-0.1020	-0.3170	-0.4319	1.1322	-1.6992	1.0147	0.3334	0.3096	0.5392	-0.0803	-1.1658	1.1105	-1.2310	-0.7271	0.5958	0.6083	-0.8663	1.3887	0.2432	-0.1025	-0.4296	0.3311	-0.7660	-0.4885	0.0492	-0.7943	-0.7904	-1.1124	-0.1848	-1.0283	0.5090	-1.2249	-0.3797	-1.3466	0.7835	-0.8886	-0.0279
-0.0866	-0.1761	-0.5271	-0.8803	0.3769	-1.4713	0.0870	1.1378	-0.9420	-0.8671	0.2867	0.2412	-1.0475	0.1255	-0.0007	0.2786	-1.0217	0.5863	-0.4631	0.6369	0.3772	-0.2983	0.6128	-0.9732	-1.1407	-0.7057	-1.3147	-0.5399	-0.2907	0.1478	0.1774	0.5668	0.1385	0.6377	-1.4144	-1.9307	-1.2469	-0.8062	-1.7892	-2.0697	-0.7396	1.3233	-0.1039	-1.4175	-1.4228	-0.0413	0.9405	-1.8053	-0.2842
-0.7735	-0.2602	1.4541	0.6856	-2.6255	-0.6518	-0.2138	0.0956	-0.8546	1.1975	-0.6505	-1.3637	-0.1469	-0.4035	0.2395	1.2530	0.3460	1.0523	0.5248	-0.7345	0.0618	0.6285	-1.0578	0.4721	0.2676	-1.7132	-1.1491	1.1186	0.1057	0.8118	0.4796	-0.3335	-0.4421	-1.1191	-0.6976	-0.7834	-1.6298	1.5822	-0.9890	-1.2639	-0.4035	1.4630	-0.0412	-1.8079	-0.2569	-2.1487	-2.0945	-1.1310	-1.6900
-0.9476	0.3582	1.4570	1.3466	-2.5896	0.2105	-0.7687	-1.2097	0.0594	1.9472	-1.1114	-0.7207	0.4448	0.2630	0.3618	1.3051	0.6041	-0.1170	0.4767	-0.9407	-0.1811	0.2620	-0.9921	0.5218	1.0158	-0.9313	-1.0629	1.5974	0.2937	0.2938	0.5249	-0.0654	-0.3772	-1.3102	-0.3545	-0.4518	-0.0133	2.1594	-0.4641	-0.7188	-0.4653	1.1261	0.3790	-0.9049	0.9749	-1.6860	-1.4379	-0.4722	-1.8604
-0.1525	0.8809	1.3769	0.9146	-1.0897	0.5443	0.2498	-1.6313	-0.3588	0.3210	0.3835	-0.5895	0.6886	0.3871	-0.5580	0.5183	1.0032	-0.1140	0.2231	-0.3482	0.7974	0.3619	-0.5669	-0.7285	0.6782	0.6927	-1.0902	1.5272	0.1756	0.0025	1.1731	-1.2871	-0.1770	-0.9115	-0.1999	0.5286	1.2964	1.9395	0.1255	-0.9821	0.0920	-0.0809	1.3271	-0.5076	1.0504	-0.0243	0.0118	-0.3170	-0.3740
0.1379	0.3167	0.3676	0.6437	-0.8215	0.6696	0.3293	-0.5790	-0.0327	-0.1740	-1.2557	-0.6337	1.4506	0.4892	-0.1438	0.8112	0.5182	0.1534	-0.1572	-1.2160	0.5636	-0.1859	-0.5221	-0.6107	0.2646	0.0967	-0.9395	0.2401	0.4835	0.5138	0.8072	0.0347	-0.0887	-1.0279	-0.6398	0.2417	0.6317	0.5440	0.4371	-0.8933	-0.0552	-0.4072	0.7659	-0.1605	0.6176	0.7749	0.6241	-0.0040	-1.1105
0.2367	0.4606	0.7212	0.2919	0.0642	0.6434	0.7007	0.8255	-0.3840	-2.2334	-2.0571	-0.0944	1.3514	0.6041	0.7081	0.6114	0.0478	1.3342	-0.4728	-0.6734	1.2045	0.7776	0.6981	-0.7925	-0.1080	0.9174	0.6524	0.1708	0.1972	0.6393	0.3861	0.6360	0.6179	-0.5295	0.5294	-0.0570	-0.5532	-1.8346	0.2948	0.0091	-0.9986	0.1595	-0.0298	-0.1820	0.5787	0.9628	0.9743	1.1790	-0.0966
-0.4047	0.3021	0.5276	-0.0201	0.4236	0.9190	-0.8452	0.1347	-0.0329	-1.3720	-2.1121	0.1723	0.3519	-0.0219	1.5513	0.4212	-0.1094	0.3667	-0.6308	-0.8728	0.5837	0.2460	0.7155	-0.1669	0.1596	0.3013	-0.3080	-0.7194	0.0908	1.3166	0.4035	0.8610	-0.2456	-0.3341	0.3622	-1.4683	-1.0946	-2.5386	1.2866	-0.0358	-0.5466	1.4916	-1.1582	0.0436	-0.2824	-0.1011	0.8428	2.0538	0.1338
-0.6143	0.8934	-0.3676	-0.5713	0.2567	0.2027	-0.4629	-0.1189	0.8592	1.2401	-0.4788	1.0860	-0.6172	0.3903	1.2921	0.1341	-0.2965	-1.0435	-0.9112	0.9136	0.0575	-0.9822	0.5760	0.6374	0.1644	0.7833	-0.7653	0.1289	0.2390	1.3728	0.3695	1.1577	-0.5399	0.5845	1.0088	-1.7770	-0.3774	0.2667	0.9668	1.1128	0.5085	0.8936	0.7794	-0.8663	0.1654	-0.3452	-0.1467	1.9308	0.6886
-0.2659	0.3905	-0.4073	-0.4313	-1.1937	-0.1846	0.3003	-0.0162	0.4921	0.4197	-0.3532	1.6464	-0.6878	1.1370	-0.0547	-0.4915	-0.2987	-0.4021	0.8792	-0.4382	0.3935	0.2586	0.5202	0.9837	0.2317	-0.2000	0.0932	0.3103	-0.3423	0.7598	0.4088	0.5766	-0.0846	-0.2070	1.2751	-0.9787	0.4246	0.4637	0.7973	0.4630	0.4376	1.0017	0.2272	-1.5009	1.0252	-1.2703	-0.2717	1.7543	-0.0976
-0.4085	-0.6209	-0.6949	-0.7243	-1.5387	0.2110	-1.7886	1.2551	-0.4906	0.3588	-1.3981	0.8252	-0.6601	1.4243	-1.0914	-0.3495	0.1114	-0.5724	0.9818	-0.2702	1.3609	0.0181	0.4607	1.1047	0.4736	-1.6555	0.5024	0.1760	-0.5150	0.0520	0.5289	0.3894	-0.6919	-0.9278	-0.2127	-0.2090	-1.0971	-0.8439	-0.0764	-1.3880	-1.1308	1.6571	-0.4559	-1.2205	0.9779	-1.7265	-0.0318	0.3412	-1.5198
-0.1957	-0.3641	-0.5241	-1.0108	0.6112	0.4453	-0.8661	0.8273	-1.5401	-0.2308	0.6146	0.2799	-0.9487	0.1500	-0.6971	-0.2266	-0.1110	-0.8497	0.2368	0.3851	0.4872	0.1993	1.6424	0.5651	0.2113	-0.3524	-0.5616	0.8407	-0.1424	-0.1668	1.0995	0.2261	-0.7723	0.2665	-1.2037	0.5356	-0.6341	0.1757	-1.5533	-1.0366	-1.1159	0.6493	0.5682	-1.3304	0.7346	-0.9866	-1.2545	-1.3998	-1.4088
-0.0158	-0.2794	-0.2406	-1.7624	2.6221	-0.3398	-0.3541	-0.4570	-1.9136	0.7744	0.4778	-1.0581	-0.4022	-0.4960	-0.3512	-1.0032	-0.1784	-1.0236	-1.4360	-0.5837	-1.6905	0.0574	1.4821	0.0204	0.5889	-0.3492	-1.2262	0.3327	0.0893	-0.9572	-0.0544	1.4705	-0.0476	-0.7447	-1.7894	0.7194	-0.1909	-0.8938	-2.2986	-0.6819	-0.2710	0.4709	-0.0197	-0.6478	0.4838	0.0008	-0.8328	-2.3678	-0.9699
-0.7045	-0.1531	-0.0567	-1.6752	1.8325	0.4975	-0.0795	-0.6161	-1.2523	0.9019	-0.8587	-0.0947	-0.2183	-1.6703	0.4856	-0.8183	-0.1466	0.3349	-2.1890	-1.6984	-1.3775	0.6474	2.7552	1.0316	0.7751	-1.7064	-1.4047	0.1670	-0.6207	-0.6158	-0.5070	3.3494	1.3862	-1.8032	-1.5887	0.8361	-0.2139	-1.0228	-1.4883	0.2113	0.4982	1.8044	-0.9135	-0.5250	1.1276	-0.6598	-1.9123	-2.4396	-1.3078
-1.6178	-0.1685	-0.2148	-1.4057	0.6091	1.0513	-0.1864	-0.5315	-1.3122	0.1639	-2.1786	-1.3823	0.4245	-3.0185	-0.5051	-0.9704	-0.0888	0.3862	-2.1365	-1.4313	-1.8796	0.3376	2.2641	1.2010	0.5539	-1.4761	-1.2245	-0.1196	-0.7633	-0.2255	-0.7528	2.7066	-0.0120	-1.1482	-1.3577	0.7044	-0.3080	-2.8113	-1.1653	-1.9803	0.5917	1.7272	-1.1594	-0.5832	1.0107	-0.4396	-1.6224	-2.3051	-1.3943
-1.3794	0.3861	0.0299	-1.9396	0.9641	-1.8100	0.3954	1.0012	-1.0377	0.1505	-0.5456	-1.4842	-0.5536	-1.1844	-0.4901	-1.8641	0.9304	0.2988	-1.9510	1.2647	-2.5679	0.1122	1.1206	-0.4268	0.6040	0.2437	-1.5426	-0.2092	-0.8541	-0.7500	-0.7283	1.3188	-0.6270	0.5216	-1.5336	0.8184	-0.1938	-2.5009	-0.2447	-2.0045	0.5058	0.9388	-0.0909	-1.2764	0.2171	1.2380	1.4723	-0.8208	-0.0996
-0.8370	0.2389	0.0533	-0.6172	0.2991	-1.3221	2.0999	-0.0921	-1.5214	-1.1775	0.1063	-0.4894	-1.1365	-1.0953	-0.1394	-1.1081	1.0869	-0.3083	-1.2292	0.7799	-2.5739	-0.1886	0.7449	-0.9944	-0.1058	1.1238	-1.3530	-0.4646	-1.6287	-0.8665	0.5241	0.6028	-1.3422	0.7503	-1.4522	1.5229	1.0211	-1.7671	-0.6034	-0.0611	0.0257	-0.4691	0.5177	-1.9186	0.2267	1.1260	0.7681	-0.2695	0.6056
-0.3579	-0.6893	-0.3329	0.1251	-0.5465	-1.3054	-0.1777	0.1890	-0.7967	-0.0428	0.3656	0.2597	-0.5471	-0.0282	0.3647	-0.2224	1.0687	-1.4840	-1.2257	0.9246	-1.2127	-2.4096	0.8248	-1.1369	0.1277	0.3141	-1.4370	-0.3791	-1.1890	-1.0592	0.8535	0.5334	-1.8444	0.7072	-1.6128	1.6572	-0.7939	-0.2400	-0.7823	0.5016	0.3282	-0.2871	1.1904	-0.6827	0.2601	-0.0805	-0.7341	-0.3766	-1.0592
-0.2541	-0.6523	0.3112	0.8477	-0.4776	1.1665	0.3800	-0.4369	-0.3550	0.0069	0.0887	1.0055	-0.1301	0.9443	1.0673	0.9516	1.6336	0.0006	-0.7702	0.9163	0.3634	-1.8111	0.6785	0.2016	0.4136	0.3727	-0.6542	0.9263	-0.5987	-0.8084	0.5845	0.5784	-0.5025	0.3688	-0.1764	1.8816	-1.2475	0.5031	-0.2669	1.1439	-0.6201	0.8293	0.8879	-0.6780	0.5413	-0.9301	-1.8646	-0.2596	-0.8739
-0.3224	-0.6275	-0.0338	0.2890	0.6189	0.4062	-1.0734	-0.7884	-0.4494	0.8478	-0.7909	0.3938	0.1119	1.5975	0.4955	0.4735	1.7574	0.6831	-0.0104	0.5036	0.0974	0.2736	0.0998	0.8343	1.1732	0.0538	-0.4614	-0.1823	-0.1941	-1.3435	-0.0325	0.5099	-0.4234	0.2643	1.0385	0.9885	-0.5246	0.4982	0.1119	-0.6913	-0.7768	1.7102	0.2107	-0.4002	0.2040	1.0220	-1.5727	0.2434	-1.1091
-0.2026	0.3690	-0.4537	-0.3572	0.4355	-0.4175	-1.5333	0.9958	-1.2832	1.1069	0.5168	0.2376	-0.1359	1.2205	-0.4720	-0.7037	0.3815	0.8253	0.3556	1.5301	0.4067	0.6250	-0.2870	0.7614	1.6670	-0.1771	0.0218	-0.1224	-0.8782	-0.6931	-0.7224	-0.1254	-0.5647	0.6758	1.0055	0.6382	0.6924	0.6290	0.1455	-0.6102	0.6492	0.9310	1.0759	-0.8180	0.7595	0.5843	-0.1288	-0.2767	-0.2099
-1.4606	-0.1300	-1.4434	-1.0121	0.6587	0.0911	-1.5472	0.6108	-1.7417	-0.3885	0.3808	-0.3825	-0.1218	-0.0870	-1.6783	-1.2314	-0.2418	-0.7872	-1.0753	1.1387	-0.1455	-0.0248	-0.2471	-0.4784	0.9260	0.4597	-0.0569	-0.0757	-1.2815	-0.0625	-0.9002	-0.1642	-0.4080	-0.3292	0.2685	-0.7295	1.0360	0.5216	0.1911	-1.6788	1.7626	-0.6666	1.1409	-0.5619	1.3516	0.0595	0.5476	-0.7065	1.1370
-1.3216	0.5703	-0.2587	-1.0346	1.3675	0.9504	-0.1898	-0.4238	-0.4542	-0.2889	-1.1306	-1.0386	-0.2469	0.3122	-0.8513	-1.2037	1.6870	0.5141	-1.2862	1.3065	-0.6987	0.8951	0.2522	-0.3965	2.0731	1.5318	-0.2710	0.9496	-0.9161	0.6763	-1.2208	0.5305	1.5684	-0.6287	-0.5534	-1.0670	-1.7536	0.8757	1.6341	-1.8090	1.8008	0.6445	-0.0547	0.1237	0.8820	1.3593	1.6415	0.3274	3.1315
-1.0353	1.4414	-0.9731	-0.3426	1.3028	1.7506	1.1634	-0.7064	0.1633	0.5549	-0.3075	0.0526	0.1800	-0.1804	0.8701	-1.0241	1.2000	0.1906	-0.7495	1.9610	-0.7864	0.3038	0.6625	0.4484	1.2935	0.7340	-0.1069	1.3727	-1.3828	0.7648	-1.2350	1.3658	1.4558	0.9207	-0.7216	-0.5965	0.0592	1.1477	2.4784	0.4967	1.1534	0.0211	0.6345	-0.3536	1.3814	0.4924	1.0199	0.5836	3.2790
-1.3848	0.6510	-0.7510	0.3318	-0.3000	0.9191	-0.3875	0.1819	0.3709	1.1480	0.3438	-1.9381	0.1837	-0.1026	0.0005	-0.7713	1.0875	1.0946	-0.0944	0.5367	1.0521	0.9639	-1.2340	0.4987	1.2188	-0.4576	1.4040	1.9917	-0.6243	0.8812	-1.8662	-0.8334	1.7191	-0.3453	0.1270	0.1053	1.2185	1.3739	2.7958	-0.0495	1.4655	0.4885	1.0590	0.1010	1.4230	-0.3968	-0.2284	0.7992	2.2571
-0.2538	0.4166	-0.5643	0.2544	0.6752	-0.2922	1.1154	1.4971	0.9757	1.0120	-0.1742	-0.0596	0.9974	0.7252	0.1341	-1.0592	0.1512	1.5356	1.1223	-0.3312	0.1477	1.3992	-0.9200	0.9455	0.1889	0.4587	1.0523	0.8879	0.4099	1.0954	-1.2218	-0.4135	2.0889	0.3906	1.1401	-0.3160	1.4760	-0.1170	2.8403	0.3255	1.7612	0.0976	0.6893	0.5768	0.0804	1.0841	1.5817	1.9135	2.0053
0.3175	-0.5204	-1.6591	0.5796	-0.5283	0.7433	0.6208	1.2865	1.3823	1.7113	0.2760	0.4735	1.5939	1.0690	-0.9146	-0.3524	-1.0405	0.2721	0.7915	0.3923	2.0723	-0.2969	-0.9356	2.2513	-1.6373	0.2046	1.4162	0.6454	0.8631	0.9925	-0.1648	-1.3473	1.4839	0.0245	2.5052	-0.0931	2.2503	0.2408	0.5433	0.2498	0.5764	-0.5211	0.7324	-0.1466	0.3096	1.0335	-1.3018	1.6509	0.9148
0.3934	-1.1527	-1.8963	0.3414	-0.9756	-0.5456	0.2375	1.7498	0.8400	-0.7244	2.3206	1.5838	0.5545	1.5310	-1.0254	-1.4330	-1.2311	-0.1908	1.2184	-0.0844	2.6511	0.4813	-1.2159	1.5335	-1.5266	-0.5583	0.7350	-0.8557	1.0241	-0.5663	-0.4149	-0.3785	1.3797	0.1064	2.4771	-0.6443	2.4441	-0.6733	-1.0697	0.6023	-0.3253	-1.1351	-0.1299	0.5489	-0.4501	0.9747	-0.2682	0.8332	1.3785
-0.3733	-2.0849	-0.6093	-0.1827	-0.6204	-1.1280	-0.0955	0.3122	1.0631	-0.7468	0.2641	0.7675	-0.7089	1.5077	-1.4251	-1.0817	-0.0624	-0.6766	0.7655	-0.4080	2.6149	0.3768	0.0621	-0.3765	-1.4683	-0.7251	0.2704	-1.6431	0.4369	-1.0946	-0.2300	-0.2572	0.5170	-1.4676	1.5791	-0.7835	0.9067	-0.4426	-1.0936	-0.6375	-1.1634	-0.7188	-1.9019	1.2754	-0.2921	0.1257	-0.8436	-0.6390	1.6780
-0.3817	-1.3953	0.4674	-0.5332	-1.5181	-1.1677	1.2157	0.7082	0.9796	-1.4247	-0.4854	0.4122	-1.4134	1.6472	-0.9362	-0.3543	0.4746	-0.5995	1.1185	-1.1880	2.4970	-0.1241	-0.6383	-1.2459	-0.6359	-0.0153	-0.8336	-0.7240	0.8349	-1.1050	0.4039	-0.9496	-0.0150	-1.5073	0.6708	-0.5047	-0.3799	-0.2390	-0.2097	0.2645	-0.3687	-0.4557	-1.6948	0.7358	-0.7545	-0.2080	-0.5246	-1.8970	1.7414
0.1295	-0.7706	-0.6872	0.4286	-0.1650	0.2978	0.1213	0.3934	0.3371	-0.3695	-0.5399	1.0665	-0.4356	1.6829	0.1520	1.0517	-0.0188	-1.3361	1.0564	-0.5211	0.6419	-1.5704	-0.2805	-0.7071	-0.8315	-0.2625	-0.7109	-0.4594	-0.1585	-0.9956	0.0549	-1.0152	-1.9425	0.5940	-0.0826	-0.8146	-0.3044	0.0808	-0.5884	0.0481	-0.4391	-1.1727	-1.6026	0.3714	-0.9157	0.3456	0.8403	-2.1122	0.5628
0.2434	0.1740	-0.3988	0.2868	0.0036	0.0677	-1.5065	0.5764	-0.2649	-0.3712	1.1213	0.0308	-0.6829	0.3139	0.6828	1.3214	0.6602	-1.5449	0.1433	0.5010	1.0288	-2.1565	-0.1491	-0.4137	-1.0674	-0.8468	-1.5531	-0.5351	-0.2902	-0.2817	0.1338	-1.0190	-2.3775	0.1521	-0.7635	-0.7035	0.4471	-0.0752	-0.2710	0.6871	-0.2388	-1.1294	-0.1486	-0.2787	-1.0899	-0.3396	-0.1533	-1.4856	-1.8993
-0.4512	-0.6496	-0.4318	0.6833	-0.5492	-1.4428	0.4023	0.7602	-1.3743	-0.4909	0.6230	0.3930	-0.6092	-1.1124	0.2528	0.9843	0.2487	-1.5103	-0.9257	-0.4404	-0.1278	-2.1010	-0.6668	0.1443	-0.4890	-0.7113	-1.1681	-2.1231	-0.9174	-1.3154	-0.6515	-0.4346	-2.4992	-0.1770	-1.8129	-0.1685	0.6251	0.1820	-1.0354	0.4136	-0.8754	-1.5936	-0.6710	-0.6967	-0.5932	-0.4052	0.2745	-1.7002	-2.2936
-1.6602	-1.8847	0.7332	1.5899	-0.5717	-0.4776	-0.0302	-0.1719	-1.5085	0.6253	-0.5167	-1.3929	-0.2152	-1.3870	-0.2488	2.0511	1.9526	-1.2077	-1.4906	-1.0216	-1.3574	-1.3212	-1.0693	-1.9485	0.3100	-0.3172	-0.6132	-1.4844	-0.9132	-1.2685	-0.7423	-1.3780	-1.8149	-1.9580	-1.2144	0.6415	-1.5664	1.2455	-0.0774	-0.8462	-1.6774	-0.3554	-0.4065	-1.8165	0.4400	-1.5486	-1.4004	-2.0339	-2.8406
-0.9095	-0.2861	1.1830	1.4343	1.1876	-1.2825	0.1779	-0.0042	-0.3630	-0.3657	-0.1017	0.1517	0.2859	-0.4829	1.6955	1.4724	2.1767	-0.4997	-0.9229	0.5957	-3.4749	0.0493	0.1425	-2.0975	1.8436	2.4084	-0.3382	-0.7701	-0.6942	-1.3483	-0.1201	0.6272	0.1587	0.1114	-0.2776	1.5439	-1.6369	0.1142	0.7712	0.8730	-0.4185	-1.0601	0.9236	-0.3977	0.4011	-0.1542	0.8125	-0.4978	-0.7598
-0.2399	1.0739	1.2984	1.1033	2.1847	-1.6689	-0.2615	-0.7394	-0.0038	1.0650	0.2978	0.4167	1.0336	0.1357	1.6886	0.8608	1.7843	0.3245	-0.3464	0.6856	-2.6666	0.6253	0.5788	0.3618	1.3404	1.3835	0.1559	-0.4068	-0.6819	-0.6731	0.4184	0.1461	0.6896	2.1793	-0.0384	1.0945	-0.3155	0.5408	0.9720	-0.0511	0.7515	-0.6299	1.1711	0.9022	0.0608	0.9059	1.6728	0.6885	-0.1075
0.4282	1.8736	-0.4011	0.7127	1.5348	-1.5636	1.3090	0.2415	-0.3945	0.0912	-0.2301	1.4175	0.6441	-0.6070	0.6770	-0.0311	0.6323	-0.1454	0.0848	-0.4821	-0.5219	1.3237	0.1274	0.3124	0.1531	0.5659	-0.5112	-1.4471	-0.1147	0.0023	0.6890	-0.4766	2.3423	1.8922	0.8825	-1.1888	1.1602	1.1345	-0.5842	-0.7281	1.2894	-0.8572	0.4943	1.1820	-0.2225	3.5956	2.3645	0.1493	0.9006
-0.2210	0.3904	-0.7524	-0.1287	-0.3601	-0.8250	0.3064	0.7952	-0.0008	0.0934	-1.7164	1.0671	0.5099	-0.4277	-1.0119	-0.2639	-0.5033	-0.9578	0.7902	-1.6289	0.0497	1.0695	-1.3447	0.4441	-0.4194	-1.4459	0.1790	-1.7132	0.3735	-0.0569	0.7240	0.2052	1.0614	-0.2733	1.6099	-1.8619	0.6518	-0.8060	-1.1027	-0.5721	-0.5082	-0.5545	-0.1725	0.2109	-0.1172	1.6441	0.4524	0.8825	-0.3081
0.1673	0.0064	-0.1530	-1.1178	1.0234	-1.3684	-0.5454	0.7682	0.6558	-1.3054	-0.8032	0.2626	-0.1752	-0.3314	-1.2683	-0.7722	-1.3092	-0.7951	0.6307	-0.1507	0.8920	0.4091	-0.0171	-0.5133	-0.4845	0.2515	-0.3738	-0.6033	0.9959	-0.7557	1.9499	0.5679	0.7828	0.2720	0.6452	-0.7649	-0.6146	-2.1933	-1.6703	-0.0665	-0.8487	-0.5062	0.5473	0.3671	-0.1510	1.6935	0.7885	0.6921	-0.0803
0.2365	-0.3982	0.1911	-0.9799	0.6938	0.1508	-0.8170	0.1781	1.0338	-1.1590	-0.8695	-0.1404	0.0993	0.3271	0.2629	-0.6716	-0.5383	0.1284	1.1878	-0.6668	0.5604	0.1561	0.2131	-1.0606	-0.5982	0.1490	-0.3841	-0.3048	0.9279	-0.3347	1.2314	0.7911	0.2310	0.9080	-0.2302	0.1336	-0.4878	-1.8324	-1.1303	0.0961	-0.9553	-0.0633	0.2048	-0.1829	-0.6972	0.6464	0.8524	0.7449	-0.6068
-0.3059	-0.4414	0.8110	-0.9226	-0.2209	0.3309	-0.0788	-0.1703	1.0801	0.0786	-0.0742	-0.7914	-0.0547	0.5884	0.8636	-0.4118	0.2835	0.5814	0.8141	0.2755	-0.1642	0.2110	0.9643	-0.3415	0.1046	-0.1155	0.2015	0.9431	0.5441	0.3179	0.4632	0.3564	-0.5657	1.2218	0.1189	1.4064	-0.3719	0.4057	0.0291	-0.6142	0.4830	0.0998	0.8215	-0.6874	-0.5973	-0.0721	-0.1106	1.1362	-1.2996
-0.1527	-0.6016	0.7475	-0.4471	-0.5562	0.3629	0.1403	0.9555	0.4302	-0.3585	-0.1448	-0.3298	-0.0434	-0.9820	1.0152	0.4628	-0.6296	1.1508	0.3196	-1.3867	-0.4502	0.4768	0.3844	0.0208	0.2804	0.1779	-0.9525	0.0301	0.0438	0.7165	-0.1349	-0.0569	-0.3565	0.5367	-0.1449	0.4992	0.7986	-0.5140	0.1454	-0.3497	1.0479	0.4551	0.5104	-0.2435	-1.0933	0.2998	2.0681	0.5237	-1.3043
-0.6168	-0.6009	-0.1011	0.0668	-0.0306	0.2725	-0.7713	1.3384	-0.5900	0.8076	-1.6340	0.3307	0.6868	-1.4365	0.9149	0.8384	-1.2143	1.0306	-0.8051	-0.9381	-0.3806	-0.6975	0.3640	0.1037	-0.7189	-0.2268	1.2566	0.6888	-1.1247	0.1449	-0.6992	-0.3640	-1.2318	0.4817	0.0981	0.9559	-1.2089	-0.7789	-0.5481	0.0935	0.0749	-0.3730	0.3592	-0.2260	0.3638	0.2558	0.6175	0.2532	-0.9930
-0.3196	0.7709	0.4801	0.6102	0.0661	0.5418	-0.9555	0.5124	-0.9279	0.0442	0.2376	-1.3807	0.6227	-1.4445	0.2096	0.0886	-0.7668	1.8159	-1.0844	-0.0277	1.2025	-0.0676	-0.9099	0.1131	-0.4292	0.2742	0.8826	1.6385	-0.6069	0.5219	-0.3136	-1.5369	-0.2999	0.2459	0.2008	1.5171	-0.6655	0.5902	0.5786	0.2994	1.4246	-0.0831	1.0698	-0.5082	0.8673	-0.0087	-1.1484	-0.1089	-1.0082
2.2250	1.7448	-0.2263	0.2427	-0.4565	1.2572	-2.6213	-0.9285	0.6422	1.0266	-0.8698	-2.6499	0.6059	0.5287	0.2077	0.0135	0.2087	3.7946	-1.0326	-1.6707	0.9793	1.0263	-0.8118	-0.3141	0.6160	-0.6205	1.2225	1.7310	-0.3585	1.8271	-1.9510	-1.3674	1.4064	-1.1855	0.3868	1.2063	0.2728	2.2981	1.1202	1.0261	2.4355	1.6652	-0.2294	0.0017	1.8610	0.1652	-0.8901	0.4534	-0.8034
2.9619	3.0265	-0.8031	-0.6732	-1.4261	0.1174	-1.6183	-2.5634	-0.0662	0.8797	0.6531	-2.4080	-0.4637	0.2242	-0.1811	-0.7601	-0.7970	1.6792	-1.3289	-0.4830	-0.4290	1.0329	1.4147	0.0533	-0.1884	-0.3830	2.1954	1.3992	-0.6894	2.1132	-1.4375	-0.5571	0.0054	0.1360	0.1504	0.3569	0.9446	2.6190	0.8266	0.3796	1.6838	0.2126	-0.5156	0.4939	1.9727	1.7644	-0.1740	1.8849	0.0620
-0.3108	1.3744	0.0271	-0.7290	-1.8965	1.5677	-1.6674	-1.7137	-1.0942	-0.3089	0.9083	-1.5267	-0.2528	-0.3309	-1.3779	-1.1019	-1.4916	0.1549	-1.4929	-2.0415	0.3246	1.2860	0.0894	0.7446	0.3530	-0.2751	1.4287	0.4916	-0.4792	1.4110	-0.7519	0.6874	-0.6813	-2.0886	-1.4992	-0.2257	0.9046	1.4637	1.3810	-0.2917	0.5192	0.2975	-1.3725	-0.2696	1.1868	-1.2076	-0.3162	0.7000	-0.5670
-0.6307	0.4469	2.1719	-0.8940	1.2142	1.4560	-0.7731	-2.0413	-0.6454	-0.7640	-0.4385	-1.0103	-0.2779	-0.0833	-0.2946	-0.4271	-1.4162	0.3864	-1.7497	-0.1953	-0.7342	0.9770	2.4764	-0.1297	0.4441	2.1885	-0.0775	0.4955	-0.0911	0.8179	-0.0638	1.1784	-0.3487	-1.4968	-1.7587	0.3953	-1.3573	-0.8970	0.4763	-0.6381	-1.0120	0.6587	-0.6381	0.0952	0.2850	-0.6136	0.4853	1.1404	0.6602
0.5334	0.0148	3.1232	-0.9998	0.7395	-0.0686	0.3112	-1.1788	-0.1533	0.4904	0.6766	0.1436	-0.1857	-0.2886	1.5589	-0.1516	-0.2791	0.6621	-0.0874	0.2623	-1.7096	0.7221	2.5283	-0.2176	0.0207	1.7610	0.1533	0.4577	-0.2534	0.4221	0.6121	2.3693	0.1881	0.4367	-0.8786	0.8765	-1.1983	-1.9572	0.1700	0.4777	0.2835	-0.1408	0.9529	0.9216	-0.0661	-0.2438	0.6009	1.8929	0.7914
0.4898	-0.0666	2.6784	-0.7873	-0.7821	0.2169	0.9763	-0.5856	0.1602	0.2113	0.6821	-0.1388	-0.1049	0.3037	-0.2329	-0.0693	0.7178	0.5758	0.6946	1.5816	-0.3731	0.3800	-0.0939	0.7422	-0.9726	1.1256	0.0906	0.4398	0.3955	0.8717	0.8383	0.0051	-0.1770	1.4342	0.1823	0.5029	1.2454	-1.8032	0.5101	0.2532	-0.2806	0.5555	1.1043	0.0269	-1.0561	-0.3351	-0.3817	1.8820	0.8855
0.9105	-0.7486	1.9875	-0.8651	-1.5480	0.4249	0.2201	-0.7205	0.4501	-0.5449	1.0586	-0.1231	0.1304	0.1178	-1.5743	-1.1416	1.0128	0.7630	0.8645	0.7469	0.8490	0.6381	-1.2391	1.4459	-0.8215	0.4086	-0.2263	-0.6970	-0.1267	-0.5764	0.7015	-0.0153	0.3325	0.5844	0.7358	0.0281	1.2200	-1.1626	0.3414	0.4403	0.1388	1.2299	0.6860	0.8375	-0.6487	-0.4800	-0.1604	1.1728	0.4999
0.0994	-1.4207	-0.2947	-1.0374	-2.0512	1.8011	0.2144	0.7890	0.8700	0.1670	0.2711	0.3469	-0.0766	0.1600	-1.4694	-0.5691	1.0571	0.3384	0.7965	0.8747	0.8466	-0.4844	-1.3941	-0.3521	-0.3127	-0.2975	0.9731	-1.9811	-0.0823	-0.4442	-0.1306	-0.4214	-0.7886	0.2183	0.0486	-0.1643	-0.5801	0.6266	0.5856	1.1943	-0.6912	0.8200	0.6415	0.9489	-0.8731	-0.3824	-1.3563	1.3254	-0.2194
0.6342	-1.3395	-1.5573	-0.3061	-0.7968	1.5564	2.0616	0.4021	0.9904	0.1002	0.5987	1.2921	-0.5133	-0.4516	-0.3408	-0.1532	0.3353	0.0312	1.0893	0.6949	1.0556	-0.6638	-0.0059	0.1335	-0.3430	0.4796	1.9234	-1.3272	-0.1199	-0.8570	-0.2717	0.5060	-0.1580	1.0603	0.0528	0.3052	-0.3645	1.1052	1.2795	2.9747	-1.8146	-0.2224	0.0677	1.3880	-0.1392	-0.2162	-1.5084	1.1997	-0.1626
1.3051	-1.2126	-1.8244	0.1366	-0.0209	-0.5634	0.0842	0.0410	0.4959	-0.9580	1.2654	-0.2448	-0.5069	-1.0633	-0.0516	-0.6135	-0.6184	-1.3069	0.6555	-0.7853	1.1155	-0.7193	-1.1249	-0.9870	-1.2788	0.2768	1.5102	-0.9940	0.8590	-0.5977	-0.0889	-0.8382	-0.5627	1.0618	-0.0204	-0.0085	0.0597	1.3180	1.2704	2.1094	-1.1875	-0.6850	-0.1783	1.6159	-0.6321	0.1811	-0.7212	0.1817	-0.8061
1.6633	-0.6998	-0.0231	0.3738	1.0535	-2.2148	1.4263	0.2754	1.0434	-1.0743	-0.0521	-0.7271	-0.2170	-0.0282	0.7765	0.1073	-0.2634	-0.3642	1.1113	-0.9257	0.0218	-0.1575	-0.5505	-1.8473	-0.3842	0.4876	1.5537	-0.0614	2.0941	-0.1861	-0.0287	-0.7369	0.8011	0.4347	0.6154	0.4288	-1.8895	0.9265	1.7792	2.1875	-0.7173	-0.2865	-0.8925	2.3806	-0.9538	0.6052	0.4469	0.5990	0.3150
2.1582	0.6127	-0.7964	1.1908	1.1843	-0.9298	1.1094	-0.7084	1.6824	-0.3875	1.0519	-0.7505	0.5176	-0.0213	0.9571	0.4843	-1.7549	-0.4923	1.1760	-0.1746	-0.9735	-0.8113	-0.3763	-1.3212	0.0296	0.0102	1.7409	0.6708	2.1785	0.2460	0.4435	-0.7463	0.6225	1.5061	1.3299	0.1643	-0.7633	0.2958	1.2368	1.7417	0.1970	-1.3091	0.0541	2.8159	-1.1336	0.4702	0.8614	1.4148	0.9762
1.5834	0.5784	-0.9368	1.0462	-0.5389	0.8422	1.7045	0.4863	1.3171	0.8036	2.2257	0.5247	0.9229	-0.4103	-0.3386	0.3824	-1.7808	0.1281	1.7603	0.4822	-0.0932	-0.2754	-1.3059	0.6852	0.2219	-0.7182	1.4221	0.0451	1.9621	0.6928	-0.0234	-1.4586	1.6211	0.7542	2.2312	-0.4283	1.5945	-0.2851	0.5195	2.1049	-0.1767	-1.0454	0.2133	1.8668	-1.5523	-0.7992	1.2160	0.8608	1.7886
1.1530	-0.7179	-1.1253	0.7663	-0.6411	0.1379	0.3498	0.5446	0.7526	-0.3643	1.7155	0.5850	0.4627	-0.2262	-2.2408	0.0832	-1.1710	-0.3576	1.7858	-0.2846	0.0870	0.5780	-2.8317	1.3039	-0.3002	-1.6927	2.1084	-1.5806	1.6065	-0.9366	-0.3132	-2.1983	1.3890	-0.6020	2.9300	-0.6579	1.1856	0.4793	-0.9624	0.4920	-0.6379	-0.9840	-1.3345	1.8520	-1.1515	-0.4585	-0.0629	0.0945	1.2424
1.1016	-1.7559	-1.1766	-0.1951	0.2164	-0.4726	-0.4019	1.1973	0.7851	-1.2239	1.2197	1.3615	-0.5210	0.4497	-1.0783	-0.5624	-0.9463	-1.5903	1.4485	0.1218	0.3544	-0.0167	-1.3416	-0.4091	-0.8140	-0.8320	0.5636	-2.1323	1.5421	-1.5088	0.4890	-1.2037	1.5031	-0.1564	2.0309	-1.5273	0.6745	0.9658	-1.2359	0.5216	-1.4718	-0.1687	-1.4702	0.9114	-0.8364	-0.7248	-0.4117	-0.6776	0.1747
0.6029	-2.4376	-0.7969	-0.5998	-0.2477	-1.5582	-0.4185	0.2465	0.6955	-0.7979	-0.4804	1.0804	-1.2438	0.9202	-0.2995	-0.4364	-0.3349	-0.8860	2.0733	0.5063	0.2255	0.1592	-1.2102	-0.1630	-1.3217	-1.6057	0.1429	-1.6633	1.8448	-1.4718	0.9452	-1.2940	-0.1598	0.0592	1.0027	-1.8540	-0.0138	-0.1653	-1.4945	-0.7222	-2.4147	0.6851	-1.8057	-0.0893	-1.2369	-0.7335	-0.4054	-0.8741	-0.2552
0.9520	-1.7455	0.2378	-0.4395	-0.3913	-0.5511	0.0377	-0.3322	0.7214	-1.2903	-0.7760	1.2532	-1.1682	1.6815	0.5455	0.6740	0.5251	-0.3412	2.1575	0.5089	0.8855	0.1884	-0.8199	-1.2341	-0.2883	-0.5851	-0.6976	-1.1172	1.7510	-0.9437	1.4119	-1.1538	0.1816	-0.3266	-0.1018	-1.8292	-1.3159	-0.9141	-2.1844	-0.0958	-1.6092	0.1885	-1.9989	0.2966	-1.1977	-1.0719	-0.5951	-0.7822	-0.8273
1.4331	-1.0663	0.0649	0.0176	-0.4018	-0.9662	0.1962	-0.6902	0.8538	-1.7122	-0.5462	2.1175	-1.0593	1.9490	0.8538	0.7059	0.1543	-1.6136	1.4098	-0.2358	-0.8249	-0.9157	-0.3393	-0.9981	-0.4292	-0.0477	-1.1915	-1.3590	2.0160	-0.5430	2.0971	-0.5431	-0.5967	0.0422	-1.5285	-1.6046	-0.9792	-0.9741	-2.1314	0.2796	-0.3127	-0.1447	-1.8394	0.9341	-1.6252	-0.6376	1.0975	-0.2480	-0.9577
0.7296	-0.2943	0.1953	0.6941	1.0183	0.4807	2.1342	-1.0718	0.6865	0.1482	0.4503	1.9505	0.4683	0.9895	0.7199	1.8069	-0.1686	-1.1777	0.6595	1.0603	-1.4130	-1.4307	-0.4882	-0.6814	-0.8619	0.5619	-0.4858	0.0968	1.0393	0.0395	3.0057	-0.5569	-1.4214	0.5363	-2.1563	0.1716	-0.1431	0.0383	-1.7376	0.3008	-0.0773	-1.4114	-0.0428	0.1786	-1.3030	-1.6724	0.3784	-0.7698	0.0083
1.2129	0.6968	1.0090	0.9208	1.0384	0.0985	1.9698	-0.5914	-0.1929	1.1857	0.8007	1.6262	1.2697	0.1104	1.2928	1.9565	-0.6395	-0.8478	0.6971	0.8363	-1.1873	-1.2497	-0.8455	0.2693	-0.3291	0.2371	0.1141	0.6028	0.4379	-0.0804	1.7882	-0.5743	-1.3735	1.1081	-2.7315	0.8081	0.0275	0.0969	-1.0479	0.6251	0.7058	-1.7498	1.6701	-0.5029	-1.1494	-1.5173	1.4720	-1.5897	-0.3279
1.4496	1.7756	1.6436	1.4450	1.8913	-1.4884	0.1757	-1.0111	-0.7986	0.0255	0.3703	1.1485	0.9489	-0.7116	1.8094	2.3397	-0.9962	-1.6339	-0.1396	0.8399	-0.6109	-1.6471	1.0325	0.0394	-0.8057	-0.5314	-0.5687	0.7831	0.2871	0.2830	0.9141	-0.9411	-1.3838	1.7121	-2.4240	0.5117	-0.8779	0.1265	-0.8922	-0.7785	0.7261	-0.8062	1.7278	-0.1481	-0.8371	0.5104	1.2924	-1.4510	0.0555
0.8194	1.9268	1.8276	1.7502	-0.2060	-0.3181	0.8024	-0.5351	-1.6264	-0.2819	0.3202	1.6664	1.9144	-1.2118	2.5600	3.0364	-0.9929	-1.4257	-0.4922	-0.9328	0.1103	-1.5519	-0.3948	0.3506	-0.5283	-1.0844	-1.8611	0.9509	0.0849	0.5968	1.3707	-0.3861	-0.4513	1.0202	-2.3121	0.5712	-0.0583	0.6585	-1.0560	-0.2798	1.2027	-1.4467	2.1390	-1.3412	0.0075	-0.4675	0.3557	-1.7671	-1.0804
-0.1626	0.8378	2.1827	1.1734	-1.8405	0.0958	-0.3116	-1.1897	-1.9069	0.3107	-1.0236	-0.0226	1.4566	0.2568	1.3684	2.7846	0.6089	-1.0866	0.1170	-0.5461	-0.2623	-0.9670	-1.9223	-0.2314	0.1288	-1.4893	-1.0682	1.0777	-0.2200	0.6548	1.0001	-1.5129	-0.7783	0.5186	-1.4239	0.9661	-1.0598	0.3502	-0.8616	-1.2119	0.5993	-0.0675	1.9608	-2.0500	0.2735	-0.5847	-0.2504	-1.7502	-0.4281
0.3027	0.5212	2.0046	0.5875	-0.4920	-0.3043	0.5297	-1.0870	-1.1877	0.2051	-0.6553	0.6746	0.5672	0.8382	1.8112	1.7641	0.4598	0.0172	0.6139	0.2401	-1.5275	0.7575	-0.2707	-0.2871	1.0073	-0.6802	0.1739	1.0739	-0.9418	0.5972	1.4221	-0.9334	0.1582	1.1209	0.0086	0.5616	-1.3585	-0.2052	-0.3876	-0.9962	1.0852	0.2962	1.4683	-0.6124	0.7472	-0.1279	-0.0989	-1.1206	0.5271
-0.3971	1.1635	1.8343	0.3338	-1.0291	0.3862	0.1588	-0.2699	-0.6404	-0.8775	-1.3555	0.2222	1.2972	1.0549	1.1432	1.6057	-0.0068	1.5385	-0.2684	-0.8520	0.9659	2.8701	0.0596	0.6987	1.8152	-1.0418	1.2590	1.0998	-0.8164	1.9491	0.7779	-0.2910	1.4846	0.2565	0.5495	1.4009	-0.2615	-0.8265	0.8616	-0.7621	1.5033	2.3622	0.0553	-0.5262	1.8849	0.0111	-1.0505	-0.3777	-0.8757
-2.2291	1.8686	1.4918	0.5727	-0.2895	2.2536	-1.3094	-0.4829	0.3045	-1.7645	-1.2817	-0.5349	1.6937	0.0946	-0.1491	2.3363	-0.4953	1.9756	-1.2911	-0.4717	1.3220	2.5443	0.9534	0.0821	1.7457	-1.2412	1.3486	0.6389	-0.4591	3.2651	-0.8744	1.1993	2.0417	-0.9507	0.6751	2.1663	2.2832	-1.6864	1.2005	0.0342	0.4716	1.2280	-2.3242	-1.2608	2.3127	0.7120	-2.7907	0.3248	-1.0798
-0.1085	1.8002	0.3909	2.5120	0.9818	2.4558	2.0327	-4.0728	3.4196	5.3779	-4.4508	-0.7420	2.8396	-0.4646	0.5876	1.9280	-0.4043	2.3871	-0.9062	3.7178	0.5674	-1.2382	5.0763	2.4926	1.9431	-2.6388	-1.4446	4.3950	0.0477	3.9407	-2.2809	4.6996	-1.2061	-2.9184	-1.4544	-0.1367	-0.6748	0.9642	0.4533	1.1885	-0.2128	-1.1651	-0.0816	-1.6279	2.5813	-0.9006	-0.5304	0.3673	0.9620
0.3569	2.5983	0.4077	1.0997	2.3877	-0.5803	-1.7607	-0.8255	0.0284	2.4712	0.1702	-0.8566	2.0882	-0.7998	1.6243	0.2235	-0.0284	-1.3094	-1.7931	0.7293	0.0383	1.2128	2.8733	-0.1328	0.4629	1.0257	-1.1021	3.4775	-0.4473	1.8346	-1.2966	2.3433	0.1539	-0.9085	-0.4844	0.4875	1.4237	2.0327	1.1187	-0.9790	2.6080	-0.1044	1.4863	0.0103	1.2869	1.9935	2.1192	-0.0404	0.9779
0.4487	1.8305	1.4780	2.0536	2.0511	-0.0979	-1.3582	0.8182	-1.0780	0.5814	0.3312	-0.7961	2.4575	-1.0360	1.6498	-1.1651	0.7342	-0.1371	-0.8926	-1.2447	-0.4723	2.7039	1.6191	1.6389	1.4754	1.5892	-1.1549	3.0187	-0.5078	1.7059	-1.2066	1.6494	0.5116	-1.5093	0.1524	0.3215	1.6380	-1.5599	1.8641	-1.9653	0.6992	0.4469	-0.9246	-0.1211	0.0567	0.3525	1.1319	0.5456	0.0083
-0.6421	1.7814	0.3992	2.6356	0.7524	0.1388	0.2016	1.3558	-0.8563	1.5921	2.1629	-0.2996	2.0317	-0.6445	0.7577	-1.8869	-0.6310	-0.7833	-1.3862	0.6032	-0.3868	0.2826	0.7339	2.2653	0.8510	2.1094	-0.8120	2.1801	-1.4135	-0.0775	-1.4054	2.2797	0.7839	-0.5069	-0.5474	-0.6499	1.0354	-0.4268	0.9843	-0.6483	0.5490	-0.0866	0.2478	-1.0587	0.7683	-1.0352	0.6261	-0.0381	-0.0144
-0.7558	1.0624	-0.4375	1.2341	-0.3134	-0.4059	-0.5292	1.2059	-0.9606	0.4540	1.4308	-0.7724	0.4845	-0.9765	-0.8170	-2.7166	-0.3937	-0.7112	-1.6180	1.3823	0.0047	0.3782	1.3889	3.5812	0.5153	1.3679	-0.5175	0.7788	-2.1563	-0.8599	-1.5804	2.0280	0.8091	-0.6366	-0.0341	-1.1764	1.7773	-0.4042	0.1282	-1.7304	-0.1275	0.4067	0.6429	-1.6009	0.9766	0.9956	-0.1529	-0.2051	-0.0863
-2.3455	-0.9574	-0.2623	-0.5654	-1.8267	-0.3595	-0.6839	1.3849	-0.7150	-0.0837	-0.4058	-2.1572	-1.5997	-0.7178	-2.5228	-2.9188	1.0991	-0.3297	-1.2725	0.3891	0.1156	1.0014	1.0829	1.7985	1.0189	1.0175	-0.2269	-0.6613	-1.6453	-1.3004	-1.8686	1.5060	0.3784	-1.8315	0.1013	-1.4616	1.7681	0.0366	-0.4202	-2.3634	-0.8892	2.2586	-0.3075	-2.2152	0.5344	0.2565	-1.4355	-1.1064	0.1004
-2.3856	-1.2173	-0.9653	-2.7797	1.0774	0.3380	0.9977	1.7384	-0.7444	0.0756	-0.9028	-0.3452	-2.4190	-0.7767	-1.1861	-2.1964	0.8594	0.4399	-1.2236	0.3340	-1.1412	0.9402	2.5389	0.1920	1.0236	1.0158	-1.1283	-1.3838	-1.6712	-1.0545	-1.3903	2.0208	-0.6836	-0.8105	0.3799	-1.5508	-0.4636	-0.4444	-0.2946	-1.7549	-1.0090	2.1547	-1.1353	-2.0915	0.2136	0.0127	-1.8639	-1.2481	0.0003
-2.2803	-1.3575	-2.0897	-3.2430	0.9630	0.7269	-0.9415	2.7125	-0.7526	0.8928	-0.4014	-0.6449	-2.3379	-1.1280	-0.7640	-1.9768	0.4755	1.2899	-1.5825	0.7093	-1.7518	-0.5704	1.8807	-0.0166	1.2102	1.4121	-1.8964	-0.7504	-1.7047	-0.8651	-1.0357	0.9059	-0.8839	-0.3299	0.2652	-1.4980	-0.8707	0.0474	-0.0915	-1.4738	-0.8363	1.6380	-1.2489	-1.5973	-0.2736	0.7073	-0.8319	-0.7246	-0.4384
-1.4649	-0.5033	-2.8795	-2.6611	0.3384	1.9879	-0.6623	2.5298	-1.9007	1.1400	-0.0941	0.2691	-2.3742	-1.7341	-1.5937	-1.7285	0.0431	1.1356	-1.3524	0.4496	-1.2838	-1.0900	-0.0148	-0.0012	0.3167	1.1523	-1.4196	-0.2582	-1.9976	-0.5711	-1.0425	0.6855	-0.6819	-0.0708	0.1488	-1.1796	-0.1666	1.1619	-0.5738	-0.4470	0.6486	0.2982	-0.3859	-1.5008	0.4295	0.6928	0.0588	-0.8506	0.2667
-1.6081	-0.2148	-3.0703	-2.2694	0.4755	0.4365	-2.6458	0.4588	-1.9324	0.3279	-0.6919	-0.5959	-2.6572	-1.2285	-2.4993	-1.5071	0.8641	0.4121	-1.4412	-1.2352	-0.2384	-1.2220	-1.5307	-1.0627	-0.5888	-0.4437	-1.5175	-0.5604	-1.2509	-1.2700	-0.6086	-0.0523	-1.0057	-1.7300	-0.5679	-1.4215	0.0032	1.1947	-0.6489	-1.0086	0.9914	0.9150	-0.4325	-1.2678	1.3132	-0.3875	-0.3856	-0.7422	0.2181
-1.5048	-0.3934	-2.1912	-1.8729	-0.2040	-0.4319	-1.1633	0.7644	-1.6516	-0.0311	-1.8573	0.5655	-2.1336	0.4117	-1.2579	-1.3637	2.3707	0.3933	-1.4049	-1.4031	-0.1086	-1.2899	-0.4175	-0.9282	0.2291	-0.6221	-0.8102	-0.7404	-1.1992	-1.2169	-0.1395	0.7785	0.3003	-1.4091	-1.0128	-0.8018	-1.4072	0.3995	0.3871	-1.1790	0.9372	0.8618	-0.1306	-0.1944	1.9003	0.1307	0.7186	-0.6329	0.7102
-1.5603	-0.5671	-2.2240	-1.5481	-0.7096	0.8384	-1.3260	1.1701	-1.4000	-0.6939	-0.7283	-0.2938	-1.9561	1.3610	-1.5836	-1.6068	2.9601	-0.1507	-1.2536	-0.0062	0.4346	-1.3915	-0.3206	-0.5240	0.2357	-0.0129	-0.5380	-1.2988	-1.1210	-0.7141	-0.3726	0.2064	-0.6212	-0.9284	-0.9373	-1.0982	-0.4696	-0.1918	1.3170	-1.5084	0.3223	0.8708	0.2095	-0.6414	0.7544	0.4094	-0.1382	-0.2063	0.9520
-0.8882	-0.3727	-2.4323	-1.3581	-0.1562	-0.1696	-0.2418	1.3040	-1.2861	-0.7188	-0.3253	-0.4604	-1.8814	1.3785	-0.9709	-1.8173	1.9104	-0.0646	-0.3559	1.1618	1.7749	-0.5312	-0.4774	0.2249	1.0861	0.3236	-0.1856	-0.7990	-1.3373	-0.9896	-1.0664	0.3844	-0.8439	-0.5462	0.2859	-0.4783	-0.3741	1.2232	0.3431	-0.5754	-0.3694	0.7655	1.2408	-0.7803	1.4176	0.6773	-0.6387	-0.0622	1.0855
-1.6733	-0.8835	-2.2353	-0.9811	-0.2910	-0.9971	0.5245	0.2955	0.3901	0.0623	-0.0020	0.3815	-1.5765	-0.1994	-0.6015	-1.6378	0.2190	-0.6407	-0.5797	-0.0051	0.7577	-0.3914	0.0041	-0.2407	0.0657	-0.1788	-1.1654	-0.6805	-0.7501	-0.4740	-0.5753	0.0722	-1.0683	0.0163	1.2825	-0.6134	0.2977	0.8524	0.2863	-0.2070	-0.4908	1.2064	0.7408	-1.2541	0.6382	-0.0406	-1.2734	-0.0693	0.5138
-0.9238	-0.8267	-2.1440	0.3249	-0.8956	0.6361	1.6486	0.1973	1.3520	0.2436	0.5053	0.8257	-0.8781	-0.4172	-0.1821	-0.0933	-1.7742	-0.3456	-0.0215	0.6364	0.5247	-0.9900	0.3317	-0.3898	-0.6230	0.6357	-0.5176	0.0910	-0.8154	-0.2382	-0.1385	0.0654	-0.0569	1.3088	1.3401	-0.7075	-0.8634	0.7545	-0.3683	1.1134	-0.2332	0.0904	0.9544	0.1031	-0.1497	-0.0013	-1.2693	-0.2778	0.6920
-0.6553	-0.2459	-1.0966	0.8659	-0.7470	0.3271	0.8103	0.2669	1.7338	0.4559	0.5224	0.0659	-0.5246	0.2172	-1.0039	0.7288	-1.3265	-0.5738	0.9670	0.0396	-0.2612	0.4507	-1.0417	-1.4705	-0.7614	0.3259	0.3748	0.0242	-0.1142	-0.0942	-0.1800	-0.1060	1.0649	0.8703	0.8977	-0.8345	-0.7623	-0.0004	-1.0989	0.8251	0.5347	-0.0595	0.6498	0.7187	-0.5295	-0.3538	-0.3194	0.0346	0.0382
0.3665	0.5945	0.1778	0.5197	-0.1979	0.0382	0.9265	1.0298	2.0465	-0.5544	1.7160	0.6027	-0.8462	0.6743	-1.2794	0.1891	0.4289	0.2786	2.2394	0.3755	0.6659	0.6879	-0.9943	-1.6594	-0.5700	0.6606	0.1722	-0.2948	0.8539	-0.1766	1.4203	-0.3505	1.9721	0.9218	1.1502	-0.5972	-0.1863	-1.3183	0.2841	1.8008	0.4777	0.5230	1.1237	1.4341	-1.1109	-0.7897	0.3115	0.8806	0.6775
0.9044	0.2414	-0.8564	0.6636	-0.3370	-0.4005	-1.1044	0.6603	1.1425	0.5954	1.6612	0.1348	-0.5812	0.6637	-2.0421	-0.4873	-0.2890	-0.5449	1.9511	0.8811	1.8109	-0.5696	-1.5703	-0.3006	-1.1744	-0.8856	0.0922	-0.6907	1.0730	-0.9460	2.0135	-1.1889	0.8711	0.8202	-0.0130	-0.9731	0.4741	-0.4495	-1.0890	0.5288	-0.0472	0.2706	0.9060	0.8966	-1.7736	-1.2791	0.5684	-0.4373	0.1846
-0.2618	-0.9969	-0.5526	0.4200	-0.9693	0.7016	-0.4367	0.1885	0.7589	-0.6402	-0.6796	0.2592	-0.8920	0.6308	-0.7828	0.1977	-0.2974	-0.0692	1.6906	-0.4395	1.5117	0.0478	-0.1105	1.0679	-1.3540	-1.1771	0.7526	-0.3993	0.7904	-1.0745	1.6068	-0.1070	1.1874	-0.4468	0.5209	-0.0665	0.7056	-0.4190	-1.4344	1.3284	-1.7253	0.6614	-1.1291	0.5655	-0.1131	-1.6569	-0.1687	0.0266	0.2556
-0.0656	-1.0246	0.5190	-0.3917	-0.9895	-0.8189	0.0816	-0.4445	0.3805	-2.3864	-1.2276	-0.9928	-1.9294	0.6797	-0.6663	-0.6179	-0.0717	0.4302	1.3174	-0.5062	-0.0870	-0.6180	-0.0779	0.3221	-1.2942	0.3588	0.2301	-0.7039	1.1425	-1.3261	0.6508	-1.2124	-1.0822	0.4127	0.5028	0.9076	-0.4978	-2.2649	-0.9004	0.7058	-1.1199	-0.3105	-1.4795	0.3532	-1.4499	0.0642	0.5028	0.4005	0.3773
-0.6684	-1.3015	0.4645	-0.5695	-1.4071	-0.6631	-0.0751	0.8612	0.3871	-2.1389	0.1674	-0.7141	-1.1669	0.7486	-0.1391	0.8246	-0.4046	0.7469	0.3582	-1.3847	0.1686	-0.1239	-0.3626	-1.4095	-1.2017	-0.4846	0.3286	-1.0035	1.1039	0.1303	-0.4622	-1.2807	-1.0955	-0.2132	-0.2234	1.1304	-0.7952	0.2179	-0.3054	0.7403	-0.3349	-0.7673	-1.3860	0.1096	-1.4681	-0.8247	-0.7709	0.4454	-0.5315
-1.0937	-1.4492	0.4680	-0.4868	-1.4795	-0.3453	-0.1603	-1.3335	0.5406	-0.9962	1.2630	-1.0069	-0.7791	-0.2969	-0.3903	0.3998	-0.5218	0.5622	-0.6976	-1.7223	-0.2778	0.4075	-0.8924	-0.7367	-0.9485	-0.1443	0.2518	-0.5961	0.4185	-0.1753	-0.8329	-0.8642	-1.3655	-1.5980	0.2016	1.5298	1.0860	-0.0834	0.1247	0.3267	-0.8591	-1.4974	-1.0704	-0.0592	-0.8614	-1.4462	-1.2921	0.3000	-0.6780
-0.1591	-0.7613	0.6313	-0.2819	0.5561	-1.0913	1.9750	-0.9715	0.5144	-0.6162	-0.5747	0.4829	-0.4609	0.5323	-0.1062	-0.2163	-0.2375	0.8755	-0.6655	1.1154	0.3744	0.4344	-0.3265	0.4047	0.3861	1.8361	-0.1325	-0.3888	-0.5809	-0.5375	-0.9045	-0.3131	0.1386	-0.7326	0.4848	2.4922	0.0927	-1.3687	0.1125	-0.6776	-1.6390	-1.6391	-1.9167	1.1307	-0.0214	0.3138	1.3437	0.5862	0.3257
-0.6428	-1.1762	0.0497	-0.3794	0.3470	-0.5012	-0.5086	-0.2671	-0.2091	-0.0186	0.0488	0.0463	-0.1443	0.4881	-0.5159	0.2566	0.0467	0.7320	-0.7503	-0.3724	1.2961	-0.1302	-0.7477	-0.1173	0.4099	-1.1281	-0.0998	-1.2225	-1.1599	-0.4972	-1.1751	-0.8119	-0.1671	-1.3839	0.5245	1.9748	-0.8147	-0.3260	0.5764	-1.5539	-1.0355	-0.7824	-1.7196	1.0967	0.5605	-1.6914	-0.7997	0.2002	-0.3455
-1.4083	-0.8559	-0.2076	-0.1482	-0.1228	0.8730	-1.6694	-1.1257	0.3773	-0.7392	0.8276	-0.0245	-0.8801	1.0328	-0.2644	0.2508	0.7917	0.3334	-1.1567	-1.4074	1.3542	0.6031	-0.6263	-1.2068	0.5608	-0.9693	-0.7359	-1.3003	-1.2834	0.1733	-0.8697	-1.2860	0.5200	-2.2916	1.7270	1.7531	-0.2720	-0.1120	0.3622	-1.5279	-0.6364	-0.5975	-1.1280	1.0624	0.5810	-1.6613	-1.0580	0.0646	-0.3186
-0.6520	-0.3876	0.0202	-0.6220	0.8159	-0.5907	0.4126	-1.1362	0.1431	-0.9556	-0.1058	0.1458	-0.2929	0.8479	-0.5914	-0.7170	0.4046	0.6656	-0.4623	-0.9861	0.4316	0.3355	-0.1859	-0.0853	-0.1036	-0.2805	-0.7027	-1.5061	-0.7587	-0.3518	-1.6161	-1.2358	-0.4429	-0.6484	2.5258	1.7748	-0.0456	-1.0804	0.6729	-1.1045	-1.6708	-0.5287	-1.1521	1.1225	-0.1431	-0.6236	-0.6593	0.5243	0.7503
-0.7644	-0.9257	0.3383	-0.3843	1.2679	-0.1070	-0.1471	-0.5185	0.3669	-0.1976	0.5614	-0.2573	0.5624	-0.5964	-0.0872	0.7198	-0.4259	-0.2909	-1.2098	-0.3151	0.6411	-2.1657	-0.0683	-0.6900	-0.5815	-0.3748	-0.6712	-0.7604	-0.4145	0.5173	-1.2139	-0.3112	-0.1625	0.1000	1.3122	0.8140	-0.8179	-0.1209	0.3922	0.7748	-1.0209	-1.0436	-0.6864	1.0185	-0.2521	0.1953	-1.3177	0.1367	0.2969
-0.4612	-0.7614	0.3290	-0.3947	0.3201	-0.1680	-0.1013	-1.2440	-1.1765	-0.5131	0.8909	-1.4871	0.6295	-2.0702	-0.6597	-0.1112	-0.3624	0.2812	0.3943	0.6344	1.0649	-0.4885	-0.9103	-0.3669	-0.3546	-0.8834	-0.1190	-0.3913	0.5063	0.6181	-0.8157	-0.1873	-0.1971	0.2989	-0.4913	0.6320	-0.8827	0.5793	0.3317	-0.0699	-1.1102	-0.8276	-0.7038	0.1087	-0.7689	0.1656	0.6884	0.0612	-0.6409
0.1779	-0.1635	0.9704	-0.0325	0.6148	-0.2089	0.2809	-2.3024	-0.0723	1.0416	-1.0065	-0.8296	1.2880	-2.1444	1.6127	0.7352	-0.4084	-0.4251	0.0366	-0.6543	-0.4550	-0.0260	0.7341	-0.4862	-0.8563	-1.1017	-0.2640	-0.0073	0.8218	0.2952	0.3026	0.9892	0.4995	0.3673	-1.2538	0.2527	-1.4319	1.0904	0.1378	-0.1960	-0.3299	-0.2773	-0.8910	0.5296	-0.1481	0.5513	0.1635	-0.1954	-1.5039
0.6773	0.7176	1.1284	0.4384	-0.8574	-1.4284	0.5038	-0.8816	-0.0451	0.6341	-1.0616	-0.6411	1.4808	-2.2091	2.3132	0.7822	-1.1977	-0.5248	0.2857	-2.0752	-0.8598	-0.5056	-0.2689	-0.0924	-0.7907	-0.6570	-0.0461	-0.0880	0.9694	0.1544	0.0962	0.4616	0.5385	0.9812	-1.4856	-0.1161	-0.1794	-0.4343	-0.1672	1.4581	0.7298	-0.5381	-0.3908	0.7846	0.1867	1.6487	0.6716	-0.0368	-0.9622
0.0549	0.8506	0.7860	1.5172	-1.5366	-1.3631	-0.0122	-0.3941	0.0837	0.1371	0.6729	-0.8486	1.4954	-2.0988	1.8067	0.8659	-0.6068	-1.0357	-0.9590	-1.0314	-1.2420	-1.8839	-0.0740	-1.5264	-1.1710	0.4030	-0.4177	-0.3750	1.1796	0.6681	-0.0424	-0.9346	-1.8234	1.3831	-1.5803	0.2241	0.7933	-1.3772	0.2880	0.9844	0.9709	-0.7994	0.1733	0.6566	-1.3475	1.9956	1.9919	0.3942	-0.3766
0.7475	0.9459	1.1049	2.1646	-1.6833	-0.8683	1.0877	0.2585	-0.2015	1.4182	-0.2785	-0.7677	1.4882	-0.9573	1.5536	1.0532	0.2712	0.0376	0.1983	-0.0832	-0.6658	-1.1214	-0.9655	-0.2725	-0.6157	0.1460	1.6433	0.7345	0.9530	-0.1365	-1.0609	-1.2205	-1.6849	0.3909	0.4401	1.1018	-0.5852	0.2263	0.4752	1.2122	-0.1867	-1.4748	0.2036	1.7335	-0.9258	0.9149	0.7356	0.8200	0.1504
0.9172	1.4695	0.8048	1.7044	-0.1629	0.2808	-0.6277	-1.7770	0.7116	1.1282	-0.1496	-0.2561	1.1242	0.8853	1.4679	1.2531	0.2017	0.0763	0.1870	-0.5438	-0.0358	0.3238	-0.4686	-0.7132	-0.8445	0.0336	1.2885	0.8480	1.6229	0.6182	-1.1595	0.2487	0.4149	-0.3035	0.9692	0.2764	0.1574	1.5273	0.2590	2.0977	-0.2418	0.2429	0.3358	2.2597	-0.5977	0.1968	-0.5091	1.4355	-0.1307
0.9430	1.3417	0.9285	0.9544	0.0934	0.6659	0.1378	-0.9937	0.4639	-0.5268	0.9682	-0.0024	1.2526	1.0629	0.8180	0.7701	0.3657	0.5438	1.2818	-0.5435	0.2218	0.9079	0.0102	-0.0416	-0.2335	0.6341	1.5597	1.4282	1.4520	0.0062	0.1508	-0.5796	1.1604	0.3886	2.0758	0.3671	2.4683	1.1986	-0.2120	2.0298	-0.0649	-0.8596	0.8604	1.1563	0.0694	0.7300	-0.6930	1.4885	0.1957
0.8939	0.6306	0.5019	0.5182	0.5716	-0.4601	0.5203	-0.8859	0.7000	-0.4987	-0.5601	0.5819	1.5664	1.3143	0.3937	0.2366	-0.5702	-0.4297	1.4884	-0.6759	-0.1586	0.2749	-0.1345	0.5763	-0.7627	0.7757	1.6332	0.4206	1.7644	-0.5490	0.8162	-0.4563	-0.2080	0.6774	1.1071	-1.4028	2.0390	-0.4726	-0.3782	1.1503	-0.4231	-1.2247	0.3826	0.4791	-0.3445	0.8442	0.0347	0.5729	0.1351
0.5003	-0.2567	2.0334	-0.2240	0.6770	-1.7421	-0.9442	0.8435	1.4089	-0.5862	-0.5163	-0.2543	0.3713	2.2430	1.5836	0.4435	0.5571	0.0319	1.5271	-0.3465	0.3720	-0.0715	-0.0369	-1.4823	-0.3739	-0.4873	1.6071	-0.2280	2.5220	-0.7812	1.4619	0.1695	0.5992	0.1859	0.1168	-1.5854	-1.3321	-0.9756	0.2248	0.4241	0.3053	0.8903	-0.1840	-0.3153	-1.6251	-0.1155	0.2527	0.1605	-1.3748
1.8227	0.9666	1.6427	-0.1993	0.6984	0.8541	-0.3152	0.0297	0.5302	0.7915	-0.2862	-0.6781	2.2504	1.3193	1.8192	1.0325	-0.5656	-0.5033	1.5182	0.6386	-0.5119	-0.4538	-0.5564	-0.3844	-0.4885	-1.0429	1.7143	1.1367	2.2076	0.9050	2.8265	-0.1106	0.2304	1.6836	-1.1778	-0.3364	-1.4444	-0.0201	-0.6171	0.3090	0.1812	-0.7735	0.8353	-1.2542	-0.7792	-0.8843	0.5596	-0.3583	-1.2420
2.5581	1.5042	1.2827	-0.0990	0.7125	-0.1999	-1.0716	0.6799	0.0825	0.6985	-0.3318	-0.1609	2.5219	1.4866	0.9361	1.1196	-0.7017	-1.2141	1.3434	1.3207	-0.7333	0.0879	-0.0336	1.2113	-1.1553	-1.1032	0.6756	1.4737	2.0127	1.3939	3.3524	0.0004	0.1049	2.1589	-1.7994	0.1591	-0.2459	-0.1361	-0.9916	-0.1573	0.5045	-0.7093	1.4232	-0.8494	0.0155	0.3663	1.5343	-0.3703	-1.1866
2.4260	0.5089	0.8004	0.4549	0.2934	-0.4285	0.7241	0.8308	-0.6681	0.2296	-0.8252	0.6260	1.8672	1.1534	0.7585	0.8399	-0.8224	-0.5608	1.0590	-0.6866	-0.7970	0.5152	0.4468	2.2954	-0.3353	-1.2684	0.4003	0.8444	1.0904	0.2482	2.6651	0.7495	0.2961	1.5838	-2.1871	0.1352	0.9765	-1.2679	-1.4687	0.1858	0.3620	-0.9793	0.7552	-0.3509	-0.0336	0.5869	1.4138	-0.2002	-1.6734
0.5825	0.0181	0.2893	0.0096	0.6104	1.2498	0.6049	0.3441	-0.9897	-0.1124	0.0653	-0.7037	0.3236	0.7286	0.2533	0.7240	0.0532	-0.4955	-0.2939	-0.0161	-1.2651	1.6133	-0.2080	0.3551	0.3302	-0.7808	0.3606	-0.1101	0.8167	1.0977	1.0366	0.5295	0.0232	0.6880	-1.5054	0.7260	0.3569	0.2590	-0.9784	-0.8213	0.9634	-0.3417	1.2741	-1.0421	-0.2858	1.0523	0.2765	0.6518	-1.5042
0.2805	0.8515	0.5587	-0.2787	1.5037	1.8774	2.0344	0.1266	-0.6100	-0.4856	0.8879	-0.5427	0.4207	-0.0689	0.5050	0.4621	-0.0969	0.5013	-1.2375	1.3198	-2.0203	1.7212	1.2637	-0.0423	0.9580	1.4093	0.3916	0.4082	-0.3388	0.9534	0.3289	0.2214	-0.1966	0.6363	-0.6684	0.9324	-0.3531	0.0399	0.3881	-0.4760	0.7111	-0.1111	2.1647	-1.4055	0.5521	0.2621	-0.9359	0.9010	-1.1856
0.2507	1.0564	-0.0882	-1.3125	0.8608	0.3148	0.8835	-0.2961	-0.0744	-0.3331	1.0084	-0.0542	0.1807	0.6229	0.2516	-0.7506	0.1179	1.2239	-1.6394	1.6848	-0.8219	1.7628	1.8710	0.2863	2.1026	1.6186	0.5012	1.0070	-1.4700	-0.4373	-0.3704	0.6939	0.4004	-0.1079	-0.7165	0.8422	0.4471	-0.5593	0.4355	-1.0005	1.2265	0.2038	2.4833	-1.2853	1.6808	0.9074	0.1698	-0.1782	-0.5101
0.9194	-0.2499	-0.7761	-1.2735	0.9258	-0.3801	1.1748	-0.2102	-0.5394	-1.3004	-1.4560	1.1892	-0.2522	-1.2838	-0.6520	-1.3678	0.8397	1.8809	-0.2604	0.9429	-1.1845	3.1566	2.1442	2.2047	2.0738	0.9487	0.4053	-0.2497	-2.0105	-0.8415	-1.3935	1.1595	0.4810	-0.5758	0.6368	-0.4059	1.6425	-1.3884	0.3085	-2.1551	-0.2462	1.5050	0.6510	-0.5892	1.6024	2.2504	1.7752	-0.2669	0.6485
0.4501	-1.1909	-1.0723	-1.3159	1.8094	-1.2762	-0.5001	-0.2505	-0.0039	0.3101	0.6033	0.5983	-1.0600	-1.2869	-1.6881	-2.0913	1.6230	-0.4829	-0.3838	2.2325	-1.3093	0.2572	1.0795	0.4188	1.2948	1.3393	-1.4557	-1.0273	-1.7907	-1.2183	-0.7428	0.2439	-0.8760	-0.0446	-0.0246	-1.1610	0.5802	0.3162	0.7952	-1.5077	1.6246	1.2806	1.5220	-0.6101	0.5495	1.3254	1.6319	-0.2245	1.1061
-0.2924	-1.6108	-0.5836	-0.9911	0.8721	1.2905	0.0622	0.6372	-0.6409	-0.7115	0.6081	1.1358	-0.3080	-0.0372	-1.0939	-1.4293	1.4882	-0.2620	-0.2279	1.0848	-0.0962	-0.7542	0.0657	-0.8525	1.3054	0.4518	-1.5265	-0.4273	-1.8848	-0.5046	-0.4959	0.4914	0.4470	0.1213	-0.0909	-0.4193	-0.3198	1.0233	0.7738	0.2052	1.6420	0.8675	1.2343	-0.7656	0.4717	0.0898	0.4592	-0.5516	1.6127
-0.1523	-1.2354	-0.0424	-0.9766	1.0396	1.5416	-0.9561	-0.1026	-1.7596	-1.0955	-0.9000	0.1777	-0.5049	-0.0238	-1.2886	-0.9897	2.0524	0.8937	-0.1348	0.4508	0.8674	-0.1916	-0.1051	-0.9358	1.4822	0.2405	0.3519	0.1610	-2.1551	-0.8016	-0.7541	-1.3445	-0.2405	-0.3263	0.6148	0.5107	-0.4864	0.9531	0.4262	-1.1838	0.5561	0.7817	0.4302	-0.5819	0.8308	0.0660	-0.5707	-0.6633	2.0736
-0.1303	-0.4064	0.2643	-1.1878	1.7836	0.3890	-0.5396	0.8875	-1.0209	-0.2184	-0.6272	0.8939	-0.6113	-0.0338	0.6813	-0.4756	1.0174	1.3999	-0.6248	-0.0308	0.1985	0.8103	0.4434	-0.6546	2.1134	0.3827	0.1393	-0.0792	-1.7961	-0.6309	-0.6489	-0.2594	0.9992	-0.2598	0.2040	0.3387	-0.3606	1.3413	1.1365	0.1423	1.6135	0.7805	0.2912	0.0397	1.5743	-0.2865	-0.2655	-0.4547	1.4153
0.0985	0.3415	-0.2546	-0.1632	0.6824	1.0357	0.2229	1.4093	0.0729	0.4658	0.1376	1.1103	-0.9002	-0.2182	-0.4101	-0.7049	0.1927	1.0811	-0.7565	-0.0259	0.1412	0.5709	0.1007	0.7173	1.2769	0.6655	0.6198	0.1000	-1.2681	-0.0541	0.0654	-0.7294	0.8142	-0.1075	0.0893	-0.1364	0.4230	-0.4384	1.2654	0.2044	1.2813	0.7697	0.2420	0.2484	1.0339	-0.6837	0.2845	0.4076	1.6915
0.6761	0.1090	-0.2651	0.0394	-0.3394	0.8911	-0.3006	2.1413	0.8158	1.1293	1.0799	1.5204	-1.0981	-0.5230	-0.3206	-0.5607	-0.3931	0.0485	-0.1187	-0.0287	0.2004	-0.1475	-0.2703	1.2631	0.1027	0.2364	0.1332	0.0488	-0.2899	0.8333	0.7846	-0.0412	1.5271	-0.2386	0.3182	-1.1247	0.6308	-0.1866	1.0578	1.4666	0.3961	0.7249	-0.2014	0.5905	0.0293	0.0188	0.4123	0.4066	1.7278
0.9165	-0.8047	-0.7669	0.0161	-1.3796	0.5865	-0.5364	2.3821	0.5614	-0.3242	0.8720	0.9746	-0.5126	-0.5099	-1.2423	0.1198	-1.9188	-2.0167	0.4422	-1.0162	-0.3486	-0.6077	-1.5045	1.2733	-1.5038	-0.8960	-1.4996	-1.3325	0.9681	1.1636	0.9919	0.8407	0.7139	0.6020	-0.1576	-2.9221	1.8744	-0.0940	0.7315	1.0371	-0.3215	0.4112	-0.4519	0.3383	-1.4324	0.9080	0.4530	0.4822	0.9482
0.7810	-1.4673	0.4722	0.5294	-1.7501	-1.4110	-1.2236	2.4352	-0.6244	-0.3915	-1.4986	-0.3734	0.3405	-0.5133	-0.7086	1.0144	-1.4766	-2.2789	0.5596	-0.7560	1.4710	-1.3067	-0.6706	-1.0272	-1.7153	-1.1583	-0.4759	-0.4781	1.2023	-0.3027	1.7688	-0.2172	-1.2729	0.5787	-0.5684	-1.2787	-0.0547	-0.5117	-0.7786	-0.5620	-0.9339	0.0547	-0.4760	-0.2847	-0.4550	-0.1339	-0.4462	-0.0598	-0.6328
0.1732	-0.8082	1.1005	0.8337	-1.8932	-1.9776	-1.2313	1.7810	-1.6662	0.1478	-0.3386	-0.2349	0.7531	-0.2060	0.7306	1.2221	-0.3892	-1.5727	0.8100	-1.7488	0.1474	-0.9128	-0.7464	-1.2254	-0.4845	-0.6681	-1.4535	0.0265	1.2191	-0.7934	1.7271	-0.3452	-1.1030	0.4508	-0.9792	-0.4490	-1.5281	1.2037	-1.2048	-0.0974	-0.0753	-0.0473	0.2737	0.0253	-0.4107	-0.6836	0.1211	0.0196	-1.0570
0.2571	0.2579	1.4928	0.6883	-1.5200	-0.7647	-0.7015	-1.1598	-0.9715	0.1839	-0.7349	-0.2922	0.9022	1.1997	1.8286	0.7993	0.8208	-0.3207	0.2236	-1.5833	-0.8310	-0.4757	0.0168	-0.8204	0.5311	0.1063	-0.1041	0.4878	0.2586	-0.6208	2.1408	-0.6286	-0.8548	0.5487	-0.8814	0.4618	-1.8853	0.8376	-0.4061	-0.1345	0.6975	0.2090	0.2051	0.0653	0.5455	0.1147	0.2357	0.4799	-1.1703
0.9143	1.6060	1.4563	1.4315	-1.1939	-1.0830	-0.1877	-1.3232	-1.0541	0.2696	0.1785	0.6044	0.1308	1.1957	1.5264	0.1279	0.7443	0.7072	0.0039	-0.9219	-0.9297	0.2428	-0.8322	-0.4662	0.8730	1.3369	-0.1823	0.0518	-0.7383	-0.3712	1.4733	-1.6229	-0.9305	0.7490	-0.9137	0.8693	0.0780	0.3866	0.6710	0.1245	1.3144	-0.1968	0.4251	-0.2150	0.9387	0.6947	2.5288	0.3329	-0.7951
1.2448	2.3469	-0.0247	1.5710	-0.7452	0.1813	-0.4559	-1.0152	-0.7506	0.2439	0.5674	1.8988	0.3640	0.6069	1.2529	1.0831	-0.1876	-0.9244	-0.4245	0.4650	-1.0488	-0.5478	-0.2387	-0.9962	-0.6699	0.5293	-0.3233	-0.6850	-1.1340	0.5681	0.4508	-0.8101	-1.4903	1.6828	-0.9699	0.2337	0.3951	0.9632	0.5678	0.2431	1.8879	-0.8805	1.1664	-0.0500	0.3356	0.6346	2.1884	-0.8568	0.1830
1.9646	0.9647	-0.0907	0.9299	-0.4630	-0.4221	-0.1122	0.0626	-1.0194	0.3836	0.4484	2.2322	1.1045	0.9563	0.6750	1.0081	-0.2222	-0.1149	0.4213	1.0423	0.4179	0.0676	0.1647	0.1747	-0.3871	0.0519	1.2097	0.2319	-1.5891	-0.5345	-0.2133	0.3234	0.5402	0.6533	-0.3482	0.6460	-0.9009	0.2130	-0.0262	0.4504	1.5674	-1.6636	1.0554	1.2798	0.8093	0.2667	1.3818	-1.6421	0.8569
1.1262	-0.1698	-0.4860	-0.5832	-0.2526	-0.0419	-0.0200	-0.1837	-0.1562	0.2594	0.1591	1.4554	0.2126	1.5221	-0.0993	0.3097	0.0066	0.5205	1.1808	-0.0296	1.1135	1.7428	-0.5961	0.0393	-0.5208	-0.1963	0.4582	-0.5605	-0.1472	-0.7675	-1.0548	0.4593	1.2619	-0.5107	0.0717	-0.1291	1.0633	0.2701	0.2671	0.6898	0.0299	-0.0566	0.6126	1.3888	-1.3571	-0.4657	0.2374	-1.5447	0.8110
0.4544	-0.7661	-0.0480	-0.9527	0.6697	0.9761	1.0045	0.4286	0.1243	-0.3164	-1.4289	1.0742	0.6589	1.1462	0.7814	0.8611	0.5927	1.0792	1.2913	0.0413	1.8997	2.2452	0.1557	-0.1287	-0.8592	1.2873	0.8585	0.1795	-0.0343	-0.2394	-0.2958	0.2264	2.2414	-0.5279	1.3025	0.9219	0.9000	-0.8784	-0.0648	1.0115	-1.1354	0.4799	0.1311	0.6865	-1.2107	0.2339	-0.7177	-0.8371	1.2937
1.1473	-0.3111	-0.5519	0.2906	-0.2658	0.2203	-1.0297	0.8740	0.0115	0.0727	0.6173	0.7851	1.4218	1.1115	0.7154	0.7433	0.0530	0.5843	0.8494	-0.2829	1.5946	0.3386	0.4274	-1.1534	-0.2526	1.5112	1.6635	0.0607	0.2869	3.6626	-1.1334	0.1860	0.9795	1.3509	1.3456	2.2154	0.4414	-1.1882	1.1453	0.4963	0.3200	-0.0536	-0.1175	0.1468	0.7903	-0.1548	1.2602	0.6987	0.6572
1.2904	0.0333	-0.3299	1.8993	0.4192	1.8822	1.6981	-3.4210	1.9614	2.1634	-0.1089	0.0401	1.0899	1.5842	-0.0691	1.1437	0.0444	1.4655	-0.0035	1.7639	0.2471	-1.0890	0.8044	0.9661	1.2020	-2.7321	1.2511	1.6348	1.0021	3.7891	-1.5240	-0.0026	-2.0119	1.2846	0.2418	1.0761	-2.5155	1.0342	1.1146	0.2064	0.7772	-1.6492	0.4987	-0.6886	1.4705	-0.1958	-2.1369	1.3436	-0.7421
-1.7943	1.5740	0.0465	0.6873	1.4033	0.4751	-0.0914	-2.8182	0.6802	0.9369	0.5178	-2.0486	0.1960	-0.4334	0.8931	-0.4172	0.0926	-0.0557	-1.5445	0.1469	0.4282	1.0189	-0.3861	0.8767	0.9347	-1.1997	0.9238	1.6516	0.8317	1.2636	-0.9564	-0.0045	-0.5365	-0.2968	-0.2947	1.0680	-0.6893	1.3282	0.7014	-0.0128	1.9150	-0.7330	0.0478	-1.1163	1.5587	1.6147	-2.2528	1.7968	-1.6107
-2.0484	2.2778	0.4024	1.5369	0.8886	-0.6589	1.0044	0.0244	1.1023	0.7053	0.8152	-1.5924	-0.7883	-0.8738	0.8745	-1.2864	0.0430	-0.3615	-1.7817	1.0403	-0.1803	-0.1770	1.0352	0.5469	0.8794	1.3057	0.1798	1.5823	0.1864	0.6374	-0.8967	1.0268	1.2245	-0.0446	-0.6208	0.4535	-0.2403	-0.1974	1.3082	0.3032	1.1535	0.8369	0.1522	-0.6653	1.4664	1.2748	-0.3311	1.5753	-0.4285
-0.9683	2.1454	-0.7811	1.5408	0.5747	-0.1608	-0.7119	0.0654	0.3743	0.6081	0.3562	-2.6936	-0.3787	-1.0197	-1.0420	-1.4455	-0.5164	-0.8451	-0.5689	0.3339	-0.0899	0.5657	0.3160	1.3502	0.5780	0.1933	0.3462	1.0854	-0.1005	0.7301	-1.0829	0.0495	0.4679	-0.7394	-0.2036	-0.8947	1.2855	0.2025	0.4980	-2.0885	0.1458	1.3943	0.0020	-0.5210	0.7814	0.9048	-0.2721	1.3153	0.2645
-2.0344	0.3167	-1.3893	0.3447	0.4894	0.1853	-1.1357	0.4511	0.9162	0.7360	-0.3050	-1.1114	-1.0757	-0.1778	-0.8769	-1.4913	-0.4821	0.2900	-0.2825	-0.8517	0.3541	1.2168	0.6378	1.5401	1.0008	-0.5712	-0.3876	0.0220	-0.1686	-0.6282	-0.9758	2.1779	2.1770	-2.0863	0.4481	-1.0904	1.2048	0.0289	-0.3519	0.1431	-1.8036	2.2950	-1.0099	-0.5524	0.6019	-0.6659	-0.7451	1.3947	0.4291
-2.3260	-0.4693	-1.3316	-0.7135	-0.8284	-0.7349	-0.9768	-0.1384	0.9740	-0.7401	-0.5526	-0.8128	-1.5718	0.1426	-1.8396	-2.1190	-0.0454	0.5567	-0.0332	-0.6043	-0.5943	0.7213	0.5946	1.5347	0.1736	0.7018	0.8130	-0.6314	-0.2640	-1.7363	-0.4138	1.2602	0.4379	-1.0141	1.4927	-0.2283	0.9031	-1.1492	-0.0543	-0.5990	-1.8297	1.0297	-1.1242	-0.3876	-0.2319	-0.7534	-0.4396	0.4535	0.7670
-1.9610	-1.8930	-0.9143	-1.3785	-0.6787	0.2176	-0.2542	-0.2828	0.7945	-0.2599	0.2846	-0.1140	-1.8849	-0.6936	-1.8423	-0.9903	0.2882	0.7717	-0.2686	0.2622	-0.5819	-0.5147	0.6404	-0.0048	-0.1902	0.1976	-0.4503	-1.0736	-0.5014	-0.9107	-0.4543	-0.0380	0.5245	-1.4407	1.4668	-1.0037	-0.2743	-0.1822	-0.5455	-0.5287	-2.0203	0.9051	-1.5901	0.8748	-1.2725	-1.2289	-0.9598	0.0317	0.6947
-0.7954	-2.2434	-0.9826	-1.9378	-0.7777	0.9917	0.6986	0.2550	0.2569	-1.1093	0.8313	1.0105	-1.4635	-1.3394	-1.6209	-0.0215	-0.6367	-0.2365	-0.0870	0.2535	-0.6373	-1.4505	0.0017	-0.2924	-1.4691	-0.2962	-1.3416	-1.8206	-0.4791	-0.4629	-0.5508	-0.6149	-0.6536	-1.3855	0.8564	-1.6689	0.9687	-0.7079	-1.5841	0.2927	-2.3032	-0.3873	-2.3967	0.7582	-2.1561	-1.6947	-0.8214	-1.1805	-0.3285
-0.5178	-1.5602	-0.1655	-1.5218	-0.1462	0.0150	1.0454	0.7367	-0.1425	-0.7540	-0.8397	-0.5049	-0.8222	-2.3153	-0.8372	1.0329	-0.8385	-0.8081	0.1924	0.2948	0.2704	-2.7756	-0.9111	-1.0068	-1.9898	-0.7765	-1.7620	-0.9387	0.4382	-1.2320	-0.0944	-0.8605	-2.2854	-1.0475	-0.2567	-0.4864	-1.0918	-0.6417	-2.2713	-0.3640	-2.3833	-1.3298	-2.0775	-0.0255	-1.8810	-2.4230	-1.7516	-2.5369	-1.4007
-0.5953	-0.3811	0.7497	-0.3202	-0.4480	-1.0924	1.8202	-0.3104	-0.1188	-0.9312	0.2760	-0.9090	-0.3169	-1.8032	0.0944	1.3840	-0.5104	-0.7169	0.5690	-0.6366	0.7062	-2.4135	-1.9128	-1.6705	-1.0345	-0.7365	-2.6993	-0.0620	1.4173	-1.4331	0.7070	-0.5149	-1.7276	-0.1583	-1.1212	0.0982	-1.4282	0.4636	-2.2086	0.2472	-1.3661	-1.1721	-1.2600	0.0127	-1.4318	-2.0670	-0.6682	-2.7078	-0.9663