IC05	IC08	IC09	IC15	IC16	IC17	IC18	IC19	IC20	IC23	IC24	IC26	IC27	IC29	IC31	IC33	IC36	IC37	IC38	IC41	IC42	IC43	IC44	IC45	IC46	IC47	IC48	IC49	IC50	IC51	IC54	IC56	IC58	IC60	IC62	IC63	IC64	IC65	IC66	IC67	IC68	IC69	IC71	IC72	IC73	IC74	IC75	IC76	IC77
-1.4385	-0.2853	-1.2402	-0.0797	0.6286	0.7963	0.0197	-0.1837	1.7866	-1.2905	0.2986	-1.5476	-0.2817	0.2857	0.4516	0.6552	0.6297	1.4604	-0.3881	0.9847	0.6612	-1.2351	0.7658	0.6998	0.5270	0.6372	0.7701	0.9211	-0.3851	2.0947	-1.1026	0.9732	0.0666	0.4069	1.0263	0.9534	0.9648	1.1100	-0.2184	-0.8060	-0.3818	0.3237	0.7553	-0.4702	-0.3956	1.5272	0.2193	0.3017	-0.0079
-0.7387	0.1478	-0.3676	1.1330	-0.4641	0.6060	-0.2890	0.2459	-0.2342	-1.1652	0.6092	-0.5459	0.5414	1.3546	-0.1867	1.8120	0.3970	1.7538	0.4458	-0.5320	2.0788	0.1620	-0.6118	-0.7933	1.2710	0.5552	0.3968	0.0970	1.4421	1.5829	-0.9207	0.7312	0.7920	-0.7644	1.7834	0.8743	0.6453	-0.4438	1.2404	-0.5509	-0.2723	0.7548	-0.2031	0.0496	0.9427	0.3939	0.3197	1.6888	-0.7044
-0.8031	-1.0334	-0.4724	0.4346	-2.9494	-0.0983	-0.2809	0.4591	-0.7046	1.2336	0.6962	-0.1027	-0.3218	-0.1055	-0.2172	0.6740	-0.3534	0.0874	0.4738	-2.6324	1.5428	-1.0406	-0.8789	0.3678	1.0493	-0.2679	0.3682	-0.2839	2.1113	0.3650	0.4456	-0.7213	1.1509	-1.9499	0.2654	0.5306	-0.0012	2.4825	-0.2608	0.8077	-0.5793	-0.3771	1.6420	-0.4430	-0.1260	-0.8888	-0.9424	0.4258	-1.4076
-0.8049	-0.3882	-0.1240	0.5756	-0.5778	-0.1882	-0.8406	-0.2873	0.2376	-1.0406	-0.2071	0.4691	-0.0743	-0.0543	-0.0712	0.2546	-0.3608	-1.2046	0.1457	-0.4587	0.2336	-1.6668	0.4099	-0.1832	-0.5444	-0.0190	0.1000	-0.3070	0.9100	0.3642	-0.6665	-0.2905	-0.3624	-0.3539	-0.1662	0.0029	-0.4111	0.5214	-0.3660	0.8073	-1.2799	0.1161	0.6357	-0.6969	-0.0247	0.2606	0.6390	-0.2054	-1.1039
0.7766	0.6229	-0.3339	-0.2269	-0.5914	-0.1028	-0.4958	0.1812	-0.3016	0.4708	-0.4903	0.0938	0.0393	-0.2082	-0.7186	-0.0877	-0.4359	-0.5383	0.9641	0.4583	0.2071	0.3122	-0.9435	-1.0410	-1.0518	-0.2950	0.2716	-0.5793	0.7272	-0.6017	0.1823	-1.3587	-0.1329	0.1895	-0.1649	0.0621	-0.2115	-0.2971	-0.4095	0.9563	0.5002	0.5987	0.5070	-0.6113	-0.3884	-0.1738	1.0816	-0.8003	-1.2473
0.6217	0.0811	-0.1942	-0.3888	-0.5862	-0.6769	-1.2175	0.4329	1.0864	-0.3784	1.2178	-1.3747	-0.1439	-0.1722	-0.7540	0.1749	-0.5752	-0.6782	1.2795	0.2990	-0.3121	-0.7671	-0.5808	-2.2766	-1.1594	-0.5896	-0.3955	0.3056	1.2071	-0.0771	0.4859	-1.0663	-1.0735	-0.1709	-0.2103	-0.8010	0.6275	-0.5484	0.6691	-1.3134	-0.6999	-0.1071	-0.2644	-0.9690	-1.7372	-1.7350	1.0053	-0.5400	-0.3901
1.5823	-0.1240	-0.0915	-0.4556	-0.5872	-0.4843	-0.3173	0.4739	0.1306	-0.0417	-0.6190	0.6049	-0.5406	-0.0281	-0.5663	-0.4344	-0.9218	-0.4672	0.8983	-1.3070	-0.5442	1.0723	-0.0743	0.8277	-0.9939	-0.1443	-0.2921	-0.5661	1.0858	-1.4684	1.0378	-1.4503	-1.4636	-1.0311	0.2448	-0.0944	0.2682	0.4561	1.8273	-0.7967	-0.9217	-1.0921	-0.6900	0.2476	-0.7445	-2.3876	0.3727	-0.7214	-0.5429
1.3024	-0.8842	0.1012	-0.0562	0.1874	-0.1160	-1.0269	1.1065	0.8279	-0.0324	-1.2812	0.7453	-0.6721	-0.2195	-0.0783	-1.0746	-1.1332	-1.3984	-0.2857	-0.5473	-0.1645	-0.2378	0.7840	-0.8289	-1.7360	-1.3933	-1.1160	-0.4712	1.0646	-0.6847	0.5496	-1.0212	-1.3225	-1.3481	-0.0315	-0.3782	0.4618	-1.1344	0.3124	-0.5140	-0.6676	-1.7626	-1.4390	1.6502	-1.1092	-0.7560	0.3819	-0.4421	-0.2112
0.6651	0.4289	0.2171	-0.3373	-0.4871	-0.5599	-0.2649	1.1238	1.0023	-0.5303	-1.5550	1.5193	0.2797	0.9277	0.0941	0.0133	-0.9630	-0.4519	0.2773	-0.2732	0.2827	0.5217	0.4037	-0.3179	-1.0337	-0.7990	-0.3397	-0.2625	0.9287	-0.7975	0.7977	-1.5457	-0.1000	-0.2460	0.3925	-0.1604	-1.6858	0.3638	0.4519	0.1821	0.0622	-0.7889	-0.9515	1.0751	-0.3521	0.9999	-0.2550	0.6900	0.4778
0.8603	0.2318	0.2022	0.1446	0.3057	-0.5643	0.2613	0.6923	1.3491	-1.2421	-0.5895	-0.3957	0.6905	-0.4451	0.0903	0.7189	-1.6063	0.2196	0.4507	0.2247	0.3107	-0.7605	0.8718	0.4621	-0.3617	-0.0647	-0.2088	0.7377	0.9540	0.5609	-0.0705	-0.1338	-0.8288	1.4024	0.3540	-0.0906	-0.1993	-0.5618	-0.5005	-0.3007	-0.9408	-0.4074	0.2213	-1.1486	-0.5710	1.1155	0.8266	0.7836	0.8413
0.9222	0.6788	0.2736	1.1892	0.1995	-0.7882	1.0738	1.3239	0.4947	0.0911	-0.8373	0.0613	1.1121	-2.1369	-0.3138	0.7322	-1.8448	0.3914	0.5847	-0.4749	0.4258	0.0321	1.1153	-0.6678	-0.0466	-0.2695	-0.5943	0.3507	-0.1765	-0.8438	-1.3416	0.5996	-0.1588	0.7009	0.5016	0.5011	0.4525	-0.9510	-1.4581	0.0360	-0.0020	-0.3484	-0.1837	-0.4118	0.0010	-0.0572	1.2556	-0.1283	0.3926
-0.6283	0.3354	0.1058	0.2043	-0.3586	-1.1168	-1.5757	0.5323	0.5713	-0.7238	-0.5530	0.6939	0.6468	-1.7470	-0.0593	0.3932	-0.8052	-1.0155	-0.6929	-0.4278	-0.5081	-1.4776	0.0973	-0.3178	-0.5082	-1.1650	-1.6958	-0.2952	-0.5031	-1.1041	-0.8493	-0.0162	-0.3278	-0.1924	-0.8097	-0.2008	0.2487	-0.1400	-1.0769	-0.3352	-0.4494	-0.6784	-0.6263	-0.3512	-0.8498	-0.5783	0.9175	-0.5466	0.1531
-0.2924	0.0774	-0.0036	-0.3866	-0.8841	-0.2852	-0.9371	0.4602	-0.6755	-1.2139	-1.4422	1.6090	0.0223	-0.2701	0.1509	1.1254	-0.3424	-1.6479	-0.3660	0.0875	-0.9876	-0.2015	1.1271	0.5539	-0.9417	-0.3717	-1.2278	-0.6842	-0.5232	-0.6156	1.3299	-0.6155	-1.0166	0.0748	-1.2100	-0.4529	-0.3006	0.7578	-0.5973	-0.0498	0.7841	-0.8658	-0.1877	-0.1627	-2.0113	-0.4974	1.6833	-0.4367	-0.1253
0.9929	-0.0555	0.5469	0.0916	-0.7799	-0.3175	1.9293	0.0485	-0.4915	0.1908	0.5472	1.8693	-0.2400	0.1831	-0.4215	0.9906	-0.6616	-1.6303	-0.0387	1.0019	-0.6271	-0.1552	1.4466	-1.4583	-1.3511	-0.9572	-0.9182	-0.3836	-0.6758	-1.4258	1.4981	0.4359	-0.9605	0.1191	-0.9966	-1.2340	0.9913	-0.6257	-1.2352	-0.2591	-0.5362	-1.3220	-0.7806	0.8975	-1.3207	-1.0534	1.5569	-0.3751	0.2471
-0.0234	-0.7443	1.9180	-0.7227	0.4179	-0.1040	2.0860	-1.1062	-0.2515	0.0360	0.1767	0.3019	-0.3489	0.4635	0.2510	-0.3743	0.3191	0.2482	0.2484	1.5611	0.0830	0.0974	0.6998	-0.2379	-0.5178	-0.2737	0.6958	0.7624	-0.4183	-0.9015	1.2250	1.1266	-0.3643	0.1103	-1.1504	-0.1728	0.5353	-0.2472	-0.7161	0.2524	-1.4467	-0.2377	-1.2384	1.1330	-0.1389	-0.9461	0.1258	0.9636	0.7601
-2.1972	-0.8498	2.9885	-0.0270	1.7753	1.2018	-1.2039	-1.1550	-0.6510	0.6269	0.7355	-0.9382	0.7778	-0.8593	1.6547	0.0770	0.6348	0.2896	-0.2966	0.7455	0.3609	0.0397	0.6801	-0.8089	0.6460	1.5277	1.9405	2.1384	-0.6665	1.3984	0.2477	2.0180	0.8579	0.4651	-0.7782	0.2326	0.5657	-0.6650	-1.1351	-0.0558	-0.0905	1.4499	-1.2881	0.2615	0.7540	0.7341	-0.5643	1.7355	1.0985
-1.0471	0.8690	2.8103	-1.4274	1.7104	-2.3915	0.1009	0.0103	-2.6795	1.6414	1.2504	-0.0692	-0.4165	-1.9617	1.9760	-1.0542	-0.4125	0.0947	-0.4412	-0.2175	-0.5151	1.3415	1.8005	0.3776	1.5782	1.6190	1.5178	1.7372	-1.1448	0.1775	-1.1223	2.0307	1.4500	0.3759	-0.3841	-0.5001	-0.7455	-0.1046	-0.6387	-0.7491	2.0483	2.8415	0.2635	0.5199	-0.2356	2.0561	-0.6373	2.4894	1.5377
-0.7044	0.1767	1.6474	-1.2294	0.3265	-2.6173	0.9624	0.9771	-2.0464	-1.1609	1.5153	-1.6153	-0.8951	-1.8014	0.9378	-0.9037	-1.2654	-0.6530	-1.3966	-0.6880	-0.7132	0.2336	2.8819	0.5407	0.5323	-0.4242	1.2319	0.8904	-1.4342	-0.0990	-1.4822	1.4132	0.2544	-0.3890	-0.2189	-0.5086	0.5297	-0.7221	-0.6857	-0.6523	1.3203	2.0886	-0.0145	0.6062	-0.0633	0.6655	-0.4233	1.9976	0.5824
-1.5168	-0.6942	-0.2319	-0.1174	-1.2297	-0.7690	-0.2600	0.3875	-0.8669	-1.0616	0.9636	-2.0812	-0.0674	-0.7727	-0.3264	0.2805	-1.0271	-0.7515	-0.9370	-1.0690	0.4220	0.1161	1.5718	-1.8447	0.7947	-1.0301	0.4899	-0.4631	-1.8234	0.2084	-0.9827	1.0030	0.2031	-1.1531	0.6397	-0.5874	0.9796	0.2193	0.1364	0.8871	-0.2561	1.6293	-1.7146	-0.5370	1.2321	-1.0760	-0.7852	0.7895	0.3418
-1.2970	-1.4266	-1.0165	-0.1915	0.1880	-1.2610	0.2685	-0.8794	-0.6997	-0.5343	-1.8701	-0.4554	-0.1811	-0.7607	0.2442	-0.5370	-0.8202	-0.4303	-0.0286	-1.2835	0.2547	-0.9161	0.5830	0.5120	0.7409	-0.0645	-0.0113	-0.5180	-0.2527	-0.7409	0.2710	1.3163	-0.9407	-0.4674	0.0517	-0.9515	0.2704	0.7436	-0.5916	0.2603	-0.5896	0.1195	-0.4988	-0.6972	-0.3008	0.0650	0.3501	0.5443	0.2004
-1.1583	-0.4173	-0.4095	0.7829	1.4754	0.2479	0.5740	-2.0630	0.0211	-1.3055	-1.2796	-0.9829	0.2680	0.2578	-0.0127	0.6341	0.5775	-0.3669	0.9759	0.9260	1.0777	0.4064	-0.8859	-1.3007	1.3418	2.1770	-0.3181	0.5240	0.2720	-0.1279	1.0556	1.5174	-0.3803	0.2640	0.1121	-0.0574	-1.4227	-0.0490	0.3859	0.0583	0.2215	0.2632	-0.1065	0.1851	-0.2084	-0.1652	0.3986	0.5995	-1.1388
0.2831	1.5484	-0.3831	0.6393	1.9343	0.8816	1.1640	-2.4416	0.6865	1.1785	0.3212	0.6496	0.4649	0.6091	0.7859	0.4353	0.6513	-0.2140	0.5180	1.8366	1.2054	1.8161	-2.1827	-0.2450	1.8080	2.7396	0.2460	1.2310	-0.1963	0.1975	2.6194	0.6433	1.8275	1.7637	-0.0994	1.1225	-1.4297	2.3647	0.8972	2.4064	2.7886	-0.0082	2.2529	0.4304	0.7461	1.0261	-0.2793	-0.6974	-0.2603
0.2348	1.6030	-0.8539	0.8681	3.7176	1.5924	1.3129	-1.0391	1.9000	0.4772	0.9015	1.1571	0.7066	0.6909	0.9014	-0.0708	1.5733	0.4539	-0.1232	1.8192	-0.7277	0.3470	-1.3846	0.3413	1.3605	1.8464	0.0278	1.9530	-1.1082	1.4867	1.3978	0.8944	1.8078	2.8914	-0.8138	0.9525	-1.2803	-0.4374	0.4005	0.8104	1.1675	-0.4195	2.9243	0.3003	0.3875	2.4076	-0.3551	-2.6153	0.2079
0.1248	1.4248	-0.8096	1.7542	1.7432	1.8229	2.0342	-0.2390	0.0810	1.2445	-0.1941	1.1390	1.1522	0.6592	0.1171	-0.2971	2.0162	1.6985	0.6508	0.6153	-0.3631	1.9541	-2.1608	1.6524	0.9042	0.1827	-0.5151	0.7605	-1.9637	1.3193	-0.1899	-0.5748	1.9659	1.4630	-0.5522	1.2146	0.0859	-2.0528	0.4830	0.6991	1.2763	0.7954	1.4786	-0.0981	1.7691	1.5028	-1.1538	-1.9987	-0.5624
-0.5092	-0.0462	-0.8627	0.0382	0.3144	0.0738	0.1299	-0.5938	-0.1494	0.6446	1.5441	-0.6141	1.0583	-0.2661	-0.4149	-0.7915	1.5025	-0.2009	-0.6899	0.7690	-2.4631	0.0739	-2.1903	1.6353	-0.0827	-1.5583	-1.1611	-0.0151	-2.3397	-0.4965	-1.7278	-0.9703	0.6750	-0.4307	-0.9851	0.1877	1.9038	-1.5111	-1.0554	0.2513	0.1532	-0.6496	0.6743	-1.4431	1.3130	-0.1780	-1.4254	-2.2772	-0.0446
-0.2662	0.8096	-0.2420	0.3573	-0.0538	-0.1608	-0.9864	-0.4829	-0.6194	-1.2569	1.4784	0.5619	0.9897	1.1930	-0.3016	0.3464	1.1880	0.5976	-0.3779	-0.1754	-1.4485	1.0359	-0.0423	0.1964	0.6313	-0.9591	-1.2341	-0.2892	-1.3141	0.5401	-0.5932	0.3876	0.1490	-0.6097	-0.9014	0.4986	-0.0126	-1.3909	0.6392	0.6448	0.9399	0.7554	-0.7583	0.1601	0.8315	1.6333	-0.0796	-0.6325	-0.6140
-0.2950	0.0026	0.0411	0.3052	-0.9352	-0.2949	-1.2501	-0.2211	-0.4592	1.6632	-0.1161	-0.6197	0.2474	-0.2186	0.1405	-0.4050	0.9062	0.3742	-0.2380	-0.1008	-0.6168	0.1156	-0.1219	0.9175	0.3939	-0.8762	-0.3117	0.4331	-0.9997	1.1415	0.3711	-0.4472	-0.2442	0.0449	-1.1255	-0.0879	0.1912	0.6779	-0.2570	0.3930	1.0811	0.8507	0.2921	-0.5226	-0.1329	0.8286	-1.0225	-0.4199	-1.0777
0.4856	0.1314	0.0098	1.2047	-0.8253	0.5706	-1.1312	-0.5237	0.5412	0.1337	-1.0405	0.3687	0.7685	0.6668	0.4173	0.8219	0.6182	-0.1329	0.9440	-0.1613	0.7222	0.7653	0.2987	1.2292	-0.2254	0.4196	0.3113	-0.1646	-0.4309	1.7959	0.0487	0.9078	-0.1528	0.3871	0.3296	0.6598	-0.8387	0.8486	-0.3435	0.7061	0.6501	1.0339	0.0991	0.3271	1.9802	-0.7431	-1.1279	-0.2262	-0.7120
0.9468	-0.3625	-0.0188	0.6980	-0.6280	1.3785	-0.1268	-0.3230	0.1318	0.8245	-0.6850	-0.2689	0.4539	0.6585	-0.0012	0.4299	0.5819	-0.5222	0.9460	-0.0262	0.3374	0.5290	-1.1087	1.4997	-0.3058	-0.0324	-0.0748	-0.4209	0.0698	1.4734	-0.8781	-0.9395	-0.8110	-0.1101	-0.0406	0.9078	0.1752	0.6066	0.2925	-0.6407	1.1900	1.0646	0.2262	0.0843	0.6358	-1.1197	-0.6160	-1.0025	-0.4739
0.2134	0.7304	-0.2624	-0.2019	0.2545	0.4882	-1.1055	-0.4797	-0.4300	0.8515	2.1938	-0.0169	0.1081	1.2862	-0.4272	-0.0799	0.9159	-0.3138	-0.3240	0.6771	-1.3145	-0.7892	-0.3836	-1.4497	-0.2545	0.7601	-1.1132	-0.6288	-1.5197	1.0640	-1.4473	-0.3537	-0.7092	0.1925	-0.8773	0.7119	0.8956	-0.1222	0.2270	-0.5646	0.6244	0.3608	-0.3832	-0.8443	0.8858	-0.7632	0.2990	-0.4925	0.1557
-0.7037	-0.0758	-0.0633	0.2750	-0.8054	0.8570	1.7397	-1.4451	-1.2925	2.0283	-1.1306	0.1783	-0.3549	1.7872	0.2697	0.0521	1.1537	0.3622	-1.1041	-0.9414	-1.8231	-0.5783	-0.7279	1.2042	0.0106	0.0778	0.0529	-0.8042	-2.0959	-0.2055	-0.6587	-0.2101	-0.9382	-0.1715	-0.5586	1.1964	-1.1436	0.7337	0.0563	0.8305	2.2894	-0.3203	1.0929	-0.8100	0.2710	0.4038	-0.1933	-0.2579	0.1361
-0.6075	0.6625	0.3984	0.7984	0.0694	0.0879	1.2061	-1.6391	-0.8553	-0.5568	-0.2554	0.2875	-0.9059	1.4138	0.2940	-0.7761	1.0748	1.0253	-0.7008	1.0135	0.2319	0.4291	-0.1107	0.3437	-0.2822	0.7909	0.3170	0.3826	-0.1885	-0.4954	0.3823	0.7595	-0.3707	0.1950	-0.4115	0.5517	-0.5130	-0.6746	0.1485	0.8157	0.3360	-0.0413	0.3241	0.3510	0.5872	-0.1633	0.1889	0.3081	0.7508
0.6486	0.9318	0.0037	-0.1613	0.3653	0.1976	0.7636	-0.7340	-0.0196	1.6247	-0.1178	-0.0332	-0.4588	1.5997	0.4270	-1.0624	0.9323	0.2507	1.0814	1.5604	0.6886	0.7682	-1.3098	2.1083	-0.3557	1.3965	0.6339	1.4081	0.7935	0.0666	1.9739	-0.8684	0.5003	1.7776	-0.1811	-0.2115	-1.7945	2.4018	0.2497	0.4946	0.3251	-0.1017	1.1507	0.3004	-1.6323	-0.7434	-1.5396	0.8063	1.3448
-0.0535	0.4695	0.0712	-1.2686	0.4926	-1.0667	-0.3574	-0.8749	1.0768	-0.5667	1.6809	-0.1322	-1.1113	1.7659	-0.1712	-1.7834	1.5073	1.8140	0.6139	1.4359	1.2365	0.4398	-0.4590	0.7940	-0.3511	0.3345	1.8307	0.0037	2.1576	-0.1790	2.4978	0.0601	0.1217	2.0696	1.0094	-0.3597	-0.3193	-0.0825	0.7159	0.4696	-0.0077	0.9002	0.8422	0.9466	-0.4238	1.7910	0.2351	1.6006	1.4497
0.1018	-1.0661	-0.7521	-0.6449	0.0750	0.5741	-0.3582	-0.7274	0.6036	1.7807	0.2808	0.0986	-0.3470	0.5856	-0.8488	-1.0067	1.2670	1.0571	0.1157	-0.3566	1.1288	0.8419	-0.2134	1.3193	-0.5036	-0.5787	1.9207	-1.3924	2.0437	-0.7031	0.1941	-1.6668	0.6794	0.7739	0.9056	-0.5310	-0.6596	0.1732	-0.5398	-0.9350	-0.6856	-0.6613	-0.4423	0.2589	1.6031	-0.3158	-0.9667	0.1881	0.7382
0.7442	-0.5567	-0.1243	-0.0223	-0.2681	1.1149	1.0957	-0.6673	0.0810	0.6456	-0.4271	1.8467	-0.0644	1.2340	-0.1775	-0.4067	1.0129	1.8130	-0.5491	-1.7642	1.1932	0.6701	-0.2374	1.5817	1.0715	-1.6478	-0.2591	-2.1523	1.5789	-1.0269	-1.1605	-0.8078	1.4157	-1.2744	1.6465	-0.2742	-0.9749	-0.0593	0.8809	-0.4528	-1.6791	-1.0742	-1.1407	0.6517	1.7899	-0.6735	-2.5549	0.5268	-0.5988
2.0499	-1.0021	-0.3225	-0.5683	0.1296	0.7230	0.3631	-0.6889	-0.5178	0.8965	-0.5185	0.1266	-0.5513	1.0796	-0.6931	-1.0368	1.2094	0.5146	-1.1945	-0.2219	0.0521	-0.6597	-0.5123	0.1317	0.8279	-1.0024	-0.4607	-1.6403	0.5602	-0.9395	-1.1936	-1.5148	-0.3773	-1.3735	1.1863	-0.5617	0.3751	-1.2303	1.3454	-2.5441	-1.3375	-1.2669	-0.9666	0.6174	0.4967	-0.5757	-1.2481	-0.2253	-0.5929
1.5958	0.1098	-0.8118	-1.1919	0.2360	1.0882	-0.1845	-0.4622	-0.1027	-0.2251	-0.8420	1.6986	-0.6570	1.5660	-0.3007	-0.8452	0.8854	1.5370	-0.3221	0.4475	0.0091	0.6391	-0.6709	0.2388	0.9271	0.0366	-0.2257	-1.6942	0.5444	-1.2219	0.0999	-1.3311	1.1044	-0.4838	0.9365	-0.3676	-1.3632	0.4740	1.6158	-1.4382	-1.2444	-0.8941	-0.0688	1.3059	1.7492	0.6352	-0.6230	-0.1989	-0.0199
0.7194	0.1593	-0.7066	-0.4373	0.4908	1.8756	-0.1462	-1.1532	0.9045	-0.6733	0.5684	0.5352	-0.1514	0.7984	0.3097	-0.2079	1.1623	1.1105	-0.5800	0.6758	-0.8867	-0.5739	-0.8621	0.1629	-0.0514	1.0314	-0.1673	-0.9719	0.8595	0.2652	0.4858	0.0679	0.5269	0.3002	1.1300	-0.1373	-0.6394	-0.5287	1.9248	-0.4035	-1.2502	-0.9055	0.1531	0.9535	0.9775	0.6660	0.9785	0.6457	0.7223
1.6542	0.8782	-0.2062	-0.1292	-0.6642	1.0402	2.2724	-0.8650	-0.7792	2.4217	-0.3213	1.4685	-0.9747	-0.8466	0.8191	-0.2358	0.4931	0.5453	-0.1787	-0.1259	-1.0633	0.5015	-1.1566	0.8906	0.3891	1.6897	-0.4622	-1.5420	0.3168	-0.3909	0.5692	0.1559	1.3171	-0.5547	1.7237	-0.0352	-0.0926	-0.3366	1.0358	1.0535	1.1936	-0.3220	0.8483	0.4543	0.2658	-0.3716	0.9035	-0.3494	1.1355
0.3489	0.2474	-1.1223	-0.8622	-0.0070	0.3780	0.4492	0.8467	0.0994	-0.2409	0.7682	0.3218	-1.3088	-1.2089	0.4446	-0.8801	-0.0200	0.5466	-0.9808	0.2794	-1.8042	-1.1529	-0.3010	-0.0104	0.6395	0.5011	-0.2921	-1.0291	-0.7098	-0.2538	-0.0350	0.3313	0.3529	0.2193	0.8744	-0.6433	0.3930	-0.8444	-0.0953	0.0417	0.0909	-0.5619	0.5898	-0.6614	0.9430	0.9270	-0.2560	-0.6942	1.0209
-1.2275	-0.7262	-0.7376	-0.2482	-1.2723	0.4553	0.7018	1.0588	-0.4814	-0.2802	-1.1719	-1.3997	-0.7006	-0.0750	-0.6632	-0.5845	-0.5677	1.2862	-0.2323	0.0537	-1.0048	0.3488	-0.6857	0.1100	0.4379	-0.8299	0.6568	-0.6768	-0.6781	-0.7245	-0.7115	-1.7074	-0.6867	0.1167	0.6730	0.1589	-0.2673	0.8972	0.1088	-0.2235	0.9633	0.1405	0.1386	-1.0114	0.4659	-0.7566	-1.1061	-0.2488	-0.2867
-1.1222	-0.9031	0.1110	0.5113	-0.7909	1.6667	-0.0892	0.4353	-0.6150	0.3850	0.1322	-0.7372	-0.0434	-0.2715	-0.9211	0.2915	0.3749	1.0897	-1.5695	0.0288	-0.7800	-0.4115	-0.8422	-1.5285	0.2124	-1.3364	0.1214	-0.7115	-0.1886	-0.2347	-0.9452	-0.8498	-0.5045	-0.7674	0.8555	-0.4191	0.8740	-0.3607	-0.5072	-0.1411	-0.3753	-0.8959	-0.8062	-0.5734	0.7166	-1.2407	-1.1604	-0.6381	-0.2089
1.0867	-0.1558	-0.7189	-0.3849	0.5137	1.5086	0.2837	-0.2784	-0.5036	-0.3338	-0.5524	0.6534	-0.2692	-1.0972	0.1622	0.1834	0.0768	1.0828	-1.8653	-0.7973	-1.3015	-0.6862	0.3280	0.7046	1.0296	0.2159	-1.1356	-1.4269	1.0201	-0.0697	-0.6093	0.5629	-0.0581	-0.4084	-0.3759	-0.9144	-0.3982	0.4371	-0.2076	0.9012	0.3783	-1.0622	-0.0441	0.5547	-0.3366	0.3660	-0.3686	-0.8081	0.4836
0.3895	-0.2028	-0.7801	-0.0467	0.3828	1.3881	-1.2561	0.8287	-0.7455	-0.1913	-0.3155	-1.6199	0.5408	-1.7443	-0.7887	0.1373	-0.5854	-0.3361	-2.2544	-0.3297	-0.7831	-0.7236	-0.2911	-0.6720	-0.1314	-0.4284	-0.2451	-0.1107	-0.4429	1.2784	-1.4014	0.3279	-0.5626	-0.2391	-0.8637	0.2499	1.3413	-2.3712	-0.2682	-0.1722	-0.6991	-0.5382	-1.1789	0.2686	0.9984	-0.6640	-0.7571	-0.8740	0.0160
-0.5307	-0.0875	-0.5502	-1.0870	0.3130	-0.2345	0.0638	0.4719	-0.8724	1.3132	-1.1825	-2.1257	-0.6063	-1.7708	-0.6723	-0.6834	-0.7778	-0.3366	-1.2962	0.7205	-1.1765	0.7564	-1.4995	0.8492	-0.9292	0.1589	-0.0850	0.0115	-1.9697	-0.3243	-0.4693	-0.0278	-0.4511	-0.0709	-1.1423	0.0577	-0.7588	0.8434	-0.2026	0.4996	-0.8551	0.0734	0.5026	-1.3056	-1.1310	-1.2841	-1.6105	-1.0402	-0.1231
-0.4321	0.1307	-0.3860	-0.5939	0.7931	0.3274	-0.5859	0.9864	-0.8939	-1.4441	-0.0081	-1.5915	0.2880	-1.7148	-0.6791	-0.5746	0.0526	0.8151	-1.1099	-0.2411	-0.9445	-0.3967	0.2416	0.3290	-1.0362	-0.2723	-0.2687	-0.2266	-1.0723	-0.3260	-0.1734	2.4128	-1.1818	-0.0835	-0.6593	-0.4745	-0.0920	-1.0155	0.2706	0.5299	-1.5442	1.0920	-0.2236	-0.7088	-1.9339	1.4178	1.2208	-1.4677	0.3879
0.5076	-0.2918	-0.4282	-0.6067	0.1678	-1.0969	-0.2435	1.8476	-0.2886	0.4950	-0.3608	-1.2193	0.2187	-1.8471	-0.6524	-1.3418	-0.5661	0.5980	0.1581	-0.0175	0.1494	0.2785	0.8596	-0.8900	-0.5458	0.3495	0.6809	-0.2577	-0.1141	-1.0900	-0.3593	0.8798	-0.3005	-0.0752	-0.1188	-0.1766	0.1012	-0.4121	0.8658	0.2886	-0.8343	1.4785	-0.6864	0.7087	-1.4064	0.9756	2.4336	-0.4817	1.1964
-0.3381	-0.3643	-0.1484	0.8342	-0.6566	0.0456	-2.8346	1.5766	-0.5641	0.0473	2.3381	-1.4013	0.9823	1.0122	-1.7100	-0.0169	-0.2586	-0.6924	-0.5102	0.4788	1.0905	-0.2082	-0.6872	-1.8899	-0.1493	-0.7266	0.9933	-0.5580	0.9719	0.7057	-0.9346	-1.2836	0.2940	-0.4850	1.5620	0.1023	1.4455	-0.0207	1.9775	-0.6710	-0.3149	0.3917	-1.0288	0.5477	0.7720	-0.5154	-0.9972	1.7118	1.3196
0.7130	0.1744	-0.6778	-0.9258	-0.9302	-0.0209	-1.5659	1.3134	0.9718	-0.2552	0.9759	0.2610	0.0864	0.3192	-0.1018	0.6660	-0.4443	-1.2915	-0.1120	-0.4388	0.6659	-1.4158	-0.5465	0.3686	-0.9051	-0.6795	-0.0374	-0.6318	1.7293	-0.0623	-0.1876	-0.2962	0.4984	-0.6994	1.2575	-1.0284	1.8698	0.2460	-0.2263	-0.9009	-0.4253	-1.2930	-0.3869	0.6845	-0.4821	-0.1324	-0.9858	0.1546	1.2773
0.5395	-0.1670	0.0880	-0.0263	-0.8804	1.3184	-1.1716	1.2364	0.4916	-1.8733	-0.9181	-0.6115	0.8639	0.6679	-0.7164	1.0586	0.6383	-0.1826	1.6003	-1.2100	1.4258	0.6551	0.2286	-0.1409	-0.3432	-0.7492	0.5563	0.0404	1.0707	0.6184	-1.0811	0.2319	0.0192	-1.0921	1.4136	0.2974	0.0635	-1.6254	1.1583	-2.4766	-1.4818	0.3629	-1.6212	0.9820	0.6333	-0.7270	0.2764	1.1385	-0.3425
-0.2359	-0.7294	0.0085	-0.3163	-1.1687	-0.7518	-1.1110	1.2277	0.8093	-0.3947	0.6534	-1.8643	-0.4252	0.1360	-0.4328	-0.6087	0.4506	-0.3175	1.1385	-0.2647	1.3976	0.1483	-0.0568	-0.6287	-0.6143	-0.9358	1.0961	0.2721	1.4555	-0.3541	0.0754	-0.3840	-0.3411	0.1090	0.9254	-0.6188	0.7266	0.1284	-0.0312	-1.3470	-1.4820	0.6143	-0.3147	-1.1963	-0.7825	-0.8159	-0.1583	1.0534	0.1058
-1.3204	-0.3329	0.2436	0.5223	-1.3105	-0.6657	-0.5561	1.2477	1.3911	-0.5929	0.0249	0.3888	-0.9388	0.2850	0.4994	0.1608	-0.6819	-0.7153	0.8355	-0.1832	2.0060	-0.5884	0.6697	-0.8765	-0.2280	-0.5395	-0.3248	0.0964	0.2363	-0.3439	1.2215	0.5285	0.0373	0.6929	0.8493	-1.4295	0.1453	-0.1680	-1.9318	0.1632	-0.5966	0.1734	-0.9494	-0.7426	-0.5456	-0.8669	-0.5542	0.7211	0.5895
-0.7840	-0.4878	0.0927	0.5941	-0.9284	-0.4276	-1.0090	1.0679	1.3354	-1.2781	-0.0237	0.9127	-0.0943	0.0669	0.1213	0.4674	-1.7614	-1.4005	1.0521	0.4737	0.9145	-1.1682	0.5983	-0.0384	-0.2825	-0.0102	1.2910	0.7192	-0.6517	0.4696	1.0402	-0.6070	-0.4745	1.4803	1.4268	-1.0906	1.0259	0.0223	-2.3668	-0.4488	0.1629	-1.3340	-0.8427	-0.7241	-1.0317	0.9675	0.0540	-0.2189	0.3139
0.0577	0.0309	0.4099	0.3946	-0.0201	-0.3082	-1.5678	2.4361	0.3717	-0.6844	0.9349	0.8961	0.2117	-1.7069	0.6467	0.6937	-2.2560	-1.8405	-0.3929	0.0892	0.2131	-1.3482	2.2830	-1.5906	-1.0427	1.0365	-0.7332	0.9607	-0.2770	0.9640	-0.7699	0.6458	-0.4036	0.6525	-0.1552	-1.7139	1.7124	-0.4389	-1.9507	0.3803	-0.1857	-1.2970	-1.0361	0.7877	-1.2933	0.7160	1.3327	-0.0598	0.0356
0.5639	-0.8829	0.0223	-1.3039	-1.0835	-1.0599	-1.6065	2.3201	1.2367	-0.8274	1.1400	-0.8154	-0.6793	-0.3881	0.0326	0.1961	-1.8212	-2.0890	0.5322	-0.6498	-0.9597	-1.0262	0.7383	-1.0524	-1.4589	0.8246	-0.2760	0.9958	1.5917	0.9534	-0.8322	-1.1627	-0.6389	0.3490	-0.8904	-1.8839	1.4496	0.4700	-1.1210	-0.4322	-1.8249	-1.3705	-0.4492	-0.0464	-2.3619	-1.9903	0.0170	-0.5313	0.2451
-0.6154	-1.6415	0.3663	-1.5807	-2.0887	-1.5116	-1.1387	2.1810	1.5493	-2.4210	0.5475	-1.2551	-1.4279	1.0237	-1.0344	0.3560	-0.5210	-1.5032	2.1577	-1.0583	0.5558	0.3329	-0.2166	-1.5520	-2.1090	-0.7014	1.0786	0.7187	2.4054	-0.8747	0.7672	-0.9105	-1.3862	0.1551	0.0925	-0.6969	0.4718	-0.5894	-0.2256	-0.3267	-2.3952	-0.8596	-1.7986	-0.3484	-1.9681	-2.9951	0.1359	-1.0983	0.2098
2.0539	-0.2979	-0.2286	-0.8431	-0.3063	-2.0429	0.2267	1.5108	0.9901	0.7279	0.3181	1.2862	-1.5054	0.9000	-0.4655	0.0616	-1.1014	-2.3026	2.3826	-0.1362	0.3047	-0.2598	-0.3971	-2.1171	-3.1607	-0.8811	-0.2951	0.0868	2.3912	-2.3032	2.2865	-0.2573	0.2352	0.3856	-1.3295	-1.0024	-0.6126	0.5283	-0.5489	0.9697	0.0924	-2.4651	-0.1753	0.8564	-1.8433	-1.5201	2.0153	-1.1797	0.0802
1.5116	0.0281	-0.0424	1.2139	0.8841	-1.0804	-0.5536	1.4913	0.6364	-0.5722	0.7555	1.0310	0.9044	1.3625	-0.1906	1.3986	-1.1255	-2.2406	0.6613	0.1047	0.0299	-1.3314	0.6121	-1.5769	-1.6637	0.6390	0.6799	1.2036	0.4189	-1.5172	0.7268	0.6212	-0.5996	1.1213	-1.1113	0.3919	-0.9695	0.0368	0.4261	-0.7250	-0.8396	-2.3198	-0.6746	0.0031	1.6359	-0.7064	1.1487	0.5802	-0.4869
0.9765	0.8491	0.4732	-0.4508	1.3383	-1.3850	3.5445	0.3648	0.4125	0.7556	-1.9614	1.2853	0.1231	1.7666	0.1963	0.9186	-0.6961	0.4709	0.8012	-0.0414	0.4570	1.0870	0.1413	1.8605	0.9678	1.7348	0.8187	0.9162	-0.1699	-1.6911	0.7951	-0.0708	0.2550	0.1602	-0.5743	1.4899	-2.0961	2.8066	1.8344	0.2606	0.8927	0.2508	1.2987	-1.1897	1.0912	0.6382	0.6644	1.2105	-0.9306
-1.5734	0.1186	0.1271	0.4241	0.8891	0.9650	0.1886	0.0952	0.2823	0.0918	0.6583	-1.1431	0.4156	0.1747	-0.6835	1.0313	0.3312	0.2629	0.2978	-0.1998	1.6194	0.2400	0.2006	-0.9817	1.1245	-0.3229	0.1427	1.0307	-1.0350	0.4268	-0.6162	-0.5858	1.0063	-1.3902	-0.0275	1.8344	2.2932	0.0726	-0.3233	0.6880	0.7363	0.3486	2.2128	-1.3117	2.0360	-0.2979	0.0597	0.8685	-1.9880
0.8327	0.4382	-0.8241	-0.3793	1.7571	-0.5430	0.7605	-0.6213	0.6771	0.9349	-0.1611	1.1421	-1.2419	-1.1293	-0.1741	0.0449	-0.6066	-0.3312	0.7056	0.0480	-0.2310	0.4817	1.6979	1.1066	1.5073	1.1825	-1.6913	-0.4717	-1.4583	-0.2805	-0.6954	0.3077	0.8990	-0.8174	-0.7356	0.5205	-0.7534	2.3479	0.0873	0.7962	1.5090	0.8416	3.6091	-0.4214	-1.3163	1.6446	1.4454	-0.5710	-1.6736
0.0829	-0.6234	-0.0846	0.7250	-0.4778	-0.1044	-1.7300	-0.2145	-0.6412	-0.0354	0.2571	0.1799	-0.3723	-1.0050	-0.5894	-0.0217	-0.4605	-0.2783	0.3572	-1.6385	-0.4709	0.5024	1.2822	-1.2924	0.7393	-1.5548	-0.6230	-0.0943	-1.8804	0.2131	-1.1657	2.0336	0.2423	-2.1672	-1.1934	1.4489	-0.4059	-0.4983	0.1881	-0.4061	1.0365	1.7909	1.6456	0.6383	0.3278	0.3762	1.7207	-1.5202	-3.4622
0.8176	-0.4702	-0.0239	-0.0200	-1.1618	-0.2250	0.9574	-0.3560	-0.7659	0.8326	-1.1812	0.8049	-0.6914	-0.8536	0.5490	-0.6186	-0.8510	-1.3056	0.3019	-1.1175	-0.4678	-0.2906	0.1217	1.5458	-0.2766	-0.3979	-1.4393	0.0078	-1.2666	-0.5195	0.6254	0.3781	-0.3526	-1.0441	-2.5537	0.7238	-1.0854	2.2499	-0.2796	1.9014	1.3682	-0.1389	2.8158	-0.7368	-1.0918	0.1067	0.3487	-1.9272	-2.0931
-0.5612	0.3691	0.4235	0.5840	1.2542	-0.7425	0.0163	-0.8798	-1.2412	-0.2982	-0.8103	0.4956	0.1177	0.2646	-0.2957	0.1311	-0.0520	-0.3863	-0.9798	-0.9965	-1.0543	0.1175	0.9490	0.4279	0.5731	0.0287	-1.3554	0.5094	-0.8292	-0.2201	-0.0966	0.5914	-0.5008	-0.9802	-2.2675	1.4110	0.1957	-0.1080	0.0122	-0.5349	0.3518	0.3506	1.0623	0.1616	0.1238	0.3053	0.9280	-0.5171	-2.0461
0.3383	0.5684	0.1407	-0.1653	1.8770	0.0208	0.8651	-0.9769	-0.6122	1.4136	-0.9264	0.5762	-0.1293	-0.6056	-0.0571	-0.1867	-0.2972	-0.1409	-0.9302	-0.2351	-1.5058	0.1620	0.4038	1.5380	1.1496	0.9775	-2.0043	0.2938	-1.1784	-0.3058	-0.5486	-0.3058	0.1977	-0.5610	-1.6898	1.1739	-0.5174	1.6236	-0.5418	-0.5397	0.0641	0.1264	1.7746	-1.1600	-0.9235	-0.3299	-0.4912	-1.6158	-0.8568
-0.1359	-0.3468	0.0009	-1.0040	1.4408	0.4959	0.9836	0.2613	-0.1639	-0.8193	-0.1961	0.2853	-1.1202	-0.4343	-0.3042	-1.3304	0.0096	1.0284	-0.2255	0.3128	-0.0135	0.8056	0.6898	-0.2475	-0.0182	0.4748	-0.7526	-0.3581	0.0847	0.3797	-0.7932	-0.7361	0.0334	-0.7116	-0.2732	1.0637	0.4767	-0.4691	0.3964	0.1791	0.6094	0.7672	0.6404	-0.4410	-0.8340	0.7946	0.2733	-0.9058	0.0296
-0.5142	-1.2187	-0.1495	-0.1538	-0.9929	1.0339	1.1287	-0.0152	-0.6497	-0.0608	-1.1663	0.0939	-0.4794	-0.3551	-0.5141	-1.2962	0.0716	1.4982	0.0556	-0.9166	1.1599	0.8751	-0.2078	-0.9063	0.2255	-0.1534	0.1057	-0.7904	0.3657	0.9030	-0.7129	-1.3837	1.1989	-1.1521	-0.2379	1.0380	-0.9144	0.8109	0.9242	1.5276	0.8384	1.1095	-0.5849	0.2921	0.9633	0.5103	-0.8628	-0.1379	-0.6675
-0.4179	-1.2326	0.0542	-0.1160	-0.3643	-1.0859	1.2260	-0.1196	-0.9291	-1.1897	-0.8073	-0.3864	-0.2198	-0.6391	0.1277	-0.5712	0.7875	-0.0541	-0.9452	-1.4663	0.8185	-0.9061	-0.5903	0.2046	0.5103	-0.2905	0.2930	-0.5804	0.9178	0.1357	-2.1370	-1.2717	-0.6949	-1.0045	-1.0000	0.5126	-0.7058	0.0354	2.5172	0.9217	-0.1192	0.1558	-0.5891	0.0418	0.5688	1.4045	-0.5124	0.2042	-1.5650
-1.8134	-0.0931	1.0252	1.0641	-0.9329	-1.2194	0.4615	-0.1842	-2.3318	0.2514	-1.2952	0.1524	0.7713	-0.5197	0.3794	1.3372	0.6709	-0.1831	-1.0676	-1.0217	0.7841	0.3551	-0.8227	-0.4621	1.4960	-1.1426	-0.1015	-0.6800	-0.2277	-0.5737	-1.8637	-0.7802	0.0585	-1.7071	-0.8463	0.9000	-0.8185	0.5571	1.9412	1.2964	0.7857	0.7903	-0.2638	-0.1405	1.4231	0.8931	-0.1925	0.4848	-1.8462
-1.3337	0.3878	1.3398	1.1492	-0.5705	0.2953	0.8247	0.5501	0.0905	-0.8752	-0.6046	0.2241	0.7867	-0.7057	1.2726	1.5587	-0.4866	-0.3271	-1.1062	0.7403	-0.1361	-1.6065	0.3927	0.2680	0.5746	-0.2008	-0.3712	0.5657	-0.2072	0.9958	-0.4162	0.1212	-0.5619	-0.3859	-0.3655	-0.5656	-0.2340	0.4647	-0.5133	0.8973	-0.2099	0.4489	0.3744	-0.0948	-0.4881	1.0131	0.1245	0.3763	-0.4347
-0.6252	0.0787	2.8735	2.4061	-0.7313	-0.5017	0.9699	0.5626	-0.1981	-0.3480	-1.3295	-0.7369	2.4117	-0.0233	0.8087	2.6697	-1.3458	0.5706	1.2503	0.0267	1.0818	-0.2086	0.2491	-0.2439	-0.2574	0.1107	0.1828	1.2176	0.4684	0.2626	0.3300	-0.7396	-0.0725	-0.3980	1.3885	-0.0327	0.1861	-0.9533	-0.8961	0.3887	-0.1896	0.9283	-0.9853	0.0485	0.0048	-0.0755	0.8623	1.5389	-0.0226
0.3320	0.6961	3.0130	1.0446	-1.4545	-0.9265	-0.0204	-0.0306	1.0211	-0.0646	0.4011	-1.8367	2.1635	-1.1284	1.7305	2.3635	-1.4322	-0.7891	0.8842	0.2644	0.4427	-1.5724	0.1650	1.3510	-1.0482	-0.5225	0.0979	2.3531	0.7464	1.3400	0.6920	-1.3438	-0.6110	0.7072	0.1658	-0.1966	0.5508	-0.5341	-1.2305	0.1379	-0.2395	0.1402	-0.9061	-0.5802	-0.2834	-0.8878	0.9523	1.2979	0.5525
0.1145	2.0059	1.8501	0.2073	-0.1988	-0.4261	1.1394	-0.4289	0.8051	-1.2759	-0.4848	0.2051	1.2909	0.1652	1.7567	2.0934	0.2065	0.5104	1.2318	0.6757	1.4136	2.2096	1.9455	0.8570	0.9489	1.1415	1.6121	1.2394	0.6127	0.9460	0.2379	0.8660	0.1763	0.6594	0.6558	-0.1084	-0.7907	-0.2682	1.1877	-1.1526	0.6163	1.7249	-1.3385	1.6542	0.8676	0.3616	1.5137	2.4309	0.5287
-1.0884	1.5139	-0.0991	-0.0319	0.6733	0.1980	-0.2368	-0.2689	0.2646	0.5693	0.2738	-0.6013	-0.3398	0.4527	0.3908	-0.4384	1.1263	0.7995	0.9950	1.0572	1.0733	2.2691	1.1063	0.2415	1.4474	0.9243	1.9760	-0.0574	0.3029	1.2655	-0.6863	-0.7118	0.8659	0.0398	1.0325	-0.8460	0.1602	0.1573	0.9712	-1.8134	0.9527	2.0069	0.1066	1.1096	-0.9175	-0.0142	-0.0975	2.4076	0.8870
-1.3785	1.6665	-0.8700	-0.0157	1.2154	-0.6703	0.1455	-0.0702	0.5842	0.1889	1.0563	1.4648	-0.6623	1.1102	0.0897	-0.8237	0.7247	0.6790	0.7874	0.7966	0.9154	1.0000	1.5940	0.2714	0.2325	0.8687	1.6416	-0.8863	-1.2146	-0.4257	0.3143	0.9567	1.2881	0.2395	2.1759	-0.6228	-0.2521	0.1173	-1.0555	-0.5750	0.2286	0.4821	-0.2023	1.1673	0.8720	0.0043	0.5389	2.5259	2.4855
0.0652	0.1244	-1.1687	-0.4979	0.0485	0.7912	0.2343	-0.6290	1.6175	0.3365	0.1013	1.3105	-0.1588	0.7466	0.0403	-0.5349	0.0630	0.2989	1.1643	-0.1234	0.8562	-0.4590	-0.2907	1.4498	-1.2340	-0.1963	1.7324	-0.9266	0.2577	0.3897	1.1563	1.5802	1.1488	0.3015	2.3137	-0.6135	-0.2019	0.3740	-1.6965	-0.5291	0.4656	-1.1018	-0.9519	0.7285	0.9690	0.4571	0.6651	1.1095	1.7691
0.0989	-0.2248	-0.7855	-0.6448	-0.3627	-0.2368	-0.4819	-1.1808	0.6748	0.7100	0.8606	-0.5374	-0.0931	0.0229	-0.4717	-1.5516	-0.2347	1.4540	0.8605	-0.1203	1.0010	-0.7704	-0.6204	-0.9225	-0.9981	-0.8244	-0.3261	-0.9637	1.2558	0.8527	0.7811	0.5229	0.8741	0.3820	1.0777	-0.4883	0.9892	0.2589	-0.4515	0.1638	-0.3464	-0.1950	-1.8316	-0.6364	-0.2058	-0.9548	-0.5862	1.2353	1.0994
0.9462	-0.1285	-0.1369	-0.9458	-0.1938	-0.6982	0.5787	-0.8744	0.4426	1.4089	-0.1589	-0.3210	-0.5013	-0.6900	0.1107	-1.8261	-0.5321	1.6261	0.2635	0.1861	-0.3457	0.2795	0.3368	0.4931	0.1156	-0.4058	0.3714	-0.3625	-0.0462	-0.3221	0.9127	-0.4849	-0.5365	0.7772	0.7129	-0.1736	0.5742	0.3952	-0.4065	0.6794	-0.4470	0.2520	-0.5995	-0.5502	-1.4971	-0.0526	-0.1651	0.9266	0.8681
-1.3521	-0.3034	-0.1223	0.5769	-0.4401	0.8739	0.0139	-0.4238	-0.3119	0.8218	0.7871	-1.1894	0.4804	-0.8449	-0.5709	-0.3580	0.1774	1.1267	0.0630	0.9764	-0.1989	0.9291	0.1495	-0.3546	0.4042	-0.4535	0.7809	0.2428	-1.4925	-1.1330	0.0728	1.3296	-0.6261	-0.0222	1.3118	0.3926	0.5707	-1.5425	-1.2337	-1.0670	-0.8545	0.9783	-1.5503	-0.0893	-0.1470	-0.6828	-0.7927	0.1936	0.3951
-1.1841	-0.1014	-0.4397	-0.2057	-0.0408	-0.0432	-0.2592	-0.8589	-0.4759	1.3146	1.0102	-0.7546	0.2290	-0.6693	-0.5904	-0.2730	-0.0346	-0.0312	0.6447	0.9988	-1.0225	0.5581	-1.0838	1.2600	-0.3860	-0.0252	-0.3709	0.3484	-1.6033	-1.9746	0.6745	0.8352	-0.0411	0.6485	0.1206	-0.3623	-0.3850	0.7991	-2.3977	-0.7580	-0.8114	-0.7103	0.1346	-1.8163	-1.4158	-1.7235	-2.0389	-1.0850	0.7964
0.3336	0.1124	0.4488	-0.3328	1.5920	-1.1145	-0.7970	-2.1182	0.4461	-0.9408	1.1603	1.3299	0.2611	0.5674	0.6792	-0.0070	-0.3241	-0.4677	0.8164	0.2841	0.2715	-1.2241	-0.0344	-0.4340	-1.2564	0.0630	-1.8294	-0.1194	0.8731	-0.7088	1.1304	1.4744	-0.5366	1.2748	0.1992	-1.4379	-0.5879	-0.9415	-1.4783	-0.0671	-1.1340	-1.2484	-0.5255	-0.3321	-2.0406	0.4602	0.3011	-0.8309	1.0721
1.9987	0.0055	1.0332	-0.1290	0.3350	-0.7357	0.7831	-1.6319	0.4082	0.2584	-0.4388	1.4337	1.3050	1.3382	1.5811	1.2205	-0.4908	0.1540	1.4379	0.7906	1.1507	-0.8430	-0.4690	-0.6309	-0.9670	0.4526	-0.8322	-0.0013	1.4785	-0.1670	1.2796	-0.0642	0.2901	1.3469	0.2747	-1.2035	-0.7757	-0.8773	-0.9313	0.4696	0.0222	-1.1536	-0.2222	0.3322	-0.4460	0.8038	1.5881	-0.6817	1.0120
1.5426	0.1624	-0.3543	0.0611	-0.9060	-0.6204	-0.8054	-1.7582	1.8289	-0.2628	0.9072	0.8070	1.5080	0.4679	1.5147	0.6384	-0.8634	-1.3861	0.2397	0.3807	-0.7154	-1.4965	0.2574	-0.6441	-1.6901	-0.4003	-0.5202	0.4682	1.1673	0.8176	1.9598	0.7060	-0.4333	1.4282	-0.9501	-1.3859	-0.5032	0.0335	-1.1685	-0.0221	0.2579	-1.8710	0.5141	0.2841	-0.5528	0.4246	0.6444	-0.7152	1.0987
1.8284	-0.3432	-0.0738	-0.1058	-0.6508	-1.0380	0.0460	-1.5609	0.4072	-1.3439	-0.2738	-0.3943	0.0144	-0.7522	-0.1014	-0.7390	-0.5121	-0.2765	-0.1847	-0.2411	-0.3040	0.9056	0.4297	-0.6949	-1.3639	-0.4872	-0.3301	0.4887	0.5902	0.3734	1.3417	-0.3157	-0.7551	0.1559	-1.9802	0.1297	0.0541	-0.9536	-0.6035	-1.1407	1.0642	-0.9630	0.4753	0.4862	-1.4940	-0.8187	0.1485	-0.1543	0.1567
-0.1951	-0.4802	0.4409	0.5884	-0.7600	0.0325	-0.6169	-1.3352	-0.3930	-1.0763	0.7110	-2.0079	0.4603	-1.3825	-0.5970	0.6817	-0.4206	-0.5294	-1.4051	-0.4005	-0.5912	-0.1467	-0.3449	-0.9414	-2.1000	-0.9845	-1.8568	0.6130	-0.2563	0.8928	0.6704	-0.3881	-1.1708	0.3122	-2.3335	-0.0905	1.1765	-0.8756	-1.0460	-0.4286	0.5000	-0.4418	-0.2482	-0.4216	-0.6178	-1.1788	-0.8966	0.5628	0.1543
0.1007	1.0026	-0.0973	-0.1027	0.9338	-0.7488	0.9832	-1.3007	0.0305	-0.4217	-0.3014	-0.3306	0.2648	-0.6609	-0.0803	0.4317	0.1906	0.4689	-1.2582	0.6302	-0.7594	0.6842	0.8168	0.8611	-0.2249	-0.0288	-1.0000	0.3406	-0.0190	-0.6513	0.7336	0.7131	-1.1784	1.0605	-1.4390	0.1461	-1.3994	0.0405	-0.4178	-0.8744	0.9787	0.2684	0.7440	0.8860	-0.7664	1.4348	0.3249	1.0146	0.6875
-0.7614	0.4363	-0.3786	0.5576	1.5857	0.7616	-0.7218	-0.9583	0.3900	0.1154	0.3344	-0.6466	0.2595	-0.6616	-0.3580	0.0397	0.0445	1.0611	-1.7989	0.9652	-0.0505	0.2405	0.3459	-0.6792	0.2182	-0.1948	-0.5727	0.7380	-0.1545	0.5963	-0.3672	1.0617	0.1366	0.0484	-0.3208	1.0503	0.8067	-1.4574	-0.7126	-0.0747	0.3408	0.3493	0.1312	0.7829	0.4378	0.0458	0.3076	1.0645	0.3954
0.0193	-0.5690	-0.7914	-0.8640	1.6906	0.5338	0.5397	-0.9274	0.0764	0.9665	-0.2801	0.7554	-0.5371	0.1193	-0.3531	-0.2629	-0.1753	0.6660	-1.1946	0.7372	-1.0483	0.6425	-0.2706	1.2275	1.0423	0.6904	0.4593	0.2360	-0.7848	0.2695	-0.2978	1.1424	0.3902	-0.3333	0.1475	0.9765	-0.4152	-0.4767	-0.4909	0.4769	0.4183	-0.4043	1.0392	-0.1139	0.0362	-0.1880	0.6092	0.1478	0.9821
-0.9487	-1.4164	-0.3851	0.8329	1.0500	1.4606	-0.9049	0.2602	-1.3926	-0.4606	0.2986	0.0443	1.0739	-0.5247	-0.9597	0.4174	0.0512	-0.2994	-1.6289	-0.5573	-1.1174	-0.4007	0.1578	-1.6987	0.9843	-0.9574	-0.4232	0.0668	-1.1937	0.8040	-0.9741	0.1337	-0.1549	-0.7403	-0.2809	0.9697	1.0848	-2.3187	-0.7874	-0.7753	0.2068	-0.5153	0.4945	-1.3011	0.8845	-0.0451	-0.0020	-1.1815	-0.4904
0.4038	-0.4728	1.1805	0.7015	0.2912	0.2049	1.0055	-0.3307	-1.9059	-0.9356	-1.2242	0.2735	0.9810	-0.3624	0.3066	0.3345	0.5129	0.3105	-0.9818	-0.4743	-1.8039	-0.3347	-0.1396	0.3504	0.8724	-0.0854	-0.9336	-0.1620	-0.5359	-0.6302	-0.2852	-1.1430	-0.7424	-0.0897	-0.9528	1.1901	-1.2554	-0.7555	0.2380	-0.1000	0.3327	0.3476	0.6822	-0.8220	-0.1177	-0.2222	-0.1617	-1.2163	-1.6173
-0.7695	-0.0589	1.7108	2.2179	-0.3646	0.7552	-0.6306	-0.2892	-1.5741	-1.0885	-1.6890	-0.4480	1.4715	-0.3741	1.7164	0.6049	0.5006	-0.2014	-0.9631	-0.9112	-1.8852	-1.3730	-0.2548	-1.4797	0.0932	-1.1982	-1.6642	1.0670	-0.3579	-0.3778	-0.3911	0.0065	-0.9014	0.2980	-1.0040	1.7283	0.1100	-0.5556	-0.2524	1.3777	0.5007	1.7002	-0.8051	0.1119	-0.1007	0.1683	-0.1890	-1.2765	-2.0092
-0.7753	1.9923	1.6522	2.3693	-0.8385	2.4807	-0.1262	-0.7043	-0.7976	-0.8963	-0.7350	0.7711	3.2372	0.7457	3.0860	1.7705	1.2565	0.0721	-0.2554	-0.0480	-1.0984	-0.5189	1.2003	-0.7981	1.1002	1.1872	-1.3828	2.2558	-0.3901	2.2344	1.2391	1.0116	-1.0704	1.8513	-1.3301	1.9092	-0.5082	0.9273	0.3192	2.8149	0.4462	1.9690	-0.3509	1.5368	0.4860	0.9527	0.1301	0.0967	-0.6580
-0.7303	1.8999	0.5534	1.0094	-0.4466	0.5567	-0.1743	-0.6729	-0.3219	0.0791	0.0696	0.1798	1.5456	-0.0567	1.9736	0.6813	1.4923	-0.3698	-0.3073	-0.1074	-1.1643	0.7788	-0.3582	-0.5501	1.7436	1.6111	1.0923	1.9899	-1.0755	2.4635	1.0853	0.2385	-0.4068	1.3299	-0.9010	1.4948	0.3376	-0.6396	0.8410	0.6966	0.7624	1.8284	0.3408	2.2017	0.4746	2.3046	0.4699	0.2474	-0.3899
1.1737	2.2929	-0.9479	-0.9278	0.6935	-2.2694	0.2830	-0.4734	-0.8924	0.2934	0.2776	2.0260	-2.0477	-0.4946	0.2799	-1.0203	0.7664	0.2202	-1.5923	0.8894	-1.3136	1.0667	-0.4520	0.0295	2.0844	0.5344	0.5305	-0.0625	-1.7863	2.7648	0.8531	1.5850	0.2752	0.2133	-0.4277	1.0405	1.7756	-0.1374	0.2892	0.7767	1.5303	1.3700	0.6253	0.5583	2.2982	2.5317	-0.8557	-0.2661	-0.1101
-1.3615	-0.7139	-1.3246	-0.5603	0.4545	0.0994	-0.5422	-0.8884	-1.4963	1.7304	-0.4885	-0.8131	-1.4367	-0.4897	-1.4514	-0.1932	0.8548	0.4695	-1.8800	0.0418	-2.8409	-0.0197	-1.3920	0.3241	1.7701	-1.8807	0.7111	0.0180	-1.5334	2.7357	-0.4638	1.0876	-0.4249	-0.9397	-0.5443	1.7567	0.2484	-1.7654	0.4563	-0.0287	1.2837	0.1858	1.3068	-0.7468	1.5594	0.5357	-2.5615	-1.0621	-1.2834
-1.5145	-0.3780	-0.6485	-0.5904	-0.6372	0.0818	-0.2985	-0.7679	-2.2459	0.5578	-0.3012	-0.8782	-0.6199	-0.6231	-0.2374	-0.1523	0.8571	-0.0641	-1.6229	-0.2843	-2.7934	-0.0542	-1.2555	0.6835	0.9841	-1.6916	-0.7759	0.4997	-1.4499	0.1284	-0.4120	-0.7020	0.1941	0.3345	-0.5566	1.1403	-1.3673	0.0591	0.1477	0.9373	0.4168	1.1334	0.5750	-0.4918	0.8545	-0.0437	-2.1169	-0.8871	-0.7664
-0.0723	0.3781	-1.1009	-0.2365	0.1509	-0.6587	0.2484	-0.4312	-0.0957	-0.6319	0.8263	-0.9170	-0.5348	-1.0192	0.7385	-0.7714	0.3263	-0.4252	-1.4629	0.5890	-1.6258	-0.5154	0.3394	0.9195	0.6874	0.2761	0.4239	0.7140	-0.3601	-0.2063	0.0321	0.4831	-0.4634	1.2897	-0.2300	-0.4017	-0.6491	0.0807	-0.0191	0.8125	-0.2412	1.3802	0.7540	0.4378	-0.3517	1.8184	0.6858	-0.3275	0.8234
-0.2457	0.6809	-1.0325	-0.7368	0.4131	-0.3329	1.4281	0.8332	0.5548	0.7645	1.3954	-0.7219	-0.8898	0.6252	0.1435	-1.2164	0.0455	0.6650	1.3276	1.0662	1.6986	1.9328	0.2491	-0.1766	1.1016	1.5639	1.6291	-0.2679	0.9955	-1.1232	-0.4211	0.9600	1.6185	0.1803	1.5293	-1.5272	-0.7395	-0.6708	1.1141	-0.0384	-0.3321	2.6125	-0.6982	1.3371	0.4396	0.4708	0.5827	0.8475	1.2826
1.1035	-0.1758	-1.5233	-1.5405	1.0386	0.2488	0.8093	0.9696	1.9771	1.7967	2.5666	-0.2053	-1.0362	0.2452	-0.5818	-1.8788	-0.9791	-0.6889	1.4451	0.9207	1.1004	-0.3647	0.0361	0.9199	0.2444	1.7319	0.2166	-0.8116	1.4316	-0.8801	0.2305	-0.6959	1.6912	0.6097	1.5183	-2.8669	0.8031	0.4702	-0.1278	-0.2658	-0.2711	-0.2431	-0.0608	-0.0798	0.1413	-0.0687	-0.7398	0.3495	1.6400
0.7932	-0.3260	-0.9520	-0.2874	0.2463	1.8255	0.9746	0.3133	0.8958	0.2629	-0.1386	-0.4946	-0.6935	0.5055	-1.3536	-1.0585	0.1650	0.3794	1.2750	0.9985	2.0411	0.7499	-0.9104	0.6637	1.0197	0.9604	0.6175	-1.3448	1.2194	-1.1400	-0.8056	-0.5210	1.9519	-0.6962	1.2920	-1.3343	0.8109	-0.2434	1.0761	0.0154	0.3694	0.3953	0.0426	-0.0400	1.4995	-0.5960	-0.9304	0.2860	0.0362
-0.3216	-0.4663	-1.5346	-0.4903	-0.4084	0.3786	-0.7111	0.4480	1.2821	-0.1796	0.4944	-0.5747	-1.8313	0.8995	-0.9217	-1.4728	0.6319	-0.6653	0.7248	0.9722	1.6052	-0.0859	-1.2538	0.5514	1.0243	0.5008	1.9064	-0.9559	0.8997	-1.2093	-0.1719	-0.1282	1.5239	-0.4350	0.6825	-1.0453	0.1714	0.7085	1.1190	-0.7886	-0.5064	0.0284	0.4418	-0.0871	1.3996	-0.6154	-1.1548	0.1820	-0.0323
-0.3429	-0.5897	-0.7256	-0.0521	0.9555	0.6960	-0.2832	0.7091	1.2144	-1.1955	-0.0530	0.9145	-1.3030	2.2514	-1.0416	-0.6124	1.4947	0.1971	1.6295	1.3847	2.1367	0.8964	-0.7184	0.4514	0.7553	1.7072	2.1951	-1.5641	1.2990	-1.9133	0.5832	0.0620	0.7286	-0.1855	1.7053	-0.6021	0.0115	0.5272	1.8585	-0.4754	-0.9111	-0.0447	-1.0044	0.2786	1.7529	-0.3406	-0.8596	0.8804	-0.2541
0.2620	-0.9945	-0.7689	0.0773	0.0470	2.3053	-0.1943	0.6188	0.4866	1.1909	-0.2163	0.6773	-1.1222	2.1750	-1.3325	-0.8844	2.0087	-0.4387	1.6763	1.2851	1.6935	0.4308	-2.1436	0.7241	0.1456	0.8379	1.6365	-1.7841	1.4465	-0.8122	-0.1313	-1.1783	0.5510	-0.4263	1.4027	-0.8399	0.3733	1.7484	2.5362	-0.1376	-1.1190	-1.0558	-0.9489	-0.6849	1.5298	-1.0785	-0.7936	-0.8752	-0.5773
1.3388	0.4260	-0.8461	-0.2819	1.0049	2.5261	-0.7839	0.3991	-0.2919	0.0299	0.8117	2.5375	-0.6893	2.8794	-0.9270	-0.5646	2.4226	-1.4284	0.4732	0.9911	1.4283	0.7128	-1.2446	-0.4021	0.4202	0.5876	0.4582	-1.3651	0.7401	-0.2461	-0.6360	-0.8583	0.7387	-0.1034	0.7736	-0.7759	-0.0014	1.8671	2.9382	-0.2141	-0.8809	-2.3401	-0.1729	0.1610	2.2643	-0.9905	0.0004	-1.2900	0.2748
0.2063	-0.2017	-0.7085	-0.9902	0.4242	1.0357	-1.7923	-0.2795	-0.2587	0.4079	0.1660	1.5779	-1.0958	2.0754	-0.9923	-1.2004	1.8844	-0.4541	-0.4811	0.1957	0.3121	0.2000	-2.1776	0.1839	0.2402	-0.7849	1.2465	-1.4240	1.2812	-1.2346	-1.1972	-0.5663	1.1005	-0.7107	1.1022	-0.7941	-0.4387	0.3478	2.0431	-1.3100	-0.3119	-2.7100	0.1481	0.9085	1.4392	0.0267	0.5497	-1.3824	0.2128
-1.3499	-0.4229	0.0030	0.1603	-0.7903	-0.3418	-2.6754	-0.0366	-1.4299	1.3001	1.0079	-0.1578	-0.1484	2.3207	-1.7222	-0.1977	1.3099	0.1606	-0.9959	-0.4039	-0.3522	-1.0708	-2.0965	-0.4247	-0.2432	-0.5083	0.5124	-1.1695	1.0295	-0.9846	-1.9654	-0.9475	0.1353	-0.4321	1.8619	-0.5445	1.4049	0.7837	2.2232	-1.5705	-1.0039	-1.8801	-1.0573	-0.9671	0.6347	-1.6010	-1.1511	-0.4807	1.1091
0.1944	-0.7268	-0.0641	-0.3717	-0.1274	-1.2355	-0.3555	-0.0036	-1.9550	0.8498	-0.7726	0.5726	-0.7705	0.0063	-0.1715	-0.2763	-0.0209	0.0203	-0.8027	-1.4239	-1.7193	-0.4030	-0.9510	1.9587	-0.2947	-0.2162	-1.0404	-0.9224	-0.9010	-1.6394	-0.3576	-1.0792	-1.2507	0.0120	0.4744	-0.7184	0.6731	1.6619	1.5842	0.8197	-0.1450	-1.5815	0.3875	-1.6400	-1.3642	-0.5301	-0.6248	-0.8136	0.2227
-0.5877	-0.7905	0.5006	1.3134	-0.5563	0.5286	-1.5062	1.5374	-1.7584	-1.3049	0.2631	0.2543	1.1284	-0.1290	0.1112	1.4404	0.6746	-1.0061	-0.6776	-0.9815	-0.0843	-0.5744	-0.7707	-0.5695	-0.4420	-1.4158	-1.4415	0.2595	-0.5307	0.0763	-0.2884	-1.1694	-1.2139	0.0296	0.1261	0.2750	0.5262	-1.2409	1.3223	0.7629	-0.1328	-1.6900	-0.6812	-0.5347	0.7159	-0.1793	-0.3258	-0.5906	-0.8286
-0.2192	-0.1999	0.8724	0.6433	-1.1897	0.4112	-0.6179	1.1625	-0.6171	0.0869	0.0559	0.0620	1.4601	-0.0879	0.5657	1.9752	1.3226	-0.7796	-0.7090	-1.1587	0.3709	-1.2684	-0.9738	0.0220	0.0069	-0.5823	-0.9843	0.4772	-0.1367	0.4936	-0.9128	-2.2726	-1.0202	0.6505	-0.1017	0.4317	-0.6901	1.2320	1.1138	0.4697	0.3642	-1.5319	0.6906	-0.5997	0.2912	-0.1508	0.1236	-0.3807	-0.2229
-0.7344	0.5086	1.8168	0.4477	-1.3689	-0.0801	-0.8622	0.8970	-0.2339	-0.4137	-0.1440	0.6561	1.2757	1.5619	0.5069	2.1902	1.4991	0.5005	-0.7008	-1.7340	1.4587	-0.1972	-0.5971	-0.5216	0.4175	-0.2561	-0.1882	-0.6993	-0.3808	-0.2582	-1.5838	-0.8842	-0.3717	-0.4492	1.8897	0.8941	0.1433	-0.8091	1.3583	-0.5205	-0.2958	0.2693	0.1229	0.6294	1.4170	0.5936	-0.1679	0.4904	-0.2037
-0.6260	0.1565	0.7650	0.0981	-2.1629	-0.7076	-0.8610	0.3347	-0.7149	0.7037	-0.3534	0.5791	-0.0367	1.0659	-0.1116	0.6859	1.2689	-0.5172	-0.1682	-0.7912	-0.0671	-0.7576	-1.6263	0.7621	0.0029	0.3394	-0.6286	-0.9580	-1.4915	-1.2097	-0.0881	-2.4493	-0.8958	-0.5007	1.2306	0.3688	1.3114	0.5679	-0.0625	-0.7478	-0.6307	-0.7722	0.9549	-1.3469	-0.4701	-0.5279	-0.9029	-1.4172	0.1962
-0.3065	-0.5356	0.8765	0.4147	-1.7127	0.4774	-0.1949	0.7755	-0.9146	-0.4015	-1.2846	0.5672	0.2923	0.9676	-0.0826	1.5286	0.2911	-0.0597	0.0467	-1.2378	-0.8133	-0.9093	0.1562	0.9128	-1.3156	-0.0596	-0.8684	-0.9500	-1.4903	-0.4290	0.0847	0.0899	-1.1637	-0.4119	0.6685	0.3629	1.0980	0.0539	-0.6329	-0.4770	-0.7518	-0.7270	-0.4692	-0.9546	-0.4638	-0.4999	0.0143	-1.7942	-0.2032
0.4821	-0.5367	0.4630	-0.3694	-0.9806	0.3528	0.1928	0.7449	0.1468	0.8164	-0.4839	-1.2319	0.0652	-0.3341	0.2911	0.7490	-0.8452	0.0296	-0.1917	-0.7840	-0.9877	-0.7110	0.1889	-0.6794	-2.2688	-0.2045	-0.8696	-0.3499	-1.1290	-0.4000	0.5964	-0.1464	0.0646	-0.2519	-0.4193	-0.0694	-0.7263	1.2961	-1.4428	0.5983	0.5098	-1.1177	0.3389	-0.1750	-1.3662	-0.7293	-0.1046	-0.8253	-0.3122
0.4280	-0.4356	-0.4456	-0.9287	0.8672	1.0656	0.3830	1.1950	1.7566	-0.7870	0.2908	-0.9143	-0.3205	-0.4524	0.1617	0.1126	-1.6103	0.4890	0.8544	0.8685	-0.1132	-0.3021	2.1747	-0.3928	-1.4985	0.9859	-0.3951	-0.0163	0.0189	1.7424	-0.6255	0.1469	-0.7754	-0.2998	-0.5319	-1.0467	-0.8872	0.7602	-0.4605	-0.4492	-1.2068	0.8100	-0.5432	0.3081	-2.3268	-0.8997	-0.5372	0.6202	0.2513
2.1547	-0.5226	-1.2973	-1.3398	1.6731	0.5363	1.5968	1.3458	1.6206	0.9327	-1.1644	0.5989	-1.0454	0.3199	-0.2837	-1.3120	-1.5004	1.6866	2.3341	1.2914	1.0223	2.4190	1.9424	-0.0109	-0.9184	2.2312	1.0522	-0.8897	1.0182	0.0785	0.0341	0.7417	1.4442	-1.2184	0.1550	-0.4491	-0.9512	0.2216	-0.1561	-0.2824	-1.5116	0.7787	-0.5832	1.3704	-0.9350	-0.2859	0.7365	0.0102	0.5695
-0.0110	-1.2574	-1.7766	-1.1721	0.7231	-0.5704	-0.0321	1.1095	2.4409	-0.0657	0.8479	0.1613	-1.7533	0.1241	-0.5269	-1.4013	-1.7718	0.6323	2.0213	0.8071	0.5789	-0.3179	0.9908	0.2429	-1.9833	0.4347	0.2092	-0.4473	1.3458	0.4285	1.2393	0.7657	1.3638	-0.6261	-0.2522	-0.8585	0.0338	0.0005	-1.5326	1.0842	-1.5240	-0.3663	-0.8012	-0.0301	-1.0072	0.1193	0.5368	0.0772	-0.0501
0.5498	-1.0342	-1.0595	-0.8722	-0.7965	-1.4613	1.4407	0.6805	1.2348	-0.2574	-1.3066	0.6669	-1.6347	0.1581	-1.0126	-1.5757	-1.3569	1.7780	2.7709	0.1336	1.9192	0.2359	-0.1739	0.2744	-1.7466	-0.3990	1.4076	-0.1850	1.4226	-0.9101	1.3773	-0.9412	1.2726	-0.0017	0.2719	0.0756	0.3550	-1.2408	-1.1863	1.5018	-1.1656	-0.0397	-0.6642	-0.2146	-0.4548	0.0736	1.3374	0.8667	-0.2130
-0.0501	-0.9457	-0.9305	-0.2930	-1.8709	-0.1976	0.4196	0.5459	1.1484	-0.4682	-0.5404	-1.3653	-0.8110	-1.2661	-0.9940	-1.2068	-1.2173	1.1577	1.2532	-0.7443	1.2353	-1.9893	-1.3965	-0.1558	-1.3032	-2.7030	0.7734	0.5324	0.4553	0.5572	0.7314	-1.5667	-0.8182	0.6382	-0.0756	-0.3051	0.1367	-0.4168	-0.9364	0.7191	-0.3395	0.2981	-0.5095	-1.3618	-0.8734	-0.6865	-0.8390	0.2256	-0.8830
-0.1312	0.0617	-0.2091	0.2689	-1.5418	0.1651	0.3527	0.0611	-0.3044	-1.3269	-1.4100	-0.9006	0.0203	-1.3867	-0.1424	0.0447	-0.9235	1.5601	0.4807	-1.5557	1.6190	-0.2473	-0.2772	-0.6939	0.5586	-1.1432	0.5284	-0.0290	-0.1311	0.6342	0.0561	-0.8814	-0.2851	0.6060	0.5981	-0.2067	-1.8542	0.5162	-0.8116	1.0220	0.9014	1.4851	-0.4063	-0.5143	0.0798	0.1911	0.3478	1.4545	-0.5846
0.4202	0.1211	-0.1823	0.3852	-1.4189	-0.4214	-0.1467	0.8100	0.8716	-0.3569	-0.0736	-0.6769	-0.0291	-1.7529	-0.0327	0.0370	-1.3908	0.6958	-1.0604	-1.6850	0.3577	-0.5915	0.8108	-1.0525	0.8237	-0.4191	-0.0456	-0.1928	-1.2313	0.4570	-0.5669	0.5491	-0.1658	-0.2007	0.6534	-1.4373	-1.1084	0.2774	-1.6209	-0.7792	0.2140	1.2888	-0.4700	-0.3485	0.1681	1.4008	0.5218	1.2903	-0.4879
1.2968	0.7911	-0.1110	0.5999	-0.2038	0.5300	1.4431	0.6378	0.0789	-1.3494	-1.1706	0.1103	0.5595	-0.6519	-0.4211	0.2477	-1.3866	0.5759	-0.5836	-0.4344	-0.6026	-0.6610	1.3209	0.8910	0.3629	0.2186	-0.6962	-0.6866	-0.1696	1.0448	0.0860	0.6747	-1.0358	0.1884	0.1991	0.1483	-1.0084	0.5539	-0.4905	0.3981	-0.0797	0.5324	0.3480	0.1242	-0.0019	0.9889	1.6986	0.4593	0.2592
-0.0242	0.9014	0.0025	0.0564	0.8236	0.2364	0.0983	0.4392	-0.1095	0.1730	-0.3215	-1.2877	0.7937	-0.1625	-0.1050	-0.1123	-0.9642	-0.1656	-0.3084	-0.4089	-1.8132	-0.0726	0.3559	-0.5636	-0.3177	-0.1887	0.9996	0.4765	0.7044	1.7454	0.4273	0.2023	-0.6436	0.6589	-0.4538	1.2386	-0.7454	0.1073	0.4218	0.0733	0.1762	-0.2938	1.0608	1.0736	-0.4220	0.6319	1.5172	0.0242	0.7848
0.5287	1.0529	-0.5919	-1.3189	1.3392	-0.4523	-0.3148	0.2223	-0.4186	0.9906	1.6898	-0.7848	-0.0101	-0.2393	-0.3187	-0.0944	-0.7131	-0.7180	-0.0787	-0.3688	-1.0139	0.9710	1.0135	-1.0056	-0.1767	0.6271	0.3855	0.3431	-0.1032	0.1859	0.5052	-0.5116	0.3882	0.5530	-1.5068	0.1305	0.0887	0.7387	0.2971	-0.7679	1.0085	-0.1558	1.2617	1.1286	0.3397	-0.8235	0.4876	0.1773	0.9039
0.5962	-0.1792	-1.0314	-1.3907	1.0993	-0.1969	-0.0569	0.1816	-0.6920	-0.3763	0.2135	-0.3488	-1.1272	-1.3098	-0.9744	-0.6543	-1.5482	-0.7909	-0.8518	-1.1217	-0.5531	0.6035	1.1919	2.0904	-0.4119	-0.9529	0.3511	-0.2388	-0.3036	-0.6451	-0.3312	0.6137	-0.1294	-0.6501	-1.1581	-0.0342	0.7773	-0.1955	-0.9603	-1.5655	0.0582	-0.1425	0.2361	0.7902	0.1784	-0.8560	0.1852	-0.4253	-0.4610
-0.4689	-0.8662	-0.3676	-1.6538	0.8025	-1.2582	1.2400	0.5605	-0.3915	0.0555	0.0176	-0.8571	-1.4448	-1.9341	-0.6365	-1.3785	-0.8562	0.0720	-0.9113	-0.7943	-0.8606	1.0809	1.7076	0.1714	-0.4369	-0.8950	-0.6687	-0.3259	-0.2456	-2.3342	-1.1408	1.8547	0.2396	-1.3037	-0.7119	-0.4559	-0.0589	0.1063	-1.5375	-1.0516	-1.2065	1.0049	-0.8285	-0.0266	-1.6362	-1.2571	-1.1112	-0.0420	-0.3241
0.9522	-0.9841	1.0117	-1.2025	1.0196	-0.4274	3.1640	-0.7670	0.3371	1.0944	-0.1428	-0.6520	-0.8744	-2.8808	-0.0563	-0.6409	-1.3610	-0.1329	-0.5188	0.1206	-0.7822	0.3403	1.6061	0.3218	-0.3127	-0.9734	-0.8304	0.9723	-0.4279	-1.1060	-2.0573	2.5738	-1.2574	-1.1337	-0.9556	0.2444	0.6781	0.0067	-1.3515	0.0991	-0.3868	-0.3122	0.0909	-0.2798	-2.0221	-0.0131	-0.0840	-0.2081	0.9875
0.4791	0.0445	2.9651	-0.0674	2.5452	0.2171	-0.6692	0.0681	0.1048	-0.9207	1.5427	-0.7867	-0.7791	-2.0341	0.7255	-0.7345	-0.8958	-1.0422	-1.2546	0.2342	-0.1185	0.2252	2.1946	-0.0703	0.3275	1.3946	-1.1878	1.3569	-0.8780	0.6001	-1.9892	1.4516	-0.5510	-0.3763	-1.5066	0.9969	0.0822	-0.3306	-0.1671	-0.3640	-0.1624	-0.4423	0.1171	-0.1810	-1.5357	0.5913	1.0929	-0.3518	0.7267
1.2119	1.5868	3.0249	-0.2830	1.1969	-0.5061	0.8115	-0.0219	-0.8505	0.8216	1.9259	0.3819	-0.8354	-1.0185	1.7600	-1.3890	0.2097	-0.6664	-0.2483	0.4063	0.6214	1.0072	1.4561	0.2385	0.9272	2.3025	-0.7994	0.7295	-0.7601	-0.2865	-0.5952	1.2061	1.8716	-0.2739	-1.2316	0.5855	-0.4733	-0.3629	-0.3996	0.4807	1.4766	-0.1138	0.7557	0.8526	-0.9051	0.5010	1.2248	0.0887	0.7133
-0.0446	0.3289	1.3891	-0.7653	-0.5592	-0.8715	0.0834	-0.0542	-0.5363	1.5674	2.9701	-0.7118	-0.1742	-0.6485	0.4561	-1.1476	-0.0794	-0.7431	-0.0176	-0.2344	0.0828	-0.3205	0.7334	0.0901	0.1822	0.4080	-0.6105	-0.2320	-0.4993	-0.9589	0.3412	1.0537	1.1958	-1.0238	-0.3286	-0.9478	1.2544	-0.7854	-1.4954	-0.7702	0.9946	0.9126	-0.7626	-0.6084	-0.4943	-0.7415	-1.7950	0.1091	0.4789
-0.8386	-0.8591	-0.4072	-0.3704	-1.0037	0.1645	-0.5324	0.6858	-0.6831	-0.7450	-0.5965	-0.4979	0.6520	-0.6120	-0.4706	0.2227	-1.3302	-0.2846	0.0510	-1.5194	-0.3382	0.0263	2.0751	1.4140	0.0926	-1.2157	-0.2801	-1.2697	-0.8307	-0.3804	-0.3452	0.8281	-0.2204	-1.5059	-0.2634	-0.4332	0.9604	-0.4502	-0.8218	-0.8873	0.0560	0.7037	-1.2976	-0.8458	0.9578	-1.1761	-0.9116	-0.0174	-0.2860
-0.9593	-1.7976	-1.2664	-0.5498	-0.8983	-0.1966	-1.3027	0.7234	-0.6658	-1.0375	-0.4246	-1.7642	-0.4486	-1.6894	-0.6819	-0.7170	-1.1559	-1.7018	-0.6282	-0.7969	-0.3256	-0.7333	0.4701	-1.4373	-1.1428	-2.1654	-1.6450	-0.2883	-0.1670	-0.9389	-0.6755	-0.5774	-0.5295	-1.4556	-1.8849	-0.5313	1.2186	-1.2385	-0.9656	-0.7478	-1.2639	-0.6844	-0.7405	-1.4666	-0.4226	-1.8369	-1.0085	-0.3739	-1.4406
0.4938	0.0204	-1.0587	0.5478	0.5076	-0.8838	0.0350	0.7398	0.9377	-1.0688	0.2930	0.1490	0.4963	-0.1194	0.3225	0.1691	-0.3330	-1.3189	-0.3420	0.4303	0.6972	-0.0781	1.4100	-1.6054	-1.8239	0.8633	-0.6875	0.4873	-0.6463	-1.5575	0.1980	1.3083	-0.4890	0.3280	-1.4930	0.1682	-0.9092	-0.3878	-0.3302	0.6004	-1.2433	-1.3940	-0.1478	0.1219	0.4834	0.3442	-0.0958	-0.3301	-0.3295
2.1927	-0.3337	-0.0378	1.0284	0.3242	-0.2603	0.4232	0.2025	1.7503	0.6380	-0.8325	-0.0591	1.5338	0.7588	0.1708	0.8378	0.8117	0.6269	0.6104	-0.0964	0.5588	0.5458	-0.9702	-0.1382	-1.3677	0.3366	0.3767	1.0116	0.7614	-0.3249	0.8290	-0.5069	-0.0217	0.8657	-0.4430	0.8754	-1.0481	0.2751	0.8199	-0.2302	-0.6298	-1.2973	0.8450	1.0625	-0.2667	0.6492	0.3942	-0.5364	-0.2527
0.8448	0.3042	1.1517	2.3770	0.1352	0.4248	-0.6703	-0.2164	1.1152	0.0754	0.4432	-0.1398	2.5599	0.9082	1.1157	1.8507	1.6221	0.2573	-0.5432	-0.1128	0.8394	-0.6914	-0.6910	-1.6442	-0.8615	-0.4983	-0.8409	2.4011	1.3404	1.1057	0.1886	-0.7930	0.0431	0.6229	-1.2487	1.0838	0.1459	-0.1958	0.1250	-0.6233	0.2013	-1.6068	0.8684	0.9892	0.0268	-0.3886	0.9835	0.4656	0.4188
1.0504	1.1651	1.3848	1.5582	-0.1252	-1.1025	0.0380	0.0128	0.2434	0.7670	-0.7781	1.0486	1.8118	0.3609	2.2819	1.0299	1.3800	-0.4495	-1.1168	0.2271	-0.2137	0.6922	0.2195	0.1854	0.0164	0.3093	-0.4723	1.1653	0.3871	0.3838	0.6510	-0.5261	-0.1601	0.3966	-2.0857	0.5551	-0.5597	0.7421	0.4883	-0.4311	1.2616	-1.0124	2.1296	1.9887	-0.6744	0.5996	1.7363	0.5864	0.5821
0.2507	0.8608	0.2662	1.0292	-0.6425	-1.6972	-1.3103	-0.0509	-0.3261	0.3176	0.0582	0.6368	0.9613	-0.1043	0.5677	0.9940	0.3517	-1.4778	-1.1692	1.2278	-0.1547	0.9105	-0.5551	-1.2435	-1.0473	-0.3302	-0.5022	0.4552	0.2522	-0.1890	0.8293	-0.9058	0.0371	0.3222	-1.6177	0.0357	1.9508	-0.8343	-0.1393	-1.5201	0.5555	-0.8450	0.8233	0.6910	0.0530	-0.5533	0.6354	0.2814	0.5138
1.3439	0.4542	0.0309	0.2461	0.0743	-3.1370	0.8806	-0.0745	-0.0971	-0.6947	-1.2304	1.7111	-0.0248	-0.5554	-0.6295	0.4714	-0.5743	-0.3578	0.1691	0.7952	0.0727	1.2957	-0.4863	0.7453	-0.5421	0.5621	-0.4888	-1.1372	0.3206	-1.9155	0.6403	-0.4802	0.4022	0.1996	-0.7933	-1.0258	-0.7385	-0.1559	0.1817	-0.8069	0.8754	-0.7705	0.5356	0.0583	-0.1792	-0.1648	1.3101	0.5102	0.8269
-0.8624	-0.3969	1.0319	1.3230	0.4443	-1.2414	-0.8498	-0.3107	1.2246	-0.5736	-1.1867	-1.1162	1.5087	-0.6508	-0.4948	1.6829	-1.2671	0.2568	0.4304	0.3194	0.5769	-0.3191	-1.3223	-0.9405	-0.8766	-1.5055	-0.2636	0.0484	0.9580	0.3904	-0.7503	-0.7512	0.0490	-0.3592	0.7136	-1.2237	0.3075	-1.6070	0.0088	-0.3765	0.8140	0.2304	-0.8985	-0.4216	-0.0441	-0.2601	0.7038	0.9617	-0.4285
-0.6978	0.3141	0.7108	1.0843	-1.3233	-0.5182	-0.2614	-0.0108	1.5527	0.7455	-1.8442	-1.9011	0.8117	0.0126	0.4758	1.5164	-0.9186	0.8712	1.1397	-0.0159	0.8238	-0.6630	-0.5702	0.6681	0.1773	-0.5164	0.3927	0.0640	0.9585	0.8128	-0.6468	-1.3153	-0.2958	0.3598	0.8260	-1.2461	-1.5164	1.2347	0.0591	1.2438	1.2624	1.3219	-0.0896	-0.6465	-0.8577	-0.6859	0.8725	1.0361	-0.1922
-0.7610	0.3897	0.2256	1.2312	-1.3693	0.2379	-0.2451	0.3111	1.1164	0.5748	-1.4670	-0.9638	0.7434	0.1339	0.3643	1.6050	-0.9021	0.7621	0.5070	-0.8309	0.6530	-0.4077	-0.2277	0.0039	0.6241	-0.6147	0.8973	0.5459	0.4393	0.5031	-0.6135	0.4657	0.0182	-0.2322	1.2476	-0.2818	-0.3685	-0.7507	-0.9040	-0.2459	1.1111	1.6701	-0.2048	0.9685	0.0374	0.5847	0.7657	1.0258	-1.3056
-0.5524	1.3528	0.3600	1.8184	-1.4350	1.2590	0.7397	0.3844	-0.0244	-0.0797	-0.6231	1.6879	1.4686	1.4207	0.2345	1.8533	-0.6767	-1.0162	0.2035	-0.4088	0.3170	-0.9731	0.5699	-0.0662	0.7463	0.2406	0.3632	0.4133	-0.3545	1.2648	0.8406	-0.3910	-0.2840	0.5722	0.7418	0.1765	-0.2802	0.2735	-0.9817	0.9168	1.7002	-0.6636	0.5589	-0.1179	0.8507	1.0826	1.0670	1.3295	-0.0018
-0.7429	0.6599	0.7907	0.6339	-0.7286	0.2456	-0.2622	-0.0150	-0.5756	-1.2076	-0.7794	-0.3610	0.3276	0.6405	-0.0089	0.5563	-0.1770	-0.3786	0.1471	0.0409	-0.3951	-0.5227	-0.2886	-0.1574	1.4181	0.3761	0.6039	0.6791	0.0142	2.0821	1.0748	-1.1246	-1.1109	0.1957	0.2287	0.3255	-0.0868	-1.0531	0.0252	0.0717	1.0515	-0.1060	0.5345	-1.0271	0.1155	0.3522	0.8257	1.7756	-0.2751
-1.3332	0.5857	0.5513	-0.3406	-1.1028	0.2486	-1.2298	-0.5684	-1.3377	0.1651	0.1975	-0.5630	-0.0570	0.3506	-0.4082	0.6710	0.6937	-0.0983	-0.3359	-0.0805	-0.2141	0.6551	-0.7543	-0.0114	1.5508	0.0154	-0.2575	0.2947	-0.9755	1.4682	1.3130	-1.6014	-0.1481	-0.2700	0.0945	1.3000	-0.2989	0.7729	0.2659	1.0033	0.9047	1.1926	0.9053	-1.3233	0.8076	-1.3041	-0.7141	0.8144	-0.7111
-1.0485	0.0528	-0.5071	-1.1630	1.0703	0.4962	0.0141	-0.4466	-0.4544	-0.0468	0.8514	0.1255	-0.4810	-0.2105	-0.3410	-0.7358	0.2853	0.0292	-1.5542	0.6031	-1.5305	-0.5646	-0.0472	0.4115	1.0324	0.7267	-0.5933	0.0192	-0.3838	0.6586	0.0881	0.2957	-0.0710	0.6037	0.0054	1.0230	-0.7679	-0.2644	-0.1324	0.5770	0.0748	1.3625	0.8932	-0.4911	-0.2512	1.0976	-0.4807	-0.7583	-0.7422
-0.5165	0.0601	-0.4292	-1.2994	2.0050	0.9811	1.3770	-0.5627	-1.5673	0.8691	-0.2026	1.3168	-0.2733	0.2784	-0.8817	-0.8037	0.5520	1.4850	-0.4051	1.0811	-1.1341	1.9040	0.2856	-0.2399	0.9222	0.2817	0.2792	-0.5480	-0.1216	-1.4905	-0.5728	1.3307	1.4984	0.3195	1.4056	1.2634	-0.9077	-0.6001	-0.7660	1.0310	0.5743	1.5010	-0.5537	0.8054	0.5927	1.5258	-0.2773	-0.8644	-1.1156
-0.2199	0.2157	-1.1436	-1.5601	1.6591	0.5590	1.2155	-1.1903	0.2288	-0.2266	1.1758	1.2355	-1.2306	0.5699	-0.1519	-1.8104	0.7239	-0.2028	-0.2990	1.8521	-1.0478	-0.1993	-0.6585	0.6736	0.4933	-0.0413	-0.6420	0.0862	0.3994	-0.2825	0.5148	1.5353	0.5901	0.4211	0.5015	-0.0583	0.2299	-0.6446	-0.3051	0.1508	-0.8714	0.7424	-0.9308	-1.1220	-0.8697	1.6717	-0.4511	-0.2731	-0.9742
-0.8159	-1.1526	-0.0523	0.4392	0.5126	1.1719	0.3149	-0.3134	-0.9608	0.5550	-0.9474	1.6545	-0.4704	0.3227	-0.6696	-0.6384	1.0438	-0.4976	0.7239	0.4127	-0.0033	0.4482	-0.3826	-0.6354	0.8605	-0.5070	0.0710	-0.0595	-0.1240	-1.0231	0.5001	-0.4717	0.4440	-0.4312	0.7038	0.4547	-0.1061	-1.2838	-0.2978	1.1058	0.2016	0.7561	-1.6858	-0.1507	0.8223	-0.2876	0.1070	-1.2562	-1.7734
-0.9838	-0.9891	0.9304	1.9359	-0.6786	1.8939	0.1885	-0.4340	0.2212	0.0418	-0.3177	1.4970	0.6222	0.6618	1.3827	0.3685	1.3864	-0.4894	0.7601	0.3438	-0.5870	-2.0134	0.4527	-0.1737	1.4405	-0.7653	0.5005	1.6374	-0.1176	0.0745	1.4446	0.3737	-1.4297	1.4427	0.1372	1.2976	-0.8120	0.1937	-0.0632	1.7601	-1.6797	0.7005	-1.3013	-0.4266	0.6176	-0.4986	-0.7545	-2.5672	-1.3413
0.7472	0.8870	1.2422	2.0992	-0.1916	0.8735	1.2404	-0.9564	-0.4058	-0.9341	-0.7864	1.8231	0.7459	0.9957	2.0868	0.0894	1.8294	1.6998	1.4269	0.9336	-0.3524	0.6769	1.4597	-0.7583	2.4777	1.2122	1.3058	0.9393	-0.0742	0.0938	1.8169	0.6203	-0.9641	1.9826	0.8636	2.0105	-2.2696	1.4666	1.4280	1.3877	0.5228	1.4775	-0.1263	1.2911	0.0241	0.6576	0.0986	-0.7874	-0.7346
-0.2637	1.4370	-0.0376	0.9217	-0.0081	0.3133	-0.2428	-1.0219	1.0473	-0.7229	0.8043	-0.1452	0.3018	-0.2922	1.4235	-0.3187	1.2980	0.9494	0.3471	1.2744	-0.2743	0.5322	-0.5102	-1.1695	1.5026	1.0217	1.4558	1.1682	-0.1272	0.9928	1.0798	-0.9548	0.0129	1.8398	0.1239	0.8495	0.8021	1.3242	1.1236	0.6429	1.6256	1.0989	1.3093	1.2404	0.7026	1.6845	-0.1960	0.6337	-0.4949
-0.4230	1.6792	-0.8581	-1.4362	0.5856	-0.2852	0.5454	-0.6462	0.9658	-0.8369	0.8292	0.0710	-0.4003	-0.3855	0.5412	0.8747	0.3827	0.9950	0.0469	0.6446	0.4234	0.7761	-0.2130	1.2563	1.0147	1.5749	1.0650	1.1238	0.4654	1.0493	-0.4590	0.0840	0.4519	0.2693	-0.2057	0.6062	1.2550	0.9472	1.0022	0.6898	1.2705	1.5030	1.3621	1.5074	0.6714	1.6937	0.1277	0.8733	0.9681
-0.6890	-0.2073	-1.2245	-1.7293	1.9013	-0.7307	0.1215	-0.3227	0.0123	0.3146	0.3941	-0.2718	-0.8451	0.1279	-0.3154	1.6673	0.0709	0.4520	0.1364	0.4556	0.8756	0.7499	-0.2572	0.8293	-0.6071	1.2533	1.6890	1.3413	1.0098	0.7321	-0.9274	1.9186	1.2236	-1.7150	0.4565	0.4886	2.7067	-1.1184	0.0144	-0.3249	-0.2143	1.6059	-0.1792	0.7852	-0.0726	1.0532	-0.0346	0.8698	1.1942
-1.0265	-0.7018	-1.4381	-1.8140	1.8157	-1.3016	-0.6032	-0.9756	-0.8619	0.9124	0.1021	0.8772	-0.7429	1.4105	0.1178	2.6556	-0.2300	0.4497	0.6175	-0.0414	0.9921	0.8526	0.7833	0.6150	-1.4748	0.7182	0.8334	0.7206	0.8284	0.4276	-0.2607	2.4563	2.0321	-1.7461	1.1251	0.3038	1.8548	0.1812	-0.6970	-0.1804	-0.1956	-0.1171	-0.8916	-0.6939	0.0098	0.1888	-0.1758	1.4639	1.0953
-0.4869	-1.8108	-0.9074	-1.2948	0.6816	-0.0170	0.0396	-1.6546	-1.6631	0.4518	-0.3863	0.5117	-0.4802	1.3905	0.4004	1.8233	0.0536	0.2711	1.0344	-0.8475	0.1724	-0.4602	0.1715	1.7096	-0.7004	-0.8109	-0.0016	-0.0269	0.5249	0.7755	-0.9687	1.1340	0.6186	-1.5650	0.3673	-0.3755	1.9267	-0.0758	-0.4330	-1.3155	-0.2318	-0.8519	-0.8074	-1.9995	-0.5327	-0.8108	-1.0460	0.4398	-0.7708
-0.0419	-1.0817	0.3887	-0.3252	-1.1399	0.5112	-0.3418	-1.5261	-2.1151	-0.1714	0.3060	-0.9730	0.2367	1.0870	-0.3657	0.5409	0.3700	0.2765	0.5614	-0.5571	-0.4784	-1.1530	-1.6237	0.1495	-0.3767	-1.4610	-0.0750	-0.3915	-0.3063	-0.1972	-0.4126	-1.2824	-0.3613	-0.4031	-0.0113	0.4313	1.1499	0.4997	0.0793	-0.2097	-0.6999	-0.9218	-0.2464	-2.2380	0.3972	-1.6393	-1.9521	-0.8224	-0.7014
-0.0156	-0.1527	0.6360	0.2657	0.0616	-0.1017	-0.2573	-1.2804	0.1374	-1.3225	0.0076	-0.2435	0.2870	1.5845	0.9713	0.2581	0.4041	-0.9109	-0.8258	-0.1398	-0.9376	-2.4602	-0.0256	-0.0558	0.2794	-0.7465	0.0426	0.0144	0.3729	0.9549	0.6476	0.2105	-1.6701	1.1002	0.0171	0.1633	-0.4135	0.2326	0.4154	0.3143	-1.9929	-0.4743	-0.3583	-0.6007	-0.8194	0.9652	-0.1347	-1.2006	0.5334
-0.9228	1.7011	1.1101	0.3124	-0.2958	-0.4052	-0.0302	-1.7680	0.3604	-1.7963	0.7161	-0.2566	0.9849	1.9310	0.4179	0.2601	0.6142	0.2197	0.9441	0.8631	0.7917	1.1526	0.0171	-1.2195	1.6193	0.8167	1.4567	-0.8623	0.5605	0.4343	0.9519	0.0956	-0.1050	1.5422	1.4008	-0.2639	-1.6842	0.2948	1.5718	0.1299	-0.0315	0.4438	-0.5520	0.6143	1.0558	0.7926	-0.1584	0.1364	0.8833
-1.0917	0.7580	-0.5261	-0.4241	-1.1016	-0.9737	-0.9253	-1.8071	1.1572	0.4990	2.8265	-0.3966	0.3842	-0.4787	-0.5984	-1.5977	-0.6567	-1.3157	0.8716	0.3381	0.7493	0.8631	-0.6335	-0.0998	0.4297	1.1091	1.0407	-1.2317	0.5594	0.0489	0.8709	-0.0252	1.0247	0.8624	0.7202	-1.5641	0.7628	1.2664	0.6394	-1.6198	0.4256	-0.4931	0.9469	0.1162	0.9519	0.9819	-0.9324	0.3973	0.9279
-1.8640	-0.5187	-0.8100	-0.0661	-0.5624	-1.8150	-0.9839	-1.0665	0.0233	-0.7127	1.6847	0.7283	-0.7939	-0.9817	-1.2331	-1.8083	-0.8946	-1.4212	0.2433	-0.9435	2.0145	0.4272	-0.2101	0.4510	0.4353	-0.2295	-1.0245	-0.8855	0.6568	-0.4211	-0.6668	0.5201	0.1472	-0.3262	0.2490	-0.8142	1.0620	0.2880	1.6568	-1.5460	-0.5695	-0.3819	0.2403	-0.0526	0.7393	0.7807	-0.7466	0.4819	0.2067
-0.9937	-2.0449	-1.1550	0.3793	-1.5541	0.1703	-0.2179	-1.8537	-0.6685	0.4207	-0.4193	-0.6835	-0.5428	-1.6774	-0.8241	-0.9000	-1.0013	-0.7444	-1.1885	-1.7053	1.1233	-1.9708	-1.7226	0.5227	-0.7395	-2.2345	-2.2453	-0.9815	-0.1513	0.6136	-0.5537	-0.7483	-0.4220	-1.1487	-0.4725	-0.9156	0.8297	-0.0259	-0.1715	-0.4358	-1.2649	-1.4044	0.4272	-1.2845	-0.3974	-1.0685	-2.0627	-0.9566	-0.6599
-0.7674	0.1183	-0.2593	0.2950	-0.9689	0.3186	0.2723	-1.9884	-0.2283	-1.4414	-0.0773	0.1356	0.6987	-0.3011	0.5851	0.0857	-0.5323	-0.1996	-1.6009	0.0174	-0.2172	-1.8750	-0.2922	-0.4079	-0.5419	-1.1607	-2.0117	-1.2008	-0.9334	0.5648	-0.4741	0.5575	-1.4640	-0.2731	-0.6133	-0.5174	-0.2505	-0.8426	0.3496	0.1676	-1.5585	-0.6474	-0.7773	-0.1271	-0.0500	0.2255	0.0541	-0.2978	-0.2395
-0.9149	0.2414	0.0492	-0.5775	-1.0091	-0.2962	-0.5998	-2.4257	0.5641	-0.2428	-0.1460	-1.4015	0.4303	0.7312	0.0558	-1.1478	0.3625	-0.6261	0.1109	1.3177	-0.4097	-0.0920	-0.9384	-0.4360	-0.2976	0.5844	0.4339	-0.6196	0.1675	-0.0174	0.3592	-0.8373	-1.1589	0.1910	0.5595	-0.3215	-0.4807	0.3331	0.8749	-1.3967	-1.4107	-0.4854	0.0240	0.0684	-0.6569	0.0467	1.1670	0.3426	0.7246
-1.4756	0.1153	-0.4822	-0.0260	-0.7213	-0.0781	-2.9807	-1.7785	0.5889	-0.3628	2.3481	-1.3904	-0.0182	1.5674	-1.4017	-0.9716	-0.0317	-0.6749	1.0911	0.7109	0.6147	0.6054	-1.1640	-2.8357	-0.2500	1.4512	0.3075	-1.3308	0.1264	0.5481	0.5916	-0.5570	0.5657	-0.6103	1.5628	-1.2905	0.5131	-0.3739	0.3221	-1.4489	-0.1479	0.7139	-0.5173	-0.5810	0.2005	-0.2818	-0.7319	0.3404	0.3676
0.7256	-0.6830	-0.5907	-0.5605	0.5404	0.4228	0.1506	-0.8980	0.1975	1.8284	0.8586	0.9875	-1.2657	0.3020	-0.8401	-1.2508	-1.2263	-0.2800	1.8909	0.5698	-0.1437	-0.2151	-1.0114	0.4169	0.0107	1.0716	-0.4012	-1.2817	-0.8561	-0.8447	0.9424	-0.1840	0.1339	-0.7019	0.4399	-1.2734	0.2957	-0.2608	-0.9639	-0.1039	-0.0741	-0.2784	1.2515	-1.5128	-1.4604	-0.7124	-0.6951	-1.4437	0.8580
-0.4229	-1.0397	0.4160	1.3438	-0.3558	1.7552	-1.4560	0.9820	-0.5092	-0.0364	1.8847	0.4040	1.0889	0.2854	-0.7449	-0.8239	-0.7848	-0.9869	0.9864	-0.1099	-0.8009	-2.3421	0.7611	-2.4807	-0.5944	-1.1765	-1.5377	-0.3727	-0.7896	-0.0786	1.2958	-0.8211	-0.9426	0.4179	-0.0030	0.0144	0.2103	-1.3935	-0.5815	0.2389	-1.3868	0.4804	-0.2643	-1.9407	-0.4291	-1.0918	-0.5975	-1.0436	0.1870
1.2628	-0.4978	1.2908	0.9326	-0.0931	1.3390	1.2900	2.8264	-0.4725	-0.2136	-2.1147	2.7583	0.4085	-0.9214	1.4045	0.5411	0.2308	0.5212	1.6785	1.0929	-0.7904	-0.8099	2.6886	0.6014	0.9698	0.4164	-0.8518	1.1728	-1.3072	-0.4332	1.1113	-0.0133	-1.3042	1.4932	0.5622	1.2518	-1.8070	0.1369	-0.1484	2.3158	-1.4514	0.3389	-1.1712	0.2176	-0.2787	-1.0584	0.8049	-0.2541	0.0650
0.1769	-0.4224	1.8878	2.4012	0.2979	1.8936	-0.6361	2.8266	-0.9737	-1.8837	-1.4166	1.4798	1.5408	-0.9287	2.4336	1.2491	1.6966	1.0642	0.4933	1.3544	-0.8103	-1.1193	1.8689	-2.1043	0.6089	-1.6906	-0.5520	2.5842	-0.5913	0.3014	1.0353	0.6373	-2.2200	2.1964	0.4318	2.2877	-1.0067	-0.0579	-0.4434	2.2739	-1.0898	-0.5579	-1.3734	0.7870	0.5631	-1.0163	0.6528	0.4799	-0.6928
1.6143	1.4236	1.9951	2.7460	1.0704	0.2385	0.7174	1.9017	-0.0181	-2.4532	-2.0471	1.5447	1.2123	0.4252	3.2268	0.8205	2.1234	2.8318	0.9373	1.3662	0.0319	0.9664	1.7271	0.0705	1.0482	0.1474	0.4443	1.8107	0.8808	-0.2993	1.6315	1.8238	-2.8486	2.8488	0.3451	1.4826	-2.0930	2.0077	1.3419	2.4599	0.3424	0.2704	-0.7734	2.5006	-0.1204	-0.0630	1.9962	1.1542	0.0184
0.9628	2.5487	1.9539	3.4119	1.0372	1.1284	-0.1665	1.1114	0.1019	-1.1127	-0.9242	0.3009	2.1356	-0.1131	2.6232	1.2296	1.5561	2.8298	0.3796	1.3212	1.1377	1.2340	-0.2903	0.4989	0.2581	0.6165	1.1139	2.6902	0.6688	1.9708	1.0736	0.1446	-1.2658	2.5257	0.3203	1.4065	0.2798	1.0998	2.2223	2.6650	0.7234	0.0196	0.0350	3.3983	0.9985	0.3533	2.8352	1.7297	0.2014
1.3686	3.2416	0.1876	1.6621	-0.4415	0.3398	1.3135	1.4554	1.2679	1.3827	-0.4829	0.3620	1.7159	-0.8593	1.1007	0.7113	0.7875	2.1010	0.4734	0.8927	1.1454	1.9169	-1.4517	1.7173	0.1700	1.5219	1.8884	0.9726	0.6064	1.3430	-0.0122	-2.4809	1.9891	1.0615	-0.3816	-0.4748	0.4186	2.6687	1.3766	1.4618	2.8140	-0.5319	2.2337	3.1751	0.7222	0.8469	2.4656	1.3006	1.8169
0.1560	2.6479	-1.6354	-0.3210	0.5437	-1.8948	-0.0083	1.3235	1.2273	1.2682	0.1449	-1.0782	-0.1174	-0.6521	-1.1391	-0.3853	0.4246	0.3480	-0.8539	-0.4936	0.3074	1.4930	-1.5888	1.3347	-0.6127	0.7867	2.7063	-1.0238	0.9185	1.1276	-2.0436	-2.2040	2.7257	-0.4776	0.5099	-2.4292	1.7899	0.1219	1.2459	-1.8467	2.5626	0.0708	2.4253	2.4048	1.1052	2.6270	1.8350	1.5176	3.1783
0.0525	1.1385	-2.3785	-1.5216	0.0464	-1.9117	-0.9232	1.1490	-1.0905	2.5077	-0.2339	-0.3305	-2.3258	-0.8730	-3.0767	-1.6435	-0.2408	-0.5117	-0.8634	-1.7104	0.3020	1.6795	-1.3631	1.4564	-1.5002	0.5412	0.5541	-2.9793	0.3961	-0.9103	-1.9725	-2.3327	3.5059	-2.0673	0.5324	-3.1715	1.5152	-0.1166	-0.8039	-1.7625	1.6213	-0.5705	1.8587	0.8509	0.8150	-0.1675	-0.2614	0.4431	3.6034
-0.1111	-1.4817	-2.6976	-1.9560	-1.0199	-2.3093	-0.9400	1.3425	0.8462	0.4939	0.0400	-0.6156	-2.9830	-1.2849	-1.9076	-2.0307	-2.0329	-2.9294	-0.1058	-1.9354	-0.0171	-1.2477	-0.7324	1.1801	-2.2318	-0.8669	-1.5015	-2.6433	0.7466	-1.7066	-1.4297	-0.5782	1.8191	-2.0294	-0.2230	-3.4476	1.0958	-0.2481	-1.4195	-0.8006	-0.3669	-0.4966	0.5799	-0.9470	-0.9549	-1.4746	-0.6809	-0.8182	2.3993
3.3248	-1.9826	-1.9729	-1.0457	-0.3260	-0.6115	-0.5853	1.7160	1.2761	1.0808	-0.8994	-1.2176	-1.6775	-1.1049	-1.6924	-0.7672	-1.0968	-2.2047	-0.4322	-3.8235	0.6354	-0.9247	-1.1040	-0.5641	-1.6158	-0.6256	-1.6923	-2.7221	0.2757	-2.6422	-2.1954	-0.7365	1.2166	-1.8433	0.8075	-2.0872	0.4298	-0.2098	-0.8140	-1.7013	1.1073	-0.6852	-1.0446	-0.0367	-0.1242	-0.7043	0.1368	-1.0705	-0.0169
4.2897	-1.2320	-1.5315	-1.2484	-0.0216	0.2003	0.2179	1.5339	1.5988	1.4651	0.2124	-0.9995	-1.6193	-0.4472	-1.8847	-1.3331	-0.5794	-1.9537	-2.1018	-3.4378	-0.9752	-2.1810	-1.1258	0.1988	-1.4204	-0.5091	-1.1565	-1.9342	-1.4548	-1.8977	-1.2406	-0.2757	-0.9681	-1.0358	-0.9971	-1.0619	-0.3666	0.1387	-1.6911	-2.0760	-0.1496	-2.5639	-0.0727	-1.0331	-0.4931	-1.0881	-0.8271	-0.6972	-1.0716
0.1011	-0.9586	-0.2628	-1.5231	0.0024	-0.8246	0.0682	0.8901	-1.6019	0.3539	0.2821	-1.0988	-1.5627	-0.7652	-2.2691	-1.1978	0.3328	-0.4323	-2.2755	-1.4197	-0.3066	0.3915	0.0529	-0.0523	-0.0432	-0.5078	-0.7659	-0.9866	-1.9951	-0.8998	-1.3098	0.4749	-0.9002	-1.1702	-2.3712	0.7003	-0.6033	-2.4886	-0.4335	-0.5762	-1.9098	-0.5476	-1.2755	-1.7158	0.0722	-1.8155	-1.4527	-0.7321	-0.9365
0.6534	-1.2503	-0.8223	-2.1354	0.1802	1.1895	0.5273	1.0530	-0.1446	1.7059	0.9908	-1.4066	-1.1135	-1.3020	-1.6098	-0.6606	-0.5877	-0.9113	-2.5172	-0.7241	-1.7368	0.0115	-0.4963	0.5271	0.1251	0.0920	-1.2246	-0.1299	-2.1652	-0.6744	-1.1440	1.0618	-0.0874	-0.9278	-1.7924	1.0279	-1.6297	-0.8729	-0.9880	-0.5831	-1.6472	-1.1322	-1.1655	-1.5869	0.2995	-1.0019	-1.7757	-1.5992	-0.7371
-0.7210	-0.9788	-0.2934	-1.1290	0.7281	1.9597	0.2765	0.7117	-0.9754	0.0916	-0.2713	-1.4900	-0.6993	-0.2048	-1.1735	-0.6895	0.1636	-0.0419	-2.2134	-0.8251	-1.3973	0.6926	-0.6505	0.4914	0.1747	-0.4247	-0.8194	0.0036	-1.3732	-0.5700	-1.7830	1.6221	-0.0242	-1.8360	-0.3040	0.7794	-1.5063	-2.1601	-0.2338	-1.1032	-0.3568	-0.0506	-2.0648	-0.6132	0.6690	-0.7223	-1.6360	0.0953	-1.6346
-0.4308	-1.0901	-0.4020	-1.2778	1.4183	0.5682	0.5288	0.0655	-1.1970	1.7449	-0.0906	-0.8107	-1.4098	-0.3287	-0.6746	-1.5018	0.1099	-0.3169	-2.5507	-0.2764	-1.5432	0.2940	-0.6209	1.9504	-0.5117	0.1216	-0.6434	-0.2360	-1.5453	-1.6114	-1.1480	0.5132	-0.2821	-1.4481	-1.1084	-0.2851	-1.4223	-0.8856	-1.5463	-0.3793	-0.3798	-0.4327	-0.3263	-1.1039	-0.4968	-0.9642	-1.7680	-0.3262	-1.2935
-0.9970	-1.9713	0.1998	-0.4404	1.9571	0.9636	-0.8357	-0.7275	-1.6796	-0.3480	-1.1325	-0.6625	-0.8516	1.1075	-0.8046	-0.9846	0.0634	0.0549	-1.5345	-0.3934	-0.7573	0.7306	-0.1531	0.0856	-0.8250	-0.9674	-0.4762	-0.2916	-1.5985	-1.0784	-1.5434	1.2354	-0.0817	-1.5912	-1.1536	0.8329	-0.7771	-3.7206	-1.0300	-0.5635	-1.0633	0.6321	-1.7152	-1.2154	-0.2251	-1.1360	-1.0965	-1.0155	-2.5649
0.8768	-0.9552	-0.2519	-1.5132	1.5731	0.5159	1.0428	-0.1077	-1.4449	0.1888	-0.3013	-0.3066	-1.7957	0.6202	-0.3055	-1.2697	-0.1889	-0.3350	-0.5599	1.2783	-1.5363	0.3369	-0.0409	1.1077	-0.4423	0.5174	-1.1724	-0.2957	-1.8685	-1.2327	-0.7212	0.2834	0.4072	-0.5121	-2.4074	0.2488	-1.8020	-0.9674	-0.4673	0.1483	-0.8612	-0.4047	-0.7573	-1.4997	-1.2667	-1.2533	0.2052	-2.4986	-0.8917
-0.1830	-0.4018	0.5581	-0.8432	0.6872	0.2952	1.0919	0.3336	-1.0583	-0.1748	0.4670	-0.3615	-0.2713	1.2061	-0.3512	0.1102	-0.0273	0.3448	-0.7481	-0.0406	-0.9783	0.2224	1.0973	-0.0298	-0.0970	0.6672	0.0755	0.3330	-0.6573	0.2739	0.4135	0.8842	-0.1887	0.6070	-1.2753	0.9704	-0.9501	-0.3372	0.4858	0.4615	-0.4834	0.0550	-1.0481	0.2037	0.8710	-0.4005	0.8026	-1.0923	-0.2205
0.6241	-0.3762	1.1011	-0.8440	-1.1821	0.6912	0.6886	0.0138	-1.5996	0.9366	-1.0428	0.2093	0.1088	0.4534	0.5732	-0.3702	0.4094	1.1231	-0.5358	-0.7836	-0.9315	0.6828	0.3691	0.1522	0.8345	-0.6529	-0.2406	0.0989	0.1068	-0.9966	1.0784	-0.4291	-0.3078	1.3905	-1.2524	1.0040	-0.9882	1.8372	0.6024	1.1163	0.2919	0.7455	-0.8460	0.8520	0.8003	-0.0341	-0.4642	-1.3157	-0.5037
0.7124	0.1094	1.4676	-0.0851	-0.9149	1.2859	0.8763	-0.0448	-0.9946	-1.1882	-1.4404	0.2345	0.3475	0.9398	1.7638	0.6128	0.9589	1.1219	0.0923	0.9575	-1.5186	0.2406	0.4980	0.4201	1.0343	-0.6182	0.0774	0.6044	0.0801	0.9971	1.4376	0.2770	-2.0724	2.4788	-0.7719	1.3714	-0.4110	1.3995	1.6758	1.5563	0.6377	0.6625	-0.1166	0.8618	0.2185	1.3411	-0.8233	-0.6670	-0.8653
-1.4433	1.2590	1.6579	-0.0532	-0.7940	1.3857	0.3714	-0.3240	-0.9345	-0.2621	-0.6410	0.4958	1.0938	1.5063	2.0958	0.9008	1.8355	1.8367	0.2871	0.5772	-0.1759	2.3715	1.2725	-0.9665	1.4112	-0.7156	1.1916	0.7207	-0.3233	-0.1454	1.2272	0.3159	0.7581	1.8038	0.0575	2.2358	-1.4449	2.0999	1.1313	2.3336	2.2526	0.4982	0.7832	2.7496	2.2932	1.0522	-0.1700	-0.0933	-0.8869
-1.0127	1.7138	0.7898	-0.5387	0.5270	1.2473	-0.7205	0.3778	1.2828	-0.5677	2.6626	0.2253	1.0778	1.2897	1.0859	-0.0732	2.3841	-0.0591	-0.4224	2.7844	-0.2550	0.2407	1.1370	0.2149	0.9992	1.6342	0.8384	0.3552	0.1458	0.0779	1.9335	-0.2881	0.6192	1.5556	0.7816	0.2446	2.4989	1.1616	0.6151	-0.0015	1.0332	0.2910	2.0416	0.8153	0.9389	1.4373	-0.4590	-0.2897	1.1311
0.4192	0.7046	0.4024	-0.3312	0.5275	-0.1271	2.0101	-0.1457	0.5078	1.0598	0.4105	2.3843	-0.4696	1.5409	-0.7605	-0.5880	1.9382	2.0088	0.9655	2.5014	1.2914	2.7494	0.0667	1.2909	1.4537	2.1880	1.7368	-1.3856	0.6646	-1.3514	1.0331	0.0599	2.1339	-0.5391	1.4835	-1.1784	-0.3719	-0.0289	0.5088	-0.6425	1.5712	1.4408	1.6856	0.9716	0.8543	0.6251	-1.1286	-0.1717	1.5432
0.8409	-1.7290	-0.9660	0.0771	0.4986	0.8674	1.7282	1.1648	2.5528	1.7888	1.6349	1.5348	0.4597	0.1119	-0.7271	-0.0341	-0.4680	0.4420	0.5044	1.3828	-0.2555	-0.6577	0.6596	0.2720	-0.3917	1.2695	1.0368	-0.2989	0.9127	1.2837	-0.5419	0.8092	1.8442	-0.0624	1.0882	-1.5262	0.8251	-0.4435	-1.2885	-0.7795	-0.6756	0.3049	1.2495	-0.7168	-0.2963	0.4860	-1.7191	-0.4683	0.9100
1.7566	-1.6858	-0.7282	0.6225	0.3547	0.6617	2.1530	2.0511	0.7308	0.0972	-1.1488	0.6252	0.0922	-0.9482	-0.4017	0.2991	-0.8895	0.5110	0.4665	-0.9103	0.9129	-0.4949	1.0834	0.1967	-1.0941	-0.2814	-0.8119	-0.5008	0.9937	0.9040	-1.6584	-1.0022	1.1402	-0.4235	0.3266	-0.3533	0.3623	-1.2800	-0.3503	-0.0687	0.3119	-0.7289	0.4799	0.2629	-1.3442	0.7976	-0.0466	0.3801	-0.2407
0.7317	-0.7230	0.7580	1.2194	-1.3707	0.2060	0.2848	0.8439	0.8830	0.0823	-0.1325	-1.6482	1.0785	-0.8994	0.6134	0.4351	-0.3110	-0.0012	0.0379	-0.7528	0.0447	-2.5627	0.9506	-0.9841	-0.9256	-2.5084	-0.9879	1.3300	0.9142	0.3117	-0.8252	-0.6803	-1.8068	0.2264	-0.7974	0.8241	-0.2621	-0.3903	-0.3328	0.4093	-0.4276	-0.4180	-0.1384	-0.4841	-0.9269	0.1237	-0.1050	0.7031	-0.4948
2.1414	0.9681	1.5275	1.1596	-1.0006	0.3109	1.5771	-0.1337	-0.4460	-1.3410	-1.9535	-0.5077	1.5593	0.1703	1.5337	1.4567	1.0127	1.8918	1.2956	-0.0545	1.0010	0.3319	0.8252	0.1325	0.2239	-1.1873	-0.1070	0.8899	1.5469	-0.5330	0.4527	0.6083	-1.3264	1.0779	0.1450	1.3765	-1.9211	0.8318	0.9207	2.2732	1.1168	0.0878	-0.1741	0.6626	0.2238	0.1741	0.7195	1.2343	0.3829
1.3076	2.4895	1.2000	1.0638	0.6793	1.0019	0.1891	-0.5587	0.9030	-0.2570	0.7538	-1.3373	2.2272	0.3775	2.0430	1.2040	1.0266	0.9347	0.6172	1.8323	0.9159	0.7497	-0.8895	0.0568	0.4226	0.9044	1.7668	2.1358	1.7426	1.9378	1.1051	-0.6681	-0.9064	2.0476	0.5482	0.6536	0.7708	0.6259	1.7108	0.7193	1.0646	-0.1353	0.7767	0.9023	0.2290	1.7799	-0.1627	1.9545	1.1583
-0.3616	3.8351	0.1275	0.0109	-0.0948	-1.3198	-0.7398	-0.2524	1.3784	1.2758	1.7888	-0.3180	1.1684	0.8974	1.2096	0.7445	0.3854	1.2103	0.3481	1.6375	1.8840	2.4043	-0.8549	0.2929	1.0556	2.1956	2.5706	0.6546	-0.2935	0.0974	0.4213	-1.0119	1.1157	0.7649	1.4629	-0.3485	0.8162	1.6301	0.8988	-0.6698	2.3655	0.0914	1.8545	1.2801	2.2050	1.3057	0.4380	1.3740	2.0827
-1.0135	1.3218	-1.1457	-0.8072	0.3430	-0.9323	-0.8334	-0.2750	0.7747	1.6310	1.1285	0.4212	-0.4985	-0.6719	-0.5385	-0.1670	-1.0860	-0.2143	-0.0656	0.6915	0.7633	0.9911	-0.7021	2.6245	0.9936	1.4192	1.9480	-0.6454	-0.3620	0.3884	-1.1925	-0.8239	1.4961	-0.8227	1.9296	-1.6557	2.0771	0.5974	-0.8362	-3.0761	1.2936	0.0546	1.8036	-0.4206	1.3934	1.6786	0.8557	0.1870	1.8049
-0.9891	-1.0572	-1.5461	-2.1517	-0.5009	-1.2238	-0.8448	-0.6551	-0.0590	1.4016	0.5352	-0.7055	-2.3381	-0.2754	-2.4516	-1.5458	-1.0203	0.9155	1.2517	-0.4213	0.7469	1.5652	-0.9695	-0.2092	-0.0999	0.0059	1.4772	-1.7884	0.1661	-0.7243	-0.8184	-1.3123	2.4546	-2.2525	1.9954	-1.1132	1.4350	0.4911	-0.7704	-2.1359	-0.1751	0.5762	0.7447	-1.6151	0.4712	-0.8875	-1.0962	-0.4780	0.5749
-1.1629	-2.5182	-1.4881	-1.5670	-0.4217	-1.9119	-1.0384	-0.3144	2.0364	-0.0478	0.0391	-0.9679	-2.1903	-0.3828	-1.8902	-1.8351	-1.4716	0.1563	1.4301	0.1372	-0.0641	-0.9928	-0.3600	-0.1202	-1.9798	-1.2018	0.9685	-1.0790	0.4054	0.2158	0.0522	0.1355	0.8476	-1.6074	0.5294	-1.4179	2.2633	-1.0689	-0.8170	-1.0315	-2.3158	0.1130	0.2192	-2.6668	-1.2816	-1.2134	-1.0887	-0.1728	-0.7130
-0.4029	-1.6035	-0.9601	-0.5550	-1.6263	-1.9316	-1.5066	-0.7056	1.1887	-0.5099	0.1471	-1.0051	-0.5633	-0.7706	-2.0901	0.1896	-2.2949	-1.6694	1.0508	-1.1318	0.0004	-1.1745	-0.5945	-1.9457	-2.2015	-1.4945	-1.1050	-1.1524	-0.5585	-0.1079	-0.6416	-0.1516	-0.3750	-1.5901	-0.5205	-1.4043	0.6286	-1.1662	-0.5366	-0.5467	-1.2150	-0.9651	-0.7230	-2.2966	-0.7793	-1.9106	-0.8452	-0.3813	-1.8201
0.0485	-0.9329	0.2307	0.4002	0.0716	-0.9192	-0.6752	-1.1432	0.7172	-1.9798	-0.9595	0.0737	-0.3025	-0.8369	0.2281	0.5537	-1.8362	-2.1130	0.6689	-1.2123	-0.6968	-1.5570	0.2430	-0.0246	-0.7153	-1.1686	-1.3718	0.2148	-0.5364	0.0521	-0.4935	0.5053	-1.4220	-0.6199	-0.5675	-0.2248	-0.6740	-0.0647	-0.1562	-0.1877	-1.2864	-1.1620	-0.4904	-1.6461	-2.2617	-0.5094	0.1540	-1.2616	-1.7782
-1.0671	0.7575	0.5230	1.5671	0.6011	0.0792	-1.2924	-0.1273	-0.4790	-1.5955	0.5267	0.3376	0.9146	-0.0514	0.7015	1.0099	-0.9422	-1.8517	0.2756	-1.0358	-0.5131	0.3201	0.3697	-2.8038	0.0912	-0.9443	-0.6804	0.0874	-0.5759	0.0230	-0.3420	0.8060	-0.0918	-0.2952	-0.2559	0.1600	-1.8474	-1.0042	0.7684	0.2073	-0.3656	0.0164	-1.1850	0.1852	-0.6063	0.1172	1.6093	-0.7073	-0.7547
-0.7007	-0.0944	0.0957	0.4265	0.4645	-0.3715	0.0458	0.1598	-0.1207	0.9944	0.7128	1.0057	0.0753	-0.1688	0.6403	0.5136	-1.0663	-1.4935	0.0850	-0.8380	0.0201	-1.6018	-0.2718	0.5871	0.2409	1.1411	-1.1229	0.5152	0.4458	0.8635	1.4328	-0.2954	0.0760	0.1766	-0.6559	-0.3868	0.1677	0.8050	-0.7169	0.7464	-0.7945	-0.3356	-0.3701	0.4019	-1.7068	-0.3899	1.3847	0.0641	-0.0145
-1.2405	-0.6746	0.7901	1.9453	-0.7863	0.1729	-1.3379	-0.7297	-1.6195	-0.1605	0.1141	0.0958	0.9567	-0.1397	-0.1461	1.3456	-0.0986	-0.8793	-0.3474	-2.2979	0.5950	-1.5876	-0.3937	-2.1146	-0.1376	-0.8311	-0.8532	1.0675	0.8569	0.5043	1.5733	-0.5503	-1.1595	0.2863	0.1642	1.1412	0.4652	-0.0658	-0.5455	0.8399	-0.3732	0.6391	-1.8834	0.8377	0.0297	-1.0848	0.6576	0.9535	-1.0564
-0.1469	0.3031	0.7532	1.0681	-1.1041	-0.2982	0.8369	-0.9851	-1.5749	-1.3522	-1.9835	1.9520	0.9226	-0.3823	1.2041	1.4765	0.3763	-0.1918	0.0487	-0.3900	0.5201	-1.1305	1.4850	0.4367	1.0623	-0.1585	-1.3251	1.0957	1.1714	-0.3895	1.1608	1.0721	-2.0296	0.5398	-0.6384	1.5723	-1.5075	1.0304	-0.1035	1.3406	-0.2444	0.8617	-0.8332	1.2300	-0.8250	0.1308	1.7404	1.0498	-0.5674
-1.3951	1.7200	0.4810	1.2773	0.7371	-0.2270	-0.4443	-0.7353	-0.3929	-3.3504	-0.6311	0.4099	1.3234	-0.0786	1.8926	0.9878	1.0799	0.2388	0.0232	2.2881	0.7126	-0.3695	1.1734	-0.9486	1.2354	0.9611	-0.2453	2.0022	0.6499	1.4188	0.1351	1.2051	-1.1991	0.8755	-0.2206	1.7291	1.2007	0.0021	0.0454	0.4713	-0.0894	1.1182	0.5031	0.8330	-0.1019	1.3046	2.3769	2.1116	0.2026