IC05	IC08	IC09	IC15	IC16	IC17	IC18	IC19	IC20	IC23	IC24	IC26	IC27	IC29	IC31	IC33	IC36	IC37	IC38	IC41	IC42	IC43	IC44	IC45	IC46	IC47	IC48	IC49	IC50	IC51	IC54	IC56	IC58	IC60	IC62	IC63	IC64	IC65	IC66	IC67	IC68	IC69	IC71	IC72	IC73	IC74	IC75	IC76	IC77
0.3596	-0.1891	-0.6374	-1.8616	0.0905	-0.4908	0.1875	0.0784	0.1483	0.9637	0.9793	-0.1292	-0.3510	0.4778	0.2929	-1.3411	-0.0847	0.5305	0.1834	0.1233	0.2402	0.1647	0.7229	1.9106	0.8540	0.3715	1.2249	0.4248	0.0308	0.3785	-0.4772	-0.2489	-0.1084	-0.3602	-0.2257	1.0056	0.3214	1.8950	0.1173	0.4074	-0.0183	-0.3247	-0.0294	0.7230	0.4137	0.5104	0.7151	1.0825	1.3895
-0.1752	0.2879	-0.9401	-0.7221	0.8454	-0.4336	-0.3761	-0.3940	0.4850	-0.4312	-0.6993	-0.1375	-0.2788	0.2122	0.2623	-0.3247	-0.6041	0.1486	-0.0623	0.6924	-0.5778	-0.6725	1.9617	-0.3747	-0.0287	1.3166	0.5083	0.3540	0.5174	-0.1188	-0.6250	1.1708	0.4453	-0.6746	-0.1306	0.4440	0.1474	0.1789	-0.6067	0.4763	0.2170	-1.1067	0.0643	0.0324	0.4795	0.6250	0.5474	0.6052	0.9083
-2.2137	-0.1103	-0.4494	0.8794	-0.3496	0.3535	-0.8922	-0.1254	0.3175	-0.2110	-0.0442	-0.3592	0.2759	-0.0238	-0.0199	0.1170	-0.1488	0.9444	-0.1149	-0.6898	1.0033	1.7747	0.4522	-0.2468	0.3688	-1.2157	-0.7000	-0.3814	1.2951	0.0183	-0.5343	0.0137	-0.0724	-1.5566	0.4362	0.6116	0.1383	0.0631	0.5971	0.3912	1.1554	0.6716	0.1010	-0.4815	1.0321	-2.3964	-1.2412	0.4892	-1.1916
-1.3592	-0.9732	-0.5073	0.2609	0.3362	1.0760	0.5758	-0.2521	0.7266	0.1919	0.0273	-0.2371	-0.4277	-0.5128	-0.8999	-0.0199	-0.1142	0.2586	0.3343	-0.0568	0.6447	0.7564	-0.7074	0.3096	0.5548	0.2761	-0.1990	0.4646	0.6094	1.3652	0.4176	-0.9354	-0.2813	-0.3770	0.0033	0.4890	-0.3972	-0.0943	0.7150	-1.0959	0.2071	-0.1752	1.2796	-0.3258	0.3535	-1.3618	-0.9772	0.0209	-0.2409
0.3527	0.0944	-0.3126	0.6261	-0.2884	0.4681	0.5676	0.2700	0.7399	-0.1973	-0.0653	-0.3442	-0.3151	-0.7789	0.0846	0.2969	-0.4251	0.9083	0.4257	0.3558	1.2540	-0.0572	-0.1076	0.5837	0.5454	-0.6599	1.0517	1.3613	0.0395	1.3076	-0.2078	-0.3214	0.4055	-0.1277	-0.1825	0.6889	-0.4607	0.2894	0.2570	-0.5395	0.1044	-0.0635	1.3678	0.3119	0.7912	0.4763	-0.3598	-0.0982	-0.3636
1.5933	0.5653	-1.1096	0.2418	-1.2132	-0.6384	0.2697	0.3701	0.4308	-0.2738	0.1761	0.6710	-0.7138	-1.6125	1.1749	-0.0311	-1.7374	-0.4645	-0.3293	0.0356	-1.1615	-1.7186	1.0292	-0.7356	0.1012	-0.2461	-0.2083	0.0703	-0.8233	0.1303	-0.6407	-0.1713	0.1131	-0.5130	-1.0094	-0.4806	0.2077	1.6712	-0.0318	0.3375	0.2543	-0.5350	1.2440	-0.0531	-0.1924	1.0518	-0.1543	0.5071	-0.3000
-0.6945	-0.7037	-0.3708	0.2485	-1.4507	-1.1989	-1.2976	0.5672	-2.0968	-0.5216	-0.4633	-0.9120	-0.8362	-0.9881	0.2082	-0.1392	-0.2763	-1.4299	-1.6476	-0.7713	-1.7814	-0.8271	-0.9666	-1.1346	-0.4151	0.5030	-0.5018	-1.0910	-0.7023	0.4513	-1.5337	-1.1275	-1.7973	-1.2424	0.2000	-1.1359	1.5115	0.7865	0.7165	-0.6631	0.1937	0.0062	0.0193	-1.1249	0.1222	0.4207	-0.4876	1.0836	-0.3443
0.5572	-0.0623	-1.4361	0.6575	-0.6442	-0.2647	-1.3507	0.5590	-2.1753	1.1437	-0.2735	0.2445	0.2469	-1.5454	0.4413	0.8885	-0.3452	-0.9659	-1.8707	-1.2671	-1.6482	-0.4479	-0.6241	0.8644	-0.1609	0.7280	-0.0466	-1.1995	-1.3503	1.1009	-1.6269	-0.7813	-0.8884	-0.6424	0.8321	-0.9633	-0.0207	-1.3568	0.3190	-0.5134	0.3774	-0.5903	-0.4862	0.5219	-0.2064	1.5146	1.0280	0.8264	0.4419
-0.2378	-1.1381	-0.7807	0.2820	-0.0081	0.9794	-0.8368	-0.3630	-1.7682	-0.0702	-1.4574	-0.1683	0.2692	-0.1039	1.0984	0.3866	0.3081	-0.3885	-1.2508	-1.6693	-1.6406	-2.2158	-0.7969	-0.0389	0.2704	0.6076	1.0072	-0.1698	-0.8586	0.8620	-1.0811	-0.4131	-1.0074	-0.8179	0.4771	-0.8341	-1.4907	-1.0811	0.5799	0.0586	-0.1547	-0.1294	0.1286	0.5190	-0.5389	0.5946	1.6127	0.4763	0.6517
0.0309	0.2756	0.8581	-0.9833	-0.2962	-1.4530	-0.7018	-0.5479	-0.7826	-0.6234	-1.3150	-1.1425	-0.7091	0.0583	1.0651	-1.6669	1.3635	0.1330	-1.1228	-0.9862	-0.4520	-1.9071	-0.3287	-0.7833	0.5677	0.7850	1.6756	-0.0175	0.0018	-0.7064	-1.1402	-0.1639	-0.6646	-0.6096	1.0976	-0.2604	-0.8149	0.9038	1.6294	0.1153	-0.1956	0.6880	0.0009	-0.3363	-0.0205	1.1174	1.5349	1.4809	0.5415
0.1431	0.2631	0.5879	-0.4965	-0.6414	-0.8334	-1.7665	-0.1391	-0.7681	-1.7525	-0.9629	-1.0940	-0.5558	-0.5878	-0.1344	0.0568	-0.6560	-0.3214	-1.5857	-0.7471	-1.4878	-0.9588	0.4333	-1.3471	-0.0164	0.3373	0.3245	-0.0135	-0.6600	-0.5828	-0.6705	-0.0181	0.3240	-0.7135	0.0336	-0.3431	-0.4126	-0.1123	-0.0447	0.1037	0.0469	-0.3008	-0.6312	-0.0637	1.2365	1.4282	0.6094	0.8119	-0.8166
-1.1951	-0.0358	1.2768	0.1876	-0.9145	-0.4936	-1.2478	0.6153	-0.8438	-0.7759	-0.0363	-1.5968	-0.4086	-0.1635	-0.8585	-0.1899	-0.8466	-0.3661	-1.2746	-1.7005	-0.4268	0.6450	-0.4352	-1.0418	0.1337	-1.2433	-1.4807	-0.8524	0.6070	-0.3668	-0.3717	-0.2993	-0.0046	-0.7480	-0.0326	-0.4544	-0.1081	-0.3041	0.2357	1.0183	0.2784	0.5454	-0.9295	-0.4756	0.3414	-0.2033	-0.9369	0.5375	-1.2813
0.2300	-0.1836	1.7655	0.2081	-0.1424	-0.7064	-0.3449	0.4784	-0.3640	0.1428	0.2987	-0.5601	0.4447	-0.0934	-1.7908	0.0307	-0.6359	-1.1462	-0.7625	-1.2944	0.1091	-0.3841	-0.5114	-0.1546	-0.7443	-0.2207	-1.2293	-0.2886	0.4983	-0.0296	0.5589	-1.2934	-0.3613	0.0300	0.2655	-0.6686	-0.9523	-0.9866	-0.9107	-0.3380	-1.3200	-0.3944	-0.2910	-0.5800	-0.4884	-0.3763	-0.5657	-0.4016	0.1966
0.7666	0.1019	1.9843	-0.0028	0.4780	-0.7936	-0.2340	0.3632	0.7017	-0.5074	-0.4589	-0.1072	0.0686	1.4802	-0.1826	0.1725	0.2766	-0.5122	0.2870	0.1480	0.2485	-1.2074	-0.2370	-0.4990	-0.5852	-0.3229	0.2377	0.1740	0.1740	-0.8910	0.5296	0.1352	-0.3876	0.5257	0.5301	-0.8087	-1.4469	0.1153	-1.0719	-0.3009	-1.3597	-0.8913	-0.5886	-0.1687	-1.1290	-0.6914	0.2320	-0.7526	1.1671
1.7062	0.0497	1.2074	0.1465	-0.2276	0.0380	0.5057	0.3839	0.6139	0.0715	0.6528	1.0773	0.6565	0.9675	0.3124	0.6860	0.5026	-0.0651	0.3143	0.4403	0.2094	-0.1673	0.3502	-0.7678	-0.7642	-0.8650	-0.6799	-0.3153	0.0027	-0.3452	0.8626	0.3699	-0.7506	0.4780	0.4440	-0.4554	-0.2544	0.0504	-0.6228	0.4470	-0.9635	-0.5465	-1.3912	0.1513	-1.0243	-1.1471	-1.0268	-0.4694	0.7260
0.6090	-1.4950	0.5830	-0.4406	-0.6056	0.2368	0.7770	0.2396	-0.4864	-1.0520	0.2587	0.2840	0.6807	0.0766	-1.3140	1.0683	0.8547	-0.6443	-0.0105	-0.0906	0.2614	0.8804	-1.6155	-1.6979	-0.5853	-1.0369	-1.2029	-0.5538	-0.6871	-0.4049	0.3450	-1.2311	-1.5904	0.2435	-0.1356	-0.2347	1.1009	-0.4848	-0.3096	-1.0346	-1.0982	-0.1724	-1.4473	-0.0536	-0.3033	-1.9411	-1.1557	-0.8742	-0.2146
0.2297	-1.2613	-1.0620	0.6046	-0.0597	0.4184	0.3012	0.7384	0.1225	-0.6167	-0.5206	0.8099	0.7271	-0.7188	-0.9619	1.4989	0.2796	-0.2329	-0.0491	-0.2059	-0.0274	1.5437	-0.7734	-0.0457	-0.2592	-0.8769	-0.7005	-0.7719	-0.9323	-0.5006	-0.2361	0.5431	-0.3896	0.4854	-0.0194	0.1103	0.2102	-2.9791	-0.4109	-0.8398	-0.3450	0.7833	-1.6705	0.0419	0.3393	-0.1628	-0.5549	-1.1102	-1.8293
0.5553	-0.7883	-1.1119	0.5149	0.6595	1.0245	1.6377	1.0226	0.0817	0.8393	0.9676	1.7314	0.6450	0.0117	-0.6761	0.0161	0.0786	0.2370	0.7196	0.4542	-0.2618	0.4896	-0.3866	1.2134	-0.3498	-0.5049	0.0174	0.0308	-1.0150	-0.6841	0.4855	-0.3331	0.1331	1.2162	-0.4574	0.2639	-1.4952	-0.8489	-0.6691	-0.7082	-0.5936	0.1066	-0.1820	-0.5964	-0.4156	0.2127	-0.5757	-1.2600	0.3559
0.4080	-1.0066	0.2877	-0.8791	0.9229	0.6047	0.5023	0.4058	0.6323	-0.1246	-0.6117	0.6621	0.1649	1.1196	0.2047	-0.5381	1.1871	1.2301	1.1071	1.0558	0.1875	-0.5846	-0.7836	1.2713	0.4693	-0.4809	1.0205	0.6045	-0.4609	-0.9251	0.4011	0.3832	0.6725	0.6769	-0.4312	0.2172	-1.0886	-0.4187	-0.6436	-0.4549	-1.4022	0.7653	-0.4203	-0.6987	-0.4773	-0.0010	-0.2951	-1.1974	1.0249
0.8296	0.2670	-0.4396	-0.1894	0.2649	0.8657	-0.1923	0.2874	1.0156	0.5722	0.7492	1.2449	-0.5862	0.4763	0.9730	-0.6239	0.5426	0.8921	0.2496	0.6353	0.1104	-0.4722	0.5491	-0.0654	0.2848	-0.7614	-0.8491	-0.3236	0.3650	0.2473	1.1453	0.8549	0.6722	-0.3605	-0.1405	-0.2811	-0.0231	0.5803	0.6554	1.0100	0.0401	1.3163	-0.5491	-0.3263	-0.6694	-0.0551	0.2092	-0.0618	0.0857
-0.3901	-0.6992	-0.7057	-0.1848	0.1808	0.2216	0.5109	0.1531	-0.3967	-0.6031	0.0994	0.9357	-0.1473	0.8965	-0.2460	0.0157	0.1280	0.1600	-0.1418	-0.2837	0.3292	0.9604	-0.7701	-1.4152	0.0578	-0.7440	-0.7878	-1.0251	-0.2396	-0.4489	0.5055	-0.4856	-0.4676	-0.1958	-0.0532	-0.6173	0.6235	-0.0305	0.3582	-0.8509	-0.3640	1.5861	-0.7069	-0.1860	0.0103	-0.4249	-0.0420	-0.9112	-0.9844
-0.4768	0.1686	-0.5829	0.1996	0.5002	-0.3970	-0.2893	0.0571	-0.2827	-1.0236	0.0758	-0.0736	0.2072	0.4854	-0.8132	0.4541	-0.0298	0.2963	0.2746	-0.2820	0.7097	1.5443	-0.4529	-0.2446	-0.1252	-0.0488	-0.1815	-0.7973	-0.5475	-0.2501	0.0785	0.1097	-0.3919	0.1294	0.1397	-0.4169	-0.2980	-1.8965	-0.1121	-0.5726	0.0164	0.9833	-0.6237	0.7050	0.0375	0.4683	0.5426	-2.2053	-2.2426
0.2801	-0.3481	0.1188	0.4319	0.6449	0.8961	0.8328	0.4143	0.6444	0.7266	1.1610	-0.0428	0.3730	0.3906	-1.3923	-0.3950	0.1460	0.3139	1.3837	0.4836	0.7629	0.6220	-0.6359	1.5920	-0.5937	-0.5181	-0.7586	0.5112	-0.2940	0.4927	0.5132	-1.3407	-0.7728	0.8619	-0.9187	0.7285	-0.5505	0.0007	-0.1056	-0.2310	-1.2971	-0.9777	0.2815	-0.2087	-1.0805	-1.2017	0.0362	-2.1235	-1.2049
1.0824	0.9210	-0.0017	-0.0470	0.6529	0.4943	0.7653	-0.2482	1.4469	-0.5723	-0.0076	0.6868	-0.1673	0.8396	0.5666	-0.5030	-0.1270	-1.0442	1.7866	1.6762	0.4432	-0.7166	-0.6949	-0.1330	-1.4170	0.8645	-1.1414	1.2047	0.2815	0.2291	0.9729	0.2562	0.2452	1.2075	-1.7913	0.4042	0.2341	1.4536	0.2543	0.8582	-0.6250	-1.8232	0.6984	0.0357	-2.1361	-0.6189	0.9131	-1.1966	-0.2706
0.3366	1.1889	0.1267	0.2410	-0.0576	-1.0742	-0.1951	-0.3003	0.0608	-0.8144	1.0182	-0.6404	-0.1712	0.4534	0.3363	0.6013	0.5839	-0.7875	0.9681	1.3024	0.7365	1.0570	-0.2514	-1.1478	-2.0139	0.5387	-0.6561	0.8655	0.5671	-0.3912	0.9322	-0.3208	0.5522	0.4541	-0.2579	-0.1822	2.0540	0.7819	-0.3169	0.2023	0.6284	-1.6266	0.5800	0.3594	-0.1506	-1.0002	0.5495	-0.8704	-0.3959
0.4400	1.0578	-1.0130	0.5626	0.7292	-0.7629	1.3308	0.3089	0.1395	1.0607	0.7416	-0.0374	0.5345	0.4571	0.5787	0.7561	0.2991	-0.0165	0.2778	-0.1230	0.6497	2.2939	0.1383	0.7571	-1.5856	0.0516	-0.6607	-0.3549	0.2959	-0.2687	0.6731	0.6920	0.7631	0.4820	-1.5801	-0.4197	1.1218	-1.1757	-0.7590	-0.8949	0.8261	-0.5400	-0.1745	1.9459	-0.2628	0.0183	1.4252	-0.5238	-0.1345
0.2036	-0.0879	0.0579	0.1008	1.2127	0.1479	1.1398	-0.3805	0.7345	0.2254	0.4031	-0.0827	-0.1237	0.6141	0.5985	-0.2388	1.0145	0.4037	0.4468	0.3729	1.0888	0.3279	0.1628	0.8909	-0.5219	0.7330	0.3370	1.0210	0.6378	0.3909	0.6483	1.9222	0.6047	1.0406	-0.9982	0.2580	-0.1380	-1.9324	-0.0028	0.4334	-0.4349	-0.1079	0.5662	1.3392	-0.6706	-0.4861	-0.6456	0.4578	0.7328
1.4182	1.3372	0.7395	-0.0401	1.2417	-0.6319	2.0412	0.3353	1.1429	0.0906	1.1744	0.6729	0.0983	1.0834	1.7386	-0.0909	1.0423	0.8878	1.3181	0.9718	2.2106	0.6842	0.9025	1.1152	0.3103	-0.1738	0.9281	0.4208	1.4292	-0.2036	1.3620	1.3008	1.2515	1.6755	-0.4761	0.0886	-0.9312	0.9538	-1.1748	0.8386	-0.5184	0.1684	0.2516	2.4528	0.2417	-0.5134	-0.1379	0.0158	2.1475
0.3833	1.4006	0.3022	-0.0950	0.3285	-0.1912	1.5536	-0.0778	1.1554	0.0081	0.4730	0.7236	0.3803	0.7119	0.7340	0.2617	0.3597	0.1189	1.2690	1.6995	0.6135	-0.1714	0.9146	-0.0124	-0.0959	0.4139	0.4591	-0.0031	0.9189	-1.0122	0.9669	0.8755	1.3797	2.0265	-0.2312	-0.0675	0.4919	0.7816	-1.0695	0.5867	-0.0004	-0.8244	0.5297	0.6536	-0.7014	-0.1561	-0.6236	-0.7327	1.1786
-0.7499	0.9068	0.3768	0.7490	-0.2624	0.2719	0.6741	-0.1435	0.3786	0.3967	1.8265	0.4157	0.4435	0.9712	0.8488	-0.2696	0.5155	0.5030	1.0421	0.1350	1.6691	1.6038	-0.0700	-0.5309	0.4061	-0.7046	-0.3710	-0.6154	1.1278	-0.5521	0.8972	-0.9290	0.2950	0.6296	0.6050	0.1172	1.4886	0.6763	-0.2253	0.7930	1.0745	0.7591	0.0123	-0.6703	0.0439	-1.0419	-1.2496	-0.6666	0.3420
-0.2382	0.3137	-0.0987	0.5095	0.5708	0.7835	0.8776	-0.1673	0.3799	1.1959	0.9479	0.4161	0.9228	0.1276	0.5371	1.0851	-0.0549	0.6652	0.6284	-0.4422	1.1133	1.6363	-0.3022	0.0727	0.9479	0.2105	0.0632	-0.4274	-0.1566	0.1623	0.7625	-0.0529	0.4797	0.4495	-0.6901	0.0619	0.0957	-0.7541	-0.4459	0.2822	0.5324	1.4383	-0.2679	-0.1242	0.8762	-0.7889	-0.1143	-0.0766	-0.3332
-1.5424	-0.7924	0.0523	0.2980	0.0149	0.6286	0.5573	0.0206	0.0844	0.5230	0.0804	-0.3590	0.6479	-0.6266	-0.8210	0.3260	0.9046	0.6458	-0.1146	-0.2228	0.9845	1.1425	-0.1712	1.0920	1.1239	-0.7300	1.1387	0.1477	-0.6869	0.2926	-0.1122	-0.0764	-0.4933	-0.4003	0.1385	0.2726	0.1503	0.0120	0.1755	-0.1843	0.0581	1.4549	0.4228	-0.7980	1.7190	-1.1952	-1.4745	0.4689	-1.3457
0.3084	-0.0069	0.1756	0.0658	0.6962	0.7980	1.4456	-0.2222	0.0624	0.6708	-0.4284	0.8029	0.5918	0.1930	-0.0830	-0.0552	0.4962	0.6855	0.4877	1.0049	0.2956	0.1087	0.2114	2.0333	0.8250	-0.1907	1.4733	0.3949	-1.1445	-0.2368	0.3894	0.4639	-0.0817	0.5810	-0.5419	0.3689	-0.5103	1.2675	-0.0414	-0.9099	-0.0273	0.7481	0.7083	-1.0889	0.5103	0.6889	0.0878	0.4708	0.0643
0.0065	0.1901	0.4610	-0.7595	0.2108	-0.2952	0.1064	-0.4639	1.3582	-0.7376	-0.8512	1.1449	-0.7769	-0.1539	1.1194	-0.6250	0.2483	0.7257	0.7427	2.0124	-0.3454	-0.8490	1.1569	-0.0821	0.6603	0.3842	0.8656	0.1185	0.1141	-0.6647	0.7642	2.6538	1.3971	1.4101	0.7887	-0.0419	0.3594	1.1895	-0.3364	0.7826	1.0072	0.2314	1.1100	-1.2654	-0.8810	1.8963	0.1389	1.2875	-0.0302
1.0541	1.7863	0.0857	-0.1242	-0.3790	0.2680	-0.3580	-0.3433	1.0258	-0.1545	0.4667	0.7474	-0.0706	-0.6742	0.9792	0.0096	-0.6222	0.2977	0.7511	1.9636	-0.1877	0.2017	1.3655	-0.3324	0.1022	0.1748	-0.1425	-0.0594	0.1298	-0.6537	1.3828	0.7068	1.3370	1.7247	0.9321	-0.1453	0.3577	1.8740	-1.5771	0.8799	1.0614	-0.4900	0.4485	0.7106	0.6031	0.8506	0.4523	0.4285	0.4401
-0.3585	-0.2751	-0.2151	-0.0157	-0.3083	0.9652	-0.5327	-0.2290	0.9687	-0.1830	-0.9531	-0.2212	-0.4983	-0.1012	0.6696	0.0231	-0.7069	-0.6111	1.2085	0.5804	0.1300	0.8632	-0.3686	-0.4842	-0.1754	0.6948	-0.5125	-1.1511	0.7817	-0.5693	0.6980	-0.1057	0.2865	0.8610	0.3935	-0.7573	0.4847	-0.6184	-0.9409	-0.1437	-0.1177	0.5126	-0.7894	1.4284	-0.7578	-0.8766	0.1921	-0.0612	-1.1571
0.7403	0.3361	0.6900	0.1195	-0.0049	0.4967	-0.1144	0.0678	0.6114	0.1883	0.7651	-0.0363	-0.0108	-0.0513	0.8030	-0.3919	0.0259	-0.3861	1.5898	0.0917	0.8814	1.1992	-1.1638	0.3198	-0.0355	0.7750	-0.3206	-1.1373	1.3450	0.0692	1.1343	-1.2573	0.3154	0.4967	1.6639	-0.8759	0.2266	-1.0995	-0.8173	0.6302	-0.4869	0.8125	-0.6913	0.7001	-0.4448	-0.3044	0.0066	-0.3876	-0.6266
1.0337	-0.0141	0.1686	-0.3773	1.0553	0.5419	-0.0414	-0.0774	0.5235	1.0281	-0.1663	1.8517	0.4296	1.2063	0.3182	-0.6765	0.0527	-0.7949	1.9912	0.5082	0.0801	-0.1449	-0.6205	1.2768	-0.1649	0.4752	-0.3379	0.1763	1.1355	-0.0291	1.2110	-0.5377	0.3406	0.7889	0.7827	-0.2821	-0.6049	0.3425	-0.2704	0.0924	-0.8802	0.2111	0.0072	1.2333	-0.8587	0.4443	-0.2028	-0.9333	0.5508
0.4540	0.3430	0.4982	-0.2204	1.6451	0.8230	-0.7165	-0.3621	0.4916	-0.2902	-0.8938	2.3632	-1.1258	1.1134	1.7488	-0.1139	0.5234	-0.0950	1.0902	1.6481	0.7084	-1.1423	1.2538	0.0349	0.1709	1.1386	-1.2421	0.3776	2.5004	0.8110	0.5061	1.7175	1.9022	1.0253	1.8888	-0.6293	0.1353	0.5832	1.3970	1.3390	0.2239	0.6484	-0.3036	0.2960	-1.5517	3.2849	0.8041	0.0516	0.5229
0.5562	1.5802	0.2248	-0.6915	0.2335	0.0061	-0.1712	-0.6565	0.1123	2.0378	1.8167	0.8406	-1.5328	0.0948	-0.2371	-0.3168	-0.3308	0.1268	0.3584	1.5940	0.2577	-0.4736	0.6864	-0.2547	-0.3905	0.5400	-0.9662	0.6397	0.5270	-0.1169	1.2917	-0.4623	0.3776	1.9493	-0.1423	0.9281	0.8017	1.8025	-0.2932	1.2338	1.5788	-1.2214	1.4905	-0.6246	0.3471	0.5123	1.0254	-0.6541	1.0366
-0.9359	-0.1960	0.0974	-0.0177	0.6001	0.1407	-0.7795	-0.9167	-0.1762	-0.0131	-0.7911	-0.8109	0.7553	-0.3116	-1.1222	0.6845	-0.8045	0.4229	-0.3156	-0.2375	-0.7018	0.6455	0.5436	-0.2095	-0.3706	0.7834	0.4663	0.6006	0.1600	0.2077	-0.1460	1.5761	-0.6595	0.4589	-0.4219	0.8816	0.6494	-1.8370	-0.0433	0.5652	1.7731	-0.0268	0.7491	0.6314	0.2163	0.1558	0.7924	0.4329	-0.4543
-0.9576	1.0458	0.5543	0.6245	0.7600	0.4517	0.3811	0.3298	-0.2848	1.1111	0.9748	-1.4651	2.6583	-0.5384	-0.3925	0.8134	-0.2614	1.4879	-0.8656	-1.1544	0.4682	1.3787	0.7973	1.5287	0.3959	-0.6509	1.0643	2.0062	0.8916	1.3820	-0.4646	1.0544	-0.0399	-0.7657	-0.4173	1.7273	-0.8534	0.0354	0.3922	1.3719	1.2255	0.7669	0.0280	0.7386	1.4062	0.1285	0.3917	1.4594	1.3617
-0.9701	0.5373	0.7604	-0.0018	0.6635	0.8274	1.0726	-0.3313	-0.2020	1.7261	-0.6055	-1.4079	2.3609	0.8822	0.0209	0.8830	0.0933	1.3609	0.3147	-0.3183	0.3359	-0.4051	0.6345	2.1907	0.3690	-0.2645	1.5984	2.0956	0.2674	1.1566	-0.6355	0.8577	1.2827	-0.9215	-1.6235	2.7320	0.2091	0.6438	0.8868	0.9574	-0.1530	0.3237	-0.2961	0.3689	0.2261	0.1560	-0.3528	1.9155	2.9473
-0.5311	1.1969	1.2325	0.3909	-0.1171	-0.2117	0.3877	-0.6681	-0.7315	1.1932	0.3649	-0.7358	2.0064	-0.0373	0.1003	0.0025	0.4526	1.4578	-0.4823	0.0074	0.1032	0.0038	1.8329	0.7462	0.3754	-0.1030	1.0034	1.2474	1.0239	1.0839	-0.7534	0.7279	1.4625	-1.1812	0.2176	2.3052	1.3273	0.5197	1.9727	0.9892	0.5494	1.4311	-0.6106	0.1742	1.2523	1.1020	-0.7193	2.3060	1.8812
-0.5318	-0.4301	0.2837	-0.4187	-0.5623	0.3680	0.2889	-0.4451	-2.2091	1.0185	0.5596	-0.3195	1.5031	-1.5712	-0.7560	-0.0623	-0.2594	-0.1317	-0.9006	-0.5714	-0.8518	0.3338	0.4295	-0.1319	0.0194	-0.0976	0.8658	-0.6158	0.0821	0.3006	-0.1882	-0.6220	0.4450	-1.1379	-0.5145	1.2352	1.1983	0.8033	0.8857	-0.5252	0.0663	1.4480	-0.3631	-0.3866	1.7602	-0.5157	-0.5750	1.0666	0.2851
-1.0577	-0.3338	0.1459	0.1750	-0.3388	-0.1884	-0.8793	-0.2672	-1.6199	0.3775	-0.3010	-1.4899	0.8659	-0.9260	-1.1916	0.0977	0.3598	-0.3229	-1.2348	-0.4343	-0.5166	0.6056	-0.0857	0.4062	0.0946	0.3508	0.8567	-0.9977	0.0299	0.0021	-0.6028	-0.0792	-0.5483	-0.7566	0.9221	0.8279	0.6048	-1.3224	0.5379	-0.4851	0.9660	0.6310	-0.1648	-1.1018	2.2200	-0.0988	-0.8265	0.7200	-2.1577
-0.7271	-0.4433	0.0337	0.3380	0.1210	0.2846	0.0116	-0.3924	-0.6533	1.5141	0.2043	-0.2072	-0.0734	-0.0810	-1.4694	-0.3260	0.3513	0.1074	-0.3607	-0.0047	-0.3526	-0.4232	-0.2793	0.5819	-0.1694	-0.0811	0.6377	0.2838	0.1206	0.5889	-0.0492	-0.6316	-0.3490	0.0201	0.8789	0.8285	-0.5347	0.2015	0.0610	-0.7034	0.3363	-0.3729	1.1616	-1.4214	0.7674	-0.2919	-0.4951	0.1671	-0.9017
-0.7761	-0.0192	0.8528	-0.5833	0.2799	-0.4607	-0.1838	-1.0451	-0.3098	0.1979	-0.8878	-0.0868	-1.4173	0.5193	-0.7381	-0.9583	1.1265	0.5317	0.2987	0.4204	-0.4397	-1.7474	-0.1893	-0.6422	0.5693	0.9263	0.5213	1.3899	-0.5806	0.0795	-0.5814	0.7132	0.1025	-0.1291	0.7577	0.5946	0.3881	0.1511	-0.3751	-1.0022	-0.2259	-0.3207	1.0171	-1.6084	-0.4383	0.3298	-0.2884	-0.3506	0.3868
0.7984	1.3679	-0.5339	-0.5602	-0.7429	-0.0616	-0.0835	-0.7755	-0.1485	0.2522	0.2843	0.8579	-0.4237	-1.4977	0.2912	-0.2622	-0.3806	0.1624	-0.5237	0.1459	-1.7085	-1.1564	1.5713	-0.3347	0.7127	0.4145	-0.9620	0.4561	-1.6750	-0.1909	-0.3736	0.9265	0.1104	-1.0738	-0.2982	0.0997	0.7594	0.9423	-0.0486	-0.2047	0.6001	0.1428	0.6719	-0.1439	-0.4395	0.2044	-0.7177	-0.5215	0.2036
-0.3087	-1.5536	-1.3947	-0.1745	-0.6140	-0.0629	-1.2729	-1.1798	-0.8660	-0.4490	-1.8005	0.4097	-0.0829	-1.0718	-0.9687	0.7428	-0.7963	-1.1818	-0.9025	-0.6116	-2.6867	-0.4670	1.7844	-0.7894	0.8291	0.6681	-0.1634	-0.5868	-1.7098	-0.9062	-1.3816	0.7949	-1.0825	-1.2777	-0.8471	-0.5149	1.0187	-1.1188	1.3077	-0.9333	0.5364	-0.0639	0.5010	0.3139	-1.0372	0.7807	0.1668	-0.2295	-0.4164
-0.4249	-1.1455	-0.0612	0.7689	-1.0897	-0.6622	-1.0107	-0.5385	-1.5529	-0.2706	-0.2563	-0.8132	0.6287	-0.1869	-1.0005	0.3803	0.5376	-0.7407	-1.3244	-1.6827	-0.4194	0.2245	-1.0135	0.0084	0.6156	-0.4996	0.3107	-0.4901	-0.1255	-0.4922	-1.3595	-1.1889	-0.8064	-1.3918	0.5096	-0.3182	0.1685	-0.4866	1.1401	-0.2493	0.4377	-0.7238	0.1110	-0.6866	0.9411	-0.1864	0.1247	-0.3539	-0.5997
0.4030	-0.3993	-0.3661	-0.1647	-0.8765	-0.8993	0.0998	-0.4261	-0.6956	0.1827	-0.5413	-0.9159	-0.7184	0.6837	-1.0255	-0.1842	0.2657	-0.6655	-0.5833	-1.6643	0.0864	-1.3022	-0.9407	0.3251	0.1858	0.1544	0.2752	-0.5969	0.3114	-0.5583	-0.8913	-1.2829	0.6027	-0.6961	0.0255	-0.0100	-0.4658	2.3418	0.5824	-0.8298	0.2316	-1.5223	0.8644	0.3604	0.7747	-0.1882	-0.6375	-0.4345	-0.2815
0.0040	0.0497	-0.6082	0.1229	-0.9320	-1.3873	-0.9228	-0.6699	-0.1217	-0.6237	-0.7474	-1.8986	-1.9173	0.9718	-1.8283	-0.0438	-0.3555	-1.2696	-0.9083	-0.2064	-0.4779	-1.9152	0.4828	-2.1181	-0.4693	1.3311	-0.5937	0.4629	-0.3013	-0.7797	-1.2562	-0.6144	0.4395	-0.0715	0.1047	0.2352	0.6523	0.3842	-0.0062	-0.7720	0.7080	-3.2550	1.3979	0.2052	0.8863	0.4910	0.2859	-0.6360	-0.7056
-0.9964	0.5776	-0.4793	0.6731	-1.9150	-0.7587	-1.1258	-0.1199	-0.2842	0.0302	0.8269	-1.6368	-0.8423	-0.2032	-1.1392	-0.8697	-0.5730	-1.2160	-1.2872	-1.4462	-0.0097	-0.3350	-0.5338	-1.5254	0.5051	-0.5293	-1.0151	-0.4624	-0.7191	-0.8368	-1.3309	-1.8936	-0.0820	-1.2865	-0.3168	0.2150	1.3789	0.9216	1.1092	-0.4349	1.2347	-1.1687	1.0140	-0.9500	0.6036	-0.0080	1.1549	0.1075	-0.5157
-1.2319	-1.0174	-0.4887	0.1072	-1.4273	0.0817	-1.0515	-0.0758	-0.6097	-0.7953	-0.7968	-1.4236	0.0121	-0.6074	-2.1173	-0.1883	0.2940	-1.5515	-1.1101	-0.9036	-1.8338	-1.0063	-0.8540	-0.7523	0.8886	0.4020	0.2480	0.3749	-1.6916	-0.9475	-1.1305	-0.4633	-0.9333	-1.4733	-1.4402	0.2445	-0.1980	-0.1597	1.8374	-0.3692	0.5180	-1.0824	0.9880	-1.2962	0.4857	0.4416	2.0339	1.0793	0.1179
-1.0026	-0.2545	-0.4141	0.0996	-0.9152	0.1440	-0.9953	0.0164	-0.3398	-0.6431	-1.2895	-1.2579	-0.0177	-1.1390	-0.4190	-0.1109	1.1881	-0.3368	-1.3081	-0.2373	-0.8359	-0.8896	-0.2065	0.2732	1.3791	-0.5054	0.6088	0.6070	-0.8828	-0.0283	-0.9269	0.7110	0.4349	-1.7337	-0.0026	0.1615	-1.4422	-0.0842	2.1966	0.1310	0.5419	0.5674	0.2607	-0.2580	2.3439	2.1262	1.4091	1.0356	-0.1785
-0.5794	0.8581	-1.0290	-0.6129	-0.9765	0.5622	-0.5550	-0.6945	-0.2139	-0.7615	-1.2532	-0.8270	-1.2401	-1.7623	-0.0368	-0.2448	-0.9015	-0.4273	-1.0695	0.3674	-1.3345	-1.7099	0.3416	-0.8061	0.8033	0.7873	-0.3828	-0.2007	-0.8889	-0.0337	-0.6430	0.1467	0.3789	-0.8081	-0.8628	0.0427	-0.2618	0.4560	1.5026	0.1327	0.8196	-0.4610	0.9112	-0.6245	1.1659	1.2757	0.6097	0.8929	-0.7002
-2.2285	-1.0100	-0.4529	-0.1762	-1.8054	0.1682	-1.8142	-0.4844	-1.1142	-1.2972	-1.2476	-2.0885	-1.3592	0.5058	-0.9438	-0.3964	-0.9835	-0.0608	-1.5679	-0.5839	0.0246	-0.2091	-1.3484	-0.7150	0.9622	-0.2487	-1.0751	-1.1503	-0.2318	0.0885	-1.6989	-0.8225	-1.0430	-1.2891	0.6541	-0.1296	1.0011	-0.2933	1.4528	-0.1042	0.9825	-0.3018	0.2873	-0.9781	1.1768	-0.3815	-0.9529	1.0478	-2.3722
-0.3825	-0.5502	-0.6932	0.8294	-0.2681	0.4465	0.0975	0.2027	-1.4605	0.5162	0.2445	0.0449	-0.6933	-0.2267	-0.4604	0.0173	-1.4133	0.0054	-1.3283	-0.9004	-0.4770	-0.6812	-1.1970	0.0878	0.0781	-0.1669	-2.0250	-0.7438	-0.1847	1.1725	-0.9345	-1.4067	-0.3453	-0.6230	0.5569	-0.7378	-1.2099	-0.2038	0.8044	0.0191	0.1883	-0.4486	0.3335	-0.4343	0.2197	0.6318	1.6620	0.7895	0.1711
-1.0752	-0.6643	-0.1946	-0.0493	0.0196	-0.3043	0.0084	-0.4794	-0.3428	-0.5361	-1.7562	-0.4859	-1.9648	-0.2480	0.1299	-1.3667	-1.1866	-0.3622	-0.4086	-0.5696	-1.0081	-2.0209	-0.2357	-0.5842	0.2789	0.4361	0.2260	0.7685	-0.5997	1.0518	-1.5138	0.5059	-0.1362	0.1182	0.3970	-0.2339	-1.3151	-0.2392	0.2507	-0.0244	-0.2949	-0.2963	0.6871	-0.3700	-0.8191	1.1123	1.3095	0.7946	1.3633
-0.7343	1.1512	-0.0654	0.2128	-1.1706	-0.5926	-0.5305	-0.5219	0.6070	-0.5548	-0.1335	-0.4227	-2.4603	-1.8707	1.4041	-1.8309	-1.4510	-0.4382	-0.8501	-0.1912	-1.0319	-0.9524	1.6213	-0.7548	0.3379	-0.0988	0.1201	0.5693	-0.6747	1.3432	-0.7080	0.6159	0.0420	-0.3162	0.5968	-0.6473	0.0904	0.4950	-0.3103	1.1875	0.1959	0.5938	-0.1349	-0.6623	-1.0378	0.6187	0.2834	1.2722	0.4206
-1.9173	-1.2920	0.2458	-0.3673	-1.2947	-0.7259	-1.0375	-0.2992	-0.2458	-0.4044	-1.1225	-0.5463	-1.7110	-1.8708	-0.0355	-0.1900	-1.6962	-1.1754	-0.6016	-1.0401	-1.0661	0.2573	0.0046	-0.5966	0.3080	-0.9790	0.6428	-0.5871	-0.6673	-0.0579	-1.0153	-0.3038	-0.9606	-0.5938	-0.0073	-0.8203	0.6051	-0.8731	-1.4520	-0.5266	-1.2584	1.2720	-1.1609	-0.5367	-0.2793	-1.1788	-0.4882	0.6583	-0.4486
-1.1797	-1.4176	0.9131	-0.6000	-0.5326	-0.8451	-1.1342	-0.5402	-0.5331	-0.6893	-0.8163	-0.9060	-0.6100	-1.7566	-0.7442	0.5500	-1.1100	-0.9592	-0.6271	-0.6865	-0.2802	-0.0097	-0.0866	-0.0434	0.2272	0.2900	0.9789	-0.0033	-0.5618	-0.0731	-0.6266	0.3326	-1.3893	0.1468	0.7123	-0.0988	-0.6054	-2.1177	-1.8404	0.1810	-1.1365	0.7953	-1.1110	-1.0046	0.1971	-0.4121	0.5594	0.1794	-0.1960
-0.1364	-0.6868	1.0864	-0.9444	-0.1009	-0.4759	-0.7099	-1.1052	1.0379	0.2859	-0.8801	-0.1355	-0.5762	-0.6709	0.2554	0.7805	-0.9574	0.8050	0.2155	-0.6185	0.2904	0.1386	0.7652	0.7113	0.2854	-0.2459	1.1656	0.8050	-0.6618	0.6294	-0.0806	0.7128	-1.1036	-0.4532	-0.3435	0.7794	-1.8481	0.2204	-1.3989	-0.2057	-0.6563	1.2109	-0.4744	-1.2393	-0.7840	0.3452	0.0301	0.1513	0.0604
0.2072	0.6768	0.4064	-0.4043	0.2150	-0.2770	-0.9495	-0.8102	0.8061	-0.8920	-1.1141	0.2664	-1.0712	-0.3495	1.0340	1.4937	-2.2230	0.3713	-0.0789	0.2513	-0.7689	-1.1635	1.6585	-1.7522	-0.6810	0.8296	0.6402	0.4820	-0.0238	0.9872	0.1501	1.9196	-0.3625	-0.4356	-0.8354	-0.0708	0.0023	-0.7415	-1.0473	0.0148	0.7079	0.2709	0.7868	-1.6928	-1.0320	1.0196	-0.0132	-0.1862	0.9259
-0.6845	0.7562	0.6601	-0.0111	-0.6068	-1.2302	-0.7600	-0.0997	0.0761	0.2886	1.0769	-0.3945	-0.5175	0.5244	0.1425	0.0443	-1.0055	0.6769	0.1845	-0.5698	0.1015	0.9846	0.8209	-0.7069	-0.6368	-0.3407	0.0503	-0.6739	0.3886	-0.1882	0.2057	-0.1554	-0.4456	-0.5268	0.1254	-0.9291	0.4529	-0.2263	-0.6382	-0.8815	0.7029	0.8613	-0.1928	-0.9170	-1.1083	-0.0967	-0.2174	-0.3214	0.0760
0.0535	0.1409	0.3860	0.1008	0.3582	-0.0298	0.5579	-0.0479	0.2052	-0.2260	0.1607	0.7828	0.7994	0.8051	-0.2084	0.1435	-0.7614	-0.8479	0.4505	0.3085	-0.0916	-0.0731	-0.3968	0.4206	-1.2901	1.0555	-0.0804	-0.6679	0.1116	-0.4459	1.1675	-0.5381	0.3749	0.9929	-0.4490	-1.7819	-1.1644	-0.9880	-2.0863	-1.2309	-1.0182	-1.1282	-0.5886	0.6280	-1.7722	-0.7172	0.1543	-0.6012	0.6705
1.1129	0.8067	0.6360	-0.4510	0.3625	-0.0384	0.8519	0.1723	1.0331	-0.8061	-0.0684	0.6067	1.1170	0.1737	0.9660	-0.3185	-0.0862	-0.2104	1.3745	1.0591	1.2267	-0.3199	-0.1600	0.7359	-1.2833	-0.0660	0.3647	-0.1515	1.7522	-0.3745	1.4523	-0.3481	0.6465	1.1276	0.5009	-1.5768	-0.4496	-0.2138	-1.6113	0.1370	-1.4131	-0.5620	-1.3052	1.1469	-1.3800	-0.6534	-0.3109	-0.4935	0.5727
1.5503	-0.1490	-1.0137	-1.2635	-0.4697	-0.0808	0.2776	-0.2963	1.8042	-0.8242	0.3624	0.6339	-0.2103	-0.9928	0.5211	-0.0414	-1.8954	-0.8557	1.2458	0.7220	-0.5491	-0.7363	0.2486	-0.7326	-1.7888	-0.7113	-0.3447	-0.8619	0.7193	-0.9969	1.4180	-0.0715	0.0086	0.6812	-0.7109	-1.5696	0.3446	0.0595	-1.4295	0.1424	-0.4004	-0.6534	-0.9646	0.9570	-1.8254	-0.4159	-1.1924	-0.9675	0.0495
-0.5102	-1.5129	-0.3659	-0.5777	-0.9300	-0.1976	-1.3286	1.0113	0.9794	-1.0140	0.5219	-1.3500	-0.5089	0.1224	-0.8967	-0.3902	-0.9855	-0.7293	0.1932	-0.4228	0.2927	0.4511	-0.1942	-1.1832	-1.1594	-1.3868	-0.7367	-1.2282	0.2587	-0.8865	0.0480	0.0011	-1.2924	-0.2409	0.1423	-1.2725	0.9926	-0.6899	-0.4885	-0.4403	-0.3237	0.2539	-1.2677	0.0537	-0.7468	-1.2254	-1.1787	-0.9166	-0.7409
1.3210	-0.9739	-0.0184	0.1280	0.3437	0.3989	0.6892	0.9756	0.7998	0.1758	0.8533	-0.1996	0.3438	0.3150	0.0645	0.1307	-0.1166	1.1873	0.3664	-0.3477	1.7043	1.7402	0.1434	1.1481	-0.0959	-0.6543	0.1210	-1.2020	-0.1687	0.1777	-0.3996	-0.8146	-0.7562	-0.5832	1.0355	-0.9484	-1.0207	-1.3302	-0.9703	-1.3447	-1.9007	1.3667	-2.4131	-0.7569	-0.2514	-1.4588	0.0340	-0.5334	-0.4508
1.1696	-0.7454	0.1314	-0.2223	1.5190	1.3337	1.2924	0.8057	1.2366	-0.1735	-0.0112	0.6838	-0.0533	1.6106	0.8132	-0.7663	0.6326	0.8723	0.5073	0.6659	0.9346	0.2060	-0.6882	1.3812	0.2450	-0.2699	1.0258	-0.1180	-1.1632	0.1754	-0.2793	-0.9128	-0.7296	0.3558	0.8054	-0.1511	-2.1581	-0.2105	-1.1284	-1.6238	-1.8291	-0.0914	-1.0066	-0.4348	-0.6899	-0.6339	-0.2275	-1.1406	0.5096
1.7606	1.3405	-0.6627	0.7730	1.7586	0.6960	0.8706	0.8702	1.4761	-0.3055	1.1279	2.6470	0.7154	0.5440	2.8165	-0.3172	0.4553	-0.1257	-0.4144	1.0653	0.1540	0.1337	0.6762	-0.3217	-0.6800	0.0592	-2.6451	-0.2420	-0.8862	1.0134	0.6066	0.1543	0.3547	-0.1147	0.6047	-1.5009	-0.6030	-0.0576	-1.2732	-0.6740	-1.0160	-0.7680	-0.8628	0.5276	-1.4823	1.1519	-0.3461	-1.5787	0.2022
-0.0061	-0.5590	-0.7141	0.5597	1.4414	0.0694	0.8380	1.0363	0.8230	-0.5427	-0.1543	1.7782	0.6397	0.1438	1.9294	0.8738	0.1420	0.2983	-0.0148	0.0466	-0.2517	1.7211	-0.6618	0.0847	-1.2322	0.2031	-2.1111	-0.8947	-1.3850	0.0179	0.2178	0.1066	0.1048	-0.6297	-0.9346	-1.2961	-0.4330	-2.6638	-1.8311	-2.1948	-1.4309	0.0413	-1.4428	1.4617	-0.9693	0.2247	-0.4526	-1.4138	-0.9474
0.1582	-0.6576	0.4102	-0.2876	1.4273	-0.4953	0.6457	1.6335	0.4334	-0.5282	1.1754	0.2687	0.4411	0.3409	0.4401	-0.6369	0.6453	0.7104	0.3770	-0.0180	0.2003	1.2699	-0.8029	0.9648	-0.4655	0.0422	0.4365	0.4659	-1.1357	0.0943	0.4179	-0.5068	0.4597	-0.1668	0.1236	0.2383	-0.8580	-1.0247	-1.1303	-0.6379	-0.5620	-0.8860	-0.5628	-0.0584	0.0140	-1.5843	-1.0558	-0.7306	0.2263
1.5154	0.3373	0.2907	-1.4851	1.0922	-0.8335	1.1462	1.6306	1.2326	0.5044	1.3764	0.4042	-0.3381	0.5393	0.9112	-1.4452	0.5763	1.8485	0.9590	0.5195	1.0713	0.9750	-0.2393	1.7413	0.3791	-1.4603	0.6644	0.0188	-0.1560	0.2766	0.1652	-1.3057	0.8545	-0.5841	0.2857	-0.0021	-0.5186	1.2447	0.2388	-0.3514	-0.7436	0.4549	-0.8267	0.5437	-0.2617	-1.7185	-1.0104	-0.4887	0.6085
-0.2621	-0.1152	-0.4594	-0.9678	0.6750	0.4301	0.7137	1.6624	1.2802	-0.1749	-0.0549	0.2627	-0.5133	0.3134	0.4971	-0.4496	0.2614	1.4205	-0.3275	-0.1782	0.5498	1.4220	-0.7246	-0.2052	0.0729	-0.9658	-0.2876	-0.6571	-0.3974	0.0601	-1.1047	-1.1748	-0.4194	-1.0409	-0.6216	0.4505	-0.6641	-0.7533	0.3449	-0.3581	-1.1416	0.2216	-0.9839	1.8320	-0.1498	-1.4401	-0.6163	-0.4726	-0.3185
0.5795	-0.0024	0.1374	-1.1042	1.6038	0.1486	0.0529	2.1676	0.7406	-0.7010	0.6187	0.4369	-0.5433	0.1000	0.7735	-0.2274	0.7582	1.2644	-0.4391	0.2555	0.5702	1.0155	0.1442	0.3087	0.4725	0.4576	0.9699	1.2486	-0.5469	0.5551	-0.3531	0.5469	0.1940	-0.0506	-0.0321	1.4747	-0.6836	-0.4294	1.5532	0.4869	0.2408	-0.9129	0.7916	1.7408	0.4552	0.2955	1.3395	1.1215	1.5472
1.2653	-0.2167	0.0379	-0.3311	0.4280	0.7698	0.2970	1.8067	-0.3188	0.7760	1.0264	0.0758	0.1335	0.1578	0.7007	-0.3349	1.2601	1.4821	-0.1537	-0.5503	0.8740	1.1014	-0.0266	2.2317	1.1973	-0.7436	1.0995	0.9338	-0.3309	1.6406	0.1096	-0.6635	0.3497	-0.6224	0.1275	1.2230	-0.1399	0.9596	1.8528	0.3507	1.1128	0.1463	0.6652	0.7061	1.8391	0.0375	2.0556	0.8437	0.1487
1.6786	0.0919	-0.4468	-0.4155	0.3195	0.4669	1.1712	1.1560	-0.2077	0.0575	0.0127	0.8369	-0.3356	-1.4007	0.6163	-0.0796	1.3119	0.3418	-0.2492	0.4465	-0.0228	-0.8398	0.0337	0.5845	0.4426	0.1135	0.7075	0.0199	-0.7726	0.6484	-0.0918	-0.1506	0.7335	0.1426	-0.1550	0.6383	0.1709	1.4936	1.2177	0.5042	0.4171	-0.5218	1.4389	0.6615	0.8415	0.8465	1.7550	0.9460	0.2507
1.7683	1.6758	-0.9406	0.2304	-0.6588	-0.8844	-0.5254	0.4375	0.1648	-0.7555	0.6146	0.4737	-1.5245	-1.1661	0.9892	-0.0583	-0.4765	-0.6238	-0.7316	0.4003	0.1121	-1.3431	0.1620	-1.5736	-0.0955	0.3582	-0.7195	-0.1695	-0.6385	0.1598	0.0878	0.0153	0.5526	-0.5729	0.3234	0.1795	1.0501	1.7170	1.4415	1.2574	1.4464	-1.1752	1.4938	1.6969	1.3262	-0.1520	0.5574	1.3110	-0.2601
-0.0013	-0.4080	-0.2309	1.1472	-1.4482	-0.0072	-1.1856	1.1176	-0.1632	-0.8200	0.1913	-0.1868	0.0479	0.3795	0.0564	-0.1536	0.3578	-1.1464	-0.5871	-1.5264	0.4586	-0.3399	-1.3831	-2.2568	-0.0854	-1.9627	-1.0645	-0.5641	-0.4861	-0.8198	-0.9051	-0.6770	-0.8688	-1.3058	0.2761	0.0047	1.1253	0.4051	1.1858	0.7971	-0.3056	-1.0161	-0.5264	1.3168	0.8374	-2.3233	-0.5981	0.9729	-1.3151
0.8179	-0.5217	0.0771	1.3088	-0.9054	-1.0586	-1.0670	1.3265	-1.0720	-1.1581	0.0765	-0.4973	1.5172	0.2921	-0.3721	0.3849	0.8286	-1.4103	-0.7569	-1.9213	0.5645	0.1306	-0.9118	-1.5117	-0.1039	-0.9126	-0.7515	-0.6020	-0.7938	-0.8828	-1.4291	-0.8171	-1.3372	-1.1548	1.1494	-0.6231	0.3490	-1.4480	0.2264	0.1875	-0.6064	-1.2174	-1.1760	1.6611	0.4939	-0.4947	-0.4224	0.5388	-1.4256
0.2835	-0.5145	0.0059	1.2361	-0.5462	-0.7970	0.6310	1.9852	-1.7933	-0.5248	0.2702	0.0044	1.5206	0.5884	-0.1403	0.8885	0.2891	-2.0055	-0.3834	-1.5205	-0.3978	-0.5373	-1.5193	-0.2441	-0.5917	-0.2953	-0.6775	-0.0320	-1.0624	-0.9548	-0.9796	-1.7928	-1.5188	-0.4637	-0.2870	-0.9400	-0.9310	0.7293	-0.2294	1.2381	-0.7257	-1.9060	-0.6631	2.1656	-0.2820	-0.9598	-0.6435	0.2151	0.5420
0.0041	-1.2685	0.7886	0.9746	0.2410	-0.8605	-1.0465	1.2111	-1.5999	-1.4174	-0.5695	-0.4282	0.4647	0.6198	-0.2932	0.6869	2.2117	-1.3640	-0.1756	-0.1204	0.0972	-1.3985	-1.4850	-0.0102	-0.4320	0.4489	0.6677	0.7222	0.6010	-1.0476	-0.8170	-0.2118	-0.7364	-0.2707	1.9160	-0.4115	-0.1194	0.1974	0.9774	1.8783	-1.3881	-0.3998	-0.9045	1.6862	-0.3217	0.5252	-1.3997	0.5541	1.1673
1.9611	1.1417	0.9052	0.5255	0.6303	-1.3690	1.2563	1.1181	-0.3405	0.6554	0.9274	0.6955	0.0134	1.0135	0.8890	-0.2034	2.6800	0.0956	0.2597	0.8508	1.1413	0.5334	-0.6675	0.8244	0.1756	0.9356	0.2329	-0.6077	2.4456	-0.6717	-0.0147	-0.6497	-0.1431	0.9033	1.9722	-0.3164	-1.0412	2.4655	1.7887	1.3881	-1.4223	0.8039	-1.8011	2.2206	0.1479	0.2455	-0.1628	0.1815	1.3195
0.4295	0.4278	-0.1146	0.5019	0.2479	0.6100	-0.0278	0.2661	-1.5064	-0.2429	-1.2782	1.0050	1.0193	0.7689	-0.4071	1.3112	0.7184	-1.1683	0.0047	0.0898	-1.1016	-0.7740	-1.2308	-0.3120	-0.1128	1.3939	0.6659	-0.6110	2.0376	-0.8018	-0.0367	-0.1256	0.1721	1.4745	-0.1092	-0.7968	0.5873	0.3348	1.8708	2.4494	-1.5604	0.1768	-1.1729	0.9703	-0.8490	-0.0361	-0.2372	0.1710	0.7658
-1.4884	-0.2580	-0.3293	1.4585	0.2693	0.1443	-1.6322	0.8412	-1.9919	-0.0061	-0.5190	0.8863	1.0126	0.4584	0.0950	0.7867	0.6795	-0.2142	-0.5552	-2.0277	-0.1138	0.5006	-1.4574	-1.0011	0.2616	-0.3236	0.6513	-0.7529	2.4650	-0.0757	-0.1813	-0.5510	0.4069	0.8373	0.6586	-0.4401	0.5266	-0.5760	0.7591	2.3342	-0.4002	2.0657	-1.5815	-0.0140	0.4761	0.0698	-0.2638	-0.4682	-0.8567
-1.2354	-1.3108	-0.3457	0.5557	0.8493	1.6222	0.5344	1.3200	-2.0485	0.7672	-0.0850	1.2114	0.1965	0.7262	-0.3166	1.3100	1.3029	0.1023	0.3706	-2.1680	-0.8916	0.1896	-2.0679	-0.4215	0.2970	0.6005	0.8481	0.5169	1.6305	-0.2490	0.1473	-0.8273	0.0838	1.2167	-1.1110	0.6335	-1.3415	0.0964	0.7033	1.4926	-0.6812	1.8836	-0.9802	-0.0494	0.1017	-0.3305	0.3547	-0.8358	0.6831
0.1132	0.3712	-0.5038	0.8700	1.5072	1.2392	-0.5525	1.2645	-2.0148	0.1435	-0.0801	0.7564	0.2448	-0.0150	-0.0032	1.1055	1.6893	0.2943	-0.0523	-0.5906	0.3175	-0.3066	-0.4041	0.9285	0.9058	0.6901	0.8807	1.3262	1.9305	0.7342	-0.0184	0.2554	0.3776	0.8205	-0.0284	1.2757	0.0772	0.5052	0.5214	1.1370	0.2095	1.0707	0.9404	-0.1516	0.4287	1.0454	0.4139	-0.5258	0.3674
0.9253	0.6585	0.0395	-0.3871	1.1014	0.9773	0.8605	0.5237	-0.8221	0.0875	0.2732	0.9396	-0.1081	0.8160	0.3805	0.1582	0.8937	1.0113	0.2339	0.6766	0.2877	-0.3451	0.3098	0.2963	1.0036	-0.1028	0.4877	0.3697	1.6233	-0.2475	0.6411	0.9377	1.1491	1.4101	-0.1993	1.0341	0.8065	1.3785	-0.5321	-0.1102	0.5681	0.2242	1.1494	-0.7527	0.1376	-0.3517	0.0103	-0.3981	-0.1508
1.2033	0.6650	-0.2165	0.1807	-0.0051	0.7350	-0.2356	0.4766	0.3484	0.4178	0.7818	0.5604	-0.1621	0.4613	0.1851	0.1982	-0.0437	0.5913	0.3468	1.7635	-0.0872	-0.8669	1.1641	-0.9161	-0.3504	0.4021	-1.1773	0.2413	1.3580	0.2349	0.8293	1.6698	1.3258	2.1386	0.6739	-0.2697	1.9163	0.2886	0.0192	0.3247	1.3171	-0.5485	1.7785	-1.4403	-0.3744	0.3689	-0.9002	-0.2828	-0.8289
0.9098	0.1382	0.0131	-0.0296	-0.8102	-1.1981	0.2824	-0.0914	-0.0691	2.0836	2.3533	-1.0001	2.9932	2.9492	-1.7253	-1.9828	1.7656	1.3536	2.0136	1.3398	0.8020	1.9644	-0.9130	-0.0424	-2.4876	-1.2989	-1.0188	-0.6362	0.7729	0.6109	2.3573	-2.1003	-0.6076	2.0430	-0.0422	0.0235	0.9320	2.2529	-1.9510	-2.0503	0.0496	-0.3039	0.6531	-0.9713	0.4845	-0.2430	-1.2367	-0.5243	-0.0191
1.3966	-0.2456	-0.1522	0.0695	0.1521	-0.0071	1.3756	-3.4676	-0.1242	1.0722	0.1000	0.4402	1.6807	3.1616	-0.1107	-0.4379	-0.2768	0.7705	1.9063	0.4866	-0.2914	0.6032	-0.6966	-0.0491	-1.3672	-0.8890	-1.4858	-1.3967	1.1262	-1.2168	2.8212	0.2100	-1.1010	0.9841	-1.1856	-0.2787	-1.4176	-0.4395	-0.9509	-1.3533	-1.0664	1.0231	-0.6757	1.0869	-0.7010	1.2783	-0.4926	-0.8397	0.0929
0.1431	-0.3331	-0.1502	0.4016	-0.1578	0.1187	0.8580	-0.8075	-0.2647	-0.1226	0.3122	-0.2881	1.1461	1.0053	-0.6920	-0.5259	0.5028	-0.6296	0.6275	0.6638	0.0060	0.0399	-0.5635	0.3799	-0.6950	-1.1335	-0.5397	-0.0174	0.8628	0.1096	2.1631	-0.7036	-1.8656	0.8175	-0.6881	0.2633	-1.0540	0.0607	-0.7245	-0.3167	-0.0918	0.0570	0.1407	-0.4883	0.0216	-0.7603	-1.0974	-1.0973	-1.1585
1.1454	-0.5399	-0.8688	0.0150	0.7641	0.4892	0.8662	-0.7759	0.3638	-0.1068	-0.5580	0.4229	1.9221	1.3572	-0.0184	0.1615	0.7289	-0.3193	1.4166	0.7538	-0.2322	-0.0829	0.2244	1.1439	-0.6269	-0.6535	0.6251	-0.6742	-0.2008	-0.4907	2.4673	0.9124	-0.4012	0.8714	-2.0190	-0.0943	-1.3715	-0.1109	-1.2530	-0.5563	-0.6263	1.0488	-0.3080	0.4800	-0.3754	-0.1054	-0.9685	-1.1882	0.5036
0.6806	0.5389	0.1374	-0.3919	0.4622	-0.2193	0.3990	-0.8207	1.4157	-0.3024	-0.4829	0.9463	0.2425	1.0144	0.3849	-0.7919	1.1328	0.4451	0.9626	1.7087	0.0293	-0.2685	1.8889	0.2737	-0.7191	0.7625	-0.3048	-0.8497	0.7484	-1.3517	2.2225	2.4499	0.5025	0.8426	-0.4755	0.0257	0.0770	-0.3724	-0.1808	0.9910	-0.0548	0.9365	0.2837	-0.5483	-0.9695	1.1117	-0.9111	-0.1583	0.5816
-0.9862	-0.7826	0.0752	-0.1356	-0.0332	1.3377	0.8730	-0.8177	0.3368	0.3867	-0.1308	-0.0927	0.6032	0.2328	-1.4042	0.0253	0.5292	0.4715	1.5522	1.3940	0.6952	1.2625	0.0543	0.1930	-0.5534	0.7774	-0.8206	-0.5118	0.4644	-1.8003	2.2608	0.5174	-0.5988	1.3310	-0.9354	0.0473	0.9961	-0.0728	-1.2705	-0.8171	-0.2585	0.3718	0.4391	-2.4439	-0.9963	-1.0288	-1.2040	-0.7572	-0.1055
-0.7467	-1.0288	-0.1167	-0.3164	0.2491	0.0786	0.2647	-0.7709	0.1441	0.1984	-0.3459	-0.2676	1.3662	-0.1944	-1.7814	0.0373	-0.8064	0.6384	0.6148	0.5605	1.4186	1.8285	-0.2596	0.9352	-0.6956	0.6382	-1.2445	-0.7342	1.1406	-0.9367	1.4692	0.8076	0.3109	1.8181	0.1095	-0.9581	0.3087	-1.7808	-1.7624	-1.3744	0.4484	0.7289	0.2338	-1.9284	-0.8294	-1.0882	-0.9800	-0.8431	-1.2588
0.3261	-0.8888	-0.8576	-0.9095	0.2518	0.7676	1.4728	-0.9021	1.0856	0.7886	0.3742	1.0220	1.0299	0.0183	-1.1606	-0.3972	-1.7263	0.2549	1.0454	0.6930	0.6553	0.7552	0.1245	1.5082	-0.8547	-0.6975	-1.2489	-0.6451	1.2223	0.0587	1.4934	-0.1105	0.9354	2.0977	-0.2887	-0.4511	-0.7849	-0.0174	-1.4643	-0.9957	0.4920	-0.6368	1.5288	-0.0518	-1.0622	-1.0775	-1.1218	-1.6486	0.0585
-0.0091	-0.3355	0.4710	-1.2957	0.6635	-0.3242	0.9818	-1.4908	2.7727	-0.4263	-0.5951	0.3411	-1.0726	0.1105	-0.2074	-0.5737	-1.1602	0.1641	2.2492	1.7156	1.1382	-0.7051	0.1001	-0.4734	-0.3678	0.0598	-0.6499	-0.0446	0.9484	-0.3685	1.1794	1.2335	2.1068	1.6981	0.4337	-0.5558	1.3538	-0.0697	-1.2312	-0.7224	0.2282	-0.8194	1.5602	-1.6543	-1.5237	0.4826	-1.5742	-1.7356	0.8269
0.3558	0.9598	-0.4613	-0.1502	0.0944	0.2189	0.1106	-1.1493	1.8600	1.0120	0.4965	0.2576	-0.0382	-1.4607	-0.4233	0.2684	-1.2880	-0.1372	2.0143	1.2374	0.6654	0.0212	0.8175	-0.1617	-0.6664	-0.6466	-1.0095	-0.0053	0.8496	-0.4433	1.7551	0.4104	1.5436	1.5700	0.2615	-0.7761	1.3183	0.3569	-1.4081	-0.8185	0.5143	-0.3269	0.7445	-1.1550	0.3222	0.7786	-0.4235	-2.4494	0.2442
-0.9365	-0.8040	-1.1561	0.6714	0.2432	0.7733	0.3288	-1.2294	0.2875	-0.2972	-1.2341	0.3448	1.2466	-1.7974	-1.1095	1.1891	-0.5317	-0.7988	0.9129	0.0833	-0.4839	0.9377	0.7942	-0.2957	-0.6709	-0.8675	-0.6348	-0.4284	0.1774	-1.0510	1.2199	0.6208	-0.4853	0.7942	-1.0668	-0.3774	0.9628	-2.5590	-1.0151	-1.7397	0.1610	0.3459	0.0867	-0.6263	0.1650	0.0420	0.5375	-2.4435	-1.5337
-0.5853	-0.5338	0.0373	0.8480	-0.1083	0.6662	1.1381	-0.7574	-0.3305	0.2491	0.0863	0.4276	0.9572	-0.0366	-0.2856	0.5529	0.8932	0.0495	0.0591	-0.1456	0.1317	0.7038	0.0631	-0.3485	-0.4094	-0.8269	-0.7070	0.3963	-0.0482	0.9224	0.9234	-0.2536	-0.6371	0.6601	-1.1409	0.2498	-0.2825	-0.8665	-0.3068	-0.8052	0.0273	-0.3036	0.3579	-1.7544	0.3462	-0.8937	0.9522	-1.8007	-1.1398
0.7242	-0.5269	-0.0277	0.4295	-0.2781	1.5829	2.3838	-1.1996	0.3052	-0.0253	-1.1100	1.0759	0.6920	1.2242	0.3426	1.6252	0.4707	0.2046	0.8405	0.2375	-0.4000	-0.1711	-0.5608	0.1809	-0.6244	0.0276	-0.8055	0.2143	-1.3173	0.6703	0.4807	0.3964	-0.2045	0.5396	-2.4470	0.0972	-0.3014	0.8137	-0.4434	-0.3860	-0.4451	-1.0751	0.7851	-0.1212	-1.3164	-0.5717	-0.2466	-1.2123	-0.6692
-0.6570	0.4643	-0.2958	1.3618	-0.2085	-0.0902	0.8879	-2.0685	0.6446	0.0320	-0.0108	-0.1288	-0.1283	1.0096	0.2312	1.7299	-0.3189	-0.0357	-0.2386	0.8629	0.0571	0.3121	0.6045	-1.9244	-0.6955	0.7228	-0.3237	1.0134	-1.8945	-0.2387	-0.0444	1.8566	-0.4545	-0.0150	-1.6574	0.2612	2.1118	-0.9367	-0.4950	0.0560	1.5954	-2.0417	1.5985	0.2869	-0.5424	-0.8572	-0.3718	0.5334	-0.9946
0.1621	1.8801	-0.1362	2.0710	0.0335	-0.0719	1.4953	-1.7261	-0.3244	1.8167	1.9890	-0.9219	0.1818	-0.9532	0.2874	0.8094	-0.4643	0.5072	-0.7482	-0.2642	0.8362	0.2012	1.2046	0.0186	-0.2930	0.5600	0.4062	1.4083	-1.2436	0.9006	0.4206	0.0979	0.4524	-0.0496	-1.7004	0.3738	0.8990	-0.4609	-0.2757	-0.3891	1.7192	-0.6095	1.9029	-0.7150	-0.0661	-1.2862	0.5246	1.0909	0.8580
-0.3296	1.4065	-0.2668	1.6156	-0.2161	0.4516	0.4399	-2.0740	-0.0353	0.3867	-0.5665	-1.2808	-0.1910	-0.1920	-0.9900	0.4853	-0.2277	0.1628	-0.5110	-0.1534	0.6027	-0.6577	1.3421	1.0769	0.7700	0.3423	1.8362	1.9961	-1.4973	1.0918	-0.1429	0.5324	0.8696	-0.7200	-1.1253	0.3486	0.4906	0.2622	-0.5714	-1.4568	1.5336	-0.2513	2.0673	-0.4928	-0.0770	-0.6207	0.1361	0.7562	0.2646
-1.3850	2.3430	0.8510	0.2696	-0.9508	0.7070	-0.1832	-1.4772	1.4613	-0.0633	-0.1999	-0.2274	-0.8820	-1.1646	-0.1428	-0.0589	0.6135	2.0407	-0.1044	0.3417	1.3431	0.6284	2.1038	0.4018	1.1626	-0.9140	0.9483	1.1315	-0.7988	0.7886	-0.4300	1.3491	2.1039	-1.2369	0.5035	0.8914	1.1534	1.2835	-0.6466	-0.3908	1.6164	0.9157	0.8126	-1.1885	-0.2133	0.7069	0.1272	0.5543	-0.1138
-2.2889	0.6294	-1.1037	-0.7884	-1.4101	2.6022	-0.1347	-0.6070	-0.3891	-1.0341	-0.1651	-0.8557	-0.7330	-1.8950	-1.1969	0.2647	-0.4655	0.4433	-0.5401	-0.2609	0.1301	1.2499	-0.0238	-0.9736	1.5460	-0.3940	0.7971	-0.1950	-2.0652	-1.5318	-0.5563	0.0565	0.0937	-0.4391	-0.9403	1.0971	1.0357	0.1023	-0.0461	-0.7943	1.7342	2.0532	1.4905	-1.4252	0.8009	-0.3015	0.6134	0.8330	-0.0766
-1.1209	0.0447	-0.3666	-1.5777	-0.3999	-0.1740	-0.2754	-0.0782	-0.0313	-0.9966	-0.8964	-0.2135	-0.3197	-1.6441	-0.2047	-1.1754	0.6769	0.3116	-2.1799	0.7127	0.0215	0.7854	1.1336	0.7487	2.4552	1.4009	0.3321	0.2127	-1.2378	-1.2926	-1.7988	0.5294	0.3486	-0.1086	0.6911	1.0753	1.3701	-0.0276	1.8667	1.9255	2.0673	1.9048	1.7278	-1.2640	1.6312	0.7444	1.3900	2.2083	-0.5552
-2.9949	1.4824	0.2388	-0.9513	-0.2688	1.3906	0.6856	-2.8819	2.9227	2.7794	-2.3256	-0.1446	-1.2219	-0.5968	0.1992	-1.4954	2.4113	2.4846	1.3933	2.2044	0.3636	0.3262	2.0892	2.1192	2.8904	1.7308	1.4315	2.2800	-0.3582	0.4549	-1.8457	2.0332	0.9723	-0.8741	0.5096	1.7057	0.4359	1.1860	2.7257	2.4721	2.4433	-0.6174	1.5631	-0.9790	0.7521	1.3230	2.0883	1.8388	-0.9917
-2.8224	0.7796	1.4708	-0.6547	-1.1932	1.1392	-1.5774	-6.9425	-0.6712	0.2967	1.4208	-1.8011	-1.0782	-0.9887	0.0260	0.1247	-0.2172	0.7899	-1.1006	0.2748	-0.7698	0.0430	0.7033	0.3808	2.3940	-0.0802	1.3845	1.8840	-1.6006	1.6812	-1.4697	0.9376	1.1049	-2.3816	0.2769	1.0871	2.4098	-0.7980	1.2685	3.1315	2.6057	-1.6339	-0.1031	-1.1731	2.5940	2.1182	1.0783	0.8902	-2.4136
1.4276	-1.2999	4.5195	0.8812	1.0523	0.5407	0.8549	-0.4227	-0.7552	-2.0924	2.5208	-1.7317	0.1123	-2.7547	1.1662	2.2807	1.0585	0.7721	-1.5106	1.6852	1.0425	2.2038	2.9015	-0.1884	3.4020	-0.2097	0.4108	2.1279	-2.5720	2.6457	-1.4343	1.3611	0.2778	-3.3448	0.2625	3.1881	0.4261	-0.7493	0.4297	0.3327	0.4032	-0.2360	-1.0438	-0.7209	2.2849	-0.8787	0.1578	1.5147	-1.1708
-0.2091	1.7166	2.2533	0.9600	0.4489	-1.2131	-1.6589	0.1892	-1.4429	1.0135	-0.9231	1.1478	-1.3106	-0.4758	1.9298	0.5061	-0.0959	-1.5955	-1.5556	1.0201	0.0912	-1.4292	1.7619	-0.1062	2.3340	1.7049	0.4933	0.6577	-0.4735	3.3347	-1.3899	0.2289	-0.1179	-0.7249	1.0242	3.2375	-1.0244	0.2285	2.1049	0.7309	0.4757	2.1382	-0.3990	-0.6785	2.9404	3.1019	4.0731	2.3337	0.8376
-2.4109	1.9001	1.1900	0.1640	1.1849	-1.5852	-5.3715	0.4955	-0.8712	0.1019	-1.4642	0.2538	-1.9181	0.7115	0.5344	2.1078	-1.4329	-0.0301	-0.9643	-0.0333	-0.7252	0.0340	0.9032	-0.1662	1.8625	4.2768	2.4472	1.0198	-0.8451	2.6317	-2.7495	0.2498	-0.1192	-1.0378	1.3095	3.0013	-2.6825	-0.9155	3.0863	0.0693	1.5717	1.8758	-0.7936	-0.0119	2.9553	3.4365	2.9362	3.1217	-1.1502
-0.3728	4.2542	0.0535	-0.2212	2.1451	-3.7669	-3.1725	0.7208	0.9236	2.7417	3.0486	1.0662	-2.5110	-0.7045	2.5593	2.5629	-3.1867	-0.0094	-0.5131	1.9331	0.6113	-1.5427	2.2706	-2.1664	1.7966	5.1167	3.4651	2.5738	0.6607	1.8108	-1.0086	1.8974	0.3181	0.9099	1.0009	2.6970	-0.6627	2.6308	3.8424	1.0654	2.6534	0.4721	1.4397	0.7465	2.6073	3.1408	2.8692	3.2035	0.7199
-1.5682	1.4813	1.3373	0.4178	2.5839	-3.7849	-2.6851	0.8098	0.5141	2.1558	1.5694	0.1572	-0.7730	-1.2483	2.4304	1.0965	-0.5605	-0.3946	-1.5634	1.7021	0.6886	-1.8439	2.5111	0.8866	2.4637	3.3593	1.7232	2.6645	0.4830	2.2918	-1.1347	1.4449	2.2721	0.9710	0.1966	2.1103	-0.1684	1.0490	2.0401	0.7693	1.6050	0.2851	1.4992	0.7464	1.8198	1.9379	2.6987	2.9310	1.3006
-1.5328	0.7334	1.5151	1.7534	1.3701	0.3857	-0.2508	-0.5603	0.7422	3.1627	1.2632	0.6248	0.9270	-0.7017	1.8697	1.5511	0.6288	2.0622	1.5847	0.5440	1.8414	1.5201	0.5666	3.3198	1.6724	0.6930	1.6038	1.9282	1.2237	3.0178	-0.6587	0.9011	2.3287	-0.3969	-0.0762	1.2189	-0.7755	-0.3259	0.3806	1.4136	0.7239	1.7560	0.1301	1.8904	1.0089	0.4379	0.7809	2.2638	-0.3332
0.3220	-0.3800	2.2975	1.5402	-0.1870	0.9728	0.8490	-0.3302	0.7116	2.5973	2.0212	0.8343	-0.3106	1.1340	2.0487	0.9247	-0.6425	1.0482	1.2282	-0.6005	0.7259	1.0744	1.0473	2.3683	1.4940	-0.4185	1.3997	0.9215	1.6650	1.1107	0.0509	0.0966	1.2404	-1.2745	0.0401	0.3809	-0.0103	-0.1615	0.7050	3.0052	-0.4875	1.8088	0.1959	0.7583	-0.0982	0.1323	1.6116	1.9803	0.5197
-1.3000	0.3766	2.2015	0.4724	-3.1839	-0.9581	-0.8462	1.0100	-1.7716	2.9313	2.1809	-0.4340	-0.6787	-0.6266	2.3529	-0.0642	-1.7260	-1.8995	-1.1381	-2.2039	-1.2356	-0.5530	1.7637	1.0796	0.7063	-0.5488	0.6943	0.7619	0.3205	0.7921	-1.0750	0.4790	-0.1829	-0.3918	-0.6637	0.2457	1.4168	1.1195	0.0090	1.4091	1.2931	1.3947	1.2558	0.4191	0.1343	1.4171	1.1025	0.7356	0.8716
-1.3745	-0.3249	2.2860	-0.6686	-4.7241	-1.4902	-0.7265	0.6624	-2.9360	2.0713	1.3174	-1.6792	-0.6754	-0.8551	0.3898	-1.1620	-2.1883	-2.0558	-1.5388	-3.1090	-1.0971	-0.6075	1.0587	1.1343	-0.2634	-2.2491	0.6674	-0.4698	-0.6840	1.3158	-1.4195	-1.0973	0.2131	-1.2941	0.4303	-0.3704	2.1162	0.1185	0.0191	-0.6591	0.6312	1.5585	-0.9026	-0.3469	-0.3383	-0.0425	-0.0924	0.4470	0.2226
-0.4458	-2.4858	0.4011	-1.8203	-4.6724	-1.7551	0.0712	0.8922	-2.4277	0.4978	-0.9930	-2.0111	-1.3372	-0.0362	-2.4836	-1.5575	-2.2593	-3.1271	-1.4982	-2.7764	-2.8202	-1.5237	-1.1983	0.5545	-2.0002	-3.4613	0.2985	-2.1298	-2.2104	-0.4091	-1.4212	-2.1345	-2.0962	-1.2772	0.5752	-1.7060	1.2101	-0.4474	-0.9613	-1.4659	-1.8782	-0.4155	-1.6589	0.0029	-1.0895	-0.3853	-0.4241	-0.5108	0.1026
1.5240	-1.4449	-1.6756	-2.7695	-3.5370	-3.0176	-0.1802	1.7440	-1.6441	-1.6916	-1.6601	-3.4169	-1.1403	-0.8864	-2.3753	-1.9357	-3.0820	-3.6857	-1.7713	-1.4905	-4.0716	-2.7184	-2.0687	-0.8408	-2.9647	-2.5193	-1.7509	-2.9180	-1.9550	-2.5253	-1.0102	-1.1626	-3.6145	-1.4544	0.1079	-3.2037	0.3296	1.0419	-1.5848	-2.2526	-2.0856	-2.0056	-1.3294	0.3667	-0.9152	0.9998	0.0435	-0.8501	0.5133
0.3682	-2.2010	-2.2367	-3.4594	-2.9856	-3.6206	-1.6161	1.9936	-1.2110	-2.0616	-2.0929	-3.1052	-1.6107	-0.3210	-2.2462	-2.7077	-2.9425	-2.6586	-2.0016	-3.1735	-3.2275	-1.8151	-3.0986	-1.5058	-2.7569	-3.1168	-2.0945	-4.0035	-1.1780	-2.0677	-1.8340	-2.0563	-3.4925	-2.9236	-0.0903	-2.9251	-0.7634	0.6230	-1.3871	-2.7312	-2.1727	-0.4919	-2.9327	0.8518	-1.0378	-0.4774	-0.5191	-1.1413	-0.2264
0.8894	-1.3346	-2.1702	-2.8183	-1.1827	-0.8477	-0.7344	1.5626	0.3054	-3.1199	-2.4175	-2.0286	-1.7202	-1.6711	-0.9961	-2.3824	-2.4118	-3.0185	-2.1896	-2.9522	-2.5676	-2.8814	-2.3102	-1.6467	-3.0559	-0.3464	-2.3034	-3.4393	-1.0114	-1.2878	-1.6751	-2.2560	-2.3643	-2.5734	-0.4324	-2.8173	-2.7127	-0.2198	-0.9334	-0.9397	-2.9373	-1.3866	-2.5117	1.5191	-1.9198	-0.5667	-1.2848	-0.9506	1.3709
0.8111	-0.7837	-2.1352	-1.9864	0.2834	-0.7967	-0.5682	1.7059	0.0023	-2.3783	-2.6044	-2.4780	-0.9961	-0.2050	-1.0940	-1.8004	-1.2219	-2.0496	-1.5231	-2.4341	-1.4490	-0.8910	-2.2470	-0.1299	-2.4022	1.0838	-1.8169	-2.9366	0.5668	-2.7728	-1.6966	-2.2596	-1.3391	-1.4625	0.0916	-2.1816	-1.9866	-0.9949	-0.0349	-1.1932	-2.3075	-1.6506	-2.3175	3.2023	-0.9751	0.4040	-1.7614	-0.7154	0.8635
1.8104	-1.4344	-2.3018	-1.5938	0.6990	-0.1777	0.4392	2.1515	-0.0964	-1.1149	-1.1154	-0.7698	-0.8529	1.4659	-1.2038	-2.5673	-0.0534	-0.6373	-0.4855	-1.3789	-1.1742	-0.8909	-2.4321	0.0403	-2.3541	0.1000	-0.6558	-2.2974	2.0879	-1.7655	-0.7377	-3.2249	0.2653	-0.0684	2.0899	-1.3733	-1.8399	-0.1821	0.5348	-1.3981	-2.3067	-2.8735	-1.9222	2.8088	-0.7502	-0.6891	-1.9770	-0.8897	1.7773
0.5845	-1.8736	-1.9309	-2.1308	0.0390	0.3414	0.0336	1.6331	0.0382	-2.7473	-1.1421	-0.9323	-0.1168	0.2619	-2.4003	-1.9317	0.2725	-0.0554	-0.3798	-1.0830	-1.7079	-1.5253	-3.0147	-2.0201	-2.6590	-1.2604	-2.3351	-2.5736	1.5997	-0.6501	-0.3630	-4.0072	0.8617	-1.2609	2.3595	-1.9381	-0.0969	0.1272	0.1054	-1.6396	-1.6286	-2.5191	-1.6951	1.1766	-1.2867	-0.5136	-2.4005	-0.9009	1.1772
0.5852	0.4424	-1.0908	-2.1691	1.2363	3.2787	1.7478	-1.3709	3.4129	-1.2779	-2.1787	-0.7410	-1.1132	0.6115	-2.0451	-3.5827	1.5100	2.8243	2.4257	1.8406	-1.4071	-0.8679	-2.4355	-2.0250	-0.3071	-0.5566	-2.1504	-0.0865	2.1886	-3.5350	-0.8744	2.0525	-0.5785	-0.9510	1.5577	-2.1965	-0.5076	-1.3045	0.0138	-0.0146	-1.8433	-3.3125	-1.3633	-0.0719	-3.1348	-1.7303	-0.9020	-1.1146	2.2285
3.0464	-0.0839	-0.3077	-1.0943	0.7767	1.5855	0.5375	1.2883	3.2193	-2.1945	-1.0861	0.0133	-0.4555	-0.0842	-0.0806	-3.0984	1.1301	3.1068	1.6850	-0.3318	-0.6665	0.7765	-0.5298	0.4622	0.0827	-1.7947	-1.7880	-0.1896	2.0713	-2.0593	-1.2379	-0.0958	0.2331	-2.2099	2.0112	-2.0028	-0.4428	-2.1555	-0.3832	0.8356	-2.1505	-1.0405	-2.0036	0.2583	-2.1390	-1.2916	-1.3915	0.1191	2.6033
1.2831	0.9503	-0.5446	-1.7608	0.7347	-0.1945	0.1162	1.3479	-0.2265	-1.4138	-0.2022	-0.2516	-0.4071	-2.1606	-0.6058	-0.3644	-1.5468	-0.0388	-0.6854	-0.7371	-1.5982	-1.2052	-0.5766	-0.5081	-1.0259	-0.4555	-0.8235	0.1193	-0.1018	-1.0914	-1.1274	-2.3948	-1.2304	-0.7264	-1.3913	0.2360	-0.6952	0.7306	-0.6467	-0.5696	-1.0647	0.3630	-0.9037	0.0889	-0.0621	-0.3179	0.2504	-0.5317	1.4302
-1.2476	0.4523	0.1348	0.1249	1.5341	0.3506	-0.2999	1.4748	-0.8312	-1.2396	-1.1391	-0.2578	1.0140	-1.8238	0.9925	0.2078	-0.7162	-0.5931	-1.5485	-1.2071	-1.2412	-0.5688	0.2498	-0.8039	0.0803	0.8806	1.4549	1.5792	-1.0991	-0.8683	-1.2046	0.4637	-0.8185	-0.0225	-1.7133	0.9598	-2.2342	0.0297	0.4117	0.4583	0.3341	0.0880	-0.5871	0.5558	0.4226	0.5875	1.1982	0.9402	0.5386
-0.3431	-0.6964	-0.3252	0.1494	0.4767	0.2480	-1.0104	0.8098	-1.1550	-0.4793	-0.4388	-0.2214	0.9440	-0.4851	0.4941	0.0295	-0.0368	-0.0202	-1.3870	-1.3183	0.1678	-0.1699	-0.2474	0.6855	1.0412	0.2032	1.8552	0.6824	-0.9806	0.5792	-0.4102	0.2995	1.1158	0.0933	-0.6578	0.9509	-0.2678	0.4263	0.6638	0.2074	0.9889	1.0809	0.1575	-0.0375	0.6879	0.2033	-0.4080	1.0524	-1.0553
-0.2558	-1.3620	-0.1485	-0.8670	0.0990	-0.3680	0.1882	0.1532	-0.8548	-1.1550	-0.4126	-0.2447	-0.7514	0.0150	-0.6741	-0.9296	0.3418	-0.5401	-0.8506	-0.2946	-0.5253	-1.0918	-1.0432	-0.9781	0.4592	-0.1729	0.5495	-0.3322	0.0024	-0.4546	-0.0143	-0.3245	0.6898	0.4281	-0.1257	0.2584	1.1497	0.0168	0.4775	0.1785	-0.1526	1.2484	1.1697	-1.3763	-0.2009	-0.4398	-0.2864	0.6483	-0.1917
0.3282	-0.4670	-1.8026	0.0439	0.4340	0.5721	-0.0354	0.5756	-0.6956	-1.6336	0.2132	-0.2787	-0.6302	-0.5684	-0.4587	-0.6520	0.1196	-1.3818	-1.0389	0.4629	-0.6169	-0.9750	0.0902	-2.0732	-0.1976	-0.0731	-0.8090	-0.5687	-0.4276	-1.1576	0.3772	-0.4135	0.7064	0.4112	0.9811	-0.4309	0.9962	-0.7709	-0.9298	-0.2994	-0.4209	-0.1001	0.8700	-1.1505	0.8276	-0.0928	-0.1521	-0.7217	0.0391
-0.2338	-0.8438	-1.4778	0.5011	0.2065	0.6692	-0.2207	0.8595	-0.3607	-0.8684	-0.7445	0.8373	0.6524	0.2358	-0.2004	0.1467	0.6070	0.1015	-0.3607	-0.7662	0.9426	1.5924	-0.1934	-1.0884	0.5471	-1.1848	-0.5763	-1.2581	-0.7696	-1.4000	0.0135	0.6813	-0.2382	0.2853	0.9619	-0.6868	-0.8209	-1.3797	-0.8530	-0.5975	-0.5238	1.5713	-1.2538	-0.5639	0.5145	-0.6547	-0.6041	-1.0225	-1.0775
-0.4232	-0.7964	-0.5193	0.4268	0.8110	0.6311	0.2165	0.3718	0.5543	0.1299	-0.4962	1.8907	0.3818	0.2419	-0.3795	0.0112	1.7395	0.6748	0.8627	0.1874	0.9002	0.8339	-0.6043	0.9077	0.4078	0.4275	1.3026	0.2379	-1.8532	-0.9661	0.8736	0.1827	-0.5016	0.9355	0.2350	0.0569	-2.4093	-0.2822	-0.2916	-0.1858	-1.3523	0.6083	-0.4161	-0.6232	-0.9743	-0.5930	-0.8747	-1.1032	0.2720
-0.0886	-0.0332	0.2033	0.4248	1.3126	-0.2983	0.2001	0.3604	0.6650	-0.3738	0.7339	1.6560	-0.5992	0.6678	0.4045	-0.3423	1.9551	0.8783	1.2005	1.4649	0.8000	0.4596	0.6280	-0.0879	0.3173	1.1661	1.5423	0.6470	-0.8938	-0.6010	1.7290	0.9035	1.2727	1.4449	1.0959	-0.0558	-0.2384	0.3783	-0.7113	-0.2685	-0.1561	-0.4099	0.8470	0.0154	-0.4123	0.1902	-0.4665	-1.0401	0.8482
0.7985	0.0507	-0.1160	1.0725	1.1408	0.7914	-0.1615	0.4247	0.2530	-0.6411	1.1306	2.2067	0.5147	0.7515	0.3073	0.1881	0.5665	0.6874	0.4604	1.1026	0.7825	0.4722	0.0697	-0.9951	-0.1097	0.5276	-0.9067	-0.0955	-0.2638	0.4101	1.6229	0.3870	1.9398	1.0119	1.2573	-0.5193	0.6435	-0.3842	-1.2888	1.1485	-0.0225	-1.0409	0.4425	0.2299	0.4950	-1.7981	-1.9046	-0.8982	0.2863
0.0840	-0.6913	-0.5773	1.3000	1.1831	1.6929	-0.0239	-0.3103	0.0223	-0.3796	-0.8344	1.7334	1.0940	0.8220	-0.5307	1.0161	-0.3095	0.3196	0.9763	-0.0906	0.6767	1.4295	-0.5459	-0.2925	-0.1171	0.8315	-0.8266	-0.7652	0.1409	-0.6175	1.1006	-0.0667	0.6097	0.4756	1.0768	-0.8643	-0.2837	-2.0807	-1.4180	0.1034	-0.6323	-0.0754	-0.7710	1.1764	-0.7666	-1.5356	-1.3814	-0.5571	-0.8073
0.3389	-0.9869	0.7927	1.2157	1.0874	1.1424	0.2341	0.8097	0.3735	-0.6203	-0.8038	1.4713	1.0494	2.3993	0.1281	0.5853	0.4795	1.2479	1.1639	0.0207	1.8563	1.6521	-0.0994	0.2706	0.7363	-0.0612	-0.0324	-0.2351	1.2910	-0.0303	1.0627	-0.1914	1.0141	0.4945	1.9522	-1.0680	-1.4533	-0.6189	-0.5273	-0.6542	-0.3622	-0.3698	-1.0863	0.4646	-0.3699	-1.6932	-0.8526	-0.7278	-0.6310
1.1030	-0.7443	-0.1939	1.3999	0.9011	1.8460	0.3744	0.7205	0.2120	0.2944	0.1028	1.3816	0.8163	1.1859	-0.2116	0.5247	0.8685	1.0521	1.4820	0.2095	1.8154	0.0881	-0.6067	1.3020	0.0853	-0.6990	-0.0857	-0.1029	0.9004	0.7126	1.3424	-0.7848	0.4198	1.0422	0.7316	-0.9401	-0.0175	0.5880	0.0815	-0.3979	-0.3309	-0.3226	0.1835	-0.4784	-1.4325	-1.4585	-0.2598	-0.7217	-0.0631
1.0802	0.6169	-0.4219	2.2359	0.8171	1.1181	0.0827	0.4234	0.3739	0.1050	0.8881	2.3706	0.6321	0.7921	0.9359	0.4600	1.4546	0.0958	0.2569	1.0313	1.1687	-0.9176	0.4852	-0.4278	-0.1298	-0.3554	-1.7529	0.1863	0.3720	0.9819	1.2910	0.3105	1.0067	1.6276	0.9470	-1.2056	1.1198	1.0253	-0.0551	0.1293	0.1666	-0.9991	0.7350	0.0621	-0.9456	0.0814	0.2120	-0.7507	-0.1267
0.1600	0.7382	0.4045	2.1838	-0.3202	0.7191	-0.0528	0.2655	-0.6864	0.2837	1.5203	0.6741	1.4140	1.1291	-0.2935	1.2411	2.1871	0.9150	0.5570	0.5843	1.3585	0.4759	-0.5286	-0.9886	-0.5340	-0.6314	-0.7301	0.0263	-0.2526	0.6394	0.7504	-0.8783	-0.2861	1.2422	0.8175	-0.4083	1.4699	0.8829	0.3716	-0.1864	-0.0992	-0.2813	0.1991	-0.9099	0.2266	-1.5563	-0.9510	-0.9927	-0.2601
-0.0952	-0.1644	0.7357	2.3754	-0.4522	1.4615	0.2638	-0.2474	-0.4460	0.2779	0.2424	0.1737	1.5262	1.3401	-0.0078	1.6442	0.7110	0.2795	1.4992	0.0473	1.0572	1.2180	-0.5769	-0.7742	-0.5717	0.6775	0.4323	0.2687	0.1988	0.5911	1.3756	-0.5723	-1.9967	0.9196	-0.6213	0.2330	-0.2618	-0.5576	1.3128	0.7907	-0.2679	0.5213	0.0812	0.1350	-0.7278	-1.2366	-0.7044	0.2187	-0.4272
0.4271	0.0514	0.5869	2.9981	0.3553	0.8222	0.2798	0.5863	0.4016	-0.0376	0.2121	1.2935	2.3748	2.5241	0.9294	0.6567	1.3570	0.4585	1.4756	0.2039	1.8598	2.0041	-0.3421	-0.2240	0.3250	-0.2341	0.5038	0.5969	0.7964	1.8016	1.5091	-0.0961	-1.5730	0.9104	-0.3286	0.0306	-1.4655	0.4557	0.2843	0.7083	0.3852	-0.5148	0.5228	0.4690	0.0050	-0.4548	-0.3812	-0.3571	-0.6091
0.7275	0.5927	0.7692	1.8413	1.2265	0.3369	0.2500	0.0999	1.1148	-0.2865	0.3688	1.7836	1.3450	1.5328	1.0557	0.8620	0.9762	0.6083	1.8371	0.9403	2.0910	0.4346	-0.4563	0.7519	-0.1702	0.5132	0.6080	-0.3072	0.9504	1.2045	2.1313	0.2866	0.2966	1.4157	-0.7591	-0.4415	-0.3259	0.6681	-1.2761	0.5719	0.1381	-0.4443	1.3686	0.5802	-0.8787	0.3147	0.1310	-0.6304	-0.0391
0.9305	0.2979	0.3045	1.3334	0.6598	-1.1571	-0.2426	0.3048	1.4638	0.5091	1.5213	0.9754	0.0329	0.9234	0.9833	0.3903	0.1090	-0.4282	1.0413	1.7087	0.9797	-0.2572	1.0903	0.2410	-1.0173	1.5613	-0.6163	-0.6636	1.0650	0.3163	2.2697	0.9016	1.1231	1.7588	-0.5649	-0.7285	1.8393	0.1881	-1.0772	0.6797	1.3241	-1.0408	1.5462	0.5826	-0.5348	0.7502	-0.1407	0.1052	-0.3941
-0.7023	-1.2947	0.3477	1.0605	0.0117	-0.5114	-0.1485	0.1235	0.0175	1.1556	0.9861	0.1691	0.5508	0.1469	0.0526	-0.1692	0.7103	-0.0210	0.7379	0.1754	1.2228	0.8400	0.2227	-0.5738	-1.0662	-0.4959	-0.8517	-0.6543	1.0657	-0.1827	1.0810	-0.2359	-0.4232	0.9016	-0.3027	-0.6944	1.4731	0.0878	-0.1933	-0.9681	0.3151	0.4734	0.1432	-1.2523	-0.0854	-0.9391	-0.3016	0.0871	-1.3864
-0.6854	-1.1457	0.4042	1.4104	0.2645	0.2517	0.1961	-0.3964	-0.1006	0.2650	0.1070	0.3726	0.8394	-0.6842	-0.4959	0.7480	0.3463	0.4062	0.9043	-0.2736	0.9434	1.0387	0.1194	-0.8137	-0.9577	0.1230	-0.5047	0.0013	0.3078	-0.7108	0.9474	-0.2283	-0.9591	0.8008	-0.4647	-0.4646	-0.1858	-1.3209	-1.1776	-1.0617	-0.5880	0.2721	-0.2940	-1.5141	0.4377	-1.1078	-0.4675	-0.1545	-1.7958
-0.1002	-0.5424	-0.1375	1.4291	0.3423	0.4595	0.7185	0.0049	-0.3461	-0.2829	-0.0906	0.9018	1.4561	0.1775	-0.3642	0.8865	0.1829	0.1757	0.2881	-0.1947	0.1649	0.7340	0.0222	-0.0468	-0.1479	-0.3499	0.4127	0.7289	-0.8917	-0.4661	0.5349	0.4377	-0.7375	1.3489	-0.7249	-0.3486	-0.6004	-0.3891	-1.5149	-0.6208	-0.5291	-0.4863	0.3230	-1.1712	0.5580	-0.6591	-0.2918	-1.4971	-1.1404
0.3531	-0.2840	0.1762	1.3131	0.6163	0.9997	0.5903	-0.6743	0.0664	-0.7575	-0.4809	0.2432	1.4439	0.8049	0.0613	1.4826	0.8116	1.1970	0.8877	0.6566	0.5377	-0.2244	-0.0078	0.9329	0.3871	-0.4924	0.9131	1.9721	-0.9979	0.0489	0.8845	0.8829	-0.8369	0.5896	-1.3035	0.5227	-0.9345	0.1995	-0.4851	-0.3102	-0.2964	0.1331	0.9225	-1.2767	-0.3436	0.2392	0.3702	-1.4194	-0.7647
-0.0870	0.8479	1.0983	0.6802	0.1944	-1.4412	0.4266	-0.3964	-0.0351	0.1288	0.5891	0.3880	-0.1152	1.1414	1.4229	0.5296	1.4495	1.8546	-0.0274	0.6060	1.7009	0.5987	1.1829	0.0636	1.1038	-0.4419	0.5856	1.4037	-0.0426	0.3847	0.3151	1.5665	-0.5827	-0.2218	-1.2700	0.9547	-0.5851	1.1078	0.1180	-0.2619	0.3946	0.9135	0.5241	-1.0285	0.5093	-0.2816	0.7343	-0.4144	-1.6374
-0.2992	0.9011	0.1278	0.6151	-0.6867	-0.1263	0.4885	-0.6576	-0.6501	0.6414	1.0395	0.3721	-0.1025	0.1640	0.2503	1.8627	0.5777	0.4489	-0.0309	0.7909	0.6013	0.1667	0.8952	-0.5526	-0.4058	0.0356	0.5864	1.4030	-0.6911	0.1933	-0.2494	0.0991	-0.8682	0.0510	-2.2648	1.2722	-0.0677	0.8738	-0.2428	-0.5833	0.6555	0.1555	1.6740	-1.0200	0.9666	-0.8890	0.4154	-0.9090	-2.1097
-0.8230	-0.0952	0.0340	0.4305	-0.3138	-1.5368	-0.1282	-0.1648	-0.8895	0.6103	1.3401	0.4235	-0.1561	0.9697	1.0424	1.4749	0.5354	-0.6923	-0.5386	0.0929	0.3793	0.5033	0.7759	-0.8095	-0.6900	-0.0384	-0.5931	0.0393	0.3355	0.1003	0.1032	0.7437	-0.1882	-0.2780	-0.9372	0.3674	1.2862	-0.0680	-0.5131	-0.2320	1.4791	0.3608	1.1075	0.2701	0.7623	0.4125	0.2493	-0.4752	-1.2964
0.8393	0.2237	-0.3028	0.2797	-0.5922	-0.0758	0.6061	0.1754	-0.7260	1.7550	1.1038	1.3716	0.5914	-0.1865	1.1210	1.6486	0.1887	-0.5530	-0.3850	-0.5954	0.5898	0.3238	0.3692	0.9652	-0.4530	0.6671	-1.1933	-0.3070	0.0318	1.8065	0.4272	-0.2904	-0.1026	0.0518	-1.7472	0.2883	0.2741	-1.0224	-0.5880	0.6336	0.7748	0.0230	0.8644	0.1047	-0.4372	0.1740	0.7199	-0.3381	-0.3681
0.0068	-0.9079	0.0317	0.0445	-0.5508	0.4372	0.8998	-0.6834	-0.0982	0.0641	-0.2312	0.7509	0.2317	0.1186	0.7424	1.0617	0.6975	-0.2494	0.1695	0.0126	0.5290	-0.3092	0.0769	1.1546	-0.1268	-0.0514	0.6997	0.9345	0.4580	1.0634	0.6830	-0.2842	-0.8895	0.7471	-1.4320	1.0459	-0.7108	-0.0732	-0.4390	0.2555	0.0916	0.3568	1.5892	0.0980	-1.0047	0.2872	-0.2260	0.0877	0.2958
0.4875	0.1454	0.2953	-0.7504	-0.5433	-0.4789	1.2646	-0.7057	0.1370	-0.7087	-0.0968	-0.0403	-0.0529	1.3334	1.5925	0.1156	0.7867	0.6417	0.0764	0.8012	1.3686	0.1848	-0.3912	0.5284	0.8137	-1.0282	1.3642	0.1234	1.4080	0.2772	0.4751	0.2576	0.0077	0.7410	-0.3512	0.6027	0.0907	0.9529	0.1705	0.0622	-0.4136	1.0364	0.2226	0.4812	0.1804	-0.0319	0.2760	0.8502	0.1032
1.1152	0.4101	-0.6930	-0.4080	-1.1303	0.3288	0.7174	-0.9227	1.4495	0.3615	0.3052	-0.0593	0.1042	-0.5144	1.2376	0.7516	0.1210	0.4221	-0.1362	1.1188	0.5130	-0.6501	-0.0413	0.6673	0.2128	-1.1623	-0.0418	-0.5736	0.0525	0.4451	0.0871	0.4217	0.6287	0.1601	0.1128	-0.1657	1.1475	0.4458	0.3285	0.1417	-0.5959	0.3315	0.0094	-0.0579	0.1323	0.3897	-1.3399	0.3322	-1.1111
0.8610	0.9632	0.2374	-0.2632	-1.1994	-1.3913	0.5034	-0.4876	-0.5003	0.4413	1.4238	-1.7031	0.0766	-0.1323	-0.4661	0.8130	0.5216	-0.0446	-0.3809	1.1720	0.4011	0.4864	-0.3030	-0.0951	-0.6487	-0.9012	-1.3944	-0.2976	-0.8070	0.4766	-0.4142	-1.6237	-0.7608	-0.5338	0.8435	0.4475	1.9572	1.1348	0.1491	-1.7589	0.1903	-0.9105	0.1718	-1.1588	1.1681	-0.4705	-1.7414	-0.6733	-1.4886
0.1509	0.2892	-0.0247	-0.5348	-0.2253	-0.2619	0.6977	-0.6849	-0.7018	0.4722	-0.6514	-0.7980	0.9037	-1.7944	0.6063	2.0079	-0.3909	-0.2522	-0.5297	-0.1001	-0.4970	0.5552	0.1736	0.4395	-0.2847	-0.1083	-1.0737	0.0993	-0.7767	0.7322	-0.9703	-0.1950	-1.2449	-1.3423	-0.6811	0.5832	-0.2058	-0.9347	1.0117	-0.6530	-0.0024	0.5574	-0.8185	0.1301	-0.1045	0.1675	0.5947	0.0053	-1.5819
-1.0098	-0.9419	0.4029	-1.2932	-0.1440	-1.3026	-0.1354	-0.4288	-0.4539	0.1918	-0.3312	-1.0903	-0.5917	-1.3482	0.6671	1.7040	-0.1110	-0.9390	-1.3084	-0.6901	-0.4231	0.1675	0.6780	0.6825	0.5934	-0.0713	-0.0731	0.7474	0.1609	1.1892	-0.8955	0.9142	-0.7999	-1.5566	-0.6204	1.2244	-0.1983	0.1393	1.1969	0.9902	-0.0426	0.7291	-0.4287	-0.0002	0.5748	0.7189	0.0193	0.6217	-0.0177
0.1674	-0.1040	-0.6391	-1.6862	-0.3392	-1.1761	-0.1291	-0.2286	-0.4350	1.3876	0.8313	-0.2727	-0.7989	-0.5827	0.8457	1.2624	-0.3530	-1.1587	-1.0262	-0.4110	-1.1999	-0.3818	-0.3702	1.1174	1.0273	-0.2206	0.2865	0.5805	-0.1606	1.8062	-0.8710	1.1446	-0.3397	-0.9509	-2.1419	1.5147	-0.6907	2.2776	1.1123	1.9350	-0.1872	0.9515	-0.9178	0.8849	0.2043	1.1151	1.0764	0.5319	0.7790
1.4967	0.4549	-0.5617	-2.1971	-0.0016	-0.8790	0.4608	-0.8947	0.5323	0.3860	0.4123	0.1529	-1.3721	-0.7298	1.4546	-0.6502	0.6888	-0.3712	-0.3419	0.3916	-1.1593	-0.9035	-0.1635	0.3976	1.2220	-0.2834	0.5149	-0.3943	0.4506	0.8942	-0.8159	0.9436	0.5984	-0.7373	-0.5695	1.1145	-0.5429	1.6101	1.6397	2.0350	-0.8612	0.9888	-1.1486	2.0631	0.0547	1.5878	1.3513	0.7807	1.0360
2.0956	1.1194	-1.3622	-1.6096	-0.0309	-0.7548	-0.2462	-0.3926	-0.4174	0.5329	0.9895	0.5051	-0.6930	-0.1343	0.0144	0.1827	-0.7042	-0.8930	-0.8239	0.6506	-1.4067	-0.2393	-0.0922	0.1617	1.1397	-0.0270	0.2309	-0.7297	-0.1891	0.5236	-0.9767	-0.5279	-0.2059	-0.0090	-0.7006	0.9237	-0.4670	0.8625	0.7635	1.3280	-0.5581	0.1042	-1.5031	2.8528	1.9956	1.7520	2.0099	-0.5661	0.7530
-0.5251	-0.5834	-1.3429	-1.4561	-0.3297	0.2669	-0.8535	-0.2232	-0.3140	0.0143	-0.7916	-0.4823	-0.0068	-1.2087	-1.1194	-0.0955	-0.5692	-0.2820	-0.5302	-0.2946	-2.1022	0.2810	-0.0828	0.0823	0.6422	-0.1534	1.2796	-1.2052	0.0448	-0.6152	-1.4081	0.0646	-1.9147	-0.3746	-0.8531	1.0009	0.0867	-1.7984	1.9683	1.0966	-0.9821	1.7917	-1.6144	1.9694	0.8702	2.0408	1.2958	0.2294	0.2423
-0.7179	-0.2200	-0.1419	-1.3543	-0.0554	-0.5128	-0.6550	0.6217	-0.8880	-0.4493	0.3388	-0.9880	0.5835	-1.2575	-0.2796	-1.2758	-0.6313	0.5858	-1.2638	-0.9251	-1.1959	0.3246	0.2830	0.1481	0.9935	-0.3446	0.9846	0.1024	-0.0917	0.2580	-0.9352	-0.0366	-0.7772	-0.7932	0.1677	2.1784	-0.8745	-0.2018	0.5865	1.7430	0.3327	0.5815	-0.5846	-0.5261	2.2299	1.0400	0.0808	0.7110	0.5779
-0.1533	0.6516	-0.3439	-1.2179	0.6313	0.4439	1.0456	0.1691	-0.5372	1.0997	-0.2377	-0.5606	0.9606	-0.9094	0.8702	0.1371	-1.4836	1.0050	-1.3067	-0.0395	-0.7581	0.1828	0.2630	1.9015	0.1176	0.1066	0.4533	0.6723	0.6656	0.3748	-1.0621	0.4945	0.7508	0.1767	-0.2421	2.4365	-0.8935	0.7207	-0.1387	1.3144	-0.2535	-0.0747	0.0016	0.3540	2.3035	0.5424	0.3274	0.1870	1.6036
-0.8511	0.3122	0.0545	-0.6024	0.3331	-0.5518	1.1752	-0.1579	-0.5881	1.6124	2.3715	-2.1265	1.1078	-0.6088	-0.0527	-0.6552	-1.1022	-0.3453	-0.7357	-0.6167	-0.2673	1.0083	0.0138	0.4925	-0.5692	-0.4123	0.0008	0.0261	2.0232	0.5462	0.6592	-0.3458	0.8722	0.4187	-0.3368	0.8800	1.9599	1.1608	-0.2373	0.5579	1.6947	0.2536	0.5413	0.5314	1.2759	-0.4510	0.2001	0.9275	1.1196
0.9828	2.6302	-0.9746	-0.1549	0.3197	-0.7216	2.1262	0.2529	-0.2125	1.9109	1.7668	-1.3370	1.8487	-0.0324	-1.5986	-1.1252	-1.4424	-1.3134	-0.1914	-0.6172	-0.1970	1.4953	-1.3238	1.1092	-0.7195	0.3324	-0.9269	-0.3730	1.5003	1.0278	1.1374	-1.2645	0.5179	0.4774	-1.6190	-0.2842	0.3681	-0.3976	-0.1383	-0.2580	1.9203	-0.6055	0.2470	1.2991	0.1302	0.1654	1.5162	1.1124	1.5185
1.1884	3.2486	-0.9210	-0.6267	0.6559	0.5185	1.3738	0.0740	1.6246	-0.5225	-0.5536	-0.2577	0.6299	0.7511	-1.0959	-2.1700	0.1358	-0.9119	1.0352	0.9986	-0.5212	-0.1455	-0.0183	0.4727	-0.1916	0.6725	1.4964	0.9375	1.0479	-0.5695	1.1524	0.4869	1.0903	1.0340	-1.3378	0.0968	0.3852	-0.8955	0.8400	0.2719	1.8858	-0.6855	1.6113	1.1672	-1.3239	1.4464	2.0454	2.2916	3.4013
0.2977	2.7203	0.3922	-1.6608	-0.1845	-1.2360	-0.0749	-0.3321	0.8331	-0.3646	-0.0788	0.0558	-1.5424	1.3891	0.6991	-2.9629	0.3829	-0.1454	0.6115	1.3663	0.5563	-0.3173	0.9744	-0.1236	0.4249	0.1004	1.7284	0.2483	1.4621	-1.2660	0.7364	0.4251	1.6196	0.6723	0.4074	0.0801	1.8132	0.3211	0.0249	-0.1384	1.7006	1.1117	0.8439	-0.0283	0.3744	0.4610	0.7431	1.7259	0.9258
-0.7761	-0.0744	-0.3515	-1.6217	-0.5666	0.2224	-0.4030	-0.2356	-0.7845	1.2956	0.0188	0.1735	-2.0884	-0.3289	-1.0686	-1.8294	-0.3540	-0.7874	0.2894	0.8443	-0.3826	-0.6487	-0.2733	0.5016	-0.4683	0.1402	-0.5227	-0.4664	0.7593	-1.1422	0.0930	-0.2118	0.4025	0.3840	-0.5414	-0.7227	1.3549	0.2721	0.3798	-0.7106	0.1637	1.3624	0.6513	-1.6870	-0.5508	-0.4416	-1.1237	0.5328	0.0112
-0.6200	-0.2323	-0.3544	-0.7190	0.3694	0.0890	-0.2763	-0.7531	-1.0745	0.5042	-1.2747	-0.0001	-1.0377	-0.7450	-1.4094	-1.6038	-0.8551	-0.5161	-0.7004	-0.2257	-0.1080	0.0763	0.2053	0.2331	0.4302	0.9443	-0.5243	-0.3289	-0.4422	-0.7169	-0.0377	1.0974	0.1898	0.2076	0.2917	-0.0162	-0.0815	-1.1429	0.1945	-0.5990	0.4855	1.2430	0.1933	-1.1769	0.1128	1.1079	-0.7343	0.7395	-0.1070
-0.7746	-0.6328	0.7961	-0.9295	0.7863	2.6387	1.7431	-2.4276	1.7868	0.5830	-3.2973	-0.2511	-2.2178	1.0752	-1.4509	-1.0522	0.7530	2.3130	3.6474	1.1792	-1.4630	-0.3275	2.7665	0.0861	1.9419	0.5783	1.4282	1.6948	-1.6505	-1.6250	-0.8814	2.8297	0.0842	-0.0221	1.0153	-0.3236	0.1013	-0.8502	0.4877	0.1829	0.0793	-1.2627	-0.4260	-1.2840	-1.4650	0.1853	1.1991	0.4067	0.6165
-2.4793	-0.9894	2.0943	-0.1894	0.1205	2.5089	-2.5342	-1.3076	0.7109	-0.6896	-0.4854	-1.8963	-2.1265	-2.9532	-1.3859	-0.1955	0.3473	2.8883	2.1950	-0.0148	-0.2432	1.1309	0.8501	1.1032	1.5615	0.1935	-0.2824	1.3566	-1.1041	-1.9082	-1.1765	-0.6432	0.1539	-1.0200	1.8697	-0.6462	0.4847	-1.1133	0.8276	0.3227	0.6124	0.7976	0.9461	-1.4838	-0.2218	-1.6941	1.3502	-0.0405	-0.5453
-1.0623	1.4378	2.8790	-0.4856	2.0249	-0.5745	0.0699	-0.1508	0.0782	1.9771	0.4962	0.1930	-1.6738	-2.3638	1.1006	-0.6234	-1.4542	0.5669	0.1371	-0.0802	-0.1020	-0.0251	1.0924	0.8787	1.4406	1.5178	-0.5667	1.1048	-0.3765	-0.0442	-0.3591	0.2649	2.4923	1.4867	-0.8911	-0.1537	-0.5714	1.4954	-0.1543	0.1423	1.3217	0.4990	1.4451	-0.9625	-1.2377	0.4369	1.8619	-0.2003	0.4491
-0.3467	1.6362	2.9179	-0.0282	0.2068	-1.7297	-0.4224	-1.0616	-0.1258	0.4523	0.6987	-0.4360	-1.2775	-2.1425	0.5519	-0.1337	-1.8588	-0.6145	0.2345	0.3972	-1.8971	-1.4397	2.1399	-1.3191	-0.8735	1.9422	-0.3846	0.9638	-0.9514	0.3522	0.0792	1.3441	3.4954	0.9886	0.0157	-0.9766	2.4006	0.2494	-1.0508	0.1394	2.3125	-0.7142	1.2228	-1.6845	-0.8161	1.4113	0.6846	0.0043	-0.6846
-0.7662	-0.2868	2.9005	-0.4792	-1.7493	-1.5108	-1.2118	-0.3019	-0.9109	-0.2353	0.7201	-0.9058	-0.7131	-0.7657	-1.7623	-0.4128	-1.7412	-0.6772	-0.2538	-1.4181	-0.9331	0.3836	0.2295	-0.9896	-1.5723	-1.4417	-1.5442	-0.8963	-0.3284	-0.6951	-0.2288	-0.6698	1.5214	-0.8157	0.8832	-1.6021	1.9682	-0.6732	-0.3542	-1.4819	0.7829	0.5660	-0.1827	-1.4976	-0.1188	-0.1977	-0.2937	-0.0693	-0.1169
-1.1441	-1.6404	2.9083	-0.1747	-1.3782	0.2019	-1.0130	0.3040	0.0001	-0.6772	-0.6091	-1.1283	0.0894	0.1473	-2.0361	0.4664	-0.4309	-0.9340	-0.4731	-1.0580	-0.6858	-0.4726	-0.1363	-0.2869	-0.5635	-0.9334	-0.7596	-0.2184	-0.6004	-1.4275	-0.7425	0.4185	-0.2509	-0.5737	0.0399	-1.1666	-0.7732	-1.4532	0.4558	-1.2115	-0.5593	-0.5618	-0.3771	-0.8516	-0.8123	-1.3202	-0.5835	0.0369	1.3665
-0.2404	-0.1271	2.6224	0.7937	-0.7912	-0.1852	-0.7452	0.6865	1.0440	-0.2147	-0.6514	-1.4453	0.1594	1.3833	-0.3866	0.2557	0.1769	-0.2267	-0.1204	-0.2161	1.1060	-0.2068	0.4065	0.6686	-0.0012	-0.3152	0.3469	0.0989	-0.4423	-0.9017	-0.1811	0.6639	0.8770	-0.6842	1.2459	-0.4400	-1.3257	-0.6013	-0.2459	-0.5828	-0.8105	-0.1843	-1.0027	-0.1319	0.3113	-0.5972	-1.0479	0.2600	1.2425
0.2457	0.3593	0.6835	0.6545	-0.0359	0.8926	0.3886	0.4583	2.0935	-0.4434	-0.7681	-0.0404	0.1475	0.8215	0.1160	0.1152	-0.4779	-0.3807	0.3730	0.8008	0.0351	-0.7335	0.6223	-1.2604	-0.9597	1.5546	-0.1359	-0.4945	-1.3346	-0.9293	0.3164	0.9382	1.4258	0.0747	0.9515	-0.2303	-0.2538	-0.3218	-1.0025	-0.8013	-0.9042	-1.3413	-0.8028	-0.1933	-1.1124	-0.0391	-0.4383	0.0127	0.8687
-0.6275	0.7005	-0.1511	0.6744	-0.2552	0.6866	-0.9239	0.6675	0.6684	-0.6636	0.2648	-0.5617	-0.0711	0.3868	-1.1111	-0.6090	0.1025	-0.5276	0.0218	0.7476	0.5751	0.3186	-0.2253	-1.5770	-0.9962	1.9682	-0.9521	-1.1511	-1.1817	-0.4335	0.1937	-1.0761	1.0460	-0.3498	2.7001	-0.2653	0.7672	0.1834	-0.6733	-1.7290	0.3538	-1.0262	-0.1438	-0.2016	-0.3014	0.5036	-0.5500	-0.5311	0.1727
-0.4945	0.5078	-1.4144	0.9157	0.1322	1.1716	-0.0798	0.0316	0.9390	-0.5185	-0.7851	0.2043	0.3818	0.4185	-0.9609	-0.3367	-0.7331	0.3057	-0.0845	0.1526	0.9050	0.5815	-0.6511	0.0840	0.1998	1.8579	-0.3637	-1.1760	-1.2316	-0.9471	-0.1179	-0.3485	1.6835	-0.9052	2.2479	0.1343	-0.7079	-0.5975	-0.9478	-1.8741	0.4516	-0.2818	-0.5827	0.4158	0.3659	0.2589	-0.9567	-0.4233	-0.3500
-1.1172	-0.9099	-1.2820	0.7412	0.3864	0.5319	-0.9468	-0.4842	0.8139	-0.2376	-1.5958	0.5137	-0.0742	0.5072	-0.6528	-0.5849	-0.1950	0.0852	-0.6230	0.1688	0.0444	-0.9696	-0.8329	0.5389	-0.0083	1.1679	0.1519	-0.3570	-1.0624	-0.2775	-0.8840	0.6150	0.7738	-0.3006	2.9671	0.0146	-0.4524	-1.6556	-0.3822	-1.3974	-0.1875	-0.5237	-0.1463	-0.0350	0.5553	0.2853	-1.7226	-0.0119	0.0753
-0.7986	-1.6488	-1.2670	0.3451	-0.3080	0.9645	-0.9344	-0.1815	0.4541	-0.1453	-0.5610	-0.0287	-0.5447	1.1738	-0.8622	-0.7953	0.3284	0.3889	0.2319	-0.2808	-0.3153	-1.1946	-1.4629	0.0102	-0.2946	-0.8073	0.5303	-0.6259	-0.7526	-0.4566	-0.1706	-0.7157	0.0410	-0.1436	2.1448	-0.0615	-0.2215	0.2441	-0.2617	-1.1189	-0.9033	-0.4550	-0.7466	-0.1221	-0.0744	-0.0407	-1.5293	-0.2946	0.4350
-0.4582	-0.9465	-1.3188	-0.0685	-0.0718	-0.0103	-1.7336	-0.3132	0.9278	-1.2368	-1.1954	0.2967	-1.0269	1.1469	-0.8630	-1.4725	0.3580	-0.4186	0.5099	0.3151	-0.3714	-1.9765	-0.6345	-1.2066	-0.5769	0.0839	0.5267	-0.5130	-0.7630	-1.5419	0.1415	0.1292	-0.1573	0.7440	2.2636	-0.4545	-0.0493	0.5838	-0.9671	0.2771	-1.5290	-1.2500	-1.0465	0.9003	-0.9492	0.9270	-0.1639	-0.6465	0.2090
0.2710	0.2910	-1.3531	0.9435	-0.4474	1.2947	-2.1297	-0.2053	0.6784	-0.7940	-0.8783	1.5487	-0.1162	0.7721	0.2115	-0.9517	-0.6892	-0.3906	-0.1091	0.1368	0.0542	-1.9751	0.3040	-1.3732	-0.7328	-0.3564	-1.2067	-0.6148	0.3600	-0.3916	1.0123	-0.5262	-0.5728	-0.1151	2.0245	-0.6982	-0.1591	1.2801	-0.6627	1.9330	-1.3200	-0.7291	-1.4907	1.1872	-1.0263	0.1345	-0.0452	-0.0702	-0.4638
-1.0474	-1.5697	-1.4165	0.7348	-0.1350	1.4059	-1.4882	-0.1549	-0.7027	-1.4429	-1.2710	0.5833	-0.3466	0.7607	-0.7283	-0.0264	-0.8926	-1.2607	-0.0908	-0.8206	-0.3081	-1.1232	-0.9682	-2.8128	-0.6169	-0.5661	-0.8177	-0.9783	1.2765	-0.2585	0.9533	-1.4618	-1.7112	-0.6495	0.3704	-0.4985	0.2316	0.5862	-0.9361	0.3082	-0.7682	0.0247	-1.0068	0.3144	-0.5999	-1.4026	-0.1736	-0.7561	-2.1650
-0.7897	-1.5713	-1.1934	0.6316	0.2962	-0.4868	-1.5442	0.3612	-0.9345	-1.6083	-1.0676	0.1871	0.0889	-0.0212	-0.7200	0.5127	-0.3837	-0.2384	-0.0923	-1.0979	0.4786	0.6577	-0.6331	-0.8909	-0.0470	-0.2489	0.2107	-0.9537	1.7088	-0.3613	-0.4830	-0.1156	-1.1581	-0.2694	1.3504	-0.2469	-0.4375	-2.1335	-0.3234	-0.0687	-0.0079	1.2488	-0.9735	0.5169	0.1737	0.1976	-0.3507	-0.8679	-3.0339
-0.5444	-1.4799	-0.9880	0.6323	0.7070	0.8270	0.6594	0.5962	-0.9409	0.0059	0.4199	0.8898	0.3014	-0.6620	0.0152	0.7912	-0.5063	-0.1061	0.0062	-0.7680	0.7383	0.1610	-0.8758	1.0079	0.9079	0.1165	0.4904	0.1993	0.7183	0.3273	-0.6703	-0.5782	-0.8753	0.6234	-0.7826	0.1492	-1.7946	-0.2789	0.5776	0.4981	-0.5501	0.2770	0.5659	-0.4185	-0.2894	-0.4134	-1.2204	-0.9188	-0.4187
-0.0494	-0.3638	-0.3239	1.2325	1.4240	0.3570	0.8086	0.6300	-0.8123	-0.0260	-0.4310	0.5292	0.2684	0.1040	1.0748	0.8142	1.0541	-0.0362	-0.0236	-0.2782	1.0331	-0.5008	0.1119	0.9119	1.1701	0.6429	1.4986	0.7876	0.1036	0.8754	-0.7891	0.9829	-0.3293	0.2621	-1.1333	0.0523	-1.1750	-0.5747	0.5808	1.6767	-0.8112	-0.1909	1.2391	-0.2118	-0.5950	0.7954	-0.1587	-0.6597	1.2226
0.8262	0.6799	0.2044	0.5130	0.3346	-0.9804	1.1144	-0.0797	-0.3279	0.3272	0.7078	1.0189	0.8694	0.2023	1.0944	0.3109	1.3600	0.8612	0.4283	-0.2986	1.4294	0.0391	0.4549	-0.4439	1.4186	-1.0177	1.3321	0.8533	0.0040	0.5685	-0.2724	0.5470	0.1067	0.1329	-0.4234	0.2010	-0.7394	0.8145	0.7151	1.9657	0.4359	-0.1879	1.0920	1.2712	0.4037	0.1064	-0.3170	-0.8828	0.1127
0.9129	-0.2668	-0.1385	1.4452	-0.4822	-0.4619	0.7089	-0.5374	-0.4316	-0.1191	-0.1441	0.7357	2.1307	-0.4266	1.0347	1.9068	0.5918	-0.7576	-0.3548	-0.0679	-0.4918	-0.7734	-0.2661	-1.4306	0.3000	-1.1480	0.2953	0.8795	-1.2532	0.8347	-0.1189	0.0177	-0.0583	-0.0536	-1.5851	-0.3893	-0.0065	-0.1914	0.3157	0.9543	0.4182	-1.2585	0.7013	0.6195	0.5936	-0.6367	-0.4099	-1.3682	-0.7911
-0.4110	0.3311	0.0866	1.8647	-0.6146	-0.8084	-0.0633	0.3662	-0.8623	0.0238	0.2818	-0.0162	2.3074	-0.7609	1.4454	0.7600	0.3338	-0.6820	-1.5431	-0.7937	0.2404	0.5629	-0.2584	-0.9999	-0.6442	-1.6424	-0.9890	0.4788	-0.6254	1.3124	-0.1956	-0.7195	-1.1537	-0.8600	-1.4294	-0.1271	0.3606	0.1628	0.5900	-0.2858	0.3734	-0.0665	0.5160	0.0166	-0.1389	-0.7782	0.1771	-0.2308	-0.9897
-0.4645	0.5922	0.3379	0.7949	0.1577	-0.1738	0.8736	0.4894	-0.7227	-0.3955	-0.1340	-0.1737	1.5946	0.6202	1.1572	0.6936	0.5857	0.2017	-0.7624	-0.5578	0.3339	0.7914	-0.3474	0.2209	-0.2112	0.0655	0.9032	1.2749	-0.4115	1.0500	0.1449	-0.6023	-0.8866	-1.0245	-2.1284	0.4238	-0.6450	-0.1917	0.1471	-0.9196	-0.3077	0.0271	0.6925	0.5228	-0.0258	-0.6394	1.5949	0.7213	0.0462
0.4491	1.2548	0.4015	0.3820	-0.1725	-0.5275	0.8208	0.7483	-0.4466	0.2241	0.5424	-0.2768	0.8568	0.7104	0.3254	0.3254	1.2298	0.5705	-0.1931	-0.0203	0.5722	1.1837	0.0851	1.4842	0.3493	-0.0434	0.8345	1.1113	0.4779	1.3463	0.1964	-0.3623	-0.4197	-0.9753	-0.6803	0.6472	0.4698	0.1873	-0.0403	0.0600	-0.0595	-0.4450	0.7985	0.7599	0.9587	-0.7951	0.1886	0.9843	0.5483
0.5769	0.2550	0.3607	-0.3347	-0.8029	0.4627	1.1863	0.4045	0.1152	0.0326	0.2237	-0.0256	-0.5583	0.1509	0.0412	0.0226	1.3423	0.5150	0.4295	0.2797	-0.4513	0.4001	0.3707	0.8211	0.1395	0.1617	-0.5956	-0.4465	0.1237	0.1542	0.0918	-0.3065	0.1952	-0.5398	-0.2573	-0.0127	1.0446	1.0575	0.3254	-0.6030	-0.9130	-0.6088	-0.1266	-0.6757	-0.5521	-1.1226	-1.0529	1.0261	0.7774
1.3256	1.1209	-0.4885	0.1455	-0.8297	0.1502	-0.6299	-0.0126	-1.0224	-0.5963	0.6004	-0.3709	-0.0058	-0.0980	0.3566	0.2552	-0.1140	-0.6772	-0.9967	0.9591	-0.9993	-0.0524	-0.3904	-0.1825	-0.9268	0.5627	-1.1420	-0.4401	-0.4306	0.9297	0.0648	0.0951	-0.0967	0.3863	-0.0523	-0.3470	0.9623	0.3867	-0.8021	-0.5929	-0.0013	-1.6537	-0.4460	0.5338	1.7445	-0.4592	-0.0531	-0.1237	0.0140
0.0461	-0.6123	-0.7799	-1.1536	-0.7964	-0.4471	-0.1420	0.5437	-0.5562	-0.1912	0.2974	-0.7864	-0.3525	0.0556	0.2223	-0.4594	-0.0153	0.0229	-0.3589	-0.3903	-0.5795	0.7147	-0.9259	-0.1317	-1.0309	-1.0473	-0.6639	-1.5137	0.6465	-0.6786	0.3180	-0.0976	-0.8283	-0.5554	-1.1679	-0.4927	0.0689	0.3702	-0.6077	-0.8119	-0.2236	-0.1058	-0.9395	0.5278	0.3722	-0.6808	0.3781	-0.2658	-0.9408
-0.6149	-1.5101	0.5152	-1.2311	-0.0206	-0.9002	-0.1186	0.8887	0.1507	-0.6189	0.5797	-1.0774	-0.6744	0.6773	0.3607	0.3505	0.4936	1.1385	-0.7152	-0.6619	0.5658	1.2747	-0.8895	0.2599	-0.7126	-0.7883	-0.4428	-0.3246	1.1884	-0.3664	0.2434	-0.9735	-0.7379	-1.0876	-0.6571	0.0464	-0.5872	-1.4159	-0.2439	-0.3645	-0.4356	0.6729	-1.4814	-0.6698	1.1488	-0.5447	0.4675	0.4433	-1.2799
2.3542	-0.4445	-0.5218	-1.5567	0.8859	-0.7360	1.5789	1.0766	0.6746	2.0495	1.3035	0.6127	-0.3297	0.0157	0.5189	0.1649	-0.3082	0.7015	0.4724	0.3000	0.6783	0.6210	0.3653	2.0086	0.2531	-0.4556	0.1650	0.0813	0.6387	0.4208	-0.0703	-0.6161	-1.1041	1.4582	-1.0172	0.3226	-1.5611	1.2164	0.7639	0.1233	-0.2202	1.4270	-0.1645	0.1022	-0.4156	0.8310	0.7241	0.6725	0.8641
1.5737	-0.0409	-0.6960	-1.2471	0.9044	-0.4040	-0.2234	-0.4827	0.6397	-0.0293	0.6200	1.2873	-1.2012	-1.6893	0.0592	-0.1843	-0.9243	-0.1860	0.8263	0.3477	-0.8763	-1.0373	1.3442	-0.3996	0.7335	0.6210	0.1840	-0.2497	0.0280	0.4267	-0.0034	0.3943	-0.3902	1.3867	0.2812	0.1478	0.3721	0.7276	0.7268	0.8075	0.6734	1.5431	1.2652	-1.2924	-1.1995	1.3832	-0.1496	0.4091	1.0304