IC05	IC08	IC09	IC15	IC16	IC17	IC18	IC19	IC20	IC23	IC24	IC26	IC27	IC29	IC31	IC33	IC36	IC37	IC38	IC41	IC42	IC43	IC44	IC45	IC46	IC47	IC48	IC49	IC50	IC51	IC54	IC56	IC58	IC60	IC62	IC63	IC64	IC65	IC66	IC67	IC68	IC69	IC71	IC72	IC73	IC74	IC75	IC76	IC77
1.9478	-0.8824	-0.9509	0.7115	-1.3158	0.2395	-1.1670	-0.3790	1.8495	-1.2848	1.4646	0.3531	-1.4931	2.9359	0.0201	-1.1028	0.2983	1.6477	1.2180	1.1401	2.6341	0.2386	-2.2849	-1.3973	-1.2272	0.5940	0.9992	-0.2007	2.0367	-0.9124	-0.0891	-1.3737	0.0522	2.3806	2.5750	-1.0269	0.2479	-0.1680	-1.8324	0.7157	-1.9845	0.6619	0.6244	0.8703	-0.6811	-0.6134	-2.3351	-0.2170	1.7077
2.4223	-0.1624	0.0088	-0.0965	0.1323	1.3317	0.0447	-0.4871	2.8927	1.2559	0.7594	2.5454	-0.3374	2.7882	0.7072	-0.1927	0.7879	2.6611	1.1413	-0.0584	1.8054	-0.0704	-1.1151	-0.1542	-0.3285	0.1893	1.7578	0.2755	1.7894	0.3681	-0.0770	1.3962	-0.0961	0.7021	1.1852	-0.2102	0.0823	0.2479	-0.8718	1.6393	-1.9376	0.5905	-0.0826	1.8470	-0.2059	0.8421	-1.1548	0.6469	1.9728
0.5212	-0.0887	0.1683	0.6081	-0.3597	0.2866	-0.3116	-0.1755	-0.3067	-1.1932	0.7290	-0.0802	0.0871	1.6965	-1.0415	0.2353	1.7154	1.2277	0.9075	0.0445	1.1929	0.6109	-1.6915	0.3736	0.7524	-1.4518	2.0122	0.5520	0.6435	0.8689	-0.3166	-0.9530	0.0494	-0.8236	-0.2393	0.9787	0.2494	0.0125	1.4843	0.6118	-0.0663	0.0385	0.0028	-0.3824	0.8421	0.4494	0.4014	1.2874	-0.0615
-0.1701	1.4994	-0.4894	1.2607	-0.9158	-1.6310	-0.6237	-0.3259	-0.3729	-0.4205	0.7067	-1.1125	0.0595	0.7481	-1.5535	0.3746	0.7252	0.0377	-0.5668	-0.0236	-0.3186	1.6891	-0.0260	1.1012	0.6771	-0.6317	0.2245	-1.8327	-0.2128	-1.2216	0.5115	-0.7960	1.8272	-0.7450	-0.2402	0.1013	0.4824	-0.2359	1.5825	-0.8186	1.8614	0.4991	0.5959	-0.0430	1.8855	1.9263	0.4345	0.7263	-0.5148
0.8577	2.3541	-0.6339	1.5607	-0.0873	-1.9747	-1.6415	0.3425	0.2891	1.3568	-0.2584	-0.1489	-0.1508	-0.5979	-1.6484	0.6209	-0.3571	-0.1314	-0.6273	0.8372	-1.4124	0.9083	-0.3113	0.3036	-0.2625	-0.8925	-1.4247	-1.4428	-1.4986	-0.8499	0.7961	0.8176	1.4325	-0.1146	-0.0221	-0.0656	1.0547	-0.2016	0.0542	-2.2736	1.9447	-0.5053	1.0938	-0.0330	0.7960	0.5533	0.3944	-0.0648	-0.2858
0.6079	-0.0859	-0.1377	0.0688	0.0019	0.0281	-0.3433	0.7915	0.5113	1.6404	0.4681	0.5402	-0.5309	-1.4409	-0.8667	0.5050	-0.7493	-0.1522	-0.6790	0.3438	-1.4283	-0.5529	-0.5633	0.9622	0.1332	-0.8420	-1.8885	0.5784	-1.0901	0.6577	-0.6865	0.9084	-0.7877	-1.2252	0.0694	0.1679	0.7133	1.0980	-0.3470	-1.0364	0.5899	-1.2310	0.3170	-1.0611	-0.6500	-1.9106	-1.0090	-0.8236	-0.5480
0.5086	-1.5847	0.1256	0.1662	0.6662	0.0388	1.6093	1.7556	0.0151	0.1417	-0.3205	1.1967	0.0642	-0.6532	-0.2489	0.7357	-0.3519	-0.1774	-1.2912	-0.2649	-0.1646	-0.4887	-0.6306	0.6908	1.5605	0.2741	-1.1699	-0.0693	-1.1155	-0.3905	-0.6941	-0.1890	0.1308	-1.4140	0.1864	1.2348	0.1466	0.4670	0.7280	-0.0614	-0.6481	-0.3404	-0.8486	-0.9414	0.7594	-0.9545	-0.5299	-1.1691	-0.4120
0.1582	-1.5759	-0.8199	1.5686	0.1951	0.1303	1.9984	2.0205	0.1156	-1.7785	-1.4979	0.0343	1.1479	-0.7433	-0.9174	0.7702	-0.0223	-0.3543	-1.5014	-0.6858	-0.9652	-0.4868	0.6585	1.1086	2.1891	-0.1009	-2.0242	-1.8136	-1.2067	-0.7767	-0.5186	-0.6373	1.0077	-1.1246	0.4087	0.4743	0.7460	-1.1515	1.2445	-1.5840	-0.1536	-0.4948	-0.0293	-0.7535	1.0957	0.0488	0.0961	-1.8477	-1.3893
0.4612	-0.5106	-0.7384	0.1946	1.0858	-0.1607	-1.3461	0.5418	0.9592	-0.2036	-0.1527	-1.1038	0.3090	-0.6995	-0.6917	0.2273	0.1933	0.0964	-0.8377	0.7007	-0.2379	-1.0930	0.7666	-0.3038	1.8407	-0.3511	-1.2765	-1.3361	-0.9797	-0.4208	0.8579	-1.2038	1.0556	-1.3695	0.5854	0.5518	-0.9764	0.3029	1.0587	-1.2485	-0.4419	-1.2758	1.9218	-0.6215	1.4469	0.9183	0.0183	-1.7778	-1.4335
-0.9498	0.4794	-0.6582	-0.8573	0.6520	-0.2512	-1.3720	0.7706	0.6731	0.4125	-0.2111	-1.5202	-0.5884	-0.7262	-0.6371	-0.3677	0.6910	1.1121	-0.6332	0.1076	0.2003	-0.0725	-0.1266	-0.7469	1.8243	-0.5504	-0.2076	0.5119	-1.0265	0.9168	-1.0529	-0.2775	-0.0810	-1.8072	-0.3430	0.7257	-1.7637	1.2911	2.0626	-0.7421	1.4246	0.2597	0.6683	-1.1988	0.8879	1.0790	0.8293	-0.1385	-0.9433
-1.4282	1.4149	-1.4750	-1.0747	-1.1230	1.1989	1.4542	0.4487	-0.0847	-0.6285	-0.1461	-0.6263	-1.3743	-0.4489	-0.5208	-0.6111	0.1735	0.3289	-0.1895	0.3229	-1.4911	0.6146	1.0492	0.7408	0.0805	0.9972	-0.2446	-0.6965	-0.9398	-0.1244	-1.1874	0.4201	0.1523	0.0397	-0.3035	-0.2033	0.5966	-0.3070	0.8085	-0.1339	2.2059	0.4313	-0.6414	0.2584	0.1931	1.4173	0.6075	0.3348	-0.1820
-1.7503	0.5200	-0.9414	-1.5931	-2.1662	0.7609	1.2423	0.1247	-1.0944	0.6023	-1.1180	-0.5868	-0.9203	-0.2218	-2.3733	-0.0844	0.8060	-1.2472	2.2665	1.7823	0.1393	0.1179	-1.2439	-0.0824	-1.3476	0.5727	0.5175	-1.0512	-0.0484	-1.1545	0.9222	-1.5427	-0.2215	1.1680	0.4549	-0.8354	1.5021	-0.5276	-0.8807	0.2257	0.0885	1.9351	-0.9322	-0.3192	0.0165	-1.5237	-1.1420	-0.1616	-0.3286
-1.6291	-1.0211	-0.7100	-0.5680	-0.1609	0.9721	-0.3992	0.3812	0.4097	-0.1022	-0.5859	0.8032	0.3889	-0.1925	-1.0522	-0.7392	-0.9038	-1.4241	1.6344	1.6574	0.6469	-0.8862	-1.7489	-1.0475	-1.5962	-0.2756	1.5236	0.2262	0.0360	-0.5941	0.7632	0.0128	-1.4933	1.0436	0.3513	-0.9845	-0.6456	0.0212	-2.2627	0.4421	-1.3098	0.3969	-0.4496	-0.6319	0.0381	-2.3038	-0.9031	-1.1019	-0.9522
-0.6444	0.7374	0.8154	-0.2940	2.8184	1.2939	-0.6924	0.7772	1.2970	-0.1754	-0.9160	0.8750	0.2363	-1.0461	1.6388	-0.7074	-0.5827	0.7548	-0.5881	0.1688	0.2559	-1.2218	0.1086	-1.9017	-0.0601	1.0667	-0.2559	1.4754	-0.2331	0.9342	0.3540	1.4781	-0.4029	-1.3193	-0.7216	0.5886	-2.2147	1.4216	-0.7201	0.6237	-0.6270	1.1200	-0.9522	0.0638	0.1217	1.1247	1.5918	-0.0545	-0.1761
-1.2725	1.0650	1.6969	-0.1782	1.8545	0.2567	-0.3371	0.3080	-2.3311	-0.9558	-0.5239	-0.4019	0.2078	-1.2582	1.4845	-0.1788	0.0019	0.3683	-1.8908	-0.9273	-0.6441	0.8819	0.1452	-0.2185	1.0032	0.4114	-0.0757	1.6813	-1.5604	1.2266	-1.7391	0.1430	-0.9283	-2.3241	-1.6661	2.7431	-0.3939	0.4083	1.2959	0.2115	-0.0918	0.5557	-0.3567	-1.4350	0.6226	2.1463	2.3972	0.8054	-0.2228
-1.8755	0.4727	2.1294	-0.3120	0.8617	0.9387	0.7404	0.2270	-2.9073	-1.0832	-0.5373	-0.1270	0.0192	-0.7182	2.1048	-0.2574	0.3282	-0.8729	-1.6604	-0.6518	-1.0525	1.2125	1.7894	0.2588	1.0096	1.4959	-0.3963	0.5935	-1.0675	0.7539	-1.1152	-0.3832	0.1873	-1.9921	-0.8725	2.6331	-0.1948	-1.1292	1.3538	1.4978	0.7353	0.4397	0.9794	-0.9836	0.0129	2.7348	1.0191	0.6203	-0.7058
-1.3337	-0.0811	2.6418	0.2553	-0.8302	0.6729	-0.6735	0.1412	-1.1924	0.3071	-0.1695	-0.0162	0.0546	-0.0469	1.4570	-0.0334	0.4576	-0.7133	0.2675	0.3315	-0.1178	0.3583	0.9313	-0.0851	0.0099	0.7819	1.1171	0.9163	-0.2080	0.9713	0.2152	0.8593	0.6142	0.1710	0.0087	0.9964	-0.0911	-2.1806	-0.2035	0.5342	1.1344	1.2877	1.1855	-0.2008	0.1769	1.1916	0.1506	0.6881	-0.4051
-1.4051	0.8225	3.1865	0.6560	-0.3429	-0.1080	-0.2806	-0.1902	-0.0195	0.3150	0.8546	-1.0008	-0.1907	0.0237	0.5772	0.3698	0.1323	0.7336	0.4421	-0.6542	0.4740	1.2850	0.9731	-0.3620	-0.0513	-0.7541	1.4200	0.5893	-0.4638	-0.0214	-0.3836	0.9657	0.1547	0.2026	0.3413	-0.6281	-0.0816	-0.9202	-0.3141	-1.3321	1.7745	1.9255	0.7248	0.1667	0.4659	-0.5109	0.4091	1.0721	0.1461
0.2912	1.3997	2.2152	-0.0149	-0.4297	-0.3280	-0.7554	-0.7071	-1.2844	0.3578	1.5391	-1.1689	-0.0315	-1.1847	-0.9154	0.9143	-1.0577	-0.2526	-0.4707	-0.4405	-0.4361	0.4331	0.5603	0.9378	-0.5246	0.0955	-0.7482	-0.5165	-1.4586	0.5781	-1.5932	-0.7431	0.3866	-0.5155	-0.7398	-0.6265	3.1455	0.4443	0.3150	-1.8472	1.8848	-0.0009	1.2226	-0.2510	0.1157	-1.2499	0.7703	0.4744	0.2269
0.5982	-0.3735	-0.1992	-0.2211	-0.6789	0.1459	-0.3670	-0.5906	-0.4425	1.2637	1.1313	1.0008	0.6843	-1.6698	0.7234	0.3140	-2.0540	-1.0967	-1.7132	0.1333	-1.4163	-0.6690	0.8564	-0.2464	0.0460	-0.0084	-0.6798	-0.8197	-1.4559	0.3367	-0.5115	0.9674	-1.2854	-0.2345	-1.6674	-0.9931	0.5696	-0.0319	-0.9594	-0.3607	0.0579	-1.7773	-0.0090	0.9229	-0.9190	-0.4401	0.0833	-0.3479	0.6771
0.9170	-0.8149	-0.3633	-0.9048	-0.2044	-0.3226	0.6251	-0.6190	0.8476	-0.1721	0.1576	0.5539	-0.5414	-0.2715	1.3834	-0.8231	-0.0446	-0.0513	0.2166	0.9260	-0.5588	-0.5180	1.3256	-1.2072	-0.6822	0.2552	-1.0858	0.2187	0.2057	-0.7993	1.6058	0.4246	-1.4118	1.5236	-0.2952	-1.8800	-0.7991	0.3518	-1.3042	0.1868	-1.1573	-0.4779	-1.1369	0.6336	-2.5208	-0.5288	0.4955	0.2690	1.6292
0.7047	0.3675	-0.1946	-1.1241	1.1889	-1.1522	1.8588	-0.7302	1.7724	-1.7659	-1.0285	-0.1590	0.0291	0.2754	1.9439	-0.5014	0.0160	0.2641	2.0592	-0.3192	0.1562	-0.3737	0.1492	-1.4833	-1.1053	0.8537	-0.5330	1.4209	1.3933	0.5173	2.0246	0.3810	-1.0962	0.9590	-0.0515	-1.6350	-1.5328	0.1016	-0.8050	0.6717	-0.4709	-0.5828	-0.3747	0.0671	-2.4759	-0.2266	1.3312	0.2736	1.5962
2.1437	1.6398	0.2856	0.3956	1.2988	-0.6108	2.2426	-1.2808	1.2624	0.0138	-0.2659	-1.3612	0.9563	-0.1472	0.9965	0.6245	-0.5635	-0.2969	2.5317	-1.0352	0.6020	1.3948	1.0267	0.6705	-0.1459	2.0639	-0.5080	0.9527	2.2112	0.7411	1.3003	-0.2664	-0.8196	0.0783	-0.1920	-0.2149	-0.8562	0.0532	0.4385	-0.6168	0.8508	-1.0955	0.2901	1.3908	-1.5123	0.4031	1.8926	-0.0075	0.2158
2.6777	1.8176	-0.4875	0.1090	0.2410	-0.4471	-0.2514	-1.3199	0.9401	1.4014	0.9761	-1.5831	0.6023	-0.1629	-0.4266	0.7838	-0.6176	-0.7183	1.7697	-0.7791	1.4443	1.6151	1.0708	0.4394	0.0553	0.3997	-1.0496	0.2813	2.6603	-0.2647	0.7096	-1.0350	1.7878	0.4207	-0.4457	-0.2896	1.4899	0.8617	1.0810	-0.3198	1.3923	0.0317	0.3553	1.9386	-0.3771	-0.6076	0.9516	0.4485	0.7509
0.0057	0.7879	-1.2566	-0.3848	-0.1792	0.2242	-2.0237	-0.3313	0.2631	1.3968	0.5891	-0.2434	1.5273	0.4498	-0.5721	0.3570	-1.1785	-1.1664	0.0595	-0.6501	1.2712	1.0287	-0.2899	0.8534	-0.2681	-1.3869	1.5470	-0.0231	1.9011	0.2693	-0.5094	-0.4968	1.2620	1.0607	0.5499	0.0104	1.7394	1.4272	0.2221	-0.4948	0.3841	-0.7381	-0.2250	1.6909	0.9432	-1.0865	-0.3790	0.9380	1.5178
-0.2971	0.5924	-0.0929	0.2414	1.4691	1.0186	-0.9536	0.5821	0.1634	2.0452	-0.3910	-0.2238	2.9785	1.0627	1.1570	0.7729	-0.3248	0.0151	-0.5900	-1.1567	0.4582	0.1947	0.5292	1.2197	-0.5107	1.0485	0.7122	0.9567	1.2633	1.2936	0.3293	0.6675	-0.1017	0.5819	1.5051	0.9594	2.1318	1.9165	-0.1225	0.4515	-1.0222	-1.2385	-0.2776	-0.0840	0.7236	-0.2830	0.3771	1.8214	2.5581
0.0071	-0.1987	0.0703	-0.4866	0.1551	0.0550	-0.4775	0.6047	-0.5678	-0.2007	0.0894	-1.9454	3.6845	0.8197	1.0878	1.1149	0.0305	0.6369	-0.0730	-1.5650	0.3219	1.2307	-0.0159	1.6037	-0.4860	-0.7343	0.7203	1.5547	1.0500	2.4441	-0.8677	0.5870	0.0828	-0.6286	1.2438	1.9618	2.0855	0.1100	0.1563	0.2672	-0.4836	0.0099	-1.8488	-0.4577	-0.0519	-0.4479	0.2310	1.8032	1.9175
0.2087	-1.6668	-1.6040	-0.8479	-2.4560	-0.6487	-0.5721	-0.4851	-0.5180	-0.1882	2.0140	-1.6744	0.7552	-0.4247	0.3784	0.0946	-0.2852	-0.8152	-0.8792	-0.8473	0.5047	0.8915	1.5117	0.5704	-1.1116	-0.9506	0.5799	0.0079	0.9591	1.1578	-0.8479	-1.2117	0.4004	0.1328	0.1364	0.9294	1.1173	-0.1131	-0.1210	0.5884	-0.6215	-0.1814	-1.3014	1.1415	-0.7062	-0.7750	-1.9183	0.9372	0.2902
0.9956	-0.7630	-1.2151	-0.7544	-1.2785	-0.7464	1.0175	-1.0640	-0.2729	-0.0323	1.4089	1.3431	-0.3843	-0.5197	0.8336	0.6537	-1.0445	-1.7953	-1.0539	0.1491	-0.1287	-0.8599	0.5815	-0.2225	-0.6279	0.5013	0.1973	-0.4420	0.9242	0.1738	0.9942	0.2336	-1.6438	1.3881	-0.8287	-1.0191	0.1851	0.0900	-0.5235	1.6464	-1.0039	-0.7400	0.2578	0.8641	-1.1560	-0.4501	-0.6346	-0.4944	0.2672
0.0857	-0.7729	0.2855	1.1686	-0.1588	-1.5530	1.0178	0.2561	-0.3287	-1.8562	-0.0953	0.4835	0.2969	-1.5387	0.4965	0.9533	-0.7875	-0.7983	-0.9249	-0.6166	-0.7729	-1.1333	0.1241	-0.6297	0.5312	-0.7921	0.2128	0.7824	0.3223	-0.1343	0.2051	1.7421	-1.1214	1.4437	-0.8409	-1.5113	-1.6853	0.2857	-0.7406	-0.6508	0.0780	-1.0907	-0.8884	0.1523	-1.9944	-0.2809	-0.0268	-1.2190	-0.6601
-0.5989	-1.2329	0.3988	-0.0172	0.0980	-0.7110	0.2002	0.8114	-1.5200	0.0274	-2.4175	-0.0431	0.8320	-1.9137	1.0276	0.9624	-1.3254	-1.1596	-0.9095	-0.1112	-1.1584	-0.5857	0.5368	0.4158	1.0445	0.1276	-0.3027	0.3521	-0.9423	-0.4078	-0.9510	1.5999	-0.4009	1.7284	-0.8097	-0.9582	-1.4848	-1.9622	-0.9409	-1.5199	-1.0309	-0.1810	-2.3377	0.0446	-1.8063	0.8735	-0.1416	-1.0167	-0.5058
-0.7979	-1.7221	0.2471	-1.9627	-1.0204	-0.4596	0.4301	0.0790	-1.9692	0.5292	0.2828	0.1398	-0.2341	-1.6512	0.8038	-1.1259	-1.2754	-1.0727	-0.1033	0.6412	-0.9878	-0.4546	-0.2365	-1.4543	-0.2912	-0.7625	-1.6357	-0.5915	-0.7515	-0.8801	-0.0532	-0.6405	-0.0694	1.6782	-0.7832	-0.8058	-0.7687	-0.7138	-0.9805	2.2971	-0.5277	0.3728	-1.1461	-0.1123	-1.0786	-1.5153	-2.1206	-0.7458	0.3367
0.0261	-0.9715	-0.3217	-1.0156	-0.5667	-0.3021	-0.0005	-0.1354	-0.8089	-0.9567	-0.5821	-0.1760	-1.1496	-0.8916	-0.4361	-0.4732	-0.5365	-1.2705	0.7154	0.4620	-0.2965	-1.5132	-0.6729	-1.5618	-1.5443	-1.4118	0.1148	-0.1589	0.1562	-0.0242	0.9760	-1.3193	-0.1724	1.6443	-1.3384	-0.6968	-0.5191	-0.3298	-0.6355	2.1783	-1.1148	0.3036	-1.5554	0.3678	-0.2129	-1.6674	-1.6151	-0.9142	0.4898
0.5559	-0.9963	-1.1976	-0.5660	-0.2341	-0.8614	1.1356	-0.4025	0.2585	1.1484	-1.7407	0.9865	-1.3563	0.4074	0.3765	-0.0957	0.8987	-0.4507	0.6080	-1.1134	0.0389	-2.3153	-0.1473	-0.3428	-1.4397	-1.2826	1.6674	-0.1312	1.3894	-0.0363	0.0991	-0.1432	-0.6880	1.0528	-0.6819	-0.7301	-0.2778	0.1615	0.1656	2.6379	-2.2430	-0.3417	-1.0633	1.1047	-0.3482	-0.7062	-0.5455	-0.1803	0.1384
-0.8940	-1.1567	0.5313	1.0588	-0.5141	-1.3298	1.8703	-0.0449	-1.4772	0.3658	-0.8350	1.5208	-0.9988	1.0298	0.7035	-0.3256	2.4866	0.3531	-0.0315	-2.3731	0.7273	-1.6159	-0.8540	-0.9990	-0.7377	-0.7023	1.4981	-1.0088	0.2512	-0.7451	-1.3183	-0.8158	-1.8108	-0.5245	0.5327	0.2471	0.0302	0.9971	0.5348	2.8830	-1.7143	-0.6302	-1.6562	-0.4198	0.3093	-0.8936	-0.7721	0.1164	-0.0920
-2.0082	-1.1371	0.1748	1.0330	0.1033	-0.2526	1.1108	0.8529	-2.4406	-2.3413	-1.4612	1.1352	0.1097	1.8947	1.0653	-0.5143	1.6476	-1.2939	-0.0180	-1.8587	-0.3365	-0.3827	-0.9028	0.1283	-0.3322	-0.6986	0.2915	-2.4294	-0.7885	-0.3459	-1.9451	0.2611	-0.8061	-0.5820	-0.5548	-0.2867	-1.0977	-0.8662	0.1049	0.4616	0.0293	-0.6292	-2.2026	-1.2012	-0.4660	0.9221	0.3440	-0.9246	-0.9414
-1.8109	-1.2580	-0.4351	0.6873	-0.2086	-1.4402	1.8829	-0.0617	-0.9436	-0.8876	-0.0361	0.9517	-0.4200	1.2314	1.1675	-1.3446	0.6951	-1.0300	-0.1236	0.1398	-0.7705	-1.0295	0.0864	-1.0264	-0.7707	-0.1250	-0.0902	-0.8483	-0.2646	-1.5547	-0.4917	0.9235	0.1698	0.8673	-0.9430	-1.2864	-0.9118	-1.5243	-1.2329	0.8793	0.4078	-0.7834	-0.8161	0.0745	-1.2362	0.0816	-0.5402	-0.9706	-0.6134
0.0589	-0.6272	1.2627	0.1587	0.5111	-0.6425	-1.2924	-0.1904	-0.8137	1.2567	0.5216	-0.3831	-0.9043	0.3050	-0.1101	-0.9083	-0.0691	-0.1867	-0.7300	0.3098	0.4408	0.3197	0.5256	-0.9416	-0.8846	-0.7241	-0.3266	0.4325	0.3791	-1.0068	1.3338	-0.7565	0.4011	0.6993	-0.7041	-1.1950	-1.3722	-0.2980	-0.5197	0.2131	-0.1916	0.3912	-0.9672	1.1937	-0.8173	-0.2996	-0.8378	-0.3868	-0.0676
-0.1649	-0.0468	0.7989	0.9165	0.6552	0.3774	-1.1422	-0.5837	-0.7034	-0.0376	0.7179	-0.1865	-1.1102	-0.2312	-0.5341	-1.1490	0.0356	0.7943	-0.5681	0.5624	0.2393	0.9343	0.2239	-1.0744	-0.7708	-0.6236	0.7960	1.3843	-0.0472	-1.3155	0.5212	-0.2214	0.4256	0.7305	-1.1423	-0.7222	-0.8237	-0.8064	0.1615	-0.2018	0.1295	0.2503	0.3878	0.7138	0.2016	0.1666	-0.4793	0.4100	-0.8674
-0.1760	-0.8468	-0.0919	0.8888	2.1103	1.5517	1.2159	-0.5292	1.0931	2.0958	0.9199	1.5338	-0.0744	0.1692	0.6861	-1.8566	0.5913	1.5267	-0.2381	1.0320	0.0034	-0.1410	0.9739	0.2722	-1.1979	1.1899	0.6636	0.3567	0.2451	-2.8917	1.3145	1.6283	-0.4016	1.4030	-0.4934	-1.0812	-0.6941	0.3876	-0.5009	0.9575	-1.0639	-0.0622	0.7382	0.1181	0.2152	0.7241	-1.1468	0.2418	0.7088
0.3249	-0.3070	-0.1991	2.0406	1.3836	-0.1336	0.6249	-0.0797	1.5319	0.7247	-0.9791	1.0084	0.0331	1.9456	0.7012	0.0936	1.9627	1.2433	1.5452	0.5664	1.2855	-1.0406	-0.3611	0.6849	-0.4291	0.5880	0.7013	-0.1855	1.5338	-1.9103	1.9198	1.3223	0.7247	1.3712	0.7637	-1.0892	-0.7894	-0.3192	-0.8126	0.0879	-0.8487	0.9605	0.5177	-0.0728	0.1358	1.2786	-0.4480	0.3621	1.0991
0.1487	-0.0113	-0.4562	1.6482	-1.4810	0.2597	0.7589	-0.3396	0.2735	-0.8785	-1.5501	0.6456	0.8549	1.9915	-0.2111	0.5184	0.7104	0.1321	1.4627	-0.3223	0.0489	-0.5598	-0.8134	1.9954	-0.3142	0.2545	0.0398	-0.6975	0.8950	-0.3232	-0.2329	0.5665	-0.2950	0.1903	1.2527	-0.6901	-0.0038	-1.4796	-1.0271	-1.1135	0.3519	-0.5907	1.0549	0.0993	-0.0031	0.1566	0.1832	-0.0078	-1.6322
0.0397	0.7934	0.5515	-0.8295	-1.3918	0.2624	0.3692	-0.8737	-0.2762	-0.5982	-0.7970	-0.9110	-0.1746	1.2013	-1.4253	-0.3237	0.9035	0.5335	0.3016	0.4020	-0.0863	0.2623	-0.7727	-0.1667	-0.1895	-0.4428	-1.4019	-0.0642	-0.3427	-0.1140	-0.4527	-1.6382	-0.8088	-1.2476	0.4773	0.0238	0.4206	-0.0096	0.5486	-0.8748	0.6723	0.3790	1.5837	-2.0484	0.3040	-0.8432	0.4484	-0.0845	-1.8248
-0.4655	1.7234	-0.5181	-1.6709	0.4016	0.0856	-2.5161	-0.6222	0.0753	-0.4281	-0.1031	0.5541	-0.0256	0.2618	-1.2635	-0.6345	-0.0322	0.7332	-0.9556	1.2859	-1.0615	0.4737	-0.7773	0.4583	0.1497	-0.2507	-0.3210	0.2509	-0.3015	0.2780	-0.8162	0.0392	0.9931	0.4827	0.0276	-0.3726	-0.0288	0.4091	-0.2158	-0.8792	0.3365	1.1050	1.5248	-1.0542	0.1978	0.4010	0.1908	0.2933	-0.2733
-0.1158	2.1844	-0.4114	0.0434	0.4737	2.2676	-1.6920	-1.1825	0.4565	0.6779	0.5411	1.4913	1.3492	-0.5232	-0.2470	0.2904	-0.6080	0.8640	-0.4533	1.6306	-1.3992	-0.0360	1.4752	0.5892	0.2735	0.5166	0.3180	0.9330	-0.7039	0.2915	0.9607	1.1017	0.4942	0.7123	0.9672	-0.6591	-0.6740	0.1521	-1.3683	0.0101	0.5318	0.9139	1.9063	-0.5977	0.3336	0.8321	-0.5681	0.6019	-0.1058
-0.4221	-0.3807	-0.8046	-0.2636	0.5804	0.5762	-0.0830	-0.1836	0.7807	0.8575	0.6789	0.9422	-1.5648	0.2580	-0.6198	-2.0233	0.4313	1.4749	0.7093	1.0078	-0.3286	-0.4326	-0.0493	1.4994	-0.0093	-0.3322	0.1183	1.0988	0.0711	-0.8384	1.3574	0.7945	-0.6665	0.3013	1.0247	-0.4263	0.6374	0.7555	-0.7688	-0.1629	0.2060	0.0611	1.8861	-1.1726	-0.7132	-0.2980	-0.9809	0.1118	-0.7940
0.8553	-1.2427	-0.8526	-1.0322	1.0841	0.4805	-0.0570	-0.4365	0.3404	-0.1527	-1.5104	0.5337	-2.0655	0.3845	-1.6686	-0.5459	1.0967	1.0746	1.2824	0.4119	0.9640	0.4511	-0.2733	1.0116	0.4671	1.2150	-0.8539	0.1433	-0.1100	-0.6918	0.7944	0.1716	-0.4052	0.0950	0.7540	-0.1980	0.4998	-1.0295	0.0983	-0.7434	-2.3287	1.0788	-0.4327	-1.7885	0.1776	-0.4563	0.5136	-0.5331	0.1324
-0.0186	-1.5158	-0.5447	-0.9145	-0.5070	0.1759	-0.9658	-0.8010	-0.3954	-1.5993	-0.6548	-0.9147	-1.4802	0.0272	-2.2928	0.4471	-0.0047	-0.1081	0.8792	-0.1480	0.0662	-0.0987	-0.4747	0.2454	0.5198	-0.5498	-1.0823	-0.4366	-1.4255	0.2016	0.4362	-0.9000	0.6476	-1.0527	0.5454	0.0971	-0.9206	-1.0305	0.6157	-1.3213	-0.3601	0.8295	0.0967	-1.1074	0.4231	-1.2878	0.1278	-0.3345	-1.7117
0.1225	-0.1991	-0.1666	-1.1793	0.4790	0.3161	-1.3124	-0.4451	-0.8829	-0.9340	-0.0258	-0.8261	-0.6079	-1.0207	-2.0923	-0.0619	-0.8469	0.5390	-0.5904	1.0301	0.1245	-0.0417	-1.4763	-0.4895	1.8111	0.5451	-0.4911	-0.2062	-1.8866	0.4037	-1.0852	-1.2449	0.3900	-0.8433	-0.7473	1.3050	-1.4839	0.7027	1.3956	-0.6005	-0.3736	0.0866	1.6696	-0.2034	0.9708	-0.3613	0.3434	-0.5132	-0.9362
0.1840	0.3839	-0.3428	0.9709	-0.4541	1.8680	0.2629	0.0009	0.1006	-0.3213	-0.2202	-0.0016	2.0144	-1.2318	-0.1467	1.4591	-0.9972	0.0666	-1.7978	-0.6000	-0.1666	-0.1570	0.4289	-1.6040	2.3268	0.8283	0.3445	0.7023	-1.9517	1.5366	-1.8247	0.4464	1.0278	-1.5126	-0.3019	2.4282	-1.1868	0.9554	1.1909	-0.2771	0.7967	-0.1324	1.2872	1.4092	2.7624	0.9951	0.2369	-0.0731	-0.9826
0.4075	-0.3306	-0.9498	0.2631	-0.2939	0.2543	1.6006	0.1776	-0.0743	-0.0693	0.6095	0.6122	-0.3743	-0.4223	0.0989	-0.0452	0.8306	-0.1006	-0.5850	-0.0283	0.0560	-0.5298	0.1722	-0.2347	0.4309	0.6957	0.3620	-0.1068	-0.4430	0.6733	-0.5251	-0.6156	0.9622	0.1297	0.3130	1.9109	-0.4602	-0.0802	0.6247	-0.6773	0.3625	-0.5137	0.9860	1.2295	1.9430	0.1304	1.4044	0.5211	-1.1545
-0.0990	-0.0221	-0.4083	-0.0243	-0.6146	0.5892	-0.4352	-0.0814	-0.8182	0.2383	-0.7038	-0.9677	-1.2980	0.3816	-0.7820	0.8657	1.4855	-0.3699	0.0156	-0.7572	0.2258	-0.3630	-0.1514	-0.1628	-0.4809	-0.6890	-0.7643	-0.7495	0.2204	-0.0356	1.2392	-1.3306	1.7348	-0.7335	0.1988	0.1191	-0.9296	-1.1424	-0.0174	-0.1657	0.2354	1.1384	0.3248	-1.0102	1.2226	-0.5321	-0.7384	-0.0965	-0.7783
-0.8945	1.3824	-0.3455	0.1466	-0.1725	1.0614	-1.2714	-0.1468	0.3421	-0.2418	0.4324	1.2995	-0.4661	0.2315	-0.0870	1.9589	-0.1581	-0.7049	-0.3201	0.1244	-1.2864	-0.7464	0.2510	-1.0092	-0.4075	-0.5305	-0.2240	0.3522	-1.3119	1.5528	1.2657	1.1365	-0.3102	-1.2168	-1.4291	0.7392	-0.9456	0.1322	-0.3613	-0.1069	0.9248	-0.2590	1.5929	-1.3579	1.0206	0.4823	0.3647	-0.3990	-1.6365
-0.7635	-0.1399	-0.3898	0.0339	-0.0514	-1.4552	0.5751	-0.0249	0.0693	0.2090	0.5956	0.6832	-1.4132	-0.9278	-0.1085	-0.9914	-0.2384	0.9289	-0.4044	-0.0498	-1.8797	-0.3314	-0.0751	-0.1422	1.2122	-0.4635	-1.1830	0.1946	-1.8224	0.5144	-1.2088	1.4571	-1.9395	-1.3313	-1.7522	1.5660	-0.8288	1.6029	1.0834	0.0287	0.3984	-0.8067	1.3640	-1.2460	0.0129	0.0732	1.3855	-0.5259	-1.3153
0.0614	-0.2549	0.0985	1.1807	0.2429	0.0770	0.5065	-0.0404	-1.2650	-0.0042	0.4892	-1.3765	-0.3942	-1.1814	0.0686	-0.2126	-0.1545	0.5937	-1.5019	-0.1313	-0.5419	-0.5706	-0.0029	-0.9250	2.8220	1.7225	-2.4860	0.1858	-1.5195	1.1573	-1.4627	-0.8716	-0.8917	-1.1444	-1.0284	2.3866	-0.6926	2.0733	2.6049	0.0473	0.6905	-0.6728	0.9773	-1.2812	0.9048	0.7010	1.0125	-0.9408	-0.7071
0.1150	0.5290	0.4532	0.3009	0.9717	-0.2847	-0.0526	0.4166	0.2400	-0.8722	1.8218	-0.4074	0.3518	0.6803	0.2771	0.6498	0.2561	-0.0796	-0.0887	1.3679	0.8675	-0.1787	-0.2173	0.2485	2.2647	2.5750	-0.0460	0.0332	1.2637	1.2367	0.4342	-1.7615	1.1834	0.1230	1.3239	2.2978	0.4191	1.1411	1.9144	-0.2809	0.9352	-0.3463	1.2474	1.0311	1.5687	1.1439	1.4434	-0.3222	0.2152
2.1736	1.0304	0.8316	-0.9377	-0.7761	-0.6012	-0.4204	-1.0445	1.8507	1.6560	2.9564	0.0316	-0.7767	1.5721	-0.2260	0.5092	0.6683	-0.2164	1.4559	1.6181	2.4279	0.6917	0.6641	2.6112	0.1305	0.7506	0.6672	-2.0317	2.8572	-0.0486	1.9693	-1.7255	2.3764	0.4729	3.0609	0.4255	1.6117	0.5769	-0.0373	0.1880	0.5499	-0.6711	0.6908	2.8713	1.3667	-0.0719	0.7736	0.7227	0.8436
1.3930	0.1570	0.6325	0.0190	0.2590	1.0511	-0.7729	-0.2595	1.7863	1.4549	1.3790	-0.0070	0.0267	1.6431	1.2908	-0.0513	0.2388	-0.8709	1.0871	0.2690	2.7752	-0.8889	-0.4473	1.6698	-0.7211	0.0907	0.2995	-0.9766	2.8657	-0.5596	0.8503	-0.8733	0.6577	1.0222	1.7872	-1.1039	1.5383	-0.1405	-0.7757	-0.6508	-0.2220	-1.5155	0.6459	1.5450	-0.3564	-0.3667	0.9201	0.3601	1.4675
0.5469	-0.0653	0.3990	-0.1299	0.1538	0.0586	0.3118	0.4639	1.3650	1.0848	2.0132	0.8126	0.0451	1.1621	1.2361	0.0701	-0.4192	-0.5121	0.2035	-0.8367	0.9956	-0.7702	-0.2300	0.7101	-0.5542	0.3260	0.5808	-0.8107	1.9408	-0.7499	-0.7447	-0.8038	1.1982	0.7682	1.4400	-0.5661	1.1625	0.3396	-0.2623	-0.8286	0.6737	-2.1170	0.5964	2.0678	-0.0518	-0.1196	1.2355	0.3102	0.5501
1.0102	0.6037	-0.3761	-0.2921	-2.0116	-0.9313	-0.6394	0.2236	0.3896	0.2037	0.9877	-0.4724	-0.6679	2.0944	-1.2421	1.3677	-0.2832	-1.4760	-0.0062	-1.4315	1.0011	-0.7048	-1.2672	0.1145	-0.6426	-0.3536	-0.2726	-2.4915	1.9276	-0.8522	0.0215	-1.9017	2.2500	-0.3955	2.5851	-0.8996	2.3227	0.8180	0.4457	-0.4650	1.3956	-0.5736	1.1396	1.7696	0.8893	0.4192	0.5111	0.5053	-0.7623
0.4875	-0.3752	-1.7349	-0.3887	-0.9745	-0.4635	-0.1693	0.2223	0.5244	-0.8137	-0.4554	0.6497	0.1190	1.0921	-1.1318	0.2572	-2.1508	-2.7121	0.0367	-0.4954	-0.2509	-2.1641	-1.8090	0.2684	-0.7776	0.2822	0.6366	-1.1790	1.4711	0.0279	0.3989	0.5025	0.2229	0.2315	2.0486	-1.7449	1.9779	0.6272	-0.7899	0.1745	-0.1209	-2.1357	1.0004	1.0212	-0.3203	0.0903	-0.2146	-0.1388	0.2011
0.6933	-0.2905	-0.4558	-0.0017	0.4328	0.3151	0.6895	0.2773	1.3098	-0.1444	-0.9865	0.4458	0.2313	-0.6607	0.3992	-0.5336	-1.7565	-0.8225	1.2758	-0.2617	0.6548	-1.9904	0.4583	-1.1718	-0.2547	2.3515	-0.2790	0.7167	1.6621	1.3338	1.4984	0.4487	-0.4728	-0.5807	1.0962	-1.4349	-0.3264	1.6825	0.1345	1.3356	-0.9374	-0.1116	-1.0166	1.0359	-1.2754	0.1751	-0.1905	0.2702	0.5441
1.2508	-0.0463	0.5207	-0.4651	0.3806	-3.9049	0.3407	0.0873	1.3807	-0.9761	-0.0844	-0.1145	-1.3746	-1.2612	0.4177	-1.5091	-0.5075	-0.2996	1.7473	-1.0685	1.5101	-0.6336	0.5207	-1.2220	-0.7199	1.5181	0.7126	1.0707	0.7748	0.3829	1.4740	0.0631	0.0959	-0.5313	0.2182	0.0673	0.0295	0.6040	0.2048	0.5744	0.0193	0.1044	-0.5453	0.5284	-0.3295	-0.7768	0.4757	0.5694	-0.2928
-0.0474	-0.7848	2.4331	-0.1860	1.2797	-1.3258	-1.4025	0.1325	0.1498	0.4225	-0.7680	-0.2579	0.0363	-0.3137	-0.8114	-0.0377	0.8503	-0.0861	0.5121	-0.8197	0.4443	0.4871	0.7090	0.7486	-0.9044	-0.2885	0.6335	1.8764	-0.3088	0.4006	0.0708	0.0128	0.1376	-0.5950	-0.8275	1.1942	-0.2003	-0.6326	-0.0752	-0.1759	-0.7476	0.6883	-1.0285	-1.0315	0.4964	-1.0931	-0.6309	1.0107	0.6959
-0.9781	-0.2376	2.1887	-0.0956	0.5525	1.0295	-1.1218	0.0486	-0.5957	-0.0621	0.7126	-0.4258	0.9136	0.6680	0.5853	1.0115	-0.5434	-0.5554	-0.2570	-1.0500	-0.6811	0.4614	0.6691	1.4235	-1.1081	-0.0620	0.1160	1.3606	-1.3202	0.9801	-1.2711	1.1700	1.0260	-1.1393	-1.5704	0.8166	-0.8482	-1.7435	-0.6838	-0.2683	-0.0710	0.0541	-0.9688	-0.9781	-0.0456	1.1324	-0.6556	1.2492	0.2409
-2.3335	-1.7329	2.7499	0.1605	-3.4687	1.7793	-0.8795	0.4978	-0.5365	-1.3615	-1.0067	-2.5443	2.0841	0.3366	-1.2461	1.5862	0.0801	2.9466	2.0960	-1.1604	0.9070	4.1607	-0.3080	2.4010	-0.1976	-3.3583	1.6631	-0.1595	-1.4979	0.3055	-1.7504	0.3704	2.0817	-2.4651	0.0485	-0.2293	0.8384	-2.6557	-1.2537	0.2753	-1.3229	2.8017	-3.7302	-1.6869	0.7599	-1.5141	-3.7768	-0.2024	-1.0730
-1.2189	-1.3771	1.4115	-1.1309	-0.9499	0.0670	-0.1835	0.7407	1.1123	-1.5964	0.0438	-1.0720	-0.2850	-1.1762	-2.7857	-1.8316	-1.4344	2.3904	1.7083	0.9146	-1.4897	1.9194	-0.3225	0.3168	-0.9803	-3.8535	0.8016	0.0014	-1.4064	-0.4385	-0.4530	0.5396	-1.3352	-0.4629	-1.8510	-1.5335	0.2012	-1.2003	-1.5103	-0.5490	-1.0117	-0.5828	-1.5936	-2.4601	-1.6120	-1.3356	-3.2088	-1.6616	0.3388
-0.6049	-0.4676	-0.6453	-1.0186	1.3248	0.6066	-0.5645	0.6820	1.3091	0.6650	-1.0479	-1.1870	0.2436	-0.7842	0.0602	-1.3973	-1.1602	0.8352	-0.8171	0.2553	-0.8352	-0.1733	0.1512	-1.6625	-0.7513	-0.7846	-0.1244	0.7614	-0.8302	-0.7623	0.1461	1.6622	-1.9071	-1.4027	-1.9114	-0.7123	-2.1400	-0.6448	-0.8008	0.3494	-1.4822	1.8903	-1.4741	-0.9710	-1.3402	0.7918	-1.2184	-0.8496	0.4939
-0.1075	0.6944	-1.1474	-0.6889	0.1877	0.4307	-0.4789	0.5544	1.3952	-0.9581	-0.1047	-0.8488	-0.7297	-0.0079	1.1233	-1.1919	0.5636	1.8845	-0.1795	1.2953	0.7520	0.3680	0.1407	-1.2323	-0.4572	1.4357	0.7772	1.4845	-0.3879	-0.5514	-0.2738	0.0727	-1.0216	-0.2218	0.8170	0.9909	-0.0965	0.6133	0.6940	0.8204	-0.2187	2.5766	-0.8700	0.9179	-0.5752	0.5576	0.4667	0.7712	0.8464
0.6955	0.6232	-2.0444	-1.0733	0.7430	1.1507	0.5344	0.4928	1.1698	-0.3002	-0.2156	0.3038	-0.9934	0.8304	-0.5241	-1.1165	0.4784	2.0824	0.2662	1.6371	0.0790	0.7790	-0.9388	0.0675	0.0237	1.2646	1.9627	0.2641	-0.4047	1.1141	-0.4210	-0.3776	-0.5926	1.1215	1.0449	0.4671	0.2286	-0.2065	0.7035	-0.0719	0.6406	1.3907	-0.4854	1.1837	0.3425	1.2643	1.8012	0.9382	1.1822
-0.7372	0.4256	-0.8158	0.0248	-0.4231	1.3159	0.8163	-0.0673	0.9045	0.3277	-2.3949	-1.2408	0.7579	0.3905	-1.7972	0.5774	1.0431	1.7537	0.9561	0.1768	0.4558	0.8660	-0.8723	-0.4798	0.8050	-0.5937	1.6858	-1.0351	0.0350	0.5472	-0.1624	0.2329	0.6025	-0.0700	0.5519	-0.6016	1.0816	-0.6854	0.1947	-0.1402	1.5891	2.0926	-1.0962	-0.3993	1.5789	0.1098	0.8218	0.5781	0.4607
-0.6037	0.5908	-0.2631	-0.6351	0.2289	-0.5245	-1.1873	0.1135	0.2995	0.1100	-1.4638	-0.5664	-0.1929	-0.4544	-1.3247	0.3682	-0.5526	0.1749	0.3056	0.5673	0.2130	0.4601	-0.7650	0.5508	0.8048	-0.4135	-0.5895	-1.7992	0.1528	-0.3790	0.8746	-0.7125	0.6704	0.3224	-0.0144	-0.4266	0.8596	-0.1418	0.0814	-1.0302	1.2727	0.8675	0.3261	-0.9100	0.8291	-0.5862	0.6606	0.2190	0.6480
-0.1926	1.0576	-1.1384	-0.6404	0.2114	-0.0800	0.0010	-0.3250	0.6362	1.5756	-0.3232	1.3836	0.1128	-0.1484	0.2867	0.3825	-0.8098	-0.0266	-0.4993	0.4458	-0.6290	0.3094	-0.5111	0.3281	0.5173	-1.2621	-0.4945	-0.6488	-0.4069	-0.2687	1.3433	1.0017	-1.4882	-0.0857	-0.8881	-0.5628	-1.0826	-0.7841	-0.3809	-0.4189	-0.3630	0.1246	0.7902	-0.2955	0.0655	-0.4050	1.0758	0.3001	1.4344
0.3994	1.1897	-0.9424	1.2306	0.2783	-0.3842	-1.3028	-0.1528	-0.3296	1.1500	0.2762	-0.5981	0.0973	-0.8742	0.5070	-0.6589	0.2264	1.0151	-0.5019	-0.5649	-0.8449	0.8515	0.9408	-0.4090	-0.6671	-1.2641	-0.3427	1.5297	-0.2505	0.0815	0.3044	0.8641	-1.0422	-1.2465	-1.1137	-0.1104	-0.8408	0.6653	0.1108	-0.7066	0.3578	-0.0210	-0.3419	0.4254	-0.9291	0.2477	0.1174	0.9973	1.9480
-0.2457	1.1262	-1.0204	1.7608	-0.1657	-0.4059	0.5957	0.2817	-0.9339	0.5030	0.8692	-0.3776	-0.2274	-1.2066	0.3279	-1.1932	-0.6743	0.2175	-0.4065	-0.3985	-1.2427	1.8317	0.2741	0.8091	-0.8988	0.5360	0.7797	1.3651	-1.4473	0.4789	-1.7169	0.3706	-1.2651	-0.8454	-0.8158	1.0142	1.3175	-0.4531	0.0136	-1.2204	0.3463	-0.4771	0.2299	0.6179	-1.0951	0.9639	-0.1295	0.3347	1.6555
-0.7270	1.0488	-0.3522	-0.1387	-1.4235	-0.7810	0.6170	-0.0843	-1.1664	0.7954	0.1565	0.3127	-0.4139	-0.8036	-0.4712	-0.0446	0.2836	-1.0374	-0.6311	-1.0760	-0.7669	1.5541	0.4296	0.3208	-0.7023	-1.0449	-1.6851	-0.0676	-1.4475	-0.2769	-1.5786	-0.9088	-0.2174	-0.8003	0.1052	0.8614	1.4343	-0.2328	-0.5789	-0.5175	0.2419	0.5112	-0.5924	0.0149	-0.5868	-0.6281	-0.9702	-0.9288	0.2960
0.1596	1.5893	-0.6432	-0.1019	0.0386	-0.2509	2.0763	0.0069	-0.6921	-0.8009	0.3663	2.1241	0.2094	0.2204	0.1060	0.3351	0.0452	-2.3465	-1.5563	-0.8997	-1.3018	-0.6325	-0.8041	-1.1821	-0.9215	-0.3282	-3.2730	-0.4439	-1.2667	0.2267	-0.7724	0.6792	-0.9247	-1.2799	-0.7424	0.9123	0.3282	-0.7210	-0.4014	-0.1886	-0.1358	-1.2162	-0.4761	-0.7057	-1.2255	-0.3428	-0.5443	-2.3667	0.1865
-0.1397	1.1892	0.0017	1.0960	1.0021	0.0424	1.7275	0.4743	-0.7001	-0.8622	1.2707	2.0763	0.3294	0.2996	0.9264	-0.2514	0.5540	-0.5340	-1.4754	0.0223	-1.6699	-0.9960	-1.4871	-1.9110	-0.0895	0.8360	-1.9818	-0.4708	-1.0943	0.2499	-1.7709	0.9909	-0.4565	-0.1138	-1.1276	1.2770	-1.0272	0.5109	-0.0786	0.8091	-0.0121	-2.5275	0.4851	-0.4707	-1.7599	0.1418	0.0593	-1.8781	0.5674
0.8940	0.0476	0.8628	1.4255	0.2592	0.2178	0.1029	0.5097	-0.2726	0.2436	0.1849	0.5232	1.6209	0.0588	1.6586	0.6528	0.2556	1.4065	-0.6093	-0.0251	0.0619	1.0758	0.2581	-0.8451	0.8649	1.6571	0.8105	0.3828	-0.9482	-0.0948	-0.9253	-0.5367	0.4784	0.0372	0.9904	0.6237	0.0060	0.6309	0.1505	1.6596	-0.1345	-0.6503	-0.0410	-0.0901	0.4215	0.7152	1.1843	0.2314	-0.5346
0.7180	-0.9070	0.5005	1.6084	-1.0427	0.1052	0.6010	0.4082	-0.0850	-0.3181	-0.1203	-1.3888	1.5082	-0.0022	0.4726	0.6414	-0.8128	1.6467	0.1222	-0.6291	0.2622	1.6793	0.6263	0.9933	-0.3438	0.2533	0.4863	0.2832	0.0680	0.2829	-0.8421	-1.7593	0.6684	-0.0542	1.5226	-0.8341	1.1110	-1.0792	-0.1520	-0.3055	-0.1126	1.6741	-0.6037	-0.3004	0.7520	-0.1199	-0.7769	1.0641	-1.9640
0.9002	-1.1240	1.0671	1.4069	1.6308	-0.4358	0.1065	1.0905	1.2247	0.9082	-1.0724	0.3072	-0.3484	-0.2538	0.1717	-0.3422	-0.3775	2.0764	0.0092	-0.7180	0.1405	0.6182	0.8502	0.6309	-0.9291	-0.1578	0.1740	-0.3981	0.3694	-1.1896	0.0860	0.3488	-0.8000	0.5162	0.7503	-1.0993	0.0871	-0.5040	-1.1072	-0.5082	-1.4249	0.9259	-0.9211	-0.0105	-0.3910	0.4001	-1.3582	0.3973	0.4655
0.0496	-0.7418	1.0367	1.2478	1.1242	1.3232	-0.4239	0.5031	0.5615	-2.2429	-1.6899	-1.4788	-0.2537	0.6147	-0.3513	0.6903	0.1271	0.5223	0.8228	-0.4421	0.6772	0.5058	-0.6650	-1.1493	-0.7014	-0.8041	0.9307	0.1008	-0.1142	-0.5903	0.2237	-0.4549	-2.1447	-0.0921	-0.1595	-0.6513	-0.8722	-1.5735	-0.3168	-0.3570	-0.0336	0.6477	-0.2988	-0.8471	-0.5901	-0.3494	-0.0702	0.0731	-0.0373
-0.7532	0.0671	0.1125	2.1196	-0.0475	0.7623	0.1634	-0.1889	0.8272	-2.0935	-0.5267	-1.1284	0.4608	-0.0599	0.1589	1.8120	-0.0623	0.1315	0.6677	-0.0066	0.6661	0.6568	0.3727	-1.0444	0.7329	0.0092	0.4636	0.2086	0.5322	-0.8011	-0.1820	-0.3526	-0.6383	0.3976	-0.7806	-0.2163	-0.9096	0.1208	0.2350	-0.0936	0.5477	0.0855	0.4686	-0.6179	0.5935	0.1286	0.3350	0.1703	-1.5087
0.1598	1.9496	0.5325	2.1172	0.8069	0.3811	-1.5157	-0.3213	0.4328	-0.3307	-0.1903	-0.3168	1.2370	-0.4481	0.9145	2.9439	-0.2281	-0.4327	-0.9134	0.7462	-0.0276	0.7468	1.3222	-0.5447	2.1208	0.3253	-0.7449	0.6560	0.1234	0.7087	0.5449	1.0673	0.2199	0.6446	-1.2199	0.8721	-0.1884	2.6648	1.4131	-2.3132	1.5121	-0.5506	1.1671	-0.2221	1.3017	1.4168	1.6606	-0.0171	-0.6503
-0.5318	0.9860	0.4531	0.7103	0.2188	-1.7068	0.9439	0.3002	-1.2562	0.6110	1.5945	-0.7513	-0.3308	-1.1987	2.0279	0.0973	0.9941	-0.4875	-1.8429	0.9045	0.2256	0.7998	0.4446	-0.5912	3.4266	-0.2010	-0.4417	0.5389	-0.4323	-0.8801	0.2607	0.1496	-0.1643	0.2887	-1.1894	1.3637	0.6440	2.2459	2.0235	-0.6180	1.9213	-2.3458	1.9159	-0.6020	1.2093	-0.7954	1.2591	0.2011	-0.0103
-0.3077	0.1011	0.6146	0.9436	-0.2184	-0.3859	1.5313	0.3098	-1.6891	0.5327	-0.6074	-1.6313	1.7264	-1.2140	1.4362	0.7378	1.5272	-1.0676	-1.0910	0.7250	-0.0098	1.0682	1.5321	0.5574	2.4685	-0.5054	-0.5372	-0.5757	-0.5855	-2.3284	0.0311	-0.7988	1.0719	0.8875	0.5966	-0.7303	1.2850	-1.2767	0.5182	-0.8556	0.8617	0.0476	0.2318	-0.5120	0.4539	-0.5607	-0.0794	-0.2201	0.1869
-0.0404	-0.3612	0.2402	-0.1952	0.3715	-0.8281	-1.5084	0.6276	-1.3985	0.6564	-0.0893	0.2207	1.5069	-1.5485	0.5001	0.5015	0.3628	-0.8339	-0.8702	1.8914	-0.9647	0.2031	1.1983	1.4715	0.6247	-0.4024	-0.0446	-0.7710	-0.1453	-0.8874	0.4865	-0.3600	1.3054	2.5472	0.5958	-0.8696	0.6947	-0.5592	-0.8389	-1.4348	-0.0059	0.1805	-0.4626	0.2312	-0.9706	0.1589	-1.5092	-0.6555	-0.1528
0.3525	-0.3044	0.3236	-1.0505	1.0253	-0.3156	0.3620	0.1072	-0.5730	1.3795	0.1990	2.4896	-0.5713	-1.2064	1.1673	0.0140	0.5639	-1.3516	-1.7951	0.8362	-1.7889	-0.2322	0.4153	0.7586	0.5120	-0.4956	-0.3409	-1.0760	-0.7421	-0.2049	0.8525	2.0188	-0.7987	1.2755	-0.6991	-1.3315	-0.0628	0.0330	-1.2179	-0.2792	-0.9413	-0.4982	-0.5939	-1.2872	-1.2973	0.5675	-0.4599	-0.6832	0.0839
-0.2144	-0.8631	1.2992	-1.2135	0.4521	-1.1358	0.6424	0.5675	-1.5801	-1.1781	-1.5465	0.5480	0.2892	-0.6322	0.9233	0.8992	0.4878	-1.7426	-1.1980	-0.0141	-0.7254	0.1183	-0.4461	0.3906	1.0832	-1.1749	0.2294	-0.4853	-0.8266	-1.2041	0.0880	1.4194	-0.9577	0.6069	-0.6948	-0.6530	0.1855	-1.0390	-0.3473	-0.4698	-1.5341	-0.4978	-0.8743	-2.4247	-0.6626	-0.4093	0.2354	-0.9696	0.1289
-0.6202	0.0575	1.2938	-1.5609	-0.0694	-1.2970	0.3550	1.0096	-1.6952	-0.2236	-2.2920	-0.1083	1.7911	-0.1639	0.7947	0.6467	0.3146	0.0211	-0.3180	0.0282	-0.8589	0.5116	0.4103	0.5580	1.5455	-0.6009	0.7127	-1.1531	-0.0655	-1.6879	-1.3371	1.0773	-1.1894	1.5437	-0.2125	-0.4465	-1.1712	-1.7696	-0.2196	-1.0834	-0.5751	-0.1192	0.1437	0.2282	-0.8645	-0.4482	0.6565	-0.6643	0.0358
0.9067	1.1226	0.3370	-0.3043	0.0970	1.6374	-0.9432	-0.1427	-1.1487	1.2516	0.5915	-0.7807	1.7559	-0.1422	0.1988	1.2504	-0.0353	-0.0924	-1.4591	1.6736	-0.2293	-0.1059	1.8375	-1.3265	0.3786	0.6515	-0.6881	-0.5435	0.4782	0.0808	-0.1875	-0.8690	0.0019	2.0445	-0.1573	0.5913	-0.5419	-0.2549	-0.7552	-0.3907	0.5841	-0.2155	1.9455	0.2978	0.1048	0.5343	0.6125	0.4204	-0.2931
0.9661	0.5879	-0.5204	-0.8256	0.4792	1.4887	-0.1974	-0.6328	1.5342	-1.3171	-0.1604	0.5579	0.7994	0.2606	0.9670	0.4078	-0.2613	0.7240	-0.2178	1.8300	0.0814	-0.1346	0.9482	-1.2906	-0.1835	0.3019	0.5328	0.2363	1.0407	1.7134	0.5193	1.4279	0.7867	1.3239	-0.4370	0.4765	0.2733	0.4718	-0.1441	1.6330	-0.0426	0.6268	-0.3205	1.7241	-0.0360	0.7936	0.0518	1.1542	0.1660
0.4859	-1.0565	-0.9034	-1.1888	0.4730	0.8963	0.5749	0.1855	1.2737	-0.8835	1.4467	0.5688	-1.1192	-0.9814	0.8808	-1.1603	0.1349	-0.1873	1.1050	0.8101	-0.2347	0.3091	0.3955	-0.1357	-0.5131	0.1897	2.2108	0.6652	0.7964	1.3021	0.1335	-0.5062	0.4863	1.0154	-0.3973	-0.1666	-0.1424	1.0061	0.7183	3.1768	-0.1663	-0.2062	-2.2830	2.9158	-0.6437	-0.2054	-0.3622	0.8594	0.4611
1.6944	-0.7679	-0.9806	-1.6205	-0.7450	0.8235	-0.1998	-0.1336	-0.6559	0.5346	0.8355	0.2902	-0.8476	-0.3197	-1.2269	-0.1550	-0.1551	-1.5747	0.9707	0.0821	0.1516	0.4672	-0.4763	0.7790	-0.0401	-0.3094	1.3526	-0.3791	1.1421	1.6918	0.0127	-1.6828	1.5737	1.5465	-0.1750	-0.9056	0.8152	0.0251	0.9706	2.8020	-0.5814	1.1235	-1.1654	2.3641	0.1883	0.1109	-1.0820	-0.7880	0.1322
0.6624	-0.1587	0.0907	-1.0773	-0.2934	-0.3356	0.8358	-0.5164	-0.2278	-0.3645	1.3701	1.3559	0.4948	0.1029	-0.9106	-0.3674	-0.9370	-2.0456	0.7622	-0.7175	0.7088	-1.4282	-1.2129	-0.3221	0.4931	-0.2152	-1.1670	-0.1826	1.8051	1.9702	0.6621	1.0700	0.1975	0.0156	0.0111	-1.2329	0.9802	1.3789	1.3760	2.3592	0.0980	0.1953	0.5646	0.9024	-0.4662	-0.6548	-0.1298	-1.2366	-0.0389
0.0358	-0.5139	0.9567	0.5505	0.4593	-2.5554	0.0831	0.0271	-0.1358	-0.5483	2.4201	0.1453	-0.4523	1.1682	0.2834	-0.3807	-0.0286	-0.9643	1.3614	-0.7925	1.3206	-1.5591	-0.9749	-1.3112	0.0812	-0.3292	-1.3892	0.2607	1.6568	-0.9543	1.5993	-0.3108	-0.3155	-0.0840	0.6389	-0.2353	-0.6680	1.7659	0.9483	0.9708	1.3581	-1.2510	0.4146	-0.3058	-0.9468	-1.6025	1.2673	0.0890	-0.5117
0.7764	0.2896	0.3557	1.2631	-0.7313	0.3789	-0.2461	-0.2792	-0.9759	-0.1377	-0.1072	-0.8775	1.3410	1.9669	0.3616	1.2572	0.5354	-0.3193	0.9849	-0.9064	0.7776	-0.5791	-0.6903	-0.7698	-0.3172	-0.6452	-0.9208	0.5747	1.4264	-0.8070	1.5300	-1.4853	-0.1744	-0.4171	0.6847	-0.1948	0.1184	-0.4970	-0.0736	-0.0334	1.3692	0.1575	-0.0548	-0.6765	-0.5083	-0.9136	0.6599	0.4614	0.0895
0.7632	0.6170	-0.6285	-0.4514	-0.5510	1.0058	-0.2987	-0.8486	0.2772	0.4477	1.1945	0.7714	-0.1582	0.6495	-0.2568	-0.5787	0.9178	-0.0202	-0.1201	0.7642	-0.2645	-0.8451	0.8246	-0.6243	-1.7533	1.2504	-0.5102	0.1044	0.8632	0.0002	1.9126	-1.1946	0.3895	-0.0880	-0.2703	0.2199	-0.0487	1.1244	-0.6477	-0.6410	0.7033	-0.2658	0.9738	0.9105	-0.3052	-0.0034	-0.2811	0.3598	-0.0341
-0.2832	-0.1435	-0.0950	-1.4462	-0.2889	1.1634	1.0652	-0.5023	0.7745	2.8595	0.8213	1.1023	-1.2046	1.2347	0.1368	-0.9874	2.5820	0.8076	0.4213	0.9711	1.1219	0.1976	-0.2839	1.8049	-0.6645	1.3676	0.9760	0.1883	0.4750	1.0357	0.8983	0.2461	-0.5883	-0.7819	-0.1169	1.4544	0.2789	1.3702	1.2186	0.4086	-0.7800	1.7396	-0.6357	1.2266	0.7581	0.3496	0.2744	0.9048	0.0325
0.1761	-0.7343	-1.6214	0.5223	-1.0667	1.2834	0.8047	-0.1311	-0.1371	0.9763	1.5844	0.7715	-0.8921	1.0133	-1.1679	-0.3991	1.4676	-0.5970	0.3339	0.4934	0.8569	0.7480	-1.0959	1.4854	-0.4782	0.3478	1.7415	0.5193	-0.5971	1.0643	-0.1093	-0.5938	0.0666	-0.6619	0.9991	0.7475	0.7911	0.1047	1.3522	0.0604	0.0148	0.2318	-0.5596	0.1509	1.3259	0.4294	-0.0858	0.9980	0.1608
-0.0337	-0.7924	-2.2345	0.0535	-1.1432	0.9732	0.6686	-0.4566	-0.4696	1.9612	1.5890	0.5325	-2.3657	0.3346	-1.7266	-1.7243	-0.7054	-1.3737	-0.1287	0.9919	0.8571	-0.2603	-1.1734	1.1701	-0.8911	0.0870	0.7039	-0.0509	-0.9451	0.3227	0.1650	-0.9095	0.2647	-0.2097	0.5113	0.0163	0.8838	-0.3408	-0.8069	-0.3351	0.0062	-1.4595	0.1174	-0.6978	0.2429	-1.1979	-1.6088	-0.0141	0.4102
-0.1080	-0.5223	-0.8023	-0.7574	0.4936	0.2540	-0.7958	-0.1033	-0.1405	1.4247	-0.7770	0.9525	-0.8312	-0.1375	-0.2453	-1.8805	-0.4526	0.4751	-0.2049	0.4926	-0.3807	-1.1628	-0.9829	0.0455	-0.0640	-1.0427	-0.9330	0.3223	-1.3731	-0.5662	-0.5904	1.8264	-1.2353	-0.8301	-0.7921	0.5268	-0.2890	-0.3328	-1.6551	0.6844	-0.8312	-0.4675	-0.9629	-1.2395	-0.6990	-1.3440	-0.8772	-0.6593	1.1911
-0.9435	0.2857	-0.4034	0.0192	1.0913	-1.3271	-0.6657	0.3758	-0.4349	-1.8268	-0.5630	0.0754	-0.2583	0.5704	0.3115	-1.1163	0.2284	0.9893	0.0360	-0.5156	-1.0552	-1.2374	-0.3228	-0.7450	-1.0212	-0.4944	-0.7758	-0.6352	-0.7693	-2.0781	-0.0497	0.2766	-0.4961	-1.1664	0.1480	0.7713	-1.1499	0.5805	-0.5953	-0.8686	0.3815	-1.4842	-0.0652	0.3052	-0.4430	0.4690	1.1028	-0.7311	0.6434
-0.1348	0.5462	-0.2394	-0.9150	0.6590	-1.4602	1.5938	-0.0268	-1.4010	-0.4710	-1.0996	-0.3598	-0.6301	1.2990	0.3314	-1.1544	0.2770	-0.1341	0.4030	-1.1475	-0.4754	-1.3279	-1.0931	-0.1634	-1.4341	0.7581	-1.2158	-1.6214	0.8512	-1.1578	0.3454	-1.3031	0.7626	-0.8132	0.4418	-0.0511	0.3541	0.1373	0.9362	0.0051	0.9851	-0.9257	0.7389	1.1205	-0.8733	1.3680	1.9340	-0.7310	-0.1240
-0.2685	-0.8821	0.4196	-1.0275	-0.9009	0.4436	-0.7670	-0.7493	-1.2921	-0.2103	-0.9571	-0.7271	-0.4662	0.7143	-1.2196	-1.0798	0.4882	-0.4481	-0.1535	-1.5666	0.3155	-1.6278	-0.7006	-0.3000	-1.8668	-0.8359	-0.2780	-0.5637	0.5938	0.4039	-0.2911	-1.4993	2.4655	-0.7387	1.1535	0.0171	0.2672	-0.2965	-0.0192	0.7644	0.4328	-0.5575	-0.2496	0.8379	0.3582	-0.3463	-1.5255	-0.1952	-0.8006
-0.8729	-0.4044	-0.1240	-0.2316	-0.6165	0.5054	-0.3513	-0.4245	-0.9156	1.7201	-0.3716	-0.0731	-0.3363	0.6284	-0.2677	-0.8288	-0.3433	-1.0417	-0.3426	-1.3588	0.3503	-2.6140	-1.2380	0.4906	-1.2430	-0.1625	0.6613	0.6604	-0.5194	0.9158	-1.2516	0.5811	-0.4640	-0.9536	-0.4028	0.5539	-0.4746	-0.2097	-0.6114	0.5520	-0.7483	-2.1757	0.3078	-0.6882	0.5836	0.1042	-1.2513	-0.5274	0.9737
0.1174	0.7580	0.3481	0.0264	-0.1651	-2.0171	0.1425	0.3747	-1.7076	0.7561	-0.5370	-0.2081	0.4112	0.4139	0.4887	-0.4286	0.9269	-0.7838	-0.3134	-1.9916	-0.3094	-1.1842	-1.0645	-0.1246	-0.0978	0.4538	-1.7844	-0.3629	0.1978	-0.1770	-1.1227	0.6311	-0.3627	-1.2331	-1.5974	0.1488	0.4595	0.5283	0.5547	0.0108	-0.8477	-0.9857	0.0681	-1.6948	0.1905	1.4333	0.7552	-1.0747	1.1218
-0.3953	-0.2879	0.0912	-0.3812	-1.6424	-0.1346	0.0086	0.4187	-0.7428	-1.5140	0.1951	-0.9843	1.2721	-0.7091	-1.2355	1.1493	-0.1448	-2.2948	-0.8538	-1.6494	-2.0448	-1.3301	-0.0105	-0.2112	0.3825	0.6265	-2.5179	-1.2151	-0.5256	0.6138	-0.8452	-0.3915	-0.4749	-0.5717	-1.6680	0.1508	0.9253	0.0549	1.2387	-0.8457	0.2820	-1.6613	1.3988	-1.2894	0.9815	0.7830	0.3706	-2.0206	-2.2491
-0.3947	-0.4657	-0.2855	-1.6036	-0.2886	0.1095	-0.0251	-0.0266	0.2364	0.7380	1.0551	0.7487	-0.5003	-1.4632	-0.5750	-0.4895	-1.0160	-1.5782	-0.9226	0.1587	-1.7691	-1.8507	-0.0578	-1.4525	0.6271	0.9623	-1.4933	-0.6021	-1.3633	0.5617	-0.8113	0.9800	-1.3827	-0.9683	-1.9448	0.4594	-0.6875	0.5317	0.8429	1.7269	-1.2487	-0.4691	2.1382	-1.2391	0.4171	1.0390	-0.2593	-1.7740	-1.1615
-0.4632	-0.4941	0.0555	0.1899	-0.1157	-0.8728	-0.8306	-0.3417	-0.0529	-1.6208	-0.9943	0.3914	-0.9760	-1.1297	0.6168	-0.9639	0.3351	0.2150	-0.0275	-0.8209	0.0211	-1.3533	0.6534	-2.4533	-0.3171	1.3123	0.9952	1.2692	-1.1643	0.5394	-0.0013	0.6221	1.0109	-1.4881	-0.5676	0.9029	-2.3942	-0.1718	0.3103	2.1000	-0.8312	0.8538	-0.4609	0.3904	0.7078	1.1478	0.2644	0.1116	-0.4494
0.0628	0.0567	-0.2217	1.1232	-0.1598	0.3037	0.4070	0.0951	0.3474	-0.6826	-1.6627	0.4759	-0.2950	-0.1984	0.6572	0.3324	-0.2750	0.2200	1.2280	-0.5885	0.5375	-0.8133	0.9526	0.3428	-1.2170	1.5338	1.1698	0.2874	1.0154	1.6434	0.5684	-0.0657	0.4572	0.9485	0.3238	-0.2479	-1.2704	-0.7688	-0.2367	0.0414	0.2953	1.8318	-0.8299	2.1066	-0.2472	0.6595	1.1081	1.5043	-0.3043
0.3126	0.4216	0.2300	1.0483	-0.2317	-0.2105	-0.8196	-0.3061	0.5074	1.3363	-0.3843	0.5442	-0.3679	-0.0360	0.0873	0.8792	-0.7243	-0.2211	0.8045	0.0854	1.4283	-0.5283	0.9792	1.0888	-0.8971	0.6163	0.7298	-0.2085	1.9573	0.7692	0.5623	-0.0616	1.0315	1.2716	0.3169	-0.6251	-0.0879	0.5103	-1.0546	-0.6749	-0.1650	1.0629	0.5447	0.4328	0.1191	0.5681	-0.3945	1.0155	0.3253
-0.9147	-0.4227	0.5142	0.0645	-0.5704	-1.2341	-1.3715	0.0573	0.7580	-0.0098	-0.5416	0.4601	-1.3662	0.3541	1.0509	0.5816	-1.4906	-0.0302	0.3427	-1.6498	1.9200	-0.6569	-0.2206	0.0721	0.0157	0.4434	1.5703	2.1802	0.8218	0.6521	-0.3604	0.2819	0.2926	-0.6599	-0.4979	0.1898	-0.2806	0.1080	-0.3863	0.2054	-0.1458	-0.5303	0.8814	0.2838	0.6115	0.6477	-0.0197	1.1994	-0.4253
-1.1283	-0.8678	0.1398	-0.4335	-0.7605	-1.6847	0.4144	0.0840	-0.2842	-1.6477	-1.4115	-0.3787	-0.6076	0.0849	0.4170	-0.0455	-1.3490	0.5275	0.0300	-2.7315	0.2861	0.4692	0.3815	0.4448	-0.4244	0.0992	0.6386	-0.2768	0.3339	0.1315	-1.4638	0.0752	0.0746	-0.3324	-0.9301	-0.7152	0.2167	-1.4835	-0.1233	-0.2737	-0.4654	0.1707	-0.2251	1.7254	0.5001	0.4653	0.9234	1.0713	-1.1367
-0.9182	0.5222	-0.1787	0.4021	-0.3715	-0.6566	-0.7516	-0.8359	-0.7801	-1.5255	-0.3601	-2.3826	0.0265	-1.8597	-1.1127	0.9635	-0.7628	-0.1338	-0.9797	-0.9026	-0.2283	-0.9474	0.7901	-1.9421	-0.6211	0.8140	-1.7004	-0.7192	-0.5855	0.1058	-0.7578	-2.2040	0.1508	-0.0576	-0.4403	-0.9284	0.6607	0.1325	0.1362	-0.9393	0.6246	0.0462	1.8090	-0.6049	0.6474	0.4743	0.4265	0.9323	-1.4132
-1.2696	0.2447	-0.4249	0.4098	1.3288	-0.4128	-0.4974	-0.2101	0.8567	-0.3757	0.0476	-1.3232	0.0799	-1.8979	0.2264	0.7826	-2.1074	-0.2026	-1.0821	0.1707	0.1472	-0.9957	1.4497	-1.3540	0.5081	1.5664	-0.4752	1.2081	-0.7406	0.8842	-0.3530	-0.6199	-0.2731	0.2103	-0.0788	-0.3426	-1.1399	0.6427	-0.0973	-1.0754	0.0848	-0.5559	1.7580	-0.8952	0.2261	1.0851	0.5187	1.0085	-1.1134
-1.1921	0.6476	0.4263	0.2995	1.4488	-0.5372	0.9776	-0.5340	1.2859	-0.1569	-0.4047	-0.6546	-0.1233	-0.5307	1.3038	-0.2707	-0.7421	1.1903	0.9491	-0.2911	1.2518	0.7066	2.1134	0.6661	1.2946	2.2374	0.9888	2.4794	0.4715	1.2171	-0.2236	0.5679	1.1477	0.5321	1.1397	0.4206	-0.6523	1.1907	0.7654	0.6725	-0.0307	1.5560	-0.7302	0.3937	0.1234	-0.0458	1.0769	1.9992	0.3466
-1.1427	0.5932	-0.8311	-0.2443	-0.1658	0.6084	-1.2568	-0.3657	-0.0838	-0.0711	0.4444	-2.4335	0.2181	-0.9999	-0.6297	0.3112	-1.4789	-0.0458	-0.5629	-1.7817	0.7107	1.4303	1.3273	1.3522	0.6814	-0.4375	0.4032	0.6660	-0.2512	1.3227	-1.7642	-0.6232	1.2149	0.6261	-0.0141	-0.2942	-0.0540	0.1622	0.7404	-1.0363	1.7061	1.5981	-0.6137	0.7797	1.0879	-0.2154	0.5628	2.1177	-0.4654
-1.0795	0.9708	-0.2570	0.1050	1.0032	0.7847	-0.9185	0.4618	-0.1050	2.5813	0.4327	-0.7674	-0.0050	-1.8688	0.3233	-0.4637	-2.0787	0.7726	-1.6409	-0.6528	-0.5128	0.3450	0.4498	0.2103	1.5311	-0.6544	0.0200	1.1389	-0.7105	0.1580	-1.9219	0.9885	-1.7800	0.0559	-1.3005	-0.0223	-0.6819	1.8150	0.6718	-0.2126	1.6205	0.3007	0.2463	0.2064	0.3974	-0.1084	0.5120	1.8252	1.1108
-0.6110	-0.3188	0.9088	1.5128	-0.3683	0.2259	0.6076	0.1408	-0.4201	-0.4627	0.1576	-0.8674	-0.2635	0.2778	0.9284	0.4046	0.1312	0.1885	-0.4032	-0.1077	0.2601	0.2201	-0.3746	-0.7063	0.8447	-0.6985	0.8336	1.0340	0.3814	-0.3201	0.2028	-1.1863	-0.7663	0.2209	1.0662	-0.0196	0.4074	1.3552	0.7235	1.6273	0.6529	0.4799	-1.1686	0.1881	0.5712	-0.9891	-0.0826	2.3272	1.2735
0.4255	-0.9121	0.2397	0.7961	-1.1994	-0.0334	2.1813	0.2270	0.8484	-1.7537	-0.4143	0.0141	-0.5989	1.5956	0.6379	0.4140	-0.2115	0.3442	0.9421	-0.5596	0.5605	0.4690	0.5855	1.3265	-0.4226	0.3803	1.7430	-0.0159	2.0262	-0.0992	-0.0741	-0.9009	0.3652	1.7307	2.7130	-0.9524	-0.0838	-1.3913	-0.3673	0.9004	-0.6892	1.0417	-1.7783	2.5245	0.2070	-0.0528	-0.6106	2.0150	0.6218
1.4064	-0.9002	-0.0220	-0.8553	-0.9845	0.9828	0.7590	-0.3787	1.0705	0.9326	1.0610	-0.5552	-0.2769	0.9879	-0.7982	0.7980	-0.4303	1.5487	1.2017	0.6783	2.2693	1.4960	1.0731	1.4729	-0.9098	-1.1089	0.2999	-0.1073	2.2156	-0.3754	-0.2512	-1.3323	0.8284	0.2549	2.0881	-0.8043	0.1209	-0.3676	-0.9510	0.4932	-1.0151	1.9834	-0.9044	1.2827	0.3619	-0.3270	-2.0928	1.2334	0.9913
0.0545	-1.0730	-1.1618	-0.4201	-0.3224	0.8261	0.4355	-0.8444	1.5942	1.1258	0.7816	1.2180	0.5007	0.3075	0.2111	1.1204	-1.2737	0.5110	1.3587	0.8755	1.9373	0.2600	-0.4327	0.7441	-0.7736	-0.6578	0.8353	1.0602	0.7653	-0.1108	-0.0141	1.0925	-0.7683	-0.0906	0.9750	-0.2772	0.0370	-0.2487	-1.5421	0.0588	-1.0108	-0.0149	0.2053	-0.2006	0.5396	-0.3267	-1.0900	0.4606	0.9337
0.4865	-0.3482	-0.4462	0.1291	-0.0092	-1.5834	0.9144	-1.1580	0.8045	0.2515	1.0544	1.3934	-0.6319	0.3278	0.9041	-0.1194	-0.4102	0.6769	2.0758	0.5255	0.6990	0.2288	-0.6407	0.1613	-0.2444	0.1040	-0.5130	0.1545	0.3406	-1.8404	-0.0742	0.8295	-1.1552	0.6102	0.5587	-0.6027	-0.2526	-0.2654	-0.9144	0.5874	-0.5392	-0.3076	0.0622	-1.3492	-1.1109	-0.1440	0.6165	0.2656	1.3224
0.7916	-0.7359	1.0434	1.3249	-2.1424	0.5451	0.5344	-0.9241	0.7344	-1.8016	-0.5058	-0.3916	0.1508	1.9006	-0.7934	0.4127	1.0939	0.1817	2.0662	0.4897	0.4427	0.1464	-0.4977	0.2593	0.2244	-0.9688	0.3998	0.1539	0.6367	-1.0790	0.9758	-0.5060	0.7235	0.6620	0.8825	-0.7315	0.6642	-1.3721	-0.2605	0.0308	0.4288	1.3594	-0.3530	-0.6242	-0.5281	-1.1005	-0.3900	0.4457	-0.8028
-0.6231	-1.2987	0.2936	-0.3959	-0.4359	-0.1005	-0.3615	-0.5736	1.7851	-0.2695	0.1088	0.3959	-0.3251	1.4611	-1.4822	-1.3863	0.8671	1.2850	1.2591	2.3465	-0.0695	1.1987	-0.0786	1.1224	0.0036	-1.7285	1.2719	-0.4954	0.5946	-1.2371	1.5719	0.1560	0.6473	0.8601	1.0442	-0.0655	-0.1319	-0.8682	-1.2243	-1.5645	-1.1317	0.9048	-0.1610	0.5842	-0.5168	-2.3855	-1.2043	-0.7603	-1.2339
-0.2124	-0.2509	-0.0050	-0.4902	2.0205	1.8279	-0.0283	-0.3584	1.7779	1.5328	-0.1497	1.3131	0.2787	0.2045	-0.2429	-1.0590	1.5855	1.4453	0.4950	2.7935	-1.0775	0.9670	1.1371	1.8052	0.2491	0.3121	-1.3706	-0.4403	-0.6566	-0.9305	1.6810	0.9111	-0.2635	-0.0134	1.2891	0.0246	-0.4679	-0.6483	-0.7718	-1.0752	-1.9343	0.3655	-0.1678	-0.6709	-1.0166	-0.7479	-0.0831	-1.6512	-0.0026
0.9371	-0.3017	-0.8955	-0.4636	2.5647	2.0887	0.0900	0.4831	0.6922	-0.4418	0.1325	0.3553	-0.3164	-0.9388	0.0465	-0.9688	0.8985	0.7562	0.0511	1.8182	-2.0891	1.1912	0.2595	1.6860	-0.4088	0.1551	-0.6019	-0.0626	-0.8517	0.0091	0.4826	0.5709	0.4279	0.0041	0.6304	0.3545	-0.1126	-1.8602	-0.4300	-0.8930	-1.4405	-1.2610	-0.0753	-0.6184	-1.1475	0.1708	0.3781	-2.0329	0.0884
0.6605	-1.1952	-0.1202	-1.3339	2.2163	0.5041	-0.5490	-0.0569	0.3950	-0.7653	-1.5991	0.5520	-1.0529	-0.0616	0.1374	-0.9326	0.2749	1.7857	0.4664	0.1871	-0.6166	2.0135	0.5304	0.5897	0.3041	0.2601	0.0765	-0.3881	0.3256	-1.2143	-0.0853	1.1947	1.1630	0.1820	0.1504	0.1183	-1.0358	-1.0902	-0.2179	-0.0972	-1.2654	0.5703	-0.2607	-0.1099	-0.3564	0.4500	-0.0892	-1.7733	0.1166
-0.8746	-2.0073	0.1106	0.0992	-0.3007	-0.0215	0.9339	-0.8398	0.1677	-1.5403	-0.8728	-0.5070	0.5164	1.4928	-1.4166	0.9569	0.3694	0.2512	0.4123	-0.1541	0.0194	-0.2331	-0.3079	-1.0010	0.1765	-1.3477	-0.1010	0.0555	0.0993	-0.7832	0.7118	0.0757	0.9463	-0.2923	-0.7894	-0.0360	0.2177	-0.8332	-0.3380	-0.5165	-0.0552	-0.1839	1.1247	-1.4737	0.2677	-1.3315	-0.5058	-2.1070	-1.6122
-1.0256	-1.4790	0.7021	-0.2812	0.0458	-0.8573	-0.8839	-0.4677	-0.5396	0.5941	-0.0183	-0.4507	0.4355	0.7967	-2.4258	-0.2542	-0.2351	-1.0122	0.2242	1.3393	-0.0799	-0.3724	-0.6718	-0.0239	-0.4595	-1.7214	-1.3340	-1.2530	-0.2364	-1.4923	1.7059	-0.8089	0.0760	0.7354	-0.5597	-0.4444	-0.1954	-0.7897	-1.1931	-1.2875	-2.0407	-0.5088	0.8405	-1.3230	-0.9511	-2.3993	-0.2324	-2.8657	-1.0807
0.3631	0.8613	0.6719	-0.8224	-0.4175	0.0056	-1.5040	-0.6145	0.3399	0.7047	0.0158	1.2027	1.1989	-0.6037	-0.1010	-0.4590	-1.5991	-1.6563	-0.1131	0.5397	-1.1540	-0.5675	0.3549	-0.8945	-0.5952	-1.1641	-2.1063	-1.0855	-1.0308	-0.9333	2.2958	1.5006	-0.4622	-0.1091	-0.1753	-1.0759	-0.3046	-0.7465	-1.4810	0.9948	-1.2937	-0.9466	0.3122	-0.9259	-1.5999	-0.6642	0.6400	-2.6529	-0.3900
0.7821	0.4180	0.3896	-1.3204	0.2209	-0.1541	-1.1044	0.9561	-0.1942	0.5333	-0.2747	0.7988	0.4664	-0.9153	0.2179	-0.8737	-0.3183	-0.4166	0.3336	0.0891	-1.9626	-0.7604	-0.1674	0.3214	0.0223	-1.1602	-0.4292	0.8297	-0.3025	0.0325	1.3957	0.6981	-1.7283	-0.1220	0.0127	-0.7109	-0.8211	0.6165	-0.6292	-0.4705	0.2682	-0.4931	0.9428	-1.2804	-2.0421	-0.3412	0.0334	-1.1268	-0.8502
0.3374	0.4130	0.7679	0.4730	0.7298	-0.9714	0.6714	0.3178	-0.7890	-0.1642	-0.1441	0.6885	-0.3610	-0.2885	0.3547	-1.0585	2.0936	1.1912	1.0137	-0.4512	-1.1371	0.3338	-0.4853	-0.1940	0.7002	0.2081	0.5720	0.1575	-0.1683	-0.9897	0.9272	0.3913	-0.4439	0.6175	0.5654	0.0962	-1.1671	0.4636	-0.2030	-0.1473	0.1678	0.0136	-0.0374	-0.8247	-0.8990	-0.3053	-0.7034	-0.8535	0.4287
1.0142	0.0738	0.7467	0.8277	1.4683	-0.1004	-0.9200	0.4261	-0.4467	-1.3565	-0.3973	1.0508	0.8922	1.2449	-0.3475	0.4864	1.1270	0.8452	0.8813	0.2245	-0.2151	1.0635	-0.8998	0.9991	0.3170	0.5226	0.9248	-0.1496	-0.6214	-0.4026	0.3260	0.8076	-0.6529	1.2413	0.2820	0.3958	-0.6555	-1.6914	-0.4852	-1.8563	-0.3937	0.2234	0.0529	-0.4800	-0.2967	0.1865	-0.6853	-0.5384	-0.0207
1.3005	-0.9855	0.4016	1.4282	0.8154	0.5448	0.1727	0.0102	0.9547	-0.5222	-0.8539	1.2565	1.0792	1.3073	0.0101	0.2800	0.5733	1.3697	0.5503	0.2403	0.2279	0.8887	0.7330	0.6109	0.4975	0.6221	0.1516	-1.0564	-0.8434	-1.2452	-0.1144	1.8107	0.9866	1.3364	-0.3723	-0.2642	0.0909	-1.7246	-1.2547	-1.0798	-0.8982	0.1653	0.3910	0.5867	0.2430	-0.3940	-0.2547	-1.3716	-0.5339
1.4104	-1.2660	-0.0824	0.6096	-0.5751	0.5615	-1.3476	-0.4281	0.4583	0.1872	0.1541	-1.2556	-0.1861	0.9987	-1.1799	0.0119	1.4319	0.5887	0.2246	0.6985	0.4259	0.7389	0.4362	-0.0264	-0.5089	-1.3586	-1.1593	-0.6426	-0.4124	-0.5237	0.8610	-0.3916	1.5890	0.1353	-1.0380	-0.2102	0.6955	0.3347	-0.2501	-1.8192	-0.4200	0.3660	0.4206	-0.2990	0.1474	-0.9156	-0.1645	-0.9074	-1.0585
-0.1952	0.1597	-0.2440	-0.2908	-0.4353	0.9491	-1.1296	-0.2546	-0.3571	-0.0905	1.2321	-1.2934	-0.2773	0.0351	-1.0363	0.2113	1.1406	0.2681	-0.7134	0.8194	0.5296	0.3367	-1.4426	-0.2900	-0.1134	-2.0357	0.8722	0.3587	-1.0724	1.3822	0.5474	-0.7263	-0.1971	-1.1537	-1.9412	0.9513	-0.2329	0.4265	0.1524	-1.1141	0.0094	-1.1694	1.3270	-0.8090	0.4783	-1.5772	-0.4543	-0.6022	-1.2191
-0.6835	2.7770	0.0766	-0.1674	0.3335	1.6254	0.7717	-0.4537	-0.0756	0.0441	1.1528	-0.0530	1.5212	0.2574	0.0605	0.8789	1.0025	0.2974	-1.1449	0.7117	-0.7181	0.6832	-0.2256	-0.1808	-0.2518	0.1483	0.7254	-0.2588	-1.9746	1.1051	0.6096	0.0406	-0.5806	-1.6835	-0.1051	1.1899	0.7344	0.4259	0.0592	-0.0052	1.2598	-1.2795	0.7744	-1.1569	1.2907	-0.3422	0.1821	-0.5126	-0.1222
-0.3491	2.4446	-1.1897	-0.3248	0.7038	0.5250	-0.4659	0.4896	-0.0170	1.1040	0.5190	1.0731	0.7510	0.8142	0.1675	-0.5054	1.1405	-0.3414	-0.7627	1.0464	-1.5239	0.0193	-0.7532	0.5398	-0.9963	0.9716	-0.5880	-1.1748	-0.9852	0.2553	0.4476	0.6567	-0.2445	-0.4040	1.0687	0.3112	1.3087	0.0644	-0.5656	-0.0078	0.8432	-0.8643	-0.1121	-0.7783	0.0419	-0.1096	-0.7209	-0.6059	0.1900
-0.5926	1.1049	0.2847	0.2629	1.3955	-0.0461	-1.1852	0.4334	0.4292	1.4684	-0.1316	1.4736	-0.9428	0.9509	0.1985	-1.1051	2.0868	0.3802	-0.3250	0.7172	-1.3745	1.3618	-1.3780	-0.4896	0.4773	-0.2892	0.9684	-1.3353	-1.3030	-1.9381	-0.1800	0.6606	0.2905	-0.0005	1.1882	-0.1998	-1.0033	-0.5086	-1.1088	0.0952	0.0061	-0.2950	-1.4979	-0.6004	0.1644	-1.4677	-1.0510	-0.4968	1.1564
-0.1258	1.2201	0.9910	-0.0943	0.9830	0.3786	-1.7688	0.3768	0.2141	-0.8100	-0.4897	0.3091	-0.6283	1.0380	-0.3410	0.5624	1.5798	0.4470	-0.2387	0.9310	-0.6395	1.4050	-1.8956	-0.3339	0.9112	-0.1819	1.8232	-0.7967	-0.8465	-1.1479	-0.5989	-0.0155	-0.2235	-0.3500	-0.0703	0.1001	-0.7484	-0.6056	0.2913	-1.0750	1.0423	-0.2635	-0.7909	-1.1213	-0.0197	-0.9907	-0.0706	-0.4402	0.4955
0.8780	2.0547	0.5597	-0.7160	2.0441	-0.3590	0.0952	1.0621	-0.5899	0.3067	-0.1517	0.8866	0.5570	0.7063	0.0120	-0.2938	0.9962	0.8427	-1.3795	1.1955	-1.2345	2.2663	-1.1364	1.1517	0.7472	1.4847	1.0141	-1.5744	-0.4107	-1.0715	-0.6460	0.6084	-0.0857	-0.2257	0.1175	0.8273	1.1288	-0.1413	1.1599	-0.5576	0.3038	-0.0665	-1.0730	-0.5695	0.5764	1.5247	0.8327	-0.7757	1.5881
0.6523	0.2159	0.4104	-0.5152	-0.4987	1.2055	0.1725	0.8830	-1.3681	-0.4257	-1.0302	-0.5379	0.6688	-0.0224	-0.3123	0.3278	-0.5305	0.1680	-0.9405	-0.5589	-1.0126	1.6103	-0.9290	-0.3272	0.1380	0.2014	1.5725	-0.2153	-0.4100	1.1474	-0.5559	-0.6782	0.6360	-1.6657	1.3619	0.9168	0.7483	-1.1228	0.5845	0.9578	0.7241	-0.0568	-2.3647	0.5271	0.8851	0.9205	-1.0220	-0.5830	0.8668
0.2601	-0.9568	-0.2907	-0.6288	-2.1284	-0.6192	0.8388	0.7309	-0.2464	-0.2217	0.6536	-1.2382	-0.6864	-1.4754	-0.4618	-0.0401	-1.4807	0.1941	-0.6012	-1.9334	0.3013	0.2503	-0.4968	-0.9301	-0.6692	-0.8011	1.7156	-0.0787	0.9297	2.7203	-0.8765	-0.8971	0.8983	-0.8838	0.1286	0.2586	0.8651	-0.4796	0.4442	2.1664	0.2656	1.1399	-2.1038	1.8865	0.1924	-0.2608	-2.1386	0.0849	-0.4979
1.5865	-0.1701	0.2168	-0.7867	-1.4040	-0.1496	-0.6789	0.0595	0.5646	0.1070	0.9913	-0.3914	0.7678	-1.1899	-0.1693	1.0345	-1.9729	0.6979	-0.4268	-1.6302	0.4799	-0.2966	0.7528	-0.7045	-1.6670	-1.3473	0.7508	0.3292	0.3150	1.5926	-0.5840	0.3590	-0.3205	-0.8161	-0.7842	0.4252	1.2397	0.9797	0.2040	0.8486	-0.0329	1.0869	-0.8879	1.5314	0.8444	0.5462	-1.3575	1.2809	-0.5352
1.0480	-0.7270	0.7098	-0.2386	-1.2401	-0.6170	0.1586	1.5437	0.4086	-0.9081	-0.4619	-1.0198	1.4141	-1.1762	-0.1571	1.5412	-2.7004	0.4087	-1.2874	-1.5279	1.1477	-0.9856	-0.9596	-1.4461	-0.6483	-1.0879	0.1983	1.1797	0.0352	0.8234	-1.9887	0.4400	-1.4952	-1.2799	-0.9150	-0.1267	-0.0143	0.3661	0.4201	-0.1106	0.6083	1.3648	-0.0857	-0.0009	-0.2158	1.3341	-0.7340	2.2447	-1.1068
0.4673	0.1689	0.1670	1.9041	0.0905	-1.3324	1.6402	1.5427	0.8664	-0.2450	0.2020	-0.8244	0.3965	-1.8446	0.4317	1.2723	-2.2061	-0.1097	-1.3820	-0.3322	0.5552	-0.5055	-1.0095	-2.4911	1.2797	0.8752	-0.7950	1.0269	-0.9432	0.0245	-1.7381	-0.1888	-2.0186	-1.2257	-1.7516	0.1963	-0.9920	0.4432	1.0104	-0.0264	0.8767	-0.0193	0.3829	-0.6357	0.0061	1.9851	2.0565	2.3968	-0.3569
0.7380	0.2437	0.6482	3.0822	-1.4342	0.0510	0.2336	0.8357	0.2365	0.0604	-1.1058	-0.3630	1.0367	-1.0652	1.0584	2.4897	-0.0695	-0.4877	-0.5494	-1.0115	0.4320	0.3848	0.2670	-0.3176	1.7577	1.6147	-0.6778	-0.9639	-0.7785	-0.4781	0.0600	-0.2050	-0.6510	-0.6973	-0.4258	0.0248	0.6980	-0.0125	1.5379	0.2672	0.4425	-0.1225	-0.8465	0.6788	0.8275	2.0625	2.4225	1.9476	-0.6013
0.5194	0.8949	0.1361	2.4120	-1.8174	-1.2904	1.0687	0.4769	-0.8779	-0.9685	2.2173	-1.0630	-0.1433	0.1896	0.9529	0.9787	0.5415	-0.8546	-0.5587	0.1308	0.5924	0.2772	-0.8683	-1.8359	0.1870	0.0086	-0.5107	-1.6038	0.6606	-0.4297	0.6615	-2.5995	-1.1741	0.4311	-0.4098	-0.2980	1.5433	-0.0281	1.0279	-0.9696	0.5294	0.0670	0.3445	0.1204	-0.3312	-0.6511	1.4071	0.9765	-0.5313
1.9083	2.7049	0.1861	1.1995	-1.1799	0.0586	-0.1869	0.0364	-0.0939	-0.2429	1.4841	0.1100	-0.3329	1.0846	0.1263	0.7912	0.8249	-0.5457	0.4946	1.2961	0.7254	0.8962	-0.2013	-1.1416	-1.1495	-0.5067	-0.3655	-0.7754	-0.3816	-0.9563	1.0144	-2.6045	-0.7821	0.5116	-0.1649	-1.1513	1.2511	0.6870	-0.4837	-1.9064	0.9245	0.8988	0.7526	-0.3556	-0.0834	-0.4765	1.0855	0.2842	1.1250
2.1085	1.9860	-0.5801	1.0456	-0.9217	1.3409	-0.1238	0.1128	0.9022	-0.8238	1.1288	1.8969	0.2445	0.5390	-0.4355	1.0167	-0.3933	-1.4441	0.1156	1.2994	1.4301	-0.4677	-1.4921	-0.6617	-0.6474	-0.6079	-2.2729	-0.5367	-0.1417	0.7283	0.7904	-0.1546	-0.7588	-0.4959	-1.6180	-1.3477	0.2033	1.1653	-0.1315	-1.4539	1.7782	0.2462	1.2079	-0.4434	-0.4113	1.0897	0.3875	-0.4158	1.5185
1.2949	1.4271	-0.3163	1.3505	-0.7078	-0.0393	0.9161	1.0954	-0.2158	0.7593	2.3649	1.4476	-0.0273	-0.9337	-0.1040	0.2652	-0.4866	-1.1139	-1.4910	0.0516	0.9645	-0.7162	-1.4481	-1.3368	0.8462	1.0451	-2.3124	-0.3008	-0.0141	0.1791	-0.7735	-0.0735	-1.8601	-1.5307	-1.7037	0.7695	-0.0822	3.0010	1.3704	-0.0942	2.3499	-1.5328	1.5783	0.9522	0.2583	0.9783	0.9975	-0.0844	2.2225
1.4915	1.2979	0.0697	0.2756	-0.6462	-0.7763	0.5815	1.8936	-0.1407	1.1393	-1.2105	0.3455	0.6168	-0.1264	0.7083	1.7228	-0.1585	0.2476	-1.5932	-1.0950	1.5962	0.0808	-0.9254	-0.7713	2.1892	1.5191	-0.8546	-0.8150	-0.2288	0.8976	-0.9691	-0.1574	-0.4215	-1.0876	-0.0888	2.2896	2.0397	1.9962	2.4726	0.2289	0.8825	-0.0398	-0.0967	1.3935	1.6662	1.8309	2.0826	0.2192	3.5482
0.4978	0.4205	-0.1530	0.5463	-2.1939	0.7476	0.9764	1.0664	0.2890	-1.1645	-1.6783	-1.3169	0.2928	0.8098	-0.6743	1.7070	0.6509	1.4314	1.1079	-0.1249	1.7095	-0.6060	-0.4905	0.7172	2.3993	0.9253	0.3438	-1.1402	0.5319	1.5060	-1.4128	-1.6475	-0.5491	-1.4789	2.0220	2.7657	1.9872	1.2161	3.1120	0.2026	1.8609	-0.8900	0.5082	1.3930	2.2038	0.3829	0.5440	0.5385	1.1656
-0.1622	1.8310	-0.8134	0.6132	-0.4537	-0.4744	-0.6582	1.2173	-0.7950	-0.0195	0.2603	-0.3931	-0.3710	0.2093	-0.6849	0.9670	1.1737	-0.5036	-1.0879	-0.3469	2.5511	-0.0811	-0.8408	-1.4174	2.0058	0.8082	-0.3109	-2.2808	0.7196	0.1611	-0.6247	-3.0744	0.5210	-1.1761	1.0815	1.5659	0.5399	2.3329	2.6068	1.2062	2.1741	-0.6548	1.1509	1.1911	2.5631	1.3241	0.3486	0.8367	0.8877
-0.8313	2.5552	-2.2105	-2.7820	1.9517	1.2229	0.4017	-0.8249	2.3002	1.0307	-0.6143	0.2606	-3.5449	-0.1210	0.3439	-2.5267	2.2714	1.8928	2.2257	1.2869	-1.8830	-0.7303	2.2138	-0.9700	2.1982	-0.1556	-1.2831	1.0758	0.8147	1.1954	-0.9743	1.0742	1.0061	-1.1697	-0.3392	0.8534	0.2168	2.7674	3.0725	2.6115	1.6760	-2.9108	2.0774	0.2041	1.4798	3.3405	2.2994	2.1736	1.4345
-1.8010	0.4350	-1.3152	-1.8485	-0.2243	0.8359	0.1566	-1.6999	-2.4710	0.4435	1.4156	-1.6128	-1.0960	-0.3122	-0.6232	-2.4200	2.0538	-0.6705	-0.5756	0.1383	-2.1119	-2.3570	1.6156	2.3252	1.2100	0.5313	-0.5529	0.9054	-0.1773	1.1070	-1.6788	-0.4944	-0.1160	-0.8408	0.2219	1.7620	0.6109	1.8629	3.0006	2.5250	1.3713	-2.0058	-0.4398	0.0530	2.5380	1.3945	1.0274	2.5376	-1.1441
-3.3143	-0.5070	-0.6769	0.2323	-1.1003	0.1279	0.2524	-0.8209	-2.4016	-0.5617	-0.7226	-2.1275	0.5413	0.1101	-0.5684	0.5664	1.0335	-1.2306	-1.6839	-1.5778	-1.2401	-2.4144	0.9637	0.5404	1.2939	-0.2343	0.5645	1.7108	-0.5597	2.0774	-1.7050	-0.9318	0.9786	-0.6431	-0.0018	1.8710	0.2794	-0.1211	1.7745	1.8953	1.8829	0.5501	-0.8608	0.2184	2.6074	-0.3951	-0.5322	1.4103	-2.6929
-2.2495	-0.8542	-1.4527	-0.4968	0.2614	-0.8080	-0.6537	-0.0013	-0.9279	1.1535	0.8636	0.3199	-1.0240	-0.2103	0.2241	-0.5927	-0.8603	-1.9084	-1.1448	0.6257	-0.5624	-1.9359	0.9930	0.6404	0.0736	0.3293	0.8305	1.5137	-0.1363	2.0517	-0.6867	0.6542	1.4163	1.1071	0.1594	1.0081	-0.4006	0.0167	-0.5748	0.1308	-0.1046	0.6971	0.1352	0.8034	0.8428	-0.5057	-0.0246	0.5002	-1.1263
-2.3335	-1.3544	-0.4607	-0.9426	1.4260	0.3994	1.5230	0.0537	0.6955	1.4008	0.1025	1.0710	-0.8379	-1.4113	1.8896	-1.7586	-0.2234	-0.8942	-0.1863	1.6909	0.1494	-0.9436	1.9512	0.4108	0.2405	1.3748	-0.8184	0.5352	1.0460	0.4796	1.4423	1.8145	0.3436	1.7118	0.4617	-1.0600	-1.0510	0.1640	-1.2620	0.6814	-1.5857	1.5137	-0.6224	0.1204	-1.7675	-0.5847	-0.2992	0.1938	0.8366
-2.0683	-0.5366	-0.1998	-0.7986	0.6242	-2.2336	1.5924	0.1070	-1.2501	-1.1762	-0.1837	-0.3455	0.4151	-2.6973	1.6572	-1.1684	-0.1112	-1.0227	-0.4052	0.7048	0.5847	-0.2343	0.7248	0.5259	0.2089	0.1246	-1.3089	0.5972	0.8563	-0.4215	0.9443	0.2932	0.0220	2.2145	-0.1780	-1.3308	-0.4069	-1.2471	-1.0873	-0.1084	-1.1922	0.7154	0.3532	-1.0754	-2.5059	-0.2428	0.2028	-0.0286	0.2647
-1.4347	-0.2901	-0.1580	-0.2771	1.2103	-0.9975	0.9471	0.5164	-1.4444	0.4906	-2.0656	1.0721	1.8810	-2.2953	2.2526	0.4886	-0.3916	-1.3704	-1.2426	-1.3064	-1.4269	-0.5281	2.4673	0.6172	0.1822	-0.0207	-0.9118	0.3096	-0.0241	-0.8470	0.0704	0.8138	0.8785	2.8416	0.1721	-1.5856	-1.7997	-1.3958	-1.4975	-0.2873	0.0034	0.0695	0.2879	0.8613	-1.7738	1.4377	0.4534	-0.3797	-1.1778
-1.5022	-1.3206	-0.9845	1.5722	1.3371	1.1002	0.3240	-0.5016	-1.1297	0.9827	0.1527	-0.9643	0.5175	-0.9877	1.4111	0.5107	-0.2164	-1.7700	-0.2650	-0.1026	-1.2342	-0.0017	2.4044	-0.0137	-1.2280	0.2726	-0.0439	3.0330	0.7434	1.5275	-0.5805	0.0729	2.1715	1.8708	0.1871	-0.1395	0.7321	-0.3753	-0.9938	1.6987	-0.5589	0.2372	0.0252	0.3467	-0.6827	0.1152	-1.3580	0.0680	-1.0634
-1.1234	-1.1176	-1.0096	1.4610	2.1104	-0.2680	-1.5272	-0.5937	0.2572	-0.3296	0.0702	-1.4929	-1.0051	-0.7663	0.3643	-0.5050	-1.5361	-0.5792	0.3263	0.2144	-0.3773	1.5311	2.6255	0.9982	-1.3435	-0.6347	0.9429	2.9089	1.5695	2.3126	-1.2481	1.7281	2.7196	0.6560	-0.6195	0.2201	0.4312	-0.0846	-1.1515	-0.0380	-1.5264	0.9482	-1.2543	1.1840	-0.6955	0.1675	-1.2743	-0.2819	1.1640
-0.5505	-0.5478	-0.1741	0.3977	1.9361	-1.2947	-0.2654	-0.5528	0.7175	0.3592	-0.4231	-1.3218	-1.5488	-0.6924	1.0746	-1.0427	-1.6079	0.0694	0.3723	0.2733	0.3557	0.4697	1.2734	1.3124	-0.3916	-0.0379	0.1681	2.4869	1.1028	1.0422	-0.5155	1.1937	1.4122	-0.7848	-1.6526	-0.1627	1.0552	0.6911	-0.4990	-0.8023	-1.2248	0.7348	-1.1438	-0.5623	-1.5291	-0.5421	-0.0704	-0.9580	2.0647
1.1116	-1.1573	-0.7186	-0.1609	-0.9159	-2.4075	0.1130	-1.7895	-0.1853	-0.0356	1.0664	-1.5355	-1.0263	0.0290	0.5755	-2.2877	-1.2520	-1.1966	0.4219	-1.5835	-0.1971	-0.0577	0.8974	1.0020	-0.4032	0.6671	-0.5134	-0.4851	-0.7398	-1.8685	-1.8771	0.0581	0.8226	0.0906	-1.0339	-1.0471	2.0879	0.6621	0.6634	-0.1097	-0.0709	-2.7418	0.2888	-0.9896	-1.9364	0.6009	0.9214	-1.7006	1.4186
0.6636	-0.9432	1.1593	-1.5282	-0.3882	-1.7970	-0.0501	-0.2148	0.2310	-0.3351	-0.1679	-0.4502	-0.2134	0.0959	-0.4540	-1.1221	-0.1905	-0.9644	0.1018	-1.6872	0.0091	0.1122	1.1688	0.2227	0.3002	0.6525	-0.4145	-0.8790	0.3048	-2.4336	-0.9496	-1.2445	0.3702	0.0222	0.9352	-1.5975	-0.3703	0.7120	1.1832	0.4190	0.1040	-0.4307	0.6971	0.2795	-1.1490	1.4241	0.3399	-0.8338	0.3696
-0.9574	-1.1225	2.9845	-1.7447	0.2059	-1.8086	-0.4845	0.4519	-0.3766	0.3873	-1.2481	0.3264	0.4233	1.1093	0.9105	-0.3547	0.5204	-0.7186	0.6755	-1.6500	1.1376	-0.5625	-1.0672	1.9207	-0.1626	-0.3113	0.8696	0.3663	1.1418	-1.3118	0.0912	-0.3028	0.5863	0.7478	2.0607	-1.0774	-0.6713	-0.5863	-0.2182	-0.1705	-0.5661	2.0328	-1.2122	0.3179	-0.3749	-0.4618	-0.9093	0.3801	-0.6888
-1.4019	-2.0127	3.7693	-1.7110	0.1205	-1.5615	1.0448	-0.3381	-0.9128	-0.0823	0.1975	0.6597	-0.6359	0.3323	2.2761	-1.0021	-0.9089	-1.0201	0.7764	-1.4594	1.3166	-1.0897	-1.0881	0.8508	-1.3809	1.0536	1.0388	0.4515	0.5066	-2.2839	0.3491	0.8102	-1.2944	1.3141	1.3130	-1.1904	-0.2040	-1.8121	-2.4229	-0.3462	-0.6169	0.3252	-1.2173	-0.1405	-1.4814	-0.8794	-1.8393	-0.0327	-0.3646
-0.2217	-1.3622	3.0540	-1.1937	0.4796	1.0206	1.6275	-1.1542	-0.6023	0.4442	-0.2012	0.2628	0.2771	0.5346	2.2742	0.0157	-0.6732	-0.7867	0.6178	-0.4954	0.3819	0.3870	1.1656	-0.2719	-1.1388	2.1454	0.3480	1.2688	-0.2462	-0.8686	0.3900	1.7003	-0.8803	0.5672	-0.8384	-0.0045	-1.3511	-2.3706	-1.8718	-1.1737	-0.9173	0.7485	-0.9465	-0.3153	-1.5954	0.3262	-0.1433	-0.5658	-0.4185
0.7120	-1.1211	0.3040	-1.5167	-1.3815	-0.1056	0.7914	-1.0400	0.0211	0.1828	1.7630	-0.2041	-0.8989	0.2862	0.0586	-2.0444	-0.6003	-0.3632	1.1851	0.9305	-0.1958	1.1013	0.7422	-0.1505	-1.6669	-0.1019	-0.4853	-0.3160	-0.1492	-1.0174	0.1227	0.4454	0.1973	0.6311	-1.3958	-0.8461	-0.4466	-1.2364	-0.9151	0.1969	-0.6635	0.7428	0.0634	0.0547	-1.8982	-1.2076	-0.6002	-0.7591	-0.9562
0.7979	0.1160	-1.1440	-0.7563	-0.3835	1.0620	-1.7564	-0.6851	0.6827	0.6575	-0.6014	0.0310	-0.0180	-0.0173	-1.6661	-1.2287	0.1392	-0.6476	1.7810	1.4180	0.8103	-0.5626	0.0574	-1.2363	-2.5029	-0.3688	-0.6290	-0.6859	-0.9669	-1.3378	1.5309	0.1611	0.6290	0.8710	-1.2386	-1.3972	-0.3937	-0.5308	-0.9951	-0.1404	-1.1876	0.3399	-0.4218	0.1809	-0.8198	-1.0520	-0.5324	-1.6696	-0.9908
0.0797	-0.2813	-1.3223	-0.3961	0.9826	1.1120	-0.1273	-0.6282	1.4991	0.7244	-0.7454	3.1070	1.0199	0.0175	0.0570	0.0180	0.1171	-0.2349	1.1644	0.9197	0.3107	-0.8042	-0.9741	-0.6857	-1.6404	-0.6716	0.1734	-1.1571	-0.4709	-0.8113	2.2600	1.6972	-0.2400	1.2474	-1.4475	-0.7690	-1.3215	0.0981	-1.2807	0.6694	-1.5678	-0.4083	-0.7094	-0.1917	-0.6175	-0.4955	-0.7967	-1.6605	-0.4710
-0.3588	-0.2289	0.6251	0.7629	1.0932	0.8945	-0.7155	0.0261	0.4458	-0.2691	-0.2209	1.9121	1.3603	-0.1225	0.3157	0.1906	1.3193	1.9096	0.6135	0.1665	0.4760	0.6296	-1.0688	0.3239	-0.5640	-0.8345	0.4362	-0.2502	0.5997	-0.5326	0.8162	0.9536	-0.0615	1.6889	-0.1013	0.4538	-1.6974	0.7406	-0.8002	0.4573	-1.1101	0.3131	0.0570	-0.4705	-0.6155	0.3008	-0.9104	0.4178	0.8547
-0.1514	0.5870	0.8000	0.5733	0.4071	-0.3562	-0.3192	0.6448	-1.5390	0.3564	0.6792	-0.0113	0.8959	-0.0874	-0.6342	0.5850	-0.8828	0.5869	-0.4664	-0.0822	0.9011	1.4553	-2.2352	1.5315	-0.5869	-0.5620	1.4226	1.1330	0.9170	0.5008	-0.3726	-0.4989	0.2063	0.7192	-0.3336	0.7938	0.7493	-1.6309	-0.6943	-0.4805	-0.5388	-0.0127	1.1686	-0.8479	0.6137	-0.2878	0.0293	0.9368	1.4660
0.7989	-0.3102	-1.0117	-0.3190	-0.5398	-0.5820	0.2001	0.7876	-1.9435	2.1381	0.1647	-0.1195	1.0427	-0.7511	-1.7300	-0.2358	-2.3106	-0.2765	-1.4124	-1.9687	-1.0609	1.0726	-1.4200	1.7698	-1.0171	-2.0666	0.2788	-0.2457	-0.1908	0.5302	-0.4477	0.6269	-0.2359	-1.1747	-0.8629	-1.0596	1.7215	-1.3193	-1.3754	-0.4937	-0.6003	-0.4368	0.5809	-0.7950	0.0276	-1.1079	0.5345	-0.2909	0.4135
0.4152	-1.6784	-1.1650	-0.9105	-2.0811	1.0958	-0.8219	1.0336	-1.7451	-0.1292	-1.4398	-1.4749	0.7419	-0.0422	-3.1573	-0.0475	-1.3359	-0.3277	-0.5301	-3.3141	-2.2257	-0.0881	-0.6383	-0.7189	-1.5238	-1.7812	-1.0488	-1.9856	-1.1270	-0.5785	-0.3653	-0.3773	-1.0392	-1.5776	-0.2286	-2.1890	-0.2214	-0.4616	-1.6199	-0.6822	-0.7065	-0.0311	0.0521	-0.4574	-0.9292	-1.3281	-0.4436	-1.1544	-0.6098
0.7063	-0.8543	-0.9764	-1.6660	-0.5917	1.3891	-1.4992	0.7667	-0.3812	-1.0591	-1.9974	0.0722	0.7957	0.3745	-0.9279	0.1778	-1.3159	0.6313	0.3630	-0.8564	-0.5075	-1.2030	-1.7637	-2.1013	-0.8479	-0.5196	-0.2337	-1.5897	0.4771	-0.7762	0.8350	0.0130	-2.3370	-0.3273	-0.0394	-2.0446	-1.9146	-0.1673	-1.6817	0.3060	-1.7035	0.7836	0.7422	0.0265	-1.1324	-0.8664	-0.6732	-1.0149	0.1165
1.7136	-0.5424	-0.3094	-0.1993	-0.0971	0.9360	-0.7701	0.0183	0.7995	-1.2316	-2.1246	0.4225	1.7011	0.2231	0.4556	2.3911	-0.5156	1.3162	1.5609	0.6821	0.0797	-0.2996	-0.2534	-1.1761	-0.4901	0.1933	0.6850	-1.5801	1.1914	-1.1184	2.1544	-1.6277	-1.2130	0.3265	1.7438	-1.6351	-1.3410	-1.3743	-1.1299	0.6060	-1.2043	1.3599	0.3500	0.8838	-0.7198	-0.3237	0.6305	-0.4465	-1.2236
1.9468	-0.2359	-0.0972	0.8854	0.0450	1.1197	-1.9456	-0.0700	0.7500	-0.2160	-1.9408	0.4870	1.6672	0.4576	-0.9585	3.8160	-0.7176	1.1915	1.7344	0.7509	-0.1031	0.1237	-1.0285	-0.4287	-1.0781	-1.1263	1.7151	-0.9669	0.9107	0.2916	1.5893	-1.4313	-0.3777	0.1004	1.2024	-1.0582	-1.4393	-0.8627	-0.4954	-0.7663	-0.6268	1.0269	-0.1906	0.3212	0.0329	-1.5285	-0.3853	-0.3270	-2.7363
2.0681	-1.1929	-0.2318	1.2552	-0.1166	-1.1286	0.8403	0.9223	0.4137	-0.7371	-0.1682	1.3782	0.3129	-0.0220	-1.0529	1.3217	-0.5128	1.2608	0.7186	-0.0678	1.0646	0.5023	-1.4806	-0.9256	-0.5630	-0.3769	0.9089	-0.0253	0.4270	-0.0863	0.2275	-0.7631	-2.3836	0.1127	-0.9202	0.1934	-1.3392	0.3871	0.0519	-0.3977	-0.9897	-1.2097	-0.6365	0.1743	0.0042	-2.6656	-0.9454	-0.3406	-1.0446
1.0175	-1.1249	-0.4400	1.1075	-0.9794	-0.5038	1.8218	0.5412	0.5709	-1.7283	-0.1072	0.4828	1.1656	0.9313	-0.8029	1.4425	-0.5038	0.1905	-0.2180	-1.0052	0.0389	-0.0374	-0.9156	-1.6297	-0.3318	-1.0336	-0.7677	-0.7821	-0.2910	0.0913	-0.1689	-0.2112	-1.5356	-0.0395	-1.6847	0.3325	-0.2396	-1.3541	-0.4402	-0.2345	-0.7711	-0.9522	-0.3828	0.2260	0.4695	-1.1646	-0.8878	-0.6439	-0.4084
0.0623	-0.4421	-0.7441	-0.0144	-0.2572	1.4577	1.1850	-0.7783	2.8501	0.4232	-0.3772	0.7997	-0.0346	1.2502	-0.8721	-0.1259	-0.0123	1.7690	2.8347	1.1974	-2.2091	-0.9488	1.4934	-0.9015	0.9036	-3.0414	-0.1678	1.0969	-0.8284	0.7322	0.2620	1.4807	-1.0059	-1.1280	-1.0772	0.7863	-1.6407	-0.0426	-0.8125	0.3274	-1.3041	-0.8681	0.3738	-0.8123	0.1183	0.1193	-0.6370	0.0502	0.3192
0.2027	0.0134	-0.0273	-0.4645	0.4768	1.0101	-0.1780	-0.0690	0.7311	0.0728	1.6678	0.7737	0.2865	0.6899	-0.3124	-1.0036	1.4540	-0.6989	0.1372	1.4008	-1.5986	-2.7681	3.8269	0.8962	0.8637	0.2417	-0.4780	0.8224	-0.1275	0.7196	0.8542	-0.4977	-0.5384	0.8919	0.2288	0.9727	-2.4024	1.1071	0.1042	0.9824	-0.3955	-1.9014	0.4414	-0.3916	0.7077	0.7018	1.6909	1.4111	-0.1479
-0.8970	0.8550	1.1489	1.2373	0.6364	0.9664	-0.0264	0.0279	-0.1023	-1.7746	0.6298	1.0696	0.7074	1.1920	0.8622	0.2121	2.4793	-0.1237	-0.7813	0.2498	-0.0697	-1.4734	1.5647	0.1948	0.9862	2.2888	0.1057	1.1105	0.6059	1.7139	0.8795	-0.5852	0.8682	1.0629	0.9020	2.2872	-1.9689	0.8754	1.0696	1.0047	0.7418	-0.6695	2.3224	-0.0616	1.9494	0.7086	1.6836	0.7311	-1.0214
-1.7159	0.5183	2.9929	1.5046	0.5408	0.5922	-1.7035	-0.7140	-1.2020	-0.2549	1.1579	-0.6590	-0.9260	1.2574	1.4851	-0.3738	2.4843	-0.3065	-0.1992	-0.3267	0.2477	-0.9489	0.2144	0.7021	0.4988	1.0286	0.0402	1.1873	0.0745	0.9097	0.5903	0.3539	0.9737	0.4957	1.7097	2.5411	-0.5155	0.8161	0.7708	0.5321	0.9893	-0.0888	1.6931	-1.1649	1.8940	-0.4237	0.2798	0.7472	-1.7053
-1.7036	0.1863	2.0528	0.0864	0.6033	1.2158	-1.5214	-1.2529	-1.0691	1.1712	0.1440	-1.5267	-1.4869	1.6096	0.3685	0.0640	1.4348	0.4386	-0.7247	-0.4967	0.9592	0.0977	-0.1142	1.2930	0.7805	0.7431	-0.0428	0.4986	-0.8017	-0.0623	0.2924	-0.2799	-0.1075	0.1211	1.2541	1.3470	-0.2290	-0.7907	0.6953	-0.4436	0.1906	1.0432	0.3074	-1.3883	1.9627	0.0065	0.4259	0.8017	-1.6305
-1.4891	-0.1421	-0.7252	-0.6895	-0.7604	0.4638	0.3351	-1.2302	-0.6428	-1.0481	-0.0042	-0.5639	-2.0345	1.2604	-0.3673	-0.7092	0.0948	-0.0272	-1.7666	-0.1981	0.2309	-0.2871	0.3243	0.8499	0.6853	1.3648	0.0434	-0.4392	-0.2165	-0.5507	-0.4108	0.1480	0.3458	0.1849	0.0131	-0.1876	0.4002	-1.0435	0.3203	-0.9956	1.1469	-0.7789	0.0522	0.8146	1.0892	-0.7766	0.6736	0.0211	-1.2502
-0.9444	-0.4197	-0.9151	1.0462	-0.3629	0.5303	0.5146	-1.7933	0.6290	-0.5030	-0.4263	-0.9130	-2.3318	0.9256	0.2512	0.0477	0.7022	0.1816	-0.4595	0.4809	-0.0291	-0.2468	0.9396	-0.8619	0.2343	1.5506	1.0359	0.1912	-0.2389	-0.9008	0.8556	-0.4221	1.5086	-0.9147	1.0430	-0.5186	0.4566	-0.7153	-0.1032	-1.0640	0.8281	-1.1135	-0.7034	1.3925	0.8914	-1.7703	-0.0324	0.3258	-0.1457
-0.0416	-0.7327	-1.6449	1.3130	-0.2543	0.0706	-0.0933	-1.4773	0.6735	-0.0158	1.0717	0.0754	-1.9672	0.3327	0.1218	-1.3001	-0.1095	0.1068	0.2301	1.5004	0.4480	0.8887	0.6675	0.0642	-0.4136	1.0174	1.0152	-0.7157	0.8492	0.0156	0.9155	-0.7887	1.3503	0.5368	1.3837	-0.7017	0.9859	-0.4385	-0.7870	-1.0641	-0.7497	-0.0636	-0.6155	1.9215	0.1390	-1.3043	-0.8770	0.1813	0.6825
-0.7188	-0.1438	-0.4638	-0.1939	-0.8432	-0.1990	1.0532	-1.5315	0.7481	0.1408	0.9019	0.8185	-0.6939	0.3970	0.1150	-1.6582	0.5732	0.7855	0.4330	0.3762	1.1196	0.4308	0.1607	0.2870	-0.8156	-0.3915	0.5480	-0.6366	1.5430	-0.2970	1.3263	0.0872	-0.7227	-0.7176	1.3200	-1.2261	1.4424	0.6684	-0.2544	1.2208	-1.3942	0.9856	-0.6408	1.1123	-0.2332	-1.3463	-1.6013	-0.0293	0.2367
-0.8091	0.6886	-0.0200	-2.4766	-0.2196	-1.7502	1.2053	-0.9357	0.6645	-1.5871	0.8010	0.1828	-0.8568	-0.2920	-0.7192	-0.9090	0.8572	0.9736	1.0565	-0.1983	0.7951	-0.3746	-1.4176	-0.0311	-1.2764	-0.8710	0.7610	0.3611	0.5387	-0.4961	0.5150	0.0823	-1.6203	-1.0131	0.4408	-0.6460	0.7462	1.0672	0.4169	0.8850	0.2631	-0.7648	-0.6320	-0.4744	-0.8197	-1.2827	0.1774	0.2117	-0.1478
0.0332	1.3221	0.1802	-1.9241	0.5432	-0.2740	1.3725	-1.2322	0.1229	-0.9022	-0.8081	0.9863	-0.3439	-0.6828	-0.4734	-0.2094	-0.0773	0.7525	0.5603	-0.6112	-0.3658	0.3626	-0.5268	0.8716	-0.3053	-0.0508	0.0087	-0.3463	-0.5947	-0.2389	-0.1795	0.2290	-0.8772	-0.5344	0.3871	-0.4189	-0.7233	0.3055	0.1901	-0.0339	1.1271	-0.8622	-1.4383	-0.6583	-0.0482	-0.3526	-0.2076	-0.3754	0.1134
1.1263	1.5738	0.1259	-0.6335	1.0823	-0.8006	1.2999	-1.7854	0.5587	0.3993	0.4425	0.0161	-1.1705	-0.3940	-1.3249	-0.7760	-0.2282	-0.7952	-0.0256	0.4829	-0.7947	1.0029	-0.1301	-0.5171	0.1015	0.1246	-1.0568	-0.5583	-1.5135	-0.5878	0.4115	-0.0853	0.7920	0.3100	-0.4976	-0.3460	0.2503	0.4119	0.2095	-0.5889	1.7535	-1.0050	-0.4207	-1.1670	-0.3523	0.0127	0.6615	-0.2763	0.9243
0.4578	1.8325	0.9753	-1.0601	1.0854	-2.1349	-3.2953	-1.6086	1.1660	0.1734	0.3547	-0.5963	-1.8997	-0.4393	-0.5498	-0.9614	-0.2220	-0.5516	1.2630	1.1824	-0.4442	1.0404	0.0978	0.4813	-0.0536	0.7039	-0.6053	-0.7632	-0.7711	-0.0447	0.4824	2.7443	2.4552	1.4025	-0.7910	-0.6017	0.7291	0.8881	0.2630	0.6539	1.3494	0.0471	-0.0038	0.3863	-1.4386	1.4726	2.2691	1.2873	0.3993
-0.0372	1.2523	0.3133	0.7785	1.1404	-0.4398	-0.2198	-1.4009	0.4739	1.6837	1.2205	-1.1712	0.0423	-1.3807	0.9418	0.3732	0.3156	1.3394	0.5986	0.7392	0.3073	0.1993	0.2275	-0.2551	0.2290	0.8070	-0.1669	1.9008	-0.5280	0.3066	1.1245	-0.3640	0.2848	-0.7271	-0.8735	0.5353	0.2852	1.0470	0.7085	0.6785	1.0847	-0.1154	0.7546	-1.1135	-0.2075	0.1663	0.5272	1.3417	0.2179
-0.8181	1.3846	-1.6357	1.1710	-0.3657	0.5220	-0.0203	-1.0017	-0.8505	0.5726	0.5068	-1.7334	1.1840	-1.6623	0.2418	0.8637	-1.2091	-0.3485	-1.3829	-0.6108	-1.1033	0.9492	0.2623	0.8305	0.8505	-0.2759	0.2408	1.6277	-0.8613	1.3960	-1.3320	-0.4031	0.9452	-0.8854	-0.6877	0.5291	0.8216	-0.7265	0.6628	-0.7044	1.8561	0.9404	-0.2670	-0.1980	0.2398	0.9745	-0.4406	0.8628	0.0900
0.0993	1.0463	-1.3286	-0.1308	0.6527	-0.2682	0.3612	-0.7144	0.4081	1.7580	-0.3756	0.8291	-0.8696	-1.0088	1.0157	-0.9930	-0.3941	0.1860	-1.1155	0.6300	-0.7358	0.8259	0.2126	0.4111	1.0771	0.6419	-0.2226	0.6208	-0.2177	0.0057	-1.9516	1.3154	-0.4723	-0.4081	-0.3883	0.5044	0.4162	0.1719	0.7021	-0.4714	-0.1588	1.7154	-0.2859	0.6266	-0.2677	2.1028	0.1585	0.3130	2.1620
0.5207	-0.3694	0.0870	-0.4346	0.3448	-0.0243	0.2011	-0.5263	-0.2742	0.5667	-1.3331	0.3171	-0.4109	0.9862	-0.6268	-0.1208	1.0042	0.9031	-0.1644	0.5155	0.7940	0.8072	-1.0675	-0.6359	1.2780	0.2469	0.3335	0.6739	-0.7391	0.6751	-1.7448	-0.4114	-0.6179	-0.2257	0.2497	1.6092	0.2011	-0.0265	0.9226	-0.9551	-0.0139	1.3987	-0.7921	-0.6038	0.8870	0.4209	0.6023	-0.0874	1.1036
0.1909	-0.3060	0.3660	1.4214	-1.4088	1.7128	-0.8213	-0.9297	-0.4028	-0.8474	-0.5558	0.6604	1.5461	1.6597	-1.3560	2.1247	0.6043	0.1279	-0.0252	0.4663	0.7489	0.1012	-1.6554	0.5954	1.2031	-0.0918	-0.1988	-1.4558	-0.3824	0.8409	-1.3023	-0.4394	0.6551	0.4579	0.7551	1.3687	-0.0947	-0.6529	0.3821	-0.7385	-0.0878	-0.4200	0.4294	-0.7540	1.4111	0.0535	-0.3109	-0.7372	-0.4925
-0.1509	-0.3210	1.3194	1.5570	-1.0001	1.1145	-0.2528	4.4296	0.3696	0.9681	-0.8820	0.6107	1.8451	0.5471	1.2848	1.9147	0.0747	-0.4230	-0.2196	-0.8345	1.9888	-0.7063	-1.0310	0.5238	1.1646	-0.6609	-0.7317	-1.8965	0.5979	-0.5480	-0.3001	0.2318	0.1650	-1.4642	0.5146	0.1309	0.2054	1.3524	0.6329	0.2486	-1.3108	0.2992	-0.2438	-0.3055	0.2059	1.4294	-1.3166	-1.2637	0.1538
1.3634	-0.8840	0.0998	0.6009	-0.0437	-1.6003	1.8320	8.7858	0.2056	-0.4821	0.2234	-0.6081	1.8748	-1.0761	1.1371	0.4319	-0.1704	-0.7968	-0.5407	-0.9102	0.6441	0.5220	0.4310	-0.3344	0.6953	-1.7468	-0.0924	-1.4044	0.6554	-1.0212	-0.7914	-2.3184	-0.3913	-1.2210	-0.1261	-0.1773	1.9275	0.1653	0.4684	0.1566	0.1906	0.3461	-0.0491	0.8042	-0.2005	0.8533	0.3330	-1.1761	0.4093
1.6410	0.3086	-1.0876	-0.0846	-0.4314	-0.1849	-1.3598	2.3956	-0.4943	-0.7476	1.5708	-0.8278	0.5112	-1.6105	-0.9130	-0.4937	-1.4650	-0.8031	-1.9634	0.7639	-1.6280	0.5304	-0.4350	-1.9755	-0.5317	-0.2586	-1.0268	0.4217	-0.3924	0.5586	-1.2678	0.2035	0.4117	0.2249	-1.2403	-0.0147	1.4085	0.1102	0.1171	-0.1665	0.8691	-0.1013	1.8434	0.7340	-0.2294	2.3542	-0.6630	0.0014	0.8643