IC05	IC08	IC09	IC15	IC16	IC17	IC18	IC19	IC20	IC23	IC24	IC26	IC27	IC29	IC31	IC33	IC36	IC37	IC38	IC41	IC42	IC43	IC44	IC45	IC46	IC47	IC48	IC49	IC50	IC51	IC54	IC56	IC58	IC60	IC62	IC63	IC64	IC65	IC66	IC67	IC68	IC69	IC71	IC72	IC73	IC74	IC75	IC76	IC77
-0.7896	-1.4299	-0.4499	-0.9687	-1.3887	-1.3956	-1.0716	-0.7103	-0.6008	-0.2001	-0.3500	-1.6936	0.0400	-1.1738	-1.3048	-0.6781	-1.2421	-2.2280	-0.8921	-2.0315	-1.7866	-0.5474	-0.5599	0.1692	-1.5888	-1.2026	-1.2361	-2.4583	-1.3922	-1.1611	-2.4616	-0.7489	-0.2680	-2.4792	-0.4337	-1.9073	1.6981	-2.1433	-1.5538	-1.0722	-0.5956	-1.1810	-2.0408	-0.9180	-0.3851	-1.1856	0.8711	-0.1686	-0.4578
-1.3113	-1.5626	-1.5460	-1.0475	-1.1909	-1.0051	-1.4492	0.2091	-1.8094	-1.2960	0.2705	-1.1538	-0.6577	-1.0889	-2.7226	-0.5517	-1.0541	-2.0175	-1.2178	-1.0013	-1.0001	-1.0194	-1.7481	-1.3046	-1.5832	0.0743	-0.8888	-0.9905	-1.0725	-1.1366	-2.0392	-1.2530	-1.2492	-1.5470	-0.6566	-1.1665	1.0184	-0.5249	-2.1396	-1.6014	-1.4378	-1.2281	-1.6382	-0.7954	-1.0957	-0.4785	-1.2059	-1.5157	-0.7189
-0.4109	-0.1953	-1.1311	-1.2762	-0.3079	-0.9796	-0.5911	-0.1355	-1.1720	-0.8926	-0.1885	-1.6392	-0.8405	-0.6966	-2.1485	-0.5067	-0.5720	-1.2228	-0.9004	0.0336	0.0712	-1.0409	-1.4181	-1.3459	-1.0663	-0.0112	-1.3109	-0.4195	-0.5141	-1.0367	-2.0749	-1.1778	-0.9872	-1.2894	-0.9787	-1.0528	-0.4141	0.1331	-0.9525	-1.8426	-0.8518	-0.4303	-1.4826	-0.3563	-0.6493	0.2254	0.2501	-1.4313	0.1649
0.2328	0.7346	-1.2615	-1.5375	0.3241	-0.2156	0.0322	0.0604	0.2122	-0.0961	-0.4483	-0.6802	-0.2449	-0.9050	-0.1979	-0.9114	-0.8272	-0.2152	-0.4300	0.1440	0.4549	-1.0383	-0.5663	-0.2871	0.1046	-0.1741	-1.4123	-0.5066	1.1204	-0.4647	-0.8342	-0.2872	-0.6132	-1.3985	-0.9846	-0.9020	-0.5206	0.0362	0.6405	-0.1136	-0.6115	0.3728	-1.3083	-0.6985	-0.3269	-0.0358	0.4009	-0.1886	1.3754
0.0390	0.2456	-1.3053	-1.0120	0.8823	-0.4347	0.1607	-0.0572	0.8660	-0.6187	-1.3366	0.3459	-1.0816	-0.1873	-0.0807	-0.6019	-0.1760	0.1392	-0.3788	0.2319	-0.4153	-1.0542	-0.4574	-0.0896	0.7069	-0.0052	-0.8049	-0.3610	0.3158	-0.9967	-0.0163	-0.0887	0.2657	-0.8706	-0.7491	-0.0656	-0.8055	1.1174	0.6251	0.8669	0.8850	0.3759	-0.9322	-0.0349	0.0479	0.5908	0.8939	0.8499	0.8937
-0.0377	0.5040	-1.2319	-0.2263	0.6669	0.0519	0.4909	0.4014	0.6008	-0.2706	-1.2720	0.6088	-0.6024	0.6832	-0.2109	-0.8381	0.6339	0.2010	-0.6565	0.1810	-0.6982	-0.7277	-0.3855	-0.7924	1.0811	-0.3850	-0.1031	-0.4191	-0.0693	-0.2902	0.4106	0.0135	0.3042	0.2533	-0.6754	1.2434	-1.3147	1.5066	0.6820	0.9008	0.2056	-0.4951	-0.0952	0.4154	-0.0719	1.3089	1.1580	0.7803	0.7921
-0.7919	0.1972	-0.6017	-0.3475	0.4334	0.6702	0.6897	1.1952	0.2240	0.0776	-1.3260	0.5936	-0.4238	1.3350	-0.0101	-0.5449	1.3915	0.5419	-0.2440	-0.1013	-0.0291	-0.7159	-0.5568	-0.4431	1.7474	-0.3639	0.2618	-0.2979	0.3297	-0.2030	0.0079	-0.1137	0.4075	-0.2240	0.0333	1.3857	-1.2615	1.3998	1.7918	2.2007	-0.7237	-0.1648	-0.1111	0.6145	0.4741	1.1322	1.3887	0.5920	0.4118
-0.8396	-0.0646	0.2140	-0.5817	-0.0399	0.6463	0.3280	1.4659	-0.7179	-0.0742	-1.7947	-0.0648	-0.7734	0.3103	-0.1547	0.1124	1.0833	1.0592	0.3704	-0.3961	0.1257	0.2282	-0.4393	1.2693	1.6223	-0.5710	0.5595	-0.4267	-0.0233	0.0198	-0.4476	-0.3410	0.0237	-1.0070	0.3333	0.7517	-0.3591	0.0009	1.8019	1.4168	-0.4505	0.9528	-0.5504	-0.0106	0.4422	1.0107	2.0338	0.5301	-0.5011
-0.8332	0.3374	0.3257	-0.7985	-0.8197	-0.1984	-0.8463	1.1234	-0.6443	-0.7043	-1.1006	-1.1854	-0.6542	-0.4102	-0.0978	0.4777	-0.1026	0.2910	0.1672	-0.3927	0.0164	0.6148	-0.3266	1.6629	0.3959	-0.9361	0.1396	-0.5323	-1.0859	-0.0538	-0.5821	-0.7257	0.2292	-0.4775	-0.4247	-0.4776	0.9482	-2.5386	0.0936	-0.4983	1.1977	0.9745	-0.4350	-0.4939	0.5184	-0.1917	0.0835	0.2858	-1.2127
0.2243	0.6084	-0.3185	-0.3225	-0.5247	-1.2439	-0.8883	0.8747	-1.0573	-0.8559	-0.1402	-0.6506	-0.4810	-1.5389	-0.9839	-0.1929	-0.7910	-0.2117	-0.4448	0.0410	-0.0663	-0.0724	-0.2703	0.0476	-0.7411	-0.2687	-0.6096	-0.4438	-0.4243	-0.1141	-0.5096	-1.3388	-1.0508	0.3065	-0.5721	-0.8203	0.1758	-1.0481	-1.0440	-2.3206	-0.0416	0.6207	-0.7586	-1.1008	0.9212	-0.6493	-1.3440	-0.7116	-0.3717
-0.1843	0.5558	-0.6215	-0.3297	-0.4767	-0.1659	-1.0548	-0.6110	-0.4404	0.5616	-0.1287	0.0187	-0.0713	-0.2523	-0.9078	-0.0545	-0.2012	0.0337	-0.3060	0.4050	-0.4029	-0.3895	0.0569	-0.5278	-0.7127	-0.1153	-0.5998	0.1159	-0.2212	-0.3844	0.0038	-0.5802	-0.6051	0.2519	-0.7129	-0.1720	-0.4301	-0.2531	-0.7337	-1.4831	0.3287	-0.0312	-0.2792	0.1027	0.8399	-0.1959	-0.2103	-0.4577	0.5113
0.1364	0.1636	-0.6943	0.2340	0.5759	0.6859	-0.4871	-0.7943	0.9038	0.4740	0.0531	2.3655	-0.1293	0.6708	0.1091	0.4922	-0.1641	0.6389	0.1785	0.8793	-0.2079	0.0023	1.1123	0.0841	-0.4761	0.7067	1.2566	0.4422	-0.1018	-0.4154	1.5303	0.7471	0.0856	1.2519	-0.5581	0.6290	-1.2506	-1.0466	-1.1920	0.8108	-0.5617	-1.2922	0.8434	0.4953	0.6291	0.0866	-0.0204	-0.4946	0.3814
0.3449	-0.1968	0.0154	0.3157	0.6696	0.6903	-0.2406	-0.7226	0.9252	0.8849	-0.1227	2.4653	0.3962	0.9595	0.9018	0.1018	-0.0319	1.0814	0.6568	0.9026	0.5982	0.5725	0.9472	-0.2366	-0.1734	0.6007	1.8824	0.2574	1.0620	0.3891	1.9688	1.3860	0.6094	0.6439	-0.0296	0.8571	-1.4891	-0.6844	0.1841	1.5236	-1.0990	0.3455	0.8711	0.5213	0.2212	-0.7304	-0.9138	0.2949	0.3317
-0.1023	0.5704	0.2830	0.6290	0.2383	1.2489	1.8273	0.6671	1.6901	1.9797	-1.2033	0.3829	0.8492	1.2358	0.4147	0.4912	0.6160	1.0100	0.5301	1.4014	0.6613	0.8381	0.0039	1.0371	-0.4240	-0.5399	1.6105	0.7352	0.6722	0.9262	0.4393	0.1041	0.4218	0.7413	0.4212	0.8848	-1.6465	-0.2592	1.3094	0.6797	0.4700	0.3553	2.4878	1.5624	0.1863	-0.4747	0.6485	0.5074	0.5138
-0.5331	0.3894	1.3419	0.8545	0.5926	1.3036	1.3115	1.5464	0.7865	0.0370	-0.3307	-0.8789	1.3161	0.9349	0.7837	-0.0525	0.7379	1.3823	0.5945	0.5190	1.6544	1.5962	0.4280	0.7901	1.2728	-0.4869	1.9820	1.5655	0.9146	1.3782	-0.4463	0.2708	1.2970	0.4171	0.8064	1.6527	-0.8893	-0.6542	1.7046	-0.1764	0.3164	1.1363	0.9934	1.8195	-0.3116	-0.7928	0.1435	0.6900	-0.7244
-0.0106	0.4357	1.7939	1.2807	1.2869	0.2001	0.8075	0.0928	0.6988	0.5438	0.2542	0.5493	0.6369	1.0386	1.7271	-0.0266	0.0691	1.4082	0.7486	0.0798	1.1199	1.5939	1.6087	1.3578	0.6985	0.6416	1.9842	0.9809	0.1298	1.1142	0.2852	1.9570	1.6667	0.6443	0.5546	1.1885	0.3906	-0.9475	0.6630	0.3181	1.0139	0.8019	0.4160	1.7532	-0.3173	0.7276	1.2424	2.3716	-0.1605
-0.0518	0.2276	1.2510	1.5401	-0.1891	0.8978	0.9117	0.1872	-0.4901	0.1789	1.1489	-0.3470	0.6873	1.0674	0.5690	0.5594	-0.0322	0.4715	0.6593	0.3057	1.5958	1.1356	0.5635	0.7422	-0.5184	0.1793	1.2672	1.1360	0.2055	1.4116	0.2318	0.1522	1.2218	0.0443	0.6668	0.1835	1.7655	-1.0655	0.6537	0.1176	-0.5750	1.8344	0.1124	-0.2657	-0.6460	-0.4984	-0.4516	1.7524	-0.2385
0.2752	-1.3287	0.1189	0.6342	-0.4804	-0.5721	1.1692	0.3603	-0.1361	-0.0126	0.8201	-0.4711	0.6902	0.1709	-0.2781	-0.2740	0.0865	-0.3812	0.7137	0.2742	0.6935	0.7457	0.1906	0.2321	-0.5799	0.1899	1.0297	0.8892	0.4275	-0.4196	-0.4416	-0.3794	0.1156	-0.3303	0.3355	-0.6556	0.4669	0.5751	-0.6983	-0.9755	-1.0003	1.4960	0.2434	0.8677	-0.9442	-0.7417	-1.0511	0.6041	-0.8162
0.5943	-0.9364	0.3962	-0.0061	-0.4321	-0.4490	0.6490	0.8610	0.3813	0.0977	0.6704	0.4744	1.2191	0.5572	-0.0327	0.1519	0.0059	-0.2311	1.7518	0.3923	0.9389	0.8648	-0.0106	0.4919	-0.0347	0.6855	1.2510	0.9023	1.2489	-0.4340	0.2629	0.1778	-0.1032	-0.0151	0.8200	-0.4391	-0.3179	0.3811	-0.4792	-0.4051	-0.6790	0.5814	0.6619	1.1666	-1.1533	0.1465	0.8002	0.8031	-0.6781
0.4305	-1.0627	0.3195	0.3174	-0.4146	-0.0625	-0.4193	-0.0137	0.7379	-0.1198	1.1904	0.8161	0.8089	1.2624	-0.1277	0.6391	0.1995	0.0034	2.2766	0.1798	2.0512	0.7804	-0.4380	0.6455	-0.3069	0.6117	1.1942	0.8703	3.0748	0.7373	1.8955	-0.3895	-0.5628	0.4536	0.5959	-0.1557	0.1134	-0.4255	-0.6090	0.1217	-1.2239	1.1375	0.2502	0.8765	-1.2283	-0.4519	-0.7249	0.5879	-1.1505
0.1296	-0.6171	0.2765	0.2826	-0.6608	-0.5012	0.0204	-0.3972	0.9703	-0.1462	1.3383	0.3080	0.0303	0.6567	-0.0956	0.7961	0.2494	0.3111	1.5003	0.4175	1.8122	0.4680	-0.8715	0.2591	0.2442	0.4008	0.6652	0.6777	2.7599	0.2347	1.3993	-0.9397	-0.4743	0.3868	0.8386	-0.1670	-0.1258	-0.4724	-0.6860	-0.2910	-0.3968	1.4241	0.5064	-0.2897	-0.6204	-0.4974	-1.5924	-0.3403	-1.2792
-0.1131	0.5927	-0.5458	0.9817	-0.3699	-0.4575	-0.2028	-0.9045	0.5933	-0.3718	1.4698	0.4328	-0.3037	-0.1638	0.1089	0.5389	-0.6917	0.2402	0.6844	0.6663	0.5756	0.4434	0.1825	-0.0759	0.1323	0.6036	0.2641	-0.1021	0.4508	-0.7259	0.2717	-0.3209	-0.4352	0.8228	0.9157	-0.7041	0.1002	0.1101	-1.4096	-0.1415	0.5521	-0.1397	0.9841	-0.3707	-0.1493	0.6843	-0.7159	-0.5691	-0.1432
-0.0549	0.0135	-1.0438	0.3701	-0.7312	-0.2067	0.4663	-1.5723	0.4439	0.6551	1.3154	0.6106	-0.0518	0.5563	0.1557	0.3145	-0.3556	-0.0476	-0.2621	0.0748	0.6403	-0.1157	0.7189	-0.6800	-0.1917	-0.0258	0.1961	-0.5593	-0.1730	-0.0977	0.4090	0.1960	-0.6314	0.5117	0.4002	-0.8087	0.2775	0.0963	-0.2431	0.3709	0.1318	-0.0945	0.5106	-0.5191	-0.2363	0.1147	-1.0472	0.0585	-0.5043
1.0901	-0.8311	-0.3340	0.6124	0.1226	-0.3457	1.2152	-1.0171	-0.1055	0.4374	0.8857	0.5222	-0.3445	0.0666	0.3555	-0.2401	-0.0914	-0.7928	-0.1133	-0.4426	-0.7545	-0.8412	0.8429	-0.1846	-0.0944	0.1989	-0.5057	-0.5692	-1.2292	0.2045	0.5676	0.6402	-0.8378	0.7403	-0.0102	-0.7934	0.7099	1.1669	-0.0074	-0.0549	-0.0996	-0.7523	-0.0661	-1.1319	-0.3832	0.6967	-0.4149	0.3017	-0.7573
0.4610	-0.7785	0.6097	0.2657	-0.3081	-1.2494	0.1967	-0.5826	-0.0161	-0.5874	0.5349	-0.7290	-0.3133	-0.9836	0.6337	-0.7213	0.4519	-0.7414	-0.0165	-0.5354	-1.8925	-1.4606	0.5100	-1.9522	0.0920	-0.5662	-1.7442	-0.2546	-0.6872	-0.2265	0.5371	0.6630	-0.5273	0.9135	-0.1560	-0.2402	0.1556	1.2665	0.0430	0.6327	-0.1442	-1.5549	0.3448	-1.1941	-0.9187	0.3060	0.7886	-0.8379	-0.6544
-0.0458	-0.4503	1.1223	0.2625	0.3907	-0.6805	-0.4066	-0.6583	0.5737	-1.4472	0.8402	-0.0754	0.1898	-1.5050	1.4369	-0.1589	-0.0353	-0.2389	-0.6819	-0.3848	-1.7386	-1.3012	1.1088	-1.7562	-0.0299	0.0326	-2.2382	0.0826	-0.0087	0.1134	0.8815	0.3410	-0.6198	1.1491	0.4591	-0.2813	-0.4972	1.1395	-0.1733	0.9316	0.0393	-1.2158	0.6475	0.6532	-0.9290	0.0248	0.4550	-1.4886	-0.6109
0.1071	0.2268	1.3839	0.7827	1.2135	1.3642	0.3357	-0.8085	0.8822	0.6214	0.4166	0.7065	1.2929	-0.3874	1.7797	1.4250	-0.0587	0.4412	-0.7937	-0.0815	-0.8977	-0.3456	1.5589	0.5672	0.4032	0.8038	-0.7648	0.6162	-0.0287	0.7884	0.8577	0.3144	-0.3808	1.0838	1.0437	0.7287	-0.4026	1.6475	0.0005	0.6295	1.0303	-0.8346	1.0027	0.2072	-0.0821	0.1664	-0.3641	-0.8811	0.6093
0.2634	0.4540	1.2827	0.9920	2.2403	1.3528	0.3898	-0.8735	1.0544	1.5248	0.6014	0.6935	1.3334	-0.2225	1.9949	0.5711	0.2724	1.1423	0.0115	-0.0158	-0.6336	0.1181	2.1647	1.1399	0.6144	1.4331	-0.2517	0.8646	0.2576	1.1125	1.7395	1.3343	0.3749	1.6857	1.0428	0.9291	0.3386	1.3578	0.8118	0.5832	1.9472	-0.3860	1.4181	-0.2818	0.2653	0.5679	-0.4321	0.1723	1.0100
0.4189	0.2238	0.9894	0.2871	2.0220	0.8269	0.5794	-0.1239	-0.2665	1.0337	0.6929	0.3068	0.2369	-0.4339	0.9911	0.1191	0.5844	0.9114	0.5022	-0.0422	-1.2627	0.6194	1.7392	0.6674	0.7191	1.2805	-0.3787	0.4701	-0.7227	0.6784	1.1726	1.2045	0.7895	1.8571	0.6905	0.6180	1.3214	0.6028	0.3283	-0.0193	1.2610	-0.7236	1.1383	-2.0107	0.7516	0.9562	0.5092	0.4932	1.0461
-0.3465	-0.0445	1.0054	-0.0187	-0.0304	1.5327	-0.1528	-0.1727	-1.0400	-0.4509	2.0558	-0.3788	0.1780	-1.0972	0.2293	0.8067	0.8119	0.4178	0.2524	0.0281	-0.2972	0.3725	0.8511	-0.5953	0.5357	0.2330	-0.7638	1.1368	-2.0837	0.4306	0.0444	0.2046	0.5159	1.7330	0.4769	0.8648	1.8764	0.5536	0.0288	-0.7010	1.7370	-1.0392	0.8593	-1.6298	1.2870	0.3816	-0.6448	-1.4005	0.1530
0.4789	0.5105	0.8882	0.2519	-0.0675	0.9953	0.7887	-1.1423	0.0223	-0.7772	1.1126	1.0249	0.5381	-1.3052	0.9172	-0.2812	0.3143	0.3661	-0.5335	0.7454	-0.8696	0.5343	1.4180	-0.9548	0.4694	-0.5127	-0.8176	0.5689	-1.5835	0.2745	0.7814	1.5143	0.6649	1.4485	0.3360	1.5767	0.0875	-0.8055	-0.1704	-0.3896	0.2310	-0.2355	-0.1652	-0.0599	1.4565	0.4302	-0.7940	-2.4499	0.4450
0.4792	0.5260	1.5430	-0.1030	0.6462	0.9844	-0.0633	-1.1293	0.4802	-0.3499	0.4203	-0.2205	0.6111	0.4141	1.2993	-0.1156	1.1317	0.5273	0.0852	1.3078	-0.8510	1.1080	0.7837	-0.5387	1.3781	0.3404	-0.6399	1.1959	-1.8556	0.4519	0.3431	1.5696	1.3986	1.2133	0.8458	2.0645	-0.4052	-0.1392	0.7455	0.8263	0.1083	0.4964	0.2959	0.1032	0.9132	0.0662	-0.6295	-0.9919	0.5390
1.9528	1.0116	1.8775	0.6302	1.6359	1.7228	0.0459	-1.2248	0.5998	0.7580	0.2219	0.0315	0.5097	2.1293	1.8032	1.6204	1.3585	1.3833	1.2371	1.6252	0.2990	1.9788	1.0832	1.2015	2.1148	1.4479	0.9526	1.4361	-0.1626	0.9798	1.0420	1.5449	1.4153	1.4816	1.2421	2.4526	-0.4522	1.1823	1.3512	0.9983	1.2577	0.5607	0.8865	0.0092	1.1350	0.7619	-0.4050	0.4314	1.5852
1.8017	0.7628	0.7882	1.0337	1.9835	2.0353	-0.0050	-1.0002	2.1098	0.9852	0.8742	1.7151	1.2476	1.1561	2.2860	1.9940	0.6074	1.4133	0.5455	0.8880	0.4526	1.5837	1.6445	1.2506	1.0589	0.8770	1.2008	0.9264	-0.0051	1.0111	1.9135	2.2300	0.4257	1.9902	0.5016	1.7196	-0.1044	1.2773	0.6389	1.7029	2.1887	-1.6034	1.3998	0.0370	2.1154	0.7416	-1.5346	0.1517	0.4648
0.8127	-0.5533	1.6922	1.1925	1.1800	1.3081	0.8123	-0.4448	0.6878	1.1296	0.8675	0.1467	1.0542	0.6396	1.5169	0.4607	1.9889	1.0762	0.2600	-0.2142	-0.6157	1.1639	0.3515	0.7531	1.3206	-0.8829	-0.3256	0.4990	-0.5132	1.1148	1.4845	0.5516	0.5473	1.3401	0.3002	1.6197	0.7785	2.5489	0.9146	0.4484	1.5476	-1.4892	0.8006	-1.5592	1.5143	-0.5799	-2.1669	-0.0975	-0.3504
0.7060	-0.3072	2.1463	2.3959	-0.0397	1.0468	0.7970	0.2210	-0.2751	1.2255	0.2799	-1.0285	1.2329	0.3098	1.1480	0.5889	1.6660	0.8987	0.2984	-0.4235	-0.2794	1.3013	0.4612	0.2299	1.0511	-1.0121	0.2157	0.5049	-0.8263	2.1609	0.8089	0.6929	1.1661	0.5827	0.8967	1.2722	1.1685	0.8464	2.2697	-0.8140	-0.1743	0.5536	-0.6644	-1.6644	1.5262	-0.2269	0.4505	0.8308	0.3417
0.2951	1.0874	1.6242	1.2376	-0.8757	0.0839	-1.7432	-0.4569	-0.3879	0.2365	1.4156	-0.7831	0.1467	0.0930	0.5165	0.4368	0.7219	0.6824	0.3517	0.6814	1.2806	1.4885	-0.1888	-0.3427	0.3208	0.7543	0.5454	1.0564	0.5220	2.4072	0.1516	0.0653	1.0012	-0.0716	0.9225	0.7649	2.0594	0.6685	2.0276	-0.7993	0.3583	1.5915	0.4920	-1.0159	0.9626	0.4140	0.4946	1.0875	0.8886
-0.5637	1.1241	1.2586	1.8398	0.9955	0.6872	-2.9046	-0.9007	0.9430	1.2681	1.9182	1.5045	0.6552	-0.6284	0.9124	0.4628	-0.0005	0.2864	0.3170	1.7176	0.8096	0.9905	1.2936	0.4546	-0.4960	1.8056	0.3386	1.4694	-0.6690	1.9598	0.1078	0.9062	0.5348	0.4562	-0.1719	-0.7697	1.0187	2.1221	-1.0742	0.1211	2.3029	0.8751	1.4256	1.9452	0.1336	1.1219	-1.4032	1.2750	-0.0045
-0.2722	0.8844	0.6802	2.2556	0.3830	-0.1562	-1.9732	2.1347	-0.4703	2.0879	2.7067	0.6005	0.2173	-0.2777	0.8287	0.7563	-0.8536	-0.5203	1.8080	0.8871	1.1336	0.8474	0.6986	0.5838	-0.3090	3.0489	0.9157	0.9589	0.2063	1.4168	0.7119	0.9878	1.3574	0.9663	-0.2833	-1.2848	3.4895	1.3140	0.0828	-0.5933	1.7740	0.4135	0.8622	1.6132	0.3123	0.4717	-1.0739	1.6829	0.2547
-0.4701	0.7515	-0.7630	0.2787	-1.0934	-0.7397	0.7037	1.5691	0.4666	1.2546	0.8228	-0.4795	-0.9095	-0.6663	0.0282	0.8884	-1.8681	-1.0623	0.0645	0.4299	0.6041	0.0945	-0.1058	0.2436	-1.3516	2.0956	0.3692	1.0638	-1.3965	-1.2296	-1.3194	0.8364	0.7945	0.0927	0.0075	-0.7017	1.6981	0.7131	0.0393	-0.4662	0.4750	-0.8585	1.2836	0.8993	1.7538	-0.5307	1.1047	-0.4462	1.4227
0.5362	-0.0253	0.3832	-0.1693	-0.5704	0.7401	2.1813	1.2711	0.8710	0.7716	-1.5126	-0.2709	0.0071	0.8661	0.4172	2.1976	-0.9116	-0.1910	0.2261	0.5756	0.7881	-0.0528	0.1608	0.6470	-0.8546	0.2831	0.4892	0.9857	-0.8487	-0.8213	-1.7646	0.1716	1.2928	-0.4668	0.0162	0.4607	-1.2448	-1.3389	-0.6567	0.0383	-1.9138	-0.1377	0.4228	0.5149	1.2091	-0.6618	1.1211	-1.2247	0.7165
0.4209	-0.1098	1.4669	-0.2992	-0.0091	0.3779	0.5923	1.1492	1.2165	0.6939	-0.6851	0.9580	0.4071	2.3721	1.2194	2.4565	0.2188	0.5417	1.9215	0.0118	1.0682	0.4000	0.1580	1.6553	-0.5180	0.5794	0.9447	0.1576	1.9287	-0.3533	-0.2032	0.1156	1.0782	-0.3060	0.3386	0.0403	-1.3148	-1.1623	-0.0997	1.6328	-0.1473	0.3183	0.2699	1.5468	0.2742	0.4047	0.5760	0.7137	-0.1721
1.2212	0.5544	0.4982	-1.8297	-1.2244	-1.2096	0.4082	0.7279	-0.3782	1.7873	0.1563	0.7840	-0.1095	1.8765	-0.3859	1.8816	-0.6607	-0.1562	1.2647	-1.3053	1.0728	-0.0558	-1.2558	1.3299	-1.1641	0.5742	0.5352	-1.0905	2.2266	-0.6739	0.5339	-1.3553	-1.5521	-0.6924	-0.0418	-1.2768	1.3612	-0.5257	-1.1585	0.3196	0.2603	0.0662	0.2286	-0.1263	0.1031	0.2996	0.3525	0.9161	0.7649
0.7784	0.2084	-0.9821	-2.1523	-2.8788	-1.9471	-0.2398	0.2175	-2.5227	0.7023	0.0685	-0.4699	-0.8743	0.0168	-2.1350	-0.4380	-1.5438	-1.8316	-0.5261	-2.3343	0.8834	-0.9793	-2.5577	-0.4449	-1.8847	-0.9710	-0.7787	-2.3459	1.2009	-1.3171	-0.0424	-2.4042	-1.8868	-2.4167	-1.4991	-2.6226	2.2424	-0.8752	-1.3488	-0.6178	-0.0298	-0.7915	-0.6520	-1.1828	-0.8927	-1.3784	-0.8681	0.0855	0.5838
-0.1177	-0.5939	-1.9235	-2.0421	-2.4639	-3.3077	-0.6532	0.3981	-2.9281	-1.2585	-0.8482	-1.4317	-2.5349	-2.0865	-2.6609	-2.3015	-1.5770	-3.3704	-2.2460	-1.9811	-1.6786	-2.0749	-1.6961	-1.9671	-2.6766	-1.5320	-2.4773	-2.7089	-1.1531	-2.7429	-1.3073	-1.5422	-2.4104	-2.4487	-1.9338	-3.5056	1.3400	-1.5293	-1.5035	-1.5935	-0.2056	-1.8133	-1.5155	-1.4462	-2.3183	-1.7770	-0.5873	-0.7762	-0.4358
-0.7538	-0.8338	-2.3060	-2.0340	-2.2853	-2.9343	-1.0267	0.4651	-2.8177	-2.5548	-1.2240	-1.5632	-2.8417	-2.2336	-2.3947	-2.8852	-1.3068	-2.8820	-2.4203	-2.0585	-2.8234	-2.4119	-1.4937	-2.5851	-2.8922	-1.6114	-2.6950	-2.8609	-1.4461	-2.6451	-1.9615	-1.3048	-2.2117	-2.8643	-2.2723	-3.4055	0.4938	-1.3252	-1.7986	-1.5638	-1.2179	-1.7806	-1.7939	-0.9046	-2.7253	-1.3079	-0.1290	-1.4557	-0.9740
-1.7750	-1.8110	-2.5885	-2.0664	-1.7225	-1.5543	-1.4706	0.1722	-2.1230	-3.1956	-2.1247	-1.9048	-1.8512	-1.8774	-2.1076	-2.7179	-0.8115	-2.2755	-2.5709	-1.7656	-2.6446	-2.5124	-1.5713	-1.7680	-2.1256	-1.9452	-2.7753	-2.4234	-1.4212	-3.1691	-2.0982	-1.2338	-2.1185	-2.7824	-1.0572	-2.5301	-0.5643	-0.9095	-2.7041	-0.4315	-1.7286	-1.7983	-2.0585	-0.7353	-2.9843	-1.8190	0.5138	-1.6864	-1.1068
-1.1010	-1.5671	-2.4739	-1.7067	-0.9277	-0.6816	-0.8598	0.2538	-1.4827	-2.7954	-2.1919	-1.1716	-1.0622	-0.9246	-1.6753	-2.0267	-0.8538	-1.3535	-2.3780	-1.4649	-1.9425	-2.7920	-1.4324	-1.8884	-1.4202	-1.3643	-2.5638	-2.2447	-0.4868	-2.8670	-1.6916	-1.1428	-1.4459	-2.2224	-0.3721	-2.4144	-0.9016	-0.5729	-2.1261	-0.2832	-1.1961	-1.4396	-2.3826	-0.7319	-2.9563	-0.9061	0.8945	-1.7801	0.2274
-0.3770	-1.2216	-2.1793	-0.9820	-0.6268	-0.4647	-0.7734	0.0084	-0.9700	-2.0083	-2.7817	-0.8332	-0.5796	0.2235	-1.4801	-1.5599	-0.6843	-0.6919	-1.7486	-1.0436	-0.2637	-2.4303	-2.1597	-1.3389	-0.9616	-0.8159	-2.2453	-2.4324	1.3717	-1.4963	-1.8021	-1.2127	-0.5498	-1.7231	0.3219	-1.6494	-0.8793	-1.0163	-0.6633	-0.4382	-1.2345	0.0096	-2.6497	-0.5805	-1.8176	-0.2053	0.9655	-1.6887	0.3467
-0.2242	-1.7597	-1.8913	-0.5998	-0.5493	-1.5160	-1.2701	-0.3136	-1.2307	-1.6860	-2.4889	-1.4824	-1.1796	0.7848	-2.1563	-1.6712	0.0760	-0.2608	-0.6467	-1.1396	0.0948	-2.0616	-2.8808	-0.8934	-0.9872	-1.2169	-2.0244	-2.2274	0.9811	-1.9264	-1.6576	-1.8472	-0.9158	-0.8724	0.1666	-0.7759	-1.1789	-1.2119	-1.7675	-0.0933	-1.0340	-0.7322	-1.5476	-0.5866	-1.1894	-0.6214	0.0265	-2.0872	-0.1448
-0.3684	-1.1867	-1.1670	-0.2837	-0.2323	-0.7969	-0.6321	-0.6850	-1.2920	-2.2618	-1.9097	-1.0028	-1.1451	-0.1942	-2.2512	-1.1724	0.4838	-0.2562	-0.2647	-0.7561	0.6221	-1.1943	-2.7299	-1.3938	-0.1371	-1.9250	-1.2256	-1.2732	0.3274	-1.2887	-2.1138	-1.8618	-0.5733	-0.8242	-0.1546	-0.8160	-2.2409	-0.9570	-1.0960	-0.4404	-0.8058	0.1423	-1.0959	-0.7147	-1.1114	-0.8695	0.2299	-1.3144	0.6124
-0.2387	0.1210	-1.3074	-0.5557	0.3551	-0.4388	-0.2530	-0.2744	-1.5952	-1.6225	-1.6471	-0.7903	-1.2026	-0.9151	-2.0331	-1.2961	-0.1015	-0.6315	-1.0130	-0.7775	0.2780	-0.6872	-2.3891	-0.9975	0.0993	-1.8272	-0.3713	-0.9875	0.4987	-0.3410	-1.6820	-1.3719	-0.3972	-0.7556	-0.5758	-1.2804	-1.9401	-1.0844	0.5822	-0.9846	-0.1228	1.5039	-1.3948	0.0026	-0.3972	-0.1950	0.6931	-0.1474	0.3999
0.5026	1.4096	-2.1235	-1.3043	0.1100	-0.7313	0.3345	-0.1930	-1.4518	-0.8766	-1.4877	-0.1730	-1.3287	-0.8707	-1.3749	-1.3115	-0.9146	-1.0501	-1.7548	-0.8896	-0.6779	-0.6805	-2.1770	-0.1831	-0.0510	-1.6445	0.3563	-1.4609	0.2212	-0.7794	-1.3748	-1.5367	-0.5736	-0.8170	-0.8662	-0.1662	-1.6176	-0.5240	0.8680	-0.4488	-0.4378	0.2060	-1.4182	-0.3238	1.5787	0.3116	0.6127	-0.0603	-0.7588
0.2134	2.3781	-1.9980	-1.5431	-0.7259	0.0991	0.2963	-0.1707	-0.3910	-0.0549	-1.0477	0.3337	-0.4993	-1.7175	-0.4835	-0.8983	-0.6505	-1.4666	-2.0423	-0.9810	-1.7154	-1.1865	-1.5215	-0.2798	0.4701	-1.6777	0.0670	-1.2722	-0.5324	0.4657	-1.5201	-0.9236	-0.9142	-0.9908	-0.5702	0.1726	-1.1923	-0.0985	1.4831	0.6514	-0.8016	-0.4863	-1.0120	0.5361	1.1849	0.8155	0.0687	0.7799	-1.6011
-0.3577	1.9879	-1.4033	-0.7090	-1.2174	0.6244	-1.1865	0.1475	0.2267	-0.4888	-0.8280	0.4680	-0.1894	-1.8599	-0.2749	-0.9582	0.4100	-0.5475	-2.2081	-1.2095	-0.7864	-1.3873	-1.5373	-0.6118	0.5818	-2.2836	0.4847	-0.5648	-1.4570	1.6220	-0.5703	-0.9951	-0.8036	-1.5029	-0.6824	0.3867	-1.0472	0.4564	1.4500	1.2443	0.3074	-0.3137	0.1336	1.2967	1.7350	-0.2802	-0.9028	0.8903	-2.4601
-1.1003	2.2767	-0.1300	-0.7577	-1.0189	0.3113	-1.0808	-0.4012	-0.2146	-1.0904	-1.5723	-0.1341	-0.2343	-0.3855	0.2113	-1.2275	1.9650	0.3641	-1.8071	-1.1677	-0.3769	-0.6837	-1.2078	-0.6809	1.2539	-1.8792	1.0999	-0.8139	-0.7976	1.5948	-0.3891	-0.8530	1.0440	-2.3151	0.3714	1.4603	-1.2150	0.7618	2.7218	1.4945	0.5133	1.1481	-0.8076	2.3547	1.4401	-0.1671	1.1647	1.3725	-1.6626
-1.0080	2.1125	-0.4126	-1.0530	0.1212	0.6859	-0.2075	-1.0062	0.0318	0.2881	-1.1326	-0.0189	0.5034	0.5783	0.1037	-1.3031	2.4417	0.5833	-1.4452	-0.0608	-1.0703	-0.2515	-0.5931	-0.2663	0.7865	-0.7535	1.0177	-0.4835	-1.1287	1.8432	-0.6811	-0.3025	0.0918	-0.5185	0.1874	1.9925	-1.4438	-0.4855	2.7101	1.7621	-0.3773	-0.1745	-0.4368	1.9682	1.9991	1.6508	2.3555	1.6612	0.1835
-0.0770	1.3461	-0.6281	-0.5073	1.3374	0.3209	0.4497	0.1915	0.5063	0.2007	-0.1160	1.7309	-0.1284	-0.3962	0.2536	-0.8628	1.1319	0.9068	-0.3366	1.0670	0.4905	0.2251	0.2438	2.0626	1.2896	0.6254	1.3293	0.0909	0.1679	1.0832	-0.5022	0.2806	-0.2728	0.3762	-0.6356	0.8407	-1.0751	-0.9102	2.1494	1.3324	-0.8609	0.9767	0.4656	2.9764	2.0995	2.4231	1.5999	1.5267	0.7489
-0.4987	1.2769	0.1380	0.2910	2.5192	0.9144	0.1635	0.3532	1.2884	0.6815	0.4379	0.6281	0.1949	0.0759	0.1798	0.3160	0.5393	1.0776	0.1739	1.4415	0.6947	0.4624	1.5022	1.4651	1.8234	1.1163	0.6385	1.0700	0.1797	0.8790	0.0531	1.0289	0.4411	0.8092	-0.4348	0.4904	-0.7165	0.9970	1.8934	1.0990	0.2551	0.4794	1.3139	1.7889	0.8826	1.4506	2.4439	1.3100	1.1021
-0.3947	0.2900	0.6303	0.8087	1.7572	1.4083	1.8081	-0.6679	1.1339	0.5411	0.2168	1.0199	0.2519	0.7968	0.5694	1.3072	-0.0503	0.9225	0.8654	0.1650	0.0569	1.7644	1.5014	1.6566	1.5384	0.6448	1.4681	0.7607	-0.5480	0.9423	0.1303	1.1458	0.9821	0.4321	0.1865	0.2637	-0.0614	0.2866	1.3035	-0.0135	0.3742	0.4278	0.7447	1.3783	-0.1705	0.8693	1.7412	1.7084	0.6748
-0.9073	-0.3235	0.6727	0.1234	-0.3138	0.2827	1.7765	0.2009	-0.6815	0.7159	0.3586	-0.4696	0.0604	-0.2530	-0.6684	1.2599	-0.0640	0.8785	0.3708	0.0327	0.6038	1.5061	0.0985	1.0626	1.0876	0.3227	1.3344	1.4395	-0.7226	0.2510	-0.4502	-0.0863	1.0342	-0.3084	-0.0235	-0.0005	1.0316	0.2023	1.0665	-1.1482	0.3836	2.3608	0.6015	0.0504	0.3602	-0.5719	-0.6005	0.9110	0.6417
-1.0751	0.0610	0.7289	-1.0064	-0.5069	-0.4261	0.3736	-0.6778	-1.0189	0.7170	0.3523	-0.9190	-0.6368	-0.3146	-1.5167	0.5063	0.3957	0.4912	-0.3054	0.3293	-0.2580	0.7680	-0.4482	-0.1300	0.1663	-0.2552	1.2996	1.2616	-1.4016	-0.8207	-0.2819	-0.4118	0.5639	-0.6289	-0.6284	0.8878	0.1519	1.0018	-0.0982	-0.8942	0.3749	1.2240	0.2566	-0.9536	1.9731	-1.6563	-1.6271	-0.1830	-0.7275
-0.4480	0.3192	0.3790	0.1843	-0.3343	0.2840	1.1734	-0.2763	-0.2051	0.1118	-0.3257	-0.2720	-0.4575	0.3572	-0.7200	0.7672	0.1613	0.6294	-0.4571	1.0796	-0.1019	0.7790	-0.1784	0.2427	0.5444	-0.3574	1.7234	0.4101	-0.3326	-0.8873	-0.0329	0.1541	1.4136	-0.2009	0.3270	0.9887	-0.8408	0.9855	-0.8938	-1.7424	0.5582	0.1835	0.5698	0.1554	0.2966	-0.5655	-0.5829	0.1292	0.0351
0.1655	-0.3495	-0.4198	1.2938	-0.4377	0.0578	0.5201	0.7193	-0.5049	1.1533	0.4123	0.2263	0.1835	0.2674	-0.5008	0.9681	-0.3819	-0.0661	-0.8034	0.7656	0.6019	0.5936	0.1550	0.9291	0.2973	-0.1577	0.8830	-0.2224	0.6163	-0.1521	0.0108	0.1479	-0.1981	0.3831	0.2034	0.3682	0.4868	-0.6063	-1.1712	-2.1993	-0.4118	0.1602	0.7417	-0.6130	-0.5585	0.5455	-1.0655	-0.1109	0.5555
0.4423	-0.7670	-0.1082	0.6429	-0.3753	-0.7632	0.6281	0.4003	0.2526	0.8158	0.2272	1.0186	0.0524	0.0792	-0.3647	0.2275	-0.5200	-0.6012	-0.1866	0.9638	0.5887	0.1820	1.3380	0.6790	-0.2660	0.4244	0.1893	0.0515	0.6969	-0.2928	0.1197	0.2112	-0.7794	-0.0917	-0.2020	-0.5223	-0.1993	-1.1735	-0.5345	-0.8596	-1.7779	0.6891	-0.4236	-0.9757	-0.6148	0.0264	-0.1990	-0.1042	0.6214
0.3396	-1.4554	-0.3316	0.5712	0.0156	-0.5669	-0.9865	0.0971	1.2382	0.1604	-0.4316	0.2244	0.4708	-0.0796	-0.0604	0.2402	-1.0349	-0.3609	1.0020	0.5699	1.0253	-0.1108	0.4189	0.7677	-0.7895	0.1762	0.1859	-0.0860	1.4688	-0.1725	1.3275	-0.2145	-1.0422	-0.1886	-0.1533	-0.8398	-0.2773	0.5192	-1.8776	-0.7471	-1.4200	0.0435	-0.9190	-1.2196	-0.9705	-1.1849	-1.0553	-0.4182	-0.2097
0.4405	-1.0021	-0.6083	0.9323	0.5474	-0.8563	-1.1470	0.7740	1.3328	-0.0634	-0.4487	0.2313	0.8003	0.1746	0.1201	-0.1122	-1.7205	-0.3508	1.0307	-0.0698	1.1209	-0.4254	-0.0323	-0.1118	-0.3860	0.5076	0.0621	-0.2416	1.7549	-0.2787	1.4109	0.0786	-0.3844	0.4845	0.1643	-0.5575	-0.2232	0.1024	-1.5425	-0.6420	-1.5128	0.1077	-1.0347	-1.5556	-1.0596	-0.5881	-1.3374	-0.9914	0.4068
0.3170	-1.0190	-1.1519	1.6027	1.0384	-0.0019	-0.0713	0.6667	1.5715	1.1750	-1.0220	0.9386	0.6518	0.4904	0.4211	-0.3670	-1.4444	0.0244	1.0081	-0.0926	-0.0362	-0.3870	0.5402	0.5170	-0.3404	0.4570	0.0318	0.3742	0.2688	-0.5149	0.8316	0.7549	-0.0832	0.3411	-0.4233	-0.5601	-0.4543	0.2865	-1.2908	0.4795	-0.3999	-0.3262	-0.5086	-0.7900	-0.3193	0.6846	-0.3580	-0.3542	1.0308
0.5108	-0.7509	-0.7964	1.1586	0.9328	-0.5014	-0.5335	1.1174	0.0001	-0.1246	-0.1960	0.2943	-0.1592	0.5620	0.4171	-0.6248	-0.9862	0.0514	0.4858	-0.3258	-0.4352	-0.3014	0.3385	0.2096	-0.5623	0.5277	-0.1170	-0.1243	1.0959	-0.2109	1.5241	0.2210	-0.5776	-0.2732	0.0301	-0.4433	0.4725	-0.2034	-1.0923	0.5817	0.4577	0.5069	-0.4815	-0.1291	-0.9050	0.0535	-0.1766	0.2827	-0.8886
0.2643	-1.1635	0.0585	0.7406	0.7663	-0.2864	-0.3092	0.4314	0.4846	-0.5565	-0.1170	-0.8113	-0.3296	0.3983	0.0686	-0.2676	-0.4569	0.0203	1.1203	-0.0900	-0.7759	-0.6387	0.5798	-1.1091	0.1425	0.0672	-0.4928	-0.1554	0.7201	-0.2849	1.3212	0.5401	0.2964	-0.5574	-0.6823	0.7760	0.0464	-0.1543	-1.0276	1.4509	-0.1211	-0.0235	-0.6999	-0.8618	-1.5679	-0.9201	0.7074	-0.5053	-0.7230
0.2341	-1.9013	-0.1976	-0.2550	0.4926	-0.2802	-0.4059	0.5431	0.7666	-0.9541	-0.4273	0.0652	0.0346	-0.9052	-0.0973	-0.5358	-0.8909	-0.4175	2.0481	-0.5394	-1.2914	0.2326	0.6311	0.0587	0.2667	0.0755	-1.0434	-0.3549	-0.6789	-0.5794	-0.0295	1.2826	0.4987	0.0518	-1.2726	0.6518	0.3994	-1.2054	-1.3533	0.6067	0.1224	0.1275	-0.6071	0.0591	-1.9158	-0.1008	1.1891	-1.1501	-1.2277
0.0052	-1.4520	0.4638	-0.4186	-0.8813	-0.0667	-0.7344	0.0149	0.6846	-0.7954	0.0408	-0.7555	-0.0586	-1.4792	0.0113	-0.5803	-0.8833	-0.1574	2.1739	-0.5646	-0.8653	0.2452	-0.3864	-0.7420	0.6541	-0.8468	-1.0616	0.5315	-0.1754	0.2120	0.4011	0.6691	0.6934	-0.4014	-0.8904	0.5934	-0.5916	-0.2729	-0.3303	1.4816	-0.7315	0.5876	-0.1200	-0.2985	-1.5931	-1.2020	0.1286	-1.3781	-1.0889
1.1194	-0.9130	0.9112	-0.5608	-0.0705	-0.1273	-0.2632	-1.3152	1.5700	-0.6836	0.5166	-0.3375	0.8316	-0.3253	0.1804	0.1239	-0.2899	0.2244	1.7477	0.2353	-0.1229	0.4719	0.3149	-0.6034	-0.2586	0.0545	-0.5492	1.2373	0.7712	0.0633	1.7597	0.8415	-1.1264	0.9017	-0.8086	1.1926	-1.1078	0.5689	-0.9646	0.1424	-0.8311	-1.2082	0.7682	0.3352	-0.9115	-0.3055	0.0083	-1.4653	-1.9838
0.2776	-0.8959	1.6859	0.1306	1.3863	0.4976	-1.0004	-1.6346	0.9643	-0.2740	1.0615	-0.7493	2.3403	0.6228	1.5306	0.8445	0.4688	0.2260	1.7026	0.9613	3.1744	0.4257	0.3930	-0.1680	-0.4247	0.3071	0.6016	1.7317	2.1634	0.5425	3.1601	0.1185	-0.2472	1.3572	-1.3703	1.6931	-0.7979	0.9708	-0.1858	-0.0655	-1.1022	-1.3445	1.6538	0.7487	-1.9404	-1.8623	-1.7806	-0.8408	-1.8606
-0.0030	0.2882	1.9898	0.3127	0.9748	0.9098	0.3138	0.4219	0.7174	0.1803	1.6195	0.1360	2.3138	1.3661	1.6389	1.6051	0.9463	0.7563	1.3797	1.3972	3.0883	1.1433	0.8530	-0.0606	0.0126	1.0577	1.2045	2.4302	2.2846	1.8377	2.1450	0.4872	1.2565	1.3238	0.0699	1.5511	-0.0965	-0.8918	1.8448	1.0107	0.5171	-0.0258	2.1007	1.7700	-0.2602	-0.6370	-1.2041	1.4285	0.1267
-0.8778	1.3336	1.0948	0.7398	1.2495	0.6523	1.1024	0.9759	0.5249	0.9408	1.6691	0.7307	1.8163	0.1047	1.3031	0.6727	-0.2701	0.9641	-0.4175	0.7368	1.3152	1.0056	1.9384	0.6379	-0.0675	1.3896	0.7359	1.9970	1.1048	1.6581	1.0101	1.4493	0.6928	1.6606	0.0788	0.6518	1.1226	-1.3761	1.0085	1.0768	0.7908	0.1833	1.4102	1.1811	0.8680	1.2217	-0.0421	2.2525	1.4107
-1.1482	0.2358	0.8858	1.4133	0.9761	1.0408	1.5395	-0.1970	-0.2765	1.0648	0.7287	-0.5576	0.6324	0.2775	0.2416	0.2610	0.0368	1.1508	0.3035	0.2580	-0.3455	1.1851	0.8795	0.7658	1.0543	1.1850	1.0178	1.9001	-0.4077	1.6695	0.1162	0.6350	1.7090	0.7130	0.4500	0.6052	1.5903	-0.0178	0.5935	-0.4066	-0.3018	0.7986	0.0420	-1.1643	-0.2553	0.0088	0.4477	1.9489	1.1496
-0.8701	-1.0999	-0.0052	0.3197	-0.4873	0.3262	-0.3030	-0.0103	-0.5516	-0.7368	1.3726	-0.5414	0.1546	0.0667	-0.4622	-0.7203	-0.0605	0.6365	0.9566	0.3849	-0.0226	1.1976	0.2795	0.0230	0.1812	1.5793	0.6875	1.9147	-1.0426	0.7493	-0.4832	-0.3747	1.1451	0.0429	-0.0656	0.0619	1.7949	-0.1789	-0.5832	-1.9475	-0.3157	1.2195	-0.5957	-0.4411	-0.7633	-0.4050	-1.7084	0.7295	-0.3052
-0.2550	-0.1726	-0.0086	-0.3143	-1.1590	0.1817	0.5130	0.0890	0.5936	-0.4349	1.0129	0.7311	0.1234	0.1070	0.4814	-0.4068	-0.1081	1.1227	0.2298	1.2647	0.0507	0.5759	1.5989	-1.0748	-0.0922	1.3121	0.6069	1.3141	-0.0341	0.8704	0.8585	0.6098	0.3540	0.4033	-0.0818	0.5222	0.0556	-0.4206	-0.3452	-0.0228	-0.0998	1.1760	0.2052	0.4866	-0.0445	0.0574	0.3204	0.6023	0.0677
-0.2863	-0.3355	-0.0659	-0.1465	-0.6067	0.1087	1.2235	0.2117	0.8169	1.6970	0.1117	0.4707	-0.0798	0.8956	0.8081	-0.1189	0.1544	0.6738	-0.0517	0.4430	0.4798	0.2815	1.4403	-0.4049	0.3577	0.1661	0.8007	0.0168	0.5563	0.6394	0.2707	0.5226	-0.2164	0.8757	0.7798	-0.0863	-0.2844	-0.6100	1.2584	-0.4662	-0.4618	1.5462	-0.0032	0.7140	0.1825	0.5614	1.3340	1.1982	0.2897
1.0209	-0.5007	0.0310	0.6510	0.4488	-0.0991	2.2833	1.3339	0.1141	0.8481	-0.3209	1.3395	0.0770	0.7505	0.2562	-0.2604	-0.2893	0.5573	-0.8144	0.9405	-0.0990	0.1549	1.0467	-0.0418	0.6348	0.6008	0.4155	-0.4983	-0.1843	-1.2311	-0.5165	-0.4198	0.8081	0.4885	0.8465	-0.0948	-0.4407	-0.4375	0.0143	-0.2116	-0.3181	0.1471	0.1271	-0.3169	-0.3574	-0.0759	0.9649	0.0451	1.0608
0.0739	-0.1822	1.4323	0.4727	0.6822	-0.6336	-0.9400	0.9076	-0.9589	0.2650	0.0217	0.0694	-0.0833	1.0928	0.4126	-1.1534	0.6365	0.6297	-0.5151	0.5076	0.0996	0.7625	0.4336	0.3096	0.2391	0.0386	0.7039	-0.5454	-0.6132	-1.3381	-0.6137	-1.1482	0.5293	0.6064	1.3787	0.5900	-0.6348	-0.5521	-0.2410	-0.3413	-0.7294	0.1399	-0.7804	-1.7551	0.8647	-0.8980	-0.9877	-1.0899	0.6471
0.2096	0.7765	0.4204	-0.3642	-0.6622	0.2563	-0.0632	1.0646	-0.1976	1.0547	0.2139	-0.7493	0.0982	0.2195	0.6786	-0.4618	0.0683	-0.0637	-0.6792	-0.5546	-0.4414	-0.3082	0.8232	0.0237	0.5441	-0.8374	-0.3081	-0.6509	-1.2711	0.2602	-0.0961	-0.2911	-0.3219	0.5935	0.6185	-0.6244	0.5167	-0.6320	0.3511	-0.4504	0.2466	0.5113	-0.4960	-1.2561	0.3326	-0.2375	-1.2401	-0.3759	0.2780
1.0698	-0.2395	-0.2034	-0.8308	-0.9523	0.2517	0.2639	1.6259	-0.6554	-0.1944	-0.6644	-0.4181	0.7659	-0.3400	-0.5193	-0.2323	-0.6664	-0.6107	-0.1471	-0.7703	-1.4404	-0.2161	0.7680	-0.0353	-0.2246	-0.6343	-1.1307	-1.4098	-1.6312	-0.0827	-1.0113	-0.7505	-0.0627	-0.5379	0.2281	-0.6882	0.8597	0.7461	-0.0596	-0.3507	0.5862	-0.1518	-0.9646	-0.9699	0.7495	1.0263	0.4879	0.7845	-0.0414
0.9266	-0.6735	-0.4186	-1.0821	-1.2834	-1.5621	-0.7636	0.7173	-0.8691	-0.8626	0.0093	-0.8477	0.0876	0.1291	-1.3139	-0.9517	0.1655	-0.6820	-0.4063	-0.1555	-1.2765	-0.0567	0.3594	-0.4096	-1.4120	-0.2591	-1.7638	-1.4951	-1.6721	-2.1528	-1.2079	-2.0775	-1.3099	-0.2105	-0.2823	0.1072	0.3482	0.4115	-0.7793	-0.9161	-0.8246	-1.3553	-0.1536	-0.1663	1.2362	0.3697	-0.6687	-0.8004	-1.4571
0.4090	-0.6181	0.2033	-0.5136	0.1988	-0.3572	-1.4103	-0.4912	0.2037	-0.3720	-0.1131	-0.5949	0.4409	-0.4604	0.7689	-0.4517	0.5276	-0.8360	-0.1199	-0.1837	-0.5006	-0.4444	0.4976	0.2030	-0.8463	-0.1076	-1.7353	-1.0550	-1.9975	-1.7769	-0.5029	-1.3182	-1.9267	-0.2099	-0.9086	0.3962	-0.5498	0.7967	-1.3195	0.4684	-1.8098	-2.1115	0.2550	-0.6651	-0.0544	-0.3125	-0.4069	-1.7584	-1.1371
-0.0821	1.6051	1.5956	-0.8365	1.3780	0.6552	-0.2690	-0.1949	0.9479	-0.8304	0.3318	-1.1769	1.6132	-0.1034	1.7665	0.8462	1.0501	-0.1289	-0.4158	1.2149	0.4115	-0.0526	1.5703	-0.1737	0.4005	0.7653	-1.2211	0.2861	-1.2961	-0.6276	-0.2664	0.4520	-0.4598	0.9179	-0.2874	1.4367	-1.1640	0.5160	-0.2868	0.3363	-0.3140	-1.1566	1.0464	-0.1300	0.5702	0.8067	0.5583	-1.7439	0.6437
-0.1824	2.8181	2.1132	0.0856	2.2346	1.8051	1.5157	0.1781	1.3963	0.8302	-0.4910	0.1239	1.8963	0.2828	1.7867	1.8649	-0.0416	1.0019	-0.1746	1.4778	0.9301	1.4445	1.4929	1.1861	1.6466	0.5664	0.8859	0.9020	1.3164	1.0272	-0.0819	1.4692	2.0167	1.4032	0.6306	1.6176	-1.6786	1.3481	1.1997	0.2630	1.3097	0.6857	1.1967	1.8651	1.8231	2.1275	0.8127	0.6388	2.6306
0.0608	1.3801	0.8419	0.4077	2.2856	1.7711	0.6871	0.5401	1.9304	2.2060	-0.5947	0.9444	1.6479	0.3366	1.5565	1.9436	-0.3440	1.3089	1.1786	1.0091	1.7610	2.0437	-0.3551	2.7623	0.5876	-0.0735	1.8867	1.2128	1.4635	1.3855	0.7920	1.1920	1.6180	1.1563	0.5619	0.4960	-1.0082	1.3360	1.0631	0.5951	2.1290	0.0995	1.2689	1.7378	2.3488	1.7288	-1.1535	2.2075	1.9722
0.4523	1.1150	0.0963	-0.6788	1.3847	0.5111	0.4271	0.2686	0.5462	1.7624	1.9480	1.8475	-0.0925	0.5126	0.7729	2.7656	-0.4833	-0.5125	1.1144	0.1306	1.6805	1.3500	-0.4009	3.0539	-0.7173	1.1646	0.8072	0.5793	0.5911	0.8997	-0.0296	0.5768	0.9638	0.7996	1.1084	-0.7002	2.6982	0.2882	0.7977	0.6731	2.9254	-0.7868	0.4654	1.0774	1.6086	2.5262	-0.1028	2.0299	1.1692
-0.5739	-0.6415	0.3401	-1.5669	-0.7127	-0.8076	0.5150	-0.5803	-0.3843	1.0669	0.8410	0.6600	-0.9902	0.9487	0.0255	1.9846	0.6880	-0.8914	-0.1869	-0.3321	0.9692	0.2067	-0.5485	1.2381	-0.2160	0.0784	0.3024	0.2970	1.4684	-0.2016	-0.3416	-0.2547	-0.0172	-0.3056	1.5408	-0.2636	1.5440	-0.3721	0.8117	-0.5899	0.6202	0.3536	-1.1072	0.2716	-0.4122	0.6296	-0.4596	0.9526	0.4189
-0.2784	-1.2531	0.1481	-0.5446	-1.1070	-0.6825	-0.9949	0.0113	-0.7541	-0.4908	0.5543	-0.0212	-1.1161	1.2162	0.2653	2.3722	0.9207	-0.5573	0.2488	-0.6207	0.1303	0.5210	0.5430	0.6313	-0.3787	-0.8033	0.1462	0.3002	0.0959	0.1912	0.2973	0.6840	-0.6273	0.0503	0.9541	-0.1558	1.4945	-1.3316	-0.0025	-2.0809	1.2639	0.4538	-0.8237	-0.0395	0.1763	1.4957	-0.0504	0.0464	-1.6561
-0.2535	0.0320	-0.4554	0.2541	-0.9031	-0.6252	-0.8616	-0.3896	-0.5209	-0.5553	1.5795	0.7007	-0.4495	0.3953	0.3779	1.5594	-0.1887	-0.4445	-0.2840	-0.4625	-0.4797	-0.4239	0.8121	-0.6446	-0.7203	0.1807	-0.5928	0.2636	1.0220	0.7941	1.4589	0.5295	-1.3141	0.8428	-0.3328	-1.0399	0.6464	0.7572	-0.1065	-1.1495	1.1074	-0.6466	1.0011	-0.8690	-0.0657	0.5477	0.5047	0.0095	-0.5729
-0.3209	-0.4177	-0.2086	0.6504	-0.7443	-0.8942	0.2066	-0.9203	0.2389	0.2369	1.2424	0.2910	-0.5539	-0.0470	0.4281	0.6859	0.2648	0.0047	0.6374	-0.4544	-0.5156	-1.4113	0.3601	-0.9331	-0.9462	0.3906	-1.2650	0.3261	1.8519	0.8691	1.6491	0.7727	-0.9534	0.5849	-0.4819	-0.6222	0.3828	1.4786	-0.5944	0.9709	1.5797	-1.2102	1.5255	-1.4631	-0.9939	-0.5076	1.6411	0.4684	1.5756
0.1245	-0.3845	0.0402	0.3800	0.4041	-1.1109	0.1836	-0.8096	0.3765	1.1762	0.7649	0.1830	-0.9924	-0.0009	-0.1094	-0.3688	0.2913	0.4577	1.7524	-0.1710	-0.0709	-0.7258	-0.0681	0.6117	-1.1585	1.7267	-0.4917	0.0433	2.4632	0.5129	0.8501	0.6571	-0.9967	0.2178	-0.0919	-0.4186	0.8180	0.7411	-0.3450	0.6110	0.7073	-0.6184	0.8341	-1.2432	-1.0962	0.4944	2.4208	0.7594	1.7689
-0.7905	-1.1725	0.1428	0.7220	-0.5057	0.1771	-0.5627	-1.4195	-0.1868	0.1991	1.3633	-0.4505	-0.7793	-0.0817	-0.6379	-0.4555	-0.7691	-0.0974	2.5277	-1.2452	2.3054	-0.1491	-0.9474	0.3055	-0.4012	0.9314	0.0956	0.2863	1.9327	-0.2564	-0.8498	-0.1224	0.0728	-0.6553	0.8614	-0.3087	1.6275	-0.4892	0.6143	0.5169	0.5243	0.8940	-0.0685	-0.2626	-0.5712	-0.1019	0.3540	0.0209	0.3914
1.0338	-0.9892	-1.3883	1.0719	-0.9638	0.1609	1.5133	-1.1858	1.0000	0.1915	1.4064	0.6722	-0.0747	-1.8582	-0.2481	-0.5964	-1.5496	-0.7705	1.3043	-1.3103	1.2132	-1.1166	-0.5089	-1.9381	-1.1643	0.0940	-0.6146	-0.2254	-0.0903	-0.6526	-0.3916	-0.2185	-0.8576	-0.5430	-0.5921	-1.3059	0.3073	0.7369	-0.7472	0.8797	0.6111	-1.7741	0.6164	-0.1757	0.2213	-0.3863	0.5926	-0.8305	0.9619
0.5166	-1.7923	-0.1968	0.6979	-1.5820	-0.5582	0.8876	-1.4564	0.2720	-0.5942	-0.3052	-0.0166	-0.1730	-1.2849	0.0725	-0.3064	-0.2811	-0.7311	0.6494	-1.0234	0.8195	-1.5635	-0.8314	-2.3091	-0.1912	-1.4903	-0.8452	-1.0254	-0.2594	-0.3691	-0.5720	0.0642	0.9735	-1.1629	-0.1203	-0.6493	0.1623	0.0903	-0.3536	2.2666	0.1930	0.0063	-0.6547	-1.1004	-0.3184	-1.7269	0.4467	-1.1956	-0.5001
0.4193	-1.4692	-0.1030	0.3924	-1.3356	-0.5129	-0.8781	-1.8343	0.4012	-1.2400	-0.7132	-0.1645	-0.4219	0.3695	-0.6597	-0.2663	0.2766	-0.8428	0.8439	-1.6019	-0.5173	-1.0269	-0.9771	-0.8697	-1.2771	-0.9596	-0.1588	-1.4832	-1.1461	-0.6532	-1.6259	-0.2933	-0.1059	-0.7173	0.1875	-1.2502	0.0637	-1.0812	-1.3206	0.1248	0.6756	0.0256	-0.7717	-0.3899	-0.9429	-0.0906	0.6719	-0.7328	-2.0905
0.3546	-0.1299	0.2764	-0.2215	-1.1472	-0.1258	-0.3935	-1.4980	-0.2623	-1.4243	0.0268	-0.7522	-0.5770	0.1116	-1.4172	-0.3817	0.4346	-0.2253	0.5716	-0.5165	-0.2684	-0.7356	-1.2406	-1.3922	-0.4100	-0.1181	-0.4688	-0.5091	-1.2038	-1.4809	-2.1223	-0.7901	-0.9617	-0.1708	0.8366	-0.5592	-0.1127	-0.0860	-1.0830	0.6098	0.0319	-0.3020	-0.2796	-0.7122	-0.6774	0.0426	0.1194	-1.0251	-0.8148
-0.0055	1.4635	-0.3973	-0.2469	-0.0409	0.6711	0.9700	-1.1300	0.4230	-0.8578	0.2600	0.8385	0.2702	-0.3089	-0.6841	-0.0970	0.7888	0.4514	-0.1557	0.6638	-0.7421	-0.3284	-0.2764	-1.2347	0.0977	0.2893	-0.4121	-0.3135	-1.3397	-1.4336	-0.9649	0.3329	-0.8686	0.8156	0.3582	0.2130	-0.5294	-0.6293	-0.6822	1.3358	-0.1650	-0.9143	0.5175	-0.1972	0.6219	0.2765	-0.9326	-1.8870	-1.1910
-0.3784	1.8885	-0.1061	0.0839	0.1143	1.2459	0.2933	-0.7736	-0.2573	-0.5893	0.4630	-0.4358	0.2456	-0.3727	-0.1945	-0.2194	1.6720	0.3205	-0.5193	0.6659	-1.5582	-0.7510	-0.3690	-0.5566	0.9239	-0.0692	-0.6827	-0.5820	-1.0238	-0.1221	0.3245	0.2646	-0.4261	0.4219	0.7196	-0.0218	-0.1759	0.6023	0.9835	1.1275	-0.0487	0.1685	0.8497	0.6017	-0.5120	-0.4288	-1.0989	-0.8350	-1.0458
0.2191	1.9297	0.4878	-0.5639	0.4881	0.3158	0.4805	-0.4052	-0.7304	0.1179	-0.0288	-1.4965	-0.8447	-0.8824	-0.0074	-0.4546	2.0079	0.2475	-1.2032	0.5823	-2.1770	-0.6070	-0.8968	-1.0501	0.7318	-0.3038	-0.9425	-0.7638	-1.2266	-0.3513	0.8898	-0.2935	0.6375	0.7422	0.4666	0.6802	-0.2875	1.2142	0.9409	-0.3782	0.0030	-1.3668	1.1610	1.1035	-1.1755	-0.2983	0.1438	-1.4938	-0.4606
-0.1342	0.9468	0.8015	-0.1252	0.8748	0.9859	0.2005	-0.7749	-0.0936	-1.0210	-0.5545	0.3406	-0.5179	0.1103	0.3878	0.0530	1.3328	0.2403	-0.6574	0.1333	-2.1053	0.4561	0.4337	-0.0032	0.4434	0.0545	0.1958	-0.6503	-1.5253	-0.4625	-0.6434	0.3718	1.6980	0.3997	1.0040	0.5451	-0.8043	-0.4257	0.6386	0.1787	0.1993	-0.8775	-0.3926	2.4518	0.1984	1.2237	0.7258	-0.5695	-0.4991
-0.3528	0.0408	0.0963	0.2166	-0.0609	1.1227	-0.4723	-1.3041	-0.7695	-0.7128	0.6139	-0.2473	-0.9741	0.5528	-1.3253	-0.6716	2.0210	0.5654	-0.2708	0.6001	-0.7440	0.8447	-0.8678	0.4408	-0.0479	0.2382	1.0285	0.0910	-0.3947	-0.1205	-0.5672	-0.9364	-0.5084	0.4033	1.0447	0.6179	0.7912	0.2711	-0.1383	-0.9011	-0.2381	-0.2410	0.0786	0.4733	0.9894	-0.9728	-2.1125	-0.3087	-0.5519
-0.9417	0.6948	-0.2154	0.2069	-0.0022	1.7577	-0.2819	-1.0915	-0.1114	-0.1059	0.3264	0.0939	-0.5930	0.7138	-0.5879	-0.6305	2.1050	1.1551	-0.8923	1.4042	-0.1824	0.6271	-0.6396	-0.7306	0.1131	-0.4302	0.8352	-0.0368	-0.8254	0.2590	0.4116	0.2030	0.3485	0.6224	0.8831	0.6745	-0.1486	-0.9404	0.5036	-0.0146	-0.7695	-0.0892	-0.1450	-0.6440	1.6660	-1.8251	-2.3033	-1.1322	-0.6267
-0.6128	-0.2165	-0.4544	0.9078	1.0405	1.7721	1.2129	-0.3534	0.8072	1.1921	-0.2678	0.5725	-0.3457	0.2737	0.4799	-0.3295	1.9383	1.5762	-0.2466	1.2799	-0.1234	0.5991	-0.4725	0.9018	0.3518	0.6376	0.2986	-0.1461	-1.2821	0.0398	0.4382	1.3560	0.5559	0.7747	0.4232	-0.3766	-0.1599	0.1640	0.9043	-0.2855	-0.1751	0.4555	0.3718	-0.8056	0.2718	-0.5724	-1.6333	-0.2372	0.2625
-1.7716	-0.8026	0.1829	1.3920	0.5910	0.8428	-0.1613	-0.5639	-0.5829	0.3295	-0.0874	0.1112	-0.8633	0.6897	0.4580	-0.6391	1.9601	1.0745	-0.3011	0.2753	0.4298	0.2832	-0.7333	0.6857	1.2849	0.6156	0.3167	-0.3208	0.4063	0.3092	-0.2758	1.2498	1.4192	-0.4017	1.8094	-0.2768	0.4252	0.6297	2.4061	0.5403	0.7197	2.4658	-0.2268	-0.5316	0.3413	0.1292	-0.3690	0.9171	-0.0936
-1.1512	-0.3188	0.4119	1.4470	0.3828	0.6362	-0.4107	0.7223	-0.8946	0.0388	-0.7355	-0.3515	-1.1517	1.0098	0.4356	-0.5171	1.2850	0.1761	-0.9675	-0.1184	-0.5172	0.1608	-0.1335	-0.3342	1.5760	-0.2221	0.8867	0.2015	-0.0048	0.6495	-0.2225	0.3816	1.2489	-0.1257	1.8487	0.0206	0.2897	0.3540	1.7232	-0.6607	0.7138	0.7898	-0.7800	0.0555	0.7741	-0.3358	0.4550	-0.1110	-0.8777
-0.2411	0.0443	-0.3832	1.6097	1.0034	0.4797	-0.6167	1.8062	0.0824	-0.7144	-0.7567	1.1477	-0.1106	-0.1357	0.9369	-0.7411	-0.1696	0.5162	-0.9402	0.7909	-0.6124	0.3749	0.2754	0.1124	1.2091	0.1977	0.6902	0.0714	-0.8730	0.9910	-0.9587	0.2871	0.6935	0.5924	0.8277	-0.6377	-0.1945	0.7467	0.4236	-0.1823	1.0876	-0.0474	-0.0080	1.4959	0.0805	1.0180	0.7999	0.4298	0.1801
-0.7232	0.4109	-0.2811	2.0433	0.2062	0.1102	-1.3646	2.1139	-0.5868	0.5767	0.3018	0.0114	-0.0333	-0.1435	-0.0580	-0.4263	-0.3462	0.6164	-1.3586	0.6951	0.9169	0.4720	0.0597	0.9273	0.0577	0.6050	0.6685	0.9850	-0.8964	1.1436	-0.7580	-0.2296	-0.7079	0.6858	1.2192	0.3683	1.2797	-0.8313	0.1290	-0.4024	0.5589	0.3249	0.5477	0.2052	1.2564	0.0567	0.8921	0.0704	0.8846
0.0747	1.2368	-0.2755	1.6354	-0.1628	0.0097	0.6941	1.2756	-0.6022	1.7905	0.3231	0.0206	-1.3345	1.0620	0.2438	-0.4642	-0.0741	0.6442	-1.6602	0.1901	0.2295	0.4898	-0.3141	0.1474	0.4443	0.7200	0.7813	0.7669	0.0028	1.0932	0.5981	-0.4779	1.0248	0.1877	0.1814	0.6695	0.7095	-0.0890	0.7470	-1.0942	-0.1428	-0.1987	0.3390	-1.1391	0.1916	-0.2664	-0.0987	-0.7951	1.2847
-0.2072	0.9777	-0.4865	0.7736	-0.1766	0.2654	0.2541	0.3966	-0.3816	1.0042	-0.8838	0.7581	-1.4547	0.7301	0.7320	-0.3243	-0.2323	0.3428	-1.2509	0.1036	-1.2709	0.3168	-0.1634	0.6413	1.1721	0.1676	0.3063	0.2818	-0.3633	0.7602	-0.9196	0.3575	1.1473	-0.6175	0.8821	-0.5142	-0.1867	0.0534	1.0354	-0.7962	-0.1662	0.9679	-0.8738	-0.5701	-0.1710	0.6682	-0.1062	0.2748	0.8031
0.2342	0.8412	-0.8087	-0.3644	-0.2207	0.9040	-0.1522	0.6805	-0.4067	0.3879	-1.0177	0.6816	-0.7090	0.1444	0.3334	-0.2081	-0.0936	0.2389	-1.4922	0.2284	-1.7301	-0.2003	-0.0719	0.3348	1.2793	-0.4069	0.2482	-0.0948	-1.7573	0.8043	-0.7452	-0.0202	-0.0863	-0.2124	1.0175	-0.5685	-0.1930	0.9639	0.4653	-1.0063	1.0694	0.7134	-0.3503	-0.1751	0.2860	0.0825	-0.5502	0.2430	-0.5685
1.1979	1.0649	-0.5380	-0.1305	-0.2957	0.6378	0.1407	0.5863	-0.5816	-0.3366	-0.6506	1.0151	-0.7307	-1.1080	0.0323	0.5388	-1.0193	0.2969	-1.3770	0.7249	-1.3864	-0.4526	-0.2388	-0.3439	1.5285	-0.0508	-0.2597	-0.2902	-1.0969	1.0521	0.0098	-0.3193	0.4497	0.0363	0.2988	-0.6915	-0.4311	1.7509	0.1061	-0.4030	1.3485	0.5525	0.1456	0.0111	0.6725	0.1680	-0.2756	0.5985	-0.2665
1.6541	0.1910	0.1227	0.0130	-0.8638	-0.6226	-0.8557	0.4668	-0.0860	-0.1436	-0.3018	-0.2417	-1.0106	-0.8016	-0.1770	0.3930	-0.7916	-0.1265	-0.3022	0.3818	-0.7778	-0.0997	-0.4214	0.3632	0.2536	-0.6041	-0.2978	-0.0602	-0.4406	0.8562	0.4163	-0.8287	-1.2094	-0.1798	-0.6778	-0.9371	-0.1643	1.4172	-0.4852	-0.0769	0.0653	0.6119	0.3516	0.1633	1.6362	0.0334	-0.9479	1.7621	-0.6534
2.8133	-0.2705	0.3196	-0.5136	-1.3646	-1.6187	0.4540	-0.1721	-0.0134	-0.8237	-0.5658	-0.5333	-0.8187	-0.2630	-0.3636	0.0039	-0.9365	-0.4073	-0.4219	-0.9124	-0.0139	-0.5480	-0.2914	-0.7981	0.0560	-1.7695	0.0055	-0.5189	-0.1029	-0.4427	1.1159	-0.9925	-1.0794	-0.1847	-2.3544	-0.8750	0.1502	0.3382	-1.2949	-0.7502	-1.2385	0.2253	0.4485	0.4018	0.1266	-1.1085	-0.7687	1.2822	-0.7216
0.8119	0.1810	1.2384	-0.4558	-0.8691	-1.4816	-0.4645	-0.8362	-0.3302	-0.7184	-1.3790	-0.3337	-0.7737	-0.1554	0.0003	0.6671	-1.1445	-0.7505	-0.0136	-0.9801	0.0326	-0.9283	0.2629	-1.2992	0.1001	-2.0297	-0.1673	-0.4894	0.5619	-1.1891	1.0886	-0.3296	0.0190	-1.0813	-2.1295	-0.3723	-1.1680	-0.9714	-0.1371	0.6535	-0.9112	0.4849	0.7721	0.5519	-0.3850	-1.1827	1.3101	0.4633	0.5383
0.9574	0.8700	0.4014	-1.1927	0.3574	-1.4894	-0.7918	-0.0023	-0.5518	0.0969	-0.9463	0.4629	-1.0812	0.1185	-0.1467	0.7774	-0.8333	-0.9868	0.1647	-0.5773	-1.4010	-0.4798	0.3644	-0.2353	-0.5938	-0.6401	-0.7812	-0.4375	0.0253	-0.4980	1.2985	-0.0364	-1.1205	-0.5376	-2.2895	-0.1271	-0.6400	-0.7769	-0.1100	0.4652	0.0568	-0.9377	1.2662	-0.2718	-0.0846	0.1425	1.8377	0.1179	0.5800
1.0077	0.4320	-0.0452	-1.2798	0.2907	-1.1088	-0.5710	-0.2707	-0.9964	-0.6519	-1.1712	1.4424	-0.6206	1.0071	0.0335	0.0668	-0.7753	-0.9601	0.5522	-0.9375	-1.1756	0.0149	0.5288	0.7652	-0.7066	0.0794	-0.4530	-1.0980	0.0687	-0.0764	1.0845	0.2909	-0.2645	-0.4088	-2.0617	-0.3936	-0.9501	-0.6916	0.0009	-0.3181	-0.0701	0.3355	-0.1125	0.8783	-0.5599	1.6350	2.0864	0.7240	0.1942
-0.0427	-0.4301	-0.4315	-1.2456	-0.4520	-0.0998	-1.6810	0.5421	-0.6779	-0.9758	-1.3747	-0.3100	0.5335	0.7848	-0.2736	0.2979	-1.0306	-0.5427	0.3982	-1.1524	-0.1919	-0.2553	-0.0147	0.2568	-0.4846	-0.6801	-0.5253	-0.0163	0.6039	0.7332	0.6501	-0.2836	-0.0906	-0.6781	-0.7786	-0.1984	-0.8748	-1.4036	-0.8970	0.1443	-0.3797	0.3402	-0.6447	0.6456	-0.4569	-0.0868	1.1510	0.1935	-0.0933
0.7234	-0.8748	-0.4232	-1.5873	-1.4784	-0.8727	-0.4353	0.8484	-1.2276	-0.7348	-0.0902	-0.7960	0.7501	0.5608	-1.0112	-0.1318	-1.3694	-0.5264	0.8095	-1.0907	0.5547	0.0030	-1.4382	-0.2471	-0.2702	-0.5859	-0.3156	0.0315	1.6207	0.2952	-0.1403	-2.1333	-0.5878	-0.9417	-0.6066	0.0165	0.3916	-0.9714	-0.6985	-1.2279	-1.4457	0.2167	-0.3515	-0.3815	-1.2088	-0.9358	-1.1554	-0.3842	-0.6718
0.7637	-0.6113	-0.3024	-0.4321	-0.8718	-1.2680	-1.1515	-0.0930	0.1352	-0.5217	-0.2900	0.3648	1.3398	-0.6530	-0.8609	-0.4379	-1.4921	-0.7108	-0.0221	0.0206	0.7272	-0.5609	-0.5334	-0.4376	-1.3830	-0.6822	-0.1790	-0.6336	0.7429	-0.2668	0.1179	-1.2675	-1.6779	0.0094	-1.3372	-0.7349	-0.6582	-0.1815	-1.6243	-0.3126	-0.9015	-1.0519	-0.0056	-0.5521	-0.4660	-0.4246	-0.3054	-0.5448	-0.7157
0.3243	0.1596	-0.6073	-0.6137	-0.4663	-0.7806	-0.5027	0.7537	-0.1366	0.3422	-0.0759	0.1130	1.7759	-1.6922	-0.0132	-0.1382	-1.7721	-1.0001	-1.0290	-0.3563	0.3970	-1.0390	0.3366	-0.3630	-1.1748	-0.7252	-0.7336	-0.1563	0.4520	0.1546	0.9703	0.5552	-1.7698	0.1477	-1.9137	-0.9440	-0.5810	0.2650	-0.6507	1.0688	-0.4780	-0.6892	0.3339	-0.1202	-1.0974	-0.6614	-0.3147	-0.0285	0.1067
-0.1567	1.0258	-0.7894	-0.7722	0.0662	0.3523	-0.2886	0.6123	0.0984	0.3917	0.1963	-0.1900	1.9256	-1.9457	0.3591	0.0657	-1.8278	-0.6306	-1.0558	0.1046	0.5529	-0.4694	0.5425	-0.0500	-1.0253	-0.0591	-0.4548	0.8607	-0.0760	0.4512	1.2187	0.8377	-0.9721	-0.3684	-2.1801	0.3352	-0.8580	0.9430	-0.9102	0.9715	-0.0395	-1.1209	0.6598	-0.5573	-0.4562	-0.8791	-1.1604	-0.2428	1.5199
0.1647	1.8827	-0.4335	-0.9771	-0.1035	-0.2065	0.4614	0.9312	0.0028	0.8940	-0.2546	-0.3544	2.3246	-1.3444	0.2622	-0.2122	-2.0522	-0.5241	-0.5935	0.1203	1.1193	0.1557	0.7830	0.8727	-0.7193	0.7767	0.2578	1.3380	0.6610	-0.1288	0.4881	0.5674	0.3572	-1.2934	-1.2206	1.1921	-0.6113	0.2917	-0.4519	0.7096	0.5744	-0.3552	0.1740	0.6453	0.7442	0.1576	-0.8447	0.1431	2.5843
0.2761	0.3812	-0.7175	-1.1397	0.2674	-0.3831	-0.2419	0.8152	0.5721	0.9057	-0.1990	-0.3506	2.2696	-0.9312	0.2017	-0.5928	-1.0495	-0.6295	0.0844	-0.9241	1.1129	-0.1004	0.4036	1.0118	-0.3131	0.2733	0.0810	0.6576	0.9396	-0.0633	-0.0413	0.3550	-0.2567	-1.4959	-0.5150	0.2627	0.0638	0.2543	-0.1545	0.4411	0.1990	0.3967	-0.6836	0.8021	-0.0061	-0.4399	-0.8913	0.7150	0.6622
0.5284	-0.4500	-0.8594	-1.7911	0.1774	-0.3809	-0.7639	0.7681	-0.7945	-0.3164	-0.7498	-1.5701	2.2780	0.1956	-1.0074	-0.3864	-0.4062	-1.0204	0.1529	-1.4752	0.1978	-0.0704	-0.7099	0.4110	0.1453	-0.4896	-0.6460	-0.2168	0.8176	-0.3670	-1.2070	-0.2254	0.3288	-2.0939	0.1516	0.4412	0.6982	-0.4079	-0.2723	-0.2013	-1.3478	-0.1682	-1.9495	-0.3802	-0.4740	-0.2559	0.4639	-0.0567	0.1343
-0.6718	-1.3029	-0.6787	-2.1438	-0.8473	-0.1194	-1.5478	0.9140	-1.1729	-0.8588	0.2517	-2.4796	2.1395	0.0690	-1.3448	-0.7263	-0.1701	-1.1554	0.0331	-1.8449	0.1394	-0.0100	-1.4651	-0.5848	-0.3515	-0.9214	-1.2638	0.0657	0.3536	-0.4454	-1.6600	-0.8172	0.2228	-2.1829	-0.4413	0.8026	0.9491	-0.5798	-0.2806	-0.5169	-1.3889	-0.7038	-1.5569	-0.5488	-0.5097	-1.5046	-1.2464	-1.2276	-1.2654
-0.1043	-0.6323	0.0583	-2.1567	-0.3620	-0.7615	0.2973	0.2812	-1.1381	-0.8239	-0.0927	-1.3064	1.6693	0.3607	-1.5945	-1.4371	0.2307	-0.6083	-0.0747	-0.3580	-0.0150	0.2340	-0.8164	-0.3573	0.0417	0.1649	-0.7105	-0.2688	0.6645	-0.7062	-1.8825	-0.7874	-0.2590	-1.5857	0.2748	1.1741	-0.5440	-0.1042	-0.0548	-0.8330	-1.8313	0.1664	-1.2388	-0.6093	-0.0388	-0.8230	0.5984	-0.7558	-0.4936
-0.1456	-0.1397	-0.2220	-1.3246	-0.0295	-0.0076	1.6159	0.8185	-0.5108	-0.8914	-1.1505	-0.5763	1.4386	1.1407	-1.1703	-0.8391	0.5856	0.2473	-0.6775	0.4961	1.1275	0.6209	-1.1662	-1.1894	1.0713	-0.1650	0.5776	-0.4900	0.6372	-0.8931	-1.1732	-0.2914	1.2449	-0.5636	0.9170	1.5528	-0.8412	-2.0696	0.4888	-0.9917	-0.8365	1.0648	-0.1372	-0.1380	0.0271	-1.0040	0.8814	-0.1496	0.3878
-0.7905	-0.4650	-0.9843	-0.4121	1.0707	0.8751	0.8510	0.3830	-0.0963	0.6858	-0.6055	0.7213	0.4968	0.5451	-0.0224	-0.3526	0.7357	0.4320	-1.2088	0.8134	1.0443	0.8070	-0.9910	-0.2573	0.0050	-0.1874	0.6204	-0.7725	-0.4571	-0.3179	-0.5142	0.2250	0.2336	0.3486	0.4815	0.9711	-1.0868	-0.9718	0.5109	-0.9125	-0.5504	0.6083	0.0375	-0.0419	0.6529	-0.8672	-1.5029	-0.2019	-0.5506
-1.1089	-0.9735	-0.3896	0.3194	1.3462	-0.6487	0.4468	-0.0745	-0.3511	0.0427	-0.3480	-0.1355	-2.0208	0.0366	-0.0553	-1.2848	0.6244	0.1858	-0.7933	0.1766	0.3953	0.4718	-0.0320	0.8688	0.3486	-0.2645	0.5710	-0.5408	-0.2943	-0.1431	-0.8220	0.7363	0.3412	-0.4470	0.6066	0.6284	-0.6364	-0.6078	0.7377	-1.1911	-0.7064	1.5502	-1.4838	0.2683	0.6857	0.3424	-0.8550	0.5974	-0.7382
-1.0706	-1.0392	-0.8762	1.1815	1.4996	-0.9205	0.2556	1.4330	-0.4188	0.5258	-0.5719	-0.9690	-1.9525	-1.5914	-0.3574	-1.6969	-0.5145	0.0003	-0.7081	-0.6285	-0.6051	0.2748	0.4149	0.9517	0.1546	-0.1272	0.0861	-0.1918	-0.3509	0.2389	-0.7889	0.7497	-0.0051	-0.8281	-0.3927	-0.0407	0.1593	-0.7521	-0.3408	-0.9443	-1.2107	1.0759	-1.2888	-0.1393	0.1388	1.1168	0.3274	0.1314	0.4101
-0.6739	-0.8393	-0.7007	1.0624	0.7500	-0.6838	0.4562	1.9950	-0.2078	0.0727	-0.5681	0.1213	-1.0797	-2.3373	-0.5984	-1.5956	-0.3390	0.0503	-0.4506	-0.0297	-0.4954	0.4878	0.6105	0.5400	-0.4124	0.0422	-0.0945	0.1594	-0.0857	0.5766	-0.6911	0.2976	0.0715	-0.9329	-0.8363	-0.4022	-0.3929	-0.4767	-0.5473	-0.1395	-1.2671	0.9361	-0.7738	0.2361	-0.4632	0.6515	1.1989	0.5426	0.8795
-0.2906	-0.6707	-0.6927	0.2735	0.7556	-0.5778	-0.5464	0.7431	0.4115	-0.2631	-0.0190	0.4130	-0.2869	-1.1334	-0.7000	-0.8655	-0.0370	-0.7822	0.0747	-0.5038	0.5544	0.3858	0.4361	0.7180	-1.4321	0.3898	0.2619	-0.6394	-0.2541	-1.0212	-1.0836	-0.2500	0.0193	-0.4037	-0.3994	-0.7216	0.7609	-0.9022	-0.6785	0.3053	-0.4404	-0.1462	-1.5914	1.5577	-0.6240	0.5883	1.2164	0.2489	0.2263
-0.8191	-0.5489	-0.1943	-0.2773	-0.3817	-0.5213	-0.4514	0.1622	-0.5657	-0.4127	1.1673	-0.7068	-0.8515	-0.5452	-1.2958	-1.0899	-0.0720	-1.1807	0.6415	-1.0050	0.9109	-0.3032	-1.0718	-0.4103	-1.0161	0.4635	0.6661	-0.2809	0.8869	-1.5823	-0.8943	-1.9460	0.4065	-0.7134	0.0852	-0.5505	1.4821	-0.1784	0.4643	0.5159	-1.4699	0.0812	-1.5022	1.8275	-1.2020	-0.4543	-0.0147	-0.4431	0.6894
0.9355	-0.0292	-0.9462	-0.0814	-0.7606	-0.2430	1.3791	0.4312	1.1356	0.1079	0.5570	1.4865	-0.7149	-1.1272	-0.3639	-0.4515	-1.2138	-0.8027	0.4550	0.0227	-0.3541	-1.0840	0.0090	-0.8895	-1.1645	0.5762	0.3142	-0.8092	0.9557	-1.5661	0.4840	-0.8292	0.0164	-0.0267	-1.5492	-1.8397	-0.2722	1.2378	-0.4515	1.7483	-1.6779	-1.6236	-0.9803	2.0863	-1.0816	0.2424	1.2130	-0.1816	1.3861
0.9272	-1.7059	-0.2644	-0.1671	-0.1682	-1.7236	0.3151	-0.0639	0.9916	-0.2709	-0.4059	0.1753	-0.9167	-0.1804	-0.2593	-0.5828	-0.3624	-0.8055	0.9853	-0.4886	-0.4831	-1.2421	-0.5157	-0.9252	-1.3951	-0.2704	-0.4122	-1.4769	0.4695	-2.2293	1.1693	-0.4365	0.1675	-0.0935	-1.8826	-0.9415	0.1613	0.6194	-0.9507	2.1344	-1.1592	-2.3044	-1.1868	0.3596	-1.1453	-0.7638	1.0548	-0.4263	-1.0737
-0.3455	-1.7870	0.0659	0.0447	-0.2801	-0.9083	-1.0922	-1.1498	0.6796	-1.1042	-0.6304	-0.1655	-1.0510	0.3165	-0.4350	-0.1540	-0.6424	-0.4762	0.7605	-1.7898	-0.0107	-0.8725	-0.8240	-0.4844	-1.4174	-1.0593	-0.3850	-1.5358	-0.4720	-1.7602	-0.1383	-0.5300	0.4260	-1.4136	-2.2694	-1.0206	-0.1260	-1.4087	-1.1971	1.6376	-0.4319	-0.8684	-1.3983	-0.1521	-0.3602	-0.4744	0.7904	-0.5662	-2.1750
-0.6014	-0.4078	0.4647	-0.2281	-0.3935	0.1016	-0.4881	-0.9432	0.3295	-0.8940	-0.2016	-1.6907	-0.7564	0.4177	-0.3958	0.5837	-0.7147	-0.3322	0.1972	-0.5488	0.7966	-0.3866	-0.2134	-0.9554	-0.3594	-0.9149	-0.1034	-0.3005	-0.9950	-1.4201	-0.4484	-0.5402	0.0291	-0.9628	-1.2495	-0.4209	-0.9904	-0.6536	-0.5413	0.6126	-0.6656	0.3157	-0.3919	-0.6196	-0.1006	-0.5338	-0.1289	-0.6337	-0.3777
-0.0133	0.2318	0.7342	0.2579	0.7500	0.4016	0.6913	-1.5390	0.6834	-0.9123	0.1742	0.3904	-0.5966	-0.4399	-0.2069	1.3415	-0.8278	-0.4910	0.1716	0.8999	0.4990	-0.2785	-0.1098	-0.3279	-0.2350	0.1692	-0.1018	-0.2189	-0.1285	-0.6881	0.6065	-0.2908	-1.0306	1.0939	-0.9436	0.1591	-1.3076	0.5615	-1.4715	0.4502	-0.7640	-0.4388	0.8276	-0.7476	0.0503	0.1769	-1.2478	-0.5325	-0.3618
-0.6696	0.1241	1.7523	-0.0233	1.0199	-0.3948	0.9140	-1.2996	0.8483	0.0222	-0.8981	0.3638	0.0810	0.1137	0.6720	1.6080	0.5986	-0.6971	0.0668	0.3646	-0.0797	-0.3799	0.0615	0.1333	1.0772	-0.2076	-0.4185	0.2304	0.6129	0.0100	0.3868	0.4859	0.3272	1.1770	-0.0180	1.0261	-0.9513	0.3938	0.0288	0.4945	0.2610	0.1052	0.9734	-0.1312	-0.5437	0.5233	-1.1603	0.2805	-0.6876
-1.2726	-0.0554	1.9248	-0.1463	0.7373	-0.5806	0.1944	-0.1311	-0.2196	-1.3580	-0.9691	-0.3414	0.6529	0.3963	0.5927	2.2362	0.5449	-0.8038	-0.5750	-1.0276	-0.6419	-0.1963	0.0993	0.0641	0.2533	-0.6063	-0.3048	0.0022	-0.0466	0.2270	-0.4742	0.2191	1.2856	0.8050	0.3611	0.8323	-0.3257	-1.8016	-0.0955	-0.8075	0.5549	-0.3074	0.4247	-0.2670	-0.1416	1.3378	1.0463	0.0372	-1.8296
-1.0166	0.9909	1.9466	0.7319	-0.3823	-0.2921	0.2090	-0.4909	-1.6312	-0.8745	0.0971	-0.1716	0.5911	0.1300	0.4954	2.0542	0.2496	-0.4008	-0.6627	0.4672	-0.1068	-0.1936	-0.7115	0.4949	0.0839	-0.0780	-0.2495	0.2801	0.4479	0.5897	-0.3050	-1.7964	0.0833	0.5565	0.3465	0.3258	-0.5510	0.8738	-0.1199	-0.8422	-0.4445	-0.4364	1.3543	-1.3926	-0.4965	0.3631	0.7189	-0.1583	-0.7374
-1.3422	0.8369	1.0750	1.0401	-0.7698	0.5886	-0.3935	-1.4153	0.0664	0.3860	0.2190	0.0054	1.6432	-0.1761	0.8242	2.1052	0.8591	0.2099	-0.1243	1.1834	0.3053	0.0603	-0.0734	0.1555	-1.0554	-0.6774	-0.5535	0.6674	-0.0931	1.6231	0.7758	-0.9003	-1.1616	1.5842	0.0329	0.1601	-0.4529	1.4369	-0.6113	-0.5800	0.3730	-1.0620	1.0494	-0.9220	0.0801	-0.2334	-0.4398	0.1298	-1.2164
-1.3653	0.4788	0.6174	0.6273	0.2711	0.6077	-0.1744	-1.3287	1.0351	1.6853	0.4277	0.1680	1.8265	-0.3801	1.2468	1.2221	0.7557	0.8981	1.0780	0.8246	0.5325	0.2897	0.8418	0.5715	-1.0799	0.4680	0.5845	1.0421	-0.5354	1.3407	0.1713	0.2987	-1.5129	2.0475	0.2900	0.2095	0.1155	1.8726	-0.1689	-0.5595	1.6180	-0.4935	0.9673	0.3394	0.7764	1.8415	0.6853	1.6871	0.2878
-1.6004	0.3760	0.6481	0.7715	0.6679	-0.4042	-1.4172	-1.2911	1.1026	0.9159	2.0385	0.0843	0.6262	0.1209	1.4103	0.4548	0.3140	0.6176	1.2653	1.1435	1.1750	0.0791	2.0428	0.8783	-0.2703	1.5068	0.5929	0.7744	1.2832	0.7749	0.4776	1.4351	-1.3269	1.3011	1.6299	-0.3296	0.7866	1.5572	1.2081	0.6251	1.7607	0.8065	0.8375	0.6010	-0.0115	1.1558	0.6638	2.3321	1.0244
-2.2960	0.0765	0.1512	1.5714	-0.0421	0.0298	-0.5969	-1.4429	1.1524	0.6647	2.3642	-0.3647	-0.2958	0.5191	0.5948	0.6003	0.3592	0.6573	1.6749	0.3752	1.3148	-0.1214	1.0886	-0.2851	0.0774	0.8690	-0.3251	0.9233	1.3855	1.1094	0.8590	1.2346	-0.5536	0.6677	1.7180	-0.3261	1.3940	0.7855	1.4803	1.7760	1.6668	1.0341	1.3645	-0.8311	-0.6070	0.2592	0.2411	1.1867	1.4583
-1.3151	-0.4851	-0.8284	1.7145	0.8963	0.3592	0.3288	-2.3386	1.3557	1.0373	1.5178	0.8700	-0.7760	0.6596	0.2822	0.2680	-0.0066	0.4055	2.1090	0.1741	0.6606	0.2576	1.2558	1.7194	-0.7936	2.2812	0.0656	0.7032	0.7169	0.7252	0.0602	0.6680	-0.4324	0.9389	1.4214	-0.7998	1.6238	-0.0163	-0.0273	0.9176	1.4196	0.6021	0.2312	-0.4145	-0.7522	2.2468	1.2995	0.9483	1.0664
-1.0852	-0.8817	-1.4660	0.6143	-0.3781	0.6263	-0.3820	-2.6563	1.1032	0.8254	2.2340	-0.9087	-0.8921	-0.2536	-0.4497	-0.2193	-0.3946	-0.3967	1.0429	0.1476	1.1457	-0.8620	0.5514	0.3914	-1.3632	1.9596	-0.2682	1.3704	0.0697	0.7275	-0.5341	-0.7957	-0.3582	0.5911	0.4837	-1.0010	2.4226	-1.1024	-0.0614	1.6571	2.1673	-0.6649	0.7737	-0.2003	-0.4128	1.1123	0.1934	0.3693	-0.0930
-1.6862	-1.2656	-1.2925	1.2001	-1.3148	0.3145	-0.7399	-2.9776	0.4205	-0.1427	2.7533	-1.3905	-1.1941	-0.5577	-1.0467	-0.1915	-0.1355	-0.2463	1.2529	0.2400	1.9667	-1.3837	0.0058	-1.3183	-1.0274	0.6634	0.3988	1.4534	0.5336	1.0286	-0.1302	-1.2753	-0.7723	0.1681	0.2177	-0.0267	0.8123	0.7008	0.3954	1.0231	0.6176	-0.4854	0.5188	-0.5312	0.6471	0.2813	-0.8585	-0.3408	-0.8302
-1.2536	-0.5706	-0.8774	1.9310	-1.3685	0.1290	1.9437	-1.9384	0.8254	-0.0229	1.2980	-1.2693	-1.2698	0.2500	-0.8685	-0.2725	-0.0655	0.4404	1.4317	0.4029	1.7998	-0.3874	0.6210	-1.2473	0.0687	-0.0426	1.2112	1.2909	-0.6911	0.4765	-0.5041	-0.4045	1.0914	0.1321	0.3488	1.3199	0.1471	0.1063	0.6027	0.3906	0.0368	-0.0826	-0.7575	-0.1548	1.0118	-1.2239	0.5941	-0.3367	0.2214
4.7537	-1.9000	-0.7902	0.5519	-0.3178	0.8421	3.4217	2.2804	4.1428	-0.9536	-0.8796	-0.0393	-2.1698	-0.5584	0.2799	-0.1063	-0.2072	3.9264	3.2223	0.6172	0.7715	1.1920	1.8760	-0.8258	2.6355	-0.1711	0.1414	0.4275	0.1484	-0.7244	0.3877	0.1962	1.9491	0.4537	-0.9278	0.9208	-0.6506	-2.1970	-1.2415	-3.4387	-1.4425	-0.0348	-1.8657	-0.9713	-0.7900	-4.1703	-1.5677	-1.3376	-0.0656
4.2248	0.0606	-0.5742	-0.7468	-0.9854	1.0699	1.5022	2.4724	2.3138	0.0903	-1.3308	-0.2039	-0.6078	0.8788	0.8996	-0.8213	-0.4687	2.6358	0.9939	-0.6046	-0.0240	0.1350	1.0222	-0.4386	1.8654	-0.8798	-0.1775	-0.2944	1.6838	-0.4204	0.2607	0.3618	0.7141	0.2051	-0.1925	-0.2002	-0.7650	-2.2217	0.5525	-3.2002	-0.3043	1.2073	-0.4725	-0.7283	-0.5784	-1.2679	-0.6291	-0.3128	0.9988
1.7178	-1.0173	-0.1839	-0.8975	-0.0628	0.0332	0.5647	1.4133	-0.0081	-0.1512	-1.4896	-0.1613	-0.2479	1.4456	0.7044	-1.2630	0.7841	0.3838	0.0070	-0.5937	-1.4269	-0.1220	0.1390	0.3347	1.0951	-1.8499	-0.0881	-0.1584	-0.1051	-0.4171	0.3080	0.3619	0.0519	0.4340	0.8503	0.0246	-0.7741	-0.5704	0.0932	-0.5294	0.5535	0.4118	0.0599	-0.9820	-0.3685	-0.9073	-0.8523	-0.5334	-0.8424
1.8102	-0.2818	0.3677	-0.1766	0.4360	-0.0942	0.8000	0.8951	-0.7106	0.1144	-1.1322	0.5345	0.0816	0.0917	0.4302	-0.3668	0.5954	0.1253	-0.0160	0.0148	-2.1518	0.2020	-0.1231	0.7517	0.6368	-0.9755	-0.4075	-0.0638	-0.5158	0.0513	0.2479	-0.0827	-0.5125	0.5247	0.6459	0.1123	-0.9860	0.9247	-0.0360	0.1271	-0.0579	-1.2241	-0.2653	-1.0192	-0.6344	0.3282	1.0929	0.0214	-0.0890
0.8384	0.9669	1.2838	-0.3163	0.8850	0.5073	-0.5069	0.9848	-0.8659	-0.6498	-0.6739	1.1590	0.8288	-0.1264	1.0611	1.0562	1.1150	0.1789	-0.3113	0.9045	-1.9271	0.5933	0.7921	0.8365	0.8943	-0.2998	-0.4287	-0.0157	-1.1038	-0.1985	0.6959	1.0848	-0.8385	1.7056	1.4838	0.7310	-0.8824	1.0194	0.2544	-0.7859	1.0286	-1.6480	0.5028	0.3408	-0.2616	1.7307	1.3081	-0.3356	-0.3792
0.3333	1.6797	1.3908	0.0908	1.1620	1.2914	0.0603	0.6525	-0.2246	0.0348	-0.6585	1.4999	1.1518	1.1637	1.9118	1.5124	1.5802	1.2734	0.2367	1.3877	-1.1765	1.1407	0.8323	1.1654	1.9510	0.2215	0.7959	-0.1149	0.4689	0.1535	2.1626	1.9289	0.4319	1.8688	1.5213	1.2946	-0.4445	-0.9061	1.1131	-0.6486	0.6808	0.2520	0.7643	1.3660	0.5530	0.7861	-0.2878	-0.2620	0.0054
-0.5521	1.1613	0.5517	0.5138	0.8451	2.5435	0.0773	-0.0038	-0.0196	1.1611	-0.3701	0.5163	1.0023	1.9257	1.2743	1.4635	2.4735	1.7765	0.1810	2.0654	-0.3483	1.5085	0.3630	1.7734	2.4524	0.5323	1.0127	0.5426	0.4747	0.6522	1.8759	1.5486	0.8534	1.4516	1.3209	0.7792	0.6849	-1.4845	1.3553	-0.1920	1.3532	1.1660	0.9469	0.6319	0.6092	-0.4960	-1.6333	-0.0786	0.1929
0.1308	0.6640	0.5738	-0.3824	0.5960	1.6103	0.9665	0.5195	-0.4354	0.1476	0.7526	0.9602	0.2515	1.9525	0.0523	0.6684	2.8074	1.4636	0.1158	1.7668	-0.8386	1.3968	0.1943	-0.2297	1.8176	1.4057	0.2515	0.5084	-1.5060	0.1039	0.5739	1.2877	0.8167	1.4745	2.0454	0.5932	0.8403	-0.6121	1.2287	-0.5856	1.4694	1.3674	0.7822	-0.0349	0.9084	0.7932	-0.9348	-0.0727	0.3828
0.5632	0.8043	0.6015	0.2866	0.2130	0.8507	1.5503	0.8411	0.0361	0.9760	1.0105	1.0549	0.1198	1.5586	0.1230	-0.0025	1.5361	1.7432	-0.1525	1.9616	-0.5683	0.5500	0.2178	-0.5971	0.8331	1.2073	0.5703	0.3461	-0.6990	-0.3365	1.6653	0.6747	0.7585	1.4917	1.0741	1.0725	0.0463	0.2844	0.1357	-0.0424	0.4488	0.0535	1.5592	-0.7621	0.8578	0.3662	-0.2943	-0.3366	1.3791
-0.6344	0.4680	1.1598	1.3675	-0.0735	1.4074	1.3445	1.4463	-0.3627	1.1706	0.3395	0.9624	0.5294	1.9181	0.1865	-0.0521	1.3251	1.7805	0.1598	1.6619	-0.1349	1.1899	0.0051	-0.1479	1.5897	0.7494	1.1756	0.8566	-0.1848	0.1524	0.2398	0.8334	1.6294	0.8409	2.3792	1.1620	0.3535	0.7206	0.7714	-0.5581	0.7348	1.5447	1.3397	-0.1033	0.0033	0.1580	0.6807	-0.1922	1.4276
-0.6416	0.4580	1.2275	2.1476	0.4700	2.4614	1.3292	1.4755	-0.1680	0.4324	0.1164	1.3954	0.8613	2.9710	0.1706	-0.2353	1.1225	1.5674	0.2810	1.7198	-0.9807	2.0844	1.0176	0.3011	1.2492	0.7509	2.0706	1.0794	-0.5852	0.4387	-0.3103	1.3140	1.6486	0.7576	2.9021	1.1522	-0.2605	0.1647	0.9991	0.3110	1.2071	1.2661	1.1005	0.2508	1.0067	0.9501	1.1033	0.3655	0.9195
-0.6538	0.0787	0.2356	1.9301	0.8781	1.8266	-0.1967	1.0868	-0.2036	1.3529	0.6383	0.3562	0.3829	2.0996	-0.1104	-0.2803	1.1141	1.1120	-0.2321	1.2927	-0.7142	1.7669	0.6412	1.1097	0.2197	0.5095	1.5726	1.1773	-0.6244	0.9265	0.2879	0.0424	0.1768	0.6120	1.7376	0.8357	-0.0343	0.1738	0.6303	0.3463	0.7116	-0.1654	2.1620	-0.5975	1.1249	-0.1543	0.0333	-0.9666	-1.0476
-1.5174	1.1688	0.3842	0.2259	0.9497	1.2912	-2.1998	-0.7449	-0.7579	0.4985	1.5388	-0.7845	0.3193	1.5656	0.1556	-0.5278	2.1127	0.8441	-0.4707	1.8840	0.0337	1.1931	0.4259	0.3012	0.5580	1.0148	0.2646	0.7784	-0.2821	0.8240	0.6933	0.2599	0.5246	0.6554	1.6043	0.5414	-0.2027	1.8377	1.5117	0.4263	0.3825	-0.1564	1.6827	-0.8149	0.2497	0.0898	0.4274	-1.2084	-1.5041
-2.1980	1.5351	0.5755	-1.1842	1.6042	0.5678	-0.5949	-2.5410	1.3477	1.3981	1.0331	1.6015	0.8804	2.1174	1.6682	-1.9504	2.2866	1.3008	-0.2290	1.8989	-0.1294	1.5936	1.2734	1.2578	0.1043	1.2453	0.3110	-0.2017	-1.0347	0.1777	-0.2071	1.9579	3.5889	0.0896	1.3547	0.0673	-0.4752	1.9797	1.3202	0.8446	1.5581	1.2804	1.2603	1.9015	1.3987	3.0534	1.5308	0.0744	0.3581
-0.1710	1.4512	0.9334	-0.2341	1.6990	1.7461	0.9243	-0.0333	2.2151	1.9870	0.6642	4.0698	1.2930	0.6263	1.7804	0.2153	-0.0094	1.2106	0.2591	1.9096	0.3538	1.6577	1.1129	0.8193	1.1363	1.9598	1.0915	1.0477	-1.6716	0.8659	-0.3874	2.0130	1.8838	0.6323	1.9129	-0.0988	0.5566	1.4042	-0.0525	0.4619	2.5407	1.5838	2.0589	1.5952	1.7959	1.6574	-0.1767	-0.1117	0.8039
3.3198	1.5263	0.9198	-0.3483	1.4976	1.3094	1.6811	1.4379	0.3712	1.7691	1.1207	3.1975	-0.2946	-0.1972	1.2148	0.8662	-1.8657	0.6514	1.7296	0.9885	-0.0737	2.2458	0.3881	0.9263	2.1019	2.9488	0.7857	0.2344	-1.1285	1.9016	-0.0114	1.3338	1.3323	0.5465	1.4064	-0.4686	2.7239	0.5246	0.3002	-1.1580	1.1866	1.7581	1.0511	-0.1049	0.2868	1.2211	-0.5197	0.8182	1.0317
3.0481	0.2952	-1.0710	-1.3282	0.2845	0.0169	-0.9409	2.2493	0.3290	0.1989	1.1755	0.9587	-0.8517	-2.0742	0.7117	0.9453	-2.5971	-0.7017	-0.2639	0.3047	-0.5709	1.2070	1.2266	1.2531	0.4652	1.7532	0.3164	0.2342	-1.0095	1.3154	0.1524	1.3013	-0.3704	-0.0370	-0.8604	-1.2655	1.8690	-0.0331	-0.9447	-1.8359	-0.3660	1.6306	0.0191	-0.0538	0.2485	0.6840	-2.3142	0.1171	-0.3275
2.2116	-1.3003	-0.6624	-1.8453	-0.4543	-0.2436	-0.0151	1.7862	0.4973	-0.8450	0.0443	0.5613	-1.0818	-1.3892	0.2268	0.5416	-1.3433	-0.3901	-0.4390	-0.9902	-0.7007	0.1356	1.2339	-0.4306	0.7463	0.5353	-0.0940	0.5128	-1.1725	-0.3478	-0.2337	1.0780	0.1860	-1.1554	-1.4236	-0.0054	0.2478	1.1797	-0.6482	-1.6402	-0.2856	0.8735	-1.3190	-0.1657	0.4282	-0.2256	-1.4812	-0.5735	-1.0623
2.1761	-0.5094	-1.1637	-1.3546	-1.3488	-0.2643	-1.3357	0.8075	0.2426	-0.3086	0.5048	0.8634	-0.0289	0.0640	0.2636	1.2696	-1.2354	-0.2355	-0.8480	-1.3200	0.8552	-0.5542	0.1005	-0.6802	0.0291	0.6027	-0.0938	0.0913	0.0237	0.2323	0.0695	0.5229	-1.3444	-0.6795	-1.1036	-0.0444	-0.0059	1.3571	0.1671	0.2458	-0.4218	0.7575	-0.7604	0.1161	1.6610	0.6623	-0.3324	0.8025	-0.0451
1.9889	1.1593	-1.1423	-0.7732	-2.6149	-0.4963	-0.3590	0.7066	-1.1761	1.3474	0.8110	1.1963	0.2869	0.5754	-0.3583	0.8765	-0.9578	-1.0075	-1.7519	-1.9719	1.1397	-1.2227	-1.5047	-0.4558	-0.4943	-0.4764	0.4963	-1.2513	0.3659	0.7126	0.0073	-1.4519	-1.7678	-0.8098	-1.6620	-0.5845	0.2623	1.9241	1.1939	1.5476	0.6322	-0.9095	0.1427	0.0777	2.8129	1.3897	0.2631	2.4462	1.6736
-0.3640	0.6276	-1.1144	-1.3350	-2.2807	-1.3536	-2.6502	-0.0877	-1.6651	0.5722	0.3737	-0.2732	-0.2437	-0.3470	-1.1022	-0.7240	0.1359	-1.7841	-1.9050	-1.9161	0.1682	-1.8479	-1.7319	-0.3708	-1.2879	-1.9003	-0.4191	-2.7305	0.1622	0.1518	-1.0290	-2.2770	-2.3832	-2.1746	-1.1847	-2.1929	1.0844	0.3705	0.4707	2.1274	1.0514	-0.9913	-0.5290	-0.8708	2.6282	1.2787	0.1300	2.1923	0.2857
-1.2340	-0.2290	-0.4946	-1.8916	-2.0107	-2.5206	-2.4889	-0.0921	-2.4377	-0.2905	-0.5839	-1.9922	-0.3453	-1.4749	-1.8227	-1.3923	0.4960	-2.4386	-2.2344	-2.3109	-1.4249	-2.2711	-1.8785	-1.6321	-1.7064	-2.1689	-2.3440	-2.7872	-0.3947	-0.5017	-0.7644	-2.5440	-2.4989	-2.0365	-1.2504	-1.6412	1.3812	-1.0591	-0.6369	0.9463	-1.0687	-2.2686	-1.1355	-2.2230	0.5433	-1.1421	-0.1469	0.3773	-1.1694
-0.7878	-1.4730	-0.4477	-1.3137	-1.8603	-3.8423	-1.9305	-0.6958	-3.1488	-2.1893	-0.6231	-1.7223	-1.1941	-2.6476	-1.9833	-1.0725	-0.3738	-3.1629	-1.5966	-3.1468	-0.4916	-1.9277	-2.1333	-0.7635	-2.1147	-1.9196	-2.7715	-2.5916	0.2845	-1.2353	-0.9195	-1.9656	-2.7736	-1.9165	-0.9534	-1.7551	1.5475	-2.6710	-1.2241	0.0317	-3.0209	-1.5450	-2.5485	0.0527	-0.5212	-2.4894	-0.0721	-0.9490	-2.7074
-1.3751	-2.2809	-0.1943	-0.5646	-1.2517	-2.0821	-1.8016	-0.6113	-1.9419	-2.4351	-1.2128	-2.0831	-0.1041	-2.4016	-1.7823	0.1704	-1.3160	-2.8706	-1.6175	-3.0557	-1.6795	-2.7894	-2.1760	-1.3593	-2.3403	-1.8098	-2.7896	-2.3013	-0.7111	-1.6855	-1.7931	-2.0180	-0.4661	-1.9278	-1.5322	-1.9268	-0.1529	-1.6934	-1.8542	1.1668	-1.4615	-3.1898	-2.1305	0.3847	-1.2037	-2.3232	0.2573	-1.5843	-2.0471
-0.6960	-1.6028	1.4664	-0.9066	-1.0620	-1.3869	-1.3189	-0.7400	-2.2538	-2.3218	-0.4257	-3.1799	0.6076	-1.6017	-2.0935	0.5346	-0.6333	-2.4504	-1.2771	-2.4504	-1.3598	-3.2095	-1.9589	-2.7073	-2.0056	-1.4485	-2.4595	-1.1724	-0.8129	-1.6980	-2.1715	-2.5610	-1.0241	-1.0901	-0.6646	-0.7698	-0.4670	-0.3565	-1.2336	-0.1138	-1.8799	-2.9412	-1.0833	0.3252	-1.7692	-0.9147	-0.4264	-2.2949	-1.2226
-0.6851	-0.1159	2.1732	-0.6448	-0.7896	-1.3296	0.9281	-1.9402	-2.2301	-2.2764	-1.3241	-2.2794	0.6250	-1.2055	-0.0477	0.8099	-0.4970	-1.9805	-1.2071	-1.1340	0.1161	-2.2738	-2.1397	-3.0493	-1.2378	-2.3361	-1.8329	-0.3719	0.0576	-1.1091	-0.8642	-1.9700	0.7777	-0.3115	-1.4754	1.1214	-1.0281	0.9429	-0.8517	1.4569	-0.2811	-2.7965	1.0234	1.0822	-1.3029	-1.6462	0.2245	-1.8026	-0.8296
-1.2825	1.0070	2.8397	0.0006	0.4377	0.3767	-0.9478	-2.0397	-1.4260	-2.3638	-1.6708	-1.0297	1.4331	-0.5431	1.7130	1.4729	0.3580	-0.6775	-0.1249	-0.8718	0.0340	-0.1846	-1.2482	-1.8343	-0.2225	-2.0486	-0.9848	-0.0435	1.2343	-0.0658	-0.7777	-0.2610	1.0555	-0.3806	-0.5123	1.2531	-1.8695	0.5145	0.5144	3.0623	-0.0486	-0.6762	0.3842	1.4677	-1.1248	-1.1634	-0.6362	-0.8075	-0.6589
0.1867	2.3689	1.6080	0.6743	1.7966	0.3924	-1.4400	-1.8299	-0.2560	-0.2703	-0.2741	-0.3227	1.0389	-0.1651	1.4537	0.5944	0.8469	0.2816	0.4658	-0.0040	0.3745	0.4816	0.1964	0.7622	-0.5415	-0.0428	0.4672	0.7308	2.3343	-0.0131	-0.0128	0.0689	-1.4022	0.4975	0.0630	1.0275	-1.3694	0.6271	0.0560	0.7562	-0.5099	0.1359	0.4658	2.9742	-1.4885	0.2871	-1.2643	0.0483	1.9956
0.0424	1.7387	1.3478	0.9767	2.1111	-0.9704	-0.0403	-1.5562	1.0983	0.2256	-0.1241	-1.1696	-0.0185	0.7054	1.3304	0.1420	1.3857	0.5187	0.6108	1.1786	1.3825	0.6394	-0.0509	1.2200	0.3899	0.7698	1.3150	1.5726	2.1262	0.2059	1.3539	0.9733	-0.0005	0.8193	0.1017	1.5835	-0.7166	1.3650	0.7799	0.4830	0.8235	0.5800	1.0130	1.8115	-1.3624	-1.2012	-1.8062	1.4066	1.8492
-0.3211	1.1156	-0.2798	1.4420	0.1283	-0.7920	1.2853	-0.5340	-0.2097	1.2491	0.6290	-0.6452	-0.6379	-0.3323	-0.6814	-0.0741	-0.2832	-0.3162	0.2031	0.5439	1.2317	0.6726	-0.6970	1.6759	-0.4887	0.5850	0.9200	1.3139	1.0585	0.7601	0.4609	-0.0815	0.4192	0.3109	0.0871	0.1877	0.9966	-0.2706	0.6095	-1.2624	0.9074	1.3294	1.2076	1.3244	-0.9401	0.9836	0.2936	1.4907	2.2280
-0.2893	0.0140	-1.3879	1.3528	-0.4698	-0.6032	-0.2812	0.8173	-0.3900	1.6402	0.0399	-0.5807	-2.0033	-1.1652	-0.3453	-0.8433	-0.8958	-0.1652	-0.0390	-0.5092	0.2508	0.5945	0.4674	0.2451	-1.3102	-1.0636	0.7272	1.3000	-0.1681	0.9607	0.1148	0.5780	0.4234	0.0957	-0.3960	0.0759	0.4483	0.0972	-0.0907	-1.2400	0.4171	0.0192	0.4647	0.1455	-0.7196	0.0880	1.1578	0.4022	1.6374
0.6584	-0.7529	-1.4322	2.3708	1.0175	0.8618	0.0839	0.8970	0.8826	1.3346	-0.0971	1.3310	-0.9125	-1.4817	0.3839	-1.1562	-0.7126	0.3778	0.1302	-0.3102	0.7408	0.5093	1.1386	0.4354	-1.1375	0.4283	0.9581	1.1663	-1.5001	1.4618	0.8485	1.4246	0.0792	0.5942	-1.4611	0.1863	0.0813	0.2263	-1.1635	-0.8600	-0.9852	-0.5979	-0.1232	-1.1116	-0.5045	-1.1619	-1.0623	-0.1054	0.4985
0.3962	-0.2150	-1.6391	2.1176	0.4079	0.5836	-0.1911	0.3154	0.6605	0.5955	0.4425	0.5040	-0.8039	-1.4740	0.2647	-1.4731	-0.9431	0.5305	-0.5712	-0.3253	0.8430	0.1017	0.9397	0.9468	-0.7959	0.5012	0.8765	0.5268	0.1430	1.1791	0.9584	1.4331	-0.2666	-0.8307	-1.7396	-0.7576	-0.0769	-0.1213	-0.3271	-0.6187	-1.6739	1.0595	0.0228	-0.6826	-0.7371	-0.5160	-0.8674	0.5271	0.6954
0.2277	-0.6001	-1.6727	0.5127	-0.6909	-0.9029	0.5942	0.2582	-0.0030	-0.3981	0.6300	-0.5674	-1.4740	-0.8590	-0.5313	-1.7759	-1.3443	0.1017	-0.7460	-0.6376	0.7299	-0.1606	-0.2698	0.7707	-0.8597	0.7244	0.7614	0.1216	0.5134	0.3891	0.2656	-0.2141	-0.4314	-1.1290	-1.4165	-1.3726	0.5942	0.3507	-0.2220	-1.0949	-1.0377	1.2161	-0.2726	-1.3710	0.4715	-0.9445	-0.4727	0.8815	0.3274
-0.5902	-1.1019	-1.2767	-0.2618	-1.4181	-2.1604	1.4830	-0.3546	0.3739	-0.1491	-0.8549	-1.2764	-1.5102	-0.7829	-1.3291	-1.9007	-1.0150	-0.5596	0.1425	-1.3759	1.1708	-0.8454	-0.5648	-1.1808	-0.7506	-0.9931	-0.2127	-1.2403	0.5899	-0.8711	-0.7326	-0.6576	0.4405	-1.3739	-0.8181	-1.1030	-0.2820	-0.4995	0.2249	-0.8434	-0.7449	1.6164	-1.4874	-1.1618	0.5311	-0.8601	2.1256	0.3627	1.7636
0.4675	-1.1832	-1.4388	0.8535	-0.5236	-0.8735	0.9961	-0.4511	0.7529	-0.7082	-1.5700	-0.1213	-0.7623	-0.8390	-1.4772	-0.8178	-1.6207	-0.8182	0.1841	-0.7637	0.1278	-0.9942	-0.3963	-0.0043	-0.8532	-0.3919	-1.5744	-1.6056	0.1248	-1.0886	-0.3717	-0.5807	-0.3072	-0.8250	-1.0955	-1.2323	-0.2377	-0.3417	-1.3851	-0.9669	-0.6898	0.5389	-2.1323	-1.2306	-0.4317	-0.0762	2.8504	-0.1909	0.8811
-0.4194	-1.3505	-0.9423	1.2015	-1.5518	0.9263	-0.7185	-0.6539	-0.0146	-1.6009	-1.0478	-1.5720	-0.2223	0.3162	-1.2550	-0.0511	-1.5351	-1.0433	0.0348	-0.9277	0.5623	-0.7984	-1.6480	0.0685	-1.0717	-1.0636	-1.0043	-0.9151	-0.8654	-1.0062	-0.2106	-1.3753	0.6385	-1.1323	-0.3921	-0.8695	0.2995	-2.0731	-0.9794	0.7906	-0.6935	0.0036	-1.8649	-1.4321	-0.6740	-1.9870	-0.2926	-0.2364	-1.1762
0.1846	-1.5564	0.1146	-0.1376	-0.8408	-0.5953	-0.9939	-0.4385	-0.9120	-2.1086	-0.6477	-1.8634	-0.2894	-0.2005	-1.7704	-0.6709	-0.7608	-0.6958	0.8843	-0.7568	0.0543	-0.8606	-1.4597	-1.4536	-0.7176	-0.7713	-1.2518	-0.6112	-1.0597	-1.6578	-0.7893	-1.7153	-0.6809	-0.4705	0.3581	-0.9846	-0.7694	-1.6168	-1.0979	0.4389	-1.0496	0.3331	-1.0070	-1.4293	-0.5962	-0.6690	0.0146	-1.1438	-1.5930
0.2733	-0.2589	-0.1324	-0.1620	0.0397	-0.4465	0.4322	-0.4312	-0.5380	-0.2207	-1.2236	-0.2445	0.5556	-0.7923	-0.6380	0.1578	-1.4487	-0.7223	-0.2444	-0.2236	-0.9934	-0.8844	-0.3100	-1.5766	-0.2134	-1.0372	-1.1623	-0.6967	0.0382	-1.6982	0.0528	-0.8867	-0.7917	0.2132	-0.6527	-0.7303	-1.6851	-1.7256	-1.1887	0.6233	-1.5963	-0.5744	-0.6698	-1.1413	-0.8701	-0.4823	0.1271	-1.9858	-0.9207
0.1511	1.0639	-0.1865	-0.0910	0.2141	-0.3371	1.1630	0.0141	0.3908	-0.3191	-1.1576	0.9059	0.7005	-0.0396	0.4164	0.9861	-1.0680	-0.4430	-1.0051	0.3644	-0.9252	-0.6263	0.2188	-0.6702	-0.2231	-1.2421	-0.4219	0.0231	0.8017	-0.5744	1.0217	-0.2236	-1.1043	0.4348	-0.9207	-0.1539	-2.2025	-1.1886	-0.8316	-0.0006	-0.9190	-1.1876	-0.0058	-0.2845	-0.2412	-0.6131	-0.8159	-2.0106	-1.1749
1.5334	1.9259	-0.3944	-0.8097	0.7528	-0.0828	3.0623	0.5860	1.3214	-0.0628	-0.6075	1.5597	1.0001	0.6584	0.8923	0.3512	-1.3194	-0.0546	-0.4216	0.5676	-0.2538	-0.0038	0.5834	-0.8670	0.5654	0.1983	-0.1869	0.5424	1.5210	0.3575	1.5396	0.4110	0.8684	0.2463	-1.2453	0.6381	-1.8852	-0.2421	0.7424	-0.0252	-0.3709	-1.3783	0.2399	0.9644	0.1362	-0.2251	-0.7813	-0.9068	0.0845
0.6767	-0.4481	0.3233	-1.4482	1.2473	-0.0511	0.9245	0.5483	0.4618	0.0468	-0.9285	0.3092	1.3451	0.0126	0.8346	-0.8654	0.1790	0.2459	0.4788	-0.9435	-0.8723	0.2237	0.0312	0.7889	1.0666	-0.6975	-0.2531	0.4375	0.7912	0.4521	0.8600	0.7891	0.3422	0.0268	-0.5476	1.3037	-1.1848	0.9553	0.4791	0.6364	-0.1751	-0.7481	0.0659	1.0280	0.3878	-0.6518	-0.7421	-0.2408	-1.7287
-0.1391	-0.5502	0.5429	-0.6278	0.6129	-0.1084	-0.1770	0.8902	-0.9344	0.2329	-1.0418	-0.7804	1.8741	-1.6805	0.7589	-0.5922	0.3243	-0.2027	-0.2430	-0.3683	-0.2545	0.1754	0.0724	1.7390	1.0344	-1.6419	0.0278	0.6800	1.0840	1.0009	1.7496	0.4378	-0.7315	0.2470	-0.7859	1.4734	-0.3614	1.3632	-0.5921	-0.1868	-0.4955	-0.3090	0.0081	0.7816	0.1658	-1.5149	-0.1343	-0.3190	-2.0337
0.5425	1.2336	0.5390	-0.6635	0.2807	0.6703	0.7090	0.9367	-0.0334	-0.0747	-0.4615	0.7075	2.0139	-0.2974	0.4218	-0.2272	0.0079	-0.3380	-0.6805	0.0533	-1.1039	0.3493	0.5164	1.2386	0.8056	0.0635	0.1866	0.3273	-0.5040	0.6151	0.5937	0.4409	1.0266	0.7716	0.1337	0.8434	-0.7420	1.3742	-0.1962	-0.5898	1.3833	-0.8599	0.6368	1.1159	-0.0325	1.1039	1.2997	0.2843	-0.5894
0.8196	0.7904	0.1727	0.3459	0.4122	0.5301	0.6721	0.4211	0.6033	0.3429	0.2085	1.8580	1.2859	0.0632	0.8248	-0.6643	0.3350	0.0393	0.1770	0.6029	-0.0117	1.0510	0.6507	1.6942	0.8536	0.8632	1.0054	0.1814	-0.3677	0.0610	0.2789	0.2215	0.4277	0.9972	0.1367	0.1569	-0.1265	0.8385	0.2607	-0.2034	0.8281	0.0344	0.4371	1.7467	-0.3460	0.6038	-0.5061	1.1564	0.4343
-0.2312	0.0781	0.2825	0.6163	0.7829	0.6913	-1.0128	-0.2002	0.8508	1.1764	0.7145	0.5613	0.7320	0.9543	0.4850	-0.3015	1.2239	0.8287	0.6450	0.9521	0.3894	0.9639	1.0376	1.0124	1.0263	0.8426	0.8905	0.3241	-0.3385	0.6115	-0.6807	1.2709	-0.0388	0.4468	1.0782	0.1257	0.5816	0.6025	1.2599	0.1884	1.7175	0.9877	-0.0739	0.7894	-0.1252	1.1749	0.3646	1.9939	1.0727
-0.3563	-0.3634	0.1079	-0.5403	0.9249	0.5322	-0.6167	-0.3943	0.6966	0.6482	0.8616	1.0891	-0.5035	1.5196	0.7321	0.8029	1.3158	0.8880	0.6069	0.8946	-0.0316	0.8683	1.1095	0.3693	0.9842	1.7659	0.8442	0.0522	-0.3693	-0.0410	-0.9010	1.3186	0.6292	0.2480	1.5924	0.5043	1.2049	0.2293	0.6422	0.2472	1.1987	0.9689	-0.2608	-0.2789	0.3408	1.4064	0.5721	1.0132	-0.1027
-0.8868	-0.5481	0.0090	-0.4514	1.2620	1.1460	0.4415	0.7965	0.5770	0.1092	-0.4720	0.7055	0.0381	1.4419	0.6842	1.9613	0.7354	0.7782	0.4107	0.9142	-0.0993	0.8388	1.0551	0.3561	1.4064	1.8424	1.2634	0.2270	-0.7472	-0.6696	-1.0720	1.6866	2.0937	0.0401	1.9762	0.7258	0.2052	-0.3187	0.5144	0.3313	0.0472	1.1490	-0.8895	-0.0157	0.3327	1.3439	1.2801	0.7182	0.1234
-0.8537	-1.0591	-0.5472	-1.0704	-0.0373	0.5232	-0.7460	1.4041	0.1327	0.6715	0.8284	0.0378	-1.3260	1.4085	-0.2391	1.7350	0.7836	1.2434	0.9775	0.8997	0.4070	0.9004	0.0628	0.6259	1.0402	1.2767	1.0785	0.2115	0.2835	-0.7009	-1.0273	-0.2762	0.4417	0.0423	1.2493	-0.0951	1.5993	-1.3318	0.9193	-0.5367	-0.3278	0.9721	-0.1089	-0.2939	-0.1089	0.1813	-0.3560	0.1662	-0.2076
-0.9872	-0.6321	-0.3846	-0.5416	-0.6912	-0.0266	-0.8568	0.1570	1.1412	-0.0150	1.8006	-0.6012	-1.7983	0.9641	-1.2507	0.3721	1.4291	1.6295	1.3049	1.6244	0.4089	0.0009	0.4271	-0.7151	-0.4162	0.4468	-0.3271	-0.0402	-0.1560	-0.3463	-0.8195	-0.9046	-1.3982	0.2779	0.4894	-0.7282	0.7668	-0.4031	0.1683	-0.3749	0.5174	0.0168	0.5597	-1.1622	0.8137	1.1446	0.1893	-0.1339	0.7461
-1.9934	0.3537	0.4228	-0.1055	-1.4444	0.6524	-0.2234	-0.9309	-0.2674	0.2657	1.5089	-0.7837	-0.9692	1.0544	-1.3610	-0.7155	1.1901	0.6668	0.6288	1.2694	0.5203	-0.5690	-0.4546	-1.5899	-0.7658	-0.0619	-0.1092	-0.2464	-0.6629	0.5970	-0.5142	-1.7294	-0.5948	-0.1366	0.6655	0.3953	0.8103	-0.3956	0.1118	-0.6821	0.2969	0.2177	1.2613	-1.0693	0.7099	1.5358	0.4619	-0.2770	1.0076