IC05	IC08	IC09	IC15	IC16	IC17	IC18	IC19	IC20	IC23	IC24	IC26	IC27	IC29	IC31	IC33	IC36	IC37	IC38	IC41	IC42	IC43	IC44	IC45	IC46	IC47	IC48	IC49	IC50	IC51	IC54	IC56	IC58	IC60	IC62	IC63	IC64	IC65	IC66	IC67	IC68	IC69	IC71	IC72	IC73	IC74	IC75	IC76	IC77
-0.2388	0.1201	-0.2051	-0.5836	1.4100	-0.2968	-0.5566	-0.1287	-0.3321	0.4663	0.2142	-0.9847	-0.0448	0.1859	-0.6960	-0.0681	-1.2647	0.6633	-0.0320	0.1822	0.6662	-0.1555	0.3424	-0.5306	-0.3766	0.6710	-0.2604	-0.0400	-0.3794	-0.2527	-0.1805	0.8842	0.6118	-0.0184	-0.4265	0.6424	-0.2811	-0.8474	-0.4107	0.3459	0.5266	0.8002	0.1585	0.3062	-0.6158	-0.3656	-0.4490	-0.6469	-0.6663
-0.2618	0.0995	0.2651	0.2082	1.4227	-0.9757	-0.2997	-0.4743	0.4415	0.3618	0.8347	0.3020	0.2661	0.0415	-0.1320	0.0731	0.2609	0.4644	0.2830	0.5401	0.4668	0.7058	0.5576	0.0389	-0.1901	0.7159	-0.1502	0.0809	0.6004	-0.0690	-0.3404	0.1947	1.1388	-0.2084	0.2873	-0.1885	-0.5566	-0.5635	0.1875	0.7574	0.0662	0.5356	-0.2266	0.9560	-0.4885	0.3407	-0.1292	-0.2828	-0.0393
-0.2089	-0.1963	-0.0916	0.3939	1.1370	-0.0427	0.2368	-0.0261	0.1928	0.3068	2.0519	0.1163	-0.1787	-0.0120	-0.9040	-0.3154	-0.7575	-0.3462	0.1666	0.0534	-0.0032	-0.2631	-0.3698	0.4200	-1.3371	-0.1267	-0.2819	-0.4540	0.2120	-0.2451	0.1134	-2.0305	1.1260	0.6120	0.1649	-1.6763	0.2414	1.1105	-0.1834	-0.1256	-0.2293	-1.4479	0.0691	0.7423	-0.9155	0.6331	0.2163	-0.2724	0.0595
-0.1568	-0.3446	-0.0820	0.6303	0.8138	0.9471	0.1020	0.2387	-0.3212	-0.7402	-0.4352	0.2707	0.1059	0.6588	-0.6457	-0.0985	0.0676	-0.1347	-0.1724	-0.3108	0.2111	0.3675	-0.1228	0.7343	-0.4424	0.2490	-0.0666	-0.4277	0.3560	-0.3478	0.1167	-0.5109	0.5401	0.3176	0.4492	-0.7916	-0.0176	0.4301	-0.1929	-0.3942	-0.4589	-0.5462	-0.4303	0.8129	-0.6963	-0.2612	-0.9158	-0.3941	-0.7562
-0.2968	-0.1224	-0.0492	-0.2622	0.0540	-1.2301	-0.1925	0.6035	-0.6450	0.1599	0.1196	0.1119	-0.9980	-0.1098	-0.4063	-0.6296	-0.4871	-0.2350	-1.0225	-0.7291	-0.5359	-0.5892	0.0113	0.5001	-0.4507	-0.4552	-0.5828	-0.6199	-0.3992	-0.6853	0.2641	-0.4238	0.2398	-0.0752	-0.2058	-0.4798	0.1133	0.1011	-0.0930	-0.2499	-0.3253	-0.4655	0.0722	-0.3178	-0.8571	-0.2844	-0.0336	-0.4338	-0.4519
-0.6896	0.0833	0.2571	-0.5163	-0.5163	-1.1004	-0.6670	0.3445	-0.9358	-0.7955	0.3150	-0.6702	-0.4352	-0.2190	-1.0633	-0.6439	-0.5031	-0.0661	-1.0121	-0.7016	-0.4145	-1.3372	-0.9304	-0.2605	-0.4760	-0.5462	-1.0570	-0.1465	-0.4625	-0.5262	0.3065	0.0592	0.2580	-0.2939	-0.9509	-0.3434	-0.4144	0.4604	-0.4771	0.1034	0.1625	0.4646	0.4100	-1.1088	-0.6306	-0.6523	-0.4204	-0.8501	-0.0656
-0.3076	0.4680	0.1259	0.0815	-0.0162	-0.5419	-0.2504	-0.1352	-0.7418	0.0793	-0.1629	0.0991	-0.0409	-0.2510	-0.1406	0.3249	-0.4711	-0.0589	-0.5006	-0.0084	-0.6762	-0.4083	0.4108	-0.3056	-0.5754	0.8469	-0.5407	0.0429	-0.6156	-0.2825	0.7481	0.1882	-0.3308	-0.0350	-0.3781	-0.1080	-0.8228	0.2118	-0.3713	0.3910	0.3814	-0.0608	0.2849	0.3847	-0.1108	0.1319	0.6063	-0.1635	0.0032
-0.3537	1.1559	0.2225	0.1227	0.0174	0.1757	-0.3197	-0.3990	-0.0913	0.1750	0.6903	0.7068	0.3105	-0.8517	0.0237	0.5904	-0.1495	-0.2561	-0.0506	0.2369	-1.0471	-0.1940	0.9226	0.5246	-0.6748	0.3448	-0.1626	0.2087	0.0012	0.3057	0.6003	0.0185	0.3494	0.1471	-0.5331	-0.8031	-0.1546	0.1007	0.1785	0.5642	0.4369	1.2930	0.1586	0.0732	-0.3135	0.0546	0.9064	0.1309	0.5901
0.1663	0.5602	0.3632	0.1681	0.1878	-0.0918	0.1746	-0.7878	-0.2816	0.4230	-0.6162	0.3201	0.0237	-0.5710	-0.2863	0.3229	-0.2086	0.1738	0.0234	0.2172	0.2406	0.6243	-0.2792	-0.0833	0.2452	1.2069	-0.1267	0.1066	0.0918	-0.3035	-0.1271	0.8021	0.6604	0.0069	-0.2378	-0.4411	0.0689	-0.4568	0.6918	-0.0273	0.2817	-0.0536	0.1457	0.4210	-0.1621	-0.0530	1.2536	0.1124	0.8867
-0.1792	0.0360	1.0443	0.3866	0.1617	-0.7787	-0.5684	-0.7070	-0.0232	0.0381	-0.8171	0.1006	0.1104	-0.5029	0.3536	0.1363	1.7755	0.2572	-0.1096	0.7168	0.5005	0.4348	0.4878	0.7032	1.2056	0.7188	-0.1248	0.7093	0.2519	-0.4346	0.5854	0.8032	0.2801	-0.3388	0.0006	0.8763	0.0571	-0.2171	0.7033	-0.0639	-0.3510	0.4266	0.1631	0.1440	0.0309	-0.3038	0.5219	-0.3747	-0.2311
-0.3409	-0.1520	0.9013	0.3766	-0.5164	0.6986	-0.3510	-0.3829	-0.3394	-0.0997	-0.0710	-0.7716	0.4947	0.3586	0.0414	0.4090	0.8480	0.1478	-0.3209	0.2200	-0.1603	-0.6318	-0.8855	-0.3287	1.0836	-0.2034	-0.1470	0.6718	-0.0196	-0.1872	0.3114	0.1826	-0.3717	0.1323	0.0860	0.6015	0.3474	0.5977	0.6479	0.1286	-0.2911	-0.4081	0.5528	-0.2935	0.0020	-0.1615	0.9879	-0.2402	-0.5970
-0.0314	0.6312	0.6098	1.0057	-0.1485	1.2893	-0.1168	-0.4822	0.2898	0.7009	0.1718	0.4251	1.0214	-0.3603	1.6544	1.2902	1.3980	0.0996	-0.1767	0.6137	-0.8051	-0.0054	1.0428	0.2385	0.7965	0.5640	0.1251	0.9363	0.6646	0.5385	-0.1494	0.1211	-0.4804	0.9287	0.1570	0.4164	-0.5897	0.6203	1.1289	0.9149	0.0130	0.0962	0.1961	0.3241	0.1023	0.9295	1.2327	0.4481	0.3641
0.4887	0.5141	0.3050	0.5655	-1.0817	0.7094	0.0253	-0.6657	0.2176	0.5808	0.4510	0.4928	0.8205	-0.8519	0.8469	0.7942	-0.0871	0.6998	-0.1163	-0.6677	-0.1932	0.1199	-0.4076	0.2841	-0.0300	-0.8177	0.3727	0.5335	0.1954	0.5353	-1.0336	-1.2720	0.2110	0.7927	-0.4628	-0.3314	0.5631	0.7734	0.7979	0.7517	-0.5401	0.4663	0.1527	-0.1049	0.3078	0.4693	1.0764	0.6505	0.6819
0.2652	-0.6378	0.6555	0.9235	-0.8501	1.3865	-0.3926	-0.6330	-0.2125	-0.4005	-1.2255	-0.9619	1.6397	-0.7656	0.4004	0.7266	-0.7012	0.4455	0.0729	-0.6576	0.6885	-0.1954	-0.5750	0.1525	0.1360	-0.2575	0.3929	0.5292	-0.0338	0.1875	-0.5882	-0.0166	-0.2263	0.0729	-0.1938	0.1775	0.0815	-0.6411	0.2672	0.4456	-0.5722	0.5980	0.0708	-0.0033	0.4503	0.0406	-0.2429	0.4668	-0.1822
-0.0485	-0.1660	0.9686	0.5965	-0.8412	0.9259	-0.4523	-0.0748	-0.0632	0.1361	-0.3483	-0.1919	0.8669	-0.4729	1.3270	0.4458	-0.1715	-0.1636	-0.0016	-0.1792	-0.3826	0.0035	0.6667	0.5468	0.1543	-0.7543	-0.1445	0.2914	0.5352	0.0939	0.0899	0.1496	-0.7179	0.5130	0.0741	0.5866	-0.2618	0.2612	0.3745	0.2706	-0.1485	-1.0166	0.3253	-0.0924	0.3151	0.4347	0.7386	0.5534	-0.2642
-0.0883	0.5413	0.4908	0.4410	-0.7158	0.6619	-0.4259	-0.0397	-0.3937	0.2420	0.0225	-1.2548	0.9309	0.3551	0.2577	0.6662	-0.0461	-0.1162	0.3555	0.0505	-0.1046	0.2465	-0.3425	-0.0441	0.4574	0.0736	0.3042	0.3761	0.2770	0.3309	-0.5184	-0.2026	-1.2528	0.7252	0.1549	0.8371	0.1201	0.5894	0.2779	-0.3772	0.5536	-1.2249	0.4392	0.1812	0.2885	0.7822	0.5074	0.5549	0.5551
0.2615	0.5063	-0.2703	-0.1827	-0.2877	-0.7470	-0.4568	-0.3778	0.3693	0.4026	0.3329	-0.2545	0.1744	-0.3595	0.5426	0.3028	0.0841	0.4255	0.0666	0.1476	-0.2167	0.7931	0.0166	0.4864	0.8978	-0.2648	0.5108	0.0120	-0.1351	0.0661	-0.7391	-0.6225	-0.5147	0.2842	0.0206	1.0618	0.5255	-0.5996	0.1846	-0.1201	0.2641	-0.6317	0.1460	0.4713	0.4150	0.3164	0.7409	1.1423	0.9614
-0.4277	0.0774	-1.0842	-0.3839	-0.4946	-0.0704	-0.3785	-0.1356	-0.0338	0.1138	0.1083	-0.7398	-0.1032	0.1662	-0.5436	-0.4290	-0.5756	0.1034	-0.6103	-0.2848	0.5863	0.2318	-0.6816	0.1516	0.9531	0.3498	0.2430	-0.1830	-0.5337	-0.0574	-1.3640	-0.2632	0.1361	-1.0359	-0.3033	0.5829	0.5257	-0.0803	-0.2835	-0.5572	0.3268	0.0895	0.2305	-0.2312	0.3815	-0.5010	-0.4575	0.5978	0.5605
-0.3648	0.1069	-1.1819	0.1203	-0.7598	0.5710	0.0002	-1.0636	0.2083	0.8003	0.1330	0.1272	-0.6693	0.9070	-0.6249	0.0853	0.3425	-0.1044	-0.2561	-0.5918	0.8264	0.3506	-0.6596	-0.5234	0.0632	0.4391	-0.0855	-0.5038	-0.3186	0.2377	-1.6120	-0.7343	0.3296	-1.2010	0.2171	0.1632	-0.1877	0.7117	-0.1981	-0.2449	0.3799	-0.5317	0.2240	-0.0013	0.2445	-0.1594	-0.2350	0.2203	0.5834
-0.4455	-0.2652	-0.8266	-0.1243	-0.9341	-0.1707	0.4506	-0.5981	0.3332	0.2490	0.6041	0.9970	-1.2324	0.6591	-0.7418	-0.5208	0.0281	-0.8255	-0.9358	-0.3912	0.1363	-1.3299	0.2304	0.1546	-0.9768	-0.2872	-0.7239	-0.6239	-0.4345	-0.1913	-0.5504	-0.4041	0.2979	-0.9445	-0.0874	-1.0341	-0.0419	0.8404	-0.1258	-0.2136	-0.4023	-0.6505	-0.1192	-0.6183	-0.4849	-0.2157	-0.8662	0.0673	0.6163
0.4423	-0.9843	0.2099	-0.8012	-0.7740	-0.4433	0.7594	-0.7267	0.1006	-0.4684	-1.3974	0.5684	-0.8221	0.9261	-0.6699	-0.8545	0.6923	0.2868	-0.1741	-0.6463	-0.1532	-0.2868	-1.4836	-1.0436	-0.3609	-0.5076	-0.5954	-0.7188	-0.4346	-0.4426	-0.2417	0.7484	0.3582	-1.0404	-0.4090	-0.3501	-0.9390	-0.0368	0.0324	-0.0239	-0.2219	0.0185	-0.5315	-0.7634	-0.3797	-0.6170	-1.3396	-0.5290	0.3355
0.5310	-0.4757	0.8945	0.0905	-0.6754	-0.2288	0.0571	-0.3389	-0.2110	-1.0265	-1.2770	-0.1985	-0.0776	1.0320	0.5107	0.4009	0.9266	-0.1994	-0.1791	-0.0453	-0.3549	-0.2187	0.0110	-0.5433	-0.2742	0.0349	0.0908	0.2508	0.0000	-0.0167	0.8832	0.4766	-1.1521	0.2253	-0.1613	0.8644	-0.9233	-0.6403	0.3916	0.4531	-0.0437	0.1076	-0.3660	-0.2686	0.1065	0.2267	-0.2301	-0.3240	0.3381
0.3052	-0.0365	0.3602	-0.1198	-0.3747	-0.5091	0.1599	0.2063	-0.5355	0.5020	-0.5991	-0.6734	0.0629	1.4023	0.9959	0.4731	1.1420	-0.4022	0.0355	0.5885	-0.2834	-0.4696	0.4063	-0.3120	0.2647	-0.8760	0.1636	0.7711	0.1858	0.0403	0.5636	0.4256	-1.1618	0.7268	0.0451	1.2402	-0.6330	0.6554	-0.0249	1.0208	0.1355	0.1896	-0.0758	0.0963	0.4729	0.1459	0.0962	-0.2675	-1.1043
-0.1183	0.1610	0.3082	0.3686	0.1691	-0.0199	-0.1550	0.2203	0.0412	0.4937	-0.4447	-0.6471	1.0499	0.2201	1.5662	0.4437	0.8122	-0.1255	-0.2050	0.9571	-0.1668	0.0532	1.1615	-0.6035	0.6337	0.1440	-0.0022	1.1405	0.0663	0.0859	0.7740	1.0085	-1.4601	0.5450	-0.2521	1.1490	-0.9876	0.6171	0.1596	0.6810	0.5184	-0.2434	0.0628	0.5534	0.3171	0.6907	-0.1397	-0.0160	-1.3086
0.5457	1.2551	-0.5565	0.3908	0.2534	-0.6593	0.1185	0.3944	0.6033	0.5226	1.4282	-0.7675	0.9043	-0.5755	1.3258	0.2746	-0.2796	0.3988	0.1566	0.5486	0.0177	1.0986	0.2927	0.0071	0.4291	-0.6105	0.8874	0.9569	-0.1807	0.8152	0.5152	-1.1566	-0.0844	1.1170	-0.6030	0.5200	0.3325	0.0432	0.0997	0.2399	0.5437	-0.5056	0.3060	0.4445	0.6500	0.9913	0.3489	0.8607	0.3752
-0.3189	0.7166	-1.4174	0.3590	0.4882	0.5106	-0.1204	0.6777	0.2461	0.8511	0.1507	-1.0768	-0.4078	-0.3069	-0.2224	-0.6545	-1.0125	0.0304	-0.2343	-0.3444	1.2323	1.2289	-0.7597	0.1144	-0.2859	0.3581	0.9179	-0.0880	-0.1741	0.5364	-1.0565	-1.2428	0.3914	-0.3915	-0.1122	-0.4086	0.5521	-0.8176	-0.1505	-0.8463	0.1516	-0.4779	0.2093	0.4888	0.4972	0.3750	0.1331	0.8816	1.2147
-0.1149	0.6813	-1.2536	-0.1879	0.7326	-0.4819	0.0007	0.2652	0.2064	0.6090	0.2424	1.0988	-1.2686	0.1250	-0.2516	-0.9733	-0.6235	0.0267	0.0483	-0.4465	0.7203	0.1963	-0.1899	0.9771	-0.1911	-0.7030	0.3074	-0.8989	0.1027	0.2154	-0.0440	-0.2895	1.2824	-0.6812	0.6917	-1.6551	0.5605	-0.0480	-0.6128	-1.1199	-0.1743	0.2388	-0.0464	-0.2548	0.0935	-0.2568	-0.4128	0.4872	1.6478
-0.2710	-0.1793	-0.9652	-0.5553	0.0944	-0.1359	0.0373	-0.0259	-0.4626	-0.7178	0.2134	0.3966	-0.7762	1.0863	-1.2922	-0.4566	-1.4366	-0.6176	0.1977	-0.5774	1.2266	0.0254	-0.4446	0.1964	-0.2349	-0.3989	-0.2454	-1.0919	0.2577	-0.1296	0.1811	-0.3997	0.7820	-0.4830	0.7424	-1.5218	0.8527	-0.6447	-1.2555	-1.7387	-0.5307	-0.4387	-0.3122	-0.5411	-0.1416	-0.7831	-1.3406	-0.3070	0.9281
-0.0538	-0.8962	-0.2769	-0.9225	-0.1863	0.3638	0.4738	0.0800	-0.0775	-0.6422	-0.1586	0.7639	-0.8145	0.1130	-0.6476	-0.2314	0.4475	-0.1933	0.7073	-0.1142	0.6076	0.4644	-0.4184	-0.2116	-0.0080	-1.3143	-0.6488	-0.7590	0.1760	-0.6547	0.4603	0.1163	0.5645	-0.2693	0.1797	-0.5198	0.3047	-0.4312	-1.2160	-0.8018	-0.5680	-0.0558	-0.5657	-0.4665	-0.5743	-1.0122	-1.5503	-0.8540	-0.5754
0.7405	-1.1314	-0.2051	-0.8520	-0.6453	0.4162	0.7336	1.0077	-0.5005	-1.3337	0.0602	0.7103	-0.1333	0.0145	-0.4820	-0.6591	-0.1391	-0.2494	0.5322	0.0406	-1.3132	-0.7448	-0.3804	-0.8828	-0.6873	-1.6328	-0.4822	-0.1996	-0.2956	-0.5868	0.9641	-0.1161	-0.6942	0.6144	-0.3332	-0.4838	0.6940	-0.3312	-0.0051	-0.2507	-0.6184	-0.1701	0.0927	-1.1715	-0.3611	0.1857	-0.0349	-0.2969	-1.0462
1.4409	-1.1804	0.2582	-0.0627	-0.8688	1.3083	0.6107	1.6316	0.0105	-2.0829	-1.3769	1.0010	1.2013	-0.5385	0.0419	0.4978	0.1111	0.8454	1.4590	-0.2823	-1.7923	0.0431	0.5959	-1.7738	-0.0402	-1.1630	-0.3772	0.0565	0.3881	-0.0912	1.1088	2.4712	-1.2502	-0.3913	-0.5474	0.3276	-0.0740	-1.1801	0.6369	0.3730	0.4607	1.1888	0.0428	-0.4308	0.2109	0.3870	-1.6374	-0.2460	-1.3799
0.3272	-0.0649	0.1203	-0.1726	-0.1887	0.4041	0.3191	0.9327	0.5166	0.2636	-0.8079	0.4024	-0.4051	0.3888	1.6140	0.0242	0.1152	-0.3177	0.8760	0.8813	-1.2007	-0.0241	1.5944	-1.0288	-0.3048	-0.5013	-0.7135	0.3355	0.3311	0.0433	0.6586	2.1488	-2.4622	-0.0734	0.1774	1.0824	-0.4120	-0.1319	0.4588	1.5298	1.0273	0.0348	0.1558	0.2342	0.5910	0.5092	-0.2050	-0.1522	-1.3840
-0.3743	0.1936	0.4937	0.7247	0.6583	0.3857	0.3822	0.3006	0.3998	0.2263	-1.5163	-1.0448	1.0114	0.5438	1.8874	0.4764	1.6895	-0.5076	0.8708	1.6152	-1.1025	0.1815	1.5492	-0.1464	0.1340	0.8658	-0.0706	1.2002	-0.6152	0.4118	0.3333	1.9252	-2.2313	-0.1668	-0.2748	1.8212	-1.2689	0.2176	-0.0673	1.4463	1.0378	0.3690	-0.0324	0.0294	-0.1124	-0.0445	-1.1474	-0.0819	-1.1407
-0.2686	1.1099	0.3928	0.0930	1.1022	-0.8601	0.5614	0.3590	0.7058	0.3070	0.3419	0.0258	0.2643	-0.0735	1.7336	-0.4009	0.9483	-0.6014	-0.2165	1.3388	-0.4583	0.6874	1.7082	0.3262	0.3336	1.4537	0.4935	0.9476	-0.1447	0.3005	0.0501	0.4751	-0.7379	0.6449	-0.1592	1.5475	0.1503	1.5113	0.1783	1.1580	0.9131	-0.1773	0.1290	0.7232	-0.0584	1.0605	1.1982	0.0710	0.0835
-0.5727	0.9571	-0.4001	0.0579	1.4856	0.1980	0.0774	0.8874	0.5654	0.7921	-0.2656	-0.1091	0.3219	0.3914	0.4613	-0.1810	0.6275	0.0880	0.2530	1.0577	1.6609	1.2843	0.4035	1.1194	0.6361	1.9740	1.0771	0.6147	0.5187	0.5975	-0.7767	-0.2346	0.0730	-0.3717	-0.0557	0.5554	0.5559	-0.0555	-0.0132	0.5118	0.7121	0.8254	0.1944	0.8735	0.5745	0.7383	1.1303	0.2600	0.5775
-0.7261	0.2112	-1.6489	-0.5157	0.5347	-0.3067	0.2735	0.5331	0.3068	1.3689	0.9365	0.6112	-0.4928	0.3028	-0.8487	-0.4427	-0.0120	0.3081	0.5611	-0.0641	1.8590	1.2004	-0.5901	1.5507	0.5688	0.5628	1.1371	-0.7553	0.2290	0.8457	-0.7510	-0.7609	0.8054	-0.3013	0.5663	-0.6135	1.7042	-0.6476	-0.3231	0.1021	-0.4347	0.8080	0.0160	0.2598	0.8100	-0.1439	0.6400	0.4260	0.7236
-1.2965	-0.8479	-1.8142	-0.6611	0.0642	0.0796	-0.1422	0.4961	-0.5296	-0.1349	0.6340	-0.8455	-1.7776	-0.1804	-2.3544	-1.1713	-0.4431	-0.3114	-0.3318	-0.6273	2.0047	-0.1883	-1.0749	0.9095	-0.1855	-0.5604	0.7342	-1.3528	-0.4991	-0.0374	-0.6222	-1.6780	0.9938	-0.5064	0.9442	-1.2908	1.0843	-0.6257	-1.0125	-1.4616	-1.3599	0.3169	-0.1691	-0.8714	0.3816	-0.8845	-0.5866	-0.4876	0.9601
-0.4932	-1.0310	-1.0546	-0.2165	0.5914	0.5396	-0.0043	0.0447	0.0747	-0.2620	0.7054	0.0110	-1.5491	-0.4645	-1.5040	-0.9546	-0.3465	-0.2463	0.0547	-0.4044	1.9750	0.1867	-0.2674	-0.1442	-0.2496	-0.1192	0.3739	-1.0918	-0.7224	-0.3341	-1.0979	-0.9669	0.9821	-0.3474	1.3106	-1.1434	0.1739	0.0682	-0.9607	-1.5554	-0.6238	0.3664	-0.1439	-0.7674	0.0802	-0.8423	-0.6797	-0.8400	0.3613
-0.4350	-1.1471	-0.6787	-0.4646	1.0555	-0.4546	-0.0431	0.6338	0.0301	0.2754	0.7198	-0.2905	-1.3363	-1.0742	-1.1750	-0.8901	-1.6271	-0.6411	-0.5976	-0.3969	1.5345	-0.6819	-0.4714	0.3223	-0.3901	-0.3512	0.0359	-0.8446	-0.8349	-0.3595	-1.1982	-1.4679	1.1045	-0.3834	1.0095	-1.1548	0.2354	-0.3160	-1.0274	-1.3644	-0.5406	-0.1274	-0.3794	-0.6227	-0.1973	-0.8885	-1.0162	-0.8434	-0.3990
0.0971	-0.3135	-0.5153	-0.4817	0.9139	0.3367	0.2115	0.4620	0.2480	-0.5377	0.4816	1.0241	-0.6809	-0.5618	-0.7623	-0.2272	-0.7362	-0.5100	-0.6235	-0.2485	0.5710	0.3683	-0.9689	0.0881	0.3644	-0.3832	0.0634	-0.7044	-0.2465	-0.0633	-1.4740	-0.7331	1.1121	-0.1051	1.0514	-0.9678	-0.0216	-0.2433	-0.3836	-0.9650	-0.1029	0.5236	-0.3104	-0.0518	0.0380	-0.7245	0.1747	-0.5230	-0.0760
0.0042	-0.4569	-0.2781	-0.7648	0.8200	-0.2353	0.5926	0.4839	-0.0741	0.2351	0.9719	1.0994	-1.3184	-0.6052	-0.3902	-0.4260	-0.7430	-1.0496	-1.3416	-0.1710	-0.4928	-1.2497	0.5416	0.6226	-0.2646	-0.0693	-0.6867	-0.6138	-0.7804	-0.4041	0.3535	-0.1963	1.0090	-0.2453	0.4606	-1.2408	0.5996	0.4534	0.3942	-0.7133	-0.4468	-0.6037	-0.0419	-0.9033	-0.3811	-0.4551	0.3332	-0.0873	0.0556
0.0204	-1.6224	0.6679	-0.6071	0.6893	1.3368	1.0062	0.4189	-0.3605	-1.2961	-0.3605	0.8380	-0.3946	-1.3604	-0.5268	-0.4484	0.3052	0.3091	0.4903	-0.3762	-0.7995	-0.3243	-0.1295	-0.7021	-0.0416	-0.3940	-1.1132	-0.3878	-0.6959	-0.4996	0.6698	0.9071	0.4709	-0.6242	-0.4480	-0.6427	0.0374	-0.0664	-0.5147	-0.6063	-0.7378	-0.8194	-0.5162	-1.3763	-0.2956	-1.0785	-1.3104	-0.9127	-0.7512
-0.0171	-1.1361	0.6107	-0.1370	0.0214	0.6526	0.5049	1.0250	-0.5509	-1.0330	-0.0881	-0.5600	-0.4040	-1.3975	0.3090	-0.1885	0.1664	-0.4547	0.1352	0.3990	-1.1133	-0.4603	1.2302	-0.8905	0.5676	0.2833	-0.7942	0.1116	-1.0459	-0.4823	0.7425	1.7069	-1.5851	1.0387	0.0286	0.2087	-0.3995	-0.5657	-0.7881	-0.0712	-0.2981	-1.4896	-0.2504	-0.6705	0.1038	0.0426	-0.6587	-0.9784	-0.8156
0.1638	-0.5994	1.3164	-0.0112	-0.1706	-0.1669	0.2808	0.9025	-0.3076	-0.4739	-0.6624	-0.7306	-0.1010	-1.1934	0.8063	-0.3144	1.7574	-0.1769	0.6594	0.6298	-1.4831	-0.1344	1.2250	-0.3990	0.8213	-0.5445	-0.2248	0.2884	-0.8658	-0.4958	0.8013	0.6070	-1.3388	1.1706	-0.1612	0.6262	-0.8491	0.0407	-0.8802	-0.3221	-0.1182	-0.1555	-0.4279	-0.5591	0.0414	-0.2540	-0.7593	-1.1313	-1.3152
0.8740	-0.5293	1.6520	-0.0029	-0.3991	-1.0390	0.7376	1.3457	0.9297	-1.6756	-1.1619	0.9480	0.3151	0.4809	0.8380	-0.5924	0.8327	0.6635	1.1119	-0.1525	-1.3038	-0.3335	0.4368	-1.3012	0.9497	1.0935	0.5235	0.5495	0.5841	0.0739	0.6576	1.8472	-0.7591	0.9755	-0.3543	0.7936	-0.4283	0.5117	1.4563	-0.9312	-0.5246	1.2043	-0.4419	-0.5384	0.2261	0.2551	-0.4870	0.3705	-0.1479
1.6440	0.3640	1.2959	-0.2287	-0.3804	-1.2465	0.2790	1.5659	1.0271	-0.7147	0.3742	0.3646	0.4106	-0.3877	0.8013	0.3358	0.2538	0.6001	0.9772	-0.3933	0.0984	0.0805	-0.5350	-1.6718	0.7723	1.3003	0.3829	0.3991	0.6035	0.0852	0.6493	0.2895	-0.3148	0.9120	-0.4084	1.1889	0.5860	0.1105	0.6621	-0.1648	1.3281	1.1922	0.0136	0.6577	0.5295	0.6941	0.0553	0.1143	-0.0666
1.0123	0.0883	0.9836	0.1071	0.0041	0.3022	0.2996	1.1749	0.3813	0.6444	-0.2503	-0.3932	1.0438	0.1395	0.3838	0.3892	0.2865	0.0126	0.7221	0.1638	-0.3330	0.0948	-0.9439	-0.6034	0.1589	0.2499	0.3640	0.1943	0.3845	0.2280	0.5541	0.2980	-0.8761	0.3010	-0.4935	0.5380	-0.0500	-0.5406	0.4002	0.3023	1.0659	-0.3990	0.0183	1.0806	0.2888	0.4784	0.4763	0.1310	-0.5335
0.9822	0.3496	1.0778	0.3040	-1.1185	-0.6775	0.1330	0.5336	0.2472	-0.3603	-0.5801	0.2686	1.4829	-0.0346	0.6011	1.5042	2.0056	0.6459	1.2083	0.3021	-0.5628	1.1214	-0.6179	-0.3743	0.5543	-0.0315	1.0106	0.8217	0.3333	0.9440	0.4374	-0.0358	-0.1717	-0.1532	-0.7967	1.7118	0.1195	-0.2635	-0.1397	0.0530	0.4654	0.1873	-0.4324	0.7073	0.3852	0.1121	-0.4441	0.2550	-0.8854
1.5629	0.0923	1.1175	-0.1418	-1.4495	-0.8234	0.3736	-0.8095	0.0886	-0.1018	-0.7032	0.7411	-0.1037	-0.9892	-0.2528	1.2812	-0.7585	1.2794	0.5134	-1.2238	-0.9785	0.3982	-2.5068	-1.1883	0.4598	-0.5799	0.8807	0.5897	0.3707	0.4361	0.2982	-0.8507	0.9059	0.1973	-1.0290	0.4289	1.3676	0.1254	0.2899	-0.1683	0.0033	0.5965	-0.1513	-0.1845	-0.2686	-0.0696	1.5029	0.9250	-0.3647
2.0944	0.0536	0.1015	0.0591	-1.9605	-0.6109	-0.5525	-0.4077	0.5509	-1.7009	-1.4255	1.7635	0.6139	-0.3567	-0.3744	1.6501	-0.9228	2.2910	2.4104	-1.7017	-0.5839	-0.0789	-1.3557	-1.3367	0.1483	-0.5036	1.1716	0.4400	1.3075	1.0718	1.5110	1.2864	0.0524	0.6746	-1.0779	0.6553	1.2956	-1.4768	1.6864	-0.0072	0.6387	2.2531	0.3454	0.4992	0.8722	0.7872	0.4879	1.9869	0.3092
1.7644	-0.0172	0.2149	-0.5507	-2.0532	-0.3047	-1.0558	-0.0457	0.1656	-0.5408	0.0533	0.7876	0.0079	-0.6857	0.5363	0.8077	-1.6591	0.4204	1.3042	-1.6852	-0.4064	-0.3668	-1.0665	-1.4357	-0.2672	-1.1864	0.2049	-0.0677	1.2123	0.4685	1.5632	1.2026	-0.5043	0.7270	-0.5280	1.0334	1.0423	-0.0439	0.5382	0.5206	1.3117	0.9493	0.3736	0.8471	0.9657	0.6732	0.0234	0.6851	-0.7275
2.1725	0.1353	0.5420	-0.0643	-0.4604	0.7549	-0.6133	-0.0138	0.5064	-0.2555	-0.6462	-0.1881	0.6666	0.3192	1.0093	0.5947	-0.2131	0.1174	1.4125	-0.0306	-1.2662	-0.1054	-0.0852	-1.3459	0.3546	0.7137	0.6822	0.8912	0.6730	0.2473	0.7064	1.4124	-1.1397	0.6428	-0.0485	0.6704	-0.4998	0.3320	0.5130	0.8422	0.8536	0.3635	0.0234	1.2961	0.1786	0.6069	0.9900	0.7390	-0.9473
2.1387	0.9498	0.3946	0.1303	-0.4878	-0.2129	-0.1500	-0.4322	0.8412	0.1471	0.5115	-0.3739	1.1881	0.6264	1.6000	1.7487	-0.1491	0.8445	1.2085	-0.3079	-0.6847	0.6541	-0.2204	-0.5157	1.2100	1.3008	1.4664	1.4937	0.8770	0.7138	-0.1867	-0.2341	0.6303	1.4154	-0.1432	1.3990	0.4066	1.5164	0.8663	1.5095	0.9103	-0.2232	0.1151	1.7394	0.5418	0.6479	1.7656	1.4343	-0.1857
1.7212	0.8253	-0.3939	-0.0042	-0.9126	-0.4667	-0.2727	-0.1563	1.6171	-0.1555	1.2985	-0.1535	0.6703	0.5791	1.0418	0.3741	-1.4688	0.7559	0.4477	-0.1102	-0.2030	0.6793	-0.3101	0.3549	0.6120	1.0576	1.5512	0.6963	1.8606	0.1454	-0.6446	-0.0719	1.7757	1.0853	0.1400	0.3384	1.2035	1.1813	1.5170	0.4396	0.8169	-0.7226	0.4522	1.7415	0.4684	0.3665	2.1738	1.9799	0.5702
1.8736	0.6739	-1.1100	-0.6228	-1.2199	-1.8632	-0.3138	0.4023	1.1227	0.0054	2.4659	-0.3599	0.0423	-0.2993	-0.2750	-0.4605	-1.6068	0.9693	0.4995	-0.5902	0.4938	0.8124	-1.6085	1.0915	0.3744	-0.1985	1.4064	-0.1923	1.3593	0.3539	-0.5641	0.2881	2.5567	1.0287	-0.0036	-0.5337	2.7545	0.5963	0.3947	-0.6953	0.4514	0.6179	0.6029	0.4647	0.3911	0.0818	1.2833	1.9409	1.1669
1.3280	-0.4732	-0.6288	-0.6713	-0.4097	-1.2468	-0.8946	0.1095	0.2246	0.0908	0.8247	-1.0572	-1.2223	-0.8403	-1.6791	-0.8703	-2.7692	0.4413	0.3285	-0.7906	1.5967	0.7108	-0.0140	0.9352	-0.1120	0.7380	0.4173	-0.6327	-0.0174	-0.6849	-0.8779	0.7634	1.0566	-1.4353	0.0153	-0.9989	0.9020	-1.1550	-1.0040	-1.9418	-0.5307	0.0597	0.2618	-0.3056	0.5935	-0.1381	-1.0886	0.0730	1.5697
-0.9853	1.5410	-2.7893	0.1832	2.0633	-2.6408	1.4917	-2.6612	1.5821	2.2025	1.7219	3.0495	-1.2497	3.0144	-1.3900	-1.2742	-2.4280	-0.0967	0.4926	3.3888	0.2200	-0.0441	3.3458	1.9088	0.9004	-1.9092	0.4191	-1.5545	0.2724	1.5618	-1.7841	-0.1918	-1.4925	-0.9811	2.1975	-0.5677	-1.8517	-1.5120	0.8501	0.9478	-0.9031	1.1230	-0.0200	-0.6662	1.4325	1.9573	0.3089	0.6223	2.2406
-2.2092	-0.0908	-1.3852	-0.6762	1.7290	-1.6187	-0.1456	-1.7434	-0.6606	1.6806	0.7419	-0.2316	-1.5850	0.5265	-1.0609	-1.8806	-1.4836	-1.6475	-0.6458	1.2558	-0.3435	0.0463	2.7233	2.0119	-0.4364	0.1502	-0.6732	-0.8113	-1.3594	0.8402	0.1947	-1.2476	-0.8925	-0.8869	1.7540	-0.7326	-0.6055	-0.3075	-0.8437	-0.0764	-1.3362	0.1597	-0.5670	-1.3587	-0.5812	-0.5416	0.9566	-0.2501	0.5110
-2.3026	0.0682	-0.5637	-0.3139	1.4791	0.8681	-0.6297	-0.5761	-1.0475	0.6959	0.9733	-1.3809	-0.6982	-0.2665	-0.5657	-0.8961	-0.4054	-1.5431	-1.3250	0.9393	0.2287	-0.8513	2.4313	1.6372	-1.1918	1.2762	-0.7757	-0.0374	-1.7675	0.0534	0.4770	-1.6201	0.2760	-1.1892	0.8056	-0.9445	-1.2265	0.5775	-1.5686	-0.1626	-0.6361	-0.4407	-0.3541	-0.6322	-0.8610	-1.3287	-0.3024	-0.7972	0.4354
-1.7594	0.2192	-0.7918	-0.6252	1.2480	0.4416	0.1717	-1.1412	-0.5207	0.2073	1.7821	-0.2282	-0.5907	0.2907	-0.5009	-1.0818	0.0793	-1.1945	-1.3304	0.7170	0.5677	-0.1319	1.2055	0.8279	-1.3025	0.8911	-0.9170	-0.5394	-0.8845	-0.2200	0.2362	-1.2865	0.8561	-0.6973	0.9718	-0.7951	-0.3537	0.2827	-1.0706	-0.0240	-0.8881	-1.0048	-0.3926	-0.0387	-0.7290	-0.7283	-0.1046	-0.3366	0.4764
-2.2295	0.0880	-0.6852	-0.9250	2.1255	0.3133	0.0688	-0.5670	-0.7427	0.5063	0.2518	-1.0735	-1.0932	0.4468	-0.9753	-1.0001	1.4897	-1.1693	-1.9736	1.0816	1.1894	-0.5577	0.5746	1.3988	-1.5156	0.7923	-1.1192	-0.8032	-0.2197	-1.0419	0.1387	-1.0759	0.9966	-1.1587	0.7076	-0.5218	-0.9923	-0.6505	-1.3922	-0.4312	-0.7566	-0.5715	-0.6940	-0.3115	-0.8106	-0.8091	-1.2420	-1.1767	0.7753
-1.7526	0.0044	-0.7970	-0.7397	1.6227	0.5996	0.4409	-0.6090	-0.5592	0.8530	0.7315	0.2636	-0.1912	0.9890	-0.5497	-1.2310	1.0814	-0.7162	-1.6663	0.8209	0.5961	0.2270	0.4330	1.3715	-1.3577	0.4951	-0.9954	-1.0324	0.2271	-0.6452	-0.6024	-0.2951	1.3882	-0.9770	0.9168	-0.9634	-0.6321	-0.8419	-1.0558	-0.4054	-0.6275	-0.1031	-0.7443	-0.0767	-0.6908	-0.8610	-1.3887	-0.8030	0.4434
-2.1890	-0.2422	-0.9906	-0.2664	1.0576	1.0448	-0.3003	-0.2410	-0.4077	0.3450	0.3896	-0.3753	-0.5727	1.2244	-0.6971	-1.4528	1.2088	-1.0298	-2.3632	0.5484	0.3305	-1.5433	0.5784	1.6474	-2.0409	-0.6389	-1.2870	-1.6517	0.3839	-0.7119	-0.5156	-0.9058	1.2960	-1.8262	0.6209	-1.6452	-0.8170	-0.2628	-0.8283	-0.3719	-0.5819	-0.8122	-0.6238	-0.6932	-1.0978	-1.3025	-2.6763	-0.6390	0.5128
-1.9664	-0.1498	-0.6474	-0.4336	0.6635	1.7683	0.2917	-0.5092	-0.5672	0.6454	-0.1323	-0.1545	-0.0559	1.2850	-0.9233	-1.1182	1.0733	-0.4052	-1.6756	0.0580	-0.4551	-0.6901	-1.1118	0.8802	-2.1027	-0.8628	-1.0414	-1.6785	0.2100	-0.6659	-0.9319	-1.5309	1.0245	-1.7532	0.4550	-1.6854	-1.2291	0.1315	-1.0486	-0.4605	-0.3891	-0.7990	-0.6682	-0.2507	-1.1576	-1.2311	-1.5132	-0.6016	0.3803
-2.4886	-0.1131	-0.6230	-0.6044	0.2392	1.0063	0.1176	-0.4391	-0.0787	0.4609	-0.1017	-0.3608	-0.5426	1.0619	-0.7052	-1.3406	1.2400	-0.7163	-1.9056	0.1713	-0.5704	-1.3040	0.2167	1.6484	-2.6471	-0.4068	-0.6256	-1.2897	0.2452	-0.6107	-0.5333	-2.1879	0.2350	-1.2633	0.9898	-1.5932	-1.1676	0.2092	-0.5263	-0.2652	-1.3372	-1.3435	-0.8844	0.2437	-0.9449	-0.6876	-0.7819	-0.2051	0.8015
-1.3416	0.0148	0.0013	0.5023	0.0761	0.6133	0.2867	-0.5860	0.0627	-0.0800	0.0828	-0.5022	-0.0552	1.3278	-0.8977	-0.2394	1.4809	0.0671	-0.4760	0.7620	0.4937	-0.0916	-1.0394	0.1361	-1.3962	-1.6722	-0.1361	-1.1511	0.6592	-0.4750	0.1853	-1.7603	1.4214	-1.7466	0.8399	-0.8101	-1.0547	0.0543	-0.7400	0.3360	-0.6649	-1.1224	-0.7491	0.0875	-0.3341	-1.0901	-1.4373	-1.1003	0.3079
-1.3556	-0.6285	0.0310	0.8924	0.4568	2.7135	-0.3622	-1.2063	-0.1248	1.1680	-0.9291	-0.2487	0.2315	1.2225	-0.7937	0.2154	0.1588	-0.2140	-1.0837	-0.4358	1.4976	-0.7430	-1.1675	-0.0528	-1.2447	-0.4521	-0.5549	-1.0860	0.7079	-0.5979	0.1766	-0.3731	1.4310	-2.1139	0.4514	-1.2500	-1.0905	-0.6035	-0.6135	0.5633	-0.7097	-0.7050	-0.2556	-0.3914	-0.6460	-1.2628	-0.8459	-1.3046	-0.6990
-1.2714	-0.6030	0.6561	0.8023	0.5588	2.0486	0.2079	-1.1991	-0.3924	0.3579	-1.1685	0.6779	0.5541	0.1099	-0.5477	0.3644	0.5708	-0.1147	-0.7814	-0.1027	0.0629	-1.0175	-0.6514	0.6038	-1.5267	-0.7289	-1.0044	-1.0197	0.3566	-0.6754	0.7331	-0.7609	0.1757	-0.9306	0.1412	-1.5461	-1.2811	-0.5921	-0.8265	-0.2155	-1.2783	0.1677	-0.5243	-0.8999	-0.7391	-0.6741	0.4132	-1.3457	-1.0505
-1.2843	-0.8311	0.9396	1.2349	0.5946	1.8141	0.0057	-0.3342	-1.3982	0.0499	-1.9965	-1.1300	0.7653	0.1309	-0.0752	0.7900	-0.0283	-0.5751	-1.2547	-0.2722	-0.6121	-1.0521	-0.3448	0.0670	-0.6347	-0.6589	-0.9097	-0.0627	-0.5524	-0.6202	0.3983	-0.1369	-1.4599	-0.1637	-0.0569	-0.1095	-1.3007	-1.1299	-0.8772	-0.4087	-0.8917	-0.5007	-0.4172	-0.4718	-0.2582	-0.4840	0.7705	-1.1443	-1.7320
-0.9006	0.0060	1.5656	1.1536	0.2659	0.0125	-0.4162	-0.8389	-0.6696	-0.3335	-1.4449	0.1524	1.0072	-0.0974	0.7631	0.8263	1.5311	-0.0336	-1.2556	-0.6943	-0.0111	-0.5723	1.0477	-0.2186	0.3627	-0.2105	-0.8648	0.8134	-0.3896	-0.1443	0.7093	0.5054	-1.1417	-0.3837	-0.8278	0.9181	-1.5395	-0.0768	-0.3908	-0.0479	-0.9051	0.4378	-0.4362	-0.8175	-0.3421	-1.2209	-0.0861	-1.0196	-1.7815
-1.0534	0.2995	1.5445	0.9688	-0.8418	0.1182	-0.3428	-0.9790	-1.1424	-0.8457	-0.3993	-0.7767	1.4867	0.0681	-0.5274	1.0452	0.3242	-0.2945	-1.6172	-1.4627	0.0882	-1.5986	-0.1703	-0.5268	0.1556	-0.2573	-0.7096	0.9495	-0.2283	0.4256	0.3413	-0.6486	-1.1334	-0.1022	-1.2401	0.8224	-0.4642	0.3028	0.3020	0.0628	-0.3876	-0.1724	0.2372	-1.4706	-0.1568	-0.7130	0.4919	-0.6200	-1.0320
-0.3053	0.2213	1.3583	1.2718	-0.1962	0.7853	-0.3204	-1.1599	-1.0030	-0.5216	-1.5865	-0.1562	2.1188	-0.7600	-0.2031	1.0801	1.5912	-0.1631	-0.3966	-0.5651	-0.4339	-0.2708	-0.0102	-0.5295	0.1328	0.0529	-0.4195	0.6036	-0.4759	0.4605	-0.0342	0.1133	-1.1698	0.5379	-0.6597	1.3066	-1.4935	-0.6813	-0.0035	0.0937	-0.2630	-0.0745	0.0622	-0.1108	0.1631	-0.0367	0.5979	-0.3719	-1.1916
-0.5797	-0.0495	1.7251	1.3669	-0.6951	-0.3094	-0.5823	-0.7156	-0.8995	0.1443	-1.3695	-0.8093	1.4745	-0.7646	0.3390	0.3191	0.7862	-0.8090	-0.6237	-0.0286	-0.7210	-1.2341	-0.3387	0.3651	0.2036	-0.0435	-0.5241	1.0336	-0.6051	0.0740	0.6044	0.3245	-1.6607	0.9674	-0.5999	0.9795	-0.8696	0.5690	0.5512	0.8654	-0.4435	-0.3262	0.5144	-0.1482	-0.1675	-0.1893	1.2971	-0.1495	-1.3095
0.6815	0.3739	1.3382	1.7643	-1.4001	-0.1919	-0.2171	0.3155	0.3442	-1.6025	-1.9254	0.2304	2.0812	-0.3664	0.7032	0.7077	1.3814	0.8803	1.5465	0.0627	-0.9301	0.1404	-1.0482	-0.9857	1.2555	0.0905	0.2485	1.2041	0.3147	0.3892	-0.3116	1.4597	-1.5931	0.4342	-0.5634	0.9588	0.1559	-0.6064	1.5975	1.3038	0.1650	0.1656	0.5143	0.0844	0.4181	0.7474	0.7850	0.7758	-0.6100
2.0127	0.6951	1.0501	1.3312	-2.0625	-1.4669	0.0444	1.1300	0.0463	-0.8807	-0.9148	-0.0246	0.7862	-0.2161	0.4336	0.9500	-0.7608	0.9986	1.0144	-1.0508	-0.8975	-0.6749	-1.6659	-1.2562	0.5782	-0.5634	0.4470	0.7284	0.4899	0.1600	0.2202	-0.0976	-0.9917	1.0040	-0.7758	0.7337	1.6601	-0.4157	2.0882	0.8923	0.3053	-0.4502	1.0108	0.6063	0.7584	1.2785	1.2955	1.2981	0.2692
1.6565	0.6232	1.3601	1.2960	-1.8554	-0.5092	-0.4905	1.1732	-0.4723	-1.8850	-2.1250	0.0614	1.3695	0.0706	0.5489	1.6657	0.4347	0.7825	0.6838	-1.2359	-0.2168	-0.0570	-1.5324	-1.7714	0.8581	-0.0506	0.2164	1.3095	0.6611	0.1421	0.4271	1.1997	-0.6279	0.7675	-0.9178	1.1297	0.9492	-0.2456	1.4797	0.6215	0.4580	1.5279	0.4835	0.6225	0.4110	0.6586	0.4573	0.7862	-0.6849
1.6779	0.3670	1.2979	1.0233	-2.3813	-0.3912	-0.0974	0.1534	0.2811	-1.6455	-1.4320	1.0474	1.5325	0.6440	0.9808	2.0555	-0.2296	1.8576	1.8227	-1.1542	-0.8014	-0.1867	-1.7821	-1.0752	0.2687	-0.3830	0.4462	1.0061	1.1101	0.7035	1.2847	0.4631	-0.6075	1.3576	-0.9604	1.0419	1.1143	-0.1200	2.1058	1.2566	0.3987	-0.2161	0.6696	0.3799	1.0592	0.9125	0.8958	1.7301	0.0270
1.7552	0.1302	0.8159	0.8644	-1.5361	-0.5428	-0.2032	0.8451	-0.0154	-1.2619	-0.5420	-0.5419	1.7109	0.5123	1.0046	1.7403	-0.7060	0.9329	1.9869	-1.4013	-0.7460	0.1941	-1.1329	-1.3510	0.1171	-0.8040	0.2578	0.4198	0.9032	1.1952	0.9403	0.1743	-1.2923	1.3289	-0.2144	1.2401	0.8456	-0.4349	1.6755	1.3677	1.5013	0.5466	0.8157	1.0499	1.3523	1.2367	0.5764	0.8819	-0.9088
1.2434	0.9346	0.5451	0.6622	-0.4582	-0.8027	0.2831	0.5583	0.3042	0.2764	-0.1160	-0.8592	0.3303	-0.7546	1.9973	0.7741	-0.6362	0.0029	1.2415	0.2817	-1.7001	-0.2958	-0.1077	-0.3681	0.1903	-0.6515	-0.0430	0.9392	0.2549	0.4115	-0.2211	0.9435	-1.0354	1.6085	-0.6782	0.8989	0.4167	0.6298	1.1162	1.4049	1.4760	-0.7454	1.1990	1.0611	0.1031	1.2102	1.4012	0.5250	-0.3714
1.0397	0.9365	0.1671	1.6905	-0.0430	0.0864	-0.1973	0.7686	0.9330	-0.7018	0.2570	-0.7751	1.2195	-1.2917	1.9903	1.4149	0.0629	0.1102	1.0853	0.7524	-1.0361	1.1335	0.9359	-0.0166	0.6520	0.9452	0.8820	2.0470	-0.2459	1.0751	-0.3672	1.0386	-0.9906	1.0460	-1.0821	1.4642	0.2396	1.0784	0.9099	1.0498	1.5066	-0.3256	0.6625	1.4397	0.1931	0.8490	0.4370	0.7722	-0.1634
1.1782	0.7867	-1.0067	0.2893	-0.4141	-0.2470	0.0921	0.8004	0.3619	1.3613	1.5396	0.0234	-0.1548	-1.2225	0.4475	-0.0504	-1.7368	-0.2092	-0.2197	-0.3474	-0.2498	0.9828	-0.0888	0.3007	0.2426	1.1725	1.1129	1.0667	-1.1830	0.7395	-0.7204	0.3078	0.8833	0.9034	-0.8540	-0.3709	1.7171	1.1516	0.4041	-0.1150	1.1435	0.5060	0.5541	0.9597	0.5121	0.7717	1.1826	0.9426	1.2045
0.4544	0.2549	-0.8927	-0.3616	0.5847	-0.0283	-0.4830	-0.1589	0.4341	0.6471	1.0564	-1.2203	-0.9968	-0.5466	-0.3854	-0.9914	-0.4047	-0.4458	0.0357	0.2200	1.9351	1.2802	1.1481	0.4262	0.3264	2.4129	1.2499	0.6258	-0.9478	-0.0706	-0.3296	0.0730	1.2123	0.1257	0.0195	-0.3055	0.9838	0.8204	0.1210	-0.9441	0.4905	0.6142	0.3218	0.9857	0.3688	0.5695	0.6228	0.4253	1.8388
0.4199	-0.2815	-1.2298	-1.4253	0.0302	-1.6066	-0.2544	-0.2884	0.6327	0.7068	2.0100	-0.2745	-1.7611	-0.4664	-0.2969	-0.9042	-0.7198	-0.4303	0.0296	-0.1920	1.8838	1.4133	1.2394	0.4084	0.5294	0.3473	0.7141	-0.3537	-0.3400	-0.7160	-0.4174	0.0038	1.9214	-0.1550	0.5520	-0.2522	1.5453	1.1679	-0.2783	-0.4806	0.1288	0.9955	-0.0314	0.1826	-0.0566	0.3302	0.7885	-0.0049	1.2224
0.0110	-1.1609	-1.5764	-1.7206	0.9254	-0.4229	-0.1225	0.5103	-0.1628	0.7974	0.6854	-0.8935	-1.3257	-0.9825	-0.3107	-0.9029	-1.4379	-0.7151	-0.1989	-0.1391	1.5962	0.6875	1.2154	0.6542	0.2157	0.2805	0.2286	-0.4634	-0.8842	-0.9182	-0.6709	0.9492	1.3406	0.0487	0.3631	-0.2350	0.1653	-0.3131	-1.1833	-0.6976	-0.2389	0.3640	-0.3534	-0.4893	-0.2160	-0.1633	-1.0821	-0.4773	0.2929
0.1149	-0.8848	-1.2474	-1.4366	0.1516	-0.4801	0.0639	0.3467	0.1315	1.0641	0.8356	0.4335	-1.5832	-1.4149	0.4486	-0.0236	-0.4210	-0.2507	-0.1420	-0.3923	0.7165	0.8390	1.1306	0.2688	0.0758	0.0963	-0.1185	-0.6590	-0.7943	-0.5370	-0.3538	0.2495	0.8643	-0.0304	0.1231	0.1068	-0.2929	-0.0473	-1.0330	-0.7218	0.1391	0.2676	-0.3460	-0.4332	-0.2776	0.1949	-0.7431	-0.4042	-0.0222
-0.3233	-1.0023	-1.3294	-0.9595	-0.0392	0.1029	0.0804	-0.0485	-0.7487	0.3747	0.7669	-1.1538	-1.2480	-0.9419	-0.7032	0.3191	-1.3632	-0.3978	-0.6675	-0.2240	0.3845	-0.0838	-0.1127	0.1621	0.4917	0.2572	-0.1617	-0.8445	-1.2491	-0.8679	-0.5812	-0.1469	0.3101	0.0203	-0.2383	-0.3638	0.1063	0.4206	-1.2744	-1.3816	0.0271	-0.7417	-0.0073	-1.0175	-0.2582	-0.0433	-0.2689	-0.9330	-0.4885
-0.2244	-0.8922	-0.7424	-0.6232	-0.2795	0.0124	0.1136	-0.8226	-0.1801	0.6751	0.0985	-0.0565	-0.8677	-0.7259	-0.3666	-0.0417	-0.1059	-0.2818	-0.8016	-0.3404	0.5499	0.3555	-0.1915	0.2112	0.6320	0.4011	-0.4185	-1.4109	-0.4243	-0.7323	-0.8918	0.2625	0.8933	-0.5019	0.0752	-0.5997	-0.7786	0.2674	-0.8493	-1.2435	-0.1537	0.2472	-0.1767	-1.1829	-0.1882	-0.3864	-1.1523	-1.2815	-0.2221
-0.4230	-0.9949	-0.7414	-0.9528	-0.1906	-0.5762	0.2562	-0.6617	-0.6948	0.4327	0.1034	-0.6944	-1.3392	-0.0108	-1.0139	-0.7105	-0.5174	-0.6865	-1.6111	-0.4509	0.8527	-0.8059	-0.7804	-0.1689	0.1732	0.3820	-0.7933	-1.3175	-0.9342	-0.9842	-0.8944	-0.1201	1.1329	-0.4284	-0.1083	-1.0646	-0.6273	0.2751	-0.7574	-1.2997	-0.3469	-0.3071	-0.0074	-1.5333	-0.4291	-0.5959	-1.0041	-1.3555	0.0211
-0.2506	-1.0445	-0.6217	-0.4049	-0.4917	0.4997	0.4583	-0.9190	-0.4329	-0.7100	-0.9224	-0.2516	-0.2780	-1.1157	-0.8535	0.3761	0.5801	0.0466	-0.2728	-0.3928	0.5770	0.2624	-0.3325	-0.2767	0.4361	0.7789	-0.4397	-0.6439	-1.0792	-0.6048	-1.0778	0.0112	0.6718	-0.0494	-0.1099	-0.7500	-1.0306	0.1337	-1.6227	-1.5817	-0.4835	1.0222	-0.4747	-1.2545	-0.6087	-0.5965	-1.4444	-1.2261	-0.4158
0.4729	-1.1111	0.3343	-0.9068	-0.1068	-0.5580	-0.0704	-0.6579	-0.8778	-0.8834	-0.3839	-0.0867	-0.9988	-1.3188	-0.8597	-0.1144	-1.5185	0.1500	-0.2394	-0.5893	-0.3202	-0.6875	-0.5950	-0.7445	-0.0192	-0.0413	-0.8665	-0.0577	-0.8077	-0.9092	0.3062	-0.6220	0.8905	-0.0913	-0.6079	-1.2079	-0.2966	-0.4662	-1.2985	-1.4160	-0.9433	0.9713	-0.0660	-1.8971	-0.7155	-0.1312	-0.2204	-1.1481	-0.4696
0.3879	-0.9940	0.5268	-0.9586	0.2802	0.4010	-0.4622	-0.0914	-0.5738	-2.0434	-1.4199	1.0319	-0.2239	-0.6880	-0.1206	0.3451	-0.1421	0.3263	0.6660	-0.2326	-0.9690	0.6164	0.2676	-1.5816	0.3494	-0.2483	-0.6497	0.2589	-0.0250	-0.8498	0.8833	1.0526	0.1051	-0.1843	-0.3954	-0.2326	-0.6393	-1.6428	-0.7171	-1.0808	-0.1613	1.9743	-0.3645	-0.8375	-0.5919	-0.3011	-1.1957	-1.1060	-1.0346
0.6127	-0.6931	0.8768	-1.0961	-0.1103	-0.0217	0.0397	0.4338	-0.1691	-0.5057	-0.2801	1.4580	-0.8452	-0.7198	0.7476	-0.0544	-0.2165	0.0355	0.0041	-0.2085	-1.6935	0.2938	0.6041	-1.4257	0.6880	-0.4516	-0.9770	0.2945	-0.0045	-1.2072	1.2075	0.9440	-0.3083	0.4774	-0.8721	-0.1984	-0.9280	0.6611	-0.2082	-0.5647	0.3856	0.6072	-0.1184	-0.5547	-0.9607	-0.4772	-0.7921	-0.7521	-0.7629
0.7316	-0.6336	1.0798	-1.0350	-0.5419	-0.3881	0.0303	-0.0447	0.0503	-2.4423	-1.1381	0.7578	-0.0368	0.1796	0.0383	0.3127	0.4734	1.6025	0.9194	-0.5035	-1.2465	0.3580	-1.5011	-2.3436	0.9580	-0.5778	-0.5768	0.5013	-0.1092	-0.7898	1.0493	1.1534	-0.5438	0.5888	-1.2857	0.1252	-0.1312	-0.0856	0.4363	0.3366	0.3869	0.4197	0.0405	-0.7464	-0.5272	-0.4323	-0.3020	-0.1862	-0.3165
0.7762	0.4306	0.8498	-0.9802	-0.1196	-0.3178	0.1369	-0.0948	1.2388	-0.4207	-0.4998	2.5538	-0.0591	0.8938	0.7994	0.2167	0.4749	2.1647	1.3818	0.0683	-0.9369	0.4077	-0.7222	-2.0522	1.2024	0.9918	-0.2920	0.5138	0.6132	-0.6397	0.9706	1.1968	-1.1868	1.5993	-1.3756	0.3009	0.6274	-0.3784	1.4717	0.3482	1.4243	0.3562	1.1168	1.0742	-0.5990	0.7322	0.5202	0.8250	1.2407
-0.0385	0.6247	1.3322	-0.8570	-0.6887	1.2031	-1.0714	0.4673	0.8793	-0.7963	-0.0529	1.3462	0.4172	0.3093	1.2904	0.1086	1.0483	1.6154	0.5379	-0.6695	-0.5417	0.1653	0.0639	-1.7917	0.9176	0.5889	-0.8015	0.8884	0.4124	-1.2461	1.5536	0.2309	-0.3016	2.0572	-1.7626	0.0608	1.4473	1.0498	0.9170	-0.0954	1.4068	-0.1617	1.1614	1.3550	-1.2064	0.6942	-0.0144	0.5357	1.0369
0.4601	1.1814	1.0931	-0.1210	-0.2242	0.6876	-1.0964	-0.7462	0.2676	-0.0084	-0.4528	-0.3319	0.9192	1.1317	1.6719	0.1518	0.2247	1.3633	1.4596	-0.3737	0.4889	0.7216	-1.5190	-1.6104	0.4687	1.0660	-0.1991	0.7060	1.3140	-0.1608	1.3621	1.1430	-0.9495	1.1120	-0.5450	0.8866	1.4095	0.8234	1.2402	0.1485	1.7842	-0.1954	0.9962	1.8999	0.2908	1.5563	-0.4393	0.3228	0.2590
0.7900	3.2068	-0.7985	0.8056	2.0320	-0.6183	2.4694	-2.7586	2.2485	1.8541	0.4265	1.9674	-0.2778	3.4266	1.3063	0.2685	1.4155	1.7213	2.4045	4.5673	0.0714	1.2007	0.9217	0.0533	1.6529	-1.1925	1.0063	0.7208	2.1824	1.7447	-0.0059	1.8970	-2.1055	0.9771	2.0070	1.3896	0.2666	0.6587	2.7965	3.2730	2.6792	-2.2969	1.3652	2.1579	1.7872	3.2794	0.5774	1.5639	1.5419
-0.5841	3.0309	0.1063	1.4872	1.4247	-0.0213	-0.0692	3.3943	0.2997	2.4512	0.8655	-0.2828	1.9588	2.0542	2.1719	1.4170	1.8363	0.2355	-0.2501	2.2765	0.5483	0.9121	1.0718	0.6937	2.1561	0.6919	1.5214	2.3027	0.4754	1.7796	-0.9995	-1.1433	-1.8489	2.3089	0.8334	2.0984	0.1628	1.9960	2.1387	3.3971	1.6541	-1.1015	0.9155	1.8016	0.9082	2.0438	2.9672	1.4889	1.8480
-1.0022	2.8405	-0.0193	2.1830	1.9606	0.0692	-1.2753	0.6732	-0.0485	1.7479	1.4660	-0.4751	1.7437	0.9724	1.6366	0.7803	0.8855	-0.3678	-1.2168	1.6116	1.6331	1.1741	0.7816	1.9613	1.7599	1.3187	1.5726	2.3600	1.0159	1.9331	-1.9807	-1.1102	-0.2691	0.8173	0.5008	1.2719	0.2967	0.1969	2.3095	2.9108	1.0098	-0.2182	0.8016	1.7695	0.9578	1.4559	2.1511	2.2156	1.8764
-0.6200	2.1006	-1.0787	1.4185	0.5414	-0.4299	-0.5963	0.1106	-0.1554	1.6472	2.6483	0.1794	0.5415	0.3216	-0.5878	-0.3371	0.4269	-0.5906	-0.9871	0.9128	1.9495	1.6090	-0.7940	2.4240	0.5856	-0.2945	2.0379	0.4632	0.6536	1.5886	-2.8173	-2.0558	1.0802	-0.6480	0.5535	0.2844	1.7295	0.0367	1.1030	1.4388	0.3468	-0.2910	0.6349	1.7219	0.8852	1.1104	2.5917	1.9601	2.2689
-1.4690	1.0786	-2.0239	0.2823	1.0613	-0.2899	-0.2644	0.1591	-0.6388	1.7085	2.2193	-0.9616	-1.3267	-0.2454	-1.6490	-1.8264	-0.3842	-1.6689	-1.2743	1.3273	1.9678	0.5122	-0.3317	2.6062	-0.6622	-0.8244	1.3990	-0.4848	-0.3459	0.6256	-2.0796	-2.2495	0.6513	-1.2763	1.2623	-0.6913	1.8544	0.4230	0.1849	0.2948	-1.1993	-1.2846	0.3788	0.8330	0.4595	0.3994	0.9461	1.5308	2.2233
-1.6876	-0.0390	-1.3315	-0.1866	1.4145	0.6561	-0.4621	0.6161	-0.2569	0.9168	1.6710	-0.5832	-1.0907	-0.0564	-1.2770	-1.5808	1.6987	-1.5949	-0.3358	1.5583	1.8165	0.9152	1.5015	2.3003	-0.3136	-1.1039	0.7162	-1.2135	0.1122	0.3890	-0.7281	-1.3531	0.4946	-1.4136	1.5533	-0.4942	0.3862	0.9041	-0.7567	-0.0951	-1.1857	0.2885	-0.3167	-0.0884	0.2398	-0.8466	-1.0978	0.3360	0.8897
-1.9445	-0.2896	-1.8137	-1.1555	0.9723	0.2231	-0.1397	0.2513	-0.5383	2.3336	2.5900	-0.1302	-1.9792	-0.0322	-1.1655	-2.1481	-0.1519	-2.0501	-1.6009	0.8474	0.9635	-0.6117	1.4898	1.9400	-0.5988	-1.1924	-0.6014	-1.6776	-1.0004	-0.0429	-0.7201	-0.4805	0.2893	-0.2662	0.7627	-1.3984	0.6567	1.4798	-1.1120	-0.0587	-1.5553	0.0938	-0.1540	-1.4194	-0.4100	-0.7388	-0.0099	-0.5949	0.4065
-2.4075	-1.3196	-1.2295	-0.3817	1.3556	1.2834	-0.2424	0.2955	-0.8009	0.6821	0.8934	-1.2925	-1.3043	-0.8269	-1.2783	-1.3776	0.5948	-1.7657	-1.2894	0.7696	0.8217	0.2610	2.3633	1.5998	-0.3256	-0.8549	-0.8997	-1.1633	-1.6873	0.0292	-1.1289	-0.5239	-0.6154	-0.7821	0.5698	-0.0961	-0.8553	0.2989	-1.7090	-0.0680	-1.6455	-0.7082	-0.7087	-1.2034	-0.6345	-1.6734	-1.6315	-1.5080	-1.0662
-1.2082	-1.0967	-0.9530	-0.5566	1.0574	0.8093	0.8429	0.7128	-0.2237	1.5644	1.0376	-0.1526	-1.1765	-0.1710	-0.4518	-1.0937	0.3655	-1.2876	-1.3815	0.6106	-0.3854	-0.6471	1.6728	0.8318	-0.4720	-1.0860	-0.5366	-1.3107	-1.6262	-0.2364	-1.0147	-0.9866	-0.3657	-0.5946	0.3475	-0.2600	-1.4903	0.9210	-1.1246	-0.1295	-1.5282	-0.7137	-0.6409	-0.8531	-0.8202	-1.0618	-0.2135	-1.1717	-1.6837
-1.2054	-1.7392	0.2113	0.0480	1.0039	1.2314	0.9937	0.1860	-0.4334	0.5192	-0.6546	-1.2147	0.1958	0.1404	-1.0823	-0.5810	0.9771	-0.6546	-0.4391	0.5727	-0.3089	-0.9454	0.2509	1.0449	-0.7827	-0.6434	-0.6448	-1.1803	-0.4310	-0.0573	-1.0064	-0.9670	-0.3606	-1.5193	0.3728	-0.7223	-1.9193	-0.1810	-1.6734	0.0058	-2.0485	-0.7606	-1.1990	-0.8375	-0.6746	-1.5168	-1.8090	-1.6213	-2.0519
0.5602	-1.2874	0.8445	-0.0781	0.4541	-0.3921	1.4847	-0.0035	0.1738	0.3297	0.3957	0.9655	-0.4349	-0.4137	-0.2360	-1.0151	0.5844	0.2722	0.3056	0.1198	-1.5711	-0.5197	0.6001	0.1382	-0.5164	-0.6436	-0.7559	-0.6644	0.6361	0.4080	0.3675	-1.1094	-0.4142	-0.5021	0.3283	-0.7103	-1.6237	-0.1544	-0.6997	0.4056	-1.5443	-0.4934	-0.5624	-0.8175	-0.2359	-1.0847	-0.1526	-0.4055	-0.8636
0.7276	-1.2201	1.3335	-0.1603	-0.5332	-0.9398	0.2931	1.0770	-0.7981	-0.5620	0.2459	-0.5765	-0.3145	-1.0597	-0.2139	-0.9262	0.5563	0.3062	0.4058	-0.4659	-1.1288	-0.9564	0.3764	-0.3246	-0.4640	-1.5976	-0.3455	-0.0951	0.2712	-0.1203	1.1347	-0.7651	-0.5236	0.1534	-0.3366	0.0507	-0.0879	0.1203	-0.2561	-0.1675	-0.0981	-0.5001	-0.0437	-0.6715	-0.0168	-0.5223	-0.9858	-0.3278	-0.5424
0.1628	-1.1455	1.8642	0.1602	-0.6183	1.5583	0.5008	0.5140	-0.2787	-0.5437	-0.6414	0.5642	0.0244	-1.0351	-0.0663	-0.2672	0.5915	0.6742	0.8891	-0.7902	-1.0746	0.7961	0.3892	-1.4530	0.0900	-0.8494	-0.4868	0.5200	-0.4133	-0.0845	0.0817	-0.2409	-1.0494	-0.4441	-0.8376	0.0175	-1.5023	0.1676	-0.9282	-1.0791	-0.1174	-1.1642	-0.6452	-0.3139	-0.0363	-0.6005	-1.4275	-0.4875	-0.8503
0.5566	-0.1476	0.8853	0.8477	-1.4252	0.3140	0.3173	1.7739	-0.3725	-0.7652	-0.3103	1.1784	-0.2653	-0.2987	0.3801	0.6155	-1.2734	0.0714	0.1352	-0.9407	-1.4024	-1.2179	0.0649	-1.2166	-0.5465	-0.1248	-0.5185	0.8478	-0.4943	-0.6208	-0.2470	0.8074	-1.1092	0.6575	-0.8964	-0.8483	-0.0914	0.6475	0.1711	-0.0751	1.2200	0.1929	0.3071	0.1574	-0.3362	0.7091	0.7105	0.5980	0.0709
0.9241	-0.1005	0.7829	0.5562	-0.9459	-0.5994	0.7824	0.5796	0.5943	-0.5594	-1.0514	2.8187	0.2464	0.7119	-0.4782	0.7297	-1.0091	2.2738	1.7406	-1.6836	-1.2870	-0.5983	-0.6149	-1.1791	0.4911	0.1444	-0.2694	0.3143	0.5566	0.0973	0.3622	0.3287	-0.5915	0.4596	-0.7638	-0.2293	-0.1821	-0.9395	1.6183	-0.3910	0.7294	0.3430	0.7389	0.8215	0.1088	0.7551	-0.1600	1.1444	0.3981
-0.9573	1.1564	1.2034	-0.3479	-1.8483	-1.1365	-1.6841	1.0158	-0.0739	0.2147	-0.2027	0.4343	-0.2437	0.8836	0.4783	0.0172	-1.2992	0.6913	0.9471	-2.5324	0.0377	-1.2541	-0.3555	-1.2555	-0.4753	0.9391	-0.9146	0.9887	0.9414	-0.5266	1.5453	0.1193	0.4631	0.7928	-0.9498	0.1100	0.6974	0.6417	1.7100	-0.0754	1.6598	0.8455	1.6816	0.5759	-0.3481	1.8229	-0.1455	0.5554	0.8838
0.1286	0.5503	1.0939	0.8223	-1.0362	-0.4773	-1.0280	0.5164	-0.4241	-0.4797	-0.7917	-1.0871	0.9523	0.0654	0.9429	1.0044	-1.2368	0.3114	0.9775	-1.8063	0.5595	-0.6175	-0.8664	-0.8660	-1.1217	1.3866	-0.4547	1.2423	0.6075	-0.4051	1.4518	1.2442	0.8643	-0.3428	-0.5493	0.6963	0.2520	-0.7437	0.2751	-0.4572	1.0931	0.3889	0.5743	1.3807	-0.0315	1.1804	-0.9009	0.1877	-0.4475
1.7186	0.7932	0.5059	1.3552	-0.6424	-1.0581	0.2945	0.7136	1.1366	-0.6653	-0.4643	-0.7243	0.5689	0.9537	0.6870	1.3332	0.1548	0.7873	2.3260	0.5429	0.3581	0.4652	-0.6309	0.2794	-0.6503	0.7245	0.8591	1.3814	0.9987	0.5088	0.3420	0.7991	0.3752	-0.1678	0.9027	1.4408	-0.0233	-1.1203	0.5658	0.6450	1.1699	-0.6474	0.3740	1.7112	0.8943	0.8733	-0.2211	0.9527	-0.2581
1.0538	0.9621	0.1117	0.7251	-1.3912	-0.1953	0.0161	0.6803	0.3470	0.3519	0.7655	-0.3155	1.4558	-0.0524	0.1019	2.1125	-0.9342	0.5905	0.5397	-1.1503	0.6640	1.7378	-1.9112	0.9319	0.5021	0.6106	0.9317	1.0124	0.7005	1.1079	-1.0311	0.3818	1.4463	0.2396	-0.0430	1.0599	1.5762	0.0514	0.1065	-0.2975	0.7281	0.3957	0.1495	0.2960	0.4400	0.0905	0.2949	0.6341	0.1324
0.8062	0.4454	-0.9204	-0.1729	-0.7032	-0.1215	-0.3037	0.8733	-0.4294	0.2674	-0.2497	0.2384	-0.0994	-0.5321	-0.6398	0.1808	-1.8745	-0.2678	-1.3341	-1.0483	0.5441	0.6836	-0.5752	1.4329	-0.3053	0.9024	0.5111	-0.1097	-0.6383	0.2467	-1.2935	0.7240	1.7889	-0.2372	-0.2165	-0.6745	1.3740	-0.9583	-0.3155	-1.3358	-0.4304	-0.2533	-0.1777	-0.9055	0.2451	0.2133	0.3935	1.0642	1.0195
1.0548	-0.6674	-0.9282	-1.5849	-0.5736	0.0189	-0.0853	0.5713	0.2490	-1.8878	-0.6911	1.6518	-0.6523	0.5376	-1.4321	-0.6233	-1.4517	1.9180	0.5549	-0.9179	0.0742	0.3894	-1.8182	-0.3352	0.4691	0.5847	-0.1336	-1.2432	-0.3676	-0.7722	-0.8991	0.8095	2.0002	-1.1849	-0.8245	-0.7807	1.7023	-0.7310	-0.5295	-1.5718	-0.1866	-0.0408	-0.1528	-0.7131	-0.4162	-0.2142	0.1106	0.8375	1.0979
0.5031	-1.1527	-0.5054	-1.2612	-0.5756	-0.5210	-1.3825	1.2881	-0.1032	-1.4712	-0.4059	-0.1998	-0.4016	0.7823	0.2398	-0.9159	-1.0475	-0.2768	-0.2650	-0.2807	-0.5708	-0.7874	0.6510	-0.0869	-0.4130	0.5396	-0.4751	-0.9425	-0.4180	-0.8568	1.5133	0.6424	0.5412	-0.1117	-0.1778	-0.1911	-0.0176	-0.6334	0.0654	-1.8707	-1.0922	-0.7856	-0.2726	-0.8187	-0.1964	-0.0837	-0.7036	0.2858	0.1847
1.2749	-0.6679	-0.7183	-0.2032	-0.6941	-0.0519	-0.8352	0.4208	-0.1594	-1.1301	0.2853	-1.0215	0.7573	1.0445	0.6474	-0.3163	-0.4413	-1.5287	0.0508	0.1784	-1.0116	-0.3498	0.5734	-1.3006	-1.4031	-0.6286	0.1696	-0.6331	0.1326	0.3560	1.6308	-0.6017	-0.4619	0.0724	1.2432	0.3684	-0.3802	-0.8152	-0.8075	-0.5288	-0.2587	-0.1035	-0.7945	-0.0119	0.6282	0.2686	-0.0366	-0.3636	-1.4262
1.2826	-0.4661	-0.7366	-0.0402	0.4700	0.2393	0.1359	-0.1818	0.3818	0.3131	0.0115	-0.8739	0.2658	-0.0369	1.3749	-0.7884	-0.1199	-1.1338	0.7836	1.3025	-1.7234	-0.0953	1.7931	-0.4749	-0.6857	0.3676	0.3459	-0.2686	-0.7621	-0.2956	1.1595	1.0679	-1.2507	0.6426	1.3780	-0.4486	-0.8125	-0.2575	-1.1782	0.2637	0.0613	-1.0298	-0.9240	0.1799	-0.1422	-0.5042	0.2037	-0.4712	-1.0867
1.1264	-0.3165	-0.0228	0.6980	0.9593	-0.1161	0.6975	0.2092	0.4410	-1.9062	0.1616	-0.4864	1.5432	-0.8445	1.2014	0.7619	1.3104	-0.0442	1.2300	0.6695	-0.9056	1.3780	0.9317	-0.8207	0.5013	1.5268	1.0677	0.4197	-0.4086	0.4691	1.8718	1.4696	-0.2187	0.1442	0.9409	0.3563	-0.1675	-0.4784	-1.6290	0.4523	0.2060	1.3605	-1.7040	0.6374	-0.1338	-1.0819	-1.4229	-0.3131	-1.2076
1.0921	-0.6110	-0.6591	-0.3527	0.3958	-1.6616	0.9106	0.8633	0.0103	-0.0065	1.5933	-0.1252	-0.1070	-1.3948	0.1116	-0.0184	-0.9766	-0.4286	0.0199	-0.4373	-0.0861	0.7532	-0.5244	0.1112	-0.5251	0.5389	0.8033	-0.1866	-0.1434	-0.0117	0.8084	0.8249	0.7281	0.3723	0.2693	-0.2471	0.9723	0.1690	-1.5042	0.9687	-0.0505	1.1047	-1.2942	0.1296	-0.2769	-1.3950	0.3617	-0.2731	-0.2569
0.8694	-0.8175	-0.8291	-0.4294	-0.0138	-0.9920	1.1037	0.1641	-0.3050	-1.1138	0.3590	-1.4582	-0.4000	-1.9925	-1.3539	-0.2339	-0.4585	-0.3625	-0.6016	0.0476	0.2190	-0.6037	-0.2270	0.8897	-0.8888	-0.2488	0.2406	-1.0914	-1.0748	-0.4460	-0.0046	0.4268	1.0060	-0.2000	-0.3064	-0.8738	0.9924	-0.7581	-2.1708	-0.6117	-1.0901	0.4802	-1.1653	-1.5524	-0.7031	-2.1204	-0.0971	-1.0529	-0.2050
0.7592	-1.5934	-0.9953	-1.0229	-0.1826	-0.3958	1.9603	-0.9382	1.2173	-1.4046	-1.6912	2.4111	-0.6635	-0.4432	-2.0805	-0.0810	-1.0043	2.6328	0.9573	-0.5578	-0.7669	-0.0193	-0.3932	0.1077	0.7479	-1.1771	-0.0030	-2.2341	-0.0405	-0.3907	-0.2410	-0.3619	0.8966	-2.0537	-0.5551	-0.9397	-0.0892	-1.8981	-0.0975	-1.9812	-1.7408	-0.2445	-0.9315	-1.3920	-0.2055	-1.6157	-0.3440	-0.7026	0.2248
-1.9596	-0.4428	-0.4434	-1.3478	-0.4248	0.2110	-1.0846	0.7365	0.0918	0.0945	-1.5809	1.0778	-0.7596	0.1348	-0.6944	-0.2403	-1.1538	0.1405	-0.1885	-1.0492	-0.2936	-1.2642	0.4275	0.5248	-0.1905	-0.4264	-1.0186	-1.0203	0.1621	-0.6489	0.8966	-0.1286	-0.2444	-0.2304	0.1345	-0.7770	-0.4348	-0.7924	1.0569	-0.9300	-0.6541	-0.1636	0.3556	-0.9561	-0.1086	0.0821	0.1055	-0.5865	1.0799
-1.7775	-0.6162	0.1685	-2.1049	0.5023	0.9997	-0.0540	1.4641	0.6018	-1.3390	-0.5915	2.0826	-1.3927	-0.3941	-1.3720	-0.4868	0.4533	0.5289	0.3354	0.1541	-0.2232	-0.7254	0.0015	-1.3516	0.2652	-1.4404	-1.7548	-0.3442	-0.2308	-1.8485	-0.2051	-0.3651	0.8237	0.2608	-0.5030	-0.4702	-0.6230	-1.3294	-0.1100	-0.7955	-0.4534	-1.5888	-0.2198	-0.9457	-1.4695	-0.8873	-1.0892	-1.2404	-0.6188
-0.5274	-0.5021	-0.5336	-1.2431	0.0532	1.1517	-0.6730	1.6176	1.2474	-1.3305	-1.4433	0.1186	-0.8840	1.0296	0.0032	-0.1163	0.8270	0.6301	1.3544	0.5556	-0.6584	-0.5463	-0.0789	-1.1825	-0.2284	0.1208	-0.6758	-0.0333	0.2858	-0.6651	0.2816	1.4075	-0.9384	-0.9614	-0.0575	0.0881	-0.4941	-1.3555	-0.0277	-0.6712	0.0315	-1.5877	-0.7050	-0.4485	-0.4765	-1.1079	-0.7127	-0.5977	-1.3504
-0.6762	0.5448	0.4801	0.3831	-0.0857	0.8316	-0.4508	0.6688	0.5415	-0.4264	0.2841	-0.1807	0.9679	-0.2015	0.9591	0.9228	0.4053	-0.9169	-0.6292	-0.0591	0.8420	-0.7126	-0.5791	-0.7196	-0.9072	0.7615	-0.1579	0.5203	0.6384	0.2891	0.7763	-0.7876	-0.1446	-0.0456	-0.0363	1.3423	-0.3577	-0.4960	-0.4137	0.2123	0.9614	-0.1153	-0.4638	0.9347	0.8520	-0.7915	-0.4892	-1.3535	-0.6101
2.0357	1.5953	-0.6695	1.7659	1.4412	-0.2502	2.0768	-3.1064	2.5216	-0.3496	-1.1338	0.9691	1.0148	2.2715	0.9076	0.0797	2.1172	0.0375	1.7672	3.3573	0.4160	1.4250	0.0473	-0.2211	-0.6217	0.0391	2.4545	-0.0452	2.1385	2.5547	-0.3660	0.4844	-1.2265	-1.2570	2.0766	1.9551	-0.7456	-1.5027	1.3895	1.2754	0.6195	0.9871	-0.5923	1.1245	2.7074	0.2180	0.6135	0.1153	-0.4090
1.4739	0.9118	0.2235	1.4554	0.7984	-0.6308	1.1721	-2.8240	0.6183	0.8919	-1.1202	-0.8518	1.0793	-0.3184	0.4889	1.1101	2.1894	0.0468	-0.2419	0.7887	1.0975	1.0446	-1.0892	1.5095	-0.1408	0.1450	1.8865	-0.1670	0.8095	1.8399	-0.5489	-0.6925	0.3422	-1.8625	0.7076	0.7231	0.0915	0.2769	-0.6126	0.2820	0.0419	1.8589	-0.9670	0.2843	1.7222	-0.8051	0.3944	-0.1852	-0.0684
0.8048	0.0078	0.0849	1.2111	0.9834	-1.4062	0.3550	-1.9805	-0.4111	0.7459	-0.9666	-1.6630	0.0066	-1.8280	-0.2497	-0.1347	0.0688	-1.2974	-1.8757	-0.1114	1.8256	0.8766	-0.7987	0.9105	-0.8898	0.5273	1.2022	-0.2735	0.2072	1.0679	-0.7608	0.0891	0.3844	-2.5808	0.5618	-0.1472	-0.2359	-0.1956	-0.9856	-0.0908	-0.5372	2.3362	-1.1799	0.4784	2.0241	-0.9903	1.4844	0.0094	-0.0699
0.6402	-0.2114	-0.2419	0.5446	1.3429	-0.9186	0.8679	-1.7992	-0.6377	-0.5485	-0.5476	-1.4781	-0.1146	-2.0116	-0.3172	-0.4720	-0.0465	-1.9282	-1.7479	0.4065	0.7954	-0.6559	-0.1054	2.0359	-0.9327	-0.6950	0.8977	-0.8569	0.0059	1.1547	-0.6131	0.6687	1.5635	-2.1279	0.5774	-0.7703	0.3357	-0.4705	-1.9105	-1.1730	-1.8672	1.9949	-1.7333	-0.7834	1.1460	-1.6620	0.1751	0.1660	-0.5541
1.2506	-0.6959	0.1237	0.3343	0.7881	-1.1473	1.4898	-3.1054	-0.4540	0.7025	-0.3892	-0.0359	-0.4888	-1.5307	-0.7659	-0.2452	-0.6401	-1.4954	-1.0128	-0.1157	0.2649	-0.0824	-0.5221	1.3885	-0.7617	-0.4477	1.0018	-1.5955	0.0583	1.1377	-0.6941	-0.4998	0.5419	-1.4923	0.9551	-1.0140	-0.1831	-0.0369	-1.5726	-1.7932	-1.7426	1.4715	-1.7219	-0.5595	0.8569	-1.4932	0.8012	0.1149	0.2258
0.1716	-0.1041	-0.1232	0.6673	-1.6553	-0.7731	-0.8519	-3.0382	0.5499	0.3428	-0.9954	0.7702	0.0380	1.6289	-0.4333	1.4627	-1.4367	-0.3167	-0.2413	-0.6973	0.5858	-2.3819	-0.6882	0.2678	-0.9446	-1.2527	1.1300	-0.6837	0.9508	1.6925	0.6874	-0.3537	-1.0990	0.0975	0.9494	0.2083	1.0373	-0.5897	1.8631	0.7593	-0.7224	3.0815	0.1869	-0.3073	1.5017	0.1579	2.2628	1.2293	1.1751
-1.1390	-1.1591	0.1665	-1.4510	-1.0315	1.1496	0.3240	-1.9991	0.0118	1.2561	0.2095	-0.0747	-0.9837	0.5272	-1.3672	-0.6190	-0.6732	-0.8412	-0.1781	0.0586	-0.8303	-2.1603	-0.6661	-1.0320	-0.8906	-2.0022	-0.8320	-0.3109	0.0868	0.1832	0.3796	-0.6976	-1.1601	-0.3267	-0.1085	0.1800	0.3180	-0.5417	-0.0343	-0.9615	-0.2884	0.2399	-0.1167	-1.3897	0.1108	-0.0054	-0.6106	-0.9627	-1.5194
-0.2980	-1.8058	0.6566	-1.3112	-0.4616	2.5649	0.1264	-0.7543	-0.0598	0.0230	-0.8626	-1.5500	-0.0761	-1.2162	-0.0863	-0.1302	0.4582	-1.6235	-0.8733	0.4924	-1.4812	-1.4966	-0.0139	-0.1486	-0.8166	0.1062	-0.8205	-0.2181	-0.0199	-0.7257	1.3308	-0.0456	-1.5399	-1.0837	-0.0188	-0.5804	-0.9651	0.0182	-0.9498	-1.7241	-0.5335	-0.2482	-0.9798	-1.0643	-0.6649	-1.1941	-0.0796	-1.0554	-1.9349
-0.2833	-0.7579	1.1819	-1.0911	-0.0801	1.1656	0.9840	-0.8455	0.2340	-2.1836	-0.1354	-0.4521	1.1243	-0.3136	0.1501	0.7139	0.8292	-0.5854	-0.4320	0.0874	-0.6835	-1.1198	0.0471	-0.4959	-0.1997	0.3261	-0.6506	0.0228	0.0148	-0.4414	1.5185	0.2165	0.0328	-0.1580	-0.0143	0.1644	-0.0300	-0.2233	-0.6690	-0.6659	-1.4174	0.5444	-1.3431	-0.6151	-0.0560	-1.5166	-0.3483	-0.6616	-1.5603
-1.4004	-0.3838	0.9927	-0.9052	0.5181	1.4305	0.4190	-2.2663	0.5689	-0.0670	0.0771	0.6234	0.2361	1.1216	-0.2528	-0.5667	0.0391	-0.6111	0.1176	-0.4194	-0.0210	-1.0552	-0.4323	-0.0605	-1.4113	1.2009	-0.4726	-0.2682	0.6342	0.0376	1.6043	-0.6067	-0.1835	0.6843	0.3768	0.0461	-0.6472	-1.0398	0.5966	-0.4740	-1.6447	-1.3764	-0.4850	-0.6989	0.3504	-1.1553	-0.0518	-0.5920	-0.4829
-2.0261	-0.4674	0.6260	-1.2799	0.0575	0.6047	-0.7945	-1.9609	0.4079	-0.6834	-0.1758	-1.2370	-1.0624	1.0660	0.1855	-1.2487	0.7587	-1.5915	-0.0547	0.0226	-0.0896	-1.6164	-0.6958	-0.4330	-1.3824	0.0679	-0.6600	-0.2807	1.3564	0.2740	1.8311	0.4129	-0.4069	0.0208	0.7903	0.6432	-0.4540	-0.9672	0.3841	-0.4772	-0.1850	0.3565	-0.0505	-1.0343	0.0538	-0.2041	0.0607	-0.3506	-1.5400
-0.3598	-1.0851	1.3336	-0.3810	0.2898	1.3582	0.5430	-1.5502	0.0558	-0.1133	-1.1361	-1.6619	0.4553	0.8567	0.4116	0.0424	1.6580	-1.6710	-0.4859	-0.0652	0.1279	-1.6736	-1.5153	0.3258	-1.2401	-0.6245	0.3596	-0.0523	1.8874	0.2280	1.8696	-0.5799	-0.1388	-0.1029	1.3040	1.2061	-0.4358	-0.9070	-0.2996	0.1158	-0.5753	1.1123	-1.0417	0.2451	0.7189	-0.3921	1.1105	-0.4588	-1.6105
0.9416	-0.9472	1.3134	0.5647	0.9359	1.7008	0.7491	-1.3349	0.5982	-0.5335	-1.2858	-0.7178	1.0900	0.3044	1.4521	-0.3433	1.9713	-1.0367	-0.1831	0.5344	-0.7360	-0.8194	1.2447	0.7758	-0.7698	-0.1191	0.7825	0.5674	1.2209	0.1897	2.2877	0.7343	-0.6302	1.0689	1.1593	0.7346	-0.7690	0.0175	-0.4451	-0.1536	-1.1226	0.3723	-1.5044	0.2545	0.5423	-0.8108	0.4598	-0.3969	-1.6188
0.2001	0.3259	1.0383	0.2772	-0.4311	0.1427	0.3857	-0.8347	0.5436	-0.8079	0.6281	0.1724	1.4431	0.0592	0.5326	-0.8973	0.7490	-0.3614	-0.4733	-0.5084	-0.2103	-0.4799	0.5971	0.4758	-1.1774	-0.6877	0.5821	0.2402	1.1394	0.4817	0.9382	-0.6205	0.2136	1.2138	0.9291	0.4152	1.0089	-0.2953	-0.0353	0.3949	-0.5254	1.0647	-0.8752	0.3180	0.8077	-0.2069	0.0684	0.3934	-0.5433
-0.4785	0.6660	-0.5277	0.0874	-0.3767	0.2531	0.5043	-0.2320	1.6345	0.1999	-0.2935	2.3706	-0.2180	0.6875	-0.7102	-2.5113	-0.9475	0.4360	0.5870	-0.4246	0.7865	-0.6613	-0.1308	0.0112	-1.2873	-1.1810	0.7938	-0.5351	1.8761	0.6306	-0.2881	-1.2103	-0.4526	0.9078	1.1124	-0.0231	-0.2888	-1.8164	1.2260	0.8014	-0.5733	0.0653	0.6530	0.0204	1.0353	0.4788	-1.0430	1.1166	1.6195
-1.3273	0.6740	-1.2918	0.2238	-1.3874	0.7890	-0.6671	-0.0947	0.7915	-0.6172	-0.8244	1.1755	-0.0819	1.2418	-0.4832	-0.9091	0.2904	0.0473	0.5536	-0.5778	0.8201	-0.6885	-0.2113	-1.0690	-0.2265	-1.8272	0.7590	-0.1277	0.8785	0.7612	0.3028	-1.3247	-0.6432	1.5008	1.1604	0.4498	-0.3278	0.0359	0.7825	0.8859	0.5966	1.5355	1.2767	-0.0057	0.4032	1.7031	-0.2491	1.5781	1.2486
-0.9631	-0.1577	-0.6347	-0.3404	-1.1053	1.1949	0.6556	0.2551	0.0361	0.1450	0.4456	1.7015	0.0314	0.5234	-0.7572	-0.9447	-0.3639	-0.3244	-0.4665	0.0387	-0.6238	-0.5309	0.1225	-0.5927	0.7937	-1.6534	-0.3097	-0.0981	-1.0906	-0.1151	-0.5644	-1.1891	-0.3402	1.1592	0.0933	-0.5583	-0.0237	0.3228	-0.5373	-0.0736	0.1942	0.1830	0.6880	-1.1844	-0.8518	1.0938	-1.2093	0.5901	0.4891
-1.5293	-0.1962	-0.3511	0.5532	-0.7844	0.8157	-0.1893	0.5252	-0.4468	0.2715	-0.4973	0.4845	1.3244	0.7049	-0.7119	-0.8279	-1.0433	-1.0184	-1.5265	-0.5826	0.2115	-0.7407	0.5078	-0.3503	0.9567	0.2772	-0.8099	0.4216	-0.9883	-0.2107	-1.0422	-1.0499	-1.5881	0.0019	-0.3005	-0.4613	-1.3648	0.7635	-0.0257	0.2176	0.2853	-0.3433	0.6636	-0.8361	-0.6474	0.1831	-1.4289	0.2386	0.2105
-0.2749	1.0065	-2.0524	-0.2767	-0.6008	-1.6166	-0.0309	0.8340	-0.3081	1.1252	0.8209	1.1678	0.1458	0.8262	-0.4973	-0.5002	-1.4175	1.5599	1.5714	-0.0351	-0.4883	0.1086	0.2331	-0.9698	1.4438	0.7009	-0.4872	-0.0075	-1.4250	-0.8478	-1.8477	-0.7745	-0.7368	0.4466	-0.3583	-0.8517	-0.6301	1.6137	0.7803	1.4376	2.6764	-0.5621	2.4803	0.4791	-0.7040	2.1442	-0.5811	0.6007	1.5913
-0.8594	0.3067	-0.7485	0.4043	-1.6929	-1.7191	-0.9148	1.2475	-1.7141	0.5822	0.0542	-1.0061	1.1496	0.7297	-0.1717	0.9537	-0.6396	0.6199	-1.4336	-1.0461	-0.3085	-0.1890	-0.4186	-0.1967	1.8752	1.0175	-0.8911	0.7118	-2.4395	-0.9789	-1.4161	-1.8521	-0.1654	0.2610	-0.6432	-0.3843	-0.2909	2.4211	0.3815	0.4525	1.1624	-0.0508	1.6677	-0.4029	-0.5023	0.6898	-1.0598	0.6388	0.6748
-0.6355	0.5670	-0.5701	0.5075	0.0198	-0.4607	-1.0983	1.3359	-1.6465	-0.0409	-0.0824	0.4877	0.7869	-0.2320	-0.2234	1.4705	-1.2248	1.8817	-0.5700	-1.4722	0.1374	1.0333	-0.1047	-0.8854	1.8728	1.5391	-1.5822	0.1711	-1.7785	-1.4814	-2.4219	-0.3427	1.4080	0.2471	-1.4691	-0.7487	-0.3967	1.2551	0.0797	1.1788	1.7931	-0.9547	1.6682	0.1476	-1.6210	1.4651	-1.4504	-0.1539	0.0555
-1.1446	1.2928	-0.6513	0.6499	-0.4477	-1.9291	-1.5704	1.5518	-2.5124	1.7213	-0.3099	-1.0213	0.3967	0.7657	0.3466	1.0068	-0.9231	0.5327	-1.5797	-1.4423	-0.6022	0.2799	0.0357	0.2033	1.7326	2.3961	-0.9657	0.3507	-1.4048	-1.4352	-2.5514	-1.1612	0.6633	0.5921	-1.5406	-1.0047	-0.9414	1.9981	1.1165	1.1637	1.6340	-0.9698	2.2126	0.4814	-1.6385	2.2018	0.2307	0.3284	0.8130
-1.0132	1.5972	0.1550	0.4849	-0.3043	-0.6705	-1.8526	1.3354	-1.9053	0.2376	0.6211	-0.4379	-0.3884	0.7330	0.0618	0.7363	0.4900	2.4767	0.2166	-0.4690	-0.5795	1.0042	0.5150	-0.4949	2.5036	1.0733	-1.7804	0.7479	-1.5499	-2.2021	-2.6362	-0.9996	1.6862	0.9260	-2.5289	-0.9112	-0.3660	2.4197	1.5996	2.8383	2.2053	-2.7948	2.9307	0.4551	-1.9932	2.0754	0.6425	0.6669	0.9014
-0.7267	1.4879	0.1521	0.4615	0.2479	-0.6947	-1.8250	1.8456	-2.9387	1.0813	0.7077	-1.0707	-0.9692	0.3644	0.1811	0.5744	-1.3939	1.4275	-0.6691	-0.9209	-0.0268	0.9838	-0.2134	-0.7936	2.1580	0.6932	-1.8217	0.1914	-1.1496	-1.9862	-2.2158	-0.2732	1.0919	1.1126	-2.3778	-1.2301	-0.9215	2.6765	1.9227	2.6592	1.9453	-2.2747	2.9175	1.0681	-1.8766	2.3985	0.9553	0.1075	1.0357
-0.5647	2.1214	0.4527	1.4097	0.1990	-2.2463	-2.0417	0.0154	-2.7143	0.3780	0.8320	-3.1366	-0.6145	1.1448	0.8613	1.2172	0.5141	0.8431	-1.3617	-0.5650	0.5921	1.0266	0.5927	-1.2749	2.7170	1.0047	-0.7476	0.7402	-1.3783	-0.3032	-2.0427	-0.0021	0.5642	0.6362	-1.1223	-0.4254	-0.9002	1.9089	1.5343	0.9118	1.2670	0.3073	1.9430	0.7845	-0.4565	2.4494	0.2638	-0.0148	0.2890
-0.7361	2.7151	0.3023	1.4833	-0.1606	-0.9534	-0.5454	-0.2397	-1.4772	2.2503	0.7291	-3.2164	-0.2140	1.6118	1.4735	0.8046	1.5475	0.6684	-0.6665	-0.1625	0.0724	1.7092	0.2981	0.1188	2.1702	2.0754	-0.0878	0.8577	-1.5729	-0.6859	-1.0117	-0.0755	0.0213	1.6957	-0.8860	-0.5123	-0.7185	3.4941	1.1541	1.0773	1.9955	-1.4626	2.5088	1.1088	-0.5587	2.7052	1.0180	0.5200	1.7954
-0.2872	2.3578	0.5588	2.0694	0.4568	-1.1133	-1.0551	-0.6355	-0.7492	0.7693	1.5978	-1.4497	0.6359	0.7650	1.4676	1.5903	2.5488	0.8673	-1.2862	0.2393	-0.1161	1.9219	1.7949	0.5580	2.3598	1.0273	0.0926	1.6137	-1.5796	-1.1595	-0.5536	0.1385	1.7581	2.7485	-1.4612	-0.4806	-0.3891	2.7061	1.1065	1.5847	1.4008	-1.5406	2.3711	1.3608	-0.8590	1.9724	0.8122	1.1358	1.4912
0.9109	1.9882	-0.1746	0.7580	0.2155	1.3919	-0.4422	0.6015	0.0822	1.1482	2.1677	1.6026	-1.1339	0.3526	-0.3427	0.8997	0.9195	3.9722	0.9271	0.7591	-0.2044	3.0193	0.0975	0.9990	2.8738	-0.0523	-0.9751	0.6317	-1.0804	-1.6058	-1.3814	0.3909	1.7256	2.7118	-2.2927	-1.5596	1.2854	0.7389	1.7635	2.3484	1.1737	-3.6240	2.6722	0.6636	-1.1971	2.1688	1.9136	1.4748	1.9399
0.2676	1.7852	-0.1303	0.4056	-1.0951	-0.0209	-2.8917	2.4424	-2.3987	2.7040	1.3925	-1.0169	-1.1974	0.5875	-0.6498	1.8050	-1.4409	1.8038	-0.2937	-0.5754	0.9422	1.8419	-1.6779	0.2253	1.7434	0.8522	-1.2838	0.0569	-0.1998	-1.3216	-1.1759	0.5377	0.1238	1.6597	-2.4181	-1.0720	1.6517	1.1789	2.4932	2.5560	2.1408	-0.8839	3.1359	1.0998	-1.2616	2.4953	2.5895	0.8425	2.2100
0.6075	0.2664	1.5451	0.7366	0.7170	0.9313	-2.2679	1.7198	-1.7771	0.8756	1.8313	0.3279	-0.4890	-1.4715	-0.4036	2.1056	0.1232	2.9041	0.9753	0.2502	1.4605	3.2680	-0.1097	0.1273	1.8100	0.4066	-1.7190	0.7915	-1.4848	-2.2520	-1.7494	1.1182	0.7968	1.0331	-3.0364	-0.2970	-0.0062	0.5539	0.2521	0.2591	0.7915	-1.5934	1.9007	1.1482	-2.9023	0.5997	0.2029	-1.1614	0.8292
0.2889	0.2127	1.5061	0.4324	0.9668	-0.4348	-3.3284	2.1542	-2.1538	1.3594	2.0459	-1.0077	-0.1006	-1.1731	0.6462	2.1753	-1.5236	1.2112	-1.0196	0.3179	1.4158	1.4706	0.6188	0.1128	0.4426	0.2755	-2.1730	1.1553	-2.2035	-2.3435	-0.2563	-0.1280	-0.1551	1.3391	-3.1248	-0.3612	0.0500	0.1490	0.3193	0.9687	-0.0012	-2.2317	2.1048	0.7912	-2.9296	1.1013	0.5633	-1.6515	1.8982
0.0225	0.2440	1.9836	1.2563	1.2799	-0.8246	-3.3888	1.9388	-2.7734	1.7730	2.1731	-0.9400	0.0814	-2.1789	0.4894	2.1852	-0.4207	1.5443	-0.5593	-0.2605	0.5641	2.4161	0.9999	0.1644	0.5591	0.7186	-2.5855	1.1644	-1.9137	-2.5182	-0.8881	1.3799	0.7243	0.9130	-2.9306	-0.4495	-0.3803	0.7033	-0.2947	0.3218	0.7245	-0.8191	1.5805	1.3219	-3.3807	0.3335	-0.2686	-2.2722	1.2390
0.1753	0.0737	2.5688	1.1723	1.3695	-1.2086	-1.9113	1.2451	-2.2277	1.0973	3.1050	-0.4800	0.2119	-1.3229	1.4145	1.8307	0.1114	1.5345	-0.8458	0.5824	0.0510	2.7353	0.5923	-0.3553	0.9019	0.9541	-2.3479	1.9246	-1.9038	-1.2595	-0.4890	1.9123	-0.2990	1.2239	-2.0033	0.6381	-0.1502	1.9066	-0.3768	-1.3786	0.1401	-0.0995	0.4661	1.0275	-2.8645	-0.1750	0.0473	-1.9650	0.5095
-1.7241	-0.1978	1.0195	3.1685	2.2301	2.1943	4.6692	-0.4960	2.6387	-1.4203	0.2764	1.1985	1.6730	-1.7285	2.3057	0.8564	3.2279	-0.4433	0.9931	5.0498	3.7017	1.9133	0.5013	0.5582	-0.8590	-0.6921	2.4623	2.5631	1.9698	1.3482	2.8937	3.8208	-2.6352	1.6358	0.0976	5.7491	2.2112	1.4961	-0.0234	-0.9523	-1.3589	1.9376	-2.2227	1.8524	-0.5593	-2.1994	-1.3703	-1.4646	-1.5986
0.7547	0.8409	1.8377	2.2687	2.2515	1.4860	1.5491	0.5595	2.5257	1.1695	-0.5300	0.0200	2.2781	-1.5973	2.4116	0.6448	0.5251	-1.0655	1.7413	2.4296	0.3604	-0.2380	0.3318	2.2535	-2.2980	1.3034	2.7143	2.3718	2.0460	2.3381	2.5896	1.5846	-0.6333	0.6767	-0.0702	3.0165	0.3155	0.2502	-0.1216	-0.5094	0.0978	-1.0021	-1.1600	2.3351	1.4249	-1.0942	2.2754	0.7652	1.2329
0.9971	0.7737	1.5574	1.6209	2.9582	0.6616	0.4982	0.1624	2.8877	-0.7872	0.1561	0.7667	2.4052	-1.8365	2.5221	0.7412	-0.3539	-1.2682	1.3110	1.3063	0.0542	0.6364	1.6515	2.1154	-1.5875	0.6827	2.9040	2.5519	2.7541	3.5865	2.1355	2.6573	0.7794	-0.3724	0.8658	1.8850	0.9158	-1.0932	-0.5842	-0.3316	-0.6788	0.3427	-1.9723	1.9088	2.3125	-0.6327	1.7691	2.0652	0.4035
0.7884	-0.0193	-0.3579	0.0154	0.7218	-0.7064	1.4455	0.1687	2.3116	-0.4671	0.3339	0.6151	0.3812	-2.2820	0.5777	-0.3171	-1.1469	-1.7111	-0.5844	-0.2642	0.8784	0.0889	-0.2861	2.0405	-1.6890	-1.1877	2.6491	0.9392	2.7431	2.8692	0.5550	0.9461	1.7750	-1.8307	0.9174	0.9698	2.6226	-1.7978	-1.3820	-0.9223	-1.1240	1.9001	-2.4844	1.3837	2.0709	-1.0565	1.7247	1.8236	-0.1131
1.0183	-1.1674	-1.3803	-1.3668	0.5412	0.4207	1.5245	-0.1424	1.5472	-0.9125	-1.6109	0.1501	-0.8230	-2.0612	-0.9959	-2.1312	-0.3409	-1.9824	-0.3417	-0.2373	0.4055	0.2810	1.0258	1.6695	-1.9288	-1.2917	1.8113	-0.2121	2.1103	2.0887	0.5770	2.0377	0.6253	-2.7135	1.5067	-0.0031	1.1681	-2.6531	-1.6229	-1.7413	-2.2080	1.3397	-3.0725	0.5848	1.9568	-2.0342	0.8049	1.1472	-0.7074
0.3352	-1.7311	-1.4618	-3.0371	-0.0026	2.1587	2.3028	-0.2721	2.5134	-1.4725	-0.2398	2.6645	-2.0918	-1.7980	-2.3522	-3.3923	0.9820	-0.3401	2.4090	0.0416	-1.2381	-0.0761	1.2469	0.0904	-1.6504	-2.8162	0.5451	-1.0297	1.6020	0.9317	-0.2776	0.4822	0.1578	-2.8239	2.3085	-0.8328	1.4838	-2.4889	-1.4103	-0.7068	-2.4911	-0.4231	-3.1922	-0.1392	1.6660	-2.1723	-0.2613	0.6995	-1.3451
-0.1710	-1.4421	-2.1494	-2.5353	-1.1971	-1.6998	0.6089	0.5210	1.1586	0.2436	-0.7493	2.1015	-2.8823	0.7432	-1.3639	-2.5845	-0.4187	-2.1701	0.2851	-0.5029	-0.7032	-3.0018	-0.4007	-0.3116	-1.3146	-2.2478	0.4907	-1.8656	2.1561	1.1737	0.9599	-1.2475	-0.5833	-1.4401	2.7917	-0.8822	1.3180	-0.9286	0.8422	-0.0101	-2.1223	1.8696	-1.8826	-1.8731	1.7183	-1.2845	0.3658	1.0183	-0.5468
0.8628	-2.8659	-1.8649	-3.3249	-1.1650	-0.5382	1.1920	0.5941	0.8314	-1.1515	-0.4381	1.4793	-2.3868	-0.2448	-1.7490	-2.1442	0.2357	-0.6179	1.6357	0.3053	-1.8718	-1.5919	-1.1015	-1.1363	-0.3542	-2.4704	-0.4393	-2.2640	0.7101	0.4712	0.2374	-0.9132	-0.2910	-1.4486	1.5746	-0.8975	0.0110	-0.9949	0.0529	-0.5955	-1.6646	-0.2002	-1.3004	-2.8531	0.8390	-1.4743	-1.8135	-0.1746	-2.0348
0.3692	-1.9318	-1.5328	-0.9031	-2.4325	-1.3035	0.1632	0.0057	-1.0861	0.0528	-0.8217	-0.1846	-0.5425	0.5150	-0.6467	0.8504	-0.7035	-0.8869	0.1480	-0.4329	-0.9897	-1.1234	-0.8684	-0.8464	-0.5017	-1.3517	0.5507	-2.0606	-0.2760	0.5566	0.4922	-2.5650	-2.8357	-0.5887	1.3656	0.0504	-1.3053	-0.7092	0.9611	-0.7767	-0.0564	1.0377	0.0466	-1.3587	0.4922	0.0909	-0.5842	-0.7729	-0.8936
0.9115	-2.0360	-0.3457	-1.5256	-1.0750	0.2570	0.6385	0.0043	-0.3240	-0.5149	0.4012	0.6871	-0.8656	-0.9467	-0.5967	-0.3435	-0.1264	0.6054	1.1153	-0.1029	-1.3918	-0.6251	1.2604	-1.8617	0.4995	-0.3196	-1.2231	-1.0161	-1.3949	-1.1715	-0.2407	-0.3787	-1.6030	-0.5366	0.1213	-0.1711	-1.3456	0.1822	-0.7889	-0.9498	0.7161	-0.4609	-0.0676	-1.5882	-0.9457	-0.5281	-1.9011	-2.0917	-1.0611
0.3644	-1.9573	0.4108	-1.3103	-0.3464	0.0928	-0.2606	0.9115	-1.2107	0.2265	-0.4278	-0.4759	-0.0698	-0.9876	0.1722	-0.1926	-1.3093	-0.6103	-0.5477	-1.2102	-1.4685	-1.2196	0.9701	-1.2985	0.3618	1.1025	-1.7306	-0.3998	-1.1869	-1.4090	0.1885	-0.0091	-1.1848	-0.8553	-0.5445	-0.3589	-1.8559	0.9856	-0.9207	-0.9910	0.2862	-0.7432	-0.3318	-1.6320	-1.0795	-0.9024	-2.0191	-2.3586	-0.9360
0.4195	-1.0826	0.4928	-0.5165	-0.0868	-0.1273	-1.3316	0.7975	-0.7112	-1.7055	0.2786	-0.0488	0.1019	-0.9877	0.6706	0.4057	-0.9366	-0.9755	-0.7542	-1.2314	-0.5084	-0.3276	0.7875	-2.4423	0.3755	1.5140	-1.4033	0.1258	-1.0815	-0.9241	0.0969	0.3859	-1.0258	-0.4100	-0.2983	0.0845	-1.3166	0.1967	-1.1861	-0.7193	0.4641	0.5723	-0.4517	-0.5548	-0.4140	-0.6473	-1.5258	-2.2056	-0.7036
1.1301	0.6036	-1.3143	-0.4549	-0.5184	0.0018	1.3273	-0.6861	2.4631	-0.9944	-0.2953	1.5206	-0.4623	2.7072	1.1777	-0.9205	0.3140	0.2075	2.9216	1.2203	-0.6714	0.0849	-0.7001	-1.7275	-0.1455	1.3457	1.6923	-0.1078	0.9453	1.9000	-0.1841	0.0947	-2.0906	0.1355	2.7443	1.4577	-0.0671	0.3409	0.9120	0.5093	0.4921	-0.7105	-0.1191	-0.0635	1.9215	1.1253	0.5420	-0.0132	0.5854
1.0272	0.5026	-0.1779	0.0514	1.7768	2.2324	2.9270	-1.8657	3.2129	0.9551	-0.4757	1.5415	0.8163	1.4087	0.1729	-1.4319	2.6756	0.2332	2.0105	2.8260	-0.5481	-0.0513	0.6341	0.4349	-0.7842	0.5493	1.0220	0.5595	0.9962	1.5577	-0.5681	-0.0434	-1.1686	0.3964	1.3391	1.3792	0.0367	-0.3058	-0.1387	0.6145	1.2106	-2.0819	-0.8118	0.4324	0.9677	-0.1230	0.8323	0.0555	0.3969
0.4228	0.4081	0.6597	0.5158	0.3602	0.9200	1.1235	-1.5354	2.1160	0.0955	0.3943	0.2084	2.4168	-0.1380	0.8877	0.0510	-0.0463	-1.3842	-0.3353	-0.7950	0.7424	-0.7275	-1.6421	0.2146	-1.2047	0.2818	1.6061	1.0569	1.4944	1.9443	0.2398	-0.7140	0.6229	-0.1984	0.7892	1.9860	2.1943	-0.4920	-0.0109	1.0769	0.9774	0.1885	-1.3641	1.1429	2.0977	-0.3938	0.2731	1.0412	-0.5247
-0.3479	0.0435	-0.0695	0.2441	-0.4258	0.4562	0.8176	-1.1448	1.9909	-0.1876	-0.8875	0.0104	1.0599	-0.3746	-0.2214	-1.3160	-0.7648	-1.4693	-1.0947	-0.8992	0.7581	-1.3314	-1.4510	1.8257	-2.1015	-0.4733	1.5034	0.1026	1.3507	1.7468	-0.0119	-1.0189	1.0294	-1.3878	0.9956	0.0834	1.8788	-1.6941	-0.0011	-1.0068	-1.0311	0.4833	-1.6777	0.2644	2.4077	-0.9423	0.4927	1.7249	0.2365
-0.4853	-0.1058	-0.6351	-0.4427	-0.9788	-0.9063	1.4199	-1.0772	1.2949	-2.5001	-0.5317	-0.1074	0.9862	-0.1984	-1.8282	-1.6473	-0.5839	-1.6960	-0.1906	-0.2592	0.8024	-0.7124	-2.3663	0.9901	-2.4729	-1.2950	1.5329	-0.5531	1.5554	1.7951	-0.1464	-1.0013	1.7220	-2.0634	1.9398	-0.3464	2.6509	-3.2767	-1.1990	-1.8903	-2.0705	2.4719	-2.5024	-0.4833	2.9611	-1.1746	0.0461	2.0259	-0.1687
0.9479	-0.8588	-1.4301	-1.0682	-1.1941	-2.3455	1.8359	-1.3529	0.6990	-0.6085	-1.5939	1.2103	-0.6476	-0.2372	-2.1772	-2.1705	-0.3812	-1.3520	0.1666	-1.5206	0.2617	-0.5171	-1.6862	1.3770	-2.5879	-1.8292	1.7938	-1.9191	1.0140	1.5601	0.8811	-1.5306	1.2423	-2.3469	2.2989	-1.2805	1.8786	-3.5276	-1.2041	-2.4558	-2.9217	1.9835	-2.5338	-1.3092	2.6126	-1.4141	-0.9182	1.2374	0.1896
0.5970	-0.8529	-2.2540	-1.6110	-2.8232	-1.0221	0.4814	-0.1649	0.2886	-0.3790	-2.6259	0.4752	-1.5568	1.4663	-1.9094	-1.6291	0.5546	0.3821	1.1391	-1.7357	0.7693	-1.8543	-0.3929	-0.5318	-1.3732	-2.0934	0.7310	-3.3540	-0.1862	0.8145	0.9717	-0.6992	0.4475	-2.1198	1.4554	-1.3865	1.5864	-1.2519	-0.4696	-1.1422	-0.2971	2.2721	-0.9792	-1.1511	1.3618	0.4307	-1.0410	0.3286	0.3850
0.9346	-1.7055	-1.9017	-2.1465	-1.7019	-0.1696	1.3249	0.0859	0.0801	0.5275	-0.8884	1.4333	-1.9798	2.0353	-1.5186	-1.1965	-0.5618	0.8053	1.5015	0.4289	-1.9687	-2.0021	0.1107	0.2362	0.0604	-2.6278	-0.1375	-3.4702	-0.6680	0.1342	0.6485	-0.3071	-0.7480	-0.8759	1.1245	-1.3353	-0.8932	-1.9199	-0.1365	-0.9025	-0.7516	0.9335	-0.1804	-2.2829	0.1547	0.1547	-1.3807	0.2299	-0.9097
-0.0514	-1.5293	-1.1026	-1.4530	-2.6349	-0.0184	-0.4385	0.7332	-1.4050	-0.2022	-0.2238	-1.5101	-1.3448	-0.0396	-1.2163	-0.6237	-0.3773	-0.9255	-0.8163	-0.1921	-1.0370	-3.0224	-0.3523	-1.3301	-0.2218	-1.3305	-0.5458	-2.3021	-2.0597	-0.7038	0.6258	-1.0602	-0.3210	-0.4092	-0.1662	-1.3831	-0.7942	0.1568	-1.7829	-1.0716	-0.2051	1.6972	0.1277	-2.0169	-0.2441	-0.8303	-1.3049	-1.0301	-1.5705
-0.0969	-1.4542	-0.1526	-1.1573	-0.0006	0.5094	0.2954	0.6502	-1.0195	-0.6116	-1.1562	-0.3836	-1.1145	-0.5345	-0.4015	-0.8435	-0.6881	-0.2723	-0.5239	-0.3485	-1.0628	-0.4923	-0.1562	-0.6959	0.3045	0.4276	-0.8611	-1.3897	-1.6074	-1.3170	0.0839	0.3728	-0.2591	-0.8005	-0.0802	-0.6911	-2.0698	-0.0821	-1.9463	-1.4225	-0.6685	0.1316	-0.4437	-1.5663	-0.7673	-0.9653	-1.2482	-1.5853	-2.0160
-0.5316	-0.8273	-0.0901	-0.4424	0.3669	-0.2211	-0.8707	0.4490	-0.6563	-2.0448	-1.1539	-1.4268	-0.7538	0.0959	0.4545	-0.1515	0.1070	-0.9949	-1.0060	-0.0100	-1.0475	-0.5414	1.3020	-0.8074	0.9243	0.3755	-0.4352	-0.2633	-1.6597	-0.9893	0.2767	0.0621	-0.4750	-0.4350	-0.2001	0.0192	-2.1168	-0.5603	-1.5913	-1.1492	-0.5155	0.7903	-0.3758	-1.1856	-0.4384	-0.7160	-1.0102	-1.0209	-1.5125
-0.1316	0.0398	-0.2412	-0.6189	0.9375	0.3405	0.7034	0.2136	0.1252	-0.5545	-0.1972	0.5068	-1.3862	0.1039	0.6227	-0.6226	0.1853	-0.3548	-0.1036	0.7394	-1.5403	0.0595	1.2170	-0.4482	1.0982	0.9085	-0.7373	-0.3961	-1.1633	-1.5907	0.3228	0.6254	-0.0923	0.4837	-0.5316	-0.5111	-1.9723	0.7377	-1.7368	-1.3822	0.2139	-0.4784	-0.1541	-0.8808	-0.8818	-0.2875	-0.5074	-0.7822	-1.1790
-0.3528	-0.0429	-0.0752	-0.2936	1.0923	0.1722	-0.5713	0.4882	-0.5906	-1.2863	-1.1324	-1.1033	-0.3637	0.8099	0.6988	-0.2311	-0.5054	-0.9960	-0.8519	0.1398	-1.0319	0.3977	0.7315	-1.1810	1.1397	1.1191	-0.5419	-0.3309	-0.7154	-1.3265	0.6955	1.1107	-0.5911	0.0668	-0.2296	-0.1877	-1.9171	-0.1765	-0.7630	-0.8000	0.4679	-0.0436	0.1868	-0.6893	-0.4627	-0.3422	-0.8899	-0.6160	-0.8417
-0.6927	-0.1684	1.0990	0.4450	1.0823	1.2130	-0.7376	-0.3660	0.0599	-1.5386	-0.6557	0.2762	-0.4193	0.3287	0.9595	0.5278	0.9519	0.4532	0.4177	0.7299	0.7028	1.6551	0.5911	-0.3843	1.5093	0.9881	-0.3552	0.4445	-0.4594	-1.4394	0.5429	1.4690	-0.2265	-0.5600	-0.4599	1.3734	-1.2649	-0.6508	-1.1395	-0.4746	0.8736	1.0213	0.0522	-0.1166	-0.8025	-1.5183	-1.7968	-1.3583	-1.3718
-0.0935	0.6650	0.7458	-0.2234	0.8907	0.5045	-0.9952	0.3333	-0.1174	-0.6178	-0.2127	0.1101	-0.6756	1.1109	1.5087	0.3826	-0.4937	-0.2982	-0.6208	1.0236	-0.1483	0.4252	0.7124	0.1719	0.9113	0.6716	-0.8742	0.5967	-0.3248	-1.4471	1.5934	1.0068	-0.4213	0.8988	-0.5758	0.6277	-0.8091	-0.4290	0.1721	0.5974	0.7769	-0.0245	0.8539	0.2509	-0.3619	-0.0170	0.0419	-0.6049	-0.2058
0.4799	1.2136	1.6422	1.0784	1.3764	1.1112	-0.9436	0.1923	-0.2331	-0.5137	-0.2291	-0.9409	0.3434	1.1840	1.2794	1.3791	0.8894	0.3285	-0.6892	0.8917	2.0468	0.8757	0.5880	-0.1489	1.1005	1.7335	0.2035	0.7219	-0.3631	-0.1502	0.6435	1.0280	0.0700	0.6339	0.5790	1.3352	-0.5440	-1.1471	-0.0093	0.1202	1.0093	1.9464	-0.0426	0.9496	0.3745	0.5294	-0.4293	-0.9567	-0.1849
0.0204	1.5065	1.8782	0.7462	0.4907	1.3190	-0.2979	0.1216	0.6447	1.3302	-0.0954	-0.5914	1.2755	1.4249	1.6234	0.8497	1.0707	0.6402	-0.3679	0.2750	2.1781	0.4821	-0.2040	1.1264	0.5294	2.0778	0.4527	0.7701	0.1500	-0.2926	0.5913	-0.0969	0.2021	0.9878	-0.0206	1.0090	-0.2874	-0.3022	-0.2193	0.2974	0.9447	-0.0337	0.2811	1.1545	0.1768	0.3918	-0.2479	-0.4870	0.7446
0.3337	1.6931	1.5851	2.1358	0.3734	1.2275	-0.7273	0.2252	1.0965	-0.7039	-0.4217	-0.8363	2.3752	1.9727	1.2812	2.1214	0.7265	0.6685	0.2589	0.1565	2.3363	1.3925	-2.1755	-0.2045	0.7253	1.9268	1.4170	1.1449	1.3017	0.3655	-0.7679	-1.1891	0.3455	1.2160	-0.3719	0.9514	-0.4412	-0.6749	1.2486	0.7996	1.2057	-0.5838	1.2050	1.2808	-0.0347	0.7220	-0.0670	0.5375	1.3925
0.7576	1.1946	0.3877	1.8195	0.0288	-0.3836	-0.1748	0.4137	0.2463	0.7557	1.0751	0.1560	1.6973	1.1429	-0.4169	1.2929	-0.7495	1.2955	0.6694	-0.6920	2.6684	1.7345	-3.6440	-0.0124	-0.2034	0.3714	1.4080	0.7193	1.8883	1.2816	-1.5153	-1.5880	0.2055	1.0329	-0.1018	-0.2886	1.2131	0.9946	1.3518	-0.1510	0.5833	-1.6626	1.0559	1.4942	0.3333	0.1513	0.3589	0.9447	1.6257
1.4772	1.1081	-1.1176	1.2951	-0.3605	-2.1073	1.1120	-0.0043	1.5653	-0.7237	0.2437	1.2346	1.3599	1.9281	-0.9570	0.9797	-0.4819	1.3703	1.1319	0.3044	0.8961	-0.6350	-1.2714	-0.3875	-0.0251	-1.8195	1.2524	-0.3021	2.7903	2.4284	-0.4216	-0.1387	0.2447	0.5172	0.9913	-1.5960	1.7250	-0.7812	2.1368	1.2438	-0.0813	-0.7124	0.6922	0.4963	2.1197	0.6471	1.0734	3.2214	2.3160
0.3731	0.3916	-0.5408	1.0110	-1.0145	-1.1122	1.2601	-0.5096	-0.3617	0.4544	-0.6156	-1.3039	1.7817	1.0098	-0.1422	1.5863	-0.3092	-0.3150	0.5009	-1.4631	0.1799	-0.5264	-0.8041	0.1366	-1.0727	0.0355	1.9405	-0.2532	1.6912	2.1176	0.3783	-0.8019	0.1627	1.1199	0.9917	-0.8713	1.1709	0.9693	0.6950	0.5526	-0.3920	0.8171	0.1725	-0.1979	1.3216	0.3404	1.4910	2.5297	0.8041
-0.5846	0.0184	-0.7171	0.3753	-0.7421	-2.4988	1.7099	-0.5166	0.3095	0.8720	-0.1753	-0.4824	0.6229	-0.0086	0.1600	-0.4391	0.2846	-0.6403	-0.4367	-0.7412	-0.1255	-1.5453	1.5680	0.4085	-0.1217	-0.7802	1.3882	0.0788	0.3372	1.2503	0.6621	0.5129	1.0694	0.3344	0.8830	-1.2020	1.4520	1.6820	0.1659	0.3476	-1.1599	-0.6881	0.0680	-1.1299	1.2432	0.1383	0.6978	2.1605	0.4277
-0.1570	-0.7308	-1.0330	-0.7595	-0.8844	-0.4690	1.2271	-1.1278	0.3030	-0.0040	-0.2598	0.8159	-0.5151	-0.9058	-1.6524	-0.9889	0.5559	1.4692	1.0919	-0.7212	-1.1934	-0.9022	0.0457	1.2897	-0.3944	-1.9690	0.0987	-0.7669	-0.2659	-0.1864	-0.3391	0.1373	1.6688	-0.7502	0.2155	-1.7142	1.6470	-0.0799	-0.5007	0.5507	-1.6611	-0.0589	-0.0214	-1.7511	0.1167	-0.1501	-0.2726	1.2163	-0.0787
-0.6105	-0.9372	-1.3249	-1.3402	-0.5250	0.6731	-0.1776	-0.3141	-1.4911	-0.1495	-0.8918	-1.9857	0.0617	0.5384	-1.8350	-0.0231	-0.6446	-0.5182	-0.1812	-1.5748	-1.1692	-0.7589	0.0337	0.3161	-0.4604	-0.9118	-0.1482	-0.9115	-0.4554	-0.1396	-0.4653	-1.0064	-0.7212	-0.1643	0.4370	-0.8822	0.0026	-0.1862	0.4843	0.6237	-1.2863	0.5032	0.0467	-1.5231	0.2204	-0.1341	0.0980	0.8501	-0.1077
-0.2970	-1.3251	-0.3134	-1.3401	0.2624	3.0989	0.1487	-0.1278	-0.1904	-0.5144	0.2842	-0.4000	-0.2554	-0.0498	-1.3362	0.2636	0.7342	1.6343	1.6544	-1.1679	-1.2454	1.0494	0.9828	0.1202	0.6394	-1.2766	-0.8006	-0.3315	-0.5501	-0.6432	-0.6361	0.4965	-0.0262	-0.5364	-0.3110	0.3774	-0.3709	0.4631	0.8006	1.0720	-0.4465	-1.1612	0.0398	-0.9875	-0.4592	-0.6351	-0.2412	0.4342	-0.6391
-0.5554	-0.8145	-0.3939	-1.2718	-0.0116	1.2720	0.1893	0.4208	-0.7507	1.3415	1.3561	0.3312	-0.6608	-0.4905	-0.4019	-0.1673	-1.3202	-0.0856	-0.0659	-0.4493	-1.5382	-0.7078	0.7916	0.4475	-0.0844	-0.7070	-1.3063	-0.2770	-0.4219	-1.0773	0.3385	0.2721	-0.5055	0.3467	-0.8634	-0.1114	-0.7982	1.4345	0.6338	0.2759	-0.2019	-1.1850	0.4607	-0.3897	-0.9865	0.0328	0.9416	-0.3921	-0.8486
-0.8501	-0.5747	0.3348	-0.3589	-0.2221	0.3364	-0.2236	0.3274	-1.2066	-0.2693	1.3650	0.2534	0.2790	-1.2997	-0.1970	0.4345	-1.0031	-0.3812	-0.5918	-0.7512	-0.9872	-0.3231	0.4581	-1.1226	0.2006	0.0401	-1.3336	0.1012	-0.5259	-1.1101	0.7243	0.3356	-0.2594	0.0753	-0.9738	-0.0488	-0.8677	1.3419	0.0337	0.2012	0.3145	-0.5289	0.2426	0.0867	-1.2314	-0.0472	0.4927	-0.9387	-0.8990
-0.8578	-0.0114	0.8516	-0.0235	0.7397	-0.7307	-0.4696	0.0844	-1.0800	1.0078	0.8580	0.3453	-0.1952	-1.0036	0.8991	-0.3377	-0.4161	-0.5449	-0.6364	0.2322	-0.7909	0.7274	1.2361	-0.0110	0.0606	1.5685	-1.1429	0.7770	-0.6240	-1.0610	0.1906	0.5619	-0.4153	0.7057	-0.9826	0.6161	-1.5554	1.0483	0.2238	-0.0741	0.1612	-1.1788	0.5266	0.7234	-1.6019	0.4155	1.0020	-1.2037	-0.3353
-1.1225	0.9050	1.4027	1.0681	0.5821	-0.2474	-1.4344	0.3903	-0.5186	-0.5214	1.4372	0.2828	-0.0734	-2.4359	0.6934	0.2669	0.4348	0.2084	-1.0883	0.9034	0.5733	0.5792	0.6864	-0.2182	-0.0367	1.1853	-2.0552	1.2277	-0.9396	-1.3115	-0.5510	1.0042	0.6061	0.4837	-1.8523	0.0722	-0.5441	0.0778	-0.7460	0.5208	0.7328	-0.0152	0.1240	1.3358	-2.0826	0.5390	-0.4857	-1.5616	0.2411
-0.4594	1.7639	1.2851	1.7505	0.7342	-1.3090	-1.8611	-0.6780	-0.8111	1.2324	0.2451	-0.3285	-0.2886	-0.8992	0.7525	0.2909	-0.0496	0.4898	-1.1785	1.3138	0.8275	1.1046	-0.9980	0.5965	0.2646	1.5112	-1.0590	1.4950	-0.1332	-0.5635	-1.5049	0.0211	-0.1059	-0.0066	-1.1412	0.8313	-0.0800	0.5683	1.4686	0.9805	0.8144	-0.0331	0.7327	1.8801	-1.7413	1.2803	0.8011	-1.1115	1.2327
-0.1781	1.8843	0.8768	2.1869	1.1082	-0.7316	-3.1812	-0.8581	-0.8298	2.8471	1.2402	0.1313	-0.0133	-1.2832	0.7534	0.5253	1.1534	0.2495	-2.2063	1.6803	1.1244	0.9377	0.5605	0.7404	-0.0758	0.2357	-0.7256	2.0999	-0.6801	0.0117	-1.5580	-1.7251	1.2145	0.9764	-1.6307	0.7132	0.7156	1.3219	0.7384	1.3023	1.9835	-0.2016	1.4633	3.4448	-1.3377	1.8158	1.5942	-1.3278	1.4673