IC05	IC08	IC09	IC15	IC16	IC17	IC18	IC19	IC20	IC23	IC24	IC26	IC27	IC29	IC31	IC33	IC36	IC37	IC38	IC41	IC42	IC43	IC44	IC45	IC46	IC47	IC48	IC49	IC50	IC51	IC54	IC56	IC58	IC60	IC62	IC63	IC64	IC65	IC66	IC67	IC68	IC69	IC71	IC72	IC73	IC74	IC75	IC76	IC77
0.5743	-1.4567	0.3204	-0.8879	-0.0957	0.3399	0.6260	1.0310	0.0677	0.3508	0.3820	0.3385	0.0259	1.0865	-0.5835	-1.5207	-0.5515	0.7765	0.8789	0.6729	0.5777	1.2690	0.8884	1.6317	0.4083	-1.6533	0.0286	-0.4107	0.3784	0.3074	0.9019	-0.0509	0.9046	1.0590	0.7636	-0.3811	2.2644	0.9009	0.9451	0.1533	-0.2737	0.1369	0.5927	-0.9752	0.7963	-0.4308	-0.7028	0.7683	-0.7234
0.0813	-0.4383	-0.0640	-0.2441	-0.0178	0.3443	-0.5549	0.6930	0.4295	-0.1638	-0.0204	0.0350	0.2787	1.0599	-0.4968	-0.5997	0.3321	0.2978	0.9274	0.1375	0.4597	0.7117	1.1893	0.9266	0.7735	0.0184	-0.1596	-0.2674	0.5044	0.1392	1.3491	0.1037	1.3057	1.2872	1.4238	-0.1079	1.6304	0.3490	0.0842	0.3388	0.2434	0.5092	0.3340	-0.6466	0.7297	-0.2400	-0.9322	0.1396	-1.1600
-1.8658	0.2013	1.1773	1.6870	0.7979	2.3759	-1.5806	-0.7027	2.4938	1.1165	0.1184	0.5996	1.6630	1.3605	0.4984	1.8729	1.5642	2.6954	3.9846	0.8553	1.5524	1.0331	1.9203	1.4843	1.1317	0.3897	0.7645	1.5035	1.4697	0.8390	1.2478	0.6234	1.5825	1.4006	2.1559	1.5078	2.3250	-0.2082	0.6406	1.7124	0.7405	0.4187	-0.1804	0.1438	1.2115	-0.3344	-1.4919	-0.0144	-2.2379
-0.6570	-0.9620	0.9428	1.4285	1.2418	0.9076	0.3274	-0.3414	0.7899	3.4486	1.1599	0.2047	1.8722	1.0660	0.1466	2.3046	-0.2015	0.7005	1.8917	1.3640	-0.6428	0.8647	1.1844	1.3005	-0.5471	-0.0811	1.2081	2.0088	0.7902	2.0215	-0.0506	0.2677	-0.1244	0.7049	1.1576	1.2610	0.0533	0.6186	2.1471	0.0066	-0.0295	0.1132	0.4211	0.1538	0.7169	0.0659	-0.0465	0.2061	1.1425
1.5185	0.2970	0.3097	0.4003	0.6420	-0.6060	1.9355	-0.0514	1.6817	2.0825	2.6139	-1.2996	0.7600	-0.3873	0.9736	0.9796	-0.7666	-0.9986	-0.1107	0.5951	-0.5915	0.8099	1.0655	0.0997	-1.1638	2.3985	-0.4406	1.0075	0.1057	1.7473	0.4822	1.5654	0.3848	0.1531	0.0075	0.5253	1.1437	1.8113	0.2531	1.5291	3.1084	-1.2443	1.0546	0.7428	0.2104	2.7499	2.4344	1.3941	1.3364
0.2060	0.8100	0.2251	-0.0805	1.0323	-1.1452	0.4530	-0.9757	1.0086	1.7840	0.1346	0.1082	-0.0253	-0.3501	1.6828	0.1964	-1.5036	-0.7715	-1.0996	0.6235	-0.4881	0.3945	1.4146	-0.2066	-1.0291	1.1589	-0.8277	0.7595	-0.0544	0.7972	-0.3620	2.0316	0.7185	0.3200	-1.2050	-0.2587	0.3855	0.8710	-0.6105	1.1821	1.5011	0.4619	1.6251	-0.2013	-0.2142	2.1120	0.5242	0.1511	0.6228
0.2837	0.0368	2.3735	-0.0446	-0.4147	-1.1942	0.5984	-0.0805	0.8925	-0.2398	0.0500	-0.0596	0.3879	-1.1083	1.0470	0.1070	-1.2094	-0.3691	-0.8485	-0.9119	-0.2546	0.8190	1.2713	-0.0436	-0.0790	0.4443	0.1006	1.5925	-0.5382	0.5572	-1.3502	1.2651	0.5461	-0.2962	-0.6210	0.0330	-0.2640	0.2645	-0.9360	-0.0891	-0.1399	1.2624	-0.2652	-0.5263	-0.6764	0.5630	-0.6196	-0.2812	-0.5200
0.0774	0.8229	2.2394	-0.1775	-2.0053	-1.1647	0.2553	0.2175	-0.7922	0.4767	0.3904	-0.3842	-0.4264	-1.5271	-0.5255	-0.2917	-1.5850	-0.8268	-0.8253	-2.2090	-0.4659	0.6056	-0.9101	0.8258	-0.2214	0.9419	-0.0125	0.4180	-1.3317	0.7706	-1.8015	-1.7012	-0.2158	-1.8802	-0.8258	-0.2085	-0.1831	-0.1213	0.3426	-0.2528	0.7451	-0.2289	-0.4831	-0.6173	-0.8004	-0.0693	0.4169	0.3221	-0.8556
-0.4592	1.0336	0.1536	-0.6504	-3.2663	-1.3412	-0.0757	0.8853	-2.7416	-0.2153	-0.3700	-0.7978	-1.5264	-1.6424	-2.5416	-0.6527	-1.2727	-1.5542	-1.6658	-1.6418	-0.6528	-0.3390	-2.2355	1.1423	-1.4082	-0.3397	-0.5990	-2.0981	-1.3224	0.3782	-2.0372	-3.7298	-1.1477	-2.7579	-1.3352	-1.0226	0.8803	-0.2752	0.6804	-1.0304	1.2697	-0.4504	-0.7683	-0.8863	0.2343	-0.3676	0.3940	-0.2931	0.0100
-1.4545	-1.5636	-1.3984	-1.8702	-2.1063	-1.2298	-0.5051	0.6746	-1.6793	-1.2237	-2.0087	-0.8081	-1.6449	-1.5170	-1.5484	-1.3895	-1.1402	-1.4865	-1.8599	-1.2139	-1.4454	-2.0754	-1.9392	-0.3490	-2.1328	-1.7835	-1.0051	-2.8633	-0.9823	0.0858	-0.3818	-1.3208	-1.7933	-2.1572	-1.5594	-1.6558	-0.4969	-1.3424	-0.7348	-1.3063	-1.1063	-1.5706	-0.7795	-1.2330	-0.4442	-0.4944	0.4314	-1.0623	0.1587
-1.3500	-2.9943	-1.4083	-1.1344	-1.3009	-0.8321	-0.6014	0.7018	-1.3877	-2.1403	-2.1318	-1.2169	-1.0989	-0.7924	-1.4340	-0.6178	-0.5016	-1.2715	-1.5359	-2.0879	-1.5794	-2.5817	-2.6923	-1.7174	-1.5606	-1.9251	-1.0715	-1.9504	-0.8001	-0.8859	-0.9472	-0.4624	-1.3788	-1.7897	-1.1401	-1.4366	-2.7576	-2.4293	-1.3261	-2.7475	-2.7633	-0.7674	-2.1132	-1.4018	-1.3335	-0.9021	-0.2074	-1.7156	-0.5595
-0.4472	-1.9124	-1.5054	-0.7218	-0.9734	-0.9364	-0.1584	1.4121	-1.8424	-1.1668	-1.5502	-0.9537	-0.7634	-0.9690	-1.2189	-0.5704	-0.1989	-1.4312	-1.3218	-2.6524	-1.5926	-2.2341	-2.2806	-1.3731	-1.1877	-1.8799	-2.3054	-2.4522	-0.7263	-1.0540	-1.8522	-0.9321	-1.0795	-1.0505	-0.4865	-1.7152	-2.4428	-2.0870	-0.7035	-2.3082	-2.1276	-0.8409	-1.7766	-0.9158	-2.4595	-0.8102	0.7168	-1.6261	-0.2780
-0.5805	-0.1909	-1.6415	-1.0556	-0.4168	-0.9536	-0.0499	0.5258	-0.6848	-1.4433	-1.2529	0.1954	-0.9488	-0.6623	-0.4641	-0.9497	-1.0024	-1.0675	-1.1910	-1.1323	-1.0590	-2.3892	-0.9113	-2.4140	-0.4593	-0.8407	-2.1655	-2.1085	-0.8749	-1.7358	-0.7475	-0.2052	-1.2704	-0.7095	-0.3883	-1.1787	-2.2019	-1.1638	-1.3493	-1.2994	-1.5068	-1.4749	-0.3467	0.1116	-2.0198	0.2263	1.6357	-1.2031	0.5031
-0.3800	-0.7524	-0.7154	-1.3641	-0.6268	-1.2005	-0.2687	0.5213	-0.0853	-3.0321	-0.9500	-0.7311	-1.0494	-0.0140	-1.0074	-0.7939	0.0241	-0.7872	-0.4670	-0.5681	-1.0247	-2.2901	-1.8007	-2.8890	-0.0582	0.1828	-1.1757	-1.1066	-0.2370	-1.8682	-0.3938	-0.5466	-1.5592	-0.4870	0.0046	-0.7698	-1.5352	-0.9349	-1.1910	-0.9397	-1.7289	-0.7122	-1.1279	0.2160	-1.7107	-1.0453	0.3307	-0.6226	0.8859
-0.0304	-0.0237	-1.2297	-1.1193	0.3290	-0.6413	-0.6511	0.1563	0.2154	-1.5740	-1.0269	-0.8624	-0.5304	-0.0250	-0.8430	-0.4971	0.3180	-0.5285	-0.2697	-0.1721	-0.7187	-1.4605	-0.9337	-1.9179	-0.1493	1.5736	-0.7226	-0.5570	0.0402	-1.2177	0.2269	-0.1524	-0.8461	-0.3091	0.2133	-0.3002	-1.9575	-1.1317	-0.2742	-0.9443	-0.9637	-0.6355	-0.6512	0.7369	-1.5622	-0.1759	0.9887	-0.0525	1.0537
0.1095	0.4063	-1.6109	-0.2476	1.1147	-0.1756	-0.8631	1.1854	0.4121	-0.9919	-0.7840	-0.2853	-0.2424	0.1294	-0.4263	-0.3707	0.5175	-0.4959	-0.1287	-0.1034	0.4564	-0.3378	-0.2780	-0.2934	0.1960	1.7847	0.0616	-0.5938	0.2534	-1.2560	0.8901	0.2099	0.1080	0.3072	0.2144	-0.2122	-1.3480	-0.5673	0.4171	-0.2286	0.5526	0.0837	-0.1828	1.0032	-0.4573	0.0877	1.0062	0.2709	0.7904
-0.1430	0.8717	-1.0151	0.1338	1.0288	-0.0953	-0.2079	1.1144	0.2372	-0.3177	-0.4001	0.7985	-0.9134	0.1088	-0.0048	-0.2142	0.3481	0.1653	0.1670	0.7025	0.7719	-0.2077	0.8147	-0.1742	0.7371	-0.0360	-0.1112	-0.5911	0.4159	-1.5178	1.1632	0.6141	0.8204	0.8736	0.0351	0.2072	-0.1477	0.0893	0.8259	0.5520	-0.0219	0.1026	1.1107	0.4271	0.4646	1.0641	-0.1316	-0.7713	0.1104
0.0227	-0.5109	-0.0379	-0.2972	1.0348	0.1367	0.1717	1.2328	0.4550	-0.9296	-0.4172	0.5842	-1.0016	0.6029	0.1604	-1.0323	0.5844	0.0208	0.2273	0.8778	0.2344	-0.3220	0.1002	-1.1476	0.7363	-0.5728	-0.1217	-0.1246	-0.2952	-1.0626	1.1641	0.9231	0.6406	1.0182	-0.7768	0.4900	0.0938	0.0347	1.0877	0.4380	-0.9302	0.0717	1.0994	-0.7161	0.4106	1.9739	0.3575	-1.2057	-1.5098
-0.1690	-0.2080	0.1149	0.7457	0.8120	0.8549	-0.4674	-0.8480	-0.0372	-0.6262	-0.5917	0.3437	0.2838	1.1627	0.1773	-0.4770	1.2060	0.2451	0.4642	0.8375	0.5940	-0.0954	0.5149	-0.5305	0.7095	0.0423	-0.0899	0.3932	-0.3751	-0.0636	1.4928	0.7422	0.2476	0.6497	-0.4503	1.2257	-0.4422	-0.9555	0.9751	0.1739	-1.7501	0.3402	1.2129	-0.6975	1.1820	0.7741	0.5757	-2.0498	-1.6205
-0.1164	-0.7037	0.7496	0.7204	0.7558	1.0479	0.0884	-2.0375	0.3592	0.6315	-0.0603	0.3829	0.2319	1.6338	0.8367	-0.0324	0.9563	0.3390	0.8661	1.1641	0.4106	-0.2021	0.2301	-0.5716	0.7442	-0.2080	0.1151	1.4463	-0.3735	0.1352	1.9939	0.0043	-0.1979	0.7836	-0.3264	0.9815	-0.5962	0.1350	2.0373	0.5719	-1.2992	-0.1180	1.8326	-0.3595	0.4049	-1.2079	-0.0163	-1.1609	-1.6653
0.6653	0.4990	0.9619	0.2305	0.8511	0.8137	0.0866	-1.5008	0.9829	0.9101	0.3861	0.7378	0.5381	1.7765	1.3622	0.1966	1.2462	0.4959	0.8717	0.7600	0.7620	0.6849	1.3219	-0.2799	1.3371	0.4341	1.1732	1.1837	0.3031	-0.1030	1.9956	0.3226	0.2494	1.0811	0.3585	0.1995	-0.0975	1.1972	1.6496	0.8967	1.0035	0.7139	1.4206	1.3520	0.6074	0.3540	0.4668	0.3733	-0.1330
-0.0498	1.3821	0.0146	0.8619	0.6423	0.9514	0.3510	-1.4305	0.4084	0.7699	0.3002	1.0251	0.9606	0.9607	1.1196	0.9667	1.2082	0.8272	0.8634	0.0240	1.6626	1.0028	1.7998	1.0717	1.3134	0.1788	1.1173	0.9694	0.7068	0.5958	1.3425	0.3688	0.7335	1.5688	0.6201	0.1123	1.1202	1.1038	0.9764	1.4735	2.2821	1.0709	1.2699	1.4871	1.2202	-0.0491	0.3815	1.2873	-0.1379
0.3242	1.5467	0.1638	0.1426	0.4316	1.1950	0.5404	-0.7854	-0.7438	0.4001	0.5895	0.8333	0.2020	0.0612	0.0991	0.7313	0.5285	0.3558	0.0605	0.5800	1.1298	0.5716	0.3037	1.3157	0.6451	-0.2788	1.3547	1.4472	0.5602	0.9671	-0.3440	-0.1990	0.7536	1.4698	-0.7568	1.0004	0.9764	1.9959	1.6044	1.0457	2.1262	0.8490	1.8776	0.6967	1.8167	-1.1765	-0.1406	1.5376	-0.4032
0.2239	1.6346	0.3808	0.6437	0.2826	1.0478	-0.0604	-1.1716	-0.8055	-0.0591	0.1782	0.4631	0.0743	-1.4401	0.1730	0.2827	0.2927	0.6149	-0.6510	0.0493	0.6686	0.2383	0.0265	0.9210	0.8596	-0.8831	1.6700	1.5755	0.3342	1.5898	-1.2567	0.7366	0.5334	0.1030	-1.7955	0.9551	0.8737	1.4704	1.8139	1.1388	1.9225	1.5016	1.7080	0.1218	2.1741	0.3540	0.4001	1.3586	0.6444
0.2588	0.0083	0.8796	0.1337	-0.4262	0.3939	0.4651	-1.3780	-0.5451	0.3780	0.4643	0.1691	-0.1487	-1.6064	0.4139	0.4589	-0.4194	0.1163	-0.5784	0.1896	-0.9769	0.2452	-0.2177	0.5172	-0.1383	-0.1098	1.8284	1.6519	-0.3540	1.8031	-0.9026	0.7188	0.0708	-0.0695	-2.3362	0.4583	0.6704	1.5285	0.8196	1.1139	1.6846	0.2980	1.9184	-0.5104	1.3464	-0.1628	0.3169	1.0393	0.9126
0.2931	-0.9500	0.6878	0.2897	-0.3842	0.1760	0.1662	-0.6041	-0.0185	-0.4780	0.1050	-0.2780	0.0683	-0.8290	0.4196	0.2134	-0.3942	-0.2365	-0.2051	0.2130	-0.6208	0.3955	-0.0569	0.6454	-0.3042	0.8030	1.7512	0.7073	-0.2740	0.9598	-0.0100	0.4928	0.0118	0.2312	-1.1889	-0.1447	-0.2793	-0.0312	-0.0989	0.5074	0.7687	-0.4661	0.6330	0.2577	0.6793	-0.0957	0.4756	0.2264	0.7052
-0.1617	0.1497	-0.2381	-0.1197	-0.7632	-0.1852	0.1987	-0.8603	-0.1825	0.3639	0.6071	-0.3532	0.5382	-0.4344	0.2836	-0.2421	-0.1688	0.1341	0.5080	0.9343	0.2648	0.5714	0.1110	0.1652	0.2617	0.3127	0.1175	-0.3234	0.4398	-0.6638	0.3036	-0.6463	0.1997	0.5315	0.0010	-1.3601	0.3511	0.5212	-0.1287	0.5894	0.3768	-0.1657	0.5202	0.9704	0.3018	-0.2081	0.1639	0.2783	1.6692
0.7804	0.9251	-0.9330	-0.5907	-0.2405	-0.3232	0.1984	0.3064	0.2463	-0.0805	0.4054	-0.0302	0.0694	-0.1035	0.3833	-1.0567	0.0318	-0.1912	-0.2809	1.1698	0.2115	-0.0853	0.1066	0.3006	-0.0532	-0.1439	-0.2779	-0.3716	0.6612	-1.1898	-0.0437	0.4222	0.2921	0.6522	-0.1269	-1.1258	0.5637	0.7780	-0.6872	0.0782	-0.0953	-0.2367	-0.3052	1.0100	-0.7205	0.4708	0.0290	0.9065	1.9923
-0.0985	1.6070	-0.4161	-0.3361	-0.5537	-0.7120	-0.5877	0.9577	0.1502	-0.8120	0.2577	-0.7215	-0.4731	-0.1342	-0.0530	-0.8478	0.7361	0.3766	0.1209	0.3851	0.7020	0.0619	-0.1317	-0.4175	0.5696	0.3990	0.5551	-0.0377	0.6758	-1.4381	-0.1933	0.2980	0.6600	0.4051	1.0650	-0.5831	0.5423	0.3765	-1.1776	-0.2341	0.2998	0.4921	-1.1851	1.2732	-0.2368	0.2637	-0.4305	1.5493	1.6553
0.0899	1.1561	-0.4603	-0.3021	-0.1885	-0.0258	-0.2549	-0.6343	-0.1430	0.1318	-0.0923	-0.5160	-0.5402	0.2068	0.1622	-0.4244	0.3549	0.0359	-0.2142	-0.0302	0.4076	0.1350	-0.6564	-0.3646	0.2347	1.5595	0.3842	-0.2411	0.5929	-0.0726	-0.2581	0.1791	0.2167	0.3789	0.5013	-0.3811	0.3091	-0.8968	-1.0414	0.0533	0.5236	-0.2705	-1.2424	0.8809	-0.3494	0.1739	0.4886	1.6969	1.4296
-0.1913	1.4469	-0.2414	0.7642	0.0383	0.2497	0.1408	0.0336	-0.4318	-0.0401	-0.1481	-0.4814	0.1737	0.0174	0.1958	0.2697	0.4545	0.0725	-0.3521	-0.7431	0.6952	0.5926	-0.0076	0.2513	0.6886	0.5729	0.1007	-0.2076	0.8924	0.3966	-0.4284	-0.0388	-0.1264	-0.0743	0.6530	-0.3666	0.2901	-0.9071	-0.7638	0.1398	0.9002	1.1352	-1.9297	0.4037	0.1591	-0.4769	-0.0175	1.7134	1.5272
0.1050	1.8353	0.1603	0.1765	0.0634	0.1777	0.3245	0.0589	-0.2139	0.4820	0.0349	-0.1996	-0.4577	-0.1487	0.3409	-0.0055	-0.0737	0.0016	-0.4486	0.3927	-0.0500	0.2088	0.1868	-0.1398	0.0955	-0.1936	0.0113	0.0507	0.7519	-0.0013	-0.0418	-0.3225	-0.1929	-0.2832	0.4850	0.2340	-0.0329	0.3631	-1.1040	-0.3476	0.7744	-0.0393	-0.6406	0.0328	0.0846	-0.8718	-0.3418	1.5357	0.8048
0.1584	2.2278	0.4082	0.5301	0.4257	0.8330	0.0348	-0.2354	-0.1241	-0.2112	0.2750	-0.1111	0.3665	-0.1657	0.3717	0.7542	0.1592	0.1834	-0.9816	0.6611	-0.1268	-0.1556	0.4483	-0.5340	0.1599	0.2915	-0.0695	0.6098	0.4152	-0.0171	0.0522	0.7107	0.4291	-0.9098	0.0345	0.5390	-0.3925	-0.1842	-1.5338	-0.0365	0.9156	0.4331	-0.9926	-0.1770	0.7406	-0.0886	-0.1225	1.2228	0.7875
0.1535	1.6063	0.9736	0.4938	0.5923	0.9492	0.4588	-0.6644	0.1800	0.4602	0.1618	-0.1265	0.5941	-0.2049	0.5501	0.7915	0.3007	0.6264	-0.7111	0.6026	-0.0523	0.2106	0.6149	0.2115	-0.0620	-0.1305	0.7769	1.0657	0.2268	0.4732	-0.1091	0.5096	0.5787	-0.0024	-0.1419	1.2348	-0.0948	-0.3320	-0.6672	-0.2656	-0.1458	0.7886	-0.5722	-0.2789	0.7049	-0.4720	-0.8084	1.1216	0.2591
0.3866	0.7420	1.3093	0.2125	0.8322	0.2518	0.5767	0.0328	-0.1071	0.7142	0.5673	0.4091	-0.4024	0.0757	0.5759	0.3371	0.5532	0.3749	-0.5191	0.0779	-0.5766	0.8924	0.4519	0.3840	-0.2705	1.4523	1.3144	0.6265	-0.0597	0.3452	-0.1100	0.8127	0.8818	1.2624	-0.2748	0.8715	0.7896	0.0718	-0.5233	-0.0828	0.6000	0.5471	0.1815	-0.1144	0.7412	-0.0488	-1.4432	0.6801	0.1913
-0.0413	-0.5950	0.4474	0.0827	0.0939	0.4965	0.8984	0.8299	-1.0868	1.2192	1.0299	0.9774	-0.1902	0.7682	-0.4421	0.1755	0.4174	0.4258	-0.0139	0.2516	-0.3638	1.1652	-0.4036	0.6870	-0.3812	0.3794	0.8620	-0.3456	-0.3923	-0.1657	0.2112	-0.5437	0.4596	0.7175	0.3320	0.8327	0.8584	0.4389	-0.2534	0.3115	-0.0298	-0.7682	0.5186	-0.2597	1.2251	-1.3312	-2.0681	-0.4514	-0.7365
-0.3593	-1.0031	-0.5540	-0.4962	-0.2231	0.1833	-0.0274	1.1259	-0.4579	-0.0559	0.4939	0.4750	-0.5344	1.2756	-0.4057	-0.6831	0.8594	0.4276	-0.0261	0.7188	0.1185	0.3027	-0.9237	-0.1509	0.3082	-1.8969	0.1787	-0.9057	-0.2371	-0.5298	1.2792	-0.4026	0.0958	-0.8623	0.2850	0.3397	-0.0016	-0.3629	-0.4567	-0.1231	-1.9284	-0.1129	-0.6663	-0.6875	0.1417	-1.0717	-1.8969	-0.6745	-1.4524
-0.7021	-0.5377	-1.3596	-0.0970	0.0431	0.5328	-0.3182	0.3818	-0.7287	-0.4010	0.1788	0.2368	0.4917	1.6465	-0.8923	-0.1877	1.3255	0.3208	0.0232	-0.0464	-0.1280	0.6909	-0.3291	-0.3028	0.4089	-1.1403	0.3490	-0.6925	-0.4757	-0.2422	0.5701	-0.4990	-0.1511	-1.0087	0.6172	0.4349	-1.1464	-1.2231	-0.6854	-1.3085	-1.1418	0.5138	-1.6559	-1.0431	0.0748	-1.1916	-0.9724	-0.7552	-0.5677
-0.1944	-0.7390	-1.4190	0.4096	0.1932	0.5219	0.0504	0.3906	-0.6598	-0.4024	0.5250	0.2770	0.4572	0.7550	-0.5475	-0.0337	0.9013	-0.4369	-0.4091	-0.2783	-0.7087	0.0438	0.0263	0.3815	-0.0702	-0.2956	-0.6891	-0.7057	-0.4754	0.0486	0.2232	-0.4959	-0.7347	-1.2335	0.5689	0.2080	-0.7740	-0.3019	-1.0467	-1.3206	-0.6927	-0.0132	-1.3486	-1.4368	-0.3394	-1.0773	-0.2875	-0.9518	-1.2594
-0.2907	0.2436	-0.3440	0.0842	0.2835	-0.0930	-0.1728	-1.0193	0.0867	-0.1905	0.1081	0.5353	-0.0959	0.4421	0.2644	0.8679	0.0207	0.5754	0.1082	0.2098	-0.1952	-0.6521	0.1940	-0.5922	-0.1274	0.0236	-0.5165	0.1518	-0.3376	-0.5924	-0.2248	0.2562	-0.3106	-0.3963	1.2852	1.2606	-0.9548	0.3682	-0.9402	-0.8275	-1.1955	-0.7509	0.2053	-0.4659	0.4658	1.6640	0.1090	-0.9451	-1.4861
0.3201	-0.2316	0.2153	0.0707	0.3574	-0.3620	-0.0941	0.1804	0.2207	0.1712	0.0436	0.2392	0.3715	0.1953	0.6293	0.8143	-0.1783	0.3841	-0.0863	0.4851	0.5445	-0.1383	0.5885	-0.5167	0.2640	-0.1451	-0.4377	0.6214	0.0495	-0.5865	-0.2241	0.4896	-0.3722	-0.2543	0.9897	1.5467	-0.7695	0.0289	-0.3845	-0.3236	-1.2544	0.1465	0.1796	-0.1874	0.2669	0.7464	-0.1270	-0.5987	-1.5226
0.2600	0.1808	0.2808	0.9785	0.7373	-0.5391	-0.2534	-0.2391	0.8598	0.3587	0.4420	0.4353	0.7039	0.5325	1.0700	0.4362	0.0078	0.8771	0.6036	1.1999	1.2044	0.8880	0.9281	-0.0774	0.7600	0.6504	0.1340	0.9910	0.3107	-0.3218	0.3887	1.0267	0.2355	0.6998	1.2418	0.8087	0.6119	0.5016	-0.7340	0.3047	-0.1914	0.4252	0.5593	0.2235	0.9566	1.3390	-0.2073	0.0595	-0.3556
0.7831	-1.1453	0.3052	1.5508	0.2840	0.1248	0.3871	-0.7863	0.4342	0.5747	0.0937	0.3898	0.7814	0.2812	0.5487	0.0754	0.0194	0.4576	0.4134	0.0526	0.7620	1.2495	-0.4341	1.3209	-0.0404	0.5640	0.0255	0.2887	0.2051	1.3666	-0.2555	-0.7282	0.0778	0.3031	1.0606	0.3133	1.0359	-0.5479	0.0435	0.2237	-1.0520	-0.7746	0.2738	0.0987	0.0669	0.0392	-1.0229	-0.0959	-0.2882
0.4092	-0.2797	0.0613	0.9248	-0.7323	-0.0419	0.3887	0.2325	0.3857	0.4083	0.8072	0.7096	0.4723	0.0148	-0.0549	0.1987	-0.0244	0.3641	0.2421	0.1822	0.7632	0.7097	-0.3324	1.1301	0.1105	-0.4743	-0.2922	-0.1607	-0.1039	-0.1050	-0.9839	-2.1757	-0.0712	-0.8658	0.9437	-0.0490	0.9354	0.0262	-0.5422	-0.4482	-0.8225	-1.0870	-0.0882	0.4208	-0.1093	-0.7446	-1.1094	-0.8816	-0.1307
0.8969	-1.0466	-0.0014	-0.1120	-0.3274	-0.3623	-0.1778	0.5836	0.9744	-0.5555	0.0821	0.3634	0.1127	0.1086	0.1829	-0.9844	-0.0812	0.2023	0.3974	0.1701	0.3657	0.1123	-0.7618	0.2820	-1.1042	-1.5994	-0.2432	-0.2161	-0.3315	-0.9386	-1.3089	-1.1191	-0.4503	-1.4743	0.4847	-0.3858	0.4317	-0.1720	-0.5663	-0.4837	-1.3365	-1.1120	-1.5445	0.5735	-1.3574	-0.1518	-0.5513	-0.7517	0.3802
0.5698	-1.2600	-0.1975	0.2964	-0.3775	0.1954	-0.6143	0.1558	0.6452	-1.4291	-0.1378	-0.5248	0.7967	-0.2074	-0.0076	-0.3757	0.1059	0.0748	0.4541	-0.8446	0.3294	0.2183	-0.7944	0.1849	-1.1508	-1.1649	-0.8295	-0.5044	-0.2760	-0.3147	-0.8697	-0.5897	-0.7013	-1.7767	0.9858	-0.2291	-0.0552	-0.8608	-1.0624	-0.8666	-0.7500	-0.2791	-2.2847	0.5559	-1.5741	-0.9904	-0.5789	-0.9613	-0.5595
1.2415	-0.5917	0.0411	0.2078	-0.1565	0.0234	1.1299	-0.1760	1.0130	-0.4819	0.0006	-0.8173	0.7018	-0.0264	0.4939	-0.0704	-0.2635	-0.1306	0.5280	-0.5026	-0.4733	-0.2588	-0.8315	-0.6769	-1.1902	-0.3066	-1.3456	-0.4289	0.0419	0.0683	-1.0249	-0.4865	-0.6768	-0.8527	0.5917	-0.5061	-0.2136	0.2019	-0.8747	-0.5723	-0.2842	-0.5654	-0.9138	0.6174	-2.0428	-0.7643	-0.8574	-0.8390	-0.2185
1.5730	1.0695	0.7262	0.2843	0.3899	0.1125	1.3488	-0.0386	1.5336	0.0457	0.0204	-0.4377	1.6029	0.5177	0.9136	0.4309	-0.2762	0.2190	0.6059	0.0512	-0.2917	0.2511	-0.2284	-0.9221	-0.5771	0.3634	-0.6915	-0.3600	0.4095	-0.4033	-0.5010	-0.6464	-0.4539	-0.5575	0.7321	-0.5132	-0.6637	0.1166	-0.5564	0.0960	0.6952	-0.2154	-0.6851	1.4233	-1.3883	0.1588	0.4094	-0.0380	1.7043
0.6255	1.5914	2.1118	0.5865	0.7588	0.7585	-0.2613	-0.0737	1.4873	0.3005	0.4124	-0.3184	1.3173	0.7227	1.5569	0.7595	-0.0998	0.9342	1.1057	-0.0245	0.9247	0.9120	-0.1746	0.4880	0.3892	0.4521	0.3803	0.2450	1.3179	0.4206	0.6402	-0.6979	0.3797	-0.7214	1.1660	-0.3790	0.3674	-0.3167	-0.6863	1.3977	1.6884	0.7014	-0.9138	1.6425	-0.4516	-0.4083	-0.1104	0.8155	1.5504
0.9795	0.5898	1.7734	0.2684	0.9768	1.0582	0.0536	0.0853	1.1408	1.2702	0.6407	0.2245	0.2294	-0.1859	1.0611	0.7761	-0.2910	0.9547	0.8513	0.0094	0.7895	1.0380	0.1906	1.7130	0.3560	1.0903	1.1783	0.2540	1.6137	0.7148	0.2278	-0.6980	1.4881	0.4459	0.5993	-1.0055	0.5410	-0.1796	-0.0699	1.6118	1.3458	0.4069	-0.3394	0.9989	-0.6181	-1.4510	-1.1839	0.8019	1.2865
0.5506	0.3460	0.3223	0.4811	0.3986	0.8871	0.3890	0.2516	0.4866	1.3723	1.0140	1.1128	-0.2170	-0.8700	0.0276	0.7043	-0.8753	0.4985	-0.0436	0.6687	0.3571	0.5048	1.1922	1.6730	0.0748	0.4233	1.3659	0.0365	1.2277	-0.3060	0.5110	-0.7688	1.6910	0.7722	0.4635	-0.9185	1.0294	0.5318	-0.8670	0.7930	0.7656	-0.1849	0.1977	0.3783	0.5227	-1.2519	-1.6828	-0.2256	0.9832
-0.0911	-1.9249	-0.7088	-0.7162	0.1067	-0.1433	-0.1171	0.6820	0.0301	0.0513	0.0189	0.7892	-0.9563	-0.8932	-0.5308	-0.7416	0.0990	1.0874	0.2403	0.1211	0.2255	0.3015	1.0570	0.4463	0.5373	-0.9552	0.9820	-0.3734	0.6582	-1.0223	-0.1964	0.7279	1.3682	1.2228	0.3161	-1.3172	0.4269	0.0470	0.0362	-0.1817	-0.9038	0.3891	-0.8253	-0.2716	-0.8345	-0.0917	-1.1562	0.3702	-0.1299
0.2608	-1.9572	-1.4739	-0.5442	0.5614	-0.3636	-0.5494	0.7329	0.0312	-0.4421	-0.1923	0.1173	-0.9909	-0.8311	-0.3329	-1.0138	0.4796	0.3677	-0.2673	0.5953	0.4348	0.4631	1.0623	0.2263	0.8324	0.0609	0.3544	-0.5635	-0.2479	-0.8022	0.0303	0.9407	0.1887	1.0608	0.2733	-0.4434	-0.7804	-0.8937	0.2163	-0.6902	-1.4785	0.4680	-0.9515	-0.3625	-1.1300	0.3943	-0.4327	0.7770	-0.8692
0.0986	-0.5191	-0.9575	0.1163	0.3412	-0.3806	0.0001	0.0875	-0.0114	0.4173	0.5321	0.0104	-0.3691	-0.7397	-0.1388	-0.2685	0.1241	0.5439	0.2252	0.8967	1.1753	0.8684	0.9235	0.3506	1.4160	-0.0001	-0.8158	-0.3493	-0.0962	-0.9214	0.1898	0.8650	-0.8850	1.0070	0.3281	-0.0638	0.6217	0.4523	-0.1362	-0.4162	-0.2379	1.2945	-0.3724	-0.1476	-0.3226	0.3283	-0.4622	1.0670	-0.8701
0.5582	-0.5815	-1.0236	-0.0819	0.2484	0.1175	-0.3898	0.1120	0.6221	-0.0119	0.1258	0.2513	0.2973	-0.9675	-0.1113	0.3742	-0.7144	0.2841	0.1846	0.9316	0.8155	-0.1112	0.6192	-0.4464	0.7604	-1.0058	-0.9962	0.1926	-0.1303	-0.3128	0.3526	1.4530	-1.3944	1.2060	-0.1540	0.4662	0.3044	0.7865	-0.6119	-0.0800	-0.7540	0.3591	0.3170	-0.2116	-0.2512	0.2026	-0.3304	-0.1387	-1.2486
-0.2627	-0.4388	-0.4996	0.1206	-0.0308	0.1579	-1.1101	-0.7323	0.4635	-1.0167	-0.0446	-0.0327	0.3056	-0.1981	-0.6169	1.3020	-0.0490	0.7463	1.2326	0.2744	1.3926	0.0580	0.1470	-0.8729	0.9023	0.0974	-0.3644	0.8127	-0.0140	0.0838	0.3426	0.6754	-0.7809	0.8567	0.4209	1.2180	-0.2102	-0.2565	-0.2756	-0.0303	-0.3745	0.8183	0.1863	-0.4088	0.4551	0.3836	-0.2649	-0.7950	-1.8692
0.2829	-1.3182	-0.4371	0.6757	0.4415	0.3187	-0.9168	-0.5503	0.1376	-0.0139	-0.3280	0.4815	0.5166	0.1736	-0.6424	1.2010	-0.0388	-0.0089	1.1335	-0.1931	0.6206	-0.3315	-0.2183	-0.1608	0.3607	0.9155	-0.2755	0.1618	-0.2502	0.9143	-0.1401	-0.0727	-0.8076	0.6213	0.1532	1.1527	-0.6947	-0.8755	0.4428	-0.3407	-0.6496	-0.4380	0.5042	-0.5863	-0.1751	0.4343	1.2474	-1.2190	-2.0959
-0.8417	-0.8899	-0.8062	0.7603	0.0766	0.4554	-0.2908	-1.3247	0.1074	0.3026	0.0312	0.5540	1.0073	0.3582	0.0952	2.1377	0.5903	0.0026	1.4371	-0.6721	0.8378	-0.5962	-0.2702	-0.3135	0.7683	0.2247	-1.3176	-0.1803	0.3695	0.8889	0.2471	-0.2777	-0.2325	0.5327	0.3695	-0.0343	-0.1982	0.0493	0.7397	0.8992	-0.0080	0.1015	0.9894	0.0042	0.0804	-0.0817	0.9688	-1.1529	-1.3937
0.1694	-1.2471	0.0965	0.1065	0.6365	-0.3646	0.2363	-0.1919	0.2500	0.0652	0.2375	0.2948	0.3534	1.0598	0.6417	1.5804	0.2177	-0.4792	1.3597	-0.0781	0.4875	-0.4448	-0.4873	0.0356	0.2702	0.5492	-1.6408	-0.4409	0.5318	0.7216	0.7495	-0.0840	-0.2650	0.8564	-0.6305	0.1378	0.2389	0.2427	1.2802	0.9393	-0.7191	-0.4228	0.5855	0.2305	-0.4081	0.4297	0.8459	-1.0623	-1.1363
0.6009	0.5807	0.3459	1.0552	0.8390	-0.3628	-0.8713	0.3299	-0.7844	0.0930	0.6401	0.5025	0.7991	0.9240	0.2411	1.8656	-0.1063	-0.4327	0.6499	0.5368	0.9387	0.1643	0.3254	0.6504	-0.2399	-0.0897	-0.7623	0.2158	0.4073	0.6413	1.0164	0.0993	-0.4985	0.7835	-0.1985	1.2908	0.1107	0.4082	0.5114	0.5785	-0.3382	-0.5250	1.2667	0.4670	0.9561	0.5675	0.3920	-1.1928	-1.3345
0.4783	0.0920	0.5788	0.2642	0.9443	-0.0185	-0.4032	-0.6893	-0.0178	1.3242	0.6168	1.0814	0.2787	0.3142	0.6504	1.1824	-0.6265	0.4140	0.5523	0.4116	0.1929	-0.2561	0.8883	0.6920	-0.1604	0.2247	0.3690	1.1844	0.0829	0.9132	0.2789	0.9101	0.1979	0.8167	-0.8813	0.4718	0.1470	0.6119	0.7491	1.3002	-0.2247	-0.8631	2.1534	0.6034	0.0077	0.7355	0.5464	-0.1273	-0.5865
0.5027	0.0295	0.9226	-0.3211	0.4957	0.1142	-0.3224	0.1809	-0.0549	-0.1259	0.3690	0.8578	-0.1326	-0.2514	0.4833	0.2284	-0.4319	0.2392	-0.1007	-0.4399	0.0212	0.3431	0.4028	0.6401	0.3866	-0.1816	2.0803	1.4252	-0.3100	0.4173	-0.5804	0.5893	-0.0844	0.0249	-0.8501	1.0973	0.4773	0.7329	0.9163	1.9754	-0.0908	1.1023	0.9884	0.5105	0.6558	1.3884	0.4849	0.6837	0.5302
-0.9774	0.2831	0.1333	0.3504	-0.4908	0.6467	-1.4970	-0.2943	-1.0102	0.2232	0.0974	-0.1270	0.2734	-0.9681	-0.1801	0.0478	-0.1558	0.3942	-0.2032	-1.4931	-0.2187	0.6391	-0.1360	0.7588	0.3607	-0.6241	2.1928	0.7591	-0.8077	1.3316	-1.2413	-0.5055	-0.2967	-0.7726	0.1133	0.8256	1.3828	0.5584	0.8461	1.6203	1.0581	1.9924	0.2983	0.4216	0.8077	0.3100	-0.2604	0.5842	0.5433
-1.3446	0.0789	-0.4462	0.5018	-0.6831	0.3822	-1.9173	-0.1739	-1.7743	0.1474	0.0060	-0.3818	-0.0185	-0.1096	-1.2334	-0.0058	0.4253	0.6396	0.6948	-0.8443	-0.5145	-0.2031	-0.5190	0.1761	0.3338	-0.8107	1.3723	0.3329	-1.0129	0.6838	-1.9077	-1.1954	-0.4940	-0.8692	0.2868	0.6426	1.0387	0.5714	1.6238	0.6330	0.1791	1.9182	-0.1654	-0.1700	0.3327	-0.9832	-0.4446	-0.4926	0.8179
-0.4809	-0.3903	-0.1034	0.4398	0.2858	-0.0004	-1.3074	-0.0173	-1.0156	-0.3050	-0.1087	-0.1380	0.4180	0.1013	0.2759	-0.4130	0.1716	-0.0699	0.4669	-0.4494	-1.1807	-0.7431	0.1108	-0.1359	0.4248	-0.3131	0.4493	0.1739	-0.9776	0.1022	-1.5696	0.1731	-0.3377	-0.4002	0.4468	-0.2622	0.0068	0.1378	1.4386	0.8218	-0.8958	0.7170	-0.7810	0.5544	-0.6854	-0.1833	0.2222	-0.3002	0.7663
0.4609	0.5946	0.2529	0.0481	0.5702	-0.0917	-0.4925	0.9077	-0.3380	0.4560	0.7277	0.7649	-0.3393	0.2420	0.9649	-1.0771	-0.5849	-0.4599	0.0312	0.0378	-1.7902	-0.7459	1.0334	-0.2013	0.0642	-0.2071	0.4050	0.1714	-0.7316	-0.2514	-0.4364	0.5892	-1.0292	-0.4772	0.3568	-0.5980	0.7339	1.3266	0.1969	0.3077	0.0853	-0.9254	0.2426	0.9989	-1.1897	0.0313	0.4294	-0.5242	0.8739
-0.2237	-0.3605	0.3085	0.3101	-0.0330	0.2276	-1.1421	0.5623	-1.0640	-0.5505	0.0052	0.2692	0.0398	0.8629	-0.3378	-0.9901	-0.2118	-0.1566	0.4780	-0.9854	-1.4314	-0.4725	0.2890	0.5136	-0.5037	0.7113	0.5039	0.5263	-0.8152	0.1615	-0.9101	-0.5307	-0.8616	-1.2418	0.8482	-0.1593	0.8469	-0.3149	0.4175	-0.1503	0.0345	-1.7278	-0.6806	0.3567	-1.7231	-1.3323	-0.0270	-0.7948	0.1994
0.1292	-0.0961	-0.1574	-0.5287	0.1840	-0.1500	-0.9366	1.1705	-1.1504	-0.8603	-0.2030	0.4259	-0.2144	0.2604	-0.0917	-0.6178	-0.0990	-0.4663	0.2484	-1.0853	-1.2876	-0.6960	-0.0469	0.9240	-0.6943	0.7241	-0.1730	-0.0735	-0.7872	0.0257	-0.8524	-0.9818	-0.4302	-1.1062	0.0799	-0.6301	-1.0761	-1.1427	1.3395	0.1274	-0.5384	-1.2857	-1.1769	-0.0192	-2.2340	-0.3369	0.4816	-0.5470	0.9085
-0.2672	0.9551	-0.6813	-1.1456	-1.2783	-0.3644	0.0258	1.2363	-1.3728	0.4206	0.0537	-0.0180	-0.0587	-0.1703	-1.0040	0.1392	-0.1369	-0.2096	-0.1375	-1.1430	-0.0994	-0.2785	-0.7139	0.5544	-0.4167	-0.9709	-0.3773	-1.3813	-0.1870	-0.4435	-0.4138	-1.5310	-0.3920	-0.5667	0.2753	-1.0457	-0.1543	-0.0746	0.5798	0.3032	0.4970	0.4485	-1.5581	-0.0176	-0.0793	-0.6673	-0.3290	0.5923	1.2089
0.2745	0.1889	-1.5997	-1.5379	-2.4318	-0.1694	0.8127	1.2456	-0.5930	0.4480	-0.6133	-0.6271	-0.6048	-1.2270	-2.0556	-0.4920	-1.0782	-0.4322	-0.8944	-0.2834	-0.1298	-1.2458	-1.5413	-0.9327	-0.3419	-1.5615	-0.7217	-2.4573	0.2663	0.1867	0.7196	-1.5997	-0.9906	-0.1689	-0.3264	-1.5576	0.4088	0.6328	-0.1151	0.0018	0.5920	0.1387	0.4201	-1.0047	0.8486	-0.4766	-0.6336	0.6387	0.0478
0.6564	-0.9901	-1.2473	-0.5633	-2.1169	-1.1513	0.9950	1.0988	0.3847	-0.1735	-1.1783	-0.8848	-0.7533	-0.2325	-2.7841	-0.1683	-1.5063	-0.6806	-0.3649	0.2505	-0.5617	-1.8005	-1.8700	-1.7937	-0.8807	0.0220	-0.3934	-1.8284	0.2167	-0.6792	0.5956	-0.9318	-0.5616	-0.2601	-0.1326	-2.0921	-0.3870	0.2376	-0.6824	-1.6057	0.0815	0.3878	1.1199	-1.4784	1.3566	1.7052	0.6634	0.2578	-0.1733
0.7177	-1.3158	0.3629	-0.3831	-1.8790	-1.4032	1.6443	-0.1389	-0.4433	0.6577	-1.1172	-1.2847	-0.4076	0.7033	-1.9011	-1.1183	-0.4715	-1.2172	-0.3065	-0.7663	-1.1271	-0.9265	-1.7583	-1.0099	-1.4259	-0.8501	-1.1098	-1.5854	-0.5471	-0.1989	0.5322	-0.9912	-1.8079	-0.1523	-0.2394	-1.5722	0.0185	-0.2496	-0.4046	-2.0096	-0.0499	-0.1036	0.9595	-1.9526	0.2378	2.4464	2.0055	-0.1202	-0.3413
-1.0743	-0.7620	1.5909	-1.1820	-0.6062	-1.2724	0.0037	-0.8151	-1.4530	0.3016	-0.4948	-0.6850	-0.9846	0.5227	-0.2683	-1.1496	0.2400	-1.0981	-0.3623	-0.4644	-1.4379	-0.4976	-1.2385	-0.9631	-1.1594	0.2638	-1.5819	-0.8587	-1.5640	-0.7875	0.8473	-0.6293	-1.1475	-0.3513	-1.7855	-0.8655	-1.0475	-0.7142	-0.2256	-1.8690	-0.0982	-1.2862	0.2903	-2.1114	-1.0845	-0.5166	1.1849	-1.5944	-1.0259
-0.6247	-0.4822	2.0118	-0.9711	-0.2961	-0.6506	0.2968	0.0864	-0.7114	-0.4568	-0.3292	-0.6899	-0.3166	0.2342	0.4884	-0.0248	0.5846	-1.3752	-0.7243	-0.3149	-1.3147	-0.1958	-1.0673	-0.8385	-1.2295	0.0349	-1.5593	-0.7001	-1.9785	-1.0693	1.1227	0.1967	-0.7345	-0.6255	-2.5255	0.2985	-1.5399	-0.8136	-0.1871	-1.1223	-0.2073	-0.9871	-0.7339	-1.6968	-0.3304	-0.8657	0.8548	-1.5432	-1.6113
-0.4919	0.9370	1.4579	-0.6496	0.1773	-0.7277	-0.1037	-0.1260	-0.3656	0.2665	-0.1224	0.0750	-0.3796	-0.2213	0.5516	0.1193	0.3529	-0.8940	-1.4784	0.0074	-1.5893	-0.5186	0.1257	-0.8482	-1.2239	-0.1030	-1.5289	-0.6834	-1.5835	-1.1551	1.6150	1.3635	-0.1734	-0.5919	-2.2229	0.6782	-1.5867	-0.1506	-0.6280	-1.5239	-0.9466	-0.5054	0.2623	-0.8831	0.1870	0.7507	0.6867	-1.8317	-0.9648
-0.7555	-0.4908	1.0263	-1.7466	0.1687	-0.4934	0.1670	-0.7016	-0.2075	0.3797	-0.3534	0.0108	-0.4624	0.1439	-0.5656	0.0176	0.3796	-0.6029	-0.9743	0.1764	-2.4189	-0.3793	-0.7358	-1.1345	-1.4146	0.7665	-0.8848	-0.1627	-1.7704	-1.0317	0.5594	1.8990	0.6452	0.2310	-2.0421	0.5151	-2.1100	0.3383	0.0818	-1.6289	-0.3411	-0.7816	0.8778	-0.9686	-0.2570	0.3132	0.8160	-0.6998	-0.9883
-0.7592	-0.1515	-0.4727	-0.6231	0.2510	-0.0579	0.0620	-0.1072	-0.0674	-1.4069	-0.7219	-0.8176	0.1562	-0.3352	-0.6555	-0.2467	0.7456	-0.7922	-1.0978	-0.0537	-0.6855	-0.0549	-0.7754	-0.5386	-0.1116	0.3930	-0.8895	-0.2569	-1.4308	-1.1585	0.1509	0.9320	0.3191	-0.6226	-1.4393	0.2056	-1.7349	-0.4193	-0.3101	-1.5065	-0.1437	0.2674	-0.1194	-0.8087	-0.0304	-1.0715	0.7915	-0.0342	-1.3513
-0.2259	1.4109	-0.6562	-1.1303	0.7517	-0.1053	1.0355	-0.1818	-0.3991	-0.5126	-0.1521	-0.2001	-0.0327	-0.2854	-0.0696	-0.5856	0.1824	-0.7129	-0.9579	0.3940	-0.3505	-0.1774	0.2880	-0.6415	0.5789	0.9387	-1.1828	0.0124	-0.8122	-1.0602	-0.4851	0.1205	0.3603	0.0873	-1.6075	0.0231	-0.7754	0.9519	-0.1668	-0.9944	0.5829	-0.3718	1.1301	-0.1848	0.1820	-0.5677	1.0549	0.6325	0.0946
0.2115	2.2329	0.1869	-0.8005	1.0060	0.2111	1.0451	0.5204	-0.3600	-0.3192	0.1410	-0.4211	0.3710	-0.6498	0.9243	-0.2632	0.2441	-1.0930	-1.6427	-0.2260	-0.4689	-0.0402	0.7542	0.2229	0.8878	0.9947	-0.1497	0.6873	-0.1035	-0.4271	-0.7400	0.3397	0.0981	0.4252	-1.7956	0.6164	-0.0419	0.8407	0.3857	0.1005	1.4206	-0.1861	1.4302	0.1986	1.0627	1.1049	1.6043	1.4793	1.1888
-0.6158	2.3832	-0.0150	-0.2246	0.4085	0.2318	0.1819	1.0498	0.1601	0.8705	0.4600	0.0402	-0.2098	-1.8695	1.3855	-0.1991	0.0616	0.1239	-1.1992	0.4701	0.7137	0.6318	1.3704	0.5884	1.4613	-0.8375	0.2255	0.7106	0.8154	0.3970	0.1438	0.4666	1.2333	-0.0307	-0.9516	0.5998	0.6533	1.5447	0.4031	0.7374	2.2710	0.7289	2.1385	0.2732	1.6674	1.1282	0.1479	1.5183	1.3345
-0.7938	0.2948	-0.6350	-0.0903	-0.1872	0.1533	0.7168	0.9096	-0.0339	0.6128	-0.1026	0.4599	-0.5074	-1.2207	0.1724	-0.1486	-0.2848	-0.0630	-1.0729	-0.5461	0.8841	0.9797	0.1774	0.9337	0.6579	-0.7003	1.3653	0.7641	0.5531	1.2270	-0.7269	0.1832	1.4462	0.4113	-0.4544	0.5017	0.6642	0.6821	0.9094	0.7853	2.0756	1.5245	1.8702	-0.2738	2.4803	1.4305	-0.3742	1.5746	1.4633
-0.0704	-0.5900	-1.1858	0.1491	-0.7871	0.2981	1.5718	0.1509	-0.2341	1.2871	-0.0324	0.7584	-0.1720	-0.1639	-1.0298	-1.1160	-0.7267	-0.4697	-0.5982	-0.5228	0.4687	0.7941	-0.2180	1.0479	-0.5488	-0.6671	0.8249	-0.2456	0.2310	2.0110	-0.7424	-1.1095	0.2689	0.4016	0.1335	-0.6668	1.2037	0.4329	1.0322	0.8502	1.1323	0.6386	1.5950	-0.1647	2.1727	-0.0994	0.5889	1.1820	2.1266
-0.5503	-0.7388	-1.3172	0.2101	-0.5072	0.0682	-0.6149	-2.3353	-0.2491	0.2405	-0.3802	-0.3145	-0.7033	-0.4537	-1.0700	-2.0020	-0.9290	-0.3457	-1.2471	0.3481	-0.3568	-0.4283	-0.7496	0.0988	-0.9370	-1.2863	0.2672	-0.1680	0.1216	1.8956	-0.1040	0.3229	0.2804	-0.8016	-0.0957	-0.8250	0.5929	-0.0354	-0.2982	0.2174	-0.0511	0.2582	0.2755	-0.4104	0.9172	-1.1192	0.7024	0.7205	1.3988
-1.1662	0.6368	0.1607	0.8446	0.1724	0.0122	-0.2649	-1.6393	0.2896	-0.6240	-0.6631	-1.5868	-0.8027	-1.4137	-0.0337	-0.9727	-0.7131	-0.0146	-0.9004	-0.3020	-1.1566	-0.1620	-0.2240	-0.0240	-0.4076	0.3443	0.7993	0.8573	-0.2768	1.5296	-0.5930	1.5184	0.9480	-0.7414	0.6237	-0.3036	-0.8121	-0.8803	-0.4171	-0.3202	0.3131	-0.4786	-1.0614	0.1848	0.1969	1.4086	0.3797	1.1005	1.2593
-1.0116	1.0289	0.6149	2.1236	-0.4679	-0.4048	1.4020	-0.4803	0.2548	-0.1938	-0.4890	-1.0092	-0.4601	-1.6079	0.7120	-0.2751	-0.6551	0.0220	-0.2585	-0.9055	-0.7004	0.6811	1.6149	0.4105	0.2850	0.6949	-0.0477	0.8292	-0.2076	1.0880	-0.9003	1.3071	0.0327	-0.8560	-0.0162	-0.0379	0.4496	-0.9764	-0.5407	-0.4508	0.6212	0.3600	-1.6343	0.1729	0.0263	1.8237	1.2411	0.9900	1.6695
-0.2395	1.2638	0.6780	1.0940	-0.5598	-0.9860	0.9835	-0.1355	0.1878	-0.1834	-0.4544	-0.6687	-0.8939	-1.5761	0.8246	-0.1880	-1.3837	-0.8321	-0.9111	0.0360	-0.9354	0.2817	1.9129	-0.2592	-0.2617	0.9487	-0.4684	0.7293	-0.1678	1.1474	-0.9712	1.0903	-0.1831	-1.0077	-1.2062	0.3330	-0.0741	0.2495	-0.1209	-0.3699	0.1598	0.1008	-0.3978	-0.0356	-0.2498	1.1164	1.1511	0.3953	1.6688
-0.5222	0.9757	1.1088	0.4755	-0.9829	-0.9897	0.4450	-1.0956	0.6497	-0.4126	-0.7240	-1.1809	-1.3199	-0.9297	0.4519	-0.1599	-0.7260	-0.3261	-0.3601	-0.1195	0.0445	0.0839	1.6439	-0.4307	-0.1691	1.4276	-0.3384	1.0157	0.5264	1.0162	-0.0207	1.2619	0.4755	-1.0676	-0.6474	0.5399	-0.0254	0.2010	-0.2507	-0.0163	0.4908	0.3665	0.0078	0.1453	-0.0852	0.4615	0.4902	0.3734	1.5489
-0.6455	-0.8654	0.9973	-1.1835	-0.8512	-1.0248	0.6766	-1.0054	0.8530	-0.1500	-0.9236	-1.1201	-1.1002	-0.5781	0.1841	-1.0507	-1.1140	-0.7079	-0.2322	-0.7238	0.0239	0.1149	0.6944	-0.6577	-0.5294	1.0775	0.4856	0.8699	0.5736	0.2661	0.1235	1.2514	0.5572	-0.1174	-0.6643	0.0564	0.1185	-0.1611	-0.3008	0.4030	0.3701	0.3132	-0.0953	-0.2745	-0.5329	-0.4050	0.1249	0.7556	0.5512
-1.1983	-0.8187	0.0441	-0.5555	-0.1981	-0.8983	0.1246	-0.6539	0.6190	-0.7361	-1.2341	-1.4097	-0.2603	-0.6011	0.2052	-0.8491	-0.9803	-0.3264	-0.3775	-1.0819	1.0195	0.2695	1.1155	-0.3183	0.1106	0.8938	0.1396	0.1587	1.0263	-0.3616	0.2331	1.4440	0.8990	0.6239	0.2345	-0.3462	0.3076	-1.4600	-0.0084	-0.0390	0.1628	1.3453	-1.0814	-0.0771	-0.2258	0.9968	0.3371	0.4430	0.0884
-1.2755	-0.5971	-0.8366	-1.4359	-0.4313	-1.0524	0.5666	-0.2587	0.0566	-0.1597	-0.7957	-0.9509	-0.7136	-0.7281	-0.1931	-0.9380	-1.2899	-0.7282	-0.7485	-0.5418	0.3625	-0.4986	0.7373	-0.4124	0.1477	0.1158	-0.5520	-0.2169	1.1030	-0.9143	-0.3621	0.0507	1.0918	0.8528	0.2327	-0.7026	0.0389	-0.6301	-0.2927	-0.4089	-0.1771	-0.1329	-0.6015	-0.1896	-0.3174	-0.1924	-0.0033	0.2787	-0.0104
-0.8705	-0.1660	-1.1565	-1.0085	-0.6991	-0.3026	0.4787	0.0595	0.6090	-0.6850	-0.7669	-0.7794	-0.6784	-0.4632	-0.1680	-0.1234	-0.4121	-0.7829	-0.9692	-0.4226	0.2213	-1.0917	0.5826	-0.7476	0.3305	-0.7439	-1.5292	-0.6988	1.4162	0.3169	0.1531	0.1835	1.3086	0.2390	0.5116	-0.9473	-0.2385	-0.6089	-0.6174	0.0166	-0.0382	-0.4656	-0.5341	-0.1866	-0.1298	0.2632	-0.4156	0.2047	0.3272
-1.0536	-0.8921	-0.3429	-1.2736	-1.2608	-0.4668	0.7700	-0.6958	1.1980	0.0688	-0.9063	-0.6687	-0.8457	0.5867	-0.6621	-0.2734	0.0184	-0.7200	0.1982	-0.3387	-0.3016	-0.6873	-0.7921	-0.8769	-0.6507	-0.1634	-0.6290	-0.3506	0.9794	0.2306	0.6982	-0.9210	1.3509	0.2824	1.1447	-0.8236	-0.2592	-0.7027	0.3074	0.1514	0.1342	-1.5808	-0.0056	-0.2483	-0.4092	-1.0948	-0.9647	0.6379	-0.1874
-0.5548	-0.9163	-1.1112	-0.4666	-0.7022	-0.4590	0.5656	-0.0030	1.3272	-0.4978	-1.1481	-0.4485	-0.4159	0.9669	-0.6800	-0.3592	-0.2463	-1.0659	-0.2481	-0.3045	0.0971	-0.5445	-0.6282	-0.2160	-1.1355	0.7611	-0.3956	-0.6574	0.7734	-0.2372	1.0257	-0.2242	1.1874	0.3928	1.0111	-0.9670	-0.0034	-1.4288	-0.2050	-0.1992	0.1545	-1.5117	-1.0251	0.2375	-0.0227	-1.0304	0.2889	0.5252	-0.1385
-0.2955	0.1178	-1.1778	-1.0954	-0.5367	-0.2692	1.0683	-0.3147	1.5270	-0.4654	-0.6564	0.0481	-0.7013	0.7492	-0.3657	-0.6792	-0.5461	-0.3421	0.2029	0.6286	0.1018	-0.7805	-0.6179	-1.1041	-0.9184	0.0833	-0.9113	-0.7883	1.4242	-0.6404	0.9695	-0.5951	1.2153	0.9064	0.6827	-1.4159	-0.2098	-0.4390	0.1184	0.1987	-0.1504	-2.3892	0.0591	0.8762	-0.4864	-1.3418	0.1209	-0.4585	0.1423
-0.3263	-0.3528	-0.1108	-1.7876	-0.3194	-0.7283	1.0483	0.4117	1.9490	-0.9454	-0.8135	-0.6776	-1.2929	1.4186	-0.2588	-1.5973	-0.3407	-0.5697	0.2460	0.4133	0.1544	-0.8438	-1.1495	-1.4463	-1.2487	-0.0025	-0.7992	-0.6920	1.2173	-1.2040	1.5587	0.2818	0.8153	0.7294	-0.3902	-1.2501	-0.1540	-0.5099	0.2732	-0.2287	0.3620	-1.7189	-0.2372	0.5054	-1.1240	0.3521	0.6916	-0.0739	0.2722
-0.6966	-0.5096	-0.1618	-1.0716	-0.2462	-0.2227	0.1622	0.0007	1.2670	-1.4167	-1.1671	-1.3338	-0.4535	1.8635	-0.9644	-0.9646	0.2365	-0.2451	0.5850	0.4862	0.7106	-0.3536	-0.7310	-0.7651	-1.1515	0.5479	-0.5698	-0.5346	1.1735	-0.7003	1.7919	0.4992	1.0116	0.8489	-0.0063	-0.6399	-0.3863	-1.5609	0.7300	-0.5965	0.1053	-1.0757	-0.5308	0.2268	-0.5118	0.0273	0.4465	-0.2682	-0.2173
-0.4199	-0.7220	0.1229	-0.5933	-0.1226	-0.0099	0.8955	0.7865	1.3206	-0.4968	-0.9885	-1.2470	-0.3297	1.8435	-0.9767	-0.9181	0.3230	-0.6003	0.4742	0.6035	0.6482	-0.4885	-0.9306	0.1972	-1.3179	0.9604	-0.1577	-0.4042	0.9380	-0.4457	2.3310	-0.0737	1.4261	0.7185	-0.3529	-0.6891	-0.8497	-1.8090	0.8180	-0.2638	0.1511	-1.5631	-0.0185	-0.1461	-0.3840	-0.8796	0.7061	0.2253	-0.3654
-0.6259	0.6166	-0.3902	-0.2931	0.0310	-0.0678	1.2423	1.3430	1.1769	-0.3304	-0.6533	-0.8801	-0.3327	1.5158	-0.7490	-0.4332	0.4001	-0.6837	-0.1775	-0.0105	0.8781	-0.0793	-0.5852	0.3745	-1.0507	-0.0243	0.0589	-0.5259	1.1069	-0.6654	2.2752	-0.0016	1.4815	0.3228	-0.4421	-0.8765	-0.4952	-1.1808	-0.0988	-0.1615	1.4177	-0.8909	-0.1081	-0.0340	0.8536	-0.9070	0.3930	0.5738	-0.0019
-0.6067	1.1400	-1.0324	-0.9238	0.0750	0.0006	-0.3900	0.5876	0.9827	-0.6399	-1.0623	-0.5344	-0.4784	1.3370	-0.7112	-0.2597	0.3401	-0.4688	0.2851	0.3744	0.3862	-0.6444	-0.1070	-0.2319	-1.1178	-0.8469	0.1845	-0.4242	1.3723	-0.4182	2.3994	-0.1233	1.6897	1.1785	-0.2300	-0.6112	-0.5839	-0.5852	0.2583	-0.0672	1.7906	-2.0604	0.9394	0.1012	1.1485	-0.0027	0.5945	0.4135	-0.0187
0.0624	0.6793	1.3472	3.0741	1.3299	4.2470	-0.8834	1.3973	3.0901	-1.4543	0.0675	-0.0806	1.8850	2.7624	0.2811	2.6132	2.4701	2.6325	3.5972	2.1281	2.3221	-0.3706	0.9236	-0.3911	1.0312	-1.1038	1.5470	2.3950	1.5783	1.4205	1.5397	0.9959	1.4379	1.3255	1.0540	2.1776	1.0438	-1.2617	1.6221	1.5134	0.8324	0.1944	-0.0699	0.5251	1.2625	0.1290	-1.7001	0.3346	-1.8163
1.9799	0.1564	0.6827	1.3973	2.4917	1.5174	-0.9513	0.8031	1.9173	0.6992	1.7358	1.2808	1.2716	2.2341	0.9901	1.4842	1.5882	2.2731	2.6702	1.8199	1.2745	-0.0957	0.9305	0.4253	0.7764	0.7362	0.9947	0.9489	1.3676	0.3737	0.6773	0.9207	0.0816	1.4503	0.4728	1.3253	1.0222	1.0236	1.3869	0.4375	0.0514	-0.0117	1.5346	0.8520	-0.1169	0.6352	-1.0520	-0.6410	-1.2362
0.5828	0.5876	1.1354	1.2997	2.0699	0.2855	-2.0569	-0.1771	0.2771	0.5838	1.1387	0.9672	1.4053	1.6033	1.9595	1.5160	0.8975	1.5879	0.9991	0.3115	1.4905	0.4881	0.1400	0.7166	1.1779	0.6980	1.4540	0.8733	1.4760	-0.5804	0.4608	0.4472	0.5325	-0.3655	0.9034	1.0573	0.3384	1.0654	0.2938	1.0496	-1.0753	1.5537	1.0189	1.2675	1.1775	1.6984	-0.8475	-0.1896	-0.5900
0.3819	-0.0131	0.5819	2.2174	1.1854	0.7810	-1.0041	-0.1266	-0.9752	1.3247	0.9921	0.8637	1.5221	0.3943	1.3104	1.9604	0.3472	0.7040	0.1095	-0.4158	0.1003	0.7627	-0.5595	1.8217	0.8511	0.9079	1.7686	0.9803	0.0749	0.3674	-0.8236	-0.3997	-0.1261	-0.2417	0.5570	1.2683	0.3030	0.3949	0.1784	1.1483	-0.7596	0.2295	0.7050	0.6516	0.5554	-0.0973	-1.0028	0.1848	-1.1844
0.4364	0.3955	-0.2371	1.7462	0.1984	0.1893	-0.6516	0.1701	-0.8701	0.1369	1.0207	0.4409	0.3291	-0.9505	0.8899	1.2067	0.3685	0.3260	-0.4488	0.5700	-0.0831	0.1936	0.6743	1.0359	1.2527	-1.1583	1.0721	0.6357	-0.3906	0.2072	-1.2624	0.0461	-0.0958	-0.5841	0.4440	1.1244	1.0350	1.2729	-0.2138	1.2098	-0.8822	1.0386	0.1055	0.1703	-0.4215	-0.9724	-2.2687	-0.9859	-0.5299
0.6601	-0.4602	-0.3223	-0.0918	-0.4164	0.1811	-0.8119	1.0592	-1.5252	0.0080	1.0404	1.2926	-0.4987	-0.8008	0.4743	0.0439	0.4668	0.5453	0.3223	0.6939	-0.9569	0.5249	0.7285	0.0621	0.7822	-1.4363	0.9928	0.3605	-1.3091	-0.2420	-1.6735	-0.5754	-1.3776	0.1068	0.3798	1.0168	0.5432	2.0709	-0.2700	0.6615	-0.5773	1.2925	-0.7739	-0.4480	-0.8236	-0.9850	-1.0805	-1.0510	-0.0967
0.6442	-1.4671	-0.2900	-0.2726	-0.9681	0.5876	-2.8033	0.9921	-0.8917	-1.4401	-0.6762	0.2044	-0.0405	-0.0205	-1.1345	-0.8791	1.0770	0.2331	0.4330	1.1183	-0.1674	-0.3866	1.7303	0.1637	0.5242	-2.0174	0.3964	-0.5629	-1.3035	0.8096	-1.4168	-0.9152	-1.6742	-0.5552	1.0390	1.7396	-0.4792	-0.5403	0.5206	0.3966	-0.9952	2.6657	-2.3933	-0.3751	-0.9044	-0.9940	-0.9977	-1.0018	-1.2838
2.0107	-0.4354	-0.8415	0.0409	-0.2113	-0.0803	1.1432	-0.3086	-0.7145	0.6533	0.3385	0.9449	0.3030	-0.2269	-0.6948	-0.3094	0.0924	1.0634	0.6707	0.8201	-0.9423	-0.5789	-0.6894	0.0943	0.7538	-0.5325	0.3648	-0.2527	-1.5787	0.0805	-0.8259	-2.1345	-2.1007	0.9462	0.6397	0.8567	-0.8227	-0.0286	0.0260	0.3726	-1.0210	0.9659	0.2699	-0.6664	-0.6530	0.9391	0.0930	-0.9634	-0.5447
0.6095	0.7267	0.0710	1.1646	1.2017	0.2543	-0.5915	-1.8145	-1.3488	0.9316	1.3751	0.6933	1.4632	-0.9193	1.0903	1.1534	-0.2319	0.7376	-0.7040	0.6185	-0.5870	0.1218	-1.0491	-0.7322	0.9485	1.5807	1.2599	1.3112	-1.0097	-0.0707	-1.8305	-0.8043	-0.6383	0.8118	0.2526	1.1196	-0.7652	0.1219	-1.5049	0.3652	-0.5242	0.2446	0.1931	-0.3124	0.0223	1.2373	1.0105	-0.5038	0.4207
-0.1476	0.2595	1.3884	2.2258	0.3504	-0.0537	-0.6875	-0.9414	-1.6052	0.4638	1.0980	0.6964	1.7137	-1.4828	1.6829	1.5190	0.1991	1.3080	-0.4919	-1.1619	0.1829	1.7307	0.3593	1.0592	1.1442	0.6672	1.2545	0.6849	-0.3854	0.6563	-1.5178	-0.7701	-0.3489	-0.9802	0.7703	0.5366	-0.1400	-0.6201	-1.1328	0.1073	0.3582	1.6065	-0.2765	-0.1621	0.0900	0.3381	-0.6688	0.1870	-0.1676
0.6926	-0.8602	0.4754	0.7275	-0.2122	-0.1145	-0.3298	-0.5587	-1.9689	0.3098	0.9820	0.2412	0.0682	-1.1674	0.2107	0.2760	0.0603	0.2837	-0.6852	-0.3212	-0.4200	0.8381	-0.1901	0.7621	0.3096	-0.9389	0.3454	-0.2599	-0.7456	0.7920	-1.5962	-1.0268	-0.8481	-1.1985	-0.1936	0.1379	1.4565	0.2319	-0.8714	-1.1955	-0.3669	0.9767	0.1584	-0.6701	-0.4218	-0.5632	-1.5651	-0.5369	-0.6659
0.4833	-1.2001	0.1104	0.3492	-0.3401	0.3256	-1.3544	-0.1729	-1.1749	-0.5276	0.8803	0.6856	0.3800	-0.7743	-0.3512	0.3370	0.8676	0.4075	-0.1255	0.0873	0.3868	0.1876	0.3176	-0.1488	0.7497	-2.0125	0.0477	-0.5751	-1.0833	-0.3909	-1.4492	-0.3328	-0.2282	-1.3791	0.6940	0.4120	0.2476	-0.2126	-1.1267	-0.9566	-2.4905	1.3083	-0.7892	-0.2111	-0.0445	-0.1659	-1.5410	-0.7549	-0.3064
1.0750	-0.8584	0.0243	-0.5663	-0.5863	0.8016	-0.4878	-0.7785	-1.4472	0.2713	1.0671	1.2752	-0.3909	0.0077	-0.1822	0.6325	0.9898	0.6901	0.6732	0.3865	-0.0909	0.3442	-0.7434	-0.2348	0.3614	-0.2878	0.2223	-0.2018	-1.8389	-1.1444	-1.1751	-1.5100	-1.4275	-0.5452	0.5267	0.5523	-0.5715	-0.4383	-1.4310	-0.5386	-2.0084	-0.5808	-0.6045	-0.0992	-0.6800	-2.3819	-0.8803	-0.3145	-0.5532
1.1605	0.0232	0.0581	-0.1029	0.3051	1.1590	-0.9401	-0.0879	-0.6153	-0.3028	0.5794	1.0546	0.4545	0.1120	0.1886	1.2415	1.3522	0.4713	0.2767	0.7833	0.3998	0.4523	-0.3119	-0.2285	1.1216	0.8149	0.5325	0.0912	-1.2861	-1.0168	-1.2203	-0.4270	-1.8185	0.3086	0.8785	0.4102	-1.6085	-0.3581	-0.9539	-0.6212	-0.7542	0.4549	-0.5071	0.7332	-0.8490	-1.1446	-0.7696	-0.1105	-0.8417
1.3397	1.3715	0.1014	-0.1951	0.7917	0.7001	0.1496	0.5583	-0.4465	-0.2589	1.6334	1.5455	1.0122	0.3308	0.8056	0.5904	1.3099	0.9554	0.6773	0.6057	1.1719	0.8821	0.0782	-0.4398	1.8287	0.6849	0.0568	-1.0080	-0.4116	-1.5606	0.1009	-1.3210	-2.1241	0.9918	1.3535	-0.8700	0.1521	1.6912	-0.7499	0.6937	0.2452	1.1834	0.5660	1.7157	-0.5092	0.1280	-0.8385	-0.6574	-0.2160
1.5999	0.5000	0.3167	0.0360	0.6797	0.9523	-1.1442	1.1772	-0.2594	0.5198	1.2947	1.2024	0.8513	0.9636	0.2440	0.6287	1.4591	0.4394	0.4670	1.4670	1.5878	0.4162	-0.5387	-0.4658	1.5023	0.1161	0.0565	-0.9610	0.2691	-2.0248	0.3562	-1.6888	-0.8730	1.3450	1.3820	-0.1392	1.2273	1.8909	-0.3398	0.0561	-0.9567	0.2177	0.2438	1.6999	0.2627	-0.4890	-1.4970	-0.7914	-0.4689
1.6255	-0.2365	-0.0328	-0.2577	1.1799	1.3121	-0.6978	1.8715	-0.6731	-0.1551	1.6070	1.9607	0.9026	0.7119	0.1338	0.1394	1.9608	0.7265	0.7815	1.1418	1.0392	0.5890	-0.8465	-0.2465	0.9150	0.5130	-0.5802	-1.1515	0.1661	-1.8652	1.1534	-1.1365	-0.0603	1.6485	1.3533	-0.9144	1.2503	1.0665	0.5553	0.3710	-0.8894	-1.5522	0.3600	1.0089	0.5541	1.2401	-1.5520	0.0352	-0.1627
0.8419	-0.1252	0.4062	-0.6665	1.8554	1.4333	-0.4838	1.3067	-0.7935	-1.4058	1.4325	2.1670	0.8613	1.1856	0.2835	0.2536	2.2211	0.8658	0.9815	0.5270	1.3998	0.8554	-0.8887	0.0137	1.1404	0.9393	0.1409	-0.0246	0.6349	-2.2346	1.2111	-0.7363	-0.1570	1.1757	1.4547	0.1740	0.8276	0.1863	-0.3508	0.0914	-0.6322	-0.5403	-0.4108	1.0255	1.0880	1.1808	-1.3499	-0.2585	-0.9913
2.0283	0.3815	-0.3250	-0.0237	1.6237	1.4777	0.0608	0.2629	-1.3783	1.4079	1.5110	2.0665	1.5065	1.1918	0.7885	0.6830	2.1934	1.6310	1.1965	0.3465	1.2288	1.6615	-0.9650	1.5449	0.8857	1.3809	-0.2890	-0.6245	0.7579	-1.3096	1.2665	-1.7131	-1.2776	0.5190	1.4929	1.0105	1.2687	0.2531	0.9890	0.1401	-1.1680	-0.5470	-0.2850	0.9510	0.3657	-1.0488	-0.3992	-0.7504	-0.9710
1.1205	0.4925	-1.0108	1.6212	1.5097	1.4643	-2.0531	-0.9835	-1.6841	0.4256	1.5313	1.5058	2.7134	1.2500	0.9272	1.1197	1.8907	0.9531	0.4027	-0.0872	1.4329	1.2141	-1.0386	1.1356	0.8847	1.2500	-0.0179	-0.3046	0.1731	-0.5847	1.3003	-1.6488	-0.4430	-0.8112	1.6239	1.0877	0.8404	-0.3916	-0.4699	-0.3892	-0.6110	-0.5572	-0.3422	1.1807	0.6329	-1.6586	-0.7794	-1.1897	-1.9365
1.7875	1.7423	-0.8579	1.5281	1.4306	1.1278	-0.6747	0.7902	-1.6151	1.1363	2.0362	2.3301	3.8023	1.3207	1.3199	1.8654	0.7522	0.9282	0.0191	0.1752	0.9878	0.3136	-0.2368	2.0962	0.3445	-0.3974	-0.1299	0.2602	-0.0666	-0.1190	0.3903	-0.8009	-0.5747	-0.3480	1.2083	0.9752	1.4973	1.0710	-1.1101	-0.2036	-0.6534	-0.6753	0.3123	1.3766	0.6274	-1.3569	-1.0133	-1.2567	-0.7124
1.1159	-0.1577	-0.0229	0.5308	0.4711	0.4949	-0.5995	1.5418	-1.2013	0.7100	1.0311	1.8306	2.3728	0.1115	1.2992	0.9837	0.7235	0.9661	0.2312	-0.9632	0.2067	0.6582	0.0353	1.2240	0.2406	-1.3282	0.1829	0.4638	-0.2784	-0.5881	-0.6318	0.1723	-1.4178	-1.2849	1.1049	0.2327	1.5158	0.7213	-0.8922	0.1243	-1.1447	0.6741	-0.9355	0.5355	-0.2693	-0.2176	-0.9199	-0.5263	-0.7484
0.8337	-0.6700	0.2004	1.3080	0.1805	0.9209	0.1303	1.4644	-0.6049	1.1327	1.1377	1.2576	2.2063	-0.3866	0.3775	1.0755	0.2147	0.6254	-0.3867	-1.3795	0.2351	0.7348	-0.4649	1.9035	-0.1478	-0.4924	0.1803	0.5368	-0.6881	0.2262	-0.8362	-0.4462	-2.1158	-1.4123	-0.2937	0.6686	-0.2259	0.5442	-1.6470	-0.6287	-0.4994	1.7618	-1.7152	0.3299	-0.6078	-1.5366	-0.7358	-0.7354	-0.8068
1.5766	0.3707	0.1002	1.8836	0.8019	1.2590	0.4120	0.8596	0.8397	1.0991	2.1744	2.1654	1.3696	-1.3794	0.7530	1.1929	0.1771	2.6313	1.1595	0.1572	0.4662	1.8837	0.7435	1.7069	0.6161	-0.4613	0.3124	0.1798	-0.8289	-0.9200	-0.6137	-0.1765	-2.3996	-0.4492	-0.6293	2.1280	-0.4145	1.8937	-2.1927	-0.1876	-0.2929	1.3988	-1.0366	0.0580	-0.4107	-2.3839	-0.1575	-0.9268	0.4295
0.9301	0.2500	-0.1756	1.1400	0.9265	0.3526	-1.5703	1.3408	-0.7653	0.0847	1.4643	0.5350	0.4809	-1.3288	0.7900	1.2098	-0.5311	1.7800	0.2009	-0.2092	0.4854	1.3102	-0.1377	0.3288	1.4372	-1.2369	0.0341	-0.5423	-1.7985	-0.5793	-1.1394	-0.2476	-2.3847	-0.8426	-0.8438	1.4652	-1.0940	0.9408	-1.2809	-0.1651	-1.4281	2.3769	-1.3035	-0.1569	-1.0401	-2.1835	0.4929	-0.6024	0.9739
1.0360	1.4586	0.3197	1.2362	1.0591	0.1152	-1.2005	0.3037	-0.3637	0.6162	1.4116	0.9219	0.4493	-1.1001	1.5190	0.9916	0.0125	1.5710	0.1554	-0.4493	0.7889	1.6623	0.0503	0.5886	2.3545	0.0168	0.6072	-0.7992	-1.0030	-0.4262	-0.5352	0.8414	-2.0223	-0.6509	-0.1411	0.1088	-0.8302	1.0296	-1.7688	0.6267	-0.8106	2.6182	-0.7739	0.8218	-0.3672	-0.0436	0.6667	0.4081	1.8274
1.6877	0.2549	1.7493	1.3617	0.6010	1.9716	0.8351	-1.6229	1.2936	0.5383	0.4449	1.1995	-0.3502	-0.1742	1.0519	1.5511	0.3753	1.8070	3.0694	1.0617	0.2155	2.5068	1.0659	-0.2492	2.0204	0.4580	1.8534	1.9421	0.4486	0.0356	0.7534	1.9093	-2.0228	-0.4842	0.8798	-0.1588	0.0074	0.9440	-0.0050	0.9526	-0.0795	1.6756	-0.1083	0.8922	-0.1046	-0.6192	-0.3353	1.8441	0.0650
1.8127	0.0205	1.5229	0.4022	0.9454	1.0157	2.1496	-2.4738	3.1480	0.0778	0.1660	0.3907	-0.8477	0.0757	0.0974	-0.1277	-0.0788	0.8883	2.3627	2.9536	0.2018	0.7367	3.8373	-0.4701	-0.0640	1.7182	0.0173	1.4736	0.9503	1.9365	0.8524	4.1521	0.8386	1.2755	0.4176	-0.8645	1.2145	1.0718	0.6579	1.3023	0.0917	-1.1892	-0.9094	0.6302	-0.6829	-0.3560	0.2099	1.4079	-0.2670
-0.9133	0.5169	0.8105	0.3254	-0.7212	-0.6099	1.2272	-1.8707	0.4513	0.5406	-1.1851	-1.7060	-1.9278	0.2395	-1.1357	-0.9908	-1.1551	-0.4735	0.4827	0.4513	-0.5942	-0.6260	0.4582	-0.0554	-1.4552	-1.0969	-0.1932	0.8612	0.6451	1.8927	-0.5049	0.8629	0.9578	0.2657	0.0833	-0.8907	0.3377	0.0480	2.4066	1.0300	0.7941	-0.6224	0.6279	-0.4312	0.3003	-0.1787	-0.1910	2.5726	0.6915
-0.7205	1.3905	-0.3080	-0.6460	-1.0334	-1.5426	2.6336	-2.5714	0.8857	0.3782	-1.8379	-1.6723	-2.4810	-1.0751	-0.2448	-1.0443	-2.2543	-1.2907	-1.5339	-0.2020	-1.1108	-1.1128	-0.7675	-0.9995	-1.7563	-1.0553	-0.1902	0.7255	0.4835	1.6991	-1.8832	0.7830	1.7515	-0.6064	-0.7488	-0.2572	-0.2708	0.1337	0.3240	1.0934	2.2821	-0.8660	1.3139	0.0343	0.8451	1.4036	0.3773	2.2560	1.0494
-1.2806	1.0726	-0.1961	-0.3568	-0.5145	-1.5087	1.1845	-0.8114	0.1526	1.1228	-1.6270	-1.3754	-1.9051	-1.6558	0.1264	-0.7985	-2.1553	-1.1744	-2.4567	-0.6054	-1.3300	-0.1608	-0.0229	-0.6223	-1.1371	-0.6583	0.5126	1.1711	-0.2477	2.4264	-2.2415	0.9115	1.9398	-0.5990	-1.0870	0.5217	-0.4319	0.0004	0.3522	0.5627	2.2038	-0.1962	0.4475	-0.3687	0.4705	-0.2272	-0.2986	1.2154	0.3729
-1.3959	0.5702	0.8122	0.0540	-0.6833	-1.1393	1.7562	-1.3168	-0.1283	1.4862	-1.0713	-1.1345	-1.6244	-0.7337	0.0950	-0.9072	-2.3439	-1.2481	-1.7578	-0.5734	-1.0327	-0.1354	0.0182	0.2183	-1.0537	-0.3192	0.4379	0.8570	0.2756	2.5518	-1.3335	-0.1265	2.0389	-0.5935	-1.0619	-0.0707	0.4527	0.4705	0.8555	0.2499	1.7132	-0.8076	0.8330	-0.5677	0.9264	-0.4884	0.0057	0.7999	1.2245
-0.5503	0.7107	0.9783	-0.6485	-1.2493	-1.7315	1.4640	-1.6100	0.8713	0.3555	-1.1692	-0.9592	-2.0246	-0.3129	-0.1499	-1.9081	-1.7780	-1.3488	-0.8712	-0.7548	-0.5363	-0.6176	-0.1409	0.6195	-1.3282	-0.9310	-0.2977	-0.4513	0.8797	1.7265	-0.6263	-0.3766	1.4740	-1.0831	-0.9922	-1.6595	0.8170	0.1127	0.3663	-0.2799	1.2319	-1.7383	0.0006	-0.5487	-0.1844	0.6752	1.0018	0.9989	2.5104
-0.8401	-0.5319	0.0422	-1.3445	-1.4969	-2.5175	0.4987	-1.7344	0.7733	-0.4255	-1.2241	-0.9559	-1.4806	-0.1472	-1.3629	-1.3168	-1.5760	-1.9880	0.2157	-1.6001	-0.7262	-0.8038	-0.7652	0.8485	-1.9957	0.5573	-0.8308	-1.1784	0.4402	0.8517	-0.0247	-0.1152	0.7633	-0.8068	-0.6010	-2.6179	0.1290	-0.6795	0.3736	-1.0547	1.3819	-2.4034	-0.4241	-0.3453	-1.3455	1.2153	1.2979	0.2827	1.8196
-0.5560	-1.5249	-0.6409	-1.3546	-1.3077	-2.3876	0.4535	-1.4308	0.5712	-1.2940	-1.2269	-1.5737	-1.1866	-0.4806	-1.1638	-1.1831	-2.2336	-2.6771	-0.3613	-0.9436	-1.0622	-1.4104	-0.6805	-0.0872	-2.2152	-0.4857	-1.9088	-0.9821	0.2680	0.2440	0.1385	0.7918	0.3583	-0.3725	-1.5350	-2.4599	0.0846	-0.3866	-0.0664	-0.3435	0.4680	-1.3479	-0.6068	-0.7138	-1.6315	0.7456	0.7954	-0.3842	-0.0345
-1.5795	-0.1016	-0.5149	-0.2704	-1.0267	-1.0986	-0.2565	-2.8169	1.0444	-1.4088	-1.7620	-1.5477	-0.6720	-0.2644	-0.3496	0.3073	-1.5836	-1.4086	0.3255	-0.5514	-0.7701	-2.1248	1.0210	-1.4330	-1.0519	-0.4756	-0.9254	0.7239	0.1740	0.5811	-0.0551	1.8131	1.1728	0.2736	-0.4191	-0.7696	-1.1498	-1.0601	-0.0646	0.2630	-0.0023	-0.6402	-0.4127	-0.1141	-0.5803	1.5226	0.4017	-0.2885	-0.1195
-1.7175	-0.5392	0.1276	-0.5769	-0.4535	-1.1568	1.1059	-2.0734	2.1541	0.8193	-1.0697	-1.2107	-0.4314	0.5033	0.0178	0.2847	-0.9739	-0.6798	1.2244	-0.0481	-0.4942	-1.0066	1.5611	-1.3248	-0.7167	1.1161	0.1691	0.9658	0.6441	0.7618	-0.1992	1.4695	1.6727	1.7336	-0.2265	-0.7017	-0.9063	0.4189	0.4897	-0.0079	0.7899	-0.0227	0.6342	0.5503	-0.0965	0.7557	0.1186	1.1211	0.9069
-1.5911	-1.1548	1.2421	-0.1209	0.3996	-1.4172	1.2956	-0.8165	2.1329	1.6235	-1.0620	-1.8980	-0.0350	0.9537	-0.0795	-0.3871	-1.0106	-1.3817	0.4937	0.4937	-0.2214	-0.3027	1.8363	0.5524	-0.2035	2.0531	-0.3759	1.2041	1.2387	0.0835	-0.0351	1.7578	1.8452	2.0387	-0.2425	-0.2536	-0.1806	0.1784	1.4704	0.0045	0.7985	-0.2788	0.8448	0.4618	-0.1973	0.0826	0.9003	1.5140	1.4663
-0.5333	-0.0693	0.4274	-1.3014	0.3676	-1.8770	0.7525	0.9563	2.0771	1.3411	0.0088	-1.7351	-1.5458	0.4930	0.3737	-1.5224	-1.1981	-1.7053	-0.3933	0.3329	0.2554	0.3624	1.8022	0.0911	-0.4125	1.4629	-1.0523	0.5131	1.6727	-0.8955	1.6189	1.3650	1.7891	0.6777	-0.5280	-1.2700	0.8956	1.1987	1.1279	0.8128	2.7137	0.6814	1.3091	0.5104	-0.6208	2.5059	1.0428	1.4192	1.2247
-0.9435	-0.5894	-0.1061	-0.7070	0.1958	-1.6225	0.8470	0.4933	1.2095	-0.2575	-0.8655	-1.3021	-1.0794	0.4789	0.2617	-1.6814	-1.3636	-1.7964	-1.0003	-1.1937	0.3061	0.5488	1.3975	0.4712	-0.9884	1.0521	-0.8105	0.1336	0.5291	-0.1180	1.4562	1.2803	1.8093	0.6825	-0.3419	-1.7943	0.2495	-0.4981	1.1196	0.6184	1.4875	1.0250	0.2452	-0.1413	-0.3092	2.9728	1.0613	1.3133	-0.2707
-1.2477	-0.0622	-1.1136	-0.5529	-0.9647	-1.0806	1.4331	1.0871	0.3901	0.2192	-0.5546	-1.0319	-1.3758	-0.4411	0.0908	-1.5124	-1.8791	-1.4233	-1.7021	-1.9361	-0.0136	-0.4239	0.4005	0.8168	-1.3110	-0.2431	-1.1658	-0.0509	1.0040	0.7625	1.0351	0.3618	1.2983	0.4046	-0.7816	-2.0032	0.4410	-0.5452	1.1987	0.9907	-0.3299	0.1951	0.9234	-0.5424	-0.1687	1.9375	0.6701	0.6040	0.4190
-1.8454	-0.9838	-1.7710	-1.2790	-3.0845	-1.1371	0.8804	2.2423	-1.0882	0.6336	-1.1162	-1.6605	-1.9147	-0.4000	-1.8480	-1.7448	-2.2167	-1.1815	-2.1723	-3.7227	-0.6849	-0.7833	-2.1125	0.9341	-2.0825	-1.3086	-0.0012	-0.6100	0.9781	1.7266	-0.2217	-1.6508	0.3459	-1.1647	-1.1943	-1.6108	0.0439	-1.2284	1.4945	0.7674	-0.0848	0.8554	0.6708	-1.9000	0.2625	-0.2484	0.3178	0.9418	0.5595
-1.8595	-1.2199	-2.4199	-2.5423	-3.8333	-1.9489	0.7222	2.3753	-2.9629	0.1496	-2.1807	-1.5502	-2.3500	-1.2547	-3.8120	-2.3291	-2.7099	-1.5371	-2.6657	-3.5431	-1.4144	-1.6801	-2.2976	1.2447	-2.5501	-1.4137	-0.1844	-2.7966	0.3828	1.0709	-1.2979	-2.1198	-0.7884	-1.7702	-1.3809	-2.4894	-0.0298	-2.2711	0.6884	-0.7532	-0.0851	-0.6694	0.3631	-2.7820	0.9280	0.2900	1.5579	-0.0748	1.0926
-2.3178	-2.6926	-2.1853	-3.3927	-2.8036	-2.6436	-0.2340	2.2859	-1.5140	-1.3845	-2.9263	-1.8662	-2.1829	-1.6555	-3.3215	-2.5572	-2.3723	-2.5581	-2.0499	-2.3170	-2.0476	-3.3583	-2.0521	-1.5918	-2.2461	-1.9403	-1.1250	-2.9922	-0.8145	-0.8442	-0.2905	-0.6997	-1.4357	-2.0121	-2.1533	-2.2636	-1.8885	-2.3300	-1.0451	-2.5679	-0.9358	-1.7439	-0.3050	-2.9227	-0.0664	0.5339	2.7468	-1.3309	0.1131
-2.4020	-2.5502	-2.2180	-2.8539	-2.3207	-2.5496	-1.0693	1.5237	-0.8887	-1.6753	-3.3272	-2.7690	-1.1525	-1.5103	-2.9132	-2.1863	-1.6601	-2.7482	-1.6884	-2.6918	-1.7338	-3.2075	-2.1192	-1.6698	-2.2614	-2.0860	-2.2851	-3.0403	-1.2939	-0.7144	-0.2499	-0.4518	-1.4440	-1.5988	-2.5303	-1.2738	-2.5757	-2.7434	-0.1292	-3.1388	-1.4648	-1.1120	-1.2246	-2.3590	-1.0015	0.9736	3.3979	-1.6670	-0.0538
-2.5201	-1.2476	-2.3166	-2.7286	-1.8410	-1.9720	-0.0830	0.7508	-0.7171	-0.8211	-2.5459	-1.3872	-1.3818	-1.6760	-2.3261	-1.4202	-1.5051	-2.4964	-1.7732	-1.5275	-3.1575	-3.4115	-1.0150	-2.2430	-2.4881	-1.1150	-2.7926	-2.7071	-1.6865	-0.0869	0.3805	-0.0347	-0.5055	-1.0315	-2.8253	-0.4172	-2.9263	-1.2898	0.2966	-2.1522	-0.3443	-2.7220	0.7742	-1.9894	-0.9208	0.7518	3.2998	-1.5509	0.7428
-2.8379	-1.7165	-1.1605	-2.2401	-1.5132	-1.7564	-0.1507	0.6033	-0.7939	-1.8296	-2.2938	-1.9404	-1.4454	-0.9896	-2.2307	-0.9857	-0.8745	-2.2482	-1.5990	-1.5050	-3.3490	-2.8072	-2.3740	-2.9199	-1.7960	0.1253	-2.2159	-2.0297	-1.3623	-0.3586	0.4223	0.7960	0.3963	-1.2867	-2.8604	-0.4742	-2.7253	-1.6868	0.4568	-2.0652	-0.3522	-1.3818	0.0441	-2.4320	-1.0227	0.4535	2.3652	-0.9535	0.5540
-3.0101	-1.5262	-0.8497	-1.0511	-1.2587	-1.1284	-0.6670	0.0224	-1.4851	-2.1653	-2.3560	-2.5052	-0.6806	-0.8486	-1.8171	-0.8126	-0.2915	-2.0546	-1.2372	-1.2277	-2.4743	-2.3896	-1.4445	-1.8806	-1.0793	0.2420	-2.3121	-1.5346	-0.9513	0.1372	0.2744	0.6742	0.6483	-1.3097	-2.1068	0.3214	-1.8836	-1.8050	0.6439	-1.9122	-0.3506	-0.3434	-0.2061	-2.4014	-0.4799	-0.1163	2.1440	-1.5784	-0.2088
-2.8343	-1.0744	-0.3330	-1.6053	-0.8244	-1.1180	-0.9565	-0.4526	-0.5312	-1.1293	-1.9665	-1.9826	-0.9051	-0.2934	-1.1318	-1.4670	0.0244	-1.6144	-0.6973	0.1742	-2.3225	-2.2570	-0.4947	-2.1326	-0.6744	-0.6329	-1.8966	-1.2502	-1.1047	-0.6515	1.3133	0.3620	0.7957	-0.9470	-1.6278	1.1006	-1.9625	-0.9526	0.5568	-1.6488	-0.2018	-1.4013	0.9407	-1.9315	-0.2759	0.6589	1.2444	-1.5101	-1.3923
-0.8945	-0.4381	0.9861	1.1205	0.2577	2.5560	-0.3736	-0.8437	2.3899	-1.8733	-0.7147	-0.5486	0.9034	0.6267	-0.0158	1.5824	2.0567	1.2133	1.7607	1.9109	0.1278	-0.6176	1.0954	-2.3799	1.2848	0.0991	-0.8332	1.1541	-1.5114	-0.8162	1.4288	2.2772	0.3079	0.0042	-0.6237	2.5174	-0.8839	-1.3845	0.3532	-0.8259	-0.3756	-0.6088	0.0886	-0.7350	0.3402	1.2896	0.0135	-2.3229	-2.3370
0.1070	-0.0966	0.0782	0.0126	0.0638	1.3215	0.3702	0.7764	-0.5989	0.0712	0.3365	-0.7568	0.5993	1.5146	-0.0912	1.1371	0.8841	-0.6290	1.0465	1.7619	-1.7862	-0.0960	0.0191	-2.1306	-0.6374	-0.0081	-0.1100	1.9509	-0.6828	-0.0014	1.4314	0.2011	-0.8344	1.0383	-0.3225	2.3381	0.0997	1.2413	2.0423	-0.9063	-1.5065	-1.0448	2.0629	-0.9442	1.4758	2.1606	0.9976	-0.8755	-0.1561
-2.6930	-1.0624	1.0825	0.5198	-0.2263	2.4495	-2.7418	1.2553	0.9265	-2.8925	-1.1244	-0.4462	0.4848	0.8957	-0.4473	1.2698	2.5350	0.9522	1.4807	-0.8630	0.7049	0.5476	-0.7293	-1.8147	0.6614	0.3012	-0.5650	0.4281	-1.8043	-1.5508	1.1083	0.0836	1.5481	-0.7109	-0.1542	2.8476	-0.4831	-1.9656	0.6648	0.1868	1.8697	-1.4278	0.2131	-1.2087	0.8691	2.4009	0.4040	-1.2711	-1.9183
1.6738	0.5758	1.0134	1.2195	1.7075	1.3860	-0.5829	0.5775	-0.0066	-0.7429	0.8685	1.0795	0.9874	1.4725	0.4661	0.9116	2.1465	1.6455	0.6992	1.8410	1.1250	0.6658	1.4168	-0.2810	0.6897	0.2857	-0.6022	0.8906	-0.9332	-0.3112	1.4789	-0.1377	-0.7824	-0.0492	-0.0171	2.6316	0.6938	-0.4614	0.6898	-0.4654	0.3741	1.0533	0.4309	-1.2652	0.8811	0.1034	-0.4037	-1.2598	-1.7244
0.9354	1.2124	0.0696	0.9680	1.5287	0.7996	-0.7295	1.0463	-0.9625	0.5879	0.9883	0.7155	0.6385	0.7739	1.0811	0.4331	0.7667	0.7733	-0.5959	1.0424	-0.2659	0.7400	1.1295	-0.0440	0.3864	1.9971	-0.2117	0.8648	-1.6490	0.0421	0.7099	0.2110	-0.0753	0.4860	-0.5209	1.4133	0.7884	0.3174	-0.7963	-0.7234	0.7661	0.0879	1.0448	-0.7803	0.8604	-0.3542	0.6541	-0.7311	-0.7271
0.7312	2.5414	0.7567	1.4794	1.0902	0.9500	-1.8462	1.1677	-0.7625	-0.7980	0.9768	0.2331	1.0195	-0.0988	0.6652	0.3180	0.7265	0.7195	-1.2885	1.4937	0.7113	0.6507	0.8408	0.0406	0.5692	0.3961	0.4502	0.8980	-1.3198	-0.1463	-0.4689	0.3385	0.8123	0.0140	-0.0423	1.3568	0.7649	0.0050	-1.3370	-0.1668	0.8321	0.4183	0.5890	-0.3423	1.2441	-0.9146	0.3937	-0.3025	0.2426
0.3402	2.2222	0.5566	1.0264	1.3198	0.7399	-1.7081	0.3507	-0.0111	-0.5777	0.9369	-0.0660	1.1643	-1.2386	0.9426	0.8950	0.6003	0.9642	-0.6258	1.2679	0.6009	0.4254	1.1604	0.0923	1.4902	-0.3212	0.3935	0.4162	-0.6408	-0.1818	-0.5774	0.2154	0.1001	-0.0308	0.1460	0.6995	1.1933	-0.3653	-1.5626	0.3902	0.0272	1.3035	0.1771	-0.0099	0.1564	-0.7716	-0.7774	0.3114	1.5420
0.1518	0.9733	1.1551	0.0568	0.9552	0.3453	-0.5768	0.3194	0.3904	-0.8072	0.8202	0.5485	0.8040	-1.0342	0.3538	0.9763	0.8168	1.0244	0.0067	0.5858	0.6642	1.2835	0.7654	0.0657	2.0403	-0.0281	1.1540	0.8225	-0.8411	-0.1937	-1.2726	-0.5591	0.1542	-0.0070	1.0017	1.2444	0.2247	0.1302	-1.8328	-0.4214	-0.5112	2.1477	-0.6142	0.2937	0.4649	-0.9674	-2.1920	-0.0018	1.4477
0.8255	0.9366	1.1256	0.3933	0.9982	0.8080	-0.3686	0.1483	-0.3855	0.4195	1.1165	0.7743	0.9895	-1.0809	0.3041	0.9548	0.8322	1.2752	0.3315	0.6941	0.2469	1.8303	0.7398	0.6982	1.7898	0.9255	0.8755	0.4875	-1.1093	0.5015	-0.8322	-0.6824	-0.4270	0.6124	0.8378	1.1891	-0.6720	-0.1231	0.0510	-0.3065	0.1817	1.0514	-0.1704	0.3273	-0.3037	-0.7554	-0.2213	0.2209	0.7401
0.7666	0.8824	0.1497	0.8720	1.1854	1.4667	-0.8008	0.3037	0.3707	-0.3039	0.8209	0.5250	1.2227	-0.7877	0.6515	1.5695	0.9889	1.1203	-0.2920	1.3433	0.4583	1.2751	1.1530	0.7224	1.7835	1.5113	0.9860	0.5011	-0.8396	1.0268	-0.0523	0.4404	0.0644	0.9994	0.5917	0.5380	-0.8180	-0.8707	-0.5609	0.3709	0.6180	1.4216	-0.6842	0.6295	-0.1241	-0.4779	0.0992	0.6778	-0.3359
0.8847	2.0233	0.0194	0.0227	0.7312	1.0911	0.2507	-0.2976	0.4027	-0.0471	1.8807	0.8709	1.1981	-0.8078	1.3116	1.2429	1.0380	1.8278	0.6677	1.6061	1.1395	1.8550	1.1213	0.2518	1.8057	1.2877	1.3815	0.5149	-0.2200	0.2560	0.0254	-0.5514	-0.8073	1.3837	1.1734	0.0503	0.5681	1.6072	-1.1374	1.4800	1.1909	1.7513	-0.2126	1.4764	0.6832	-1.3977	-1.2781	0.7503	-0.2226
0.9289	1.1600	-0.0080	0.1629	0.9516	1.1644	-0.0057	-0.2368	0.6968	-0.1406	1.2468	0.3051	0.8291	-0.1408	1.3291	0.9563	0.7149	1.2463	0.7483	1.5115	0.9589	1.6138	0.9728	0.1380	1.7229	1.4330	1.7771	0.8306	0.2983	0.2153	0.4123	-0.4886	-0.4892	2.2201	1.4102	-0.3261	1.0209	1.3157	-0.5745	1.7593	0.6418	1.0975	-0.2714	2.4664	0.4948	-1.4634	-1.3910	0.6551	-0.6475
1.5929	0.5574	-0.4020	0.1071	0.5604	1.5657	-0.2432	0.3466	1.0876	0.5973	1.7592	1.7716	1.2791	0.2182	1.3732	1.0628	0.8665	1.8500	1.3067	1.5391	1.8932	1.6407	0.3737	0.8169	1.7600	-0.4315	1.6786	-0.0945	1.1610	-0.5542	1.1807	0.1063	0.6851	2.5293	1.7311	-1.3073	1.3738	1.9667	-0.9661	2.9285	-0.2646	1.4126	0.2556	2.4212	0.8829	-1.2177	-1.7298	-0.0864	-0.0147
1.6123	-0.9940	-0.3053	-0.2791	0.6635	1.0433	-1.0535	-1.0141	0.6174	-0.0918	1.0266	1.2370	0.2569	0.2774	0.1988	-0.0360	1.7361	1.1201	1.2911	1.6433	2.2584	0.9144	-0.4267	0.5310	1.1661	-0.3934	2.0185	-0.3385	1.4591	-1.1480	1.1253	-1.2512	0.5014	2.1448	1.9968	-1.1055	1.9692	0.5139	0.2185	1.5167	-1.1034	0.5296	0.0237	1.3695	-0.1491	-1.1913	-1.8025	-0.5677	-0.6880
1.5654	-0.5391	0.4702	-0.9257	0.5282	0.6878	-0.3679	0.6160	-0.1068	-0.1650	1.4132	1.5992	0.5459	1.2517	-0.1917	-0.1951	2.0408	1.1668	1.4122	0.8206	2.4265	1.1394	-0.9278	0.2553	0.9728	0.0424	2.0325	-0.3933	1.7551	-1.8827	1.0408	-2.3429	-0.0996	2.2493	2.2391	-0.4059	1.6412	0.2976	0.3671	1.3753	-1.0325	0.8240	-0.6028	1.1736	0.3371	-1.5390	-0.5794	-0.0027	-0.5677
1.4980	-0.3046	0.4802	-0.1585	0.5973	1.4272	-0.7867	-0.1087	-0.2846	-0.1510	0.9318	1.6629	0.7631	1.2531	0.1473	-0.1857	1.7017	0.9350	0.8238	-0.1858	1.3175	0.7756	-0.9392	0.8411	1.0657	0.5623	1.7772	-0.5276	1.3490	-1.0463	0.6466	-0.8492	0.4044	1.1475	2.0378	-0.6465	0.0485	-0.1078	0.8444	1.1434	-0.2479	-0.1939	-0.4532	1.8212	0.4622	-0.3930	0.5965	-0.2037	-1.1627
1.6267	0.7320	1.3234	0.4573	0.7581	1.5144	-0.8331	0.1361	-0.9516	-0.2073	1.6860	1.2678	0.8520	1.7476	0.0884	-0.0451	1.6199	0.6230	0.5992	0.1679	1.5665	0.3279	-1.0390	0.7005	0.9540	0.1446	0.8906	-0.4160	1.4895	-0.3817	0.5750	-1.6342	-0.1726	0.0767	1.4598	-0.6117	1.1059	1.4446	1.4038	0.4355	0.7260	0.5262	-0.2149	1.8544	0.5325	-1.7544	0.1741	-0.6271	-0.9359
1.5886	-0.1889	1.0384	-0.2324	0.8241	0.9019	-0.4944	0.1747	-0.7965	0.0284	1.5626	1.5077	0.0263	1.0449	0.5587	-0.9513	1.2094	0.2405	0.3783	0.2246	0.7719	-0.2154	-1.1507	0.4582	0.4876	0.1793	0.7903	-0.5148	0.7639	-1.4947	-0.1248	0.1353	-0.4347	0.1117	0.9743	-0.9945	1.7069	1.0307	1.0823	0.5340	-0.6197	-1.2995	-0.3433	1.6719	-0.4476	-1.3088	-0.5117	-0.0715	-0.3931
1.3191	-0.2157	1.0572	1.3653	0.1116	2.7191	0.6021	1.4495	-0.2079	-0.5265	1.7158	1.0075	2.1184	1.8692	0.4081	0.4737	1.3968	0.3084	0.9071	0.4934	1.8260	-0.3566	-0.9492	0.5617	1.0989	0.4800	0.8570	0.4125	0.9707	-0.6293	0.6880	-2.2626	-0.7870	-0.2650	2.0048	0.2288	0.6817	0.8655	1.1813	1.3004	0.2998	0.4326	0.6427	1.2633	0.6950	-1.3135	-2.4198	0.0712	-1.2673
1.6469	2.0479	2.2541	1.4963	1.5688	0.8564	1.8010	0.8485	0.1608	3.3659	1.8055	1.7702	1.1803	2.6612	2.3210	0.5820	1.3101	0.2481	1.1704	1.4904	2.3421	0.7228	-0.2486	2.2343	1.2476	2.7654	1.9276	1.0747	1.9399	-0.9916	1.0177	-2.1362	-1.4354	2.1396	1.8314	1.4175	1.1004	2.0377	1.4399	0.6400	-0.2668	-0.1492	1.7702	2.2587	0.9775	0.4347	-1.1638	0.9486	-0.2093
0.6371	1.2727	2.6495	1.4862	1.4053	-0.0897	1.4884	-0.5293	1.2908	2.2427	1.5358	2.3390	1.7159	2.7241	2.7908	0.6464	1.6340	0.4058	1.1923	1.1573	2.3052	1.2474	0.6711	2.2014	0.6359	1.3701	2.0767	1.0859	3.3341	-0.6599	1.3927	-0.6654	-0.0367	1.9887	2.3252	0.9086	1.3629	2.1617	0.4865	1.5226	0.3297	0.5645	0.7920	2.3873	1.9673	-0.6846	-2.5102	2.0228	-1.4288
1.3107	0.9399	2.7844	1.6772	1.8550	0.1466	2.2279	-1.1286	1.3229	3.2717	1.4050	2.7397	1.1905	2.8164	2.8158	1.0209	0.6778	0.7342	1.2435	0.6063	1.1472	1.6472	0.0765	3.0869	0.6879	2.5174	1.7358	1.6887	2.9653	0.0560	0.8562	-0.4284	0.5158	1.6739	1.5026	-0.0387	0.1620	1.4950	0.9713	1.3799	-0.1788	-0.5023	1.0654	2.1945	1.1609	-0.7581	-1.5393	2.3934	-0.5945
1.4863	1.1751	1.1683	2.1715	1.7910	0.3741	1.6895	-1.1653	0.4394	1.8880	0.3612	1.7600	0.6156	1.8874	2.2161	1.0815	0.1372	0.0913	0.6339	1.2744	0.9392	1.0398	0.9191	2.5084	0.1425	1.4739	1.0656	2.2041	2.5472	1.5658	-0.4128	1.7463	2.0857	0.5118	0.9627	-0.0364	0.9278	1.8755	1.7153	1.7631	0.5250	-1.7296	1.2731	2.4628	0.6505	0.7984	-0.6875	1.5166	-0.0776
1.3017	0.6931	-0.9363	2.2457	0.3080	0.3110	2.8214	-1.9978	1.0659	1.2206	-0.6909	0.6439	0.0791	0.6219	2.0748	1.2153	0.0075	-0.0351	0.0873	0.8839	0.4443	0.3202	1.5023	0.8238	0.1659	-0.4344	0.8410	2.5187	2.1031	2.6472	-0.8070	1.6652	1.8410	0.3554	0.2714	0.3391	1.3619	1.3766	0.3025	1.8208	0.5253	-0.9745	1.2702	1.7545	0.7904	1.2117	-1.0770	1.9352	0.0687
0.9254	0.5111	-1.4127	2.2822	-0.9944	0.0747	3.6816	-2.2876	0.7074	2.4045	-0.9648	0.9556	0.2298	1.4568	1.1178	0.5512	-0.3785	-0.4111	-0.2743	-0.3494	-0.1892	0.1530	0.5037	1.8171	-0.4260	-1.3071	1.3269	1.6472	1.5557	2.1677	-1.8689	0.0496	0.4230	-0.6455	0.0357	0.9239	0.2132	1.1171	0.7638	0.8344	0.0222	-0.4272	1.3211	1.6889	1.4230	1.7495	-1.1241	2.6684	-0.8225
-0.2892	0.5746	-0.9115	1.5762	-2.2513	-0.4226	1.3412	-2.1492	-1.2144	2.3450	-0.4246	0.5140	-1.1725	-0.1542	-0.1159	-1.3132	-0.6801	-0.5758	-1.0015	-0.8198	-0.2626	-0.2940	-0.1836	1.0314	-1.0675	-1.0641	0.8481	0.2330	1.4306	2.2769	-2.6503	-1.9454	-0.4837	-2.0872	-0.3664	0.2319	1.1206	2.0426	1.3607	-0.1543	0.5085	0.0240	1.2796	0.6775	1.3721	-0.0170	-1.3318	1.6416	-0.6072
-0.5691	-0.9403	-0.0982	-0.0598	-2.0092	-0.8544	-0.7656	-1.4562	-0.9482	0.4164	-1.4878	-0.2538	-2.3067	-0.0300	-0.9208	-1.7602	-1.0314	-1.1939	-1.9683	-0.8085	-1.0637	-2.1539	0.3323	0.4739	-2.2240	-1.4012	0.6809	-0.3802	1.2090	2.8189	-1.9730	0.7346	0.6837	-2.1596	-0.5784	-0.0987	1.7670	-0.2416	0.9863	0.2941	0.6874	-0.1766	-0.8746	0.0904	1.4893	2.1140	-0.7640	1.2935	0.1585
1.8888	-1.8849	0.1989	0.2591	0.0095	-0.1247	1.1971	1.3295	1.2146	-1.4813	-0.0456	2.0146	-2.3675	-2.0137	-0.8971	-2.0168	0.4025	3.0882	2.2746	-0.3364	-1.5625	-0.1445	1.4401	-0.3914	-1.0357	-3.5494	-1.0697	-0.7717	-0.3702	0.0840	-2.0992	0.8919	0.7859	-1.7227	-0.9758	-0.5760	0.2262	-2.1202	-1.1660	-0.5729	0.1892	-1.0524	-2.4219	-2.3239	-0.9479	-0.9950	-1.4938	-1.7001	0.8188
0.6289	-1.2189	-0.5261	0.4434	-0.2540	-0.8998	-0.9901	1.4214	-1.7463	1.1298	0.7577	-0.0981	-1.3473	-1.8546	-0.4962	-1.3505	-0.6965	1.5419	1.1897	-1.5892	-1.5640	-0.3926	-0.6192	-0.3227	-0.2834	-2.4361	-1.6583	-0.9115	-1.0119	-1.2456	-1.6479	-0.6756	-1.4077	-2.1906	-1.1498	-1.2001	-0.6138	-0.3757	-1.5657	-2.1343	-1.0578	-0.3969	-2.1855	-2.1413	-2.4041	-1.3241	0.1177	-1.6303	0.1952
-0.2603	-0.8527	-0.8966	-0.3795	-0.4861	-0.9639	-2.3469	1.6342	-2.0545	-0.9541	-0.5180	-1.2313	-0.0893	-1.1918	-0.0418	0.4624	-0.9891	-0.7542	-0.9279	-1.8002	-1.3907	-0.9925	-0.8354	-0.6834	-0.1042	-1.0066	-1.6739	-0.9179	-1.6733	-1.4621	-2.0683	1.0251	-1.4615	-1.4898	-0.8119	-1.1594	-2.2818	-1.5265	-2.2136	-2.0387	-1.6754	0.5989	-2.4412	-1.4629	-2.5405	0.1999	1.1220	-0.6254	0.0754
-0.5688	0.5076	-1.1851	-0.2447	-0.2645	-0.7782	-0.8378	0.5137	-0.9521	-1.4884	0.1964	-0.2160	0.7566	-1.7783	0.4701	1.3530	-1.4165	-0.6741	-1.3954	-1.1227	-0.9417	-0.6585	1.0270	-1.3444	-0.3089	-1.2367	-1.7390	-0.6340	-2.4001	-1.1446	-0.9468	0.5265	-2.0163	-1.2194	-0.6833	-0.6640	-1.3695	-0.2298	-2.6343	-2.0417	-0.9034	-0.1155	-1.0805	-1.1630	-2.0502	0.1993	0.6720	-1.1009	1.0449
0.0288	-0.8336	-0.5842	-1.0158	-0.1779	-1.4281	-0.7294	0.5472	-0.3564	-1.5194	-0.2234	-0.7708	-0.6600	-1.3254	-0.2254	-0.0542	-1.3340	-0.6260	-0.7090	-1.1551	-1.1301	-1.0836	0.5515	-2.1369	-0.7334	-0.7618	-1.5860	-0.5598	-2.2476	-1.8109	-0.9407	0.4118	-2.0721	-1.0217	-0.5923	-0.9210	-0.7494	-0.9367	-2.6573	-2.2437	-1.3934	-0.9355	-1.8502	-1.1875	-3.3663	-0.3389	0.0648	-1.1955	1.1328
-0.0323	-0.5195	-0.7975	-0.1417	-0.6678	-0.8697	-1.4493	-0.2764	-1.2515	-1.4538	-0.4251	-1.3280	0.2983	-1.0425	-0.8323	0.1953	-0.8156	-0.0133	-0.5092	-1.2356	-0.4546	-0.0796	-0.5704	-1.4186	-0.8255	-0.0028	-1.5862	-0.9996	-1.5394	-1.2188	-0.8827	0.0894	-1.5494	-1.5090	0.2231	-0.3373	-1.6999	-2.4445	-2.1163	-1.6479	-1.9358	0.0473	-2.1523	-0.8268	-2.8001	-0.2217	0.0485	-1.5164	0.5355
-0.0539	-0.8273	-1.6107	-0.7006	-0.7138	-0.9746	-0.8878	0.1284	-0.6470	-0.5201	-0.6044	-1.2614	-0.0302	-0.6784	-0.7804	0.6350	-0.9086	0.0498	-0.5133	-1.0664	-0.7546	-0.2007	-1.1468	-0.3214	-0.5054	0.3394	-1.6060	-0.8611	-1.2607	-1.3797	-0.4096	0.0579	-1.0888	-0.9436	-0.4411	-0.3620	-1.6293	-1.6829	-1.7120	-1.6499	-1.9345	0.0845	-1.7730	-0.5806	-2.6416	-0.1978	-0.5884	-1.3358	0.1993
0.1101	1.0483	-1.0080	-0.6088	-0.3844	-1.1258	-0.9173	-0.3879	-0.3340	-1.2833	0.0396	-0.5694	-0.0751	0.0613	-1.0674	0.3035	-0.8165	0.4252	-0.2584	-0.1349	0.3046	0.6303	-1.1598	-1.2146	-0.3293	-0.0673	-1.0264	-0.7699	-1.0051	-1.7249	0.1816	0.0221	-0.9446	-0.5366	-0.0476	0.2065	-0.9591	-0.4107	-1.8072	-1.2257	-1.0673	0.6257	-1.3934	-0.0471	-1.5656	-0.3509	-0.5228	-0.4322	1.5072
0.2149	0.8296	-1.8774	-0.7838	0.1937	0.0063	-0.3068	-2.0347	0.4160	-0.1527	-0.0985	-0.5900	-0.6432	-0.5762	-0.9179	0.1089	-1.1751	0.4219	-0.5534	0.4543	-0.0065	0.0612	-1.5744	-1.3171	-0.9075	-0.9742	-0.9171	-0.6999	-0.7714	-0.7745	0.7473	0.1989	-0.3867	-0.3683	-0.1494	-0.0760	-0.5166	-0.5820	-1.7275	-0.7786	-0.5317	-0.5435	-0.5701	-0.0087	-1.1562	-0.1215	-0.0254	-0.4182	1.8353
-0.3476	-0.0198	-0.8827	-0.2721	0.3812	-0.5295	-0.2813	-0.8874	0.7727	-0.6497	-0.2881	-0.7826	-0.8758	-0.1930	-0.6712	-0.0900	-0.2457	0.5682	-0.0110	0.2402	0.1119	0.4457	-0.7198	-0.7422	-0.4706	-0.7697	0.0538	0.2279	-0.0484	-0.9776	0.7341	0.6996	0.6586	-0.3357	0.1166	0.3312	-0.2985	-1.0033	-2.2160	0.0765	-0.6981	0.6446	-1.3045	-0.2048	-0.8899	-0.7361	-0.3560	-0.1364	2.2552
-0.5497	-0.5265	-0.3737	-0.2235	0.2256	0.4276	-0.3862	-1.3638	-0.0142	0.0379	-0.5200	-0.3032	-0.2334	-0.2195	-0.7571	-0.0465	0.0954	0.6933	0.0541	-0.6242	-0.3164	0.7458	-0.9366	-0.1767	-0.7122	-0.0454	0.1285	0.0210	-0.7033	0.0172	0.5764	-0.3247	0.8340	-0.6213	0.0671	0.6616	-1.4707	-1.0817	-1.2221	-0.0581	-0.0225	0.1827	-0.6718	-0.3404	-0.6274	-0.9469	0.2343	0.5313	1.5127
-0.4654	0.1014	-0.9059	-0.4324	0.7106	0.1695	0.6746	0.0021	0.2332	-0.1762	-0.0850	-0.3452	-0.3241	-0.5436	-0.0485	-0.2506	-0.0422	0.2488	-0.5469	-0.5904	0.3297	0.4859	-0.8221	-0.0086	0.1287	-0.1002	-0.1702	-0.0801	-0.6137	0.5270	0.6394	0.2673	0.0919	-0.4804	-0.2065	0.0431	-0.7617	-0.3795	-1.1326	-0.3252	0.3991	0.4040	-0.8889	0.0627	-0.7099	-0.3529	-0.0791	0.5267	0.1847
-0.3221	0.7591	-0.7451	0.0749	0.4604	-0.5355	-0.0097	0.5297	0.4061	-0.5845	0.4765	-0.3351	-0.3190	-0.8662	0.0947	-0.4712	0.3956	0.4731	-0.3396	0.4283	0.7724	0.5557	0.0118	-0.4925	0.6965	-0.4106	-0.5464	-0.3681	-0.3841	-0.1225	0.5080	1.9158	0.3280	-0.3128	-0.0234	-0.5054	0.1242	-0.1439	-0.6959	0.4580	-0.6586	1.2033	-0.7518	0.5471	-0.4201	0.7855	0.0360	0.9877	0.4213
-0.3173	-0.4769	-0.2453	-0.6086	0.1097	0.2717	-0.1890	-0.9145	-0.0507	-0.4925	-0.1048	-0.5933	-0.1960	-0.0501	-0.5120	0.0062	0.4554	0.0696	0.3336	0.5906	-0.4536	0.6051	-0.3291	-0.6650	0.3610	0.5974	0.3925	0.1352	-1.0603	-0.0927	0.5420	0.0707	-0.2224	0.0212	-0.0669	0.9342	-0.8315	-0.0354	0.1486	0.0557	-0.7193	0.1417	-0.3983	0.1464	-0.1998	-0.7637	0.3083	1.2788	-1.0713
-0.1943	0.0628	-0.1020	0.0362	0.4551	0.5620	-0.0201	-0.5565	0.5097	-0.7029	-0.4419	-0.6291	0.3948	-0.4880	-0.4588	0.3555	0.3796	-0.6072	0.1429	0.9275	0.5462	0.7697	-0.3718	0.4721	1.0667	1.3684	0.5186	-0.3853	-0.8919	0.7941	0.3088	-0.0968	-0.8197	0.4443	-0.5227	1.4931	-1.1980	-0.8154	0.3723	0.0157	-0.2117	0.4496	-0.4877	-0.0669	0.6778	-0.6087	0.4872	0.5760	-0.4081
-0.4785	0.8872	0.0483	-0.2060	0.7510	0.1383	0.7016	-0.1680	0.1417	0.0665	0.1021	-0.1314	0.3438	-0.9111	0.2825	0.1260	-0.1061	-0.0997	-0.0371	1.0509	0.8463	0.8598	0.3146	0.6684	0.9997	0.8267	-0.0420	-0.8833	-0.5939	-0.2036	0.8946	-0.1305	-0.5690	0.3630	-0.5592	1.0535	-0.0674	0.8581	0.5316	0.3783	0.3789	0.5015	0.6616	-0.2761	1.3081	0.0584	-0.0397	-0.6869	0.4877
-0.1911	0.1525	-0.5628	-0.9326	0.5003	0.1543	-0.1087	-0.6627	0.2369	-0.2483	0.0134	-0.1657	0.0228	-0.5897	0.0629	0.1708	0.1206	-0.4214	-0.1037	0.9791	0.7088	0.0163	0.2740	-0.0701	0.6544	-0.8690	-0.4137	-0.0761	-0.2649	0.1913	0.7616	0.2635	0.1013	0.8755	-1.0593	0.7263	0.0267	1.1057	0.3737	0.5971	0.5566	1.1489	1.6250	-0.7345	0.9418	-0.1881	0.5221	-1.3888	0.3601
-0.5500	0.0495	-0.2295	-0.3258	-0.0586	0.2811	-1.0706	-0.8755	-0.1557	-0.7860	-0.0850	-0.1921	1.0712	-0.4486	-0.4042	0.8829	0.8986	-0.0011	0.8014	-0.4309	0.4561	0.4421	0.3748	-0.1781	0.8977	-0.9671	0.4590	0.3728	0.0286	0.7692	0.1989	0.4784	-0.1103	0.9234	-0.1546	0.7952	-0.7260	0.5313	-0.0174	0.3817	1.0982	2.3087	1.0330	-0.7452	1.8732	0.5955	0.7038	-1.1514	0.3107
-0.5447	-0.8491	-0.6290	-0.1311	-0.1916	0.1675	-0.0890	-0.0060	-0.3680	0.0273	-0.6077	-0.3778	0.1379	0.0220	-0.3942	0.1758	0.3986	-0.6898	0.2890	-0.5773	-0.5651	-0.4316	-0.2089	0.5689	0.7386	-0.1924	0.0810	0.0246	-0.5390	0.5925	0.0594	0.0256	-0.6505	0.1071	-0.6278	0.7014	-0.3280	-0.4726	0.8251	0.7469	0.9116	0.2842	0.6156	-0.9869	1.2077	0.9396	1.4032	-0.5133	-0.5301
-0.8986	0.5665	-0.6409	0.1942	-0.2284	0.3451	-0.8512	0.4470	-0.7025	-0.7187	-0.0778	-0.0715	0.5832	-0.2274	-0.4492	0.7415	-0.1571	-0.5085	-0.6040	0.1287	0.1352	-0.7560	0.4593	-0.7930	0.8970	-0.9337	0.0352	-0.0813	-0.5725	0.1706	-0.0919	0.2924	-0.3156	0.0138	-0.7092	1.0966	0.1047	0.2118	0.1463	1.2364	0.7678	0.4973	0.8528	-0.5932	2.0472	-0.0106	1.4786	-1.0650	-0.0032
-1.0804	-0.8196	-1.4385	-0.1672	0.3089	0.7740	-2.0917	0.5432	-0.1106	-0.8462	-0.2343	-0.6381	0.9641	-0.2167	-1.0054	1.0515	-1.6679	-0.5233	-0.2816	1.0335	-0.3972	-1.0306	0.3658	-0.5674	-0.3352	-0.3790	-0.3856	-0.6233	-0.8775	0.3605	-0.7834	-0.8589	-0.0663	-0.2822	-0.9882	-0.0525	0.0737	-0.1465	1.1614	0.0841	0.1131	0.2685	0.9074	-0.6172	1.0511	0.2540	2.1397	-1.0400	-0.2509
-0.5959	-0.7862	-1.2286	0.5111	0.3758	0.3005	-1.5570	0.7411	0.5451	-1.0267	0.3233	-0.3226	0.9703	-0.0069	-0.6337	1.0411	-1.1122	-0.8849	-0.0312	1.7362	-0.6456	-0.8899	-0.1799	-0.2850	-0.9282	0.0123	-0.3743	-0.2802	-0.2182	0.6592	0.3744	-0.7760	0.5616	-0.0711	-0.4894	-0.2820	-0.5945	0.5400	0.1382	0.2398	0.4996	-0.6291	0.9497	-0.6174	1.2544	-0.1526	0.5946	-0.1556	-0.3458
-0.3380	-0.5748	0.8805	0.8355	0.2756	0.3491	-0.2839	0.5111	0.3088	1.2397	0.0024	0.4641	0.7661	-0.3781	0.6389	1.3424	-0.0669	-0.1463	0.4640	0.0846	-0.8419	-0.3742	1.8451	0.1001	0.2275	1.3647	0.2121	0.5951	-0.3147	0.7807	0.7141	0.5226	0.0081	1.4301	-0.1368	0.0958	0.1263	1.4070	0.8449	0.5291	0.4962	-1.2419	1.5455	-0.1831	0.8037	0.6590	0.5242	0.4728	-0.4010
-0.6093	-0.4651	2.2948	0.0098	0.5759	0.1034	0.4975	1.8237	0.6375	0.5014	-0.1006	0.0180	-0.4517	-0.1000	1.2896	1.2406	0.0708	-0.1419	0.2309	-0.3780	-0.0995	-0.0133	1.6689	0.0395	0.5759	1.5181	0.2955	1.1489	0.3120	1.2201	0.6608	1.0339	1.0206	1.3874	-0.4282	-0.5729	0.6528	1.1829	1.5039	1.0294	0.6481	0.3092	0.8709	0.3459	-0.0187	0.5387	0.1668	0.8391	-0.5022
-0.2538	0.1208	3.0505	-0.6965	-0.1223	-0.4480	1.1227	-0.1376	-0.5281	0.4777	0.3062	-0.0729	0.0683	0.3013	0.8325	-0.6799	0.1361	-0.1765	0.2982	-0.2216	0.1936	1.0887	-0.3088	-0.0757	-0.5587	1.9323	0.1606	0.2635	0.9117	1.0991	-0.0424	-0.4329	1.0902	0.6655	-0.1345	-0.7746	1.6419	0.7072	1.3880	0.4505	0.9511	0.1561	1.0949	0.1425	-0.2061	0.1569	-0.9320	0.6532	-0.4732
0.7936	-0.5543	1.2075	-1.2000	-1.4163	-0.4236	2.7175	0.2714	-0.1449	1.2230	-0.7225	0.0980	-0.7051	0.6530	-0.3591	-1.1960	-0.0350	-0.1132	0.2581	-0.7095	-0.2791	0.0599	-0.5292	0.9915	-0.9500	0.6009	-0.0188	-0.1134	1.0679	0.1001	-0.4452	-0.3409	0.2776	-0.4880	0.6680	-0.8844	0.8861	-0.3454	1.9762	-0.1168	0.1408	-0.7387	0.7626	0.6299	-0.1404	1.1363	-0.0828	0.9128	-1.3186
0.0709	-0.2879	1.2218	0.2901	-1.0725	-0.4556	0.7482	0.7222	1.2579	0.6054	-0.4810	-0.4194	-0.7492	0.8676	-0.8487	-1.0114	0.1297	-0.5622	-0.1286	-0.5277	-0.1831	-0.7383	-0.2684	0.9704	-0.8037	-0.1986	0.1072	0.4276	1.2207	-0.2087	-0.2577	-0.2689	1.5973	0.2018	1.2937	-0.7013	0.4989	-1.5726	0.2606	-0.3094	0.0616	-1.4919	-0.0466	0.0925	-0.4785	-0.6925	0.0819	-0.3239	-1.2948
-0.2603	1.0502	0.6088	-0.1368	-0.9892	-0.4725	0.5444	0.3384	0.2225	1.2047	0.0322	-0.0160	-0.4296	0.9380	-0.2583	-2.3509	-0.2297	-0.3399	-0.3684	-0.8116	-0.4612	-0.6253	0.0753	0.1908	-0.9273	0.0885	-0.4709	-0.3467	0.9276	-0.3075	0.6156	-0.6097	0.7485	0.1983	0.7214	-1.2006	1.0065	-0.2807	0.6203	-0.5615	0.8215	-1.6662	0.4048	-0.1130	-0.2952	0.9624	0.0695	0.3631	0.6627
-0.5272	-0.6807	-0.2664	-1.0201	-1.0072	-1.1116	0.0404	0.8639	0.1115	-0.2890	-0.8047	-0.3304	-1.5288	0.9296	-0.3243	-2.1503	-0.0886	-0.9145	-0.5887	-1.3588	-1.0482	-1.3015	0.2268	-0.3836	-1.1554	-0.6911	-0.2798	-0.1830	0.5273	-0.5346	0.0286	0.2325	0.1463	-0.6481	-0.5196	-0.7913	0.7397	-0.3240	1.0778	-1.2258	-0.0127	-0.6009	-0.7658	-0.4939	-0.6668	0.6807	0.2082	-0.1144	-0.4046