IC05	IC08	IC09	IC15	IC16	IC17	IC18	IC19	IC20	IC23	IC24	IC26	IC27	IC29	IC31	IC33	IC36	IC37	IC38	IC41	IC42	IC43	IC44	IC45	IC46	IC47	IC48	IC49	IC50	IC51	IC54	IC56	IC58	IC60	IC62	IC63	IC64	IC65	IC66	IC67	IC68	IC69	IC71	IC72	IC73	IC74	IC75	IC76	IC77
1.8766	-0.8295	-0.8520	-0.2137	-0.2124	0.2582	1.0529	0.4317	-0.1463	0.0399	0.0056	0.4156	0.1955	0.2738	-1.0185	-0.6995	0.2154	-0.6749	1.5281	0.7944	-0.2687	0.3783	-0.1263	1.1930	-0.4693	1.1117	1.6460	-1.0436	-0.5986	-1.4722	-0.3182	-0.8118	-1.1099	1.7485	1.6840	-1.4044	-0.3183	-1.0200	-0.3545	1.0994	0.2913	-1.2064	-0.7726	1.0934	0.1994	2.0684	1.4434	1.7226	1.7559
1.3082	0.6835	-0.9413	0.3534	0.4660	0.7841	-1.4362	0.4897	1.3845	-0.8780	-0.8797	-0.6910	-0.7036	1.0848	-1.1320	0.3278	-0.4765	-0.1657	1.1977	0.5550	0.3628	0.2452	0.3956	0.4305	-0.0744	0.9376	2.7213	-0.2983	0.6156	0.1789	0.2430	-0.0265	-0.4173	0.4664	1.3586	-0.9139	-1.5752	-1.5193	0.3245	0.9876	1.0966	-0.4622	-1.3159	2.2209	-0.0306	1.2059	0.3931	1.8507	1.5953
1.9723	1.6918	-0.6494	-0.3533	-0.2477	-0.3488	-0.0578	1.0870	0.2124	1.1659	1.5734	0.2763	-0.7107	1.8481	-1.0598	-0.1795	-0.7020	0.0213	1.3984	-0.1756	0.7122	0.2703	-1.2197	-0.4903	-1.4823	0.2002	1.1518	0.0958	2.0575	-0.6944	1.1088	-1.8983	0.4647	0.8943	0.4096	-1.2748	1.6182	0.7920	-0.4564	1.3998	0.4762	-0.3744	-0.1694	1.7064	-0.8678	-1.3657	-1.4600	1.6269	1.3857
1.1133	0.9261	-0.6824	-1.0295	-0.5571	-1.9909	-0.4232	0.9553	1.7458	0.4260	1.1221	2.1956	-1.2863	2.8360	1.1554	-1.6989	0.6388	-0.6814	2.0050	0.0044	0.4641	-0.5458	-0.2872	-0.2950	-2.4796	-2.2552	0.5875	-1.7149	3.6666	-1.0428	2.0922	0.0977	1.9896	1.0270	0.0744	-1.4181	1.3882	-0.6184	-0.8126	1.7340	-0.3550	0.1337	-0.3274	1.9052	-0.8624	-1.0579	-0.5521	1.8023	0.0179
0.2891	-0.4589	0.0399	-1.1570	-1.0368	-1.6406	-0.2965	1.0824	1.3666	-0.1851	-0.1407	0.4464	-0.8295	2.4425	-0.0765	-0.6301	0.6420	-0.1013	2.5428	-0.8459	1.5802	1.2534	-0.8283	0.5068	-2.2248	-1.5920	1.1971	-0.7029	2.2493	-1.4717	0.9412	-1.1198	-0.1205	0.5741	-0.6337	-0.7170	-0.0814	-0.7134	-0.7990	0.3699	-0.9013	-0.2615	-0.6207	-0.6226	-0.5942	-1.2794	-1.5684	0.9045	-1.5020
0.4178	0.7075	-0.5033	0.1980	-1.0163	-1.4457	-1.3832	-0.3024	0.8707	-1.4213	-0.5728	-0.9844	-0.3639	1.7740	-0.0957	0.8305	0.5130	-0.1931	0.9651	-1.1300	1.4703	1.1128	-0.5290	0.7393	-2.0171	-1.2287	0.9214	-0.7646	1.6072	-1.2573	0.0024	-0.4640	-0.9586	-0.0680	-0.3205	-1.3951	-0.7611	-0.3550	0.7478	-0.1152	-0.5275	0.1669	-0.9892	-1.1524	-0.4277	0.7039	-0.1979	0.9507	-1.7428
1.2519	0.6683	-0.7577	0.1220	-1.3834	0.6807	0.2765	0.3715	0.8380	0.6706	1.2751	0.4245	0.4972	1.7457	-0.1162	0.0835	-0.1156	-0.6952	0.2883	-0.6562	-0.1952	-0.8976	-0.8140	-1.0470	-2.0444	-1.5442	0.7301	-0.1690	0.4225	-1.3098	1.0368	0.0401	1.5198	0.1346	-0.4059	-1.6897	0.3186	0.8729	-0.2536	-0.5252	-0.5841	-1.9775	-0.5340	0.4220	-0.8557	-0.6147	0.2825	0.6616	0.0246
0.2724	-0.8793	0.6523	-0.3301	-0.2280	-0.1689	-0.9870	0.3692	1.5323	-0.2437	-1.4162	0.5369	0.1019	1.5978	-0.5614	-0.8586	1.7833	0.0896	1.0745	-0.7109	1.2374	-0.7408	0.0226	-0.5247	-1.4940	-0.1279	1.5520	0.2991	0.5564	-0.9718	2.0047	-0.0977	0.5586	0.3288	0.9725	-0.7192	-0.1042	-1.1416	-0.9977	-0.4986	-0.4552	-0.9642	-1.1607	0.7692	0.7060	-1.5963	-0.4934	0.4271	0.6014
-0.0900	-0.4885	-0.1442	0.0888	-0.0568	0.6798	-0.5683	0.1808	0.7781	-1.3131	-1.0392	0.4158	-0.0173	0.6937	-0.6699	-0.4223	0.5737	-0.6589	1.1646	-1.2217	1.1717	0.0317	-0.7501	-0.6453	-1.4213	0.0879	0.7191	0.1150	0.0238	-0.7599	2.3231	-0.8439	-0.7036	-0.5975	0.3990	-1.1580	-0.2449	-0.5881	-1.4413	0.0672	-0.2822	-0.2237	-0.3559	-1.1543	0.6884	-0.8854	-1.1912	0.1857	0.7256
-0.1031	-0.5627	-0.0320	0.3998	0.2941	0.8684	1.2716	0.2142	1.4265	-0.9786	0.8368	0.8078	0.6261	-0.5707	0.7334	-1.0770	-1.2696	-0.4838	0.2616	1.4487	-1.4920	-1.2290	0.1451	-0.9197	-0.5391	-0.5662	-0.0136	0.5841	-0.3275	0.4555	1.3686	1.5512	1.7502	0.1505	0.2316	-0.4856	-0.2976	0.9185	-1.3667	0.1241	-1.0610	-0.3232	-0.0693	-0.6256	-0.0591	-0.2789	-0.4875	-1.0958	1.0845
0.6319	-0.8573	0.9201	-0.1932	0.5440	-0.3114	0.5529	0.4233	1.1933	-0.2091	-0.3214	0.0286	-0.4052	0.1557	0.0429	-0.6638	-0.2657	0.6211	0.6143	1.2775	-0.8867	0.8720	0.6273	-0.7127	0.2114	0.6535	-0.4518	0.9421	-1.0864	-0.9013	-0.6401	0.4476	0.4565	0.4647	-0.1053	0.4745	-1.9872	0.2007	-0.2080	0.6495	0.4270	0.2630	-0.1093	0.0121	-0.6476	-0.3481	-1.2616	-1.3351	1.2810
-0.1985	-0.6322	1.0900	0.5144	-0.3899	0.0179	0.0429	-0.9449	0.0760	-1.3884	-1.0581	-1.3569	-0.3933	0.2791	-1.4907	0.2977	0.4184	0.3054	0.2378	0.1980	-0.5095	0.0411	-0.2043	0.3831	0.2340	-0.2913	-0.6502	0.4563	-0.9454	-0.9842	-1.9533	-0.5924	-0.0309	0.1646	0.2267	0.2888	-0.6869	-0.6660	0.0575	-0.5137	0.3866	0.7923	-0.1960	-0.8991	-0.4906	-1.9263	-1.7895	-1.4412	-0.0821
-1.0800	-0.7928	0.9027	-0.4760	0.5136	-0.0717	1.2943	0.3507	-0.0300	1.7591	-0.0345	1.1761	0.1709	-0.8794	0.4175	-0.8743	0.3966	0.4411	-0.2319	0.3408	-1.8689	-1.0551	-0.0934	-0.2148	0.2697	-0.6762	-1.3430	-0.5378	-1.0904	-0.8904	-0.6574	0.7942	0.0488	-0.1349	-0.2467	0.3948	0.2197	-0.3828	-0.0671	0.0960	-1.0679	0.5827	-0.4046	-0.4641	-0.4868	-0.6023	0.1329	-1.6743	-0.9763
-0.9090	-0.4565	1.2925	-0.0699	1.4848	0.3660	0.8863	-0.6942	-0.8026	1.5898	-0.9483	0.5489	0.4697	-1.0388	-0.0700	0.0701	-0.4120	0.3479	-0.2153	0.7047	-1.5236	-0.5919	-0.6134	0.2422	0.5786	1.5475	-1.1370	0.0086	-1.6942	0.2092	-0.6504	0.4048	-1.4163	-0.6583	-0.3691	0.7490	-0.4997	-1.0445	-0.1592	-0.6807	-1.2413	-0.1579	-0.2470	-1.2666	-0.4275	0.0921	1.2755	-2.3949	-1.3621
-0.9924	0.0753	0.7491	-0.0465	1.2218	0.6230	0.7991	0.1073	-2.1221	0.3155	0.3500	-0.4054	0.9470	-2.9100	0.2211	0.6511	-1.2503	-0.5153	-1.5762	-0.4378	-1.2405	-0.9335	-0.9668	0.6160	0.5635	0.2282	-1.8581	0.0809	-1.4682	0.3108	-1.2768	-0.4374	-0.7859	-0.1330	0.0216	0.9650	-0.2392	0.9040	0.4112	-0.7280	-0.8683	0.3551	0.8834	-1.0446	-0.2133	0.3852	0.4209	-3.2801	-0.5242
-0.9811	-0.0781	0.3535	0.3355	1.3298	0.7240	-0.1125	0.5684	-0.4044	-0.1051	1.0880	-0.2462	0.5466	-2.3219	0.6597	0.8515	-0.7317	-0.4752	-1.2050	0.5497	-2.5911	-1.6226	0.3923	-1.0834	0.6919	-0.6227	-2.5093	0.4287	-1.2587	1.1121	-1.3248	0.4776	0.8988	0.6369	-0.9259	0.4771	0.0027	0.1751	0.5471	-0.4113	-0.6210	0.9788	1.5646	0.7233	-0.9410	1.1132	1.8579	-2.1250	-0.5292
-0.0363	0.0125	0.4290	0.5037	0.8811	0.3469	0.4310	0.4702	-1.8886	0.5298	0.5640	-0.0626	0.0196	-1.5784	0.1058	1.1081	-0.7190	-0.1617	-1.0606	0.7346	-0.3861	1.3724	-0.2170	0.6233	1.3579	1.2899	-1.6342	0.4367	-0.7545	1.8215	-1.3848	-0.8910	-1.6484	0.7111	-0.7714	0.7709	-0.1520	0.0351	0.3341	0.0588	0.1009	0.9078	1.0227	-0.3265	0.0321	1.2309	1.9883	-1.3546	-0.1943
-2.2095	-0.0472	1.1432	0.6861	-0.5565	-0.4421	1.0802	-2.2387	-1.5555	-0.9055	0.3204	-1.5963	-0.0889	-1.1812	-0.0504	-0.0643	-0.9597	0.0945	-0.9449	-0.1149	0.2376	-0.1368	-0.6971	0.9763	1.3304	-0.3995	-0.2553	1.1897	0.0451	1.0501	-1.6185	-0.7208	-0.6575	1.0452	-0.3081	1.2912	1.6622	0.4778	0.6862	-0.1885	0.1708	1.0500	1.2603	-2.4672	0.5054	-0.5324	-0.8722	-0.4280	-0.7654
-1.0355	-0.0954	0.4007	0.6032	0.1697	0.7516	1.1333	0.1756	-0.7983	2.2435	0.4256	-0.1804	-0.1706	-1.6768	1.1754	0.3474	-0.5417	0.6216	-1.5166	-0.2159	-1.4652	-1.0124	0.9903	0.6485	0.6727	-0.3131	-1.6888	0.0528	-0.1858	1.3197	-0.9807	1.3302	-0.1392	0.0487	-1.0732	1.3425	1.3248	-0.0694	1.3095	0.3703	-0.1775	0.6461	2.0363	-0.9000	-0.0626	2.0608	-0.1531	-0.5420	-0.6189
-1.4919	-0.7944	1.4841	0.9201	0.8042	1.3442	-0.8392	-0.5686	-1.6833	1.2423	-0.4055	-0.9620	0.1409	-2.5131	-0.4828	1.3824	0.5265	-0.1487	-1.7384	-0.3238	-1.2732	0.3688	0.9790	0.3927	1.5362	0.6652	-1.6786	0.0159	-0.9305	2.9391	-1.1225	0.8435	-0.3288	-1.1406	-1.1313	1.9369	0.1389	-0.1098	1.2491	-1.1649	0.2346	0.8141	1.2373	-1.1860	0.1654	1.1124	0.5109	-1.8171	-1.9802
-1.6395	-0.7169	1.4517	1.3155	-0.4504	1.3223	-0.1147	-0.5689	-2.5659	0.0479	-0.0522	-1.7096	1.1242	-2.5831	-1.4669	1.5426	0.5016	-0.9043	-2.3204	-1.6021	-1.7270	-0.1408	-0.4045	-0.7261	1.2223	0.2226	-2.3745	1.0675	-2.0669	2.5410	-1.3352	-0.7927	-0.4623	-1.1174	-1.0653	1.8099	0.4345	0.7241	1.0923	-1.7676	0.4998	1.0056	1.4100	-1.8795	0.5224	0.3698	0.8911	-2.0401	-2.1743
-0.6084	1.5448	0.0594	-0.2344	-1.5002	0.0121	-0.3201	-0.7816	-1.0705	-0.2365	0.6004	-1.0361	1.0628	-1.6992	0.6021	0.1457	-0.7893	-0.3329	-2.4397	0.6133	-1.8114	-2.1862	1.1298	-0.5648	0.8022	0.0432	-1.0964	1.2435	-1.6654	1.7163	-0.0254	1.8356	1.2930	-0.7650	-0.5026	2.0536	0.9401	0.8887	0.3431	-0.3583	0.3556	-0.2232	1.3829	0.4045	1.3180	0.2817	1.6888	-0.5876	-0.6246
-0.1036	1.8158	0.6177	-1.0168	-0.4472	-1.1822	-0.7268	0.2332	0.7032	1.3148	-0.2540	-0.4865	0.0106	-0.6612	0.2050	-0.3140	-0.1408	0.8877	-0.4010	1.3261	0.1784	0.2980	1.6985	0.0477	0.9512	2.0398	-0.8741	1.3379	-0.4986	0.8272	-0.3549	1.1851	-0.0198	-0.3402	0.3181	1.2547	0.9755	0.4371	0.1490	0.4219	1.2486	0.9716	0.6362	1.2012	-0.2002	-0.0862	-0.7529	0.6638	0.1930
-0.5157	1.5915	0.2542	0.8944	-0.1819	-0.2904	-1.4291	-1.1356	0.2468	-0.0638	-0.2794	-0.7063	0.5640	-0.3449	-0.2470	0.7366	-0.4544	0.7117	-0.7981	-0.0779	0.8624	1.5141	2.0656	1.4338	1.0502	1.4739	0.6737	0.7296	0.1609	1.1348	-0.6024	0.8606	0.1974	-0.7616	0.4254	0.7367	0.4698	-1.6595	0.6254	-0.3449	1.6701	0.4267	-0.2249	1.2470	0.4946	-0.0154	-1.9020	0.7073	-0.0111
-0.8644	0.3766	-0.7864	-0.6090	0.1363	0.6570	0.7044	0.2084	-0.6475	1.0525	0.2887	0.8702	-0.0334	-1.2601	0.5478	0.1226	-0.2310	0.0582	-1.7934	-0.8640	-0.7039	-0.6933	0.7858	0.1471	1.1395	-1.1860	-0.4394	0.1193	-0.5713	0.6206	-0.3018	0.0458	0.7794	-1.4114	-0.9930	0.6304	1.0199	0.4232	0.2610	-1.3717	0.3804	-0.2115	0.9559	0.1382	0.8796	-0.3750	-0.3546	0.0289	-0.4110
-0.7327	-1.3867	0.2053	-0.3635	0.3979	-0.1126	0.8515	-1.3833	-2.3173	0.9879	-0.3458	-0.4032	-0.4136	-2.3162	-0.0956	0.1805	0.3714	0.0377	-1.8756	-0.4136	-0.5939	-0.2921	0.6758	1.1966	1.7721	0.6683	-1.6946	-0.4499	-1.3209	1.0984	-1.8103	-0.1378	-0.5081	-1.8514	-1.0203	0.7861	0.0495	0.1872	-0.0602	-2.1779	-0.6374	0.3598	0.3836	-1.5891	0.3765	0.3102	0.6531	-0.5273	-0.4711
-0.0197	-0.8538	-0.1923	0.2489	-0.5488	-1.0608	0.5302	-0.5784	-2.6304	0.1030	0.2798	-0.7935	1.0359	-2.2917	0.3514	0.2153	-0.3331	0.1699	-2.3349	-0.4822	-1.1628	-0.6594	0.1576	-0.2897	1.5066	-0.9550	-1.3049	0.6495	-1.3623	0.5532	-1.4495	-0.2982	-0.4023	-2.0090	-0.7840	0.5860	-0.2003	1.2713	-0.0437	-1.8555	-1.4151	-0.0689	0.2719	-1.1266	-0.3570	-0.2145	0.4055	-0.3559	-1.5819
-0.4254	-0.9297	-0.0279	-0.0210	-0.1112	-1.8721	-0.5769	-0.4329	0.7324	-0.3428	-0.0784	-0.1279	0.2055	-0.9932	1.5401	0.4649	-0.4722	0.7439	-1.5025	-0.1894	-0.9480	-0.2168	2.0064	-1.8168	1.1927	-0.2424	-0.8387	0.8310	-0.0691	0.0597	-0.5783	1.5638	0.2221	-1.8270	-1.7086	1.1085	0.0007	-0.0333	0.1710	1.0196	-0.9340	0.4344	-0.1424	0.2698	-0.6603	-0.1756	0.7209	0.0170	-2.3831
0.3856	-0.6047	0.0645	0.2218	0.4416	-0.3839	-1.1055	0.1282	-0.2134	-1.2405	-1.1751	-0.8152	-0.4884	-0.2275	0.5095	1.2922	-0.6761	0.0352	-0.9575	-0.3347	1.0345	1.9831	1.0939	0.6593	1.6390	2.1179	-0.3618	-1.0849	0.5511	1.1873	-0.1780	0.9898	-0.4533	-1.0293	-0.6289	0.7909	-0.3824	-0.7031	0.9769	0.0756	0.1022	0.6388	-0.5085	0.0945	-0.0238	2.6017	1.4433	0.2701	-1.2000
-0.2538	-0.0992	-0.4232	-0.3994	0.1199	-0.7628	0.4903	-0.4679	-0.2519	-0.6140	-0.0123	-0.2104	-0.5519	0.0916	0.0867	-0.0654	-0.8197	0.0040	-0.3664	0.4113	1.0974	-0.0358	-0.6843	-0.1038	0.7040	-0.5683	0.7564	-0.5221	0.2901	-1.3737	0.1775	-0.5317	2.3766	0.0390	0.5323	0.1259	0.0206	0.1952	-0.6730	-1.4001	0.0378	-0.6283	0.5958	-1.0021	0.7691	0.9420	2.1373	0.2503	-0.3019
-1.0140	-0.3160	-0.0652	0.3896	0.3467	-0.5489	-0.7907	-0.7995	0.4632	-0.0127	0.1234	-0.1457	-0.7624	0.1553	-0.0206	-0.0919	0.4358	0.2009	0.3411	-0.7687	1.9706	0.8696	0.5515	-0.7682	0.5087	-0.3401	0.9591	0.1864	0.7501	-0.4299	0.5850	0.0021	0.1558	-0.7626	1.3380	-0.1502	-1.2293	-1.1307	-0.3730	-0.7330	0.6042	-0.2149	-0.4017	-0.1679	1.0436	-1.3562	0.4331	0.7610	0.3913
0.1214	-0.2094	-1.8224	-0.0375	-0.4804	0.5610	0.2770	0.1533	-0.7576	-0.6599	-0.0353	-0.8719	-0.5909	0.5250	-1.8629	0.6755	0.2939	-0.1160	0.6259	0.1930	1.6330	0.7950	-1.3725	0.3952	-0.0993	-0.2144	-0.2266	0.4306	0.5807	-0.4649	-0.0982	-1.9494	-0.5705	-0.1190	1.2590	-1.1329	0.1909	0.4571	-0.7238	-1.5628	-0.0819	-0.2195	-0.7312	-0.6117	-0.8546	-1.3730	-0.9242	0.8522	1.0611
-0.3132	-0.9638	-1.4030	-1.2726	0.1710	-0.9484	-0.8056	0.2110	2.0033	-0.6145	-0.9817	0.1715	-1.2300	1.3055	-0.2610	-0.5231	1.4417	0.8688	1.1083	0.7440	1.5297	0.3160	0.6969	0.6410	-0.0879	0.6351	0.9035	0.0126	0.6229	-1.4262	0.1519	0.6921	0.4968	-0.2542	1.0269	-0.0716	-0.3785	-0.4908	-1.3158	-0.4006	0.0383	-0.1718	-1.0406	-0.4629	-0.6017	-0.4744	-1.7200	1.0898	0.5206
-0.2765	-0.7517	-1.9602	-1.0017	0.6596	0.2222	-0.7467	0.5988	0.8299	-1.1729	-0.8695	0.4845	-1.0598	1.5966	0.2496	-0.1920	0.7606	0.9667	0.7471	0.0471	1.9988	1.7129	1.0172	0.1907	0.3018	0.6979	0.4241	-0.9728	0.1382	-0.6258	-0.1870	2.2560	-0.6149	-0.4453	0.3814	0.8077	-1.8730	-0.2535	-0.6572	0.7485	0.2494	0.7710	-1.0749	-0.3521	-0.5159	0.6651	-1.4282	1.0678	0.6006
0.6753	0.4466	-1.9625	-0.7787	0.4655	0.6885	0.6812	-0.5357	-0.0829	0.3840	1.6704	0.7265	0.8930	1.6079	0.2693	-0.5193	-0.5244	1.1774	0.0991	1.8722	0.6023	-0.1303	0.3786	-0.5406	-0.3067	-0.0785	1.4655	0.2439	-0.5658	-0.0248	0.7863	1.0020	1.1276	1.1632	0.1667	0.5687	-0.4750	1.6581	-1.3949	0.9225	-0.3806	-1.9359	-0.2951	0.3941	-0.0529	0.4610	0.1768	1.0045	1.9328
0.1163	0.7330	-0.8120	-1.3751	0.1721	-0.9901	-0.9948	-0.1331	1.1412	-0.3797	-0.3601	0.3452	0.6599	2.0984	0.7807	-1.7372	1.6002	2.7533	0.5416	-0.1067	2.2867	1.8402	0.6184	0.1373	-0.4822	0.1098	1.4227	-0.4499	0.5013	-0.4489	1.0975	-0.2511	-1.5975	0.6678	0.5976	0.0141	-0.3184	0.8971	0.3591	1.0990	1.4700	-0.1034	-0.1607	0.0342	0.5472	-0.4314	-1.2167	1.5137	1.6758
-0.0087	0.5766	-1.5841	0.5958	0.8526	0.4876	0.0025	-0.9268	0.2926	-1.0379	-1.3083	0.0030	0.4118	1.5676	1.1754	-0.4699	1.5004	1.6244	0.4226	-1.3542	2.1074	0.9877	-0.2682	1.3914	0.0891	-0.1117	1.4862	-1.5084	0.3521	-1.0506	0.6874	-0.2967	-1.3849	1.2775	0.8828	-0.7980	-1.6485	-1.2050	0.1414	0.1154	1.7241	-0.1185	-0.3862	0.0164	0.8697	0.6899	-0.1328	1.0250	0.6577
-0.4127	1.1804	-1.0286	0.8740	0.1685	1.3555	0.9647	0.5558	0.0322	-0.4870	0.9359	1.3394	-0.3849	-0.3978	2.8743	-0.4988	1.2443	-0.2581	-0.7232	-0.7927	-0.2822	-0.0983	0.2850	-1.0238	0.2766	-1.9736	-0.1123	-0.4771	-0.1650	-0.4075	1.5495	0.4863	0.3489	-0.3432	-0.1436	-0.2279	-0.2546	0.4087	-0.2263	-0.1940	0.8347	-1.3093	0.5425	0.0258	0.8233	0.6296	0.2615	0.3646	0.7734
-0.7164	1.5136	-0.8407	-0.1080	-1.0444	1.1096	0.7960	0.6921	-0.2892	-1.3499	-0.8988	-0.6074	-0.1707	0.0805	-0.1245	-0.4893	1.2561	0.0019	-0.4886	0.1876	-0.1140	1.2169	1.0935	0.4562	0.3837	-0.1018	-0.3072	-0.7394	-1.3905	-0.0443	-0.7161	-0.1751	-0.9319	-1.6094	-0.3510	-0.1912	-0.0363	-0.3758	0.7774	-1.2973	1.5648	-0.2560	0.0440	0.5035	0.3390	1.2336	0.8244	1.2081	1.6181
-0.7646	2.1649	-1.3549	-0.8041	-1.0476	-0.0148	0.7885	0.8460	0.9044	-1.5442	0.0619	0.5835	-0.4199	0.1571	0.5651	-1.7187	0.4676	-0.1448	-0.8158	1.7929	-0.7654	-0.3850	0.9196	-0.8963	0.4338	-0.8011	-0.1681	-1.5509	-1.2985	0.4120	-0.0760	1.4617	0.9923	-1.8140	-0.2146	0.0976	-0.0366	1.2516	0.8080	-0.3528	1.4567	1.0065	-0.0052	1.8542	0.4067	0.6528	0.7538	1.3271	1.8204
-0.9949	0.3015	-0.7778	0.7113	-0.6419	0.7699	-0.6003	0.5700	0.2783	-0.6770	-0.4263	-0.2283	-1.2406	0.5679	-0.4238	-0.5209	-0.3058	0.4489	0.4231	1.5249	0.5737	0.4929	-0.6251	-1.1076	1.4733	1.7693	1.0190	-0.2977	-1.3097	0.3086	0.0087	-0.0234	-0.3797	-1.3111	-0.0321	0.3984	-0.3492	0.8831	-0.0199	-0.0211	0.9989	1.3077	-0.2830	0.9009	1.2019	0.0914	0.1660	1.2137	0.8270
-0.6096	-0.6211	0.0329	0.8152	-0.6331	1.0360	0.1903	0.3114	-0.6430	-0.0415	0.3173	-1.4043	-0.3297	-0.4909	-0.3030	0.5293	-0.6801	0.4334	0.0134	1.4732	0.3756	-0.8923	-0.9835	-0.5984	1.3758	1.9887	1.1501	0.5775	-1.2569	0.5851	-0.6644	-0.7715	0.3097	0.4718	0.6232	0.3271	0.4237	1.7830	0.2176	-0.3740	0.0663	0.8282	-0.1074	0.3856	0.9733	-0.2150	0.1314	0.4300	-0.1272
0.8931	-1.3119	0.6025	-0.1784	0.5249	-0.5208	0.4814	1.5413	0.9041	1.6050	0.1652	0.8054	0.1193	-0.1017	0.9453	0.5627	0.4101	0.3732	0.5153	0.2457	0.6517	-0.5002	0.3115	0.2900	0.6508	2.7736	-0.1473	-0.1520	-0.0533	-0.8889	0.3024	-0.2375	0.1000	0.1344	0.9520	-0.3422	-0.0013	1.3529	0.9487	1.0336	-0.2979	0.4946	-0.3058	0.6444	0.1634	0.9221	1.1059	0.9962	-0.1207
1.7276	-0.6444	0.8474	1.2461	1.3784	0.5079	0.1730	0.4468	0.7321	0.0728	-0.2455	1.1656	0.9667	1.1558	-0.6358	1.0602	0.2308	-0.5109	1.3166	0.6332	1.7869	-0.2564	-1.6906	1.3678	0.0042	2.6305	0.4165	-0.0103	0.8740	-0.8532	-0.3525	-1.8873	-0.7774	0.7685	1.3514	-1.2049	-0.6067	0.4236	0.6449	1.2157	0.1206	-0.4120	-0.3773	0.1773	-0.0685	0.3964	0.2028	1.0985	0.7775
2.3611	-0.2833	0.8237	0.1611	1.2039	0.0579	-0.5502	0.4327	-0.3300	0.3493	1.5812	0.5810	0.0072	0.7544	-0.4610	-0.2212	0.1298	-0.5339	1.3736	0.4043	2.0387	0.0484	-2.6788	0.9364	-0.0954	-0.7746	1.6610	0.2054	1.2216	-1.2687	0.7481	-2.0454	-0.0292	1.5808	1.9372	-1.4691	0.6981	1.9689	0.6090	1.0007	-0.8379	-1.2135	-0.4774	1.2638	-0.0017	-0.8424	-1.7650	0.6643	1.2018
1.8075	-0.2845	0.2621	0.1558	1.5920	-0.2409	0.1531	0.0049	1.5060	0.7519	1.9352	1.8354	0.1109	0.9640	1.4232	-0.5424	-1.2290	-0.7056	1.1074	-0.6985	1.0095	-1.1597	-1.1261	-1.3537	-0.6490	-2.0371	0.6345	0.0804	2.2328	-0.6119	1.2103	-0.2478	0.6815	1.6611	0.8139	-1.9772	0.8043	0.1582	0.7630	2.2839	-1.1735	-1.4342	0.0973	1.8830	-0.5891	-1.6569	-0.1411	1.0418	0.6041
0.5938	0.1071	1.5444	-0.0922	0.7944	-0.9017	-0.8059	-0.7880	0.1716	0.3841	1.1031	0.1243	0.3494	0.4251	0.8010	0.3944	-1.8355	-0.3445	0.9583	-2.5444	1.4099	0.1815	-0.9386	-1.4060	-1.0329	-0.7430	-0.2029	0.8915	2.3648	0.5533	1.1236	-0.5289	-1.1528	-0.3924	-0.3737	-0.7935	0.3645	-1.0322	0.6550	1.2536	-0.0345	-0.8182	-0.4772	-0.4570	-0.3819	-2.4384	-0.2229	0.2801	-0.6225
1.2124	0.9271	1.7355	1.1555	0.8972	-0.2623	-0.4343	-0.7986	-0.5752	-0.7307	-0.4911	-0.1417	1.4226	0.6657	0.1842	1.7687	-1.5334	-1.9019	1.5626	-1.7146	0.0788	0.6456	-1.0308	0.9576	-1.3222	0.0790	-0.0928	1.1442	1.5679	-0.1577	0.6865	-0.0896	-1.2133	0.2563	-0.9509	-0.6750	-0.3738	-1.8297	-0.7193	-0.6171	0.9918	-0.9320	-0.9024	0.0398	-0.7652	0.4296	1.4758	-1.0090	0.3112
1.5721	1.4982	1.2513	0.7028	0.3995	-0.1354	0.1057	-0.0739	-1.2323	1.3222	1.5931	-0.3468	1.4235	0.4533	0.4099	1.5183	-1.1205	-2.1003	0.7249	-1.3339	-0.6799	0.6439	-1.3323	0.5550	-1.3415	-1.1457	-0.4492	0.3052	0.9347	-0.1486	1.5819	-0.8048	-0.4496	1.0781	-0.3532	-0.3023	1.4932	0.3744	-0.1191	-0.9636	0.1411	-1.2699	-0.4818	1.3301	-0.9743	-0.6075	-0.3015	-1.2148	0.7529
0.7875	1.0813	0.1385	-0.5104	0.5074	-1.1611	0.2424	-0.3841	0.4609	1.4373	0.4579	0.8982	-0.0016	0.4806	0.8329	-0.1944	-0.4577	-0.6868	0.4822	-1.1030	-1.4661	0.3485	1.0881	0.2546	-1.5282	-1.5417	-1.8808	0.4414	1.1978	-0.7624	1.9032	-0.3391	0.1251	1.1449	-1.0365	-0.7892	1.8155	-1.3554	-0.8598	-0.3238	0.0523	-0.8279	0.6264	1.2343	-1.4101	-0.4333	0.6442	-0.7336	0.0267
0.7162	1.1760	0.1982	0.3277	-0.1014	0.0695	-0.4584	-0.8402	-1.0366	0.7120	0.3916	-0.3814	-0.4020	-0.6340	-0.2718	0.3586	-0.2886	-0.4008	-0.6305	-0.0064	-0.4459	1.9610	1.3412	1.3555	0.3581	0.5708	-1.1616	0.3496	-0.2246	0.1775	0.7045	0.2051	-0.8113	0.2301	-0.6991	-0.5060	0.9198	-1.0327	-0.1910	-0.7148	1.1342	-0.1419	0.4072	0.8134	0.2674	0.8185	1.2541	-0.0760	0.9348
0.6926	1.1454	-0.7470	0.0957	-1.3086	-0.0780	-0.0902	-0.3497	-1.2944	0.8557	0.0811	-0.7443	0.6932	-0.2053	0.1609	0.6586	-1.5875	-0.2544	-0.7995	0.1526	-1.3926	-0.3377	-0.1148	0.6550	0.0054	-1.2193	0.1324	0.3082	-1.0563	-0.0273	-0.7486	1.0250	1.4255	-0.2606	-0.9501	-0.6839	0.8075	0.3794	-0.9746	-1.0304	0.0074	-0.4028	0.5100	1.0712	0.3850	-0.7055	1.0160	-0.2938	0.0601
-0.5614	-0.4849	0.4272	-0.9087	-1.0000	-0.5082	-1.7863	-0.8846	0.2167	0.4613	-1.5941	-1.0258	1.0904	0.3526	-0.3018	-0.1008	0.7883	0.0567	0.3258	0.1807	-0.0727	-0.4130	0.4141	0.2405	-0.7274	-0.1207	0.5395	0.3012	0.0217	0.7005	-0.5279	1.0108	-0.2175	-0.2365	0.0490	0.5555	0.8510	-0.2564	-1.2077	0.0164	-0.4194	0.1499	-0.5550	-0.6354	0.6609	-0.4650	-0.5571	0.6207	-0.3358
0.0585	-0.3380	-1.0931	0.1229	-1.3447	1.7518	-1.4123	-0.7528	0.0019	-0.4239	-1.0797	0.0530	1.5929	0.3566	-1.5955	0.6854	0.5902	-0.3438	-0.0107	-0.4211	0.5041	-0.6091	-1.1565	-0.8732	-0.7690	0.3302	-0.0300	-0.7448	0.2423	1.0180	-0.1446	0.3418	-0.2750	0.2703	0.1276	-0.4908	-0.1445	0.1761	-0.6176	1.0027	0.6509	0.0365	-0.5823	-0.4780	0.4775	0.7147	-0.7535	1.2226	-0.5634
0.2336	-0.6346	-0.6126	0.2303	-0.6507	0.6946	0.3174	-0.6736	1.4315	-0.9429	-0.0668	1.4200	0.3236	0.4941	-0.6268	-1.4155	0.9706	0.0407	0.2637	1.4217	-0.7071	-1.7132	-0.2573	-2.1058	-1.1092	-0.0174	0.4301	-0.0345	0.5177	0.2374	0.4207	0.7191	1.1530	1.3471	-0.0411	-0.3047	0.2389	0.2416	0.2306	1.2978	-0.0623	-0.7502	-0.5322	1.1891	-0.1807	-0.0789	-0.5777	0.7739	-0.4898
0.7502	-1.5360	-0.4134	-0.0348	0.0475	0.3712	0.5642	0.6984	-0.2037	0.1541	-1.0954	1.2372	-0.0330	-0.0247	-0.9228	-0.5658	0.8153	-0.4328	0.5764	1.0866	0.6047	0.2196	-0.3298	0.4295	-0.3946	1.6419	1.2906	-1.1324	0.1451	-0.4622	0.1110	-0.7011	0.0908	0.8818	0.1551	-1.0341	-0.5013	-0.7457	0.6944	1.1607	-0.5744	0.1648	-1.0501	0.6964	0.7721	1.7780	-0.4899	0.4952	0.5345
0.6873	-1.1889	-0.2106	-0.5349	-0.0716	-0.4510	1.1596	1.9677	-0.4812	0.5185	0.3359	1.4575	-0.2628	0.1329	-0.2177	-0.8098	-0.0584	-0.8105	0.2748	1.8944	-0.3881	-1.8090	-1.0961	-0.3696	-0.1591	-0.6966	1.7771	-1.6354	0.0025	-1.0548	0.3540	-1.1173	2.5858	1.8422	0.7543	-1.3899	-0.4148	1.4033	0.4800	0.7538	-1.1791	-0.0570	-0.0370	0.6744	0.4952	0.5236	0.2197	0.0491	0.7551
-0.6239	-1.3076	1.1931	0.2065	-0.5881	0.5039	-0.2372	1.5331	-0.0989	0.0177	-0.7109	1.1618	-0.4160	0.3247	-0.4477	-1.1285	0.5691	-0.7553	0.8946	-0.8744	-0.0256	-0.3443	-0.2878	-0.9360	-0.4764	-0.4594	2.2948	-0.7582	0.7428	0.7686	0.1409	-0.3970	-0.3395	0.9955	1.6750	-0.7829	-1.3431	0.3544	0.1212	1.9959	-1.1338	0.7181	-0.8212	-0.2164	1.2342	-1.7525	-1.0155	0.1945	-0.0866
-0.9105	-0.4769	0.2611	0.7314	-0.4142	1.8574	-0.5260	-0.7961	-0.1645	-1.2965	-1.6657	1.1150	-0.1059	0.8640	-1.5739	-0.7615	0.3583	-1.3615	0.5308	-0.9854	-0.4657	-1.2353	-1.2484	0.3130	-0.8976	-0.7033	1.3438	-0.8829	0.1690	-0.2510	-1.1329	0.2798	-1.0946	0.9842	1.4028	-1.5558	-2.1930	-1.0031	-0.2442	1.8145	-1.0528	1.3674	-1.2512	-0.5248	0.5806	-0.9648	-0.9529	-0.1965	-0.8344
0.1413	0.2008	0.4318	0.1544	0.1864	0.7263	0.7130	-0.3410	0.7897	-0.3945	0.1132	1.3376	-0.8276	1.1616	-0.1161	-2.6567	1.1216	-0.4352	0.4745	0.5307	-1.6205	-1.1129	-0.6503	0.2111	-1.2622	-1.3457	0.7956	-0.6821	0.4519	-0.1697	0.1380	0.7854	-0.1474	1.0617	0.7711	-0.3174	-0.4218	-1.1675	-0.8895	1.9799	-2.0443	1.0079	-1.4646	1.0295	-0.6921	-0.0765	-0.7404	-0.7302	-0.1494
0.8964	-0.0439	0.2950	0.9770	0.1346	1.0487	0.3818	-0.2589	0.4976	-0.7944	-0.9362	0.3065	0.2683	1.4956	-1.0481	-0.6563	0.2801	0.4740	1.5723	0.2737	0.0436	0.1411	-1.9224	0.7369	-0.9697	0.5648	1.1084	0.5172	0.0545	-0.3455	-0.5153	-0.8616	-0.8562	0.6563	0.1432	0.3108	-0.7408	-1.3960	-0.5870	2.2192	-1.1883	-0.2561	-0.9039	-0.5297	-0.3196	-0.4083	-0.5479	-0.8405	-0.1768
0.2762	1.0430	0.0132	0.9916	0.8032	0.5313	-1.7786	-0.1769	0.7512	-1.0855	-1.0057	-0.7096	0.0792	0.6556	0.0545	1.3154	-0.1153	1.1519	0.7713	-0.9012	1.0532	0.4870	-0.6462	0.4018	-0.9034	0.3347	0.3053	-0.0756	0.8205	0.3498	-1.0966	0.4923	-1.6876	-1.1382	-0.2487	0.4654	-1.6537	-0.2700	1.7373	2.3346	0.7279	0.1176	-1.0305	-0.1026	-0.2169	-1.3628	-1.0973	-0.9268	0.6472
0.6822	0.6348	0.4731	-0.3386	1.5705	-0.1145	-0.0956	0.6507	-0.4328	1.3218	1.2422	-1.4115	0.6532	0.0547	0.7724	2.1008	-0.5054	1.6577	1.0297	-0.0271	0.0549	1.3495	-0.6057	-0.4506	-0.4260	0.2288	0.0298	1.6629	1.2160	0.1640	-1.0759	-0.7067	-1.0543	0.3370	-0.8388	1.1377	1.6924	1.2388	1.3934	0.9825	0.2937	0.4830	0.5300	0.8351	-0.5178	-0.7666	0.1426	-0.5643	1.6651
0.0601	-0.5951	0.2239	-1.3134	0.6386	-1.1758	-0.4078	0.8358	-0.2447	1.1949	0.4391	-0.4935	0.8329	-0.6255	1.0414	1.8233	-0.0189	1.4113	0.1162	0.0349	0.2539	1.3052	0.6245	1.7187	0.4887	-0.3396	1.2926	1.5539	1.3727	0.9438	-0.5576	0.5571	0.9970	0.8513	-0.1274	1.6142	2.1950	-0.0924	1.1656	0.3355	0.2727	1.4463	1.0397	0.3406	1.2622	0.6278	0.6306	0.1445	0.4809
-0.9751	-1.3978	-0.8477	-0.1759	-1.4769	-0.1197	1.9411	-0.1953	-1.6910	-0.6874	0.4876	-0.7087	0.3663	-0.7651	-0.0389	0.8905	-0.6834	-0.2108	-0.8780	-1.2012	0.0234	-0.0062	0.7440	0.6036	-0.0118	-0.5111	0.1447	0.4663	-0.2724	1.1756	-0.0879	-0.5738	0.1162	-0.0550	-0.1075	0.0538	1.5978	1.2794	-0.2157	-0.2722	-0.3527	0.5117	1.2522	-2.0339	-0.0740	-1.1920	-0.5849	0.0540	-0.2844
-0.7050	-1.7621	-0.2138	-0.6678	-0.7697	-0.7295	0.3487	-0.0312	0.7075	0.7346	-0.6945	-0.2988	-0.8393	0.5169	0.5365	-0.8107	0.4629	0.4774	-0.0537	0.6652	-1.1799	-1.0746	2.3180	-0.2889	-0.5714	-0.3723	0.7585	0.6283	-0.5296	0.6816	-0.1674	0.0388	0.4260	-0.3401	-0.3796	0.7215	0.3430	-0.1805	-1.1330	-0.3207	-0.7027	0.0166	0.0475	-0.1233	-1.0862	-0.5601	0.5221	0.7770	-0.9117
0.0883	-0.8430	-0.1551	-0.0849	-1.0676	-0.0105	-0.2958	0.5162	0.2029	-2.0718	0.4226	-0.6437	-2.0591	-0.1288	0.0943	0.0845	0.4990	-0.0563	-0.6064	-0.7104	-0.3913	0.5887	0.9133	-1.9322	-0.1052	-0.1370	0.5510	-0.2848	-0.0974	0.2729	0.0320	-0.4777	0.1014	-2.2126	-0.1922	0.7031	-0.5927	0.2695	0.2241	1.2114	0.1477	1.1005	-1.0577	-0.8370	-0.5903	-1.3376	-1.1811	0.0925	-0.6646
-0.1112	0.0249	0.3965	0.5046	-0.4042	1.0191	1.2101	0.1286	0.9921	-2.3009	0.9186	1.0145	-0.9116	-0.1674	0.7536	0.3418	-0.1022	-0.6296	-0.1447	1.3471	-1.7620	-2.0591	0.3414	-2.2228	-0.7183	0.0882	1.1252	0.5795	-0.0594	-0.1550	1.4876	0.1844	1.6826	0.3594	-0.9241	1.1531	-0.0785	1.0465	-0.5284	1.4087	-0.3729	-1.4774	0.3232	0.2399	0.0931	0.7134	0.2311	-1.5388	0.2497
-0.1340	-0.1621	1.3864	0.3424	0.0913	0.0809	0.5623	-0.2188	0.0638	0.5398	0.2159	-0.3276	0.0584	0.3437	-0.0771	0.6867	1.8128	-0.1877	0.6807	0.6351	-0.0674	0.5646	-0.3456	-1.2092	-0.5413	1.1083	-0.0949	0.0460	0.4802	-0.1939	0.8365	-1.3067	-0.4429	1.4049	-1.1088	1.5650	-0.7384	1.6583	2.0773	0.9849	0.6378	0.0730	1.0897	-0.3900	-0.1573	1.5952	-0.2804	-1.5112	0.5054
-0.5691	-0.5002	1.2466	0.4950	0.7876	0.0944	0.1820	-0.1551	1.2262	1.2022	-0.5371	-0.2538	0.9837	1.6349	0.8415	0.7623	2.1035	1.3626	0.5559	0.1380	0.2473	1.3915	-0.8797	-0.4608	0.1480	0.2592	-0.8531	0.1851	-0.0207	-0.2828	0.8277	0.1660	0.6597	1.0138	-2.2329	1.5947	-1.1030	0.4858	2.0070	0.3570	0.3887	0.7692	2.0748	-0.4851	0.8094	0.7563	0.5057	-1.1466	-1.2682
0.6133	0.2247	0.9864	0.7036	0.1174	0.2370	-0.3292	0.2552	0.4102	0.1179	0.2849	0.1135	1.4512	-0.0555	0.4099	1.9228	0.7887	0.9337	-0.9777	-1.6653	0.2611	1.4547	-0.0411	1.8536	-0.0807	-0.5193	-2.1392	-0.6449	0.1583	0.8390	0.6982	0.4328	-0.4185	-0.1046	-2.7307	1.3511	-0.6641	-0.3292	1.1870	-0.8007	0.8675	-0.3303	1.9683	0.3754	1.2157	1.7604	0.4653	-1.2946	-2.2679
0.8831	0.3964	1.4826	0.4894	-0.4270	-1.1677	1.1629	-0.6200	-0.3119	0.1566	1.1013	-0.5189	1.8892	-1.0461	-0.0624	1.5326	-0.4945	-0.8963	-1.2011	-1.4349	-1.1163	-0.3020	-0.3870	0.4229	-0.2777	-1.3161	-2.9165	0.6994	0.2934	0.3898	1.2986	-0.7265	-0.1628	-0.0518	-3.3615	1.0940	1.0966	-0.5849	0.0082	-2.5777	-0.1039	-1.2079	2.5109	-0.5511	0.2909	0.6409	1.1340	-1.9104	-1.1072
0.0823	-0.0241	1.1352	-0.0269	-1.9586	-1.4655	0.5282	0.0292	0.5243	0.7124	0.9238	-0.6602	1.2756	-2.4021	0.7710	0.8256	0.0604	-2.5998	-0.9281	-1.9828	-1.5265	-1.0939	0.4893	-0.6455	0.3243	-2.6866	-2.5348	0.3728	0.3485	0.5474	1.8631	-0.4852	0.8230	-0.4724	-2.5502	0.8097	0.9813	-0.6215	0.6420	-1.7548	0.1078	-0.9499	2.1939	-0.4653	-0.1458	0.1607	1.8383	-1.5888	-0.1767
-0.0757	0.1804	0.4959	-0.9115	-2.7133	-1.3164	-1.4163	-0.5425	0.1580	-0.2184	-0.0391	-1.4178	0.0169	-1.4826	-0.9097	0.0374	0.1407	-1.8114	-0.2014	-0.9787	-0.5353	-0.6020	0.6659	0.0124	1.0940	-1.1635	-1.4511	0.7046	-0.2665	0.2010	0.5563	-0.3723	0.1770	-0.9117	-1.4966	-0.5264	-0.2231	-0.2570	0.9511	-1.7927	0.9779	-0.1047	1.1509	-0.4621	0.1067	-0.0833	2.0984	0.3279	0.5184
0.2624	1.9337	0.4577	-0.9607	-2.1515	-0.3174	-0.2665	-0.1776	-1.4989	0.4083	0.9235	-1.6062	-0.5708	-1.5738	-1.1346	0.0207	-0.3377	-1.0972	-1.1469	-0.9312	-1.0153	-0.3665	0.9996	0.5462	1.1468	-0.1199	-1.5735	-0.8369	-0.8577	0.5791	-0.0958	-0.8358	0.3967	-1.1778	0.7534	-0.7859	1.4479	0.6777	0.8763	-2.1056	0.9232	0.9507	0.7166	-0.5407	0.8018	0.5905	0.9223	0.2170	0.5742
-0.7231	0.2586	-1.0472	-1.5699	-1.5018	-1.5442	-0.3671	-0.1309	0.4644	1.2748	-0.9363	0.5654	-1.5799	-0.7528	-0.1985	-1.2796	-0.0560	-1.5494	-0.8588	-0.1589	-0.5841	-1.6422	1.6806	1.1627	0.5383	1.3084	-0.7378	-1.1404	-1.3423	-1.1982	0.3923	0.1128	0.4191	-0.7469	0.5428	-0.9147	0.7907	-0.2634	-1.5050	-1.7076	0.4839	-0.2038	0.3754	-0.1244	1.1594	0.3966	1.5223	0.5229	0.0353
-1.2395	-0.0998	-1.0077	-0.5078	-2.2753	-0.0233	-1.5289	-1.2119	0.4502	-1.7353	-0.7530	-0.2052	-2.7168	-0.3181	-1.6863	-0.7983	0.5889	-1.2758	-0.5192	0.1867	0.9352	-0.5345	0.2817	-1.8286	0.3296	1.1768	-0.7164	-2.0444	-0.7618	-1.0573	0.3080	-0.5872	-0.5282	-1.7008	1.4253	-1.0199	-1.1865	-0.6955	-0.2885	-1.3240	0.6381	0.7564	-0.4423	-1.9726	0.1517	-1.3193	-0.5873	-0.0936	-0.4110
0.0495	-0.2685	0.0627	-0.8092	0.2416	-0.3333	0.7201	0.9944	0.4152	-0.9415	0.4007	-0.1421	-1.6419	0.0320	-0.9190	-0.6353	0.0251	-0.3545	0.6285	2.2105	-0.4301	-0.6277	-0.5308	-1.9968	0.3755	1.3081	0.0962	-0.8671	-0.3668	-1.5693	0.4553	-0.4326	0.8151	0.7112	1.4870	-1.5512	-0.4433	0.3989	-1.2725	-1.7018	-1.4652	0.3980	-0.4288	0.2007	-0.3222	0.2760	0.2972	-0.0810	0.2987
-0.1053	-0.3127	-0.1703	-1.0850	1.3068	-0.7966	-0.0102	1.0767	1.8969	0.3510	0.4505	1.2776	-0.8935	-0.2222	0.1059	-0.6056	0.6850	0.5176	0.9025	1.6577	0.0272	-0.3057	1.9161	0.1840	0.2938	1.9315	0.4303	-0.7991	-0.2143	-0.4124	0.3473	0.4993	0.3330	0.9500	1.8465	-1.1364	-0.2592	0.5485	-1.5628	-0.6675	-0.2784	-0.0179	-0.4487	1.2647	0.0628	0.5115	-1.2827	0.2315	-0.7233
0.1244	-0.4734	-1.4954	-1.0508	0.5154	-0.3648	1.1514	0.3055	-0.4063	-1.2312	0.2037	0.9284	-1.3006	-0.8614	-1.6354	-1.4423	-0.3087	0.1993	0.1787	-0.0820	0.8337	0.3953	-1.0086	1.1556	0.2631	0.4583	-0.7878	-0.9049	-0.7222	-0.9421	-1.0533	-0.7692	-0.5915	-0.3670	1.7390	-1.4936	0.1135	0.4478	-0.5073	-1.0086	-0.3834	0.9006	-0.2909	-1.5278	-0.3521	-0.6629	-1.4525	-0.5879	-0.5968
-0.2513	-0.4366	-1.1893	-0.7010	0.4222	0.4921	1.4119	-0.6698	0.9405	-0.3821	0.2238	1.1100	-2.4319	0.5129	-1.3094	-2.8148	-0.5346	-0.2059	0.6830	1.2580	-0.8787	-1.3671	-1.2291	-0.7238	-0.6324	-0.8940	-0.6419	-0.4083	-0.9648	-1.0934	-0.5797	-0.4876	0.4534	0.6333	0.6504	-1.4577	0.0277	-0.1845	-0.3803	-0.8228	-0.9878	-0.1730	0.3030	-1.2610	-1.2709	-0.1758	-0.1718	-0.4569	-0.4519
-0.2559	-0.8752	-0.7944	-0.0526	-0.7491	1.7322	0.0075	0.1578	-0.2283	-0.7918	-1.6537	0.3970	-2.4575	0.6914	-1.9030	-0.8749	-0.3221	0.5308	1.1438	-0.0998	-0.1416	0.7521	-1.2139	0.5888	-0.3442	-0.4707	0.3507	-1.3340	-0.6022	-0.0972	-0.5329	-0.2927	-1.0576	0.5739	1.0634	-1.6318	-1.4130	-1.0077	-0.6262	0.0079	-0.4387	0.7672	-1.4675	-0.8322	-0.4758	0.7069	0.0873	-0.9469	-0.7997
-1.6388	-0.3549	-0.5001	0.5795	-0.3092	1.8178	-0.8313	0.3022	0.7229	0.0619	-2.4096	-0.6086	-2.3122	0.8406	-2.1594	-0.5456	-0.0798	1.1629	1.2635	0.4843	0.4446	-0.7592	-2.2933	0.8065	0.2013	-0.9572	-0.0782	-1.3978	-0.9337	0.0945	-1.0169	-0.1737	-0.7681	0.4940	1.0974	-1.8264	-2.1460	-0.4841	-0.4032	0.0741	0.6688	1.7433	-0.3685	-1.1859	-0.3554	1.6776	0.7999	-0.0090	-1.1793
0.0697	1.3225	-0.1140	0.4250	0.0463	1.0583	0.5653	1.2415	-0.7220	0.2500	0.2218	-0.6938	-1.5224	-0.4325	-1.8318	-1.3135	-1.1603	2.2285	0.3675	1.0900	-0.6379	-0.1185	-1.6713	-0.6518	0.6275	-1.5977	0.6371	-0.6208	-0.5662	-0.0482	-0.0123	-0.4489	0.9210	1.4925	1.7686	-0.8293	-0.7854	-0.0695	-0.9637	-0.5608	-0.5011	0.9485	0.8323	-0.0587	0.2167	1.1272	1.0058	-0.4300	-0.1976
-0.7445	1.4687	-0.0610	-0.1764	0.3194	-0.0164	-0.0418	1.2875	0.3433	0.5741	0.2572	0.7385	-1.8934	0.3476	-0.5668	-0.8344	-2.0880	1.1775	0.5668	-0.2313	-0.3745	-0.6614	0.0130	-0.3682	-0.2682	-2.2193	-0.1506	-1.0662	0.6480	-0.4750	0.0070	-0.6965	0.6984	0.8256	0.6131	-1.5106	0.7649	-0.7789	-0.9546	-0.6415	0.1419	0.2609	1.0423	-0.1994	0.0391	0.1488	0.1754	-0.4930	0.0526
-0.0726	0.1085	-0.0483	0.0348	0.0542	-0.6449	-0.6548	-0.1144	-0.7095	1.7693	0.1677	0.0828	-2.2238	0.3039	-0.3347	-0.9306	-0.8014	-0.6381	0.6684	-0.9579	1.0696	0.4344	-0.4586	1.3107	-0.7791	-0.3461	-1.1711	-1.0108	1.1585	-0.2154	0.3579	-2.4158	-1.4075	0.5954	0.8967	-0.9085	1.0704	-0.8711	-0.2116	-1.6351	0.3230	-1.0065	0.3860	-0.2562	-0.1572	0.3464	-1.0548	-0.1444	-0.2066
0.3034	-0.5463	-1.2362	-0.3939	-1.4884	-0.2007	-0.2746	-0.3391	-1.1626	-0.3724	-0.1327	-0.1478	-0.7725	0.1974	-0.2250	-1.0973	-0.9486	-0.6678	-0.6791	-1.2524	-0.1040	-1.3101	-0.5788	0.4191	-0.5642	-1.3082	-0.6475	-0.6108	-0.0014	-0.6277	-0.6596	-1.1969	0.9191	0.6496	0.9509	-0.3283	-0.1228	0.1696	-0.6883	-2.4187	-0.2347	-2.2367	0.6384	-0.7375	-0.9447	0.1599	-0.4766	0.0047	-1.3723
-1.0815	-1.2702	-0.3506	-0.4475	-0.9589	-0.2562	-0.5246	-0.6709	0.3718	-0.3299	-1.2092	-1.2349	-0.4129	0.0929	-1.1607	-1.6223	0.0337	-0.1155	-0.5526	-0.6074	0.3498	-0.7437	0.5756	-0.5073	-0.1428	0.1625	0.0755	0.2181	-0.6333	0.4252	-1.4445	0.8645	-0.1046	-1.5157	1.1062	0.4709	-1.2397	-0.4562	-0.6792	-1.4506	-1.0391	-1.3878	-0.4726	-1.0254	-1.4436	-0.4449	-1.0568	0.5068	-1.1500
-0.4272	-0.4811	-0.3572	-0.7596	0.0515	-0.5500	0.9683	1.1326	-1.3862	-0.1288	-0.4778	-0.9303	0.0718	-0.7552	-0.6819	-1.0988	-0.8258	-0.2002	-0.9470	1.4103	-0.1799	-0.2405	-0.0005	-0.5198	0.0472	0.9106	-0.1322	0.2271	-1.4113	-1.1079	-2.0217	0.5400	0.2049	-1.1456	0.7657	0.7232	-1.1269	-0.3743	-0.9716	-1.1600	-2.2036	-0.9256	-0.5681	-0.6851	-1.4781	0.2803	-0.2213	0.3328	-1.4967
-1.0586	-1.0756	-0.2145	-0.8049	1.7101	-0.7461	1.0803	0.5427	1.2077	0.2499	-0.5106	-0.3690	0.1903	-0.2773	1.0025	-0.3284	-0.9284	0.2467	-0.1876	1.7316	-0.6086	0.1496	2.1651	-1.0071	0.4219	2.1668	0.3724	1.0306	-1.3454	-1.0468	-1.6895	2.2629	-0.5307	-1.9843	0.0346	1.6724	-1.3744	-1.1631	-1.5256	-0.1211	-2.0142	-0.7702	-1.0389	-0.5475	-1.5411	-0.2848	-0.8022	0.1730	-1.7837
-1.6615	-0.4191	-0.6677	-0.3570	0.6358	-0.0059	0.2203	-0.9909	0.0174	-1.6800	0.2662	-0.9913	0.7698	-0.6070	0.3608	0.3345	-1.0406	1.0768	-1.2935	-0.8586	0.3987	1.8932	1.0219	0.0314	0.2242	0.4432	-0.1975	0.7318	-0.3177	0.6275	-1.3192	0.8127	-1.1134	-2.5947	0.2089	1.5232	-0.4915	-0.9120	-0.3276	0.9975	-1.1767	1.2912	-1.6540	-1.9794	-1.1489	-1.7171	-2.6691	-0.7216	-1.2581
-0.8974	-0.3314	-0.1655	-1.5531	2.0852	-1.3686	2.1172	-0.2505	0.6805	0.6042	-0.7331	-0.1247	0.1474	0.1594	0.3839	-1.6114	-0.1600	2.0795	-0.3511	0.9103	-0.0161	0.9314	0.4387	0.1277	-0.3877	0.4915	0.2289	0.6681	-0.3561	-0.5381	-1.8791	1.1686	0.5568	-0.7924	0.0784	1.3430	-0.2817	-1.3459	-1.0555	0.3664	-1.8630	0.4636	-1.6322	-0.4531	-1.2836	0.7403	0.6203	-0.2871	-0.2504
-0.9289	-0.3375	-0.2174	-0.1790	1.8541	-0.7240	-0.4207	-0.5954	-0.2290	-0.4285	-1.9321	-1.2574	1.1007	-0.2734	-0.1587	0.1809	-0.6510	1.9261	-0.7115	-0.1259	0.6252	0.7638	0.8110	0.1851	0.6997	0.6355	1.2298	0.6004	-0.8226	0.2300	-2.8759	1.8216	-0.7011	-1.2714	0.9664	1.1712	-1.6962	-1.2445	-0.3038	-0.2560	0.2085	0.6958	-1.6475	-1.4619	-0.8865	-0.0112	-0.2703	-0.3830	-0.8755
-0.1957	0.5412	-1.5235	1.0907	1.9189	0.8950	1.0393	0.8842	-0.1838	-0.1081	0.7939	0.3312	1.8393	-1.2293	0.9774	0.2881	-2.9049	0.1379	-1.2144	1.2398	-1.3992	-1.1713	1.1463	-0.2565	0.6715	0.0922	-0.1125	1.9068	-1.9660	0.3702	-1.4387	2.2542	-0.8753	-1.3099	-0.4607	1.2062	-0.3197	1.0908	-1.5553	0.5407	0.5490	-2.1959	0.3733	-0.1704	-1.1144	-0.2746	-0.4381	-0.2588	0.9456
-1.3370	1.0780	1.3565	0.2693	2.5106	-1.8846	-1.6439	1.3834	0.2093	-1.0542	-0.3717	-1.0700	2.7408	-0.8593	1.4560	0.6317	-0.8876	0.8979	-0.1565	1.0925	0.4050	1.4608	2.0005	-0.0627	0.8025	0.6337	0.2837	2.5415	-0.1098	0.3352	-0.5269	2.7905	-0.7416	-1.8787	-0.1271	1.1830	-0.5903	-0.1731	-0.3199	0.6299	1.1164	1.7038	-1.1961	1.1639	-1.2604	-1.2647	-0.5342	1.1940	1.1112
0.1622	1.9385	1.1809	2.3392	3.2355	-0.0878	-1.1338	1.4720	0.1454	0.6922	-0.1333	-0.1693	3.6441	-0.8743	2.0157	2.7587	-0.6708	1.0954	1.1603	0.1775	-0.4809	2.6575	1.5628	3.0481	0.1829	1.3520	2.1934	3.1721	0.2387	0.3770	0.4110	1.1594	0.2479	-0.8720	-0.2016	1.1817	0.4276	-1.0919	-0.7885	1.5182	1.5232	1.4385	-0.4313	2.4126	-0.1099	0.3543	0.2612	1.6428	0.8371
0.1113	2.2142	-0.2877	2.0692	1.2179	0.0533	0.5295	0.4886	-0.2769	1.8005	2.5795	0.0452	2.6513	-1.0243	1.4797	2.2569	-0.8167	0.5952	-0.1258	1.0446	-1.0101	-0.2958	1.2287	1.3686	-0.3593	-1.1826	1.3916	1.5908	0.2992	1.9836	1.4997	-0.3947	2.8566	0.7404	-1.1545	1.4038	2.5052	0.6157	0.1153	1.4067	1.2832	-0.6754	0.9367	1.7908	0.5030	-0.0127	-1.2674	0.9946	0.5739
0.5838	0.6482	-1.3734	-0.4217	0.8760	-0.2849	0.6275	0.7656	-0.9561	1.2026	1.0266	-0.5049	0.9742	-0.0101	-0.0875	0.5304	0.2570	1.6270	-0.9591	-0.4037	1.2009	1.2363	-0.1354	-0.1557	-0.4441	0.6626	-1.3920	-0.5607	0.1144	0.6792	-0.6506	-0.0865	-0.3870	-0.7915	-0.8228	1.5021	1.0944	-0.9436	0.8647	0.2802	0.8120	-1.1853	0.1468	0.8259	-0.3844	0.8190	-0.5897	1.0296	1.1202
1.0889	-0.4680	-0.5473	0.0393	0.9901	0.4706	0.6067	0.7887	-0.3559	-0.2086	1.2056	-0.4123	2.0581	-0.2979	-0.0602	0.3735	-0.1678	0.3186	-1.5819	0.5120	0.4645	-0.5752	-0.9685	0.6708	-0.9461	0.3740	-1.3472	1.2454	-0.2518	-0.3204	-2.0481	0.5594	0.2138	-0.4202	0.1092	1.5596	1.9315	-0.4347	-0.5838	-1.6234	-0.3139	-2.1654	-0.1441	0.0653	-0.2222	-0.2011	-0.3327	0.1000	0.1316
1.5298	-0.8507	0.5996	0.1361	1.2249	-0.4516	0.2464	0.5068	-0.0864	2.1781	0.1219	0.3845	2.0885	-0.7118	2.1066	1.3908	0.7520	0.7746	-0.8714	-0.9732	0.8928	0.5571	0.9504	1.0508	0.0776	0.5518	-1.7876	1.3615	1.0816	-0.1446	-0.9979	1.3904	-0.5345	-1.5478	0.6638	1.1441	1.5327	-0.2495	-0.5329	-0.7498	-1.4761	-1.2721	-1.3753	0.2825	-0.3350	-0.0065	0.6391	0.6369	0.1717
1.1665	0.3555	0.6456	0.1532	1.2276	-0.1743	-1.7233	-1.3243	0.0367	1.4012	0.2758	0.2365	2.9659	0.6598	1.7608	1.8525	1.2760	1.1538	-0.3332	0.1029	1.8618	1.3394	-0.3821	0.2068	1.0516	1.3905	-0.4755	1.2740	1.6397	0.6637	0.0177	1.0020	0.1272	-0.5586	0.2691	0.8861	0.5010	0.1218	1.2068	-0.1868	0.5566	-0.5106	-1.0970	1.1588	-0.4514	0.4208	1.1112	1.3953	1.1030
0.8781	1.2242	1.0794	-0.3205	-0.2454	0.1456	-0.8868	-1.5466	-2.0206	0.4708	2.0854	-0.2408	3.1826	-0.1723	2.0216	0.7935	1.1859	-0.2704	-1.4054	-0.2349	1.0346	0.0768	-0.2661	0.6867	0.3211	-0.8164	-0.0988	0.4059	0.9786	0.3968	0.5392	-0.0002	2.2336	0.2614	0.1707	1.1134	1.6815	0.6487	1.7425	0.4313	1.0889	-0.9300	0.2930	0.6280	0.2963	-1.0625	0.1892	0.7632	0.9479
0.2065	-0.4409	1.4038	-0.1542	0.8442	-0.6290	0.4069	-1.0437	-0.7761	0.5445	-0.2870	0.7787	1.1741	0.5124	3.0031	0.5505	2.1917	-0.7731	-0.6692	-0.4278	-0.0713	-0.0083	1.7654	0.7696	0.3906	0.8159	-0.2050	-0.0726	0.3064	-0.8848	0.7180	1.5694	0.8338	0.8210	-1.0432	0.0139	0.5287	-0.4870	0.4136	0.6827	0.2650	-0.4541	-0.4934	1.2188	-0.3728	-1.4198	0.1805	0.2034	0.8301
0.5913	0.2529	0.5809	1.2652	0.4918	0.4251	-0.2605	-2.2416	-1.3333	-0.5450	-0.3908	0.4101	0.2743	0.9495	1.9371	0.9864	2.2185	-1.2808	-0.3133	0.1417	0.1323	1.9258	0.5740	1.8940	1.3488	1.8898	0.6541	-0.0254	0.2902	0.0376	0.5477	1.0830	-1.5268	1.3503	-0.8290	-0.4012	-0.6330	-1.6921	0.4269	0.1519	0.0111	0.8068	-1.6366	1.2832	-0.6342	-1.6062	-1.3826	-0.4000	0.8621
0.4531	1.3959	-0.0610	1.0913	0.4182	0.7744	0.2002	-1.8762	-1.1466	0.3453	1.5399	0.6763	-0.0384	0.4815	0.5814	0.7260	0.4099	-1.7186	0.1320	0.0674	-0.8441	1.6243	-0.9002	0.6407	0.7725	0.1222	-0.2571	1.0554	-0.2125	-0.9248	0.7631	0.1525	-1.5615	1.7238	-1.8132	-0.4860	1.0520	-0.1865	-0.7176	0.0462	0.1083	0.1953	-0.0848	0.6120	-0.5518	-1.8716	-1.3599	-0.4161	0.3152
0.1907	1.7216	0.0420	1.1337	0.1678	0.3319	-0.4348	-2.2034	-0.2496	0.0643	2.0348	0.9589	0.1966	-0.6295	1.7248	0.2482	-0.0314	-0.4883	-0.7776	0.9184	-1.0923	0.5566	1.1573	-0.5191	0.9826	-1.2593	-0.5484	1.1072	0.0390	-0.1016	1.4946	0.5005	0.5641	0.8458	-1.3415	0.5780	1.8819	0.1204	-0.2904	0.8177	0.7261	0.0708	0.6551	0.9036	0.4059	-1.0974	0.1031	0.1062	0.8136
0.4552	0.0415	0.4999	0.5901	-0.7155	-0.4459	0.5955	-0.7397	-0.6086	0.3377	0.5117	-0.7472	0.2232	-0.2421	0.8783	0.6876	0.2276	0.2561	-0.0991	0.3557	0.5799	1.6444	-0.4708	0.7445	1.3449	-0.0876	-0.9656	0.5434	0.2246	-0.2654	0.0552	-1.2088	-0.4627	0.2640	-0.8340	0.5865	1.2643	0.6841	0.2955	-0.0592	0.7947	1.1988	1.0002	-0.2837	0.7773	-0.5057	0.4523	0.7794	1.4296
0.0645	-0.8577	0.4110	0.5969	-1.3300	0.1020	-0.4501	-0.9977	-0.8093	-0.9318	0.7384	-1.0842	-0.8594	-0.3857	0.2526	0.4627	0.6595	-1.3369	-0.8881	-0.4071	0.2430	-0.0172	-0.0875	0.2561	0.8204	-0.3843	-0.1834	-0.7617	0.3243	-0.0502	0.0525	-1.2394	0.8294	0.6159	-0.6885	0.1337	0.8841	1.1999	1.1401	-0.6474	0.6737	0.6493	1.4491	-0.2269	0.5728	-0.5754	1.0446	0.2434	0.1460
0.8213	-0.1120	-0.4187	0.0728	-1.4769	0.7026	-0.1676	-0.4224	0.7232	1.6920	1.0007	0.4170	-0.8767	0.3254	0.3143	-0.1058	0.0542	-0.7413	-0.2331	-0.2103	0.0685	-0.4715	1.4662	-0.2494	-0.0669	0.0145	0.2517	-0.5768	-0.1141	-0.0055	0.6035	-0.1306	0.5905	0.3601	-1.2142	-0.2926	0.3055	1.2009	0.6794	0.8076	0.4685	-0.3713	1.5831	0.7434	0.0936	-0.1547	1.1740	0.8851	0.7404
0.1356	0.7532	0.6246	-0.3313	-0.1978	0.0962	-1.5214	-1.1601	0.4615	1.5567	-0.6655	-0.6327	-0.6477	0.1619	-0.0196	-0.0277	1.2304	0.5528	0.1907	0.2463	0.9729	1.2024	1.0390	0.0815	1.2792	1.1414	1.6964	0.6116	-0.0803	1.8493	0.9238	0.7911	0.1890	0.1979	0.4008	0.2026	-1.0018	0.9131	1.1447	0.9480	0.2940	1.6238	-0.1121	0.6480	1.6277	0.2671	-0.2192	1.0975	0.2525
-0.1736	1.1138	-0.0790	0.5711	0.1685	0.8832	-0.4746	-0.2549	0.3428	-0.6297	-0.6425	0.0371	-0.8499	-0.1557	0.3347	0.9593	0.3686	-0.2530	0.8712	-0.4755	0.9411	1.2075	0.2896	-0.5833	1.3603	1.1082	0.2712	-0.4726	-0.2751	0.6489	1.2249	0.8518	-0.1526	0.4467	-0.3339	-0.4032	-0.3512	1.2209	0.5692	1.2350	1.7012	1.5588	0.5753	-0.1902	1.9313	1.2001	0.3028	1.1823	-0.2422
-0.8259	-0.0414	0.2210	1.4162	-0.6701	1.2940	1.4972	0.2325	0.7252	0.0858	1.5554	1.1874	-0.5787	0.2107	0.0295	-0.1987	-0.3708	-0.8657	0.3158	1.1068	-0.7765	-1.5475	-0.5733	-2.3673	0.8983	-1.0277	0.0567	-0.3768	-0.7545	0.5172	2.2019	-0.4010	2.0822	1.4754	-0.2932	-0.2453	1.2761	1.3693	-0.5673	0.2978	0.7199	0.2259	0.9517	-1.3570	2.6991	-0.5947	1.0211	-0.4404	0.7831
-0.9895	-2.1318	0.9944	0.3748	-0.8602	0.4415	0.2105	0.4957	-0.2571	0.7100	-0.3212	0.4448	-0.6008	0.6494	-1.2533	-0.6597	0.3900	-0.1818	0.0537	-0.5924	0.2878	-0.7310	-0.3463	-1.5042	0.8710	-0.2721	-0.2566	-0.0955	-0.9825	0.7947	1.8790	-1.4865	-0.2273	-0.3949	0.3545	-0.1117	-0.8113	0.2248	0.1065	-0.2211	0.2291	0.5356	0.1351	-1.2130	3.1379	0.1683	-0.4081	-0.8171	1.4902
-0.7569	-1.6758	-0.2490	1.0381	0.5524	0.9627	-0.9355	0.0957	-0.4883	-0.9129	-1.5664	0.3845	0.1276	0.0157	-0.6270	0.3555	-0.2666	-0.3560	-0.2900	-1.3471	-0.1282	-1.1585	-0.1583	0.7176	0.3713	0.6618	0.3561	-0.7975	-1.3443	0.2152	0.2400	-0.1563	-1.0484	-0.7119	0.6496	-0.7238	-2.6273	-0.5986	0.5590	0.0265	0.4240	-0.1084	-0.3579	0.2773	2.7666	2.2798	0.7826	-0.5743	0.4682
0.0349	0.4141	-0.2928	1.3865	0.1405	2.2603	-0.6354	0.6213	-0.6370	-0.0393	0.4907	1.1395	0.2494	0.3406	1.2436	1.0589	0.9637	-1.0853	-0.2203	-1.7328	-0.7571	-1.6186	-0.5807	-0.5067	-0.8674	-0.8360	-0.1516	-0.5904	-0.2184	2.0118	0.9712	-0.4439	-0.0225	-0.8183	0.2864	-0.3202	-0.5474	2.4999	1.4794	1.6912	0.5572	-0.8877	0.0549	0.7141	1.2882	1.3602	1.1249	-0.0921	-0.0217
0.5222	0.8056	0.9201	-0.1705	0.2556	-0.5115	-0.8327	0.1946	0.1994	-0.3834	-2.0118	0.6096	-0.6825	1.8022	0.4555	0.1621	1.0599	0.0000	0.8666	-1.6739	0.0145	-1.4231	-0.3089	-0.6127	-0.5086	0.2158	0.1735	0.3837	0.4847	1.1957	0.4009	0.0178	-0.5799	-0.2824	-1.6900	-0.5946	-0.7807	0.9240	2.2321	1.8242	2.2438	-0.4870	-0.2652	0.9192	0.1614	1.1683	1.3044	0.8328	0.3553
1.1247	1.0239	-0.2149	0.5585	-0.6872	-0.0709	-1.9704	-1.3770	-0.9446	-2.0505	-1.4366	-0.5986	-0.2626	0.6312	-0.6129	0.1373	-0.8420	-0.3212	-0.1466	-1.6064	0.8424	-0.0743	-0.4139	0.7315	0.4631	0.6265	1.0763	-0.4292	0.8095	1.7530	-0.9391	0.3578	-1.7334	0.3678	-1.8489	-0.3764	-1.6599	-0.2291	2.7963	0.6160	3.6513	-0.0829	-0.6751	1.6442	1.2366	1.4426	0.4154	0.0510	1.3326
-0.3558	0.1585	-0.7083	-0.7467	-1.5123	0.2424	-1.0021	0.0031	-0.8145	-0.8745	0.0300	-1.0497	-0.6040	-0.2167	-1.2287	-0.5712	-0.3505	-0.4944	0.0352	-0.4070	0.0063	-0.6356	-2.2932	-0.3716	-0.0741	-0.6355	0.7470	-1.0608	0.7836	0.6510	-0.5036	-1.3268	0.3901	0.7402	-0.8501	-0.6836	1.0165	2.1145	1.9157	-0.7846	1.7116	0.3288	0.5566	0.6613	1.5004	-0.3161	0.7871	-0.3731	2.5731
-0.8583	-0.5702	0.4993	-1.2277	-0.3782	-1.1282	-0.3155	0.7359	1.5654	0.8861	-0.0048	0.4691	-1.0357	0.5997	-0.4529	-1.3378	1.2385	-0.2077	1.0557	-0.2122	-0.0108	-0.4179	0.1141	-0.8806	-1.2315	-1.0679	-0.0299	-1.7280	2.1329	0.2696	2.2557	-0.4352	1.7329	0.3820	-0.2370	-0.6427	0.8014	0.1404	0.8423	0.9944	-0.1921	0.9847	0.3674	0.1999	1.0528	0.2303	0.9107	1.0354	1.8489
1.1703	-1.4132	0.1130	-0.1851	-0.4410	-0.3936	0.6444	0.1095	-0.1511	0.5945	-0.6220	0.7455	-0.3110	1.6075	-1.4571	0.0569	-0.4276	-0.4120	2.0441	-1.0144	0.9465	0.2089	-0.3021	0.4558	-1.7825	0.6165	-0.4240	-0.8865	1.3786	-0.9482	1.5823	-1.0530	-0.7184	1.1239	-0.7095	-1.6639	-0.0990	-0.3099	-0.8496	0.7191	-1.0906	-0.5640	0.6443	-0.1653	-0.1835	1.5388	0.6396	1.0951	0.9602
0.6378	-1.0277	-0.0032	0.8351	-1.0906	0.3972	-0.8532	-1.0161	0.4404	-0.4860	-0.4008	-0.4676	0.4157	0.9881	-1.0756	1.0897	-0.2466	-1.1903	1.4496	-1.3093	1.5423	-1.5029	-0.7838	-0.5364	-2.4025	-0.6102	0.4179	-0.8267	1.5247	-0.7743	-0.1224	-1.3256	-1.0196	0.2279	-0.1210	-2.5326	-1.0517	-0.1644	-0.1261	0.4793	-0.9508	0.2390	0.1457	-0.1231	-0.9055	-0.0447	-1.0528	1.1614	-1.1695
1.7105	-0.4864	-0.0928	0.1671	-1.9205	0.0981	0.3955	1.0036	0.5257	-0.3679	1.0092	0.9609	0.2234	0.0405	0.4216	0.4061	-0.6250	-2.1244	0.6315	-0.8942	0.5422	-2.4219	-1.5110	-1.9746	-2.6428	-1.3591	0.6123	-0.9153	1.9318	-0.9709	0.2499	-1.6370	-0.3561	0.1814	-0.1208	-2.3012	0.3264	1.7489	0.1864	1.5430	-1.7159	-0.9111	0.7006	1.1007	-0.9470	-1.1864	-0.5746	0.8836	-1.0129
0.5819	0.0724	1.5821	-0.9932	-0.7027	-1.3229	-1.3579	0.8221	0.7820	-1.0907	-1.4957	0.6736	-0.5308	0.4742	-0.1598	-1.3067	0.4449	-0.8599	1.1589	-0.0445	0.2492	-1.5576	-0.8270	-1.0839	-2.0760	0.7419	1.4136	-0.0958	1.3302	-0.5306	-0.1903	-0.7458	-0.9182	0.6870	-0.0146	-1.0328	-0.2281	0.7287	0.5717	1.7885	-0.9128	-0.7133	0.3345	2.0509	-0.4200	0.4389	0.4085	0.6829	-0.4480
-0.3427	1.1234	-0.4357	-0.1533	-0.3268	0.4317	-1.7302	0.5561	0.1899	-1.0956	-1.1514	0.1092	-1.0045	-0.0381	-0.0407	0.4207	-0.3611	0.0403	-0.0041	-0.6626	0.1505	0.1689	-0.0636	-0.3036	0.0063	0.1030	1.7604	-0.9672	0.1879	0.3583	-0.2072	0.6766	-0.9282	-0.9646	-0.1991	-0.7491	-1.0791	0.2055	1.9598	2.0062	1.0295	1.6778	-0.6273	2.3727	0.6907	0.3192	0.0591	0.5395	-0.1287
-0.1738	1.4603	-1.1026	-0.6530	-1.5401	0.6766	-0.3027	0.6268	0.3476	-0.4148	0.0598	-0.5963	-1.1577	0.5069	-1.4088	-0.1910	-0.4009	0.6673	-0.0899	1.4502	-0.9928	-1.4806	-1.9370	-0.8673	-0.0525	-0.6843	2.3929	-0.1814	-0.5623	0.2482	0.3831	-1.6373	0.7124	-0.0374	-0.0976	-0.6908	0.5617	0.7563	1.7465	0.3574	0.2774	0.4832	-0.0177	2.0111	0.6953	-0.4099	1.4581	0.4926	0.2800
0.1038	0.4408	-0.0820	-1.3111	-1.2657	-0.7341	-0.2894	0.5028	1.8887	0.7749	-0.6263	1.5117	-1.3390	0.3284	-0.3975	-0.8573	0.6814	1.1149	0.4764	0.9672	0.3192	-0.5881	-0.4364	-0.4924	-0.5957	1.0819	1.8530	-0.9326	0.4252	0.5562	1.6258	-1.3183	-0.5118	0.0011	1.1458	-0.2061	0.4710	0.7672	1.0101	1.8753	-0.2617	0.5360	-0.5104	0.9776	1.4944	-0.1303	-0.1883	0.6262	-0.5028
0.3812	-0.9262	-0.4183	-1.1696	-1.1014	-0.5216	0.0553	1.3915	1.3944	-0.6958	-0.6423	1.4692	-0.7077	1.2679	-1.4613	-0.7004	0.5402	1.1948	1.6707	1.2356	1.5685	1.1743	-0.9098	0.8582	-0.9245	1.6002	1.2772	-1.5309	0.7428	-0.9639	-0.0329	-1.9114	-0.5677	1.3043	1.5225	-0.4584	-0.0918	-0.3091	0.0183	0.8186	-0.9322	0.2432	-0.5973	-1.1850	0.8075	0.1362	-0.8939	0.4203	-0.3342
0.0057	-1.1237	-0.6460	-1.0770	-1.2980	1.1754	0.4545	0.7651	0.6326	-1.5378	1.0080	0.1767	-1.3981	1.5150	-0.8773	-0.9806	1.1013	1.2006	0.6474	-0.0974	1.4284	1.4228	-1.0409	-0.8470	-0.2390	-0.7487	0.0835	-2.0828	0.7029	-0.5392	0.0101	-0.9933	-0.5400	0.1303	1.5027	-0.6284	-0.5624	-0.3149	0.1686	-0.5745	-1.7481	0.5956	-0.5487	-2.8582	-0.6915	-0.7480	-2.2106	-0.3550	-1.3511
0.2547	-0.9016	-0.9422	-0.7728	-0.9599	1.7478	0.7280	0.5598	-0.0462	-1.0187	1.0718	0.7451	0.1507	0.6623	-0.7005	-0.6128	0.0789	0.6345	-0.1766	1.1454	-0.4978	-0.5480	-2.2929	-1.2462	-0.1219	-2.0930	0.2891	-0.4904	-0.6490	-1.7871	0.7570	-0.7250	1.4055	1.9132	0.2695	-0.6897	-0.7575	-0.1831	-1.1232	-2.0306	-1.7750	-1.3195	0.2863	-0.8956	0.0065	0.3831	0.2986	-2.5481	-0.8850
-0.3283	-0.9455	0.7513	-1.3506	-0.2719	-0.5429	-0.0808	1.0412	0.1071	0.2318	-0.4633	1.3707	0.1583	-0.3437	0.0398	-1.5853	1.9781	0.4742	-0.1068	1.0416	-0.4892	-0.0503	-0.7873	-0.2762	0.0165	-0.7228	-1.1482	-1.4959	-0.7957	-1.2241	1.0324	-0.9433	-0.7762	0.6999	1.5218	0.3160	-0.3733	-0.1432	-0.0441	-1.7105	-1.1049	-1.0818	-0.4897	0.1694	1.0206	1.0405	-0.0298	-2.9976	-0.1472
0.7283	-2.0494	-0.2060	0.0415	-0.7823	1.2950	0.7736	1.0409	-0.4787	-0.0455	-1.3667	0.6133	-0.3438	-0.0865	-1.1271	-0.3269	1.1872	0.1396	0.0617	0.1701	-0.2935	0.8414	-0.9817	1.5483	-0.1269	0.4399	-1.0886	-0.9561	-1.2263	-0.7346	-0.7027	-2.1095	-0.7363	-0.0227	1.8681	0.3664	-0.2773	-1.6201	-0.9829	-1.6800	-1.5057	-1.6780	-0.5801	-0.8711	0.0439	1.9464	0.2030	-1.9912	-0.3798
0.7271	-0.9131	-1.0680	0.7695	-1.1003	0.4570	0.6817	0.6366	-0.0424	0.2888	0.8133	-0.5279	-0.6049	0.2669	-0.8640	-0.6260	-0.1772	0.4298	-0.7467	0.4923	-0.6484	-1.0969	-1.3124	-0.7417	-0.5945	-1.8907	0.1571	0.0826	-1.3137	-0.2473	-0.4553	-1.6841	1.5424	-0.2760	1.2579	0.1148	-0.0950	-0.3136	-1.1286	-1.3359	-1.3782	-1.6753	0.5445	-1.6902	-0.4569	0.0152	-0.0851	-0.8426	-1.7038
-0.4325	-0.7880	-0.4443	0.0546	0.5309	-1.7651	1.1445	0.8687	0.5014	0.2194	-0.8495	-0.5574	-0.3102	-0.1553	-0.3837	-1.0374	-0.2028	0.6762	0.4713	-0.4054	-0.3384	0.7756	0.6885	-1.3771	-0.2696	-0.2665	-0.3282	0.5083	-1.2586	-0.8194	-0.7729	1.5954	-1.6036	-1.2107	1.3093	0.5198	-0.5297	0.2429	-1.3667	0.1946	-0.7792	0.5368	0.2508	-1.6261	-0.8891	0.1138	-0.6632	-0.9760	-1.5217
-1.4349	-1.0525	-0.2964	1.1904	1.0950	-0.3321	1.5656	-0.2308	0.6214	-1.2845	-1.5012	-0.8339	0.3706	-1.5725	-0.3832	-0.1450	-1.6441	-0.2566	-0.1135	-0.9592	-1.3175	0.4552	1.1938	-0.0361	0.2600	0.2845	-0.9310	0.5366	-1.7911	-0.4208	-1.6274	2.7811	-0.6083	-1.4806	0.5239	0.9192	-1.7488	-1.8625	-2.0518	-0.5036	0.6231	1.0774	-0.2927	-1.8267	-1.8533	0.2043	-0.8076	-2.0790	-1.3614
-0.3017	-1.1126	-0.1360	0.7990	0.5807	0.0201	2.6536	0.2828	-0.0922	-0.7033	0.0889	-0.2717	0.1922	-2.0388	0.5656	-0.1535	-2.3018	-0.9621	-0.6913	-0.5513	-2.4996	-0.7513	0.8275	-0.3441	0.4704	-1.4029	-1.5868	1.2728	-0.6063	0.6674	0.1169	1.9764	0.6985	-0.6319	-0.9825	1.6571	0.0921	-0.4428	-2.8136	-0.7276	-0.9475	0.1201	-0.0132	-1.4809	-1.9728	-0.5319	-0.2419	-2.4738	-1.3393
0.8051	-1.1155	0.5096	-0.2406	0.8576	-0.7441	1.0996	0.8617	0.1629	-1.4812	-1.6309	-1.0866	0.1245	-1.2285	-0.2096	0.2939	-1.9527	-0.5678	0.5284	-1.0143	-1.1500	0.2796	1.2422	-0.1334	0.5651	0.0213	-0.9267	2.1086	0.2910	0.8778	0.1014	1.5419	-0.8417	-0.4401	-1.0278	1.4455	-0.9530	-0.4402	-2.3325	-0.4309	-0.4372	-0.1266	-0.5222	-0.2356	-1.6248	0.5808	0.5231	-1.2044	-2.0342
0.7724	1.1562	-0.8709	-0.0804	-0.2739	-0.0706	1.5300	-0.4819	-0.2883	-2.0806	0.6712	-1.1015	0.5534	-1.3000	-0.5667	0.5095	-1.6141	-1.0947	-0.3908	-0.4018	-0.7573	0.6479	0.8604	-0.7858	0.4946	-0.2092	-0.6935	0.2381	0.5404	0.8523	-0.1892	0.6064	-1.2221	-0.9012	-0.4171	0.9618	-0.2051	0.0472	-0.4229	0.0750	0.5709	0.3641	0.1021	-0.1070	-0.8971	0.0509	0.3083	-0.7717	-0.7348
-0.4203	1.3126	-1.7376	-1.1679	-0.8371	-0.4482	1.9243	-0.1799	1.5068	-0.5457	0.7507	0.2040	-0.1479	-0.0692	-0.3786	-0.6047	0.0985	-0.8372	0.2869	0.9104	-0.0424	-0.9392	-0.4633	-1.5333	0.0061	-0.6720	-1.2274	-0.6611	0.7573	0.3094	0.0174	-0.2940	0.3052	-0.4530	0.1061	-0.2435	1.4648	0.3297	-0.6437	-0.4806	-0.8586	0.4655	0.5568	0.2889	-1.2832	-1.1259	1.7512	0.2934	-0.0905
0.3413	0.0472	-0.5726	-1.0936	0.0108	0.1339	0.5280	-0.7409	-0.1273	-0.3569	0.3066	0.4331	-1.3798	0.0249	-0.8998	-0.3231	0.7798	-1.0951	0.8169	0.9150	1.8428	0.8595	-0.8326	0.5768	0.7219	1.2939	-0.4617	-0.5195	1.0996	0.5855	-0.3575	-0.9871	-0.9812	0.6421	1.4098	0.0947	0.8568	0.8722	-0.6149	-0.8908	-0.9721	0.6738	0.1021	-0.2873	-0.0044	-0.6215	-0.3635	-0.5142	0.2054
-0.2037	-1.7238	-1.0326	-1.1683	-0.4593	1.0382	1.3588	0.3006	-0.5200	-0.3744	0.5198	0.5899	-1.7063	-0.1802	-0.6725	-0.8365	0.1508	-0.6971	0.0383	-0.4298	0.8968	0.2138	-0.9335	1.5041	0.5577	0.1189	-0.5673	-0.7470	0.2627	-0.9653	-1.0816	-0.8942	0.2905	1.1469	1.2585	-0.0323	0.5502	1.7036	0.0427	-0.9846	-1.1245	0.0554	0.4202	-0.8401	-0.3341	-1.1301	-0.7220	-1.0763	-0.1994
-0.3708	-1.4429	-0.3152	-1.8815	-0.5848	-0.0359	1.4107	0.2174	1.6921	0.9720	-0.6655	0.7204	-0.8095	0.4117	-0.7820	-1.3608	0.8462	0.7650	0.6592	1.3385	0.5637	-0.7794	-0.3846	-0.3941	0.0256	0.7222	0.0958	-1.5328	-0.1737	-1.0779	-0.6508	-0.5206	0.6420	0.7367	1.4906	-0.4962	-0.1953	0.2919	0.0643	0.0639	-1.5341	-0.1226	0.0988	-0.8040	-0.4763	-0.6104	0.2365	0.0354	-0.0696
0.3507	-0.5365	-0.7163	-0.6461	0.6639	0.7624	-0.2484	-0.0274	0.5352	-1.0574	-2.1875	0.1055	-0.4728	0.4394	-1.0824	0.5146	-0.3552	0.8894	0.7860	0.0934	1.3463	0.7889	-0.1171	0.4441	0.3960	0.8690	0.8570	-1.3541	0.1016	-0.1472	-0.5605	-0.0235	-0.9016	0.3884	1.7246	-0.7932	-2.4378	-1.0749	-0.1790	0.2765	-0.1545	0.8608	-0.8445	-0.6364	-0.2096	0.1628	-0.7239	0.2366	-0.1151
0.2292	1.0062	-0.6319	-1.0940	0.9725	-0.0685	0.8744	-0.4086	0.1181	0.2941	0.1492	0.0500	-0.5674	-0.5411	-1.2498	0.0430	-1.5283	1.0237	0.6065	1.9229	-0.1081	-0.6520	-0.5889	0.4354	0.4961	-1.6860	0.9067	0.5717	0.1394	-1.5634	0.0035	0.2097	1.7862	2.3191	0.2229	-0.3632	-0.9537	0.0129	-1.0420	-0.6655	-0.6648	-0.1426	0.2803	-0.3245	-0.5359	-0.3699	0.1045	-0.2092	0.0425
0.2697	1.1675	-0.4639	-1.7345	1.3764	-0.9407	0.9316	-0.3551	0.8606	1.0791	-0.4474	1.0528	-0.4554	-0.4469	-0.3268	0.0355	-0.4625	1.1705	0.2913	1.1202	-0.2134	0.4256	1.6716	1.1177	1.0466	-0.8247	-0.1577	0.5725	0.4827	-1.3710	0.1205	1.2773	-0.2223	1.1182	-0.5309	0.0483	-0.0902	-0.1598	-0.6462	-0.5651	0.5878	-0.4334	0.5324	-0.3227	-0.3715	-1.0810	0.4074	-0.2066	-0.2586
0.1962	1.3493	-0.7738	-0.7105	1.2000	0.1205	0.7324	-0.6372	-1.1772	0.0786	-0.9273	0.3177	0.0294	-0.7624	-1.2908	0.8626	-0.5664	0.9136	-0.2165	1.1452	-0.0246	1.3470	0.6973	2.1190	1.0496	-0.2661	-0.9488	0.1360	0.6961	-0.1695	-1.5070	-0.0062	-0.2692	0.9547	-0.9721	-0.2942	0.5625	-1.0482	-0.2460	-1.0837	1.0278	0.5914	0.5790	-0.4875	-0.4212	-0.8808	0.7305	-0.2874	0.0823
-0.1606	2.1065	-0.6971	0.1196	0.0835	-0.5860	0.7428	0.3369	-2.3781	0.3416	0.0972	-0.9268	0.0974	-0.7818	-0.5639	-0.2067	-1.2762	0.7050	-1.4688	1.2654	-0.9406	0.0876	-0.5242	-0.0299	0.5850	-1.7614	-0.9053	0.1446	-0.2663	0.5870	-1.4268	-1.1322	0.9132	0.5910	-0.8790	0.9626	1.4542	-0.3774	0.5902	-1.3043	0.4250	0.6665	1.4270	-0.8188	-0.0050	-0.4377	-0.6075	-0.3745	-0.2932
-1.4278	-0.8890	-1.4281	1.5521	-0.2733	-0.1182	1.5118	1.0739	-0.4772	0.1946	-1.1473	-0.6598	0.6516	-0.3358	-0.1593	-0.6896	-1.6658	0.6224	-1.5557	-0.0074	-2.2202	-1.6855	0.5893	0.0315	-0.7186	-1.0924	-0.9086	0.7606	-1.7494	0.5391	-1.1345	0.6913	0.1181	-0.6336	-0.7960	0.4966	0.6739	-0.7482	-2.0721	-0.9470	-0.5849	-1.0211	1.0381	-1.1806	-0.5121	0.4263	0.6848	0.3034	-0.9314
-1.2357	-0.4727	-0.4045	2.8282	0.5435	-0.7707	-0.3777	-0.8050	-0.6632	0.0357	-0.2040	-2.2349	0.2323	-0.9638	0.3992	-0.2999	-1.1131	0.5711	-1.5284	0.1762	-0.9639	-0.5878	0.4047	-1.7631	0.4209	0.3447	-0.3164	1.7312	-1.5359	0.7462	0.0922	1.4929	-0.2279	-1.8733	-0.0667	0.2661	-0.7725	-0.5046	-1.6283	-0.0208	-0.1457	-0.2045	0.2712	-0.5530	-0.0423	-0.8239	0.6427	0.7102	-0.4547
-1.1336	0.6994	0.7013	3.3879	0.7898	-0.2947	-2.8626	-0.9164	-1.6554	-0.2955	0.3086	-2.6801	0.3913	-0.4399	0.8607	0.3632	-0.1044	1.0419	-1.1709	-0.6881	-1.0295	0.9898	0.7800	-0.4975	0.7343	1.3390	0.2544	2.5200	-1.8981	0.1757	-0.7893	1.0891	0.7875	-2.0339	0.0117	0.5848	0.1855	-0.7141	-0.4707	-0.5690	1.0788	0.7855	0.8880	0.0889	0.2901	-0.9445	0.7169	0.7574	0.6108
-1.5227	1.1361	2.6460	1.4998	0.4702	-1.3367	-3.5855	0.9010	-0.3592	-1.4867	0.8410	-2.1019	0.6626	-0.2210	-0.4198	0.5875	-0.1708	3.1727	-0.4610	-0.0450	-0.3098	1.4053	1.3760	1.7140	1.0424	0.6170	0.2189	1.1633	-0.8769	-1.2195	-1.5465	-0.0934	1.2752	-0.0070	0.6253	0.7490	1.2535	-1.7874	0.5124	-0.8550	0.4675	1.4727	0.9007	-0.2453	0.0281	-0.1976	0.3557	0.7125	1.4656
-1.2414	1.4925	3.3463	-0.2635	1.6894	0.1787	-2.8535	-1.5716	0.0858	1.8830	2.2543	-0.7303	1.0915	-0.6560	0.4213	1.1431	0.5731	0.9168	-0.2372	-0.8172	0.0157	0.6674	0.5310	1.6145	0.4738	0.3520	0.5851	0.5657	-0.1081	0.4978	-0.5990	-0.0062	2.2794	0.6142	-0.1041	-0.2220	0.4163	-0.7760	0.4378	1.2665	0.7034	1.1718	-0.0676	0.3483	-0.0707	0.6248	-0.3266	1.3762	1.4103
-1.1768	1.8277	4.6329	-1.6955	1.6480	-0.9745	-2.9511	-4.1287	-0.2547	2.6200	1.2062	-1.5775	0.7776	0.2277	2.1274	0.5021	2.0631	-0.9781	0.5618	-0.4039	-1.5920	0.5455	0.6384	1.9649	-0.4196	0.2166	1.4196	1.8554	-0.4483	0.6112	-0.5402	1.5700	2.7484	0.9951	-1.2135	-0.3887	0.9804	0.1724	1.1051	1.3745	1.6522	1.7010	-0.6130	1.3451	0.0102	0.5969	-0.3780	2.3405	-0.0138
-1.6407	1.4895	4.3846	-1.9422	-0.6207	-0.5774	-2.8451	-3.4733	-1.6235	1.3931	0.8267	-1.6529	0.1098	-0.1087	1.7658	1.2069	1.5701	-2.7411	-0.1261	-2.2047	-1.4711	0.6166	1.6449	3.2635	-0.8114	0.6999	0.3876	0.7897	-0.6776	0.1131	-1.0319	1.3898	-0.2374	-0.3797	-1.6589	0.2955	1.2871	-1.2326	0.6862	0.4041	1.7151	1.2560	-1.5768	0.3844	-0.5618	0.6552	-1.6324	1.4228	-1.0962
-1.1176	0.7362	2.6205	-0.5991	-1.3879	-0.2325	-0.0747	-2.8119	-0.8311	0.8662	2.5115	-1.7675	-0.0376	-0.3014	1.4673	0.6967	1.5925	-2.7367	-0.6911	-0.8131	-0.9439	-0.8919	1.2705	0.2946	-1.0670	0.8206	-0.1312	0.0326	-0.2339	0.1154	-0.0482	-0.1166	0.4283	0.2547	-0.8507	0.8552	2.4186	-0.1231	0.4070	-0.3335	0.2916	-0.0558	-0.8606	-0.5446	-1.0578	-2.2938	-0.7129	0.4677	-0.7997
-0.3220	-0.1931	0.1395	-1.1255	-1.1974	0.1550	1.0236	0.0207	0.9184	2.4235	1.5636	0.5508	0.2098	0.5881	1.8170	-0.0511	2.3103	-1.7388	0.0477	-0.3489	-0.9653	-1.3204	1.5322	-0.7807	-1.5357	-0.0503	0.1257	-1.7210	0.5539	0.3848	1.4582	0.7200	0.4651	-0.0033	-0.0665	0.0136	1.1934	-0.1143	-0.0555	0.9760	-0.2917	-0.7018	-0.7128	0.4592	-0.5316	-0.6498	0.4430	0.4393	-0.3162
-0.7511	-0.5085	0.0957	-1.1347	0.3306	0.9748	0.7719	1.2140	1.5099	1.6453	0.5248	1.1007	1.1184	2.1044	0.0913	0.2774	1.8671	-2.0347	1.1374	2.0671	0.7577	-0.0697	0.0824	-0.0613	-1.2086	1.5589	0.6815	-0.8232	1.2470	1.1247	1.2016	-0.4877	-0.4019	0.7858	0.5636	-0.6462	-0.7718	-0.3275	-0.6931	-0.0247	-0.8266	-1.4298	-0.6836	-0.4493	0.5157	1.5890	-2.1026	0.1670	0.2171
-2.1955	-0.5419	-0.7774	0.3170	1.5170	1.2159	-0.4893	0.9375	2.1003	1.4013	0.9935	1.4260	0.8489	2.8793	-0.5141	0.3418	1.4227	-2.2192	1.5138	2.5387	0.8472	-0.8095	0.9296	1.3160	-2.2792	1.7017	0.0295	-0.4612	0.7588	-1.5513	-0.4527	-0.9259	0.2309	1.0094	0.7073	-0.9763	-2.1321	-0.5755	-0.3553	-0.6430	0.0165	-2.8670	0.4949	0.3171	-0.7962	0.2467	-2.0372	0.3583	-0.6238
0.2622	-0.3355	0.7375	-0.0622	1.5101	-0.3316	0.2085	2.2149	1.0425	1.4272	2.3153	0.8418	0.9499	2.1918	-0.2400	0.4028	0.9211	-0.4017	1.8704	1.7590	0.7946	-0.0361	-0.7293	1.0669	-1.3844	1.2390	-0.5707	0.7669	1.4140	-2.6657	0.7811	-1.4296	0.7645	0.8344	0.5323	-0.2696	0.6951	-0.1666	0.0990	-1.4974	-0.9780	-2.6270	1.2520	1.0547	-1.1756	-1.0826	-0.1386	-0.3849	-0.7049
4.8098	-0.1430	0.3570	-1.2723	1.4018	1.4085	1.0952	3.6955	2.0588	1.0660	1.7828	3.6251	0.2492	1.2762	0.9497	0.3815	-0.6651	1.0840	1.6785	-0.2446	0.8256	0.2210	0.0506	0.4953	-0.8490	-0.3765	-2.4075	0.8565	1.8232	-1.1127	1.6761	0.3020	1.0529	-1.1762	-0.3760	-0.2355	0.9313	-0.0128	0.3546	-0.0274	0.6174	-3.0359	0.6391	0.9146	-1.5385	0.9597	0.3683	0.0727	0.7869
2.9117	-0.3579	0.7717	-1.5419	1.4078	0.1550	0.0833	2.2397	1.3597	0.6127	0.3864	2.8453	0.8567	0.7134	1.1542	-0.0307	-0.1929	0.3117	1.7749	-0.5844	0.4903	-0.2475	0.7670	-0.9364	-0.9693	-0.5071	-1.6539	0.9267	2.0535	-0.1540	1.8991	0.3534	1.1042	-0.5053	-0.7730	-0.0710	-0.2264	0.1366	1.1336	0.2934	0.8916	-2.3746	-0.7033	0.9473	-2.0906	0.6408	0.3843	-0.3508	0.6751
2.7871	0.0588	0.0767	-0.1599	-0.2473	-0.1823	-0.0255	2.2073	-1.4950	0.0441	-0.2166	1.1287	1.5459	-0.3151	-0.4195	1.0082	-0.9290	0.3167	1.8394	-2.5519	0.6890	1.3876	0.3852	1.6287	-0.9715	-0.6711	-0.6763	-0.0416	1.5822	-0.2824	1.2317	-0.9933	-0.9306	-0.8531	-0.6676	-0.3115	0.3539	-1.3376	1.1324	-0.3934	0.5043	-1.7648	-1.3667	0.3738	-1.3898	-0.3797	-0.1755	-0.7661	0.2812
1.8919	0.0121	-0.9213	1.0110	-1.1320	-0.2125	-1.6308	1.7336	-1.6654	0.1321	-0.8918	-0.1811	0.2796	-1.2450	-0.6486	0.3544	-1.1134	0.9693	-0.4037	-2.9813	1.3589	0.8370	-0.5461	1.4039	-0.5195	-0.7795	0.2080	-0.6090	0.8803	0.8833	0.3532	-0.0174	-1.5868	-1.5411	0.0824	-0.0342	-0.8597	-1.4992	1.2179	-0.3473	0.5319	-0.3164	-1.2012	0.1210	0.5095	0.8057	-1.1938	-0.6349	0.1016
3.1584	1.0406	-2.3522	2.2009	-0.0422	-1.4661	0.1946	2.2698	-1.1968	2.3801	1.0046	1.0129	0.0199	-1.2276	3.0946	-1.3324	-2.4980	-0.1014	-2.5529	-0.7354	-0.1670	1.1056	-0.8295	-1.2805	-0.0225	-0.1938	-0.5922	0.0299	-0.1007	1.3631	0.5494	1.0852	-0.6493	0.0405	-0.7249	-0.0163	-0.3390	-0.5861	1.2839	0.7750	-0.0013	0.6271	0.1535	0.7162	1.6283	2.1690	-0.7017	-0.1742	1.9135
-0.1027	-1.0187	-1.6144	2.5793	0.8380	-2.2697	0.8044	1.5240	0.8864	-0.2949	-1.3614	-0.9435	-0.1213	-0.2702	0.6620	-1.1042	-1.3556	0.3879	-1.4380	0.8508	-1.5792	0.5051	1.1149	0.1526	-0.2747	-0.7694	-1.1140	1.6960	-1.6891	-0.3314	-1.3601	1.5612	-0.0162	-1.8394	-0.7151	0.1545	0.4074	-0.3400	0.0597	-0.6815	-1.2072	0.8101	-1.3349	-0.7493	-0.8068	-1.6321	-0.1703	0.9408	1.9383
-0.8596	-0.3961	-0.0397	3.5973	1.4393	-1.8350	0.1595	-0.1703	0.2174	-0.5619	-0.0767	-1.9181	0.1633	-0.8081	0.5362	0.0646	-0.8152	0.9563	-1.2069	0.5429	-0.2175	1.2589	0.5097	-1.2138	0.5511	-0.2577	0.1560	2.5552	-1.0373	-0.9123	-0.1658	1.1590	-0.0446	-2.2077	-0.3776	1.5312	-0.8200	-0.6518	-0.7976	0.5111	-0.6668	0.9712	-2.3861	-0.2482	-0.4714	-1.5858	-0.2770	1.3060	1.6519
-0.6298	1.3249	-0.8609	4.7858	1.9449	-0.7475	-0.3079	-1.2010	-0.4950	-0.3006	-0.0173	-1.3738	0.1076	-0.6166	2.0028	0.4327	-1.5708	1.4363	-2.0934	0.4494	-0.6206	0.2997	1.2471	-1.2114	0.7471	1.2721	-0.0756	2.8091	-1.3500	0.5723	-0.2369	1.8294	0.8715	-0.7208	-1.2153	1.0880	-0.4053	-0.9001	-0.8972	0.6149	1.3814	0.2597	-0.5352	1.4661	-0.5307	0.8285	1.2885	1.1288	1.6797
-0.7913	1.2364	-0.8983	2.5665	0.8917	-2.0587	-0.2977	-0.9825	-2.0734	0.9704	0.3857	-1.4363	-0.1219	-1.3391	1.7552	-0.4942	-1.3401	1.7653	-2.0249	-0.4628	0.2023	1.0628	1.2560	-0.9774	0.6863	0.7820	-0.1737	0.9552	-0.5394	1.1795	-1.0448	0.3946	-0.0547	-1.2274	-0.9796	1.4205	0.4854	-1.1032	0.5214	0.3485	1.3346	0.9242	0.6622	1.4164	-0.1602	1.0425	0.2842	0.3927	2.3836
-1.2380	-0.2006	-1.7477	0.4719	-1.5651	-1.1779	0.0358	-1.8963	-0.4686	-0.5379	0.3439	-0.8061	-0.6251	-0.8079	-1.0191	0.3968	-1.0749	-0.1950	-1.3489	-1.6524	0.2500	-0.9968	1.9359	0.7055	-0.9050	-0.4885	-0.0659	-0.6648	-1.2271	0.4510	-1.2112	-0.3056	0.9410	-2.5938	-0.8351	-0.3298	0.4904	-0.9005	-0.5194	-0.5563	1.1134	0.3490	0.2481	-0.2788	-0.5592	-1.1565	-2.5285	-0.1049	0.0396
0.0442	-1.1206	-0.7121	-0.8327	-1.1459	-1.4093	0.9585	-0.5479	0.5850	-0.0344	0.3705	0.1267	-1.5874	-0.6078	-1.1567	-1.3259	0.1473	-1.3232	-0.7928	0.2762	-0.6478	-2.2324	0.2050	-0.0326	-0.7834	-0.6369	0.3773	-1.1993	-0.5804	-0.8101	0.3608	0.0258	0.0874	-1.2073	-0.6325	-1.5140	0.7500	-0.3608	-1.9184	-0.6797	-2.0749	-0.1651	-1.6251	0.0022	-1.2777	-0.1542	-1.2889	0.1985	-0.5993
-0.5106	-0.3552	0.5832	-1.1640	-0.8468	-1.4911	0.3176	-0.7967	0.7069	-1.0598	-0.6768	-0.9846	-0.5478	-0.1528	-1.4056	-1.8193	-0.2902	-0.4626	0.2074	0.3414	-0.0368	-0.6485	-0.5015	-2.4866	0.2255	-0.4121	1.0239	0.2583	-0.3192	-1.1678	0.1211	0.7084	-1.1252	-0.3238	-0.8965	-1.0905	-0.8001	-0.2870	-1.3318	0.1187	-1.5300	0.5048	-2.0779	0.0397	-0.5284	-0.7327	-0.7495	1.2780	-0.3153
-0.2606	1.7320	0.0514	-0.5795	-1.1347	0.5708	-1.2451	-1.6479	-1.1476	-1.0904	-1.5467	-1.3329	0.5225	-1.3251	-1.2814	0.0059	-1.4934	0.2797	-0.7643	-1.1917	0.4384	0.6877	0.0907	-1.7308	1.0510	0.1678	0.9226	-0.4091	-0.8407	0.5819	-0.6714	1.2427	-2.0903	-0.7749	-0.2307	-0.5602	-1.9136	0.9691	0.0551	1.3131	1.3195	1.6936	-1.6503	1.0834	1.1948	-0.7389	-0.5780	0.8726	-0.9273
0.0386	2.4658	-1.3872	-0.4768	-0.5746	0.6687	1.3043	-1.3524	-1.0991	-0.1702	-0.1061	-1.6253	0.7845	-0.6497	-1.2504	0.2655	-1.4189	1.1763	-0.9346	0.3487	0.5308	-0.5692	-0.8111	-1.5353	0.8732	0.6387	1.0243	0.2661	-0.9329	0.2512	-0.4719	-0.9350	-0.2836	0.6858	0.0101	-0.1558	0.8497	2.4395	-0.5343	0.7598	0.7214	0.8687	-0.5012	1.9323	1.1605	-1.2507	-0.0027	0.3570	0.2377
0.4703	1.6254	-1.1712	-1.1105	-0.2456	-0.0310	-0.2123	0.6226	0.9297	-1.3541	-0.9736	0.1918	0.4433	-0.6688	-0.0018	-0.6064	0.9580	0.8439	-0.4558	0.5060	1.4846	-0.0919	-0.7823	-0.5933	0.5553	1.2115	0.8371	-0.8216	-0.1927	1.0860	0.0116	0.0611	-0.1274	0.0255	1.0203	0.4191	1.0789	1.7146	0.4452	0.8420	1.3110	0.6397	-0.5630	1.7721	2.6958	0.5036	-0.3272	0.5674	0.5950
0.1363	-0.3488	-1.3540	0.0409	-0.0942	1.9403	-0.3067	-0.8638	1.1108	-2.8126	-2.2948	0.5932	0.7584	0.0076	-0.1120	0.2624	0.6880	-0.1880	0.4573	-0.3741	1.2675	0.4694	-1.5431	0.1577	1.0795	0.9836	0.0821	-1.5390	-0.3625	0.2349	-0.5952	0.0689	-0.1510	-0.2946	1.1893	-0.2087	-0.8940	-0.1106	1.0675	-0.2546	0.4709	0.5172	-0.0951	0.0260	2.4271	0.1679	0.5459	0.7177	-0.2208
0.7804	0.2068	-0.7853	-0.8719	-0.7054	1.6234	0.8428	-1.2003	0.9003	-0.6621	0.5091	2.1729	-0.4967	-0.1252	1.1381	-0.5287	0.9383	-1.3770	-0.1217	1.5856	0.7600	-0.6111	-0.6349	0.5847	0.4282	-0.6046	-0.9933	-2.1888	0.6085	0.2985	0.8161	-0.0376	0.1309	1.3593	1.0710	0.1679	0.2738	2.5237	0.8080	0.3743	-1.4672	-0.9831	1.3933	-0.3525	1.7656	0.2306	0.5679	-0.2158	-0.7854
-0.3476	-0.9785	0.4511	-1.2591	0.1473	0.6187	0.0519	-0.4370	1.5710	-0.5253	-1.8989	2.3272	-0.5296	1.5610	0.8568	-0.3958	1.9212	0.1895	1.0225	1.4250	1.0542	-0.0644	-0.9239	0.3820	1.3188	-0.0949	-0.7259	-1.4556	0.4970	-1.0837	0.7418	-0.8922	-1.5996	2.1597	0.6501	0.3784	-0.3401	1.3193	0.1271	-0.5650	-1.8091	-0.3645	1.5005	-0.8279	0.7268	1.0482	1.4913	-0.8676	-2.5757
-0.8814	-0.9024	-0.1402	0.6307	-0.0265	2.2046	-1.8381	-0.9919	-0.1239	-1.5311	-1.6457	1.5785	0.5248	0.5845	0.7291	1.4369	1.1924	-0.1796	-0.2204	-0.8502	1.5806	0.0224	-1.1444	0.3444	1.7427	0.1491	-0.6924	-1.8540	0.4935	0.4992	0.7999	-0.6889	-2.1393	0.7616	1.0245	-0.0227	-1.5601	0.2331	0.8442	-0.1390	-0.5326	1.2937	1.0230	-1.1188	1.7743	1.5295	1.1648	-0.8936	-2.9246
-0.4796	-1.6180	-0.9232	0.2667	-0.1113	2.9104	1.3143	-0.3412	-0.3384	-0.2238	-0.0193	1.9893	-0.1046	0.8216	1.0412	0.2586	0.3680	0.4773	0.0740	-0.2498	-0.1101	-1.1740	-1.4317	-0.5274	1.4430	-1.1949	0.0154	-1.1752	-0.1372	0.1020	1.7067	-0.5376	-0.4182	0.6683	0.0916	0.4152	-1.0033	1.2375	0.1026	-0.5836	-2.1903	-0.6099	2.2662	-0.8241	1.4870	0.4943	2.0604	-1.0906	-1.8843
-1.3037	-2.0363	0.9194	-0.2183	0.4866	1.4064	-0.7051	0.0824	-0.8789	-0.7230	-1.1653	0.9814	-0.6663	-0.4997	-0.4271	-0.3862	1.7556	0.7821	0.2886	0.1706	0.6301	0.0434	-0.3087	-0.9356	2.5045	0.3301	0.2466	-0.7116	-0.3541	1.6672	0.8939	-1.0143	-2.2848	0.0475	0.7024	1.4647	-1.1858	0.4155	1.5580	-1.1817	-0.1884	0.3264	1.3460	-0.6740	2.0286	0.4712	2.7124	-1.5655	-1.1349
-2.0368	-2.3534	0.2576	-0.3551	0.6723	2.8657	-0.4272	-0.4988	-1.0398	-1.4480	-2.5806	0.3633	-0.0643	0.1450	-0.7968	0.3831	1.2725	0.5812	-0.0602	-0.5754	-0.5599	0.5906	-0.7054	0.1702	2.5562	0.3044	-0.2160	-0.5414	-2.0102	1.3777	-0.4795	-0.7085	-2.4254	-0.1036	0.1305	1.2098	-1.4687	1.3422	2.1601	-0.3134	1.3016	1.5407	1.4401	-1.0105	1.7744	1.1925	2.1032	-1.7026	-0.1955
-1.9899	-2.0283	2.0244	-0.0278	0.0552	1.7746	-0.2685	-1.2757	-2.3266	-1.0556	-0.1298	-1.9399	0.2144	-0.4736	-0.4107	1.0516	1.0934	0.8787	-0.7462	0.5260	-0.6007	-0.0955	-1.8979	-1.0202	3.0481	0.1917	-0.5487	-0.6121	-0.9931	1.7007	-1.3068	-1.4875	-0.6723	-0.1701	0.6064	1.7752	0.4606	2.6507	2.7530	0.2692	0.2336	2.2762	2.0214	-1.9793	1.2577	0.2713	0.7786	-2.1735	0.2888
-0.5400	-1.2371	0.2616	0.8161	0.1078	2.3780	-0.4137	0.2906	-1.5669	-0.2445	0.7336	-0.8625	1.5472	-1.2576	0.9955	3.8598	-0.4950	1.4417	-1.0344	-0.5510	-0.6054	-0.4502	-0.6756	-0.4225	1.7384	-0.3627	0.6633	0.9575	-0.6667	2.1829	-1.3817	0.0855	1.8723	-0.1048	-0.2829	1.4939	-0.0566	2.4130	0.3966	1.8435	0.9967	0.7952	2.8840	-0.9549	1.9775	1.6125	1.0616	-1.7051	0.3342
0.1058	-0.1497	1.0100	-0.8161	1.5030	-0.6389	-1.1967	0.1439	-1.1337	0.5190	-0.9693	-0.4902	0.5632	-0.5327	1.0599	3.2329	0.2652	0.6943	-0.7550	0.0567	0.4420	1.5366	1.3774	1.4892	0.6611	1.0720	0.8472	1.8128	0.6825	2.0469	-1.1560	1.2838	0.5033	0.0557	-0.7068	2.4132	0.9983	0.3042	0.2615	0.6001	1.0934	0.2970	1.6563	0.8229	2.0169	2.7092	1.9718	-0.6654	1.1435
-0.7101	-0.4244	-0.0145	-0.3149	-0.0740	0.8841	-0.5659	-0.0530	-1.1369	-0.3048	-1.0925	-0.4325	0.2793	0.1626	-0.0172	2.5897	0.5285	-0.1123	-1.0132	-1.2209	0.1046	1.0576	0.6732	0.6673	0.6988	0.3508	-0.1759	0.6576	0.0410	1.5260	-1.3373	0.4582	-0.0934	-1.0409	-2.0806	1.2027	1.6012	0.4396	0.9698	0.3922	1.5841	0.3346	1.9559	-0.0755	1.2269	1.5202	1.2256	0.1760	1.5051
-0.7314	-0.5920	-0.0721	-0.1503	-1.3853	0.5394	0.0058	0.2170	-1.6326	-1.3635	0.8328	-0.3960	0.3227	-1.1431	0.5724	0.4265	0.6723	-0.8534	-2.3941	-0.7428	-0.9339	-2.3337	-0.6966	-0.8785	0.9276	-1.5653	0.4060	-0.0288	-0.2377	2.2186	0.1225	0.2392	2.0831	-0.4819	-1.8144	0.9911	1.2834	1.8572	0.8921	0.3461	1.3601	0.1876	1.7468	-0.6000	1.7146	0.9598	1.0322	-0.7907	1.5070
0.0054	-0.8192	-0.0452	-0.6312	-1.1546	-0.2178	0.5045	1.2859	-0.6915	0.6686	0.0144	-0.0230	0.1335	-0.7678	0.9143	-0.6000	0.9882	-0.4324	-1.2859	-0.5129	-0.3873	-1.6852	-0.7079	-0.6565	0.6516	0.0269	-0.4908	-0.8389	-0.4041	1.2313	-0.5174	-0.2267	-0.7454	-0.2764	-1.1409	0.1331	-0.2275	3.0728	1.7455	0.7786	2.1804	0.6425	1.5304	-0.1927	0.8804	1.3688	0.6395	0.0036	1.8776
-0.5534	-0.3286	0.0716	-0.1679	-0.8685	0.1587	-0.0482	-0.5890	0.7766	1.4536	-0.1218	-0.7633	0.1114	0.6778	-0.0993	-0.8939	0.9350	0.4864	0.6989	1.2348	0.6028	0.7210	0.0003	-0.9201	0.8165	1.0253	0.8711	0.0303	-0.3021	0.6010	0.4101	-0.1973	-0.1859	0.7435	0.4898	0.0091	-1.3296	1.4735	1.2860	-0.2329	0.9788	0.8501	0.4492	-0.0260	0.5160	0.2702	-0.2710	1.2360	0.9386
0.2029	1.5529	-0.2957	-0.4380	-2.0612	1.0149	0.3281	-0.4950	-0.8034	0.4648	0.5093	-0.7310	-0.7708	0.2632	-1.6416	0.0397	0.2775	0.2890	1.2005	-0.0218	1.3774	1.9263	-0.7232	1.1263	0.0123	0.7180	0.0497	-0.5897	0.2553	1.0243	0.8858	-0.4656	0.2393	0.7178	1.3886	-1.4981	0.8380	0.4678	-0.2216	-0.0964	0.2036	1.5136	-0.2569	-1.1098	0.2559	-1.0560	-1.8836	1.3884	-1.2054
-0.1354	1.4110	-0.7752	-0.8008	-1.4661	0.1808	1.5383	-0.1004	0.5076	0.4529	-0.0959	0.1061	-1.0144	0.9159	-0.3701	-0.4300	-0.4588	0.9906	1.8890	2.4533	-0.6007	-0.8019	-0.3264	0.3941	-0.5403	-0.8714	1.3310	0.0344	-0.3070	-0.6742	1.0873	0.2024	1.6919	1.2997	0.6607	-1.4412	0.3393	-0.2788	-2.2669	0.1659	-0.9515	0.1799	-0.3436	-0.1345	-0.2420	-1.4147	1.0812	1.0269	-0.0846
-0.6825	0.3284	-0.7102	-0.5668	-1.5599	-0.2996	0.7817	0.2437	0.1864	0.2673	0.3459	1.1105	-1.9264	0.9053	0.3478	-1.7219	0.5299	-0.2796	1.1703	0.0440	-0.1588	0.7214	1.5019	-0.7183	-0.7816	-0.4168	0.8770	-0.4129	0.3248	0.3051	1.8298	0.6100	-1.4876	0.4655	0.0972	-0.3713	-0.6510	-1.1235	-2.0844	0.7949	-0.0622	-0.5493	-1.2678	0.6710	-1.4884	-1.4128	0.6062	0.3842	0.8482
0.3350	0.1427	-0.7743	-0.0241	-0.8697	-0.4052	1.3918	-0.6967	-0.4264	-1.0342	0.5523	0.9645	-1.5150	1.2109	-2.3671	-1.8091	0.5446	-2.9097	1.0439	-0.5843	-0.2344	-0.1959	-0.1807	0.3992	-2.3571	-0.1351	0.0553	-0.6420	0.5741	-0.8240	1.1450	-1.1079	-0.7041	1.4312	-0.3577	-1.7876	0.4697	-0.6576	-1.6033	0.0354	-0.1445	-0.5326	-1.9828	-0.7093	-2.9793	-1.6652	-0.9500	-0.6309	0.2232
1.7125	-0.0280	0.3325	-1.1846	0.2417	-2.7202	1.4726	-0.9637	0.5176	-0.3139	0.7397	0.8735	-1.0415	-0.0464	-1.3359	-2.6560	1.2108	-2.6869	0.6780	0.2424	0.1649	-0.3439	-0.5142	-0.7652	-1.8477	-0.0151	0.8343	0.2831	1.3370	-3.0490	1.6547	-0.5101	-0.1762	2.2580	0.5180	-1.0691	0.0780	-1.0292	-0.3050	-0.0088	-1.1188	-0.6573	-2.7497	0.4610	-1.3024	-1.5760	-0.2799	-0.6056	-0.1429
1.6840	-1.1226	-0.0900	-0.4906	0.4859	-0.2598	1.2001	0.3793	1.0316	-1.2148	0.2843	1.0719	0.5482	0.3779	-1.1027	-0.0569	-0.7102	-1.1534	1.1403	-0.4147	0.0716	-0.0982	-0.3490	0.3202	-1.2327	0.9614	0.2206	0.0895	1.2149	-2.3533	-0.3984	-0.4460	-0.3051	1.6134	1.1549	-0.9769	-0.8482	-1.8632	-0.4058	0.0637	-0.9884	-2.2595	-2.5708	1.6724	-1.8220	-1.0130	-0.2195	0.0695	-0.3967
1.3859	0.2502	1.0095	0.4050	-0.3167	-0.1202	0.4486	0.8290	0.1998	-0.8955	2.1551	-1.2391	0.8579	0.0959	-1.2828	0.1625	-1.7003	-0.5803	-0.2640	-0.2520	1.1565	-0.7556	-1.8117	-0.7638	-0.6419	-0.1242	-0.8832	-1.1262	1.8713	-0.8942	-1.3242	-2.1573	0.4285	0.2750	2.0997	-0.8702	0.6737	-0.5699	0.6194	-0.7961	-0.5509	-1.5725	-1.9167	0.9509	-1.7700	-1.2482	-1.7105	0.5033	-0.3670
1.8893	0.3949	-0.1935	0.1216	-0.0252	0.2611	1.1078	1.0580	1.3852	1.7501	1.6813	1.0503	0.3478	0.1046	0.1829	-0.7384	-2.0398	-0.2901	0.2932	0.0503	1.1475	-1.0719	-1.0346	-0.3209	-0.5043	-0.0255	-0.2466	-0.9749	1.3887	-2.1486	-0.3177	-1.4233	1.7040	0.0282	1.8916	-1.9806	0.4973	-0.0583	-0.5083	0.2641	-1.5347	-2.5129	-0.7264	1.6507	-1.0346	-1.0844	-0.8372	0.6324	0.1552
0.6975	0.2150	1.1970	-0.5603	1.1204	-2.6110	-0.8123	0.7548	1.8711	0.1235	0.3390	1.1962	-1.4426	0.1660	0.9818	-1.6622	0.3938	0.3472	1.4927	0.9482	1.9654	0.0865	0.7366	0.7975	-0.0832	0.4713	0.3959	-1.4577	2.4385	-2.4852	0.2147	-0.4404	1.4947	-0.0575	2.1779	-1.5962	0.4737	-0.2459	0.8333	0.3701	-0.9469	-1.2082	-0.6629	1.2706	-1.2497	-0.5779	-0.6367	0.9959	-0.2908
0.5992	0.4582	-0.0588	1.1377	1.4898	0.2453	-0.3609	0.7802	1.3220	0.1724	0.4450	1.2085	-0.1380	0.3618	0.3585	0.2908	-0.7964	0.7777	1.2422	0.2914	0.7389	0.4614	0.3792	0.2264	-0.6196	0.1919	-0.4020	1.0704	0.5714	-0.8585	0.3668	-0.8397	0.2905	-0.2133	0.9010	-0.7851	-0.5578	0.6261	0.3236	-0.1479	0.0028	-1.8055	0.8938	-0.0397	-0.8674	-0.6874	0.4223	-0.1592	0.1280
-0.1455	1.4702	0.7358	0.7687	0.9253	-0.4959	-0.9037	-0.0887	0.7270	1.3160	1.0284	-0.4726	0.1850	0.0649	0.2271	0.4696	-0.9981	1.2440	0.7923	-0.1269	0.2692	1.0400	1.2434	0.7901	-0.2004	-0.3755	0.0013	2.4722	0.0900	1.2397	0.1478	0.0967	1.3184	0.1069	-0.7345	-0.0513	0.0159	-0.2385	0.1577	-0.8931	1.1749	-0.3573	1.1661	-0.1905	-0.6133	-0.6783	-0.4655	0.1977	0.0380
0.6793	1.3998	-0.2941	-1.1364	-0.9960	-2.4891	0.3593	-0.0415	-1.2987	0.2829	0.7419	-0.4554	0.3474	-0.8734	-0.4473	0.7473	-1.6337	-0.1544	-0.4145	-1.7827	0.0665	2.1578	0.4958	1.8853	-0.9288	-1.4622	-1.1940	0.7716	-0.0369	-0.2382	-1.1545	0.8179	0.1027	-1.0605	-1.7863	-1.1041	1.9841	-0.3359	-0.1333	-0.1732	1.2547	0.7717	0.1454	-1.7301	-0.0703	-0.4139	-2.3628	0.8685	-0.1098
0.2962	0.0946	-0.3376	-1.1283	-0.2245	-2.2154	0.1652	-0.2065	0.9006	0.0179	-0.3328	0.2628	0.0214	0.0112	0.6079	0.1172	-0.9402	-0.8487	-0.1328	0.8117	-1.9724	-1.0377	0.6370	0.3486	-1.8441	-1.6275	-0.5484	0.4715	-0.3981	-1.8156	0.2155	1.7718	0.8788	-0.0292	-1.3980	-1.1480	0.9471	-0.3915	-2.1228	0.0568	-0.7087	0.1273	-0.3431	-0.6495	-0.4396	0.0303	-0.5531	0.6664	-0.1096
0.4578	-0.2382	0.5219	-0.5057	-0.0230	-0.6924	-0.6266	0.5185	0.5081	0.5631	-0.1481	-1.1654	-0.0152	0.1287	-0.4929	-0.7768	0.2988	-0.0482	0.3877	-0.9829	-0.4125	0.2482	1.1270	-1.7508	-1.6849	-0.4309	0.2746	1.0756	-0.0230	-0.5507	0.6983	0.3654	-1.0324	0.2186	-0.7745	0.5730	-0.7410	-2.0766	-1.6517	0.5257	0.4425	0.7551	-0.4438	-0.2148	-0.4888	-0.6054	-0.6231	0.1427	-0.4549
-0.5542	-0.1008	0.0264	1.3168	0.5381	0.7125	-1.1454	-0.2962	0.3840	-0.5008	-1.1844	-1.2755	0.8419	0.2131	-0.9225	0.1108	0.0482	0.2288	0.6031	-0.7156	-0.6925	0.4045	1.1520	0.3180	-1.2663	0.4026	-0.0376	0.4179	-0.4491	-0.0347	-0.6210	0.2577	-0.3952	-0.5249	-0.5469	0.5573	-1.6480	-3.2508	-0.8693	-0.3743	0.4595	0.8981	-0.6153	-0.2462	-0.7604	0.9524	-0.2459	0.1713	-0.8708
-0.2006	0.8116	-0.5261	0.8693	0.3585	1.0587	-0.4913	0.3538	-0.2514	1.1195	0.2790	-0.0719	0.7659	0.0637	0.5359	0.1381	0.2677	-0.1350	-0.8674	0.6791	-1.7115	-0.5289	-0.3703	0.6328	-0.5661	-0.7593	-0.0914	-0.7135	-0.6808	0.7355	0.3532	0.5986	-0.0668	-0.7428	-0.0795	1.0430	-0.1591	-0.4874	-0.4585	-0.0845	-1.2859	0.5608	-0.1343	0.4904	0.5696	1.1571	-0.0635	-0.4895	-0.1397
-1.5225	-1.2053	0.1866	0.5769	1.1840	0.8382	-0.7570	1.1813	0.4140	0.3382	-1.5840	-0.9507	-0.7454	1.1342	0.4775	-0.0031	1.1477	0.9581	-0.1510	0.9156	-2.3698	-1.1355	-0.4901	0.1854	0.6485	1.2430	0.7164	-0.4074	-2.1386	0.4070	-0.9074	0.7516	-0.1195	-1.0318	-0.3165	1.8539	-0.4676	-0.7986	0.5410	-0.6215	-1.5076	0.3063	0.4899	-0.1702	-0.1359	1.4630	0.3579	-1.2782	0.1388