IC05	IC08	IC09	IC15	IC16	IC17	IC18	IC19	IC20	IC23	IC24	IC26	IC27	IC29	IC31	IC33	IC36	IC37	IC38	IC41	IC42	IC43	IC44	IC45	IC46	IC47	IC48	IC49	IC50	IC51	IC54	IC56	IC58	IC60	IC62	IC63	IC64	IC65	IC66	IC67	IC68	IC69	IC71	IC72	IC73	IC74	IC75	IC76	IC77
0.3516	0.3680	1.6670	-0.3662	1.2448	0.3584	-0.7783	0.0541	0.0185	1.7695	0.0974	0.0298	2.0203	0.5024	0.8950	-0.3998	-0.4142	1.3228	0.9309	1.0337	-1.4314	-0.1336	-1.5354	2.5624	-0.4989	1.2461	1.0526	1.8839	0.6439	1.0363	0.2770	1.6251	1.1013	0.5189	-0.5106	-1.0392	1.1928	0.3315	-0.1962	1.4453	-0.0113	1.2838	0.9723	-1.4174	-0.4979	0.7065	0.6222	1.0125	0.3902
-0.6216	0.7921	0.4295	0.1763	0.6274	0.0320	-1.4618	0.3814	0.0767	2.9576	0.8880	-1.0166	1.3491	0.7806	0.4048	-0.9462	-0.3264	0.7418	0.8207	0.1984	-2.0029	-0.5721	-0.2812	1.7406	-1.2992	0.1185	-0.1839	0.4182	1.3753	0.9971	0.7959	2.0652	0.1322	0.6092	0.3999	-0.8971	1.7911	-0.5249	-0.8430	1.2706	0.8427	0.2098	0.2469	-0.4715	-0.7135	0.0935	0.0493	1.0569	0.4703
0.0983	0.3102	0.7091	0.1611	-0.3964	-0.2574	-1.0320	-0.6304	0.3567	2.0925	1.0587	-0.5974	0.7237	1.8653	-0.3888	-2.0774	0.3209	0.4823	0.6377	-0.0158	-0.7550	0.1928	-0.6024	0.8043	-0.9981	-0.1353	0.4836	-0.1210	1.0146	0.2435	0.7924	0.9691	-0.5473	-0.0730	0.5236	0.5728	-0.7930	-0.2138	0.0220	0.6774	1.3545	0.1087	0.2083	0.9570	-0.4746	-0.1535	0.9916	0.5698	1.7219
1.1674	-1.0102	-0.6977	0.5316	-0.7804	0.4696	-0.1735	-0.7391	0.1981	0.3121	1.0403	-0.4313	-0.0969	0.8966	-0.0214	-1.5469	-0.1131	0.3278	-0.6039	-0.0062	0.6558	0.9689	0.7320	0.7307	-0.3894	-0.3563	1.9228	0.9881	-0.6996	0.3501	-0.0230	0.4560	-0.2614	-1.8411	-0.2856	1.2230	-0.3919	-0.4481	-0.0890	-0.5432	0.9230	-0.3097	0.0585	0.9223	0.6045	0.4264	-0.0612	-0.7340	0.1679
-0.1324	-1.2027	-2.1846	2.3264	-0.6034	0.2735	-0.1900	-0.1685	0.5289	-0.8030	-0.3843	-1.6957	-1.0223	-0.6238	0.6240	-0.4240	-0.1156	0.4347	-1.8986	-0.5916	1.8417	0.7407	1.5577	0.8969	0.5461	-0.1533	0.8779	0.4951	-1.4750	0.6407	-1.4948	0.5019	-0.5840	-3.5944	-1.1315	1.0660	0.2854	-0.6757	0.5353	-0.5068	-0.1358	-1.3639	-0.5954	1.2875	1.1456	0.8322	-0.9640	-1.1537	-1.1591
-0.7751	-0.1254	-1.6275	1.3391	-1.0385	-1.3386	-0.2064	0.5548	-0.2558	-1.5794	-0.9338	-0.0248	-1.1405	-2.0874	0.7231	-1.2725	-0.3665	0.6870	-2.0795	0.2654	0.9744	0.3585	1.2342	-0.2528	0.5135	0.1142	0.2880	0.4589	-2.2619	0.6998	-2.1520	0.4839	-0.4646	-2.4728	-1.6285	1.6046	-0.0304	-0.0368	1.1861	-0.8013	-0.6873	-0.4760	-0.5847	0.0996	1.0292	1.2428	-1.2427	-0.6464	-1.7605
-2.0404	0.2815	-1.0908	0.1640	-0.5605	-1.4639	-0.8323	1.4850	-1.2910	-1.3873	-1.8029	-0.0277	-0.9126	-1.7968	0.7471	0.0518	-1.4251	0.7623	-1.8819	-0.7217	-0.1179	0.5387	0.3893	-0.8290	1.4098	0.0742	0.0159	-0.3534	-1.5660	0.6540	-2.4237	1.2974	-0.9477	-0.9331	-0.9341	1.0608	0.5769	0.3770	1.5359	-0.3774	-0.5006	1.8050	-0.4104	-0.2506	1.1771	1.7584	0.0619	0.6199	0.1845
-2.3913	1.0183	-0.0870	-0.2400	-0.7977	-0.3083	0.3509	-0.0063	-1.1786	-1.0703	-0.3689	-0.3086	-0.5156	-1.7182	-0.6370	0.9404	-0.7300	-0.0740	-1.0969	-0.0960	-0.1101	-0.7810	-0.8430	-1.3389	0.1533	0.2974	-0.1862	0.7993	-1.7557	0.6757	-1.7290	-0.7794	-1.0664	1.1396	0.3383	0.6511	1.4039	0.5889	1.7192	0.6067	0.8422	0.0959	1.1053	-1.2847	0.4665	0.8438	1.5936	1.1656	2.2501
-1.6975	-0.3112	-0.5924	1.0400	-0.9850	-1.1650	0.3722	-1.0865	-0.5059	-1.1023	-1.2061	-0.7824	-0.6836	-0.9465	-0.9687	-0.0447	0.4692	-0.6897	-0.8515	-1.3397	0.5819	-0.2587	-0.0203	-0.8451	0.5096	-0.0672	0.5299	-0.7067	-0.5540	-1.1544	-0.2938	-0.5448	-0.2396	1.4564	1.9090	-0.5946	-0.8352	-0.4229	0.6825	-0.2205	0.3595	0.1321	-0.8659	-0.1818	0.3435	0.2362	0.3046	1.1414	0.0384
-0.1210	-0.0524	0.0059	-0.1792	0.3220	-0.5536	1.6837	0.5819	0.0051	-0.7700	-0.2156	-0.0538	-0.4707	-0.5269	-0.5599	-0.3060	0.7953	-1.2710	-0.7019	-0.1262	0.1539	-0.1836	-0.4309	-0.7692	0.1245	1.5209	0.5415	-1.0350	0.0247	-1.5970	0.4281	-0.6460	0.8255	2.4358	2.5853	-1.1984	-0.7493	0.8221	-0.3606	-0.1433	-0.3888	-0.5121	-1.1298	0.0212	-0.8316	-0.7777	-0.4032	1.2999	-0.1532
0.1641	0.5068	-0.4320	0.2808	1.1640	1.7908	0.7472	1.0902	0.4232	0.2235	0.7975	0.9590	0.3805	-0.8946	0.0325	0.5166	0.1490	-1.5736	-0.5796	0.4892	0.5718	-0.1074	0.5004	-0.8838	-0.2024	1.9070	-0.1376	-0.0605	-0.0567	-0.6876	0.6727	-0.4731	0.8323	1.8209	2.4094	-1.2410	0.5204	0.2709	-1.0680	0.5126	-0.6443	-1.3467	-1.2848	-0.0129	-0.6868	-0.6250	-1.5026	1.0328	0.1880
0.0738	-0.0605	-0.0155	0.5496	1.3284	-0.0892	0.7506	0.9190	0.1787	-0.5093	-0.1812	0.4240	-1.4430	-0.5350	1.0410	0.1415	0.9203	-0.0469	0.0526	-0.0638	1.2125	-0.0296	0.5572	-0.8853	0.7115	1.1278	-0.3017	0.4547	0.0343	-0.4663	-0.3108	-0.7937	0.9804	0.6853	1.1169	-0.4288	0.4572	-0.1797	0.1337	-0.3460	-0.9558	0.6149	-0.9224	-0.9456	-1.6999	-0.6218	-1.6469	0.9062	-0.0817
-0.8007	-0.6760	0.3906	0.9636	-0.2665	1.0495	0.3233	-1.8282	-0.4173	0.7420	-0.4218	-0.0944	0.6858	-0.8429	0.8000	0.7954	-0.0462	-0.0745	0.4150	-0.8554	0.8169	0.7396	0.3209	-1.5436	1.4240	0.3261	0.2421	1.5474	-0.2625	0.5732	-0.6112	-0.5527	1.1974	-0.3062	0.2949	0.2270	-0.6682	-0.1758	-0.1450	-1.0549	-0.2954	0.2654	-1.3297	-0.2512	-0.1358	-0.3351	-1.7657	0.3641	-0.5501
-0.4960	-0.7154	-0.7102	0.2964	-0.3159	-0.0274	0.3491	-1.4235	0.4997	0.9779	0.1836	1.0130	-0.0322	-0.6329	0.7384	0.5300	-1.1706	0.0602	0.7118	-0.1168	0.1129	0.3580	0.6140	-0.4007	1.3773	-0.0895	-0.0090	0.7591	0.1725	0.1262	0.4984	0.0510	1.5052	0.4858	-0.0573	-0.4600	0.4384	-0.5164	-1.9824	-0.8684	-0.3912	-0.2376	-0.3480	-0.0796	0.1478	-0.3273	-1.0387	-0.6313	-1.2054
0.0187	-0.6995	0.4803	-0.4414	0.1560	-1.2876	-0.2168	-0.3502	0.8342	-0.4526	-0.8334	-0.0252	0.5400	0.1921	-1.1871	-0.1060	-0.7453	0.2029	1.7252	0.5759	0.0483	0.5761	0.2618	-0.6530	0.9239	-1.7152	-0.6181	-1.4579	0.8591	-0.1629	0.9251	-0.0426	0.9032	0.9959	0.4297	-1.4626	0.9262	-0.8640	-2.3633	-1.4390	-0.0556	0.7424	0.0629	-0.4296	-0.7452	-0.5596	-0.1903	-2.3740	-2.0571
1.2427	-1.0173	1.3790	-0.6798	0.2418	-0.3242	-0.4167	1.1827	1.6206	-0.0777	-1.7862	-0.0522	1.6132	0.5180	-1.6420	1.0219	-0.7707	-0.6190	2.6591	0.9995	-1.4799	0.0924	0.3418	-0.4207	-0.7687	-2.3882	-0.3754	-1.4631	0.4297	-0.2178	1.7231	-1.3685	0.2826	0.7356	0.3196	-2.6831	0.5328	-0.5999	-2.2935	-1.0034	-0.3681	0.7056	0.5873	-1.2574	-1.7284	-1.2439	0.1159	-2.3785	-2.0813
1.6170	-0.7678	1.9514	-1.5424	-0.0742	0.5984	-0.2382	-0.2356	0.6331	-1.1800	-0.8348	0.2243	1.6586	0.6785	-1.7756	1.7748	-0.3035	-0.1922	2.9496	-0.1858	-0.8819	0.0984	0.2110	-0.8086	-1.8196	-1.7783	-1.6018	-1.5367	0.6348	-1.0373	2.0569	-2.0460	-0.3315	-0.0055	-0.3004	-2.1532	-0.4520	-0.5772	-1.8788	-0.3091	-0.6605	0.9715	-0.0032	-0.8560	-1.0336	-3.2815	0.3177	-2.6846	-0.5052
1.6225	-0.4841	1.6981	-1.6834	-0.6066	-0.1798	-1.1026	-0.6608	-0.0126	-1.5437	-0.6806	0.4661	1.3078	-0.0115	-0.5197	1.0917	-0.4039	-0.7692	1.9488	-2.1577	-0.0388	0.2041	0.9780	-0.7901	-1.0516	-1.1467	-0.9909	-0.1673	-0.2314	-1.2571	0.9439	-1.3153	-0.9860	-0.3072	-0.8140	-0.7481	-2.7220	-0.7340	-1.2611	-0.4261	-0.5662	0.2539	-0.3431	-0.5167	-0.0225	-2.5391	1.3463	-1.9589	-0.7368
0.9126	1.4741	1.5182	-0.9628	-0.1600	0.8018	0.0552	-0.3803	-1.5930	-1.3770	0.6286	0.3390	0.1935	-0.4651	-0.0859	1.0065	0.9054	-0.2356	0.1424	-1.3853	0.5864	0.9823	-0.1354	-0.6845	0.4579	-0.0769	-1.3762	-0.0949	0.2839	-0.4067	0.2782	-0.7713	-0.6622	-0.5172	-1.2889	0.8230	-1.6693	0.9593	0.3201	-0.0895	0.2270	0.2444	0.4340	-0.0633	0.5091	-2.3472	1.2932	-1.0848	-0.3283
0.0542	1.5851	1.0531	-0.5114	-0.2149	0.8907	1.1206	-0.5463	-0.7784	-1.1984	2.4293	-0.4527	-0.5646	-0.8044	-0.2970	0.4908	0.6444	-1.1405	-1.8906	-1.0203	0.8732	-0.1008	-0.0485	-2.3110	0.7389	-0.0153	-0.3337	0.8038	-0.8926	1.0585	-0.4424	-0.3704	-0.7923	-0.4160	-1.5917	2.2926	-0.9770	1.9997	1.2408	-0.1137	1.2911	-1.8781	1.8220	0.3954	0.6224	0.1366	1.3485	-0.3700	-0.4808
-0.2402	1.4095	0.6980	-0.7507	0.7118	1.5764	0.4906	-0.6762	-0.5765	0.1087	1.0364	0.0872	-0.3141	-0.4807	-0.0468	0.4715	0.9850	-0.5568	-2.4297	0.7741	1.6300	1.3783	0.1916	-1.1114	1.1420	1.2488	0.2303	1.2047	-1.5410	0.1366	-0.8222	-0.8843	0.3219	-1.0424	-1.3130	2.4251	0.5359	2.0479	1.0297	0.6823	0.7356	-1.2843	1.7184	0.9768	1.6932	0.8691	1.1292	-0.1685	0.6221
-1.0101	-0.3094	-0.4676	-0.4988	1.6823	0.4733	-0.8324	0.0132	-0.7005	-0.0659	-0.3795	-0.9196	-0.7145	0.0623	0.0156	0.1926	0.4834	-0.0517	-1.7274	0.1390	2.4272	0.8096	-0.1406	0.1191	0.6695	0.6378	0.1955	0.5870	-0.9821	0.0319	-1.0411	-1.3207	0.7154	-1.0589	-0.6553	0.9728	0.7900	1.1353	1.5129	-0.3213	0.0486	0.1786	1.2923	-0.6206	1.8831	1.1426	0.3349	0.2031	-0.1178
-0.5354	0.6003	-1.0005	-0.5518	2.0520	-0.2886	-0.8037	0.3539	-0.3043	0.2072	-0.0067	1.3343	-1.5235	0.5315	0.6855	-0.5240	0.8607	1.0656	-0.3479	0.5133	1.2138	0.3713	0.0966	0.2999	-0.5399	0.1164	0.0729	0.2419	-0.3471	-1.0605	-0.3776	-0.9194	1.6736	-0.3413	0.2294	0.8713	-0.3051	-0.2958	1.1779	-0.3607	0.0455	0.4331	1.4418	-0.7602	1.4943	1.2933	0.1062	-0.2258	0.4418
-0.3650	0.5328	-1.4000	0.6742	1.4398	1.0534	0.0244	1.2223	-0.6647	0.1315	-0.1055	0.5571	-0.6549	0.8445	1.0355	-0.3130	0.1249	0.0888	-0.5435	-0.6453	0.1624	-1.4186	-0.2701	1.9665	-1.2288	-0.4957	0.5026	-0.7428	-0.1323	-0.2038	0.1662	0.1458	-0.0931	-0.5860	0.9775	0.1179	0.5498	-1.1545	0.3949	0.0388	-0.6198	0.2930	0.0951	-1.2410	1.4214	0.5848	-0.1432	0.3393	1.1456
-0.1388	-1.1824	-0.3525	1.3240	-0.5382	-0.7306	0.1140	1.2871	-1.4701	0.4874	1.2308	-0.2087	0.0105	1.4008	1.4888	-0.7450	0.1464	-0.0067	0.0813	-1.3384	-1.3918	-1.4292	-1.3370	1.5713	-1.2388	-1.7335	-0.0588	-0.7192	-0.0078	0.0496	0.3546	0.9267	-1.3642	-0.9433	0.6548	-0.1520	-0.7453	-0.5235	-0.0843	1.0618	-0.3185	0.1779	-0.5898	-0.1413	-0.5339	-0.2090	-0.3695	1.1102	1.5382
-0.4691	0.1124	0.0532	1.6351	-0.3873	0.1560	0.4433	0.5820	-0.5899	-0.6959	0.1296	0.4247	1.0113	1.9242	1.0478	-0.2252	0.2705	0.8394	-0.2064	0.0694	-0.9760	-0.6407	0.4055	0.8677	-0.6902	0.6344	-0.5890	-0.0704	0.3489	0.8505	0.5840	1.9572	-0.8474	-0.7475	0.2976	0.2613	-0.7715	-1.2600	-0.1481	1.0564	-0.6935	1.0328	-2.3855	1.3039	-0.7821	-0.0746	-0.4177	1.0043	0.0729
0.4587	1.2392	0.1244	0.3748	-1.7644	0.0888	0.2468	0.4464	0.3535	0.2847	-0.3363	1.2586	-0.0535	1.5937	0.9524	-0.4499	-0.6081	0.8480	-0.3503	1.2368	-0.5228	-0.0654	0.6667	0.5860	-0.0106	0.8594	1.7475	0.9379	0.0992	1.3311	0.1869	1.3511	-1.3161	0.0910	0.0664	1.9495	0.0885	-1.4407	1.1098	0.4413	-1.2256	0.0838	-1.7479	1.7761	0.1446	0.9334	0.3679	0.8929	1.0701
0.6297	0.3264	-0.3892	-0.1400	-1.4805	1.4420	0.9753	0.0124	1.4207	1.4855	0.2503	0.1220	-0.9792	0.5731	1.5309	-0.2020	-0.0765	1.5521	0.5901	1.8513	-0.2578	0.6381	-0.2242	1.6116	0.9633	-0.8015	1.4854	0.5409	0.4566	1.9229	0.4455	1.0061	-0.5953	-0.5877	-0.7507	1.7207	-0.2659	-0.8518	0.7729	1.5995	-0.7318	-0.3239	-0.7769	1.7230	-0.3215	0.6005	-1.0422	0.5190	0.5303
-0.0341	-0.8537	-0.9425	-1.4624	-0.7089	0.5344	1.2517	0.4789	1.2783	1.8518	0.8707	-0.0839	-0.7243	0.5299	0.7442	-0.2099	0.1179	0.8438	0.9873	0.7453	-0.5509	-0.8327	-1.0175	1.5393	-0.2923	-1.2664	0.1890	-0.5068	0.6887	1.4628	-0.1046	0.2427	-0.2169	-0.2221	-0.3884	1.6316	0.5877	-0.2491	0.6604	1.7493	-0.1587	-0.2873	0.5706	0.7255	0.6089	1.0065	-1.4928	0.9460	-0.4528
0.8328	-0.8007	-0.9733	-1.9736	-0.9972	0.1496	0.0689	-0.4512	1.0495	0.3516	1.0629	3.0845	-0.1408	1.7206	-0.9165	-0.2081	1.2674	0.8352	1.3678	0.1308	0.1974	-1.4783	-1.9214	0.2817	0.0117	-0.3533	0.9361	-1.3564	1.3905	-0.5817	0.2142	-0.6812	0.4752	0.8297	0.5644	1.1514	-0.6181	0.1845	1.3102	1.0432	0.1232	-0.3439	0.1932	1.3395	0.5670	1.4732	0.0186	1.0782	-1.0970
1.8581	-1.1192	-1.3377	-1.4496	-1.6458	-0.7690	-0.2757	-1.4807	0.0957	0.1365	0.7425	1.5469	-0.7166	1.9170	-1.0073	0.1763	1.1702	-1.7117	1.1531	0.2765	-0.1732	-3.7221	-2.4624	1.3578	-0.0631	-0.4982	0.0495	-1.3971	2.2149	-1.6840	1.1254	-1.0296	-0.3844	2.0463	0.2392	-0.5955	-0.0430	0.3794	0.5180	0.6131	0.0905	-1.9679	0.1865	0.4359	0.0240	1.0074	0.8739	0.8087	0.0655
1.2073	-0.9727	0.2233	-0.1550	-1.1978	-0.6866	-0.6457	-0.5389	-0.6212	-0.4606	-0.1149	0.7376	0.2372	2.4991	-1.1126	0.3774	1.5163	-2.1056	1.4174	-0.2087	0.1319	-2.6505	-2.7682	1.6006	0.4323	-0.9939	-1.2412	-2.1746	3.0287	-2.2191	2.3311	-0.1870	-0.7078	2.1701	-0.0173	-1.3280	-0.6465	0.5640	0.4554	0.6958	0.4784	-1.0302	0.3727	-0.1298	-0.1350	0.8145	1.6558	0.2801	0.6124
1.1326	0.0114	-0.1086	0.6860	-0.3807	0.0063	-1.1472	0.2661	-0.1823	0.1642	0.8903	-0.5069	0.0842	2.7666	-1.6579	0.8761	0.9382	-2.4194	0.6699	0.9895	-0.8977	-1.7605	-1.9408	0.6592	-0.1054	-0.5411	-2.0415	-2.6195	3.3587	-1.3014	2.8705	0.4071	-1.0241	1.9721	-0.3302	-1.9492	-0.5543	1.1701	0.5102	-0.2203	0.9356	-0.4835	0.7800	0.8991	-0.5377	0.1657	1.7357	0.2087	0.2676
2.1205	0.0513	0.6161	0.3149	1.3914	0.4745	-1.7085	0.5254	0.5233	0.8374	1.0045	0.3739	-0.3542	1.3082	-0.6066	1.2019	1.1734	-0.6638	1.4508	1.9269	-2.0201	-0.6125	-0.3874	0.2619	-0.8670	1.0984	-2.1179	-2.0659	3.3279	-0.2837	2.5063	1.2954	-0.4093	2.0312	-1.7138	-2.5360	-0.7995	1.0030	-0.3376	-0.9613	0.0859	0.3494	0.9876	1.1135	-1.6229	-0.2371	2.1668	-0.7082	0.8599
2.0395	-0.4815	1.0305	0.0682	1.6732	-3.4598	-0.9905	0.1849	1.1168	0.3092	0.7738	-1.2311	-0.9708	-0.0054	0.1164	-0.4068	-0.2260	-0.4646	1.8806	1.9345	-1.9180	-0.0011	0.2769	0.7716	-0.8667	-0.0080	-0.6729	-0.6029	2.2595	-1.8141	1.0619	1.5547	-0.7841	1.2981	-1.2725	-1.3392	-0.9185	0.1416	0.1411	-0.6899	-0.2086	0.4687	0.8212	1.3032	-2.0211	-0.5485	1.2051	-0.8368	0.8493
2.7355	-0.0728	1.0890	-0.2633	2.8181	-1.6853	-0.4253	1.4111	1.2258	1.0667	1.9203	0.2119	0.2226	-1.0789	1.2656	-0.2121	-1.4939	-0.0609	1.5101	2.0890	-1.2484	0.9406	-0.5751	-0.2114	-0.2470	1.2580	0.4725	0.2838	0.5060	-0.7391	-0.0183	1.4991	-0.2256	1.1915	-0.5469	-0.3170	-0.9529	-0.0090	-0.9110	-0.5570	-0.2329	-0.0319	0.5956	0.4156	-1.1123	-0.0960	0.9467	-0.7332	1.5391
1.2263	-0.8897	0.7270	1.0802	0.8809	0.1399	-0.1452	2.2244	0.4448	0.2085	-0.0110	-0.8118	2.7548	-1.9727	0.4269	0.5315	-1.5936	0.0745	-0.2008	-0.3330	-0.1611	0.9913	-0.5989	0.3403	0.8951	1.0533	1.0094	0.5826	-0.1967	0.7047	-1.7725	0.9399	-1.0022	0.1654	1.0116	-0.9941	-0.1265	-0.5052	-0.7603	-0.6728	-0.7142	0.0956	-0.5266	-0.2014	-0.6189	0.8016	-0.8991	0.2930	0.3838
-0.1363	-1.0561	-0.3165	0.1355	1.0182	0.1085	1.3184	1.3076	1.1893	-0.9738	-1.2160	-1.1034	1.0385	-2.1141	1.1053	0.5339	-1.6189	0.5292	-1.8859	-1.0778	-0.0986	0.2959	0.4703	0.2290	0.8247	0.7449	1.3356	0.7258	-1.4223	0.5590	-1.8892	0.7223	-0.4591	0.1627	1.2765	-0.9611	-0.4863	0.1556	-1.0813	-0.5583	-0.8687	-0.6062	-0.5900	-0.2526	-1.3493	0.6030	-1.1376	1.2782	0.4100
-1.3786	-0.9054	-0.5569	0.0716	0.8654	-0.3155	1.4379	-0.0903	0.9399	-1.7621	-0.7627	-1.0922	0.8934	-1.6347	0.7691	0.6290	-1.2564	-0.1077	-1.9412	-0.2956	-1.1782	-0.5944	1.6427	-1.3118	0.3287	-0.3595	-0.2123	0.2140	-1.5638	0.8473	-1.5663	1.0170	-0.9981	-0.4589	0.7294	-0.3600	-0.5624	0.1368	-0.8252	0.0115	0.3294	-0.7330	-0.7320	0.1745	-0.6441	0.6938	-0.6724	0.9469	1.5448
-1.4294	-0.3243	-0.6370	0.4845	0.4690	-0.6851	2.0127	-0.4498	0.2186	-0.2064	-1.0321	-0.6780	-0.5311	-1.1941	1.0729	-0.0297	-1.2352	0.9585	-1.0865	0.3219	0.0535	0.4182	2.0866	-0.4160	0.0061	0.7331	-0.8848	0.9332	-0.1993	0.7820	-1.3425	0.4648	0.5120	-1.0776	0.0161	0.0422	-0.4649	0.4249	-0.1236	0.8528	-0.7369	0.1520	-0.7413	0.3137	-0.7145	-0.1380	-1.0122	1.0925	0.6777
-1.2698	0.2244	0.1799	1.0115	0.6357	-0.0014	3.0287	-1.3570	-0.2025	0.7404	-1.2456	-0.4161	-0.5565	-1.2466	1.1247	0.1353	-0.8904	1.6040	-0.2667	0.4828	-0.0843	1.6293	1.8447	0.1676	0.1248	0.3538	0.0231	1.5820	-0.8935	1.0641	-1.8277	-0.0802	1.5223	-1.0127	-0.2414	0.9164	1.4926	-0.0856	-0.2092	-0.2841	-0.4336	0.3757	-0.3804	-0.4615	0.0738	-0.3499	-1.1478	0.8739	-0.2743
-1.7713	-0.3744	-1.0228	0.8686	-0.1337	-0.8440	1.4930	0.3535	0.0879	1.8300	-2.0346	-1.3575	0.0194	-1.4672	0.7806	-0.8249	-1.3395	1.4712	-0.4591	-0.4553	-0.1718	1.0656	1.7177	1.0171	0.4637	-0.9823	-0.1462	1.3844	-0.8576	1.6924	-2.1100	-0.3997	1.3733	-1.4929	-0.1888	1.1821	1.4955	-1.1742	-0.1622	-0.8253	0.0058	0.6462	-0.7862	-0.7670	-0.1170	-0.0187	-0.7323	0.7454	-0.8140
-0.7384	0.0911	-0.9367	-0.3392	-1.0703	-0.3263	0.6962	0.7320	-0.2354	1.1284	-0.3411	-0.4448	-0.3800	-1.2491	-0.2678	-1.7586	-0.3318	2.2955	-0.4660	0.6475	0.1217	0.6914	0.2448	-0.5912	1.2246	-0.6437	-1.3842	1.2184	-0.5288	1.6127	-2.0125	-0.8808	1.2750	-0.9874	0.4131	0.8456	0.5832	-1.0672	0.3044	-0.5518	-0.3917	1.3565	-0.8636	-0.2276	-0.0232	-1.5218	-0.3823	0.1245	-0.4428
-0.1734	-0.2185	-0.1251	-0.8562	-1.6312	0.8642	0.3329	-2.0735	0.0411	0.1142	0.0678	0.0725	0.9820	-1.1277	-1.0685	-0.8734	-0.4696	0.5793	-0.2367	1.0834	0.1720	-0.9042	-0.0296	-0.5478	0.7065	-0.1024	-1.1631	-0.2216	-1.0407	1.8011	-1.4572	-1.1153	0.3211	-1.1514	0.9211	-0.3530	1.2498	-0.6455	-0.2912	0.4688	-0.4779	0.0060	-0.7925	0.0766	0.9034	-1.3077	-0.9521	-0.3813	-0.3467
0.5538	0.3704	0.4369	-1.8115	-1.2026	0.3626	0.0976	-1.3301	0.6883	-0.9696	-0.5634	-0.7975	-0.3965	0.2384	-1.0389	-0.5608	-0.1765	0.3027	0.7160	0.3188	0.5577	-0.3683	-0.3584	-0.2272	0.3243	-0.7172	0.2209	-0.5660	-0.9184	0.0599	-0.5332	-1.9751	0.4517	-1.0753	1.4219	-0.6216	0.7103	-0.4813	-0.7838	0.4387	-0.1683	0.4700	-0.8951	0.6097	-0.3769	-1.7280	-1.0302	0.3700	0.2337
1.0420	1.8089	0.8635	-2.8348	0.2008	0.9919	-0.6303	0.0127	0.6746	-1.6600	0.4565	0.2861	-1.5574	0.8609	-1.5615	0.6086	0.9568	0.8944	0.5422	1.5795	0.2636	0.4438	-0.7417	-1.5624	0.2827	0.1578	0.6097	-0.1805	-0.3377	-1.0540	-0.5508	-2.5660	0.5500	-0.1336	0.8296	0.2208	1.0852	0.0110	-0.1613	-0.2906	0.1931	0.8696	-0.1608	0.1008	0.0433	-2.0303	-0.0942	0.2880	-0.1525
0.2133	1.0077	-0.1060	-2.0102	0.2505	0.7020	-0.6303	0.2705	0.7653	-0.5149	0.5449	0.8004	-1.9945	0.1650	0.0845	0.3411	1.0728	0.3487	0.0597	0.5386	0.4347	0.0463	0.5963	-1.0158	-0.4522	-0.2975	-0.0295	0.8383	-0.4135	-0.9538	-0.3584	-1.0391	0.0108	0.0983	-0.7059	0.8398	0.2230	0.3248	-0.1034	-0.0432	0.6642	-0.1022	0.5392	-0.8370	0.6631	-0.9488	0.1779	0.3319	-0.9759
-0.7145	0.7899	0.2720	-1.3640	1.0476	0.0086	-0.0834	-0.7875	-0.0280	1.2465	0.4872	1.6200	-1.6405	0.0950	0.5180	-0.0639	1.3721	0.7940	-0.2473	-0.2950	0.6945	0.7202	0.2760	-1.0828	-0.3686	0.7789	-0.9364	1.0797	-0.1602	-1.0085	0.1116	-0.0246	0.7321	-0.3939	-2.0265	1.3820	-1.4515	0.7311	-0.0314	-0.6322	0.8283	-0.0460	1.0640	-1.0822	0.6176	-0.9401	-0.1151	-0.3422	-1.0493
-1.4768	0.3601	1.4192	-0.8829	0.8427	0.2830	-0.5823	-1.6094	-1.9528	1.2226	0.6622	-0.5684	-0.5975	-0.2514	-0.6018	0.6979	1.0635	0.0680	-0.8558	-1.1686	0.6950	1.3305	0.5749	-0.5827	-0.3331	0.9800	-1.9346	0.1044	-0.4396	-0.6285	1.0273	0.3979	0.7734	-1.4984	-2.2632	0.7243	-0.9249	-0.1444	-0.1657	-1.2041	1.0515	-0.3119	0.9538	-1.2925	0.3917	-0.0752	0.5748	-1.4105	-0.7058
-1.0141	0.8576	1.1850	-0.3600	0.4958	-1.2515	-0.8368	-0.9969	-2.0767	0.3008	0.3779	-0.1598	-0.8770	-0.2883	-0.2575	0.4348	0.5812	-1.5712	-1.1598	-1.4823	-0.4454	0.7533	1.4523	0.2423	0.2105	1.2141	-1.7023	-0.7173	-0.0310	-1.5499	1.3263	1.0476	-0.5610	-1.1371	-1.8320	0.0738	-0.8157	0.4198	0.4794	-0.9884	1.2224	-1.1006	1.8069	-0.5933	0.9350	2.3591	1.2871	-1.2792	-0.1005
-0.1663	1.7162	1.6223	0.9950	1.1380	0.5181	-0.5039	-1.0490	-1.3341	0.2629	0.5999	0.6278	0.8884	0.1672	-1.5024	1.3313	1.4868	-1.6454	-0.4210	-0.6423	-0.0936	0.9315	-0.2806	-0.1334	1.3068	2.7390	0.2632	-0.1626	0.2296	-1.4057	1.8932	-0.5201	0.0759	0.0868	-0.8586	0.3984	1.0747	1.3153	1.1528	-0.6900	1.5499	-0.4162	2.2090	-0.2159	1.1093	1.8763	0.4068	-1.0760	0.0006
0.6423	1.0061	-0.0853	1.3683	1.7052	1.4305	0.2527	-0.7737	0.0940	-0.5020	1.5112	0.1866	1.5656	0.4856	-1.2442	1.7889	1.1275	-2.4676	0.3152	-0.7351	1.0406	0.3807	-0.8379	-0.5363	0.0016	2.6059	0.8968	0.0882	-0.1020	-1.3796	2.2456	-0.4163	1.1580	0.4701	-0.7125	-0.7172	1.1838	1.0747	0.6230	0.8000	1.2641	-0.2445	2.6130	0.4306	0.5810	1.5635	-0.0556	-1.3141	-0.2051
0.1828	0.7024	-0.4413	1.3754	0.6411	0.3959	0.1880	-2.1627	-0.0206	-1.2846	-0.4711	0.2506	1.3145	1.2472	-0.9409	1.2583	1.1800	-2.0756	0.7707	-1.3301	0.8390	1.4635	0.0807	-1.2930	-1.4014	-0.0970	0.4535	-0.8483	0.8261	-0.9499	1.3475	-0.7332	1.1246	0.7237	-0.1512	-1.2262	1.1672	0.9610	0.3495	1.1901	1.1971	0.5861	1.4405	0.9095	0.9616	0.8405	-0.2487	-1.2195	-1.3741
1.2749	0.1776	-0.8591	1.4443	-0.4004	0.1951	0.1033	-1.0369	-0.0559	-0.7841	0.3127	0.4906	0.1235	1.5576	-0.6567	0.1164	0.2149	-1.9235	0.6959	-1.2750	0.8565	-0.0074	0.4539	-0.6422	-2.9115	-0.7781	0.7012	0.1448	0.8282	0.1467	0.5076	-0.9596	0.1316	0.8970	-0.3826	-1.4938	2.1545	0.2879	-0.4784	1.2626	0.4763	-0.8469	1.8865	0.4671	-0.3339	0.1628	0.5289	-1.0086	-1.1155
0.5451	-0.2656	-0.2032	1.2886	-1.1308	0.3920	-0.2623	-0.8890	0.1206	-0.3879	0.1389	0.4867	-0.5333	1.8774	-0.3237	-1.0734	-0.2489	-0.8869	0.5304	-2.1307	0.4848	-0.4208	1.0183	-0.7553	-3.0113	-0.7344	0.1071	0.4184	1.9529	-0.3427	0.5320	0.1587	-0.0134	0.5377	0.4604	-1.7359	0.1248	-0.1055	-1.3619	1.0047	0.3545	-1.5685	0.6809	0.7756	-0.9983	-0.5559	0.7015	-1.0539	0.2500
-0.2867	1.1056	1.1849	0.8571	-1.8237	1.2190	-0.9104	-0.6261	-0.1196	0.4327	-1.1472	-0.6246	0.8063	1.5353	-0.9083	-1.1126	-0.8091	-0.1070	0.6135	-2.3921	-0.0909	0.0618	0.9615	-0.4853	-1.7216	-0.3000	0.3196	0.9939	1.9576	0.6361	0.1119	0.5906	-1.0702	0.4287	1.0041	-0.7738	0.4658	-0.4966	0.0418	0.1271	1.0886	-0.9319	-0.6742	0.1653	0.1532	0.0755	0.9560	-0.2614	2.9798
-0.3071	2.1685	0.4467	-1.0131	-2.0228	-0.0836	0.5563	2.2719	0.5004	0.9129	-1.1320	-0.6889	0.0058	0.6948	-0.0609	-1.9215	-0.8745	1.3286	0.5145	-1.4609	-1.6573	-0.1099	0.8723	1.1404	-0.8784	-0.0444	1.5884	2.0951	0.1611	0.5904	0.2376	-0.7209	-0.2374	0.2672	0.6704	0.5384	1.8440	1.7734	0.6016	0.6038	2.5163	0.0245	0.5675	-1.1262	0.3178	0.2992	0.8419	0.0327	3.4417
-1.0133	1.7538	-0.9244	-0.0655	-0.8613	0.4214	-0.2986	2.8636	-0.8451	-1.0077	-0.3374	-2.2325	-0.0147	-0.9066	-0.0496	-0.3820	0.4076	1.1529	0.2751	0.0812	0.5569	-0.1720	-0.6259	0.3429	0.1529	-0.9804	0.4181	0.6837	-1.3705	0.6518	-0.4197	-1.6206	0.4171	-0.5342	0.2298	0.5049	2.3491	1.5423	0.3444	-0.0042	1.6674	0.8697	0.4104	-2.0806	1.5594	-0.8676	-0.0772	0.0482	0.5902
-0.7478	1.7551	-1.4234	-0.9791	-0.9526	0.6533	-0.8086	2.8958	-1.6674	0.4739	-0.6186	-0.5176	-1.0642	-1.3102	0.1408	-0.7261	0.5693	0.5207	0.2648	0.9556	0.9604	-0.3431	-0.9701	-0.1796	0.1068	-1.1927	0.0117	-0.7704	-1.9102	-0.5612	-0.5808	-1.8297	0.7151	-0.0078	0.3828	-0.3945	0.5652	0.5766	0.3229	-0.0522	0.4667	1.3778	0.1563	-1.4759	1.6443	-0.4935	-0.3010	0.1466	-0.5930
-1.1488	-0.2537	-1.4338	-0.6625	-1.3637	1.3314	-0.8295	1.6172	-1.5148	1.0102	-1.7670	1.2991	-1.4034	-0.3183	-1.0550	0.2653	0.3830	-0.7504	-0.0006	1.2712	-0.2680	-0.8001	-0.4101	0.2299	0.1548	-0.6700	0.1260	-1.6602	-1.5618	-1.0210	-0.3315	-0.7105	0.4261	0.5117	1.1149	-0.3207	-0.4381	-0.3109	0.2000	-0.6183	-0.2830	1.5208	-0.2670	-1.1034	1.4468	0.0126	-0.4711	-0.3094	-1.3581
-0.8340	-1.5659	-0.5378	-0.7069	-1.5410	0.4768	-0.1568	0.3011	-0.2029	-0.4803	-0.9129	3.8581	-0.2624	0.0819	-0.8570	0.3616	0.2696	-1.2230	-0.1009	0.3283	-1.4070	-1.1726	-0.0384	1.0311	0.0016	0.3138	-0.2935	-2.0350	-1.6099	-1.5326	0.8156	1.0405	0.3644	0.8334	0.5486	-0.3238	-0.8234	-0.0224	-0.5787	-0.4954	-1.3190	-0.1139	0.0255	-0.8120	0.1884	0.2008	-0.0378	-1.1616	-1.4650
-0.1800	-1.1422	-0.7076	0.0390	-0.4082	-0.5480	-0.2492	-0.2010	-0.3164	-1.6242	0.7468	1.3662	0.3037	0.7607	-0.2888	0.1319	0.3513	-0.8430	-0.4955	0.8280	-0.7899	-0.6887	0.2664	-0.0287	-0.2341	-0.5696	-1.2951	-1.4950	-0.6930	-1.3986	1.1053	1.0258	-0.7385	-0.2864	0.9256	0.0340	-0.2887	0.2217	-0.4523	-0.7417	-0.9718	-1.0631	0.2394	-0.8461	-0.6973	-1.1084	-1.2167	-1.0346	-1.0202
0.1359	-0.8600	-0.5557	0.6864	-0.4658	-0.5765	-0.9246	-1.3129	0.5416	-0.1059	1.2179	0.5223	1.0900	-0.0962	0.6610	0.6909	-0.3405	-0.6963	-0.6084	0.4920	-0.8773	-0.7124	0.9346	-0.8387	-0.6299	-0.5211	-1.0835	0.0955	-0.9205	0.4425	0.3930	0.3681	-0.5380	-0.8038	-0.1071	0.2502	-0.1354	0.3366	-0.2964	-1.3945	-1.2533	-2.1906	0.7750	-0.1268	-0.7136	-1.3616	-0.3704	-0.9267	-0.2205
-0.4506	-0.4887	-0.7227	2.1880	0.7161	-0.4866	-1.2631	-0.6165	1.3655	0.8207	-0.3704	0.3918	1.5865	-1.4980	1.3719	0.8267	-1.3515	1.1243	-0.4867	-0.9798	-0.5051	0.6890	2.2288	0.2239	0.4816	0.1313	-1.2575	0.7307	-0.9230	2.3858	0.0361	1.1713	0.3271	-1.1679	-1.3015	-0.0751	-0.2763	-0.9469	-0.3063	-1.2151	-0.8734	-0.4073	-0.0152	1.6595	-1.5358	0.0123	0.4938	-0.4154	0.9188
-1.2307	-0.9947	-0.6797	1.3580	-0.6458	-1.2683	0.2548	-0.2455	0.8610	0.7714	-0.3424	-1.4732	0.9264	-1.6030	0.1883	0.8598	-2.1181	0.5197	-0.4869	-1.5863	-1.2655	-0.4733	-0.2923	0.5840	0.4166	-1.1664	-0.2866	1.4626	-0.3891	2.6462	-0.1630	1.1007	0.1329	0.1321	-1.3780	0.0703	0.4306	-0.5351	-0.0022	-0.9213	0.0708	0.3547	0.1653	1.0950	-1.0047	-0.2310	-0.3506	0.9284	0.5206
-1.3565	-0.9284	-0.7179	0.4463	-1.9803	-0.3447	0.3658	-0.2301	0.3925	0.3349	-0.4589	-1.4647	0.4537	-1.6332	-1.7802	-0.6089	-0.9011	1.8974	0.1749	0.3520	-1.1769	0.1490	-1.7741	0.4676	0.0663	-1.9903	0.9019	1.1463	0.1689	1.5603	-0.5110	1.4192	0.1987	0.6968	-0.5174	-0.1297	0.0927	-0.3958	0.0484	0.8628	-0.4171	1.6270	-0.7529	1.2203	-0.5735	-0.4749	-0.7979	1.4785	-0.4795
-1.4252	-1.1615	-1.5056	-0.2116	-1.9064	0.4988	-0.2657	-0.7608	0.1304	0.5686	-1.7433	-1.8961	-0.6438	-0.8128	-2.1782	-1.4218	-0.1257	0.6282	-0.1376	0.6049	-0.6425	-0.8431	-1.6751	0.6225	-0.0759	-2.0774	1.0171	-1.0699	0.4853	0.5113	-0.3068	1.6168	-0.8403	1.6560	0.3629	-1.1633	-1.5118	-0.2428	-0.5549	1.4324	-0.7487	1.8947	-1.7234	1.0685	-0.4801	0.4309	-0.5457	1.2118	-1.3180
-0.8163	-0.9192	0.3445	-2.0267	-1.3350	-0.5528	0.5213	-1.6958	0.2201	-0.1196	-0.9205	-1.2658	-1.1801	-0.4661	-1.5265	-2.7553	0.0909	0.7147	-0.7266	0.4884	-1.0798	-0.6466	-1.5341	0.0455	-0.0275	-1.3516	1.6832	-0.6358	-0.2641	-0.5145	-0.7517	0.8529	-0.9516	1.7055	0.5144	-0.5855	-2.2876	0.3176	-0.7744	1.5112	-0.5789	0.1440	-1.7011	0.1393	-0.0426	-0.0459	-0.0542	0.4362	-1.3237
-0.2146	-0.9159	1.9067	-0.1131	0.1129	0.9944	0.1969	0.3795	-0.3885	-0.9117	-1.4710	-1.9854	-0.1583	-0.3993	-0.9042	-0.9750	-0.0715	1.2899	-1.3452	0.8112	0.0758	0.8474	-0.3319	0.3706	1.1769	-0.1256	1.6282	0.8511	-0.1590	0.5376	-1.6206	-0.0863	-1.4202	-0.3975	0.2948	0.2318	-1.1278	-1.0140	0.3871	0.7251	-1.3740	0.6907	-2.5759	-0.4961	1.0244	-0.1845	-0.5667	0.3128	-2.4782
0.8118	-1.0338	1.9505	-0.4354	1.2054	-0.4596	-0.3399	1.3151	0.3387	-1.8239	-0.2544	-1.2202	-0.8855	-0.8745	0.7050	-0.6307	-0.4219	1.2996	-1.3841	0.9546	1.5686	0.6668	0.3566	-0.2392	0.8834	0.5630	0.8722	0.6053	-0.9528	1.1249	-1.8965	-0.2595	-0.8521	-0.9389	-0.8890	0.6620	-0.4699	-0.5939	0.3480	-0.9982	-1.2247	0.8370	-1.4521	-1.4247	0.5778	-0.1375	0.3588	-0.3269	-1.6075
-0.4163	-0.8857	1.6349	0.5520	-0.0587	-0.1266	-1.4511	0.2874	-0.3377	-1.5067	0.3523	-0.8431	1.3824	-0.8321	1.4063	0.5334	-0.2398	0.4335	-0.7199	-0.1870	1.7883	1.7378	0.6239	-0.5155	1.0272	-0.4092	0.6079	0.3338	-1.7399	0.4140	-2.0382	0.0326	-0.6949	-1.7901	-0.0328	1.0222	-0.4886	-1.4025	-0.0608	-0.7217	-0.7702	0.2136	-1.8775	-0.5162	1.6067	-0.3953	-0.7383	0.1207	-0.9951
-0.1783	-0.7939	0.5147	-0.2854	-0.4083	-1.4479	-0.3231	1.6942	-0.1402	-0.9765	-0.0970	0.0855	0.5813	-0.5263	1.7414	0.5408	-0.4284	-0.7269	-0.3771	-0.8879	1.7912	0.5985	0.4492	-0.0783	1.0755	1.3327	0.2970	0.1858	-1.4021	-0.7475	-1.7647	0.1566	0.1040	-0.2439	0.3313	0.7074	0.1612	-1.0118	0.1821	-1.7081	-1.4046	0.3943	-1.6119	-0.8991	0.6049	0.0640	-0.7959	0.8959	-0.1066
0.6908	-0.0219	-0.4027	-0.5312	0.1569	-1.5207	0.3656	0.2359	0.1519	-1.2252	0.7247	1.9556	-0.4656	-0.2273	1.2327	-1.3848	0.5870	-0.2544	-0.0323	-0.4668	1.7839	0.3164	0.3170	-0.9962	0.7592	2.2398	-1.5072	-1.3604	-0.9174	-1.4929	-0.5648	0.4942	0.6847	0.3905	0.5092	0.7800	0.3330	-0.6696	-0.7270	-0.5165	-1.4474	-0.4977	-1.8473	0.9098	-0.7242	0.1589	-0.4274	0.5049	1.1925
0.6103	0.0582	-0.9077	1.1665	0.5585	-0.8531	-0.2037	-0.4977	0.0103	-0.2418	0.6339	0.0917	-0.0860	1.0893	0.5896	-0.9538	1.3541	-1.5913	-0.0015	-0.6111	1.8159	-0.3866	-0.5360	-1.2448	0.8635	0.2624	-1.2166	-1.3333	-0.6400	-1.4778	0.5487	0.5054	-0.1603	0.6146	1.1363	0.9294	-1.0275	0.1865	-0.8609	0.2117	-0.7198	-0.2631	-1.8466	1.1787	-0.7110	-0.5890	-1.4600	0.9028	-0.4073
1.7982	1.1267	0.1629	0.5233	1.2899	-0.5171	1.2407	-1.4334	0.5167	0.4565	1.5528	1.2816	0.6100	0.7343	0.1284	0.0340	1.0869	-2.1376	0.0404	0.6110	-0.1609	-0.6290	-0.9531	-1.5815	-0.2540	0.6475	-0.1903	-0.4896	-0.1434	-1.1074	0.9374	0.5567	0.1733	2.1959	0.6268	0.3698	-1.6385	1.5298	-0.1851	0.0849	0.0825	-1.9638	-0.2928	0.7867	-0.6588	-0.2221	-0.8024	0.4558	0.3727
1.0990	1.9402	0.3182	1.2978	1.1077	0.5765	1.1165	-1.0544	-0.2573	0.1992	1.3024	0.4763	1.5882	-0.1243	-0.1540	0.8692	0.7198	-1.8074	0.5037	0.9206	0.2738	0.6935	-0.5552	-1.1679	-0.0334	0.1577	-0.0814	-0.3116	1.1281	-0.0423	0.7092	-0.3168	-0.0201	1.4836	0.3202	0.2750	0.7256	-0.0541	0.3685	0.6384	0.0153	-1.1083	-0.6601	0.7418	0.1268	0.4141	-0.9880	-0.1572	-0.3599
0.9156	1.0338	-0.2647	1.5131	1.3092	-0.6935	0.5496	0.8892	-0.2155	-0.7086	1.1273	0.0909	0.8309	-0.2466	0.5013	0.7611	-0.4131	-1.2104	0.7869	-0.8007	0.9900	1.6666	-0.6308	-0.1648	-0.4875	-0.2506	1.1219	-0.1213	1.6661	0.4053	0.3351	-0.4900	-0.1987	-0.2347	-0.5494	0.4990	1.7965	-0.3964	1.1465	-0.0173	-0.1762	-0.1559	0.0824	-0.7316	0.5257	0.6240	-0.7148	-1.2875	0.4748
-0.1738	-0.6165	0.2396	2.2876	2.0726	0.3763	-0.2021	1.5793	-0.3285	-0.3848	0.1588	-0.7271	2.0499	-0.8909	0.4083	0.3940	-0.9481	-0.0253	0.6859	-1.8651	0.9797	2.5095	-0.3609	0.1208	-0.8283	0.2932	1.3321	0.8952	1.2502	1.5393	-0.1753	-0.3522	-0.4352	-1.6893	-0.6626	0.9539	0.2357	-1.2062	1.3674	-0.2670	-0.1875	0.3011	0.3794	-1.2801	0.3576	0.6107	-0.2672	-1.5581	0.5766
-0.5608	-0.8832	0.0042	0.5789	2.2816	0.4480	-0.0011	2.3205	-0.8732	0.2450	-0.3454	-0.9349	1.2602	-1.2072	1.7654	0.3269	-1.1721	-0.0372	-0.1284	-1.9294	0.2448	1.8604	0.6610	1.4031	-0.5487	0.8045	1.2570	0.5801	0.1202	1.0903	0.2278	-0.2434	0.2377	-2.1930	-0.7591	0.3561	-0.2224	-1.1398	0.6048	0.3987	-0.8042	0.2489	0.2254	-1.3418	0.0619	0.6151	0.4099	-0.6053	0.3964
-0.1032	-0.4147	0.5992	0.8521	1.1360	0.5344	-0.5814	1.7818	-1.8352	-0.8346	-0.0738	0.7176	1.0203	-0.4385	1.0673	0.2817	-0.2485	1.3022	0.0685	-0.7306	-0.0212	2.2880	0.3841	0.4283	0.2356	0.3448	0.9181	0.0045	0.0009	1.2563	0.1011	-0.2918	0.9200	-1.3484	0.3261	0.3579	0.0378	-1.4216	0.3303	0.3413	-0.7561	0.5155	-0.2243	0.0800	-0.4766	1.1987	1.5637	0.2438	1.1333
-0.3399	0.7124	0.2860	0.6112	-0.0344	-0.1211	-0.8643	0.9280	-1.4283	0.1395	-0.4546	-0.0446	-0.3277	1.5524	0.8889	-0.3120	0.7371	0.8349	-0.6108	-0.1325	0.5242	-0.2052	-0.0649	0.5653	-0.1049	-0.5258	0.7545	0.6983	0.3740	-0.2322	0.4919	-1.7638	0.1010	-0.6432	0.8847	0.8015	-1.2648	-0.0164	0.4095	0.7930	0.0569	0.7221	-0.3984	0.4843	-0.5798	0.7705	1.3761	1.4486	1.1998
0.0078	1.7320	0.5631	-1.0705	0.0356	2.0205	-0.0161	-0.4139	-0.3556	0.7586	0.4879	1.0039	-0.8415	1.6197	0.7452	1.2377	1.0386	0.6110	-0.9278	0.1364	-0.2586	-1.7708	-0.2718	0.3193	0.2902	0.2321	0.1373	0.1500	0.4189	-0.2036	0.6249	-2.0974	0.3332	-0.2751	0.7804	0.4554	-0.5932	1.8474	0.1094	1.8751	1.1850	-0.2508	0.6592	0.9470	-0.0999	0.0020	1.6860	1.1675	1.9916
0.3701	0.4488	0.2412	-0.8870	-0.4179	2.8985	-1.1027	-0.9676	-0.1130	0.4341	-0.1651	0.3557	0.5506	1.5039	-0.9129	2.1829	0.2153	-0.0863	-0.7011	0.4937	0.2585	-2.2425	-0.7397	1.1257	0.8625	-0.2437	1.3140	1.1074	0.5312	0.5562	0.3428	-1.3896	-0.6798	-0.0544	0.9733	0.9129	0.1398	0.8435	1.0882	1.3210	1.8574	-0.0374	0.7680	0.8062	1.3737	0.3933	0.8453	1.7495	-0.1350
0.8061	-1.0310	-0.4084	-0.7591	0.2846	-0.1975	-1.1198	-1.0101	0.4259	0.3007	0.0714	0.3995	-1.5850	0.5351	0.0817	0.3536	-0.8254	-0.1037	-0.4366	0.3324	0.9542	-1.8093	-0.5480	1.2270	0.5286	0.3145	0.7053	0.2035	0.7485	-0.1078	0.4912	0.0658	-0.2511	-0.0043	-0.0060	0.7289	0.3659	0.8498	0.8375	0.8095	1.2057	-0.5934	1.3125	-0.0323	0.8815	0.5228	1.0385	0.4260	0.1704
0.1173	-1.1388	0.3597	0.8419	0.4573	-0.7505	-1.2643	-0.0014	0.7210	0.3786	0.2049	-0.8654	-1.7627	-0.3416	0.1690	0.3835	-0.0801	1.1723	0.3324	0.3187	0.7750	-0.1183	-0.0645	0.4454	0.3900	0.6336	-0.5599	-0.1365	0.3072	0.4544	0.1745	0.9008	-0.9866	-0.3095	-0.7587	0.4664	0.6685	-1.1628	0.2796	-1.2375	0.0397	-0.0204	0.6167	-0.2730	0.4878	-0.0182	1.2075	-0.7109	0.4244
-0.4236	-0.9768	-0.3704	0.6808	0.2538	-1.0888	-0.2859	-0.5102	1.4583	1.0940	-0.0020	-0.6783	-1.3837	-0.5103	0.8865	-0.2565	-0.6243	0.4756	-0.0898	0.3153	-0.6452	-0.4933	1.4624	0.6793	-0.9965	0.8180	-0.4555	0.3029	-1.0266	1.0289	0.4259	2.2070	-0.6947	-0.4106	-1.2441	0.6907	-1.2480	-0.4435	0.2428	-2.2431	-0.3709	-0.3335	0.8367	-0.6742	0.3574	0.1765	0.5873	-1.2462	-0.0102
-0.2323	-0.9297	-0.4788	-0.6993	0.6827	-0.8731	0.5197	-1.1700	0.9736	1.3865	0.2771	0.3266	-1.4379	-1.1571	0.9727	-1.0489	0.0311	1.8507	0.5182	1.0530	-1.2369	0.2107	0.8203	0.1700	-0.8202	0.9652	-1.1554	-0.2833	-1.5369	1.5350	0.7344	2.4635	1.3573	0.0902	-1.7271	0.3986	-1.2004	-0.1685	-0.6385	-0.9650	-0.7425	0.5683	-0.2781	0.2828	-1.0354	0.1382	-0.1387	-1.4782	0.2628
0.1804	-0.2748	-0.3932	-0.9511	0.7808	-1.5395	1.0519	-0.8131	0.8345	0.2333	0.3019	-0.4189	-0.1754	-0.6447	0.0543	-1.6337	0.1102	1.0330	1.1110	2.4596	-1.6811	0.0720	-0.1684	-0.0626	-0.5126	0.4199	-0.6422	0.8651	-0.6374	1.3169	0.2733	0.8011	0.5618	0.6645	-0.2951	-0.3118	-0.2591	-0.7059	-0.3495	-0.2354	-0.5589	0.6962	-0.5014	0.3752	-1.8087	-0.2193	-1.1329	-0.1247	0.0490
0.8625	0.9606	-0.6228	-0.3415	1.9541	-1.1279	1.4020	-1.4644	1.2346	0.0541	1.0736	0.6777	-0.1044	-0.4071	-0.0085	-0.8273	-0.4399	0.2501	1.3978	2.0308	-1.7981	-0.7204	-0.4177	-0.3666	0.0720	0.0828	-1.2016	1.1553	0.5978	1.1603	-0.2428	0.0638	1.1983	1.2067	0.4164	-0.8825	-0.1133	1.0123	-0.2541	0.5547	1.0333	0.4733	0.4418	1.0786	-2.1979	-0.4074	-0.1581	0.4111	0.1314
0.6468	0.2463	-0.8745	0.7729	0.9695	0.3115	0.9740	0.0879	0.6491	1.1622	0.8460	-0.1374	0.6437	-0.3536	0.2230	-0.6406	-1.7687	-0.4411	1.2314	0.4140	-0.8462	-0.9380	0.0255	0.4063	0.3448	-1.2481	-0.3508	0.4790	0.7780	0.7234	-0.8804	-0.3710	1.1446	0.6279	0.9301	-1.7938	0.8291	0.2529	-1.1523	1.1468	1.3992	-0.0300	-0.2008	0.7274	-1.0253	0.2857	0.0814	0.7616	0.3673
0.9648	-1.0104	-0.5559	-0.0999	0.1933	0.4998	-0.3549	2.1231	0.2282	1.3625	-0.4711	0.2945	-0.3382	-0.1996	1.1312	0.0747	-2.2221	0.1596	0.7094	-0.2937	-0.1802	-0.4408	0.1893	0.5110	0.6443	-0.5136	1.6181	-0.5613	0.5091	-1.3592	-0.6408	-0.3007	0.7944	0.0058	1.2633	-1.9444	0.3087	-1.2586	-1.9832	0.4784	0.0567	0.4975	-0.6915	-0.3576	-0.1564	0.6994	0.2592	0.9729	0.6921
-0.7096	-1.9770	-0.3940	0.4893	-1.1543	-0.4808	-1.9679	1.7035	-0.8182	0.2208	-1.3671	-1.4951	-1.1063	0.1856	0.1575	-0.2058	-0.0542	0.1263	-0.1446	-0.3323	0.9236	-0.6530	-0.6349	0.6688	1.0222	0.0476	1.5454	-1.1613	0.9491	-2.0596	-0.1333	-0.2998	-0.8957	-0.0420	1.2750	-1.0304	-0.8970	-1.5107	-0.7121	-0.3554	-0.6997	1.1602	-1.5235	-0.6390	-0.0804	0.0931	-0.0111	1.4803	0.9077
-0.7391	-1.2178	-0.0608	-1.1862	-1.4265	0.2034	-1.0861	0.9315	-1.0997	0.2159	-0.3815	-0.7757	-1.2276	0.6040	0.0880	-0.6217	0.9686	0.3736	-0.4725	0.8626	0.3577	-0.7834	-1.4373	-0.0467	0.4389	0.4156	1.2317	-0.1821	0.2463	-1.4939	0.5730	-0.6752	-0.9446	0.5523	0.4936	-0.6195	-1.3440	0.5783	0.2225	-0.1112	-0.4925	0.8016	-0.3692	-1.0807	-0.2812	-0.1752	-0.5023	1.7115	0.2763
-1.0837	-1.0397	-0.7330	-0.8558	-1.9776	0.6868	-0.7377	0.5523	-1.2226	-0.2197	-1.1440	-0.7536	-0.7057	1.5241	0.0650	-0.6195	1.6307	0.8108	-0.1400	0.6968	1.5970	-0.0478	-1.5636	-0.0930	1.1469	-0.1456	0.4403	-0.7267	0.5679	-1.6277	0.7245	-0.3629	-0.9202	0.5697	0.8221	0.1228	-0.5507	0.4822	0.6554	0.1590	-0.3256	1.1558	-0.7027	0.1787	0.7374	0.2918	-0.5343	2.3170	-0.4532
0.3482	-0.9257	-0.4548	-0.8576	-1.6304	-0.2121	-1.0334	0.9146	-0.7431	-0.0565	-1.5080	0.2887	-0.0272	1.9715	-0.8962	-0.3414	1.1281	-0.0301	-0.0514	-0.0614	1.2347	-0.2835	-1.8147	0.0000	0.5254	0.0441	0.9852	-0.4271	0.2278	-1.6570	0.3129	-1.0179	-1.2417	0.1716	0.8115	0.4252	-1.8116	0.7087	1.2040	-0.0334	0.1913	-0.2187	0.1045	0.2095	0.3387	0.7445	0.9451	1.5079	-0.8108
0.0072	-0.2206	0.1766	0.2108	-1.2070	1.5624	-1.0102	0.2920	-1.2596	0.4870	-0.3593	1.0670	-0.0783	2.2806	-1.4081	-0.1348	1.0890	0.0128	-0.1897	-0.7247	1.0974	0.2933	-0.8657	0.0955	1.4969	0.4866	0.3244	-0.2732	0.2215	-0.9366	-0.4779	-0.5585	-1.0062	-0.8521	1.2788	0.6441	-1.0707	0.4393	1.0687	0.5834	0.6102	-0.6403	0.1776	0.8921	0.3841	0.0103	1.4162	0.6943	-0.9761
-0.1771	0.7181	0.7230	-1.3063	-0.4515	-0.0029	-0.1337	0.1338	-0.5921	-0.3009	0.7211	-0.1192	-1.2591	1.4587	-0.0496	-0.4899	0.1474	-0.0987	-0.3884	-0.9367	0.3011	-0.5668	0.4327	0.7326	1.5304	0.0126	-0.6273	-0.1738	0.3619	-0.1847	-1.0675	0.6274	-0.3100	-1.0632	1.1348	0.4134	-0.7278	1.2081	1.4464	0.2655	0.5698	-0.2942	1.2795	-0.2138	-0.3514	-0.5312	0.7776	0.3438	-1.0133
0.1230	1.6096	1.1728	-1.2901	1.2366	-0.5899	1.3133	-0.3152	0.5157	0.9726	0.5408	0.2755	-2.0661	-0.1429	0.6264	-0.9257	-0.2899	1.3994	-0.2685	0.7309	-1.0222	0.9977	1.5077	0.9946	1.2999	1.0637	-0.4167	0.0638	0.3064	-0.3406	-1.2554	1.3382	0.3367	-1.2651	0.9507	0.6168	-0.0451	0.4761	1.1552	-0.2539	-0.1754	0.9449	1.4933	0.2205	-0.9445	-0.1025	0.5935	-0.5831	0.2810
-1.0615	0.5674	0.1362	0.0688	1.9039	-0.5912	1.5884	-0.6121	1.1538	0.9843	-0.3288	-0.9529	-0.2075	-1.6254	0.8943	0.1414	-1.2469	0.8461	-0.1140	1.8955	-2.6736	-0.3580	2.3904	0.6839	0.3868	1.0275	-1.0739	0.2852	0.1163	1.2877	-0.7735	1.7636	-0.1142	0.5173	0.7722	-0.5859	1.4231	-1.0182	-0.3726	-0.5980	-0.3149	2.0765	0.7381	-0.5551	-0.6860	0.5689	-0.0144	-0.6711	-0.3854
-1.4388	-0.2640	0.4906	-0.2691	1.2287	0.1604	1.3453	-1.4571	1.5607	0.2614	-0.5698	-0.6288	1.2393	-1.9268	-0.1049	0.3390	-0.6963	1.3320	1.0419	2.2038	-3.0566	0.4167	1.6865	0.9364	0.9980	-0.1748	-1.1166	0.6629	0.0655	1.1906	0.4339	1.3100	1.0642	1.6465	0.6162	-0.9275	1.2887	-1.3370	-0.7044	-0.6325	0.2310	2.8426	0.7783	-0.8829	-0.5367	0.1789	-0.2767	-0.8425	-0.9968
-1.4548	-1.4664	-0.7589	-0.1964	-0.2249	-1.0333	1.1872	-0.9351	1.6025	0.4713	-0.4913	-0.1995	0.6147	-0.7407	0.0661	0.7235	-1.1045	0.3565	1.4540	0.0035	-2.1130	-0.7600	0.6394	0.8104	1.2057	-2.2228	-0.5853	-0.5223	-0.0344	-0.4975	0.1968	0.7611	0.7100	1.2616	0.2231	-0.8495	0.7168	-1.0683	-1.3821	-0.4284	0.4000	1.4041	1.1354	-0.6854	0.0314	-0.2837	-0.8762	-0.3479	-1.5913
0.1964	-0.4620	-0.8581	0.2028	0.8799	-0.4955	1.4749	0.5256	1.5942	-0.3555	0.6838	2.6593	0.6175	-0.5050	0.1010	1.8603	-0.9677	0.7653	1.2930	-0.3178	-1.5113	-1.2424	0.8837	-0.3458	0.7258	-0.5888	-1.4271	-0.2565	0.3776	-0.0428	-0.1362	0.4718	0.8191	1.0177	-0.1583	-0.8746	1.3452	-0.2523	-2.0627	0.1471	-0.0689	-0.4354	1.2087	0.2167	-0.2892	0.6812	0.0229	-0.4245	-1.0083
0.9645	-0.2793	-0.6545	1.0990	-0.1324	0.1448	1.1656	2.0489	1.0013	-0.2818	0.4687	0.5643	0.9222	0.5660	-0.0294	2.5203	-1.2942	-0.9985	0.7718	-0.3882	-0.4692	-1.6248	1.0850	0.3004	-0.2577	-1.3189	-1.9551	0.2349	0.8893	0.8732	0.0011	-0.5089	-1.2601	-0.6464	0.4325	-1.0625	1.8543	-0.5389	-1.9814	0.6033	-0.3900	-0.7055	0.5438	0.3410	-0.5354	-0.5818	-0.6346	0.9680	-0.1075
1.6125	0.4419	0.2821	-0.4455	-0.5514	0.7037	1.3104	0.3282	1.2448	-0.7224	0.9419	2.3995	0.8400	0.6673	0.2577	1.4181	-0.3783	-0.3697	0.5120	-0.6652	-0.7938	-0.8963	0.4687	-0.0378	-1.0549	-0.1375	-0.8308	0.4600	0.7167	0.0586	0.5046	-0.2663	-0.6286	-0.8107	0.6829	-0.9750	0.1694	0.2510	-1.8357	1.1858	-0.5258	-2.0855	0.7614	0.5232	-0.6073	-1.3963	0.0203	0.5776	1.3029
1.0555	0.9252	-0.0184	-0.5415	-0.9289	0.4243	0.9308	-0.5882	1.5606	-1.4556	0.5120	1.3987	1.2615	0.6783	-0.0616	0.4348	-0.2330	-1.1100	0.1601	0.6460	0.5944	-0.6401	0.1249	0.1331	-1.0255	0.1842	-0.4687	-0.2337	1.0081	-0.3676	0.9704	-0.2267	-0.6186	0.3106	0.9412	-1.0022	0.3143	0.5804	-0.5378	-0.7095	-0.4125	-2.3396	0.2123	0.5404	-0.0241	-1.2753	0.1164	0.1615	1.7498
1.1996	0.8725	1.5597	-0.5462	-1.0456	0.3957	1.4238	-1.8214	1.6993	0.0638	-0.7643	-0.0557	1.4414	0.6664	0.0295	1.2480	0.7269	-0.5107	0.9514	0.3470	1.4209	0.5050	-0.4538	0.1030	-0.7717	-0.3352	-0.1664	0.2431	1.3077	-0.9844	1.2997	-0.3719	1.2001	1.1177	-0.1888	-0.5163	-0.3670	1.6083	0.2114	-1.0676	0.5336	-1.0651	0.7392	0.3831	0.4687	-2.4659	-0.4879	-1.0114	1.4848
2.4951	1.0699	3.3322	0.5587	-0.7153	0.7419	1.5628	-1.7265	1.1180	0.3009	0.5114	0.5828	1.9123	0.6513	-0.8764	1.9690	0.8981	-0.5161	1.4715	0.7409	1.6264	0.8474	-0.7404	-1.1967	-0.7904	0.0319	-1.2474	0.3675	1.6640	-0.3562	1.4693	-0.3135	1.9585	0.4039	-1.5099	-0.1633	0.2734	0.6230	0.8834	-0.5490	1.4240	-0.7090	1.4988	0.8326	0.0056	-1.7961	-0.7521	-2.8435	1.2345
2.8055	1.2082	2.4685	0.2136	-0.0269	-0.0762	1.8889	-1.4237	1.1918	-0.1736	2.0135	0.6558	0.9909	-0.0743	-0.1275	1.4643	-0.5685	-1.7991	0.9418	0.9157	0.7379	-0.5604	0.5606	-1.6610	-2.0530	0.1114	-2.2402	0.3247	1.6571	0.8724	1.5094	-0.1784	1.3395	0.5565	-3.0978	-1.2316	1.5411	0.7182	0.2028	-0.2268	1.4668	-2.2638	2.3776	0.4620	-1.2829	-0.9915	0.3184	-3.2568	0.7892
0.9802	1.4527	3.1508	-1.2109	-0.5060	0.4204	-0.2293	-1.8239	0.4767	0.2347	-0.0945	-0.7649	1.6919	-0.4814	0.2806	0.9954	-0.1229	-0.6062	1.2073	-0.1130	-0.1094	1.4161	0.8555	-1.1485	-2.0611	-1.0736	-1.9898	0.0200	1.6037	0.7009	0.4260	-0.9806	0.9790	-0.0014	-2.8043	-1.2554	1.0713	0.4233	-0.1895	-0.3500	1.1240	-0.1110	0.5137	0.6101	-0.2638	-1.0831	0.4739	-2.4025	-0.5325
1.4704	1.5048	1.2655	-0.7688	-0.2186	-0.2462	0.3080	-1.5693	0.7236	-1.2472	0.4089	-0.6552	-0.3901	0.0467	0.8794	0.5976	-0.0286	-1.2466	0.3027	0.3949	-0.8796	0.7894	1.9018	-1.4819	-3.0956	-0.7718	0.0044	1.2373	-0.0269	-1.0516	-0.3124	-0.8572	-0.6287	-0.4845	-2.2241	-0.3071	1.3950	-1.6404	-1.1395	-0.3152	-0.7406	-1.5088	-0.2214	-0.2949	0.0017	0.0488	-0.5820	-1.1118	-0.5174
0.6255	1.5534	-0.2319	0.1991	0.6920	-0.9545	-0.1514	-1.4173	-0.3571	-2.4785	0.1475	0.4814	-0.8770	0.4870	0.5692	-0.2518	1.6151	-0.0899	0.3428	-0.6191	0.7387	1.3007	1.2099	-0.9041	-2.5556	-0.6180	0.5029	0.3205	-1.6560	-1.6656	-0.4898	-0.4404	-0.7243	-0.0642	-1.5962	0.2302	1.1994	-1.9687	-0.9768	-0.3830	-0.9840	-0.9879	-0.5141	-0.3045	-0.3724	-0.1699	-0.9789	-0.3154	1.2031
-0.6804	0.3469	-1.9524	0.9929	0.1810	-0.3622	0.4151	-0.2715	-1.9548	-0.8022	0.7925	0.1116	-0.3692	0.1174	0.8003	-1.7818	1.1181	-1.5581	-1.2406	-1.7391	0.9799	0.7035	1.0472	-1.7065	-1.8735	0.2419	0.7314	-0.7154	-1.8415	-1.2033	-0.3795	-0.3775	-1.3985	0.1831	-0.6231	0.3693	-0.2625	0.4811	-1.4613	-0.2090	-0.8489	-1.4633	-0.6122	-0.3007	-0.8718	-0.2757	-1.8552	0.4845	1.1612
-1.6466	-0.3541	-2.0595	0.5656	0.0401	0.1837	1.4005	0.1745	-2.6834	-0.2183	1.1661	-0.0015	-0.7489	0.0367	1.2161	-1.6468	1.2733	-1.0283	-2.3991	-2.0766	0.3176	0.3481	-0.0302	-1.9485	-0.7333	1.0566	-0.1186	-0.5790	-1.6718	-0.9363	-0.8276	-0.6080	-0.1515	-0.2461	-0.2806	0.3748	-0.1463	1.2814	-1.4557	-0.2926	-1.0111	-0.7964	-0.9771	-0.9444	-0.9357	-1.2334	-1.6480	0.4894	1.0312
-2.0479	0.0514	-1.2404	1.0194	-0.6588	1.4233	-0.2528	-0.1044	-2.8509	-0.3112	-0.9280	0.2068	1.4985	-0.1759	0.1569	-0.5573	1.3854	-0.0778	-2.0914	-3.0633	0.3460	0.5927	-0.0307	-0.9755	1.0478	1.0799	-0.2560	-0.1472	-0.8387	0.5456	-1.4165	-0.2037	1.0132	-0.7135	0.6293	0.3445	0.3115	-0.7172	0.0041	-0.1629	-0.6924	0.5776	-2.4891	0.0002	0.6650	0.3136	-1.1124	1.1357	-0.5735
-0.6089	1.6106	-0.9614	-1.6768	0.4426	-0.9538	-0.6715	1.1245	-1.3919	0.0454	0.4519	-0.5624	0.4645	0.1505	0.0445	-0.8839	0.3568	-0.8522	-1.9039	-1.0204	0.3670	0.1866	0.1089	-0.1998	1.5776	1.8999	1.2250	0.4987	-1.0755	-0.3442	-0.9631	-0.8869	1.5000	-0.0497	-0.0556	0.9508	0.1205	0.9709	0.7473	0.4955	0.6404	-0.3088	-0.6962	0.4219	0.7034	1.1981	0.4045	1.5124	-1.3759
-0.1671	1.4603	-0.2382	-2.9777	0.4406	-1.7971	-1.0866	0.3641	-0.8326	1.0071	0.8494	-0.4822	-1.6392	0.0181	-0.4526	-1.0009	0.8199	0.2828	-1.4592	1.1972	0.9488	0.3876	-0.1877	-0.2720	2.2092	1.3213	1.4146	-0.3753	-0.5821	-1.3179	-1.1064	-1.2859	1.6918	-0.6093	-0.2281	2.5141	0.0356	1.6681	1.5426	1.0960	2.1105	-0.6617	0.0121	0.9946	1.7413	1.6237	1.2958	1.2619	-1.0055
-0.9615	0.3815	-1.2438	-0.8047	-0.6231	0.6346	-2.1057	0.3186	-1.6610	1.8673	0.4884	-0.4709	-1.8362	-0.0365	-1.9649	0.7313	0.4619	-0.4807	-1.9497	0.0922	-0.4416	-1.7236	-0.6175	0.2641	1.9670	-0.3723	-0.0156	-0.7193	-0.0451	0.8397	-0.3597	-1.4263	-0.9128	-0.9102	-0.8123	1.9670	-1.1292	1.9847	2.7871	0.7952	3.1072	-0.6317	1.1912	0.1607	2.9945	2.5104	1.7983	0.3955	-0.5834
-0.7290	-0.4889	-1.0553	-1.0774	-0.9964	0.9237	-0.9246	-0.2922	-1.2972	1.5061	0.3685	0.6661	-2.2439	0.0777	-1.7744	0.9232	0.6345	-0.3075	-1.5549	-0.6179	-1.2867	-1.6885	-1.7795	1.0672	1.3445	-1.1210	-1.1112	-2.2808	-0.4481	0.9398	0.7230	0.0885	-0.8746	-0.2145	-1.6150	1.2024	-1.2355	2.9369	2.7962	-0.0742	2.6426	-1.2579	2.3916	-0.9389	2.6121	2.0084	1.7461	-1.4021	-0.2505
-1.1512	-1.4098	-1.2461	-0.2662	-1.6774	0.8074	-0.9791	-0.9719	-0.9481	0.0485	-0.4698	0.3661	-0.3940	0.4353	-2.2887	0.7257	1.1314	-0.1874	-0.7474	-0.6877	-0.1994	-0.4373	-1.7511	1.4076	0.9234	-1.5683	-0.8761	-2.4984	-0.8973	0.2716	1.4869	1.2968	-1.2868	-0.2733	-1.2802	0.9633	-0.2121	-0.1989	2.4886	-0.2465	0.7633	-0.4619	1.1771	0.3093	3.3196	2.4999	1.2697	-1.6729	-0.4129
-0.7034	-0.8965	-1.0501	-0.1733	-0.9458	0.3678	0.5836	-0.5367	-0.6605	-0.9055	-0.3024	0.4578	-1.1732	0.5760	-1.6385	-0.5186	0.9236	-1.0693	-0.7927	-1.0017	-0.7177	-0.4594	-1.7556	1.9532	-1.2798	-0.6330	-0.3705	-0.6580	-0.5291	-0.8793	1.8155	0.0932	-1.3514	0.0322	-1.1539	0.7294	0.0527	0.1169	1.4976	-0.0310	-0.8817	-0.3118	1.6237	-0.0865	2.6260	0.8992	1.1945	-1.0828	-0.0072
-0.3458	0.4993	0.8297	-0.1327	-0.6115	1.0946	-0.7181	0.0367	-1.2651	-0.2821	-0.2118	0.0918	0.2114	1.5757	-1.0906	-0.8276	2.8202	-0.1345	0.0320	-0.7271	-0.0117	0.4670	-1.9002	-0.0496	-2.2922	-0.5840	-0.5897	-1.1094	0.3287	-0.8560	0.9746	-1.3424	-0.5841	-0.1694	-0.3031	1.2299	0.1977	-0.0514	1.5828	1.2729	-1.6527	0.5733	0.3619	-0.0552	2.3246	-0.2961	-0.1744	-0.6446	-0.9117
-0.1005	-0.0854	0.3813	0.6985	-0.4966	1.6771	-1.2686	0.7832	-0.6989	-0.3709	-0.2719	0.4819	1.5285	2.0131	-0.7497	0.0630	2.5969	-2.0897	-0.8934	-0.8094	0.2975	-0.1876	-0.3199	-0.3299	-2.9996	-0.2633	0.7364	-1.4887	-0.1727	0.0098	0.8015	-0.6326	-0.5179	-0.2930	-0.1093	0.7169	0.4568	-0.5653	0.6727	0.9267	-2.0585	-0.7711	-1.1005	-0.5607	1.2255	1.2385	-0.7361	-0.0840	-1.1254
-0.1238	-0.1400	0.4323	-0.0464	1.0047	1.3156	-0.7276	0.4543	-0.5505	-0.7560	-0.0714	1.4460	1.5973	1.3743	-1.1956	-0.0263	2.9844	-1.2306	-0.6179	-0.2766	0.2277	0.4331	-1.8437	0.1287	-2.5497	1.2446	0.7267	-0.9138	0.2495	-0.7433	1.4181	0.4779	0.3272	0.1916	-0.7515	0.6906	0.0507	-0.2360	-0.2825	-0.4439	-1.7321	-1.1926	-1.8366	-0.8195	0.6627	0.8499	0.1796	-0.4538	-0.4377
-0.1643	0.3744	0.0612	0.1097	0.4109	0.6625	-1.4378	0.3480	-0.7618	-1.3084	0.2557	1.0860	1.3740	-0.2622	-1.6856	-0.2385	1.8440	-0.5097	-0.4459	-0.5784	-0.4940	1.4531	-1.3529	-0.4273	-1.0118	0.5266	0.3897	-0.7795	-0.2711	-0.3588	1.0397	1.0095	0.2605	0.1160	-0.4525	0.6702	0.4253	-0.2563	-0.0081	-0.3238	0.4820	-1.1345	-1.1678	0.1633	0.7986	0.9364	0.3039	-1.3086	-2.4197
1.2946	0.0798	0.1405	-0.2913	0.0747	-0.6581	-1.5280	1.5233	0.4930	0.6872	0.4217	-1.8811	-0.1578	-0.8630	-0.9594	-0.7630	-0.0730	-0.8961	-0.1737	0.5508	0.4998	-0.2678	-1.8305	0.0610	-0.3959	0.5975	0.3428	0.2513	-0.7737	0.3373	0.0353	0.3106	-1.0420	0.4093	-0.3993	0.0610	-0.3165	0.3824	0.3868	-0.1024	0.2965	-0.4420	-0.2825	-0.8256	-0.4782	-0.2606	-0.0639	-0.4552	-1.4517
1.7648	-0.0456	0.0736	0.6815	0.6349	-1.0955	-0.1645	1.1795	1.4280	1.6373	1.2130	-0.9242	-0.9165	-1.5266	-0.5272	-1.5712	-1.7346	0.2690	0.0878	1.1414	0.4097	-0.1418	-1.6204	0.1440	0.1343	1.5959	0.2102	0.4814	-0.7024	0.4579	-0.9391	0.7230	-0.7225	0.3381	-0.1071	-0.4397	-1.2523	1.0755	0.1179	0.7758	-0.6140	-0.5783	-1.0916	1.3467	-1.0063	-0.0324	0.6296	0.2555	0.7701
0.3501	-0.8076	-1.2183	1.7434	-0.3611	-1.9554	0.8444	0.7278	1.6345	0.1459	1.2210	-1.4484	-0.5709	-1.4185	-0.7014	-1.5905	-2.5568	0.6541	0.0217	1.0394	-0.3046	-0.3410	0.6865	-0.2134	0.0276	-0.5836	1.0252	1.2472	-0.8284	0.2527	-1.2628	0.8246	-0.8942	-0.6613	0.6983	-0.4910	-0.6891	0.7181	-0.0852	1.5254	-0.6046	-0.2050	-1.6626	2.2686	-1.2070	-1.0689	-0.5986	0.6889	0.8817
-0.4881	-0.6566	-0.1833	0.7490	0.0282	-1.9670	1.6871	0.7283	3.3797	-1.6001	-1.7651	-1.4802	-0.4021	-0.6903	0.1559	-1.1311	-1.8387	0.6427	2.1639	1.7514	-1.9664	-2.0767	2.4251	0.4213	-0.6459	-2.0580	0.4184	1.3396	-0.1111	0.7695	-1.3211	2.0817	-0.7838	0.8906	0.3321	-0.6004	1.5311	0.3152	-1.2412	1.8495	-1.6619	1.1515	-0.0956	0.2032	-2.6855	-1.8556	0.0964	0.2819	1.4707
1.2451	1.6056	0.7389	0.4675	2.1095	0.5682	-0.0476	-0.7607	2.4043	-0.7636	-1.3786	0.9475	0.4972	-0.4156	0.5607	-0.0592	-1.7569	1.8976	1.9101	1.6207	-0.0164	0.8352	0.4561	0.9787	0.5714	0.3758	0.0533	0.8418	0.8160	1.3438	-0.7427	1.0175	0.6875	0.5532	-0.1229	-0.7457	-0.0633	-0.5875	-0.9651	1.4103	-0.5646	1.5640	-0.7931	1.1490	-1.6475	-0.1315	0.6576	-0.8393	2.8766
1.2503	0.8932	0.0770	1.5111	1.9771	-0.9087	0.0831	-1.0712	0.0050	-0.0841	-0.2216	-1.3180	-0.3823	-0.7081	0.5043	0.1910	-2.8092	1.2566	1.1002	0.2086	0.4653	1.4945	-0.4870	1.5982	0.2280	-0.3897	0.1905	1.8470	0.8199	1.5610	-1.0554	-0.6521	1.3950	0.5925	0.1225	-1.0893	0.4284	-0.0766	0.1405	-1.4944	0.8724	0.7213	0.0414	-0.0222	-1.2910	-1.5990	-0.9996	-0.3342	1.5410
-0.1227	-0.6334	0.0751	2.7549	1.3505	-1.0812	1.3471	1.0360	0.0398	2.6319	-0.1338	0.1488	0.2764	-1.8959	1.1742	-0.3075	-2.2159	1.5516	0.4062	-0.6611	-0.9292	1.5195	0.8453	0.8911	0.3349	0.5173	-0.0764	2.0292	-0.0872	1.5701	-1.3962	-0.1798	3.0342	-0.1175	0.1516	-1.4122	0.6255	0.8677	-0.6832	-0.9428	0.7678	0.0470	1.1394	-0.0309	-1.7053	-0.2450	-0.2729	-0.1675	0.6712
-1.8678	-1.3187	0.2302	2.6670	-0.9131	0.0306	1.2412	2.0085	-1.4346	1.8696	-0.3502	-0.9635	0.1050	-1.6149	0.4432	-0.2693	-0.7940	0.7172	-0.3042	-0.1003	0.2739	1.3728	0.6293	0.8571	0.5429	-0.4176	-0.1799	0.3212	-0.4818	1.6358	-0.6745	-0.4612	1.7711	-1.9071	1.3294	-0.7308	2.0062	-0.3476	0.1324	-0.1978	0.2285	1.8292	0.2749	-0.7781	-0.8698	-0.6335	-0.7073	0.8976	0.0625
-1.8269	-1.1744	-0.8286	0.0264	-2.3397	-1.0126	-0.4360	0.3876	-1.8538	0.2226	-0.2469	-1.2590	-2.3444	-1.1156	-0.1354	-2.1029	-0.0679	-0.0628	0.0120	0.6174	0.8464	0.2172	-0.2395	-0.1040	0.3235	-2.0691	0.7438	-1.3030	-1.5529	0.5537	0.1277	-1.3373	0.7979	-2.3371	1.1660	-0.0579	0.7029	0.0083	0.4710	-0.2225	-0.2073	1.9353	-0.0873	-1.1735	-1.0199	-1.4029	-0.7306	1.2075	-0.0648
-1.6380	-0.9084	-1.0823	-0.9497	-1.9119	1.1571	-2.0346	-0.6188	-2.0557	0.4357	-1.5785	-0.4958	-2.3294	-0.6863	-0.8823	-1.8696	0.1847	0.5418	0.7190	1.2129	0.0694	-0.2817	-0.3850	-0.9083	1.4028	-1.5837	-0.1961	-1.3987	-1.0657	-0.1466	0.2322	-1.9713	-0.2358	-1.1875	1.6180	0.1309	-1.4835	-1.8214	-0.1390	-0.2509	-1.6031	2.5875	-1.5590	-0.7253	0.1162	-1.2905	-1.6211	0.6730	-0.4921
-0.9777	-0.7858	-1.0503	-0.4044	-0.7997	1.7291	-2.2449	-0.3951	-0.6381	-0.2090	-2.0605	-0.5845	-0.9936	-0.2265	-0.1185	-0.2758	-0.3723	0.6006	0.0163	0.4191	-0.7767	-0.1931	0.3346	-1.3395	0.7254	0.2526	0.3008	-0.3155	-0.8448	-0.1196	-0.3526	-1.6043	-2.0997	-0.0228	1.6569	0.0084	-1.9382	-2.2888	-1.1022	-0.6480	-1.8457	0.9058	-1.8932	-0.5934	0.5506	-1.0063	-1.6337	0.5236	-0.7257
0.4483	-0.7005	1.0982	-0.6143	-0.1690	-0.5386	-1.3161	-0.1655	0.5110	-1.6406	-1.0799	0.3022	-0.6695	-0.1678	0.8518	0.3026	-1.1973	0.9927	0.7828	-0.8333	-0.8224	-0.3731	0.7719	-2.3802	0.6426	0.7760	0.3165	0.7554	-0.4312	-0.9522	-0.4781	-0.7976	-1.6791	1.0837	1.4564	-1.1120	-2.1428	-0.7088	-1.3484	0.0268	-0.2829	0.4998	-0.5242	-1.0316	-0.7467	-0.7091	-0.8999	0.5568	-0.8747
-0.2004	-0.4480	1.5338	0.8410	-0.8308	-0.0224	-1.4236	-1.1323	0.3593	-0.7766	-1.5995	-0.4517	1.4016	0.1164	-0.4785	2.2773	-1.0445	1.0875	1.5858	-1.9374	0.1717	0.3740	0.1137	-2.0605	0.8966	-0.7214	-0.7987	0.1569	1.1561	-0.7628	-0.0793	-0.1370	-0.5939	0.4560	1.7541	-1.9249	-1.2238	-0.0764	-1.4775	-0.4280	1.0010	1.6403	-1.2484	-0.6678	-0.0574	-1.4405	-1.6435	0.3895	-1.2533
0.0861	-0.9379	-0.0553	0.5018	-0.1897	-0.1371	-1.6510	0.4297	1.2272	-0.4945	-2.2816	0.1110	1.8902	-0.4344	-1.8206	1.4773	-1.4854	-0.4890	1.5896	-1.9324	1.2320	-1.3475	0.2017	-1.0463	0.2559	0.5357	-1.3574	-0.6614	1.6703	0.3702	0.2936	0.0867	0.1420	1.6089	1.1961	-3.1362	-0.0831	0.9035	-1.2716	-1.4839	0.7358	0.9050	-0.3299	-1.1430	-0.7991	-0.3952	-0.6654	0.1568	-1.3225
1.2823	-0.5393	-1.7242	-0.6164	0.7979	-1.4145	-0.1890	0.8631	0.9960	-0.8910	-0.9003	2.2100	0.1628	-1.0199	-1.1169	-0.3824	-0.5287	-0.4465	1.2520	-0.8575	0.8201	-0.7800	1.1364	-0.8337	-0.3084	2.1527	-0.7312	-0.6506	1.7583	-0.6746	0.4755	-0.0352	0.9870	1.3457	0.3825	-2.2404	-0.0862	0.5740	-0.4800	-0.3631	0.4494	0.1565	0.3221	0.6375	-1.8800	0.5251	0.6553	-0.5959	0.4061
-0.1958	-1.5200	-1.8375	0.4354	-0.2653	-1.1032	-0.3677	1.5073	-0.2261	-1.4567	-0.7292	-0.6709	0.6832	-0.7246	-0.1288	0.7828	0.1616	-1.3056	0.6173	-1.0870	0.8675	-0.6457	0.7860	-0.3195	0.1404	0.1736	0.2357	0.4111	0.8863	0.1966	-0.2817	0.2300	0.1545	0.1146	0.1075	-0.1309	-0.4728	-0.3272	0.4040	-0.3421	-0.1861	0.0903	0.1670	0.4194	-0.5973	0.5812	0.8641	-0.3090	0.2248
-0.8807	-0.2210	-0.6281	0.1036	0.4871	0.1181	0.3122	0.8821	0.3751	-2.1372	-1.9868	0.4144	1.3140	-1.0613	1.0821	0.7398	0.2886	0.3375	-1.0674	-1.9846	0.4339	1.2160	1.8722	-0.3512	0.3880	1.8606	0.3694	1.0514	-0.0976	0.8135	-1.1124	1.1387	0.8424	-0.2398	0.1145	1.7071	-0.4939	-0.6560	0.3681	0.1455	-1.7655	0.3049	-0.3467	1.2640	-0.3945	1.4889	0.6753	-0.2439	0.3545
-1.4090	-0.5152	-0.1680	-0.4079	0.5198	1.4071	-0.0924	0.5495	-0.0858	-1.5498	-1.2882	-1.4029	1.9077	0.0962	1.2917	0.7017	-0.4177	0.6518	-2.3564	-1.6036	0.8541	2.0676	1.4348	0.1475	0.7969	1.0265	1.4869	1.5855	-0.4952	1.1937	-1.0068	1.1419	0.0468	-0.8008	0.1791	2.4216	0.1865	-1.4389	0.8164	-0.1531	-1.5444	1.0752	-1.3143	0.7245	0.7074	0.7939	-0.0807	0.8563	-0.7566
-0.6673	0.1298	0.4132	-1.6228	0.8527	1.1808	1.3585	0.4134	0.4585	-0.7360	0.5579	-1.0472	1.0025	0.7850	2.2370	0.2182	-0.2470	1.6136	-1.7607	0.1398	1.7608	1.0494	0.0879	0.8098	0.2671	1.1805	2.2416	1.2665	-0.5870	0.4523	-0.2017	-0.3230	0.6874	0.1082	-0.2636	2.7490	0.1913	-1.8013	0.5436	0.4449	-0.2005	0.3329	0.0468	-0.3257	0.8991	0.5676	0.2452	1.5595	-1.2182
-0.3049	0.5922	0.7889	0.5844	1.1111	1.8556	1.1264	0.3833	-0.8963	0.1910	1.3801	-0.8442	0.7171	1.1374	1.5100	0.5567	-0.4509	1.2046	-0.3966	1.0389	1.8845	1.1837	-0.0070	1.5975	0.0678	-0.0740	2.3292	1.2145	0.1010	0.1704	1.0526	-0.9400	0.2303	-0.1994	-0.2815	1.7582	1.3540	-2.5600	-0.2502	0.6027	0.3852	-0.1202	-0.3246	-0.6627	2.3715	0.0625	1.1877	0.8952	-0.8288
0.5320	1.1760	1.1271	-0.4118	1.2369	-0.9371	-0.7845	1.0331	-1.3454	0.8751	1.7846	-0.8452	-1.1078	0.5254	1.1766	0.2213	-1.1026	0.5436	0.0681	0.7348	1.0088	-0.2010	-0.1028	0.4897	0.2218	-0.9475	2.3987	1.3220	0.2827	0.3033	0.8153	-0.3507	-0.6384	0.3684	-1.3931	0.6149	-0.1446	-0.6506	0.2428	-0.7386	0.6680	0.4045	0.4339	-2.0047	1.7556	0.3293	2.6362	0.1588	0.4800
-1.4653	1.1742	1.6894	0.2658	-0.0551	-0.8869	-1.0650	-0.6263	-1.1362	1.4547	1.5651	-1.5433	-0.9040	0.2392	0.2040	0.9781	-0.2589	1.0496	0.2508	-0.4465	0.8658	0.3698	-0.3388	0.3481	0.6897	-1.4850	1.0214	1.9222	0.5175	-0.0964	0.4745	-0.2693	-0.7348	-2.0896	-1.4882	1.1219	-1.6962	0.7216	0.0768	-1.0121	1.6569	1.2318	0.6913	-1.2925	1.2278	-0.9096	1.9170	0.0924	0.1876
-1.1180	1.3560	0.5800	0.8545	0.6621	-0.6662	-0.0246	-0.6135	0.0763	0.2438	0.8278	-1.5161	-1.1951	0.0888	-0.1181	1.5607	-0.5537	0.1050	-0.4214	0.3924	-1.4511	-0.3358	1.2620	0.3342	-0.0225	-0.5936	-0.5442	1.5835	0.0154	0.8285	-0.6657	1.5533	-1.8156	-1.6087	-1.4488	0.2920	-1.1445	0.2358	-0.4654	-2.3717	1.5862	1.3844	0.4553	-0.4470	-0.1457	-0.1267	1.5052	0.8063	0.3288
0.7099	1.5036	-0.0006	-0.7515	0.6292	0.5285	0.3155	0.6347	1.2066	0.0244	0.6025	0.7255	0.0601	-0.7557	0.9426	0.9413	-0.5808	0.2768	-0.0958	1.7124	-2.4884	-0.2477	1.3479	0.5245	0.1069	0.6484	-1.1902	0.8414	-1.0182	0.9844	-0.5362	2.6509	-0.8059	0.2021	-0.8261	-0.2979	-0.5965	0.1159	-1.3863	-0.5028	0.5603	0.6094	0.4767	0.3544	-1.3648	0.5323	0.7273	0.6629	0.9076
0.6076	0.8518	-1.1764	0.0383	0.0890	0.3617	-1.1378	1.0700	1.2217	0.5717	-0.4830	0.3419	1.1330	0.0304	1.0760	-0.0888	-0.2937	0.0357	0.5750	2.5234	-0.3001	1.0669	-0.4441	1.6917	1.0175	0.1210	0.5990	-0.5866	-0.9343	-0.0909	0.0318	2.5049	0.0877	0.3733	0.7436	-0.1834	0.1735	0.2865	-0.8275	0.3538	-0.6703	1.1916	-1.1392	1.2612	-1.0178	-0.0170	-0.8461	0.6454	0.8305
1.4435	0.1897	-0.1855	0.2021	-0.2377	-0.1407	-0.2421	-0.1274	1.7482	0.5081	-0.0430	0.6360	-0.0180	0.4796	1.8980	-1.0100	-0.4757	-0.3915	1.5810	1.4335	0.0783	1.3591	-1.3132	1.7692	0.6056	0.0551	1.2276	-0.0710	-0.2213	-0.6457	0.1407	1.2416	0.8621	2.1954	1.1345	-0.4378	0.2331	1.8940	-0.2145	-0.7432	-0.3302	-0.3413	0.1158	1.1899	-1.3763	-0.3082	-0.0039	0.6197	0.7979
1.2833	0.2233	0.1700	0.5613	0.7275	1.7336	1.4421	-1.0349	1.3932	2.3723	1.1194	1.4452	-0.3090	-0.6036	0.6415	-0.8366	-0.2970	0.4070	1.5846	1.0082	0.8784	1.0675	-0.5056	-0.0613	0.7888	1.5440	-0.2578	0.9950	1.2290	-0.3353	1.0089	-0.6212	2.0733	2.6110	1.3341	-1.0237	0.8101	1.2904	-0.1974	0.3993	0.9312	-0.6051	1.5080	0.6787	-1.1355	0.2239	-0.8344	-0.2015	0.2840
-0.2793	-0.6439	1.8438	0.1165	-0.6465	1.3017	1.9497	-1.0721	0.0617	0.5897	0.5140	-0.5728	-0.4774	-0.7504	-0.4917	-0.3211	-0.8205	-0.1967	0.8354	-0.2548	1.9357	-0.0848	0.4237	-0.0343	1.6098	-0.8595	-0.8391	0.5276	1.4556	0.2964	0.8413	-1.0959	1.7328	1.8620	2.0884	-0.5027	1.5974	-1.3367	0.8339	-0.2457	1.8683	0.6923	1.2484	-1.5778	-0.1106	0.2578	-1.2651	0.0297	-0.9681
-0.6537	-0.5484	2.1591	-0.4805	-0.6223	0.4706	2.0762	-0.4668	-0.2479	0.5838	0.1365	0.7358	-1.3097	-0.5844	-0.3911	-0.6085	-0.9985	-0.1968	-0.2107	-0.6299	0.6454	-0.4794	0.8493	0.0730	1.8417	-1.7865	-0.8053	-0.1094	-0.5249	-0.3034	0.3477	-0.3691	0.5948	1.4063	1.5722	-0.2804	1.6164	-1.0491	0.3701	-1.1740	2.1438	-0.0842	1.8732	-1.9735	0.0342	1.0715	0.4069	0.0363	0.1476
-1.4929	-0.5226	1.0356	-0.4993	-0.4192	0.0316	0.8336	-0.8686	-1.0452	-0.1568	-1.4908	1.3807	-0.7624	0.0594	-0.3345	0.1054	0.3226	1.2227	-1.1491	-0.6076	-0.3302	0.5245	0.5938	0.1440	1.6515	-1.2388	-0.3406	-1.4139	-1.3372	-1.6607	-0.3530	0.9092	-0.6990	0.2423	0.8373	-0.1813	1.0929	-1.8788	-0.2558	-2.2430	1.2700	1.4467	0.1786	-0.7335	0.7717	1.0753	0.1848	-0.1906	0.6871
-0.0142	-0.7598	-0.8373	-0.4346	-1.1667	-0.8405	-0.4512	0.0570	-0.5125	-1.0303	0.1133	-0.4629	0.4609	0.1794	1.1679	0.4751	0.6927	-0.0214	-1.0143	0.8090	-0.3658	-0.7080	-0.5692	0.7672	0.1899	-0.9238	0.7723	-0.7546	-2.0330	-1.3715	-0.3947	1.2135	-2.0629	-0.1827	-0.4095	-0.1389	-0.1379	-1.5412	-0.9320	-0.9531	-0.6460	0.1854	0.2823	-1.1254	0.2771	0.1336	-0.0892	-0.0894	0.4500
0.6370	-0.3221	-0.8318	-0.2920	-0.4030	-0.7850	0.5832	-0.2333	0.0783	0.5069	2.0565	1.0917	0.5459	-0.0412	2.5587	-0.6288	1.6290	-0.5871	-1.0928	1.5461	-0.6860	-1.3987	-0.9821	0.0174	-0.9134	0.6827	-0.3977	-0.7059	-1.7979	-1.0052	0.3921	0.6464	-1.4757	-0.3204	-0.7432	0.2644	-1.3776	0.0376	-1.2723	0.6329	-1.0947	-2.2290	-0.1028	-0.1272	-0.2065	-0.3180	-0.5538	0.5245	1.1829
-0.9497	-0.9101	0.1850	0.0174	0.2551	-1.3513	0.4993	-1.0822	-0.1658	-0.5571	1.5333	0.4032	0.2827	0.7911	1.9411	-0.8201	2.3204	-0.6802	-1.0846	1.2811	-0.7060	-2.1031	-0.6242	-0.4494	-0.4752	0.5464	-0.5900	-0.9297	-0.7751	-0.3715	-0.0662	0.5812	-1.4653	-0.4294	-0.3808	0.4357	-1.0876	-0.0087	-0.4545	0.7724	-0.5139	-1.1659	-0.5434	0.4148	-0.2741	0.2351	-1.7045	1.2667	0.1365
0.1680	-0.1504	1.6072	-0.9964	1.2875	-0.8943	-0.0634	-0.9586	-0.0674	0.1284	0.1967	1.8231	-0.3085	1.6692	2.3322	-0.5431	1.3535	-0.7232	-0.2951	1.2513	-1.8387	-1.0310	-0.1409	0.8308	-0.4360	0.7599	-0.5569	-0.1002	0.5409	-0.5753	-0.0394	0.7307	-0.3826	-0.2896	-0.1756	0.6849	-0.4582	0.0288	-0.4815	1.3271	-1.0059	-0.8757	-0.0156	0.1008	-0.3976	1.6037	-0.7419	0.6552	-0.1395
0.7040	0.4929	2.5713	-1.5313	1.5797	0.0320	0.3064	-1.2746	-0.4852	0.2019	0.2432	1.9675	-0.4392	1.9845	1.1377	-1.2473	1.3069	1.2089	0.6802	0.8678	0.1002	0.4720	-0.3299	-0.0242	-0.5694	0.8726	-0.9625	-0.7694	1.3147	-0.6336	-0.5769	0.7694	2.1335	-0.6717	0.6922	1.1583	-1.4243	0.6414	0.0887	0.8677	-0.0452	0.4080	0.2134	0.5445	-0.5495	1.0337	-0.5387	-0.2081	-0.4591
0.3230	-0.4270	1.2014	0.4350	0.4619	1.0567	0.2722	-0.7737	-0.0103	-0.2385	0.2113	0.7820	0.8967	1.1451	-0.6958	0.1302	0.4241	-0.8767	0.0121	0.2059	0.7453	-1.2566	0.1106	-1.2480	-0.9728	0.9677	0.6672	-0.4507	1.0542	0.4954	-0.9136	0.2014	1.1426	-0.0906	1.9460	1.4206	-0.1272	-0.1431	0.5011	0.4791	0.4017	-0.0600	0.5614	-0.4364	0.1395	0.4291	-1.2930	-0.3528	-1.0910
-0.3948	-0.3524	-0.0128	0.8754	0.5198	0.9030	0.7812	0.5255	0.1490	1.4237	-1.3339	1.8948	0.5734	0.5469	-1.1304	0.8330	0.4704	-0.2721	-0.0510	-0.4019	-0.3864	-0.3919	-0.6812	1.1477	0.1213	1.7082	-0.3252	-1.7825	0.9460	-0.2731	-0.1835	-0.1134	1.3704	-0.4249	1.0960	0.9466	1.0927	-0.3194	0.4539	0.2764	-0.7627	-0.7332	-0.2410	-0.6028	0.1354	0.0990	-1.2747	-1.1227	-0.8461
-0.7065	-0.8680	-0.8421	1.3115	0.3205	0.9525	-0.0504	0.1971	-0.9359	0.2039	-1.1962	0.3265	2.1033	1.1242	-1.3880	0.8268	1.5433	1.0611	0.2341	-0.2458	0.3733	1.0888	-2.3216	0.6841	1.2478	-0.0847	-0.7004	-2.5579	0.2850	-0.6858	0.0137	-0.7253	0.2976	-1.3048	0.7251	0.5074	1.3287	-1.7950	0.5794	0.0236	-1.4201	-1.0905	-1.3573	-0.1955	0.8614	-0.3654	-1.1585	-1.3975	-0.5032
-0.2703	-0.7747	-1.8913	-0.2693	0.0400	-1.4718	-0.9459	-0.2424	-0.3599	0.1293	0.5407	-0.9635	0.9404	1.8375	-0.2992	-0.1889	1.6746	0.4411	-0.6809	-0.2016	-0.4780	-1.0624	-0.8906	-1.4407	-0.6978	-0.8568	-0.1384	-1.1310	-0.7006	-0.7786	1.0268	-0.5196	-0.7203	-1.4418	-0.1296	-0.7771	-2.6755	0.0237	0.5232	-0.1822	-0.5094	-3.0731	-0.4546	0.3679	-0.0100	-0.2490	-0.1699	-0.3081	-0.4392
-0.0013	0.1962	-1.3569	-0.7206	-0.9895	-0.7316	-0.7496	-0.1564	-0.0533	0.5556	1.0619	-0.9923	0.7254	1.3951	-0.0472	0.0705	2.4452	0.8219	-0.5252	-0.2360	-1.5438	-0.9863	-0.5265	-0.4896	-0.7583	-0.2086	-0.5614	-0.9367	-0.0655	0.2568	0.9481	-0.2493	-1.1009	-0.9559	-0.6462	-1.8073	-0.8283	1.5358	0.1461	0.5643	-0.4589	-2.3815	-0.3750	0.9972	-0.5601	-0.7364	0.1571	0.2738	-0.3835
0.7073	1.2666	-0.7683	-0.4630	-1.6588	0.0175	-0.4789	-0.3435	-0.2318	0.5153	1.4945	0.1188	0.2304	1.0985	0.0365	-0.7417	0.6129	-0.5464	-0.6418	-0.8366	-1.8501	-0.5336	0.3772	0.1807	-1.1335	-1.4666	0.4089	-0.5282	0.2368	-0.0404	0.7762	-0.0507	-2.3450	-0.8739	-0.5047	-1.1480	0.6471	1.5119	-0.1772	1.8172	0.2993	-2.3943	0.0390	2.0385	-0.3630	-0.2206	0.5783	-0.1812	1.5219
1.7333	0.6862	-0.3327	-0.7864	0.2906	0.2326	0.1830	-0.4312	0.5363	0.4980	0.9797	1.1218	-1.0172	0.2823	-0.3716	-1.2339	-0.1670	0.0252	0.2347	-0.5993	-1.1759	0.8130	0.9975	0.2852	-1.0364	-0.8723	0.5676	-0.5277	0.7476	-0.9811	0.9692	0.1104	-0.7800	0.5869	-0.7714	-1.1163	-0.3540	1.2397	0.2333	1.3162	0.0582	-1.1308	0.6513	2.1335	-0.6268	-0.0330	0.2351	-1.4150	1.2621
1.5846	-0.2275	0.0992	0.3251	-0.9976	-0.1921	0.9976	-0.0280	-0.1829	0.0186	1.6809	-2.0971	-0.5654	-0.5758	-1.3146	-0.3172	0.1642	-1.7080	0.0642	0.1985	-0.1590	-0.1430	0.0471	-0.1814	-1.5517	-0.8756	-0.0183	-0.2128	0.9327	-0.0894	0.5769	-0.6418	-0.5506	0.4057	-1.1459	-0.3892	1.6516	1.0001	1.6966	1.4134	-0.0218	-1.0752	1.0296	0.3802	-0.3547	-1.3548	-1.1712	-1.1410	-0.1485
1.2759	-0.9862	-1.0420	1.0880	-0.4941	-0.1232	1.8071	-0.5866	0.0741	0.4578	2.2266	-1.1001	-0.2486	-1.3616	-1.1717	-0.0637	-0.8978	-2.3953	-0.8038	-0.8790	-0.3951	-0.9093	-0.4979	-1.0558	-1.1681	0.1162	-0.7133	0.5388	0.1601	0.3290	-0.1759	-1.4026	0.6438	-0.6893	-1.4668	-0.5261	1.0590	1.7925	1.4844	2.2186	-0.8257	-1.0602	1.0569	0.9347	0.6131	-1.0421	-0.4295	-0.7199	0.0076
0.1841	-0.7378	-0.8909	1.0879	0.4004	-0.0495	1.5037	-1.7895	0.2818	-0.9825	0.7529	1.4291	0.3200	-1.7134	-0.7715	0.0546	-0.5144	-1.1280	-1.4225	-2.6221	0.2606	-0.4410	0.3288	-1.9047	-0.1871	1.1696	0.7290	0.1005	-0.3369	-0.1488	-1.0420	-0.7013	1.5418	-0.7791	-1.1315	0.0254	0.2572	0.9480	1.4380	1.6016	-1.1754	-1.6535	-0.9582	2.7939	1.9077	1.9755	1.2296	-0.4734	-0.3386
0.4782	-0.3858	-0.9616	-0.1189	-0.3280	-2.0611	0.2752	0.7567	0.1837	-1.6083	1.0569	-0.3918	-0.5202	-1.0440	-0.8049	-1.0013	0.1415	-1.3004	-1.1534	-1.5855	1.2660	-1.0795	-0.6851	-1.1175	0.3522	1.6138	1.7595	0.0987	-0.1276	-0.4394	-0.8788	-1.4287	0.3976	-0.3627	-0.4654	0.2156	0.5048	1.0079	2.3180	1.8188	-1.2856	-1.2508	-1.3956	1.9905	0.5924	1.9262	2.0390	0.9200	-1.7733
1.5001	0.5697	-1.4106	-0.1363	0.1067	-1.4218	-0.9788	0.7045	0.6466	-0.3398	1.4473	0.6107	-1.4312	-0.3566	-0.9321	-1.0451	0.5093	-0.9135	-0.1957	0.0183	1.7398	-1.3024	-1.1726	-1.3918	1.3057	2.5443	0.3410	-0.4904	0.4099	0.4472	-1.0604	-0.2701	0.9197	0.5117	-0.1162	0.2393	-0.0332	1.9065	1.7820	2.5806	-0.6462	-0.3718	-0.6612	2.5971	-0.1719	1.1290	2.7488	1.6256	-1.0181
0.8976	-0.1836	-1.3771	0.5896	-1.0632	-0.5433	-1.5375	0.7764	1.0125	0.1001	0.2876	-0.5016	-0.7184	-0.1453	-0.4693	-0.6544	-0.0608	-1.5516	0.4798	-0.3137	0.7504	-2.1018	-1.4341	0.1802	0.6451	0.5921	-0.5674	-0.1433	1.0318	1.3752	-0.9911	0.7734	-0.7700	0.6371	0.1505	-0.1090	0.1865	1.5582	0.9584	2.7773	0.1112	0.4439	-0.7186	2.0042	0.4468	0.3250	1.4263	1.2370	-0.8539
1.4988	-0.3228	-0.0137	0.2259	0.1471	0.1053	0.0842	0.6860	1.2961	0.2231	0.8779	1.1882	-1.1273	0.0817	-0.1261	-0.5415	-1.2929	-0.8495	0.0385	0.2784	-1.6520	-1.0284	-0.2951	0.6200	-0.5448	0.1349	-0.1824	1.0139	1.1523	1.0250	-0.5435	0.6039	-1.6682	0.4402	-0.5000	0.1514	0.0377	1.3589	0.5151	1.6037	-0.0210	-0.6734	0.1945	0.5745	0.9736	0.0202	1.0524	-0.2195	0.2407
1.5821	-0.3809	0.9496	0.4941	0.3947	0.1615	0.0060	-0.4016	1.0778	-0.8393	-0.9737	-0.3573	-0.1986	0.5714	0.0351	-0.9212	-1.1174	0.6857	0.6981	1.0411	0.0669	1.2362	1.1004	1.7640	-0.9096	-1.1028	-0.5990	0.4275	1.1075	1.2605	0.0174	-0.2927	-1.3056	-0.0079	-0.8957	-0.5907	0.2560	-0.4384	0.7997	-0.3255	-1.2095	0.9741	-0.4051	-0.1437	0.5059	-1.2213	0.9358	0.2714	1.2073
1.4067	-0.5174	0.3763	-0.2665	-0.1174	0.8519	1.2783	-0.0052	1.2812	0.8638	-1.3525	-0.9364	-0.5934	0.1629	0.6430	0.9272	-0.2917	1.0287	1.0253	0.1602	0.2910	1.6194	2.0159	1.5783	-1.6121	-0.7772	-0.2208	1.4186	0.3892	0.3440	0.5490	-1.2511	0.7470	-0.5602	-1.3475	-0.5092	1.1591	-1.0403	-0.5575	-1.2493	-0.4301	0.0543	0.7760	-1.2897	0.2356	-2.0490	0.3468	0.3712	0.5409
-0.0836	-0.6444	-0.3426	-0.4012	1.1105	0.2520	1.4115	-0.5442	0.3957	1.1207	-0.7348	-0.1475	0.4979	0.1228	-0.5880	2.6557	0.8226	1.5619	1.2398	0.0038	0.6272	0.9400	0.5724	-0.4296	-1.4765	-1.1272	-0.6001	0.6540	0.5754	-0.2919	0.7853	-0.9998	1.9433	-0.5792	-0.3087	0.3200	1.1086	-1.1988	-1.3688	-2.0398	1.1858	0.8871	1.1840	-1.2568	0.2601	-1.8683	0.0570	-0.5390	0.1304
-0.8934	-0.7950	-0.3189	-0.1378	1.4455	-0.6673	0.0590	0.6370	-0.3877	0.0944	-1.5563	0.4773	1.2279	-0.1579	-0.6484	3.2898	-0.5562	-0.0488	1.2516	-0.4800	0.1780	-1.4342	0.6716	0.1764	-1.1501	-2.1643	-1.6581	-0.4975	0.5546	0.4433	0.8624	-0.6649	0.7976	0.0719	0.0526	-0.2919	0.6438	-0.8956	-2.0809	-2.5480	1.3127	1.1146	0.7677	-1.9137	-1.4582	-0.8791	0.0863	-1.5428	0.1400
-1.0855	0.5265	0.8518	-0.3498	1.3691	0.9963	0.0654	1.0239	-1.1825	-0.5397	-1.1744	0.8840	0.6580	0.5525	-0.6973	3.1902	-0.1401	0.0755	1.5269	-0.8789	-0.1489	-0.9408	0.6758	0.3614	0.1980	-1.0574	-2.1807	0.0356	-0.3106	0.0358	0.9156	-0.5861	0.9580	0.1186	-0.0205	-0.3382	0.1352	-0.8357	-2.9192	-2.3170	0.7465	0.9942	0.2646	-2.2121	-1.1401	-1.5103	-0.2214	-2.0893	0.4545
-0.9267	1.1737	1.4919	-0.0169	0.5930	1.2838	-1.5621	0.5236	-2.0890	-1.1432	-0.3920	-1.5278	1.5360	0.9634	-0.9798	1.8645	0.1525	-0.6523	0.8688	-0.2802	0.1487	0.1782	0.1528	0.7369	1.3429	-0.0925	-1.7120	0.4068	-0.4375	-0.3270	0.5488	-0.9918	-0.1944	-0.7091	0.0902	0.2226	0.2892	-1.0101	-1.5793	-1.6868	1.4504	0.7024	-0.0643	-2.0031	0.1397	-1.4058	0.1267	-1.2913	0.4564
-0.0246	3.1493	0.4741	-0.7155	0.4986	-0.0296	-0.3923	-0.0874	-0.3949	0.0747	0.1870	0.8811	-0.4959	0.6039	1.0726	-0.1594	0.1360	-0.6850	-0.2027	0.5125	-1.7980	0.0596	1.3790	0.9057	0.7980	1.3255	-0.8815	1.6836	-0.8657	-1.0408	1.3584	0.2341	-0.0224	0.0202	-0.5735	0.6039	-0.9328	0.3664	-1.0995	-1.0779	1.9055	-1.1005	0.8702	-1.0224	-0.6105	0.6435	1.2900	0.2736	2.0667
-0.9235	4.1728	0.1825	-0.9247	-0.9097	1.4795	-1.0607	-0.6354	0.3407	0.4667	0.0047	-0.1826	-0.2418	0.3382	0.9169	1.1325	0.7950	0.4900	-0.2750	0.5467	-1.1050	0.7684	0.8690	0.1640	1.6358	0.5752	-0.0325	2.3040	-0.9827	0.5128	0.6374	0.6331	0.7216	-0.5576	-1.5405	1.0550	-0.6388	1.0215	-0.2664	-0.7900	2.6069	0.2661	0.2872	0.5596	0.7805	1.1467	1.7999	0.4119	1.8884
-0.6452	3.3298	-0.5019	-2.2458	-0.6770	-0.4275	-0.3590	1.9084	0.9780	1.1355	-0.3939	-1.1112	-0.0288	-0.3064	0.9853	0.3209	-0.5065	-0.7398	-0.7060	0.8541	-0.3100	0.5360	-0.2417	1.0550	0.4522	-0.5427	0.0426	0.8344	0.1126	0.9459	0.1234	0.5773	-0.1539	1.6972	-1.7288	0.6131	0.4466	1.6721	0.7290	-0.7372	2.5632	-0.5129	1.6125	0.1886	0.8766	2.2803	1.1702	0.2788	1.5551
-0.4947	1.7432	0.0516	-2.1504	-1.2918	-0.5864	-1.0701	1.3371	0.3064	2.0428	-1.5702	-0.3498	0.3429	-0.3171	-0.7884	-0.1201	-0.9480	0.1083	-0.2607	0.1589	0.6422	1.5080	-1.4341	1.5986	-0.3014	-0.5824	-1.3322	-0.4168	1.6622	0.9147	0.5120	-0.5895	0.7160	1.5645	-0.9462	0.6611	0.7401	1.7817	2.0516	-0.8102	1.6633	0.5753	1.5753	-0.2391	1.6481	0.8082	0.3770	-0.0988	-0.0029
0.3158	-0.8044	-0.1999	-0.8262	-1.5553	-0.5656	-0.7926	1.0353	-1.1752	0.6233	-0.2336	-0.4084	-0.6248	-1.0884	-0.9875	-0.6969	-1.3716	-0.8020	0.2174	0.8500	0.7320	-0.4575	-1.5983	0.5367	-1.2734	-0.7392	-2.5436	-2.0219	1.3666	1.0419	0.3998	-0.9873	-0.0252	0.3588	-1.5563	-0.3620	1.5610	0.0406	1.3899	-0.4602	0.8100	0.8970	2.2120	-1.0218	1.2453	0.1533	0.3540	-1.3877	0.0250
-0.3257	-2.5071	0.1897	-0.6089	-0.4651	-0.9815	0.4259	0.4257	-1.2224	-0.6158	-0.8571	1.3335	-1.3153	-0.8629	-0.0734	-1.4496	-1.1935	-1.2155	0.5224	0.0903	-0.5161	-0.5865	0.1203	0.4675	-0.5905	-0.7309	-2.4710	-2.4592	0.1482	-1.0957	-0.6611	0.1525	-1.1523	0.4050	-1.0526	-0.9451	0.6851	-2.4897	0.0837	-1.5743	-1.7658	1.3899	0.8033	-1.0107	0.3481	1.0234	0.4353	-1.8435	0.8212
-0.9160	-1.9329	0.3002	0.5841	-1.0125	-0.8358	-0.0219	-0.3715	-2.0429	-1.1519	-0.4438	-0.4384	-1.1230	-1.0523	-0.1344	-1.4872	-0.8195	-1.2481	-0.0204	0.0312	-0.6694	-0.2071	0.6149	-0.1800	-0.1537	-1.4403	-0.2419	-0.6722	-1.3837	-1.4833	-1.4638	-0.7603	-2.5148	-0.7498	-0.4251	0.0570	-0.6767	-1.8708	-0.1877	-1.7360	-2.6833	1.1285	-0.9529	-1.7861	0.1036	-1.2441	-1.4091	-0.5412	-0.6183
-0.5644	-0.9985	-0.7623	0.9581	-0.9000	-0.5533	0.7310	-0.2901	-1.7642	-1.4770	0.8352	-0.4706	-0.5526	-1.0902	-1.3524	-0.2286	-0.3131	-0.9067	-0.0969	0.4587	-1.1012	-0.1441	-0.0091	-2.4814	-0.8544	-0.4875	0.6466	0.8500	-1.7737	-0.8163	-0.7306	-1.5500	-1.8485	-0.4121	-0.2031	0.0933	-1.1044	0.3632	-0.7477	-0.8839	-1.8062	0.6002	-0.5528	-1.6373	-1.2842	-2.3179	-2.4453	0.3162	-0.7322
-0.7547	-0.4646	-0.5020	0.3660	-0.0574	-0.4722	1.4205	-0.7279	-0.4572	-1.3929	0.1343	-1.3951	-0.3310	-0.3555	-1.7550	0.6091	0.3181	-0.4932	0.1880	0.4006	0.0885	0.4372	0.4066	-3.2075	-0.8822	0.1567	-0.7826	-0.5450	-0.7266	-0.5989	-0.2857	-0.0035	-0.4029	0.2472	0.9146	0.3475	-0.6386	0.8377	-0.7777	0.0575	-1.3577	1.2792	-0.8761	-0.3160	-0.9507	-1.3338	-2.9753	0.5983	-0.2181
0.1834	0.0636	0.0455	0.1851	-0.0660	0.7191	0.4022	-1.7014	1.6155	-0.6954	-1.3113	0.8686	0.1534	0.4400	-0.9941	1.3652	1.0130	0.3043	0.9189	-0.4145	1.4019	1.7342	0.2539	-2.0162	-0.9720	0.2489	-0.3437	-1.8603	-0.2805	-0.6024	0.4192	1.1677	1.8409	0.9448	1.2582	0.1132	-1.6091	0.0314	-1.0049	0.8145	-1.2395	0.5082	-1.1400	1.6894	-1.3541	-0.2473	-2.2917	0.4595	-0.3659
0.3736	-0.0087	0.7345	0.3935	-0.3354	2.7193	0.3238	-1.4644	1.4735	-1.2791	-1.4380	0.7161	0.6529	0.8247	-1.4885	1.5818	1.0834	0.4202	1.3706	0.5660	1.0159	1.5593	-0.6893	-1.6676	-0.2167	-0.3751	0.7505	-1.5020	0.0982	0.1440	0.3710	-0.1034	1.5202	1.3446	1.5932	0.3105	-1.1444	-0.2889	-0.9251	0.2418	-0.6309	1.0173	-0.9289	1.2499	-0.5535	-1.4188	-2.0224	0.0759	-1.3250
0.1735	-0.3915	1.0372	0.2616	0.6485	2.0518	1.0433	0.2371	1.2922	-1.2356	-1.3138	0.2423	-0.5236	0.0790	-1.2352	-0.1296	-0.0573	0.1275	0.9384	0.5488	0.6673	-0.2018	-0.3556	-1.1026	-0.1757	0.3793	0.8726	-0.7072	-0.1687	0.4878	-0.3730	-0.9585	0.5468	1.3791	0.7696	-0.3970	-0.1273	0.2992	-1.1016	-0.2154	-0.4893	0.1319	-0.6749	0.0261	-0.9083	-0.5191	-0.8037	0.2456	-1.5416
-0.5838	-0.8032	0.7626	0.2938	1.4448	2.3522	1.3631	0.3787	0.7383	-0.7053	-2.1588	1.0173	-0.9558	-0.8074	-0.1379	-1.2014	-0.0018	1.9070	0.2433	-0.1673	1.3513	0.4851	0.7198	-0.3879	0.7127	0.8921	0.9626	0.2705	0.2667	-0.0587	-0.4562	-0.3968	1.3892	0.2524	0.4643	-0.7847	-1.1068	-0.3794	-0.5266	0.2107	-0.4376	0.5233	-1.0885	0.3784	-0.4921	0.6089	-1.4379	-0.0681	-1.4639
-1.3614	0.5403	-0.2109	0.8721	1.5428	1.1258	0.3027	0.6721	0.1655	-0.6074	-1.6178	-0.7165	-0.9655	-0.6072	0.2643	-1.3593	-0.1470	1.5106	0.0267	-0.7026	0.6129	0.4361	1.2420	-0.2739	0.9635	0.5959	1.2256	0.3483	0.1483	0.3279	0.0166	0.4609	0.6427	-0.1064	0.6023	-1.3297	-1.2079	-1.1909	0.0976	-1.1250	0.4900	0.4952	-0.9943	-0.0833	-0.6024	0.8254	-0.8955	0.4467	-1.3936
-1.0640	1.1142	-0.7726	-0.5276	-0.3983	1.0169	-0.5719	0.2176	-0.5800	-0.2245	-1.2573	1.4420	-0.7999	-0.3995	-0.2940	-0.7804	0.4814	2.4757	0.3291	-0.7524	-0.8056	1.3871	0.7800	-0.1681	0.4758	-0.6135	1.5338	-0.1307	0.5310	0.1786	0.6081	0.2839	1.4289	-0.2107	0.5623	-0.7178	-0.6323	-0.0147	0.1536	-1.1894	0.9874	0.0823	-0.4616	0.0182	-0.0539	0.5081	0.0317	0.2260	-1.2119
0.2015	0.4214	-1.0335	-0.8940	-0.6093	1.0924	-1.5329	0.6295	-0.9767	-0.3750	-0.7460	0.5427	0.1215	0.7219	-0.4722	0.4931	0.0643	1.3764	0.3026	0.1750	-0.8238	1.6583	-0.1606	0.8880	0.3023	-0.9288	2.2525	0.0382	0.3476	-0.5662	1.3250	0.4015	-0.5290	1.2648	0.6475	-0.2966	0.8274	-1.3557	-0.2702	-1.1329	0.0685	0.3857	-0.4104	-0.7744	1.5636	0.3987	0.3485	-0.1083	-0.8768
1.0177	0.1802	0.5433	-2.1377	-0.6648	0.6928	-2.0747	-0.2565	-0.2725	0.0167	0.5268	-0.1281	0.8106	0.8252	-1.1628	0.5969	0.3726	1.2719	0.2659	-0.0989	-0.6760	1.1870	-1.1236	-0.2915	-0.3328	-0.3329	2.2066	0.3520	0.1623	-1.0966	1.9364	0.0993	-0.3179	1.4355	0.2967	-0.1539	-1.2988	-0.6068	-0.7516	0.0397	0.2388	1.0437	0.8107	-0.6138	1.0347	-0.3535	1.3281	-0.3780	-0.4944
0.7721	-0.4167	0.9924	-1.6328	-0.8638	-0.3954	-2.3112	-0.5615	-0.5502	0.4855	1.1044	-1.2134	0.4628	0.2320	-1.4238	0.2412	0.5310	1.0792	-0.1432	-0.5135	0.2279	0.4383	-1.4192	-0.6368	0.4432	0.3233	0.9060	0.0027	0.5394	-1.7054	0.9782	-0.7363	-1.0720	-0.0380	0.6437	0.2300	-0.7722	-0.3083	-0.7533	1.7579	-0.0392	1.1457	0.8346	0.4767	0.5954	-0.7485	0.8718	-0.2049	0.8809
1.2522	0.2607	1.3836	-0.5868	-0.6899	-3.1097	-2.0681	-0.6738	-0.3514	-0.5203	2.5880	-0.9347	-0.4771	0.4911	0.3226	-0.4361	0.4499	0.1836	-1.0361	-1.0004	0.1314	-0.5682	-1.7427	-0.1182	0.3768	1.3885	1.3198	-0.4518	0.1225	-2.1456	-0.7556	-0.7725	-1.5217	-1.0390	1.5027	0.9770	-0.4579	-0.4031	0.1107	2.8482	-0.1411	-0.8582	0.6074	1.3149	0.0568	-0.2054	0.4592	0.6886	0.9759
0.6157	0.1228	1.1746	1.4452	0.4896	-2.2886	-0.5361	0.7418	-0.2749	-2.4413	2.4052	-0.4912	1.1741	0.0812	1.3580	-1.0104	0.4785	-0.4040	-1.8499	-0.5849	0.5264	-0.4372	-0.7210	-1.2105	0.7812	1.7554	0.7025	0.1857	-0.3124	-1.0365	-2.2617	-0.7651	-1.4800	-1.3139	1.6731	0.5795	-0.9240	-0.5257	1.3046	2.4710	-0.6872	-0.7360	-0.6593	1.8613	0.2852	0.6821	-0.1302	1.3848	-0.7174
-0.5010	-0.3086	-0.3687	1.2428	0.7400	-1.2794	1.5767	0.4789	1.0285	0.0960	0.5965	-1.0539	0.5495	-0.4840	2.0477	-1.3876	0.4000	-0.6062	-1.7607	-0.2342	0.6004	-0.8848	-1.0625	-0.4846	0.9838	1.6513	0.0934	0.5639	-0.3292	-0.2297	-2.2736	0.5248	-0.5800	-0.1744	0.3661	-0.8417	-1.0062	2.3879	1.8529	0.9485	-0.4396	-0.4737	-0.7551	2.0787	-0.8396	0.3054	-0.0081	2.2031	0.0618
-1.2317	-0.2446	-1.1281	1.7379	0.9233	-0.5910	1.2527	-0.9792	0.9751	1.1201	0.5129	-0.5416	0.2606	-1.3445	2.3908	-0.9364	0.0485	0.2622	-1.2230	0.8250	0.4614	0.2560	0.6314	0.6936	1.0287	1.2065	-0.0647	1.3244	-0.8349	0.8379	-2.1148	2.7017	1.1135	-0.3682	0.0678	0.0062	1.3082	1.1361	1.8888	0.6089	0.3770	-0.6980	-0.6690	1.6465	-0.8674	1.2551	0.1142	1.8653	0.1497
-1.1849	-0.8184	-1.8029	2.6622	0.1867	1.1697	0.7710	0.3369	0.0575	2.2766	0.8475	-0.0803	0.8818	-0.1729	1.5096	0.8963	-1.0373	-0.8330	-0.5455	0.6248	-0.0081	-0.1833	1.1506	1.9280	0.1777	-0.3342	0.3195	2.5280	-1.1619	2.9098	-0.5254	2.3652	1.1249	-1.5357	-0.5445	1.1434	2.3068	0.5294	0.7082	-0.4543	0.7121	-0.6035	-0.1122	-0.5543	0.4729	0.8007	0.8199	0.6346	0.8343
0.0589	-1.2309	-0.3912	0.4715	0.3049	-0.5200	0.5726	0.1016	0.0310	2.5109	0.2541	1.7239	0.4108	0.3915	1.3301	0.0131	-0.8655	-0.3210	0.7359	0.1548	-0.7103	-0.9841	1.0662	2.2597	-0.5792	-0.8096	-0.6968	0.8384	-0.4136	2.0327	0.7873	1.3233	0.9855	-0.5735	-1.0602	1.0365	1.9657	-0.7382	-0.6669	-0.7776	0.0635	-0.6674	0.5075	-1.9739	0.3973	0.6776	1.1222	-1.2816	1.1470
0.2997	-0.1863	0.4203	0.2598	-0.0744	-0.8400	-0.4091	-0.0314	-0.4051	1.3088	-0.4059	-0.6601	0.5305	0.3767	1.0502	-0.9641	-1.0355	-1.1642	0.0806	-0.0535	-0.1995	-2.1649	1.0212	2.1503	-0.4917	-1.1484	-1.2535	-0.6432	-0.0378	1.4227	1.3195	-0.4669	-1.1869	-0.8821	-0.6494	-0.4304	1.0046	-1.1496	-1.0281	-0.4234	0.4703	-1.0419	0.0078	-2.4666	-0.4676	0.0738	0.2083	-1.6717	0.7280