IC05	IC08	IC09	IC15	IC16	IC17	IC18	IC19	IC20	IC23	IC24	IC26	IC27	IC29	IC31	IC33	IC36	IC37	IC38	IC41	IC42	IC43	IC44	IC45	IC46	IC47	IC48	IC49	IC50	IC51	IC54	IC56	IC58	IC60	IC62	IC63	IC64	IC65	IC66	IC67	IC68	IC69	IC71	IC72	IC73	IC74	IC75	IC76	IC77
-1.6749	-1.0662	-0.7602	-0.6904	-0.0559	-1.4129	-0.2675	0.4407	-1.2468	0.1172	1.0916	-0.9738	-0.9498	0.3346	-1.2101	-0.3961	-0.5727	-1.1634	-0.5166	0.4934	0.4634	-0.8663	-1.0326	0.2099	0.2824	-0.3164	-0.1697	-0.0066	0.4226	-0.5821	-0.7024	-0.3691	0.1825	-0.4640	1.5778	-0.0459	0.0400	0.2068	-0.1913	0.0050	-1.1616	-1.1555	-0.6206	-0.6200	-0.0901	0.4188	0.6720	-0.8866	-1.3312
-1.5288	-0.2722	-0.5183	-0.4319	0.7624	-0.4079	-0.3407	0.1862	-1.0418	0.0114	0.9169	-0.3242	-0.4002	0.2282	-0.6218	0.4985	-0.7637	-0.5784	-0.9217	0.4715	0.4898	-0.4325	-0.6142	-0.3824	0.4706	0.2456	0.0949	0.2115	0.4351	-0.1249	-0.0511	-0.4494	0.3317	-0.2632	1.3209	0.1546	-0.5125	-0.2294	-0.1034	-0.1345	-0.8704	-0.6876	-0.6069	-0.4250	0.3001	0.4011	-0.3171	-0.6140	-0.7856
-1.4622	-0.3296	-0.5043	-0.6198	0.5965	-1.1010	-0.6945	0.6075	-1.6905	0.2821	1.3122	-0.6063	-0.7525	0.4759	-0.8913	0.4453	-1.8840	-0.6721	-0.5582	0.5967	0.5962	0.1375	-0.9579	-0.3832	0.7882	0.1871	0.4498	-0.2419	0.3481	-0.1086	0.2171	-1.2294	0.2942	0.1371	1.3534	-0.1399	-0.2417	0.4764	-0.3518	-1.0501	-0.5612	-0.6469	0.2756	-0.5139	-0.2411	0.9266	-0.6119	-0.6314	0.1619
-1.0689	-0.3736	-1.1202	-0.5011	0.5256	-0.9863	-0.5753	0.2640	-1.1889	-0.1852	1.4834	0.7423	-0.1770	-0.4732	-0.8966	1.0864	-2.6240	-1.5990	-0.6456	0.6380	0.2901	-0.0581	-0.5865	-0.4456	0.0984	0.1884	0.2062	-0.2131	-0.3511	0.1261	0.4983	-0.8839	0.7111	0.8304	0.9804	-0.5970	-0.3705	-0.6332	-1.1230	-0.3760	-0.3316	-0.6568	0.7756	-1.0566	-0.1206	0.9446	-0.3021	-0.8868	-0.4248
-1.0521	-0.5699	-1.4066	-0.4014	0.5877	-0.0651	-0.4131	0.7311	-0.0871	0.1136	0.6950	1.5271	-0.5270	-1.2057	-0.3787	0.1722	-2.4043	-1.3225	-0.7791	0.5603	0.0442	-0.0451	0.0040	0.0898	-0.0035	-0.9039	-0.1985	-0.6396	-0.2550	0.0175	0.4530	-0.2230	1.0146	0.4753	0.7799	-1.2760	-0.4289	-1.2741	-0.9809	-0.4528	-1.0069	0.5933	-0.9089	-1.0740	-0.3049	0.1087	-0.2259	-0.4521	-0.3213
-1.8031	-0.9212	-1.3392	-0.5981	0.2682	-0.4014	-0.7257	1.0987	-0.1759	-0.0225	0.3696	0.7797	-0.5947	-1.9066	-0.2790	-0.5586	-1.1827	-1.1752	-0.6492	0.3581	0.1736	-0.2790	-0.2909	0.9516	-0.2004	-1.0816	-0.8169	-0.2639	-0.3993	-0.0342	0.0695	0.2760	1.0874	-0.5364	0.3817	-1.2518	0.0448	-1.3313	-0.7312	-0.2482	-1.3130	0.8653	-1.2160	-1.5036	-1.1672	-0.9670	-1.0897	-0.3432	-0.8098
-1.5006	-1.0242	-1.0882	-0.2456	0.2321	-0.3797	-0.2399	0.7540	0.2193	-0.7601	-0.2992	0.7564	-0.7941	-1.3584	-0.1782	-0.5336	-0.3655	-1.1052	-0.6838	0.4081	-0.4300	-0.4094	0.5625	0.1309	0.0908	-0.5088	-0.6399	-0.0621	-0.6024	0.0250	-0.2657	0.4701	0.7658	-0.1545	0.2362	-0.9687	-0.4200	-0.2518	-0.7584	0.4937	-0.4575	0.2340	-0.6672	-0.4815	-1.5146	0.8706	-0.5286	0.1214	-0.3767
-1.7725	-0.7146	-0.3103	-0.3994	-0.7046	-1.1700	-0.0263	0.5812	0.5007	-0.7286	-0.1865	0.2119	-0.7363	0.0598	-0.0405	-0.1359	0.1684	-0.8540	-0.5655	0.2508	-0.3555	-0.0216	0.8737	-1.5882	0.5550	-0.1061	-0.0401	0.4096	-0.0849	-0.1653	-0.5101	0.3880	0.2660	-0.5440	-0.1984	-0.2273	-0.2756	-0.4722	-0.2984	0.8152	-0.1457	0.7151	-0.2241	-0.3599	-0.8257	-0.0037	0.3564	-0.2213	-0.9236
-0.8260	-0.7424	-0.0679	-0.2806	-1.6754	-1.0455	0.3043	0.2151	0.7222	-0.4137	-0.3953	-1.1833	-0.0361	-0.1538	-0.3872	0.1124	1.2138	0.7307	0.5752	-0.1885	-0.8371	-0.1470	0.5256	-1.0800	-0.4334	0.0071	0.4233	0.6364	-0.6428	-0.2269	-0.3408	-0.3611	-0.1461	-0.6545	-1.0127	0.8494	-0.3993	-0.8857	-0.2264	0.2163	-0.3667	-0.6205	0.2349	-0.5954	-0.0783	-1.6371	0.6869	-0.4562	-1.6817
0.3560	-0.3011	0.4312	0.6049	-0.7394	0.4521	0.5078	-0.1321	0.4984	-0.2593	-1.0050	-1.7357	0.6832	-0.3885	-0.1637	0.5866	0.6496	0.8910	0.8940	-0.2246	-0.1912	-0.0092	0.7722	0.6679	-0.9632	0.6888	-0.0043	0.3755	-0.7210	0.4933	0.0301	-0.0960	-0.5206	-0.5967	-1.1539	1.0952	-0.1799	-0.8108	-0.2969	0.5253	-0.6829	-0.8724	-0.4678	-0.0792	0.2455	-0.6193	1.2880	-0.3947	-0.4561
0.8558	-0.1476	0.1865	0.3331	0.0475	-0.6341	-0.1025	0.1566	1.1067	-0.3197	-0.4424	-1.0937	0.4133	-0.7795	0.0556	0.4266	0.0913	0.6437	0.1870	-0.8760	-0.1031	-0.2723	0.0719	0.4022	-1.5890	-0.2717	-0.1116	-0.2466	-0.4885	-0.0876	-0.1736	0.6985	-0.3987	-0.9199	-1.4482	0.7267	0.2788	-0.6319	0.3120	0.8358	-0.1234	-0.3151	-0.1639	0.3377	0.0435	-0.2502	0.1925	-0.3400	-0.3591
0.4884	-0.4825	0.1779	0.5600	-0.4584	0.3052	0.2618	0.1024	0.6452	-0.2390	-0.4264	-1.1006	0.1280	-0.1745	-0.0119	0.2981	0.3398	0.9369	0.5710	-0.8528	-0.2105	-0.1663	0.1946	0.2546	-1.5173	-0.6992	0.5720	-0.1995	-0.7796	-0.3500	-0.4191	0.6261	-0.2767	-0.3375	-0.9372	0.5098	0.5803	-1.3812	0.3208	-0.3297	-0.5573	-0.0634	-1.0455	0.4377	0.1440	-0.4406	-0.8817	-0.2383	-0.1487
0.5542	-0.2418	0.4774	0.7617	-0.6992	1.3512	0.8527	0.0097	-0.3544	-0.1899	-0.0637	-1.5304	0.2904	0.4925	-0.2009	0.4331	0.6822	0.6901	0.5686	-0.3914	-0.2200	-0.0207	-0.7603	0.3988	-0.6427	-0.0400	0.2882	0.1685	-0.0222	-0.1181	-0.4554	0.3471	-0.6570	-0.1630	-0.5322	0.3130	0.8714	-0.3123	-0.4087	-0.6080	-0.7800	0.6319	-1.1656	0.2545	0.3424	-0.3400	-0.4666	-0.1664	0.2691
0.1332	-0.4396	0.3734	0.3266	0.0333	0.7908	0.2038	0.0559	-0.0626	0.2269	-0.2288	-1.1812	0.9716	1.0148	0.0777	0.9312	-0.0280	0.8108	0.2346	-0.6738	-0.1476	-0.1596	-0.7931	0.3644	-0.3533	0.2247	-0.2786	0.4661	0.7454	0.2093	-0.4387	0.5107	-0.5598	-0.2559	-0.1935	0.1326	0.2860	-0.1091	-0.1977	-0.1498	-0.3255	1.2881	-0.2284	-0.5858	0.1285	-0.4565	-1.9496	0.0196	0.3440
0.1504	0.1307	0.2460	0.4040	0.5137	0.8659	0.2805	0.3353	0.6793	0.8155	-0.7106	-1.1553	2.0144	0.5090	0.6616	0.7988	-0.4257	1.2691	-0.2580	-0.4805	-0.0163	-0.1992	0.2469	0.6258	0.0227	0.5250	-0.8575	0.1728	1.0417	0.6255	-0.6551	1.3093	0.2130	-0.5039	-0.3474	0.3413	-0.1379	-0.1370	0.4021	0.0791	-0.0466	1.7129	-0.0171	-0.9094	0.3991	0.3992	-1.4292	0.6930	0.5556
1.0369	1.0868	0.5783	-0.0615	0.1022	0.8596	0.9575	0.2555	-0.6108	1.1654	-0.0056	-0.7815	1.3283	0.3722	0.0703	0.1908	0.2688	1.5468	-0.0427	-0.3206	0.1545	0.7212	-0.4321	1.4821	0.3514	0.2788	0.1259	-0.0096	-0.0520	0.1492	-0.7104	0.0396	-0.4734	0.2097	-0.4230	0.8601	0.7487	0.1646	-0.1249	-0.9101	-0.3556	1.3028	-0.4327	-0.6380	1.0670	0.2859	-0.0180	0.4793	1.1246
0.7877	1.0087	0.3588	-0.1121	0.3923	1.0335	0.1430	0.2005	-0.9980	0.2646	-0.0177	-0.6306	0.6172	0.3017	-0.4107	0.0691	0.6180	0.8594	0.1711	-0.3498	-0.2827	0.4180	-0.5364	0.6036	0.0889	-0.0525	0.2571	-0.1450	-0.3731	0.0708	0.0121	-0.1843	-0.1267	0.1545	-0.5223	0.3856	0.8044	0.0669	-0.0508	-1.6605	0.1842	0.9915	0.2301	-0.0136	0.3170	0.6555	-0.0059	0.3037	0.3920
0.9010	0.7782	-0.2256	-0.0850	-0.5448	0.5626	-0.1482	0.2148	-0.2519	0.4404	0.2197	0.4372	0.0756	-0.4220	-0.3097	-0.2604	0.5537	0.2370	0.1011	0.0898	-0.8027	-0.1117	0.4644	-0.1991	0.1863	-0.6404	0.3570	-0.5416	-0.4644	-0.3869	0.3683	-0.3504	0.5704	0.7204	-0.8809	-0.1058	0.4917	0.9913	-0.1652	-0.6075	0.9286	0.1217	1.2409	-0.1155	0.5098	0.5982	0.3352	0.4004	0.4387
1.1321	0.2969	-0.2975	-0.0139	-0.9703	1.2982	-0.0484	0.0363	-0.0191	1.5427	-0.0710	0.6978	0.6727	-0.5061	-0.1995	-0.3058	0.6344	0.4008	0.3099	0.1170	-0.6860	-0.4124	0.4578	-0.0891	-0.4857	-0.7495	-0.0640	-0.1943	-0.8515	-0.4630	0.1814	-0.1039	-0.0955	0.3496	-0.7861	-0.2447	-0.3254	1.8351	-0.2819	-0.4909	1.4405	-0.2443	1.0154	-0.3881	0.2765	-1.4727	0.0850	0.1460	1.1929
1.1780	0.6649	-0.1621	-0.3303	-0.1093	0.5036	-0.0413	-0.6111	0.4051	0.6454	-0.3485	0.4957	0.3962	-0.3092	-0.0609	-1.0540	0.7096	0.0288	0.3112	0.5520	0.0965	-0.4633	0.3045	0.1975	0.0258	0.7150	-0.8144	-0.0256	-0.1966	-0.2380	0.2229	0.4165	-0.0281	0.6082	-0.7879	-0.6130	0.3320	2.0715	0.2896	-0.4648	1.5079	-0.0413	0.2900	0.3009	-0.3766	0.3204	0.6772	0.3966	1.9449
0.6104	0.7413	0.4898	0.0025	-0.2591	0.5863	-0.3398	-0.5838	1.1013	-0.1877	-0.6768	0.5827	0.1407	0.0252	0.6211	-0.7060	1.4665	0.5654	0.6887	0.2133	0.2879	0.0093	0.5603	0.0599	0.7847	0.3503	-0.1033	0.2475	0.3477	-0.0777	0.2637	0.2007	-0.0134	0.2170	-0.6371	-0.0410	0.5435	1.6837	0.9379	0.1967	1.5567	0.1332	0.2201	0.5443	-0.0099	0.2981	0.5033	0.4559	1.2849
0.6258	0.6968	0.6150	0.4953	0.1654	0.6267	-0.2471	-0.7520	1.3826	-0.5789	-0.4218	0.8685	0.0093	-0.2084	0.8569	-1.1409	0.9672	0.2738	0.8611	0.2093	-0.5864	0.0714	1.0546	-0.6670	0.2130	0.8017	0.3124	0.5760	0.1627	-0.0250	0.4124	0.1680	-0.0311	0.2431	-0.5300	-0.2817	-0.1025	1.2860	1.2881	-0.2356	1.6211	-0.4038	0.4509	1.3375	0.1779	-0.0617	1.1388	0.6741	0.5971
0.5725	1.0935	0.8144	0.2009	-0.4187	-0.3778	-0.1470	-0.8267	1.3015	0.0364	-0.5362	0.2421	-0.5212	-0.0883	0.6781	-1.1540	1.6662	0.1798	1.0179	0.0698	-0.4101	0.2920	0.5976	0.0390	0.3907	0.3530	0.7019	0.1836	0.1263	0.0340	0.2682	0.1030	0.2180	-0.1910	-0.4801	0.1433	0.2522	1.0009	1.5681	-0.2096	1.5546	-0.2776	0.9491	1.3756	0.5995	-0.3422	0.7963	1.1565	0.4546
0.7738	1.3964	0.6090	-0.2447	-0.3136	-0.1237	-0.0588	-0.6002	0.1842	0.3912	-0.4053	0.6727	-1.2590	0.5095	0.1541	-1.1893	1.3986	0.2286	0.9258	-0.1564	0.0016	0.2556	-0.2993	-0.0191	0.2411	-0.1513	0.3968	-0.1000	-0.3745	0.0840	0.2833	-0.7368	-0.2442	-0.2913	-0.2813	0.4858	0.8075	0.8068	1.8913	-0.2313	1.3154	-0.4308	0.6546	0.7686	0.7494	-0.3003	0.8524	1.1953	0.9257
0.9488	1.1450	0.6327	-0.0830	0.2266	-0.3849	-0.1930	-0.5646	0.2911	-0.2009	-0.2410	0.9153	-1.2308	0.6736	0.7089	-0.7631	0.9271	0.1750	0.3619	-0.3619	-0.3213	-0.1117	0.0673	-0.2827	0.1792	0.5879	-0.1258	-0.3498	0.1370	0.3307	0.1622	0.3095	0.2014	0.1668	-0.7013	0.5779	0.6141	0.3118	1.7977	1.1576	0.9602	-0.9733	0.3488	0.6577	0.5717	0.9089	1.6410	1.2304	-0.0046
1.0477	0.0893	0.6362	-0.1462	0.0259	-0.3907	-0.2994	-0.3193	0.0889	-0.0376	-0.3157	0.8310	-0.6968	0.2892	0.4842	0.8376	0.5071	0.0352	0.3553	-0.8405	-0.3798	0.4991	0.1378	0.4179	0.1520	-0.1726	0.7254	-0.2981	0.5436	0.5750	-0.2410	0.0675	-0.2727	-0.5492	0.0509	0.5218	-0.2236	-0.6973	0.8074	1.7958	0.2818	-0.5358	-0.5310	0.8069	0.5140	-0.0414	-0.0030	0.5650	-0.4360
0.4490	-0.4028	0.3661	-0.2055	-0.0942	-0.6678	-0.4992	-0.0072	0.3727	-0.3644	-0.4220	-0.2504	-0.0231	-0.1956	-0.0991	0.4998	-0.4258	-0.3967	0.1099	-0.4059	-0.2621	-0.0329	-0.1245	-0.1644	-0.0868	0.1457	0.4780	-0.0467	0.5350	0.3122	-0.0859	-0.0499	-0.6105	-0.5015	0.0977	0.2325	-0.4382	-0.4422	0.2503	1.0425	0.2056	-0.2966	-0.3660	0.8789	0.3388	-0.1539	-0.4857	0.2263	-0.8770
0.5122	0.5599	0.5851	0.5789	0.1105	1.0257	-0.0347	-0.2589	0.5310	-0.8024	0.1552	0.3987	0.1697	-0.0088	0.3912	0.6997	-0.0267	0.1788	-0.2750	-0.2943	0.2236	-0.0775	0.0035	-0.2289	0.3644	0.2223	0.0102	0.2203	1.0015	0.4663	-0.2148	0.3545	-0.3085	0.1292	-0.0890	-0.0557	0.4884	-0.2601	1.1736	1.4811	-0.0493	0.4725	-0.3393	0.8858	0.2831	0.3967	-0.9509	0.8690	-0.5948
0.8869	1.2043	0.5584	0.4462	-0.1247	1.1884	0.6679	-0.4686	-0.8157	-0.0417	0.9088	0.1037	-0.2303	0.0131	0.2246	0.1752	0.7770	0.2550	0.0277	0.0448	0.4692	0.4694	-0.7391	-0.5296	0.2173	0.4040	0.2124	0.2719	0.3680	0.2768	-0.3775	-0.4787	-0.8277	0.3638	-0.1169	0.1168	0.9250	1.0118	0.7635	-0.0289	0.5136	0.4712	0.5552	1.0910	0.4477	1.0555	-0.2536	0.6838	1.0366
0.4297	0.9469	0.7688	0.7281	-0.3442	1.0941	0.5980	-0.2293	-0.7158	0.1997	0.2774	-0.5743	0.1022	-0.4420	0.1128	0.1356	0.8409	0.3910	0.1697	0.1292	0.1926	0.3537	-0.8487	-0.2502	0.3378	0.5177	0.2122	0.5217	-0.3078	0.2509	-0.5853	-0.2037	-0.6830	0.4476	-0.6753	0.4628	0.1654	1.2513	0.0852	-0.3946	1.0410	0.7798	1.1562	0.6035	0.6438	0.9391	-0.4732	0.2799	-0.7685
0.6236	1.1590	0.1605	0.3529	0.8881	0.4368	0.3471	-0.0874	-0.2767	-0.3580	0.4357	1.5152	0.3040	-0.5914	0.6382	0.1534	-1.3529	-0.0890	-0.4810	0.5199	-0.2622	0.1861	0.3438	-0.4530	0.2037	0.9692	0.4264	0.4646	-0.3952	0.0737	0.4149	0.2623	0.0979	1.1031	-0.6580	0.3904	-0.7776	1.0249	-0.9331	1.4323	0.6071	0.2434	0.8901	1.0088	0.5621	0.6116	-0.1412	0.1314	-0.8549
-0.3969	0.5464	0.0028	-0.0280	0.0166	-0.4503	-0.1378	-0.2431	-0.8426	0.0416	0.8480	0.3553	-0.3528	-0.1050	0.3393	-0.6776	-1.5097	-0.3420	0.0319	0.2901	-0.2569	0.3654	-0.0258	-0.7305	0.9102	-0.3952	0.6882	0.0022	-0.3958	-0.2814	0.1095	-0.5869	-0.2686	0.6391	-0.0290	0.3669	-0.4316	0.4482	-0.9043	0.8901	-0.0547	-0.3830	0.3589	0.3422	-0.2937	-0.7572	-0.7701	0.1013	0.2801
0.2673	0.2769	-0.2864	0.1420	0.3470	-0.3174	0.0208	-0.7145	-0.4638	0.1825	0.3497	0.2301	-0.1798	-0.4506	0.3807	-0.4059	-1.7095	-1.2698	-0.2973	0.2981	0.0068	-0.0326	0.8694	-0.3321	-0.0534	-0.0699	-0.2266	-0.3578	-0.0027	-0.0064	0.3706	-0.0625	0.0546	0.4165	0.1023	-0.7295	-0.6576	0.1362	-0.6942	0.6976	-0.2268	-0.1405	-0.0135	0.6664	-0.9413	1.0994	-0.1569	0.1005	1.3741
0.8979	0.1465	0.0834	0.4869	0.4749	0.6831	0.1912	-0.4380	-0.1913	0.1670	0.1969	1.5869	0.1142	0.1206	0.4762	-0.2437	-2.0017	-1.1246	-0.0786	0.5336	0.8333	0.3605	0.4707	-0.1572	-0.3162	0.1187	-0.6056	-0.2013	0.0902	0.3088	0.6380	-0.1291	-0.6565	0.1685	0.6446	-0.8268	-0.3501	0.9123	-0.9896	0.5587	-0.2736	-0.6451	0.1259	0.7941	-0.8258	0.1800	0.4115	-0.3884	1.9560
-0.3178	-0.1194	0.1536	-0.0021	-0.4153	0.1494	-0.1695	-0.2551	-0.2220	0.3098	0.4504	0.8070	-0.2775	0.2327	0.1643	-0.4962	-0.9311	-1.1141	-0.2383	-0.0994	1.1672	0.2528	-0.4599	-0.0010	-0.5542	-0.5393	-0.8660	0.2631	0.3538	0.2611	0.4195	-0.5465	-0.3244	-0.1979	0.8094	-0.5669	0.4650	0.4073	-0.5892	-0.0304	-0.3653	-0.7915	0.6769	-0.0338	-1.1717	-1.7225	0.0256	-0.6252	1.5361
-0.0719	0.1038	0.3599	-0.1901	-0.1829	-0.7953	-0.0385	-0.8997	0.1563	-0.1514	-0.1291	1.2163	-0.3490	0.9560	0.5069	-0.4154	0.3762	-1.1028	-0.2145	-0.1427	0.5780	0.2459	0.4539	-0.1643	-0.2936	-0.6332	-0.7004	0.2094	0.5858	0.0311	0.7694	0.1636	0.1236	-0.2876	0.8961	-0.7130	0.0567	-0.0273	-0.3051	0.0776	0.1491	-1.3995	0.6076	1.0390	-1.3528	-1.0166	-0.5375	-0.2140	1.3254
0.3285	-0.0284	0.2445	-0.0942	-0.4616	-1.1138	-0.0190	-0.9259	0.1321	-0.6133	-0.2737	1.2984	-0.5910	1.4959	0.1542	-0.6738	0.4421	-1.2474	0.0232	-0.0459	0.6125	0.4063	-0.0350	-0.7896	-0.3539	-0.7307	-0.5951	-0.1853	0.8439	-0.2835	0.7761	-0.0828	-0.3360	-0.4752	0.2143	-0.6002	-0.2456	-1.0745	-0.0337	-0.0862	-0.2819	-0.8892	-0.0364	1.1847	-0.9986	-1.2622	0.0662	-0.4733	0.4370
1.4943	-0.5616	0.4747	-0.0195	-0.3388	-0.7895	0.2256	-0.3695	1.3784	-0.5123	-0.8414	-0.2992	0.0341	0.6085	-0.0619	-0.4443	0.7396	0.8356	0.1002	-0.4686	-0.0395	-0.2591	0.5851	-0.4029	-1.2417	-0.0963	-0.5222	-0.2724	0.6919	-0.4909	0.6498	0.2891	-0.4507	-0.2170	-0.4876	-0.0599	-0.4212	-0.8634	-0.4345	-0.6060	-0.4556	-0.4558	-0.1857	0.1060	-0.5146	-1.3235	0.8422	-0.3814	-1.5323
1.7038	-0.6669	0.9933	0.1622	0.2894	-0.0936	0.2045	-0.4930	0.9228	-0.5371	-1.2837	-1.0201	0.5740	0.2679	0.0326	0.0168	0.7203	1.4485	0.2492	-0.2710	-0.2637	0.2817	1.0251	0.0698	-0.1025	0.4393	0.4379	-0.0796	-0.2049	-0.3362	0.2801	-0.0054	-0.6567	0.2351	-0.0322	0.3181	-1.0764	-0.4502	-0.8158	-0.8135	-0.8275	0.3401	-0.8759	-0.1366	0.3923	0.3534	0.9794	-0.0578	-1.3699
1.2634	-0.3874	0.7973	0.1020	0.0172	0.2111	0.1617	-0.1714	0.6137	-0.1488	-0.6302	-0.3698	0.3159	-0.2239	0.4905	0.0127	1.0148	1.2705	-0.1969	-0.2700	0.0507	0.2299	0.3559	0.2299	-0.7468	0.7501	0.0980	-0.1215	-0.3700	-0.0572	0.2329	-0.2328	-0.6542	0.6729	-0.0034	0.1465	-0.4061	0.1998	-0.3135	-0.8667	-0.0248	0.1811	0.6210	-0.5864	-0.0527	0.3921	0.9268	0.1755	-0.7211
0.5476	-0.9787	0.2890	-0.0826	0.2620	-0.4192	0.1302	-0.2747	0.6260	0.0611	-0.7839	0.0229	-0.0182	0.4617	0.4400	-0.2515	1.4471	1.5189	0.4687	-0.1132	0.0438	0.3056	0.3016	0.1978	-0.8372	0.7592	-0.1970	-0.6478	0.2570	-0.1205	0.4598	-0.1140	0.0315	0.4974	0.4792	-0.2197	-0.3247	-0.5066	-0.2299	-1.3652	-0.0395	0.8800	0.0104	-0.6794	-0.4980	-0.7928	0.0482	-0.1561	-0.3165
0.3952	-1.4854	0.2566	-0.3338	0.4259	-0.5284	-0.2828	0.0735	0.0664	-0.0018	-1.0273	-0.2649	0.4305	1.3009	0.1164	0.5640	1.6171	1.4276	0.7315	-0.5913	-0.2345	0.4617	-0.3997	0.0375	-0.6140	-0.1141	0.1138	-1.0345	-0.0445	-0.5046	-0.3158	0.0174	0.0064	-0.0078	0.7877	-0.1433	-0.4298	-0.9073	-0.9234	-1.4999	0.1818	-0.1325	-0.5490	-0.2774	-0.0586	-1.3241	-0.0331	-0.6445	-0.0719
0.4323	-1.3586	-0.3616	-0.4550	1.0090	-0.3512	-0.6172	0.4948	0.5215	-0.1499	-0.8971	0.3895	-0.2454	1.3144	0.3970	0.0246	0.9418	1.1655	-0.0666	-0.6206	-0.1341	-0.1503	-0.0213	0.2015	-0.4979	-0.1489	-0.1450	-1.3649	-0.2064	-1.0817	-0.2360	0.4822	0.2022	-0.3359	0.8027	-0.4463	-0.1059	-1.4955	-0.7156	-0.8592	0.0030	-0.6046	-0.5590	-0.1056	-0.5713	-0.0936	0.3735	-0.6210	-0.5963
-0.5266	-1.3935	-0.1489	0.0848	0.5714	0.6370	-0.8837	0.2689	0.6867	-0.1869	-0.7335	-0.5617	0.3172	0.7410	0.2412	0.0839	0.6603	0.9618	0.1937	-0.5369	0.2040	-0.2313	0.0828	0.3086	0.4528	-0.5431	-0.1341	-0.9253	0.3488	-0.4366	-0.0123	0.1257	0.5612	-0.4688	0.7193	-0.2888	-0.1060	-1.2852	0.0856	-0.6296	-0.3230	0.2090	-0.3664	-0.5935	-0.5204	-0.7235	-0.3191	-0.3537	-1.1143
-1.2823	-0.8620	-0.0255	-0.4495	0.3009	-0.1060	-0.2956	-0.1533	-0.4123	-0.0640	0.8266	0.5005	0.3660	-0.1683	0.0266	-0.4497	-0.3850	-0.9164	0.0359	-0.2925	0.6120	0.0932	-0.7330	-0.3874	0.7547	-0.2874	-0.5356	-0.3651	0.6205	-0.4086	0.0953	-1.0438	-0.4234	0.4453	0.9535	-0.4547	0.2269	0.5733	0.1971	-0.2476	0.0865	0.4185	0.5838	-0.5135	-0.5639	-0.3806	0.0790	-1.0379	0.9070
-1.0579	-0.6462	-0.3805	-0.4170	0.5166	-0.0183	0.2663	0.2697	-1.2907	-0.1903	1.2814	0.7566	0.1668	-0.2268	-0.1980	-0.5103	-0.5318	-1.3354	0.2887	-0.1635	0.1633	-0.0112	-0.4336	0.1063	0.7343	-0.1016	-0.7307	0.3195	-0.1483	-0.1423	0.0394	-0.8766	-0.4392	0.1759	1.1554	-0.1530	0.6502	0.0437	0.1528	-0.4353	0.0086	-1.1008	0.2855	-0.1776	0.2499	-0.4272	0.2561	-1.5672	1.4659
-0.8246	-0.4617	-0.1414	-0.3806	0.1328	-0.5458	-0.0661	0.8954	-1.7911	-0.5070	0.9043	0.8993	0.3000	0.6540	-0.6409	-0.1704	-0.3480	-1.4835	0.0403	0.1257	0.2262	-0.3409	-0.7343	0.3622	0.9422	-0.6602	-0.9799	0.1365	0.2586	-0.1446	0.1848	-0.8858	-0.2904	0.0109	0.9021	-0.2065	0.5039	-1.0613	0.0045	-0.1266	-0.8440	-1.1390	0.4193	-0.7568	0.3874	-0.4399	0.7603	-1.6985	0.8123
-0.3511	-0.9844	-0.3214	-0.3789	-0.3658	-0.8088	0.0041	0.7859	-0.9907	0.1309	0.6200	0.7846	0.1117	0.6581	-0.7676	0.1367	-0.9878	-1.5243	-0.5924	0.0532	0.1640	-0.7676	-0.6578	0.1163	0.5645	-0.9914	-0.9763	-0.4964	-0.0210	-0.2570	0.2970	-1.1575	-0.1405	-0.4424	0.7350	-0.9500	-0.4445	-0.9270	-0.7599	-0.3019	-0.6936	-1.3068	0.6797	-1.0392	-0.0958	-0.7284	-0.0866	-1.1668	0.5116
0.0615	-0.6246	-0.3863	0.2073	-0.3405	0.0796	-0.1690	0.3338	0.4733	-0.7095	-0.2954	0.5380	0.6730	0.5906	-0.2886	0.2535	-0.1365	-0.7981	-0.6026	-0.0479	0.5126	-1.0069	-0.8661	-0.7064	0.2487	0.1564	-0.8475	-0.8038	0.1905	-0.0492	-0.0862	-0.4636	0.1577	-0.5859	0.8115	-1.5020	-0.7429	-0.7062	-1.1000	-0.0970	-0.9232	-0.4812	-0.2186	-0.4949	-0.2449	-0.7292	0.0386	-0.3619	-0.3039
0.9419	-0.1168	-0.1036	0.2504	-0.3023	-0.6059	-0.1819	-0.0188	0.9157	-0.3728	-0.2823	0.4604	0.4667	0.1849	-0.2714	0.1565	0.4661	-0.1583	-0.7669	-0.1432	0.6035	-1.1715	-1.0718	-1.1214	-0.8014	0.4063	-0.8024	-0.4933	0.5853	-0.3689	0.2528	-0.4188	-0.0236	0.2309	0.7917	-1.0993	-0.4720	0.6079	-0.5734	-0.3975	-0.3238	-0.5974	0.7746	-0.4009	-0.7916	-0.1690	0.1665	-0.1930	-0.5774
0.6091	-0.3913	0.2210	0.7567	0.0128	0.1273	-0.1678	0.2331	0.5806	-0.6014	-0.9525	0.2741	0.6125	0.7045	0.1077	0.3287	0.5341	0.1906	-0.1339	-0.3572	-0.3441	-0.9887	0.3566	-0.3265	-0.2687	-0.3032	-0.6501	-0.0637	0.4607	-0.0454	0.3462	0.8633	0.3413	0.2631	0.9218	-0.8064	-1.0892	0.0569	-0.1086	0.1274	-0.4000	-1.1464	-0.2534	-0.1499	-0.7652	0.1179	-0.7225	0.2937	-0.6075
0.1294	-0.0164	0.4509	0.8598	0.0956	0.4018	-0.0623	0.4341	-0.1430	-0.9108	-0.4784	-0.0579	0.8366	0.3739	0.0824	0.4280	0.5160	-0.0043	-0.9465	-0.4117	0.0063	-0.1165	-0.3845	-0.0191	0.6467	-0.5551	-0.5977	0.4138	-0.1504	0.2640	0.0635	0.5178	-0.4271	0.3939	0.2162	-0.0131	-0.8887	0.5016	0.0328	0.4863	0.0188	-0.5426	0.3557	-0.8095	0.0521	0.9189	-0.8365	0.0714	0.0421
-0.4599	0.2984	0.2843	1.0380	0.5997	0.3952	-0.1404	-0.2669	-0.4236	-0.3826	-0.5414	-0.8549	0.5795	-0.3786	-0.0342	0.1820	0.7629	0.3838	-1.4701	-0.3360	-0.0315	0.1448	-0.0878	0.3102	-0.2506	0.0595	-0.3709	0.5512	-0.5586	0.4831	-0.4965	0.3616	0.1854	0.5246	-0.5430	0.3222	-0.8946	0.0822	0.6005	-1.2102	0.5577	1.0843	0.3751	-0.8959	0.1494	1.0821	0.0930	0.3436	-0.0823
-0.6322	0.8033	0.4710	0.5160	-0.2438	-0.9119	-0.0968	-0.3672	0.3093	0.0723	-0.8388	-1.1100	0.1418	-0.2008	0.1161	-0.0859	0.9526	1.0139	-0.6532	-0.3375	-0.9605	0.4371	0.3907	0.3018	0.4152	0.0456	0.5553	0.3039	-0.5847	-0.0504	-1.3709	0.9363	0.4887	0.1862	-0.9788	0.9253	-0.0262	-0.4771	0.6393	-0.9829	0.8419	0.9259	-0.2187	-0.5422	1.0115	0.3045	0.1755	0.7280	-0.9825
0.1519	1.0811	-0.0288	-0.2151	-0.7069	-0.3951	0.0991	-0.0182	-0.0901	0.5104	-0.3474	-1.0353	-0.4776	-0.2970	-0.0658	0.2933	0.1671	0.6407	-0.5762	0.0795	-1.1674	0.6027	-0.0613	0.8230	0.5634	0.2927	0.9756	0.0001	-1.1320	-0.1460	-1.3027	-0.0078	0.1039	0.0451	-1.1749	0.9949	0.4199	-0.6128	0.5677	0.0135	0.2077	0.1274	-0.1350	0.0288	1.1485	0.7588	0.2435	0.7822	-1.1123
-0.1862	0.9821	-0.3815	-0.4767	-0.6503	-0.6473	-0.1314	-0.2646	0.4348	0.0719	-0.7089	-1.6977	-0.5842	-0.6406	-0.1015	0.0808	0.4359	0.4504	-0.2765	-0.1018	-0.6307	0.3343	0.2168	0.5950	0.5782	0.6099	0.9807	-0.1727	-0.5630	-0.1180	-1.3426	-0.0845	0.3466	-0.7614	-0.9334	0.5909	-0.1543	0.0091	1.3999	0.7193	0.3411	0.6224	-0.5470	0.6864	1.1238	0.7517	0.1932	1.0392	-0.9972
-0.4792	0.9007	-0.7893	-0.4297	-0.3495	-0.6558	-0.2776	0.3957	0.7511	-0.0345	-0.3890	-0.9234	-0.0538	-0.7804	0.1714	-0.0258	0.4297	0.3273	-0.5725	-0.0449	-0.3873	-0.0378	-0.1347	0.2919	0.2708	0.4484	0.6474	-0.6080	0.1491	-0.4166	-0.8760	0.0538	0.2544	-0.6260	-0.8889	0.2703	0.3987	0.7027	1.3155	0.6959	1.0745	0.8599	0.9123	1.1292	1.2984	1.6684	1.0185	0.9556	0.3549
-1.0559	0.3268	-1.0031	-0.4469	-0.0704	1.0927	0.2275	0.0268	0.3815	0.3780	0.1688	-0.5649	0.2564	-0.2007	-0.1560	-0.0151	0.1047	0.5850	-0.3527	0.0699	-0.3467	0.0061	-0.1284	0.3193	0.2793	0.2299	0.4576	0.2305	0.2548	0.2204	-0.2967	0.2919	0.4795	-0.4470	-0.5306	0.3966	0.6781	0.6800	1.1595	0.2509	1.1660	0.6653	1.5147	0.6122	0.9931	0.8879	0.0890	0.8555	0.1507
-1.4468	0.5227	-0.6703	-0.1243	-0.2894	1.5497	0.7860	-0.3032	-0.7809	0.7419	0.6469	-0.2560	-0.2353	0.4592	-0.0790	0.1842	0.2347	0.1804	0.2146	0.5223	0.0192	0.6146	-0.3932	0.4295	1.3244	0.3183	0.5477	0.4989	0.0945	0.3147	-0.4557	0.4891	0.3048	-0.2932	-0.0559	0.5899	0.9499	0.0567	0.2390	1.2858	0.4447	0.6139	0.4931	-0.0258	1.0515	0.3360	-0.1647	0.4104	0.4022
-0.7928	0.8549	-1.0160	-0.2995	0.4151	0.9062	0.9899	0.1014	-1.5183	1.2134	1.0241	0.0035	-0.5679	0.4782	-0.3522	-0.0278	-0.2234	-0.3800	0.1160	1.3375	-0.1651	0.5177	-0.7361	0.5844	0.6787	0.5810	0.9965	0.3532	-0.2149	0.1263	0.1915	-0.3858	-0.5403	0.7282	0.3014	0.4526	0.3557	0.2754	-0.0918	0.9981	-0.1029	0.5626	0.3253	0.3470	0.6690	1.8483	0.1017	0.1781	0.6845
-1.3026	0.6675	-0.9020	-0.2648	0.8112	-0.1144	0.3905	0.5360	-1.2577	-0.0538	0.8066	-0.4784	-0.1801	0.3696	-0.6815	-0.5007	-0.5917	-0.5589	0.0884	1.3895	-0.2075	0.4495	-0.7492	-0.2894	0.8067	-0.0141	1.0023	0.6229	-0.4134	0.1170	0.6608	-0.0493	-0.1934	0.5351	0.4283	0.3694	-0.7619	-0.4048	-0.3455	0.8604	-0.8294	0.8434	-0.8613	0.0784	0.7579	0.6013	-0.7183	-0.2540	-0.1748
-0.9868	0.7379	-1.4648	0.0842	0.9175	-0.0695	0.1528	0.3839	-0.7210	-0.0941	0.9559	0.6982	0.6807	-0.3717	-0.1109	-0.0038	-1.6996	-0.8409	-0.5464	0.7707	0.4540	0.0686	0.1400	-1.1666	0.6631	-0.3764	0.4690	0.3983	-0.1327	0.2749	0.9180	0.1051	0.5604	0.5754	0.0064	-0.1053	-0.6143	-0.5134	-0.4643	2.1060	-0.7015	0.2691	-0.6953	-0.1997	0.3816	0.0675	-0.6847	-0.6333	-0.7618
-0.9776	0.4543	-1.1282	0.2073	0.8966	0.7054	0.2547	0.4036	-0.4192	0.3123	0.1696	0.5368	0.2251	-0.6429	0.1559	-0.0465	-1.5300	-0.6721	-0.5032	0.4284	0.9771	-0.0587	0.2241	-0.2172	0.3295	-0.6373	-0.0168	0.1563	0.2140	0.2025	0.6919	0.3154	0.6913	0.0675	0.3721	-0.4811	-0.0047	-0.6152	-0.5639	1.4996	-1.3369	0.8687	-1.8367	-0.5973	-0.4164	0.2416	-1.2053	-0.2919	-0.5930
-1.3907	0.0128	-0.2071	0.1471	-0.0256	0.0758	0.1117	0.0248	-0.2131	-0.1237	-0.1209	0.3896	-0.6131	-0.7131	-0.0398	-0.2263	-0.0456	-0.2897	0.1145	0.4014	1.0167	0.2341	-0.5638	0.3256	0.8958	-1.0741	0.5589	0.1793	0.2864	0.0477	0.4020	0.0403	0.2765	-0.1330	0.6621	0.1755	0.3126	0.4802	-0.5898	1.1794	-0.9058	1.1734	-0.9532	-0.4957	-0.7115	-0.3493	-0.8414	-0.1092	-0.6388
-1.0168	-0.2861	0.0174	-0.1014	0.1514	-0.2747	0.2570	-0.0356	-0.3133	-0.2050	0.1371	0.8270	-1.6661	-0.2689	-0.1142	-0.4106	-0.3480	-0.2329	0.0742	0.2927	0.4529	0.1745	0.1638	-0.8133	0.6864	-1.0569	0.6124	0.5898	-0.0355	-0.1567	0.2464	-0.2415	-0.0813	0.0178	0.7261	0.6205	-0.2847	-0.4991	0.0122	0.8501	-0.6879	0.5973	-0.0038	-0.3021	-0.3842	-0.0509	-0.8917	0.0235	-0.6568
-0.9279	-0.1106	0.2998	-0.4437	0.7773	-0.7782	0.1107	-1.0804	-0.1122	-0.3260	0.1008	-0.0421	-1.7178	0.2755	0.0013	-0.5829	0.1956	-0.5077	0.0238	0.3808	0.3814	0.3366	0.7909	-0.9143	0.6452	0.3602	0.4777	1.0984	-0.1983	0.0728	-0.5616	0.4209	0.4922	0.4407	0.2813	1.1174	-0.9870	-0.9589	0.7206	0.6774	-0.6835	-0.0263	-0.8666	0.0806	0.1357	1.1069	-0.5622	0.3324	-1.4930
-0.7530	-0.3371	0.2817	0.0197	0.8565	0.4152	0.0437	-0.9865	-0.6758	0.3614	-0.5907	-0.1634	-1.1611	-0.0116	0.1775	0.7511	0.2646	-0.1730	-0.0857	0.6994	0.5296	0.8251	0.9026	0.9982	1.3021	1.3071	0.7197	0.7516	-0.3079	1.0058	-0.7292	0.4584	0.6370	-0.5046	0.3486	1.0669	-1.1090	-0.2441	0.8448	0.7663	-0.8404	0.6445	-1.8872	0.7974	0.4246	1.1367	-0.1262	0.4494	-1.1435
-1.0230	-0.5025	0.1923	0.0776	0.7745	0.6473	-0.1167	-0.1898	-0.5449	0.4012	0.5676	0.1546	-0.6646	-0.3053	0.0880	0.9961	-1.1302	-0.5755	0.0120	0.4112	0.3657	0.5449	-0.0162	0.4286	1.4333	0.1498	0.6104	0.5001	-0.1480	1.1492	0.2770	0.1805	0.4567	-0.7282	0.5373	0.6628	0.5232	0.2849	0.7993	0.4632	-0.2125	0.2141	-1.1043	0.3080	0.6799	0.2212	0.7159	0.4154	-0.4779
-1.2093	-0.2780	-0.0709	-0.3300	0.1757	0.7468	0.4916	-0.0940	-0.5149	0.3885	1.7107	0.5053	0.2533	-1.0779	-0.2143	0.6203	-1.0279	-1.1120	0.3145	0.0110	0.1903	0.0060	-0.2233	0.0438	-0.0086	-0.3336	0.3799	0.5209	-0.2762	0.7273	0.7294	0.5850	0.7475	-0.2147	-0.0217	0.1188	1.1485	0.3282	0.4953	1.0438	0.4543	0.3278	0.4172	-0.0153	0.6751	-0.1309	-0.0153	0.2795	-0.3666
0.8890	-0.0557	-0.1494	0.3291	-0.1084	0.2677	0.7577	0.9091	0.2570	0.4581	1.0007	-0.3882	0.3414	-0.9345	-0.2536	0.3376	-0.8166	0.1693	0.7337	0.0248	-0.0516	-0.5565	-0.0514	-0.0150	-1.4996	-0.7313	0.5623	-0.0689	-0.0762	-0.1509	0.5199	0.4226	0.6593	0.0108	-0.9714	-0.0354	-0.0246	0.9472	-0.5623	0.2419	-0.3526	0.2951	0.6569	0.1290	0.3576	-1.1524	0.3791	-0.2194	-0.6348
1.3731	-0.3425	0.6228	0.5423	-0.1560	0.2545	0.7863	0.5212	0.9503	0.2205	0.6234	-1.0080	0.0256	-0.5631	-0.5971	0.2376	-0.5626	0.4103	0.9577	0.0253	-0.0408	-0.6523	-0.2146	0.5343	-2.2581	-0.4830	-0.1906	0.5796	0.4093	-0.4680	0.3782	0.5742	-0.1602	0.5760	-0.6335	0.0127	0.2339	0.6274	-1.1396	-0.7989	-0.9955	0.0656	-0.4382	-0.5993	-0.3101	-0.5131	0.2745	-0.5504	-0.5605
0.4286	-0.2775	0.7439	0.5584	-0.0818	-0.3105	0.4829	-0.2163	1.4614	-0.2880	-0.1020	-0.5538	0.5386	-0.1690	0.1666	0.4445	-0.1355	0.5786	1.1349	-0.1127	-0.8581	-0.4332	1.0832	-0.7168	-2.1522	0.0354	-0.0915	0.7231	0.8005	-0.1695	0.4531	1.0068	0.1217	0.5928	0.0004	0.4001	-0.6500	-0.2128	-0.2677	-0.2913	0.0164	-0.1559	-0.5978	0.0618	-0.7300	-0.6305	0.2653	-0.3601	-1.1022
0.5649	0.2825	1.8524	1.2434	-0.6502	0.6267	0.6674	-0.2894	0.0678	-0.3272	-0.9677	-0.1537	1.2407	0.8194	0.4686	1.2703	-0.1808	0.0491	1.2156	0.3368	0.6495	0.3034	0.4582	0.3845	-0.6989	1.1989	-0.1125	0.8491	0.5994	0.6010	0.7147	0.6813	-0.6321	0.5307	-0.0479	0.6286	0.0800	-0.1635	-0.1561	-0.1904	-0.4044	0.2865	-0.9485	0.4438	-0.5392	-0.4682	0.4937	-0.5665	0.2390
0.7759	0.4871	1.6701	1.1307	-0.3093	0.0470	0.3830	-0.2662	-0.2124	0.1397	-0.2304	-0.3613	1.5175	-0.3680	0.9627	1.9339	-0.4518	-0.3041	0.4865	0.5894	0.5176	0.2476	0.4466	0.7868	-0.6423	1.5071	0.0251	0.9012	-0.0210	0.7178	0.7096	0.4511	-0.9215	0.7859	-0.4692	0.8433	-0.0113	0.4416	-0.0164	-0.5610	0.6066	-0.5302	0.7983	0.3267	-0.5466	0.7327	0.7234	-0.2498	1.4943
0.0208	0.0018	1.1029	0.8400	0.6070	-0.8327	0.0909	-0.1681	0.0934	0.8832	-0.3952	-1.1182	1.2839	-0.6589	1.4565	1.4799	-0.6920	-0.0728	0.3383	0.5730	0.2203	0.4076	1.4389	1.5899	-0.3725	1.0043	-0.1815	0.4698	0.6654	0.8657	0.6199	0.8168	0.3795	0.2922	-0.0615	0.4113	0.0087	-0.7221	0.5151	-0.7033	0.5808	0.5566	-0.0090	0.3084	-0.5531	1.3607	0.0787	0.5471	1.5696
-0.5117	-0.2819	0.3559	-0.0673	-0.6847	-0.4452	0.7514	0.2555	-0.6140	0.9400	1.1220	-0.7755	-0.0250	-0.3879	0.2743	0.8656	-0.6000	-0.2468	0.2349	0.2568	0.7130	0.6975	-0.5048	1.8018	-0.1790	0.0324	0.4107	0.7135	0.0800	0.8336	-0.0444	-0.2741	0.5927	-0.0571	0.4044	0.2923	1.7371	0.2241	0.2800	-0.1097	0.2504	0.5740	0.3331	0.1585	0.0376	-0.8226	-0.8301	0.3696	1.5045
-0.0721	-0.7206	-0.9968	-0.3306	-0.5380	0.1074	0.8106	0.9804	-0.6303	0.7139	0.9207	-0.4692	-0.6242	0.1847	-0.1041	0.2470	-1.3161	0.0185	0.0361	0.8152	0.5136	0.3312	-0.5690	0.9042	-0.4223	-0.3346	1.1330	-0.0038	-0.0333	0.5993	0.0740	-0.5997	0.6216	0.3505	0.6410	0.0814	0.8340	0.2451	-0.3697	-0.5004	-0.6433	0.4222	0.3707	0.3253	-0.3978	-0.3246	-0.3205	0.1766	-0.0287
0.2823	-0.9188	-1.0891	-0.5471	-0.3930	-0.1523	0.6929	0.2832	1.0215	0.6347	0.0253	0.1296	-0.5185	-0.0858	0.0937	-0.4292	-0.8047	0.3191	0.3768	0.6947	0.5725	0.1916	0.7696	0.0244	0.2616	-0.6928	0.8024	-0.3870	0.0213	0.0829	-0.1661	0.6649	0.8348	0.0736	0.6076	-0.0911	0.4686	0.0657	-1.0366	-0.4298	-0.7226	0.7836	-1.1178	-0.3153	-0.5528	0.3292	0.4791	0.5144	-0.5439
-0.3437	-1.0674	-0.5122	-0.8731	-1.0000	-0.1286	0.3534	0.6238	0.4525	0.1734	-0.4270	-0.7474	-0.5003	-0.2851	-0.6433	0.1304	-0.1149	0.3793	0.0656	0.1886	0.5145	0.2086	1.0861	-0.1630	-0.0310	-0.8176	0.3480	0.7728	-0.2417	0.4558	-0.1116	-0.4471	-0.1970	-0.5356	0.3757	0.8230	0.2417	-0.7401	-0.2555	-0.3572	-0.6492	0.6176	-0.5780	-1.2437	0.5208	-0.6016	0.5745	0.0221	-1.0911
-0.4115	-0.9538	-0.0582	-0.7792	-0.0981	-0.5597	-0.0594	0.7475	0.5133	0.2457	-0.5696	-1.9271	-0.2564	-1.0484	-0.1284	0.3850	-0.1778	0.8305	-0.5407	0.1533	-0.4738	-0.0908	1.7732	0.5460	0.0837	-0.0666	-0.2743	0.9663	-0.7758	0.2344	-0.4762	0.0914	-0.2136	-0.9729	-0.3875	1.1215	-0.2970	-0.8629	0.5736	-0.7503	-0.3680	0.6045	-0.5438	-1.7215	0.1629	-0.8438	0.3380	-0.0185	-0.9836
0.0929	0.6415	-0.2112	0.2598	0.9616	0.0320	-0.2898	0.0379	0.1877	0.8046	-0.2895	-1.1382	0.5637	-1.4763	0.6074	1.0547	-0.2162	0.4122	-0.6998	0.2574	-0.6571	-0.0327	2.3167	0.4296	0.2385	1.2825	0.2307	1.3219	-0.7984	0.4710	-0.5844	0.9065	0.0667	0.0943	-0.2735	1.2437	-0.6319	-0.1247	0.6520	0.0483	0.4809	0.5373	-0.4141	-0.1039	0.3152	1.6654	1.2019	0.4740	-0.1635
-0.2010	1.0809	-0.4704	0.5359	0.9505	0.2817	-0.5739	-0.2472	0.7031	1.1039	0.5848	0.2022	0.5545	-1.2090	0.6776	1.4618	-0.5462	0.6380	-0.6445	-0.0285	-0.2948	0.0169	1.9114	0.0483	0.1500	1.2658	-0.1835	1.7442	-0.1451	0.9675	-0.8060	0.8104	0.2417	0.4640	-0.1379	1.0841	0.1204	2.1134	1.2020	0.4842	1.4395	0.2300	1.2231	0.0975	-0.0660	0.7500	0.2371	0.8600	0.6395
-0.0843	1.2607	-0.5421	0.5493	0.6931	0.4899	-0.5396	-0.0840	0.5424	1.1395	0.3708	0.5626	0.7147	-0.2354	0.7388	1.5098	-0.5508	0.2050	-0.1380	0.2886	-0.1088	0.2098	1.2456	1.0971	0.2058	1.4652	0.1653	1.0163	0.1266	1.3010	-0.8534	1.3077	1.1781	0.5435	-0.2960	0.3687	0.9805	1.7741	1.8136	0.7050	0.7879	0.2928	0.7663	0.5145	0.3479	0.7608	0.5207	1.4507	0.8187
-0.3182	1.1701	-0.5273	-0.0979	-0.2903	-0.1425	-0.6975	-0.1742	0.7837	0.6357	0.6896	0.4390	-0.0126	-0.0540	0.0705	0.6843	-0.5706	0.1588	0.5508	-0.3055	0.6270	0.5898	0.0976	1.2744	0.6096	0.3098	0.6757	0.2934	0.1688	1.2713	-0.3932	-0.0064	0.8919	-0.3544	-0.0540	-0.1283	2.1072	1.8383	1.0273	1.3910	0.4734	0.1541	0.2535	0.0036	0.2582	-1.3168	-0.5226	1.3577	1.5437
0.1608	0.4302	-1.0131	-0.9310	-0.4713	-1.0331	-0.2224	0.2526	0.8588	0.4259	0.8559	-0.3308	-0.7801	0.1073	-0.9982	-0.8758	-1.1188	-0.6527	1.1632	0.1337	-0.2508	0.0326	0.1411	0.1208	-0.7830	0.4822	0.5834	-0.7408	0.6855	0.3546	0.2695	-0.3729	0.7841	0.0737	0.2325	-0.6985	1.5674	0.5019	0.3503	0.0205	0.6459	-0.7964	0.4666	0.9571	-0.5241	-0.6807	-0.3982	0.8365	0.9932
0.4967	-0.6276	-1.3059	-1.4055	-1.2415	-0.6781	-0.1269	0.4484	0.4059	0.2253	-0.1176	-0.4310	-0.6084	-0.2604	-1.6188	-1.1945	-0.5785	-0.2362	1.2194	-0.1290	0.4217	-0.1431	-0.4042	0.5290	-1.0763	0.1424	0.3376	-1.2064	0.4895	-0.0849	0.2642	-1.0745	0.1944	-0.1879	0.7139	-0.4662	0.9007	-0.4619	-0.0100	0.0421	-0.1744	-0.5752	-0.2188	0.7102	0.3674	-0.5736	0.0405	0.2294	0.9264
0.6084	-1.0642	-1.9254	-1.6574	-1.0082	-0.0298	-0.9133	1.2083	1.1288	0.2392	-0.6104	-0.3546	-0.6002	-0.0625	-1.3749	-1.2444	0.0099	0.8141	0.7685	-1.1093	-0.2438	-0.8448	-0.5940	-0.2144	-1.7455	-0.5226	0.2909	-1.7064	0.2556	-0.7985	-0.7088	-0.7510	-0.0155	-1.2369	0.6518	-0.8234	0.0138	-0.2046	0.3604	-0.5986	0.4614	-0.4346	-0.0568	0.7982	0.3150	-0.5084	-0.1768	0.4590	0.3531
0.2338	-0.7018	-1.6437	-1.4761	-0.9093	0.4368	-0.3627	0.2684	1.2809	-0.4738	-0.5054	-0.4615	-0.3087	0.0354	-1.1923	-0.8656	0.7848	0.4756	0.0774	-0.9352	-0.8503	-1.3507	-0.5225	-0.6420	-1.5368	-0.1413	-0.2552	-1.4521	-0.0213	-0.9982	-0.9244	-0.3933	0.0446	-0.8040	0.5649	-0.9222	0.6064	-1.1988	0.1501	-0.9030	0.4885	-1.1401	-0.2508	-0.2240	-0.2009	0.1498	-0.6115	0.5590	-0.0878
0.9721	-0.5091	-0.6432	-1.0050	-1.2043	0.1672	0.1115	0.1058	0.3141	-0.3723	0.1615	0.0867	-0.7473	0.3385	-0.8823	-0.8964	1.2852	0.9741	0.1155	-1.1760	-0.6257	-0.6121	-1.2389	-0.7242	-0.3431	-0.5776	-0.5273	-1.4667	-0.3578	-1.4011	-0.8243	-1.2868	-0.7067	-1.0152	-0.2079	-1.0654	0.0438	0.2621	-0.7440	-0.3463	0.1823	-0.5923	-0.2398	-0.3180	0.2109	-0.5750	-0.6301	-0.3862	0.7966
1.1420	-0.7613	0.0469	-0.6113	-0.7884	0.1835	0.7590	-0.2123	0.5604	-0.9196	0.1128	-0.2530	-0.6348	1.1553	-0.7079	-0.7900	1.3773	1.0421	0.5600	-0.5250	-0.4333	-0.8367	-1.4874	-0.8081	0.0136	-0.1779	-1.6118	-1.5133	-0.0093	-1.4030	-0.3554	-0.7712	-0.7613	-0.6432	-0.7986	-1.1472	0.1528	-0.1286	-0.9307	-1.2334	-0.3389	-0.9584	-0.1146	-0.4573	-0.5801	-0.2880	-0.4752	-1.0803	0.8798
1.2808	-0.3977	0.1107	-0.2385	-0.0261	-0.3285	0.1243	-0.1622	-0.1042	-1.0226	0.4418	0.1949	-0.3130	0.9143	-0.8005	-0.4380	1.5133	0.5960	0.4096	-0.0442	-0.7612	-0.5123	-1.6178	-1.4083	0.2245	0.0992	-1.8416	-1.4984	-0.3936	-1.4454	-0.0804	-1.0214	-0.7340	-0.2599	-0.7882	-0.7248	-0.1934	0.3162	-1.5063	-1.5156	-0.2337	-1.2923	1.0997	-0.5688	-1.0522	-0.2641	-0.1065	-2.0248	1.1139
1.0394	-0.6331	0.1342	-0.3582	0.6928	-0.5145	-0.3217	0.0560	-0.4055	-1.3152	0.3696	0.8713	0.1015	0.5359	-0.8899	-0.4036	0.8539	0.2320	-0.0581	-0.1618	-1.4201	-0.8370	-1.5052	-1.5934	0.1924	0.0352	-1.8699	-1.0360	-0.7480	-1.4896	0.4812	-1.0678	-0.0995	-0.3677	-0.7790	-0.7647	-0.8995	-0.4255	-1.3447	-2.2702	0.0829	-1.7623	1.4887	-0.9794	-0.7601	-1.2664	-0.5416	-2.2299	0.1603
0.5809	-0.3759	0.2714	0.1201	0.4164	0.2629	-0.4170	-0.5161	-0.6702	-0.4890	-0.0105	1.3631	0.2915	-0.4836	-0.4135	0.1725	0.4138	-0.5061	-0.4782	0.0336	-1.9426	-0.8736	-0.7029	-0.7463	0.1443	-0.2819	-1.9674	-0.5001	-0.9310	-1.1046	0.9543	-0.7907	0.4912	0.1935	-0.9347	-0.6310	-1.0887	-1.1140	-1.2476	-1.8128	0.2623	-1.7667	1.1159	-0.9836	0.0995	-1.3560	-0.7073	-1.7611	-0.5403
0.8454	-0.1870	0.5263	0.4435	-0.2528	0.6512	-0.5840	-0.4801	-0.9632	0.6372	-0.4432	2.0300	0.2893	-0.1796	0.2073	-0.4177	0.5367	-0.2166	-0.7123	-0.3809	-1.4567	-0.4401	-0.6782	-0.5061	-0.4311	-0.5732	-2.6936	-0.7746	-0.5400	-0.9643	0.6412	-0.5963	-0.2759	0.1436	-1.2839	-1.4430	-1.1016	0.9296	-0.4007	-1.7137	0.8156	-1.1697	1.2515	-0.8125	-0.5754	-0.1703	0.4827	-1.2110	0.1415
0.6065	0.2805	1.3456	0.3078	-0.8733	-1.4383	-0.7708	-0.9989	-0.2061	-0.7815	-0.4492	1.5087	0.5454	0.7598	0.0563	-0.9383	0.7375	-0.4567	-0.3320	-0.6719	-1.1218	-0.6346	-1.0600	-1.0855	-0.3233	-0.8460	-2.3608	-0.5770	0.0905	-0.9919	0.1166	0.1462	-0.3395	0.0281	-1.4902	-1.1288	0.3553	0.4293	-0.0802	-1.0700	0.7894	-1.3003	0.5380	-0.8329	-0.8637	-0.1950	0.4812	-0.7481	-0.0411
-0.7792	0.5027	2.6413	0.3725	-1.4305	-1.9221	-1.1489	-1.2238	-0.2881	-1.4946	-1.6228	-0.3261	0.4787	1.4614	0.0644	-0.7978	1.9114	0.4537	0.0293	-1.3332	0.2351	0.3843	0.0219	-1.0443	-0.5264	-2.1109	0.2490	0.0511	0.9431	-0.4182	0.2126	0.3000	0.0713	-0.7850	-0.3491	0.6247	0.3342	-2.6109	0.1753	-1.3801	-0.2713	0.5968	-1.8064	-0.1513	0.7232	-2.7313	-0.8031	-0.4533	-0.9661
-1.0766	1.2649	1.7999	1.0068	-0.2311	0.4805	-1.8967	-0.8985	-0.7382	-0.9632	-0.5104	-0.3039	1.4697	0.2302	0.3112	-0.1108	0.8899	-0.6904	-0.7691	-0.3355	0.4032	-0.1779	0.6357	-1.2610	-0.4507	-0.3001	-0.4909	0.3392	0.4174	0.4765	0.3460	0.0176	-0.6581	-0.3132	-0.7249	0.3019	0.5081	-0.4632	-0.6092	-0.6860	0.9391	-1.4462	0.6342	0.4827	-0.0085	-0.3113	0.6525	-0.1034	0.6388
0.9637	1.9902	0.6581	1.2538	0.8007	0.8418	-0.0090	-1.9304	0.2515	-0.2412	0.3057	1.3547	2.5255	0.0722	1.7643	-0.0182	-0.1123	-1.1100	-1.2499	0.4536	0.1463	-0.2785	1.0405	-0.6084	-1.0154	0.7552	-0.5971	0.4837	-0.2691	0.8018	0.7207	0.9394	0.0457	1.1015	-1.2090	-0.9955	-1.2329	1.1466	0.3808	0.5585	1.4334	-1.0330	1.4532	1.1289	-0.0700	2.7732	2.0048	0.7316	1.3238
-0.5134	1.3299	1.1222	1.2126	2.3310	-0.1386	-3.3236	-1.3156	-1.3360	0.2808	1.0180	0.5004	1.7981	0.0435	1.3173	-0.1768	0.6947	-0.3912	0.0567	0.5834	0.0337	0.6011	0.4100	0.2997	-0.0314	0.6823	1.2158	0.4538	-0.0516	0.9854	0.0336	0.6038	0.5414	0.7384	-0.1795	-0.1162	-1.2381	0.5714	0.0511	-1.2946	1.3513	-0.4019	-0.0205	2.1198	0.2528	0.6518	1.0925	0.7590	0.1758
0.5215	1.1334	2.0170	0.9288	1.0121	0.0839	-1.2192	0.8214	-0.0774	0.5633	0.1813	1.4411	-0.1016	0.6021	1.7256	0.4088	0.9626	1.0137	0.8986	-0.1970	1.6476	1.8849	0.0277	0.9245	1.4340	-0.2018	1.5557	0.0753	0.7232	0.9754	0.2950	0.3496	-0.1317	0.3865	0.0207	-0.1578	0.4441	1.4894	-0.0333	0.1561	1.1420	0.9963	0.6625	0.8936	0.9858	-0.8525	0.5461	0.8585	0.1950
0.9384	0.9180	1.5118	0.3660	0.6064	0.2618	-0.5110	1.3975	0.2148	0.4348	0.0499	1.2713	-0.5986	0.9624	1.2195	-0.2909	0.5413	-0.1521	0.3465	-0.3616	1.0718	1.0024	0.1627	1.1772	-0.1108	0.4689	1.4018	-0.5175	0.6454	0.4229	0.8855	0.5175	0.0385	1.1403	0.1670	0.1211	0.8933	-0.6696	0.0737	0.4156	0.4443	0.3671	0.5374	0.3994	0.6697	-0.3420	0.2412	1.0225	-0.5352
0.7910	0.3778	0.6699	-0.4612	0.5170	0.3771	-1.0590	1.7808	-0.1106	0.3049	-0.1031	1.5171	-0.8256	1.0156	0.2139	-0.5446	0.5232	-0.9484	0.5328	-0.4914	0.1284	0.5416	-0.3675	0.2463	0.4650	-0.4768	0.6621	-1.5294	0.3023	-0.3089	0.7869	0.5090	-0.0429	0.0714	0.5546	-0.1627	0.3413	-0.1105	-0.4681	1.1100	0.6863	-0.0879	0.2796	0.4192	0.4361	-1.6214	-0.2993	0.5546	-0.4768
0.3866	-0.5094	-0.1728	-1.1796	0.1601	0.6482	-1.2879	1.9354	-0.1172	-0.1313	-0.2189	0.4976	-0.9265	0.3422	-0.5517	-1.0917	1.0351	-1.0093	0.6721	-0.1924	-1.3862	-0.2823	-0.6821	-0.5236	0.2025	-1.2227	0.0795	-1.7707	-0.1047	-1.2407	0.3287	0.2219	-0.2640	-0.2890	0.1549	-0.9763	-0.0794	-0.0156	-0.2504	1.0386	0.3781	-0.0625	-0.2224	0.4024	-0.7889	-1.0140	-0.5022	0.2118	-0.1676
0.6088	-0.4398	-0.5870	-1.5682	-0.3127	0.9818	-0.5189	0.7093	-0.7438	-0.6536	1.0477	0.2150	-0.3011	0.6029	-1.2644	-1.5316	1.3436	-1.0107	0.7804	0.0761	-0.9143	-0.3826	-0.5847	-0.7341	-0.3505	-0.3651	-0.2976	-1.1160	0.2020	-1.2835	0.0564	-0.7552	-0.5705	0.7914	0.3402	-0.9870	1.2413	0.7601	0.1867	0.1525	-0.0326	-0.3808	0.1260	0.8994	-0.9772	1.1765	-0.4624	-0.0734	1.2073
0.5303	-0.8006	-0.7424	-1.2801	-0.5954	0.1755	-0.1887	0.0891	0.4643	-1.4165	1.2220	0.6214	-0.5842	0.9949	-0.4998	-1.6303	1.2749	0.2100	0.9361	-0.3426	-0.4350	-0.9098	-0.6252	-0.9773	0.1219	-0.0933	0.0532	-0.9757	0.6673	-1.3362	-0.0998	0.0340	-0.5130	0.2542	0.7553	-0.3777	1.1944	0.3911	-0.4079	0.3091	-0.2389	-0.1538	-0.4472	0.5560	-0.7140	-0.7439	-1.2367	-0.5163	-0.0049
-0.2633	-1.4266	-1.0851	-0.2314	-0.6721	1.3225	-0.1801	-0.5181	0.7501	-0.7833	0.1236	-0.0027	-1.2679	0.8832	-0.8480	-0.9777	0.8873	0.3337	0.2863	0.4827	0.8421	-0.9914	-1.1640	-0.4166	0.4201	0.4150	0.3333	-0.5322	0.3201	-0.4934	-0.0835	-0.7558	-1.2213	-0.4162	1.7578	-0.5614	0.8224	0.2182	-0.0116	1.6811	0.5539	-0.2705	-0.8446	0.2742	-0.4244	-0.5282	-2.7481	-0.3253	-1.0485
0.8780	0.8110	-0.7911	0.5258	-0.2685	1.2461	1.4020	0.5788	-0.8354	2.2831	-0.1133	0.3404	-1.3112	1.0490	-0.0633	-1.0676	0.2677	-0.5683	0.7865	1.4168	0.5530	-0.1332	-0.5010	0.4393	0.4431	2.2963	0.5528	0.4559	0.2606	0.1127	0.1581	-1.0467	-0.9007	2.1282	1.5873	-0.4120	0.3671	-0.2647	0.5163	1.6525	-0.3314	0.0302	1.0755	0.1706	-0.0608	2.2569	1.0521	0.3176	1.7018
0.0098	0.3899	-1.0336	1.2193	0.6525	-0.6883	0.3399	-0.1538	0.0027	-0.7147	0.4474	0.8475	-1.2929	-0.7933	0.3099	-1.4501	-0.7188	-0.3855	-0.6721	-0.2871	-0.6879	0.3377	-0.4143	-0.6431	0.2762	0.6324	-0.0357	-0.0570	-0.5811	0.1044	-0.0652	-0.1129	0.1873	0.7055	0.1216	0.0376	0.1412	-1.3199	-0.0136	0.7868	-0.2843	0.1504	0.1815	0.5054	-0.2337	1.6189	0.9405	0.7817	0.6954
-2.2827	-0.1352	-0.6920	2.2078	0.1582	-0.3923	-0.9424	0.7402	-0.8471	-0.6706	0.2779	-1.2013	-1.7068	-1.6631	0.1739	-1.0651	-1.4775	0.0571	-1.3795	-0.9097	0.0134	0.5467	-0.5671	0.0979	1.6193	-1.3960	0.1166	0.1395	-0.8574	0.6483	-1.2201	-0.9070	0.3621	-0.8007	-0.6191	0.7402	0.0160	-0.0440	0.1049	0.4345	-0.9007	0.8164	-0.5862	-0.8369	0.7895	-0.1630	-1.2534	0.7426	-0.6332
-1.7579	0.2037	-0.0882	1.2771	-0.5039	-0.9781	-1.4361	1.1879	-0.6506	0.0608	0.3888	-1.0049	-2.0475	-0.8270	0.6298	-1.3127	0.0385	0.9468	-1.0712	-1.3413	1.7476	1.1187	-0.7818	0.5103	1.3849	-1.5525	0.0175	0.3007	0.3416	0.5480	-1.4361	-0.9765	0.1409	-1.4724	-1.3346	0.9057	0.5056	0.9126	0.7090	-0.0199	-0.9418	2.2197	-0.7497	-1.7247	1.3135	0.5083	-1.2853	-0.0152	-0.5317
-0.4763	0.0073	-0.5447	0.7774	0.3220	-0.2738	-0.5227	2.5965	-0.5956	-0.0358	0.2621	-0.3464	-1.8109	-0.6250	0.2769	-2.0690	-0.5831	-0.0373	-1.0199	-0.3185	0.2745	0.1304	0.2446	0.2699	0.8128	-0.4924	-0.4721	-0.1766	-0.0745	-0.0278	-0.7601	-0.9216	-0.8524	-0.9176	-0.2301	-0.6333	0.2008	0.2915	-0.3449	-0.9061	-0.8123	0.5664	-0.7229	-0.8847	-0.9275	2.0294	0.6423	-0.3569	-0.2898
-0.1528	0.2563	0.4524	0.8104	0.0225	0.7001	0.2438	0.6595	0.2401	-0.6800	-0.7470	0.2748	-0.6700	-0.1103	0.7096	-1.5250	-0.0593	0.5394	-0.6457	-0.2485	0.5012	0.6017	-0.3249	0.3871	0.8791	-1.2117	-0.4594	-0.0235	-0.4844	-0.6179	-1.1228	-1.0916	-0.5386	-0.4966	-0.4599	-1.0611	-1.4491	1.1009	-0.2229	-0.1497	-0.7274	1.0174	-0.9300	-0.4061	-0.2005	-0.0812	0.6877	0.0568	0.3698
0.0751	0.4522	0.1844	1.2390	0.9394	2.3547	-0.1172	-0.2133	0.0835	-0.2400	0.1048	0.8326	0.4079	-0.0303	1.0971	-0.3229	-1.3177	0.0270	-1.1163	0.1246	0.9039	0.0991	-0.0188	0.5855	-0.0739	-0.4909	0.0518	0.0497	-0.6940	-0.0167	-0.9267	-1.4334	0.2341	0.1852	-0.8744	-0.7127	-1.9261	0.9057	-0.2382	0.6189	-0.8022	-0.7856	0.3054	0.4234	-0.0828	0.0350	1.1335	0.2393	0.6677
0.1183	-0.0253	1.0224	-0.0233	-0.6565	0.5326	1.3189	-0.4404	-0.5371	-0.1338	-0.4023	0.7114	0.5816	0.8504	0.9522	0.2512	-1.4520	0.6603	-0.6594	-1.0120	1.4492	0.4441	-0.2201	-0.1981	0.2705	-0.3782	0.0575	0.0682	-0.0040	0.2962	-0.9393	-1.7027	-0.6722	-0.3324	-0.4244	-0.6423	-1.3882	0.9625	0.3657	2.0120	-1.3793	-0.0400	-0.0127	0.0332	0.4182	-0.7255	0.2493	0.1828	0.2932
0.1162	-0.6012	0.6420	-1.7011	-1.8029	-1.4993	1.6232	0.5337	-0.5210	-0.6959	-1.9698	-0.1717	-0.0383	-0.9465	0.0067	1.6320	-2.1452	0.3867	-1.3236	-1.9601	-0.1263	-0.5906	-0.9018	0.2355	-0.6936	-1.5352	-0.5378	-1.1602	-0.1375	-0.0105	-0.2496	-0.8780	-1.6787	-1.0183	-0.5924	-1.4044	-1.7396	-0.8548	-0.3046	0.7287	-1.6575	0.0951	-0.4111	0.0570	-0.6429	-0.0622	-1.3363	-0.2990	-1.3135
-0.6742	-0.8847	-0.7372	-2.1183	-2.3642	-2.2351	2.1227	0.1216	-1.5672	-0.7580	-0.9304	-1.5127	0.3249	-2.2214	-1.4659	0.4749	-2.1957	-1.1374	-2.2729	-1.5583	-1.5151	-1.7269	-0.7227	-0.4353	-2.1182	-1.7649	-1.0114	-1.0808	-1.0058	-1.1105	-0.6252	-0.6300	-2.2343	-1.2591	-1.5103	-1.8120	-0.3882	-1.7793	-0.7317	-1.3198	-1.1138	-1.2756	0.1534	-0.9030	-1.1494	0.1294	-2.0523	-1.0210	-1.1671
-0.4973	-2.1260	-1.1073	-1.5877	-2.0687	-1.7670	1.6067	0.4311	-3.0356	-1.4592	-1.4959	-2.4191	0.9947	-3.1865	-2.6232	0.6710	-1.6059	-1.3325	-2.8027	-2.1803	-1.8336	-1.4263	-1.6266	-1.3990	-1.4261	-1.5109	-1.5100	-0.8385	-2.6003	-1.9903	-2.4206	-1.7511	-3.5109	-2.1821	-1.5943	-1.0338	-0.8365	-0.7951	-1.7818	-1.8999	-1.7095	-0.7427	-0.5018	-2.3478	-1.4083	0.0938	-1.0792	-2.2566	-1.6121
-0.8261	-2.4453	-1.3535	-1.8617	-1.4572	-1.7164	0.9396	-0.2658	-1.1531	-2.0486	-2.8503	-2.0344	0.3057	-2.2769	-1.9357	1.0343	-1.3725	-0.8890	-2.6864	-1.9319	-1.6902	-1.8306	-0.8185	-2.0740	-1.1672	-1.4319	-2.0821	-0.9970	-2.3123	-2.0589	-1.6022	-0.2480	-2.2794	-2.8800	-0.8792	-0.8905	-1.1240	-1.7799	-1.5689	-1.4117	-1.6903	-0.1040	-1.5877	-2.5982	-1.5674	0.6927	-0.3793	-2.0657	-2.0851
-0.3271	-1.7452	-0.6129	-1.2130	-0.4558	-1.1073	0.9833	-0.4062	-1.1408	-2.1483	-2.5496	-1.0787	0.1292	-0.9102	-1.2756	0.5609	-0.7903	-0.4543	-2.1672	-0.9810	-2.0120	-1.4361	-1.2734	-2.0762	0.0370	-0.5714	-1.5188	-0.6013	-2.3354	-2.0040	-1.5234	0.4999	-1.7427	-1.7995	-0.5984	-0.1109	-2.1448	-1.2078	-1.3681	-0.6171	-2.1238	-0.2203	-1.8962	-1.8381	-1.5382	0.1660	0.8988	-1.7841	-0.7039
-0.7116	-0.9401	-0.3904	-0.5729	0.3833	-0.5114	0.1403	-1.5987	-0.0464	-1.7211	-1.0525	-1.2981	0.3943	-1.2332	-0.7013	0.8621	-0.5959	-0.4839	-1.7473	0.2383	-1.5986	-1.7341	0.2766	-1.6727	0.3593	0.5627	-1.1496	0.1674	-0.6167	-0.9118	-0.9106	0.9517	-0.5338	-0.3814	-0.6587	0.3166	-1.8003	-0.7817	-0.3442	0.8380	-1.6366	0.0531	-0.8557	-0.9998	-1.6982	-0.0182	0.9606	-1.0687	-0.2692
0.4269	0.1957	0.8421	0.1426	1.1749	0.4866	0.0863	-1.8547	0.1165	-0.7847	-1.1166	-0.8364	1.3058	-0.0693	0.3066	1.5345	0.9841	1.0083	-0.0546	0.5631	0.5750	0.5875	0.6232	-1.3757	1.3046	1.4688	0.1610	0.8534	0.0813	-0.4281	-0.0706	0.5075	-0.6711	-0.4365	-0.2667	1.3515	-2.7065	0.9939	-0.1550	1.3751	-0.9292	1.5592	-0.5779	-0.1956	0.1400	-0.4633	0.2961	-0.8535	-0.7109
0.7329	-0.2821	0.8728	0.6250	0.7439	0.7669	-0.2259	-2.2194	0.6516	0.3214	-2.2338	0.5746	1.2675	0.9296	0.8767	1.5662	1.6876	0.9347	0.3811	0.0781	1.0113	1.4829	0.3715	0.2776	1.5408	0.3652	1.5073	0.3623	0.5593	0.3490	0.3345	0.8010	0.2011	-0.2784	0.3195	1.4469	-2.5802	-0.3695	-0.0487	0.3392	-0.2986	2.0568	-1.4592	0.7216	0.7388	-0.7180	-0.0306	-0.1391	-1.2044
1.3805	-0.0996	0.3892	0.4402	0.7470	0.5992	0.8573	-2.3796	0.1871	0.4829	-0.9586	1.9334	1.3217	1.5418	0.3396	0.3434	0.7277	-0.1163	0.6953	0.5324	0.9030	0.9646	0.3886	0.3585	0.1253	0.1853	1.4766	0.8679	-0.0605	0.7175	1.0145	0.0776	0.0942	1.7431	0.4510	0.9365	-1.1265	-1.3172	-0.1480	-0.2748	-0.2932	0.8377	0.0793	0.1547	0.9442	-0.1717	0.8809	0.2354	-0.5286
0.7555	-0.2454	0.0618	0.1658	0.9060	-1.0914	0.5478	-2.9262	0.5301	0.2164	-0.0991	1.1548	0.7000	0.5229	0.2852	-0.1862	0.0474	-0.9051	0.6808	0.8490	0.3834	0.1714	0.6141	1.1708	0.0083	0.2740	0.9253	0.5251	-0.1558	0.7297	0.3461	1.1226	0.5092	1.8405	0.2696	0.6286	0.4414	-2.5177	0.0327	0.1458	-0.1213	0.5565	-0.7094	0.1015	0.0284	-0.8162	-0.1240	0.6418	-0.6839
0.5366	-0.1438	0.2936	0.1158	0.7396	-0.8759	0.0791	-2.5834	0.4423	0.0131	-0.9727	0.2794	0.8386	0.6769	0.9251	-0.1796	0.0456	-0.1143	0.6044	0.5227	0.4715	1.1057	0.9621	0.7684	0.8797	0.0492	1.1060	0.5229	-0.1735	0.3707	0.7413	1.0510	0.3394	0.5151	0.3368	0.7923	-1.1648	-0.6190	0.6009	0.6096	0.0713	1.4216	-0.5887	0.6199	0.3039	-0.0737	-0.2535	0.7696	-0.7355
0.4676	-0.2424	0.3319	0.4657	0.1930	0.1401	0.8280	-2.5505	0.6116	-0.1206	-0.5922	-0.1196	1.6405	0.8946	0.5878	0.0983	-0.1524	-0.4533	1.0897	1.0546	-0.2362	0.5907	0.9891	0.2668	0.6222	0.7641	0.9688	1.3320	-0.3218	0.8150	1.2156	0.9041	0.4434	1.0378	0.7833	1.1737	-0.1806	-0.4972	0.6095	0.3946	0.0358	0.3627	-0.4801	0.9676	0.7911	0.6569	0.5474	0.7257	-0.4925
0.1562	-0.2339	0.8394	0.8366	-0.2317	0.7206	0.4560	-2.8380	1.2174	0.0842	-0.1995	-0.1011	1.2077	0.4489	0.7695	0.2124	0.6880	0.3024	1.4474	1.0454	-0.1158	0.4130	1.3511	0.0117	1.2706	0.7270	0.7521	1.2267	0.0699	0.4488	0.9741	1.2950	0.7046	0.9187	1.0708	1.9088	0.2781	0.1854	0.1649	0.6183	0.3596	1.0242	-0.3286	0.5389	0.5676	-0.1482	0.2938	0.3935	-0.4406
0.4479	0.5996	0.8246	1.2624	0.1355	1.1799	0.8435	-1.0990	1.9422	0.1583	-0.0932	0.5404	1.2740	0.5263	1.1314	0.4148	0.6888	0.7399	1.2560	1.2537	1.2748	0.5137	1.5948	0.2934	0.6169	1.0703	0.0360	1.5302	1.1852	0.5485	1.5668	1.6625	0.9914	0.5746	0.9537	1.8547	-0.6157	0.4127	0.7032	0.6311	0.2206	1.2841	0.2295	0.3961	0.7740	-0.7378	-0.5056	0.2628	-0.3587
-0.2714	1.2345	0.5122	0.7435	0.6108	0.8377	1.5171	-0.4128	0.6070	0.7667	1.3625	-0.1651	1.0661	0.6667	0.5697	0.2882	1.0505	0.1363	1.4028	1.5455	1.3393	0.4176	0.2074	0.9970	-0.1336	1.6225	0.4359	1.5834	0.9356	0.8415	1.6937	0.7326	0.8187	1.4668	0.6176	2.3352	0.7292	0.7595	0.6216	0.5166	0.6804	-0.9169	1.6127	0.5694	0.9837	-1.2653	0.0948	-0.0245	0.9030
-0.1331	0.6316	0.3887	0.8442	1.5980	1.1486	1.3000	-0.4223	1.4591	1.2818	0.4147	-0.1145	0.4641	1.1066	1.3244	1.8367	0.7954	0.1703	1.1280	1.1914	1.2501	0.4774	0.8841	0.9239	-0.1331	2.2480	0.4061	1.3212	2.0457	1.4663	1.9165	1.9681	1.1900	0.8052	0.9487	1.5589	0.0629	0.6848	0.9130	1.1487	1.7980	0.2893	0.5940	1.8609	1.0680	0.0999	0.1973	0.2452	0.0702
0.5018	1.1706	0.7655	0.5565	1.3592	0.2834	1.4838	0.5110	1.9098	1.4903	-0.0088	-0.1107	0.3450	1.6624	1.0002	0.8061	0.8343	0.1996	1.2080	1.5434	1.0947	0.8787	1.1363	1.1830	0.1692	1.9392	0.8589	1.2777	3.1581	1.2562	2.3186	1.4373	1.4547	1.1418	1.4895	0.7056	0.1394	0.0608	1.6865	0.9354	1.4490	0.5805	0.4491	2.4665	0.5282	1.3251	1.3461	0.6707	0.5004
0.1490	0.9852	0.1550	0.2346	1.3169	0.2954	1.0519	0.0076	0.9172	1.6541	1.0542	-0.1107	0.8704	1.3089	0.3925	0.8009	0.5970	0.0579	1.3338	1.3599	0.7323	0.3524	0.6638	2.4657	-0.4601	1.0903	1.2540	1.2194	2.5620	1.2340	2.2016	0.3652	2.2726	1.7409	1.7840	0.3607	0.6037	0.4692	1.0810	1.1215	1.4456	-1.4228	1.9394	2.1055	0.5227	0.2710	0.5244	0.8320	0.6955
-0.8591	0.9401	0.2838	0.6607	0.8209	1.1742	1.0671	0.7876	0.5306	1.0060	1.4187	-0.7315	0.2902	1.6557	0.5691	1.5320	0.6424	0.5840	1.4472	0.8287	1.8289	0.7328	-0.0618	1.1175	0.0275	0.8243	1.1106	1.2473	2.0872	1.2924	1.7740	-0.0982	1.2429	0.8412	2.1754	0.5714	1.8189	0.5360	1.2164	1.1737	1.4397	-0.4745	1.2045	1.4210	1.5604	-0.2967	-0.2946	0.6152	0.4260
0.3723	0.6083	-0.3082	-0.3219	1.0812	0.0663	0.8145	2.4876	1.2645	1.3869	0.5740	0.0064	-0.2501	1.3120	0.7586	1.3609	0.2891	-0.2802	1.4316	1.3721	1.8531	0.4418	0.7878	1.3390	-0.9568	1.0941	0.5770	0.8012	2.9118	1.5962	1.9992	0.6181	1.5169	1.0504	2.6439	0.2243	2.2121	-0.5126	1.8728	-0.0732	1.4692	-0.2860	1.4935	2.0117	0.3233	1.4053	1.7517	0.8820	1.7069
0.3290	0.4362	-0.5844	-0.4332	0.7626	0.0615	1.3209	2.8733	0.8802	1.5017	1.5676	0.2990	0.2131	0.5054	0.2235	0.6565	0.1026	-0.6014	1.3120	1.1228	0.6397	0.0473	1.4103	1.0285	-1.8409	0.1348	0.5600	1.0749	2.5091	1.2459	1.6698	0.5804	1.9754	1.1678	2.1939	0.2171	2.0126	0.1313	1.3184	-0.5160	1.2148	-0.8725	1.1026	2.1878	0.2344	0.3831	0.9669	0.8431	1.4750
0.3962	0.7002	-0.4184	-0.2100	0.2716	-1.1716	1.3869	2.0900	-0.0570	1.6580	2.4721	-1.0718	0.1832	0.0176	-0.3244	1.2212	-0.5241	-0.5682	0.5601	1.5963	-0.3831	-0.2532	0.7525	1.5364	-0.7895	0.7022	0.6602	1.0020	0.8613	1.1227	0.8086	0.8932	1.8570	1.3165	0.9016	0.9843	2.1108	0.9515	0.3211	0.3874	1.1305	-2.1531	1.7512	1.0642	0.4345	-0.3972	0.3455	0.5883	0.9664
-0.3217	0.1756	-0.7536	-0.5116	0.4424	-1.5106	1.0665	1.0414	0.0733	1.3697	2.2035	-1.3600	-1.0556	0.6127	-0.0740	1.3005	-0.6025	-0.4539	0.6186	1.0958	-0.8293	-0.4665	1.4680	0.8895	-0.8808	1.3449	0.1061	0.9099	1.7013	0.8505	1.0251	1.8512	1.6307	0.8254	1.6190	0.5389	2.3075	-0.0777	0.8200	-0.1765	1.2217	-1.9100	1.7198	0.9164	-0.1595	0.8687	0.9861	0.8658	1.5933
-0.2768	0.1610	-0.1120	0.1617	0.4276	-0.1856	1.5177	1.5665	0.6589	0.7786	0.5553	-1.7044	-0.2064	1.1056	0.0077	1.2691	-0.2079	0.3199	1.3804	1.1445	-0.3944	-0.1209	1.4485	1.4605	-0.8379	1.4751	-0.7800	0.9909	1.9805	0.8817	1.2609	1.2730	1.6824	0.3712	2.3356	0.3708	1.6833	-0.7495	1.3977	-0.0206	0.3905	-0.3953	0.6194	0.6886	-0.1781	0.7500	0.6909	0.9039	1.4425
-0.5412	0.1131	-0.0538	1.0291	0.7214	2.5477	0.3527	1.7052	1.4648	0.5439	0.1976	0.0041	0.3885	0.5760	0.3227	2.8862	-0.6566	1.3776	1.4722	0.7209	1.0687	0.1275	0.7986	1.5066	-0.1495	-0.4319	0.0418	1.0663	1.2118	1.5235	0.8688	1.1214	1.9816	0.0492	1.8557	0.5843	-0.0940	-0.4735	0.6044	0.6373	0.4028	-0.0054	0.0477	0.3345	0.4482	-1.2634	-1.0022	0.1872	-0.7374
-0.6814	0.6485	-0.3845	0.5370	0.2360	1.5463	1.4171	0.0611	1.7206	2.5012	1.3139	-0.3740	0.0572	0.9761	0.1550	1.2175	0.4926	0.7269	2.5361	0.9524	-0.5593	-0.2659	1.7721	-0.2091	-0.7235	0.9068	0.8793	2.0496	0.6466	1.6081	0.4308	1.7765	1.1395	1.9221	1.4242	0.8948	-0.1592	0.4042	0.6733	-1.3572	1.5347	-0.9742	1.6914	0.0313	0.0164	1.0052	1.2281	0.5160	1.6201
-1.0085	0.8135	1.3287	1.4859	-0.2233	1.2275	0.0624	-1.1381	2.2874	0.1502	1.0256	-1.0724	0.4284	0.3030	0.3411	0.7379	2.6020	3.2860	2.6001	0.6598	1.6944	1.4034	0.9919	0.4108	0.2972	0.6539	1.2250	1.5470	0.4262	1.1183	-0.5079	1.3830	1.2629	0.2731	0.7034	2.0755	1.9731	0.4993	0.7265	0.6925	1.2633	0.9588	-0.3726	-0.9230	2.0932	-1.2075	-1.2539	0.9397	-0.6400
0.0294	1.0744	1.4703	2.0576	0.8234	1.7322	-0.4340	0.9031	0.6252	2.1695	1.6639	-0.3382	-0.7591	0.3961	1.1413	2.2895	1.2261	3.3770	1.5191	1.1059	1.6986	2.1020	0.8055	1.3653	2.5060	-0.4475	1.6959	1.8337	-0.5997	1.1806	-0.0442	-0.0559	0.7052	0.5128	0.2849	2.8381	0.5514	1.8199	0.1987	0.8293	0.3060	0.5982	-0.6036	-0.3156	2.8387	-1.2261	-1.4038	0.6596	-0.4962
0.9151	0.7473	-0.0932	1.6377	0.1821	0.8384	-0.1879	1.9756	-0.4164	2.0758	0.3603	-1.0193	-0.2512	1.5349	0.5848	1.9493	-0.3149	0.4126	-0.2459	0.5478	-0.3688	1.3439	0.5854	0.9203	2.0385	0.5832	1.6338	0.7094	-1.1126	1.7203	-0.7356	0.8050	0.4747	0.6561	0.0645	1.4440	0.4642	-0.4218	1.6092	0.0483	0.3078	1.9427	-0.3438	0.0322	1.4235	1.1572	1.3156	1.8136	0.8045
1.1835	1.3725	-0.9015	1.0884	-1.0102	-0.4235	-0.4670	-1.3313	-0.2866	0.8536	1.2873	-0.0471	-0.5441	0.3587	0.2482	0.1927	-0.7052	-0.6237	-0.8701	0.2854	-1.2277	0.2024	0.5204	-0.5103	0.4503	0.8631	0.8344	-0.1551	-1.2271	1.2189	-0.6181	0.7415	1.5136	1.1903	-0.5012	0.4760	2.4213	0.9104	1.5494	1.0420	1.4947	2.5656	2.2452	0.0235	1.3144	2.0579	3.4405	2.4263	2.4075
0.4473	0.7069	-0.8114	1.0972	-0.2406	0.4038	-1.3711	-0.7206	-1.4305	1.2709	1.3604	0.1395	-2.0880	-0.3811	-0.3053	-0.8269	-0.9207	-0.1524	0.3134	0.6963	0.1164	1.2348	0.0322	0.9406	1.1706	-0.2716	1.4343	0.1281	-1.9101	0.6083	-0.4416	-0.4021	1.0895	0.4781	0.2323	0.3699	2.0169	1.5583	-0.7820	-0.1149	0.8177	2.4030	1.5072	-0.7378	1.0701	0.2779	0.3222	0.8191	0.3686
0.2552	0.2226	-0.9770	0.3920	-0.2090	0.0257	-1.1699	-0.1794	-0.6887	0.4700	1.1367	0.3145	-2.2432	-0.8156	-0.2976	-1.1679	-0.3852	-0.6395	0.4124	0.3516	0.8341	1.1781	-0.2663	0.5445	0.8904	-0.0002	0.2455	0.2184	-1.4386	0.3351	-0.4317	0.2186	0.4939	-0.2340	0.2651	-0.3811	1.7087	1.6377	-1.2259	-0.2228	1.1036	3.1299	0.8209	-1.0806	0.4093	0.6294	-0.9484	-0.0838	0.0966
-0.1148	0.3823	-1.3556	-0.3147	1.4814	-0.3507	-2.9505	0.7958	0.2617	0.2034	0.8708	1.3368	-0.9564	-1.0761	0.3674	-0.4217	-0.7821	-0.5464	-0.6011	0.2421	0.3140	0.8865	0.9663	0.0666	0.6621	0.2682	-0.0260	-0.8832	-0.6880	0.5084	-0.1830	1.0312	1.1103	-0.4870	0.1065	-0.7947	0.7605	0.2746	-1.3160	-0.1283	1.1279	2.8175	-0.6965	-0.3249	0.5306	1.9258	-0.1406	0.0676	0.2324
-1.6928	1.0287	-0.2382	-0.1704	1.7234	0.8533	-3.4345	0.9254	-0.4178	-0.2023	2.8710	1.1589	0.4356	-0.1331	0.5482	-0.5667	-0.4051	-0.4434	-1.0751	0.7496	1.7173	1.0423	-0.4908	-1.1216	0.9273	-0.1887	0.1290	-0.0063	0.0851	0.4273	0.4112	0.0417	1.4306	-0.0817	-0.7960	-0.3007	1.2337	1.0594	-0.1767	0.1428	0.4090	1.4814	0.2725	-0.4162	0.9185	1.9046	0.0427	0.7081	0.5965
-2.3021	0.6242	0.1779	-0.2340	1.9040	1.2533	-4.0529	-0.3037	-0.5362	0.8082	2.6790	0.3963	0.6472	-0.4102	0.2558	-0.1623	0.2578	0.2066	-0.0009	1.4831	0.4762	0.9488	-1.0630	-0.3755	1.4294	0.6425	1.0796	0.2579	-1.3404	-0.2564	-1.3973	-0.1720	1.3766	-0.5856	-2.1494	0.4144	0.8356	1.2725	-0.8264	-1.7729	-0.2805	-1.3595	-0.9199	-1.0217	0.0044	-0.0988	-2.5498	0.0753	-1.2915
-4.1614	0.8298	-0.9112	-0.5941	1.2666	-0.2888	-2.8689	-0.3593	1.0782	1.0372	0.3625	1.3409	-0.5039	-1.1260	0.8116	-2.0586	-0.1355	0.8519	0.2185	1.4802	-0.7294	1.0086	1.1847	-0.3812	0.2992	0.9689	1.2734	-0.9521	-1.4669	-0.2913	-2.4655	-0.0268	1.5021	-0.4409	-2.7435	-1.2832	-0.1015	3.1604	-0.9475	-1.2053	0.1080	-2.4680	-2.5539	-1.8897	0.1721	-0.2282	-0.7030	0.6868	-2.2209
-4.4520	1.4293	-0.0310	0.0127	1.5747	0.2219	-2.7420	1.0875	-0.3719	0.2959	1.0148	2.8827	0.3829	-0.9878	1.2051	-1.7514	-0.5391	0.8835	-1.9938	1.8805	0.6413	0.9217	1.1319	0.7856	-0.3604	0.6259	0.1990	-1.1851	-0.4463	-0.1558	-2.0784	-0.7948	0.6255	0.0563	-2.0737	-1.7015	-1.1907	1.9812	0.2517	1.4466	-1.3497	-2.0758	-2.6226	-0.6529	1.3649	1.4664	0.4934	0.9986	-1.2146
0.0992	0.5130	1.3444	-0.8088	0.4918	0.9666	-2.4867	-0.6451	0.8635	-0.0267	1.6295	3.9260	0.0874	-1.3580	0.0363	-1.3200	0.8719	3.0048	0.0537	0.3497	0.7804	1.3942	-0.3181	0.5369	2.1547	-1.2133	0.6216	-1.1623	-0.6042	-0.0752	-0.6410	-1.6305	-0.5824	-0.1831	-1.4829	-0.7501	-1.7726	1.0036	1.4036	0.8962	-0.6260	0.6849	-1.3088	-0.5902	0.4288	-0.6691	-1.1077	1.0753	-1.7474
-1.0579	0.6451	0.5282	-1.7808	-1.6234	-1.4194	-2.0419	-0.1740	-1.3248	0.0938	0.4334	1.8979	-1.4158	-2.1152	-0.3140	-2.3111	-0.8449	0.1536	-0.4270	-1.6660	0.0186	0.3719	-0.8813	0.9772	1.1935	-1.2944	0.8899	-1.9770	-1.2835	-0.2988	-2.0833	-1.9767	-0.7563	-0.2548	-2.1268	-1.9193	0.9874	-0.0213	1.4057	-0.8804	-0.4988	-0.0906	0.5415	-0.6136	-0.0649	-0.3196	2.0793	1.3174	-1.4164
0.5233	-0.1955	-0.6816	-2.5428	-1.6854	-2.4789	-1.5346	1.5510	-3.1094	-0.1761	-0.0779	1.6300	-2.3669	-2.8505	-1.3212	-2.4630	-2.5378	-1.7433	-1.3209	-2.2849	-1.0224	-0.0651	-1.4000	1.2273	0.1078	-1.6287	-0.9578	-3.0156	-2.7130	-1.3093	-2.8016	-3.0175	-2.5083	-1.8390	-1.5409	-3.4301	1.2852	0.0620	-0.6575	-0.2056	-0.9560	-1.2698	-0.5358	-0.5004	-0.9296	0.7069	1.7455	-0.2310	-1.2093
0.2250	-1.2960	-0.4549	-3.4967	-3.2270	-2.5408	-1.0679	2.3893	-3.5925	-0.7683	-0.4122	0.0417	-2.5507	-2.2908	-2.7048	-2.2284	-2.2730	-2.6101	-2.1552	-3.1377	-2.0369	-1.5498	-2.7476	-0.1996	-0.0916	-2.6013	-2.2952	-3.1935	-2.5756	-2.2241	-2.4147	-2.8601	-2.9975	-2.8744	-2.0747	-3.8350	2.0150	0.0759	-1.5149	-0.4536	-1.2838	-1.0388	-0.9066	-1.3553	-1.8947	0.0853	-0.7142	-1.4662	-1.1429
-0.6527	-2.6813	-0.8776	-3.3968	-3.9179	-3.8332	-0.4433	1.9094	-3.2011	-1.0574	-1.8043	-1.0544	-3.3468	-2.9987	-3.4430	-2.6654	-1.4926	-2.8174	-2.8348	-3.3717	-3.3217	-2.7710	-3.1118	-0.9306	-1.1750	-3.5226	-2.8274	-3.3970	-2.7624	-3.2309	-2.5584	-2.9261	-3.6259	-2.7099	-2.2298	-3.3909	0.6533	-0.4555	-1.9453	-1.9976	-1.6208	-0.7245	-1.7770	-1.7476	-2.7888	-0.4582	-1.2480	-2.4332	-0.9602
-0.0133	-3.5639	-1.8791	-2.8602	-4.1152	-1.9852	0.8504	1.0421	-1.6096	-2.4767	-2.7569	-1.7511	-2.1600	-2.7725	-3.6566	-2.7154	-0.6755	-0.7084	-1.7670	-3.5763	-3.5781	-3.5113	-2.5710	-2.2528	-3.3347	-3.4129	-2.8268	-3.5232	-3.0811	-3.6551	-2.4295	-2.7790	-3.0903	-2.6925	-2.6898	-2.4931	-1.6973	-1.6776	-1.6278	-2.7512	-2.0465	-0.8774	-2.1882	-2.8911	-2.7625	-1.8543	-2.2793	-2.7150	-2.0909
0.1584	-3.3337	-2.3138	-2.3301	-3.3641	-0.8222	0.5042	0.9939	-1.1252	-3.4352	-1.9112	-2.5589	-1.3077	-2.9060	-3.5375	-1.7479	-0.5913	-0.8170	-1.9892	-3.9766	-3.5059	-3.7973	-2.6392	-3.5116	-3.5249	-2.4588	-3.0921	-3.1135	-2.6047	-3.3623	-2.4231	-1.9602	-2.9183	-2.7176	-2.4314	-1.6563	-1.6713	-1.9660	-1.9070	-2.6173	-1.3808	-1.0539	-0.8315	-3.2424	-2.8038	-0.9757	-1.9455	-2.9390	-1.4738
-0.0630	-3.2211	-2.1239	-1.9850	-2.2790	-0.2092	-0.2575	0.7870	-1.9220	-3.4338	-2.1614	-2.2551	-0.5735	-2.1624	-3.5179	-0.6994	-0.5772	-0.8396	-2.2130	-3.5481	-3.4299	-3.3765	-2.8122	-3.7838	-2.4137	-1.7519	-2.7680	-2.3296	-2.2939	-2.9400	-2.5219	-2.5613	-3.3702	-2.6011	-1.7504	-0.8829	-2.1799	-1.5348	-1.8742	-2.5412	-1.7786	-0.9430	-0.9189	-2.1876	-2.2107	-0.7152	-2.0094	-3.2245	-0.5672
-0.0165	-2.5983	-2.3551	-2.0892	-1.1037	-1.0466	-0.4077	0.9185	-2.2050	-2.9299	-2.0099	-0.8408	-1.0994	-1.5853	-2.5740	0.1007	-2.2939	-1.6929	-2.6255	-2.0950	-2.6868	-3.2212	-2.5202	-3.8638	-1.3465	-0.4700	-3.1139	-2.0155	-1.9893	-2.6307	-2.0517	-2.0742	-2.8813	-1.7054	-1.8203	-1.2330	-1.9843	-2.1882	-1.3307	-1.8259	-2.5745	-1.0694	-0.0997	-1.8013	-2.9304	-0.2179	-1.5765	-3.4883	0.8887
0.4208	-2.3110	-2.1609	-1.8095	-0.8191	-1.5025	-0.1570	0.7137	-2.0240	-2.4172	-1.4060	-0.7819	-0.1585	-1.3426	-2.1630	0.0986	-2.0523	-1.7245	-2.5115	-1.6668	-1.8851	-2.5797	-2.3011	-3.1609	-1.4005	-0.7130	-2.5251	-1.5016	-1.2834	-2.4347	-1.2691	-2.2584	-2.1614	-1.6614	-1.6855	-1.1584	-2.1625	-2.5154	-1.3645	-1.5420	-2.6908	-1.7235	0.1463	-1.6456	-2.6168	-0.5615	-1.3292	-3.2265	0.9823
1.3997	-2.1469	-1.4794	-1.1875	-1.0643	-0.7777	0.2614	0.3818	-1.0481	-2.2696	-1.3441	-0.9181	1.6136	-1.0109	-1.4506	-0.2464	-1.1858	-0.4484	-1.5469	-2.0129	-1.4217	-2.3561	-1.9595	-2.3114	-1.7582	-1.8379	-2.0129	-1.1062	-0.2574	-2.0139	-0.1325	-1.8353	-1.1765	-2.5391	-1.5921	-0.8933	-2.1896	-1.9717	-1.7544	-0.9493	-2.3818	-2.2662	-0.3065	-1.6732	-1.2648	-2.0331	-1.3315	-2.3409	0.2004
1.5351	-1.8448	-1.2819	-0.4822	-1.2019	0.1390	0.5079	0.2672	0.2669	-1.7177	-1.7334	-0.0368	2.1101	-0.2818	-0.4139	-0.5308	-0.6512	-0.2231	-1.2131	-2.3119	-0.3865	-2.2406	-1.6189	-0.8913	-2.3118	-2.2298	-1.6862	-1.1696	0.8821	-1.3290	0.0049	-0.1746	-0.2690	-2.4160	-1.0506	-1.1363	-2.0078	-1.2718	-1.8345	-0.2949	-2.1730	-0.7999	-1.0349	-1.1470	-1.6686	-2.3507	-1.0347	-1.3790	0.3874
0.4335	-1.0712	-0.9477	0.1117	-0.5504	0.3561	0.1748	-0.2176	-0.1393	-2.0499	-1.2522	1.1801	1.4082	0.1915	-0.3067	-0.5544	-0.2594	-1.6660	-1.4115	-1.2013	-0.1311	-1.8233	-1.1995	-1.4408	-1.6452	-1.1402	-2.0007	-0.4757	1.0726	-0.8262	0.5349	-0.5402	-0.6117	-0.6971	0.0667	-0.8735	-1.3819	0.2894	-1.5391	0.5999	-1.3668	-0.9780	-0.5142	0.2333	-2.2382	-1.0532	-0.1759	-1.1106	1.8264
-0.1610	-0.3625	0.0163	0.6055	-0.7887	-0.1661	-0.1459	-0.4589	0.3293	-1.7463	-0.9746	0.1513	1.0090	1.0155	-0.1646	-0.4775	0.5209	-1.8444	-0.7058	-0.7855	0.2796	-1.1840	-1.3328	-1.6522	-0.7587	-1.3255	-1.6888	0.0643	1.4265	-0.5589	0.5686	-0.4774	-0.3970	-0.4837	0.1921	-0.7083	-0.9877	-0.0140	-0.4228	0.7543	-0.6076	-0.6788	-0.0695	0.3383	-1.6240	-1.7529	-0.0137	-0.7755	2.1318
-0.3512	-0.0050	0.6714	0.8216	-0.6488	-0.4349	0.4526	-0.8145	0.3465	-0.7625	-0.5821	0.0756	0.9875	1.4482	0.1214	-0.2752	0.7140	-1.5832	-0.1518	-0.5818	0.3492	-0.6702	-0.2703	-1.0565	-1.0678	-0.4993	-0.7014	0.0160	2.0695	-0.4992	1.4019	-0.3571	0.0306	-0.4267	0.6270	-0.3762	-0.9627	-1.2134	-0.2189	0.9189	-0.3972	-0.6379	0.2190	0.8042	-1.3713	-1.5114	0.0006	-0.7593	2.4164
0.0212	0.4489	1.1104	1.1617	-0.8679	0.2375	0.7237	-0.9510	0.1198	-0.2732	-0.4464	-0.1707	1.4505	1.7616	0.1857	-0.1820	0.7368	-0.6490	1.1249	0.1107	0.4274	-0.2081	0.3556	-0.4331	-0.2293	0.4810	-0.3944	0.0147	1.9473	-0.2812	1.4249	-0.6107	-0.1775	-0.0710	0.7170	-0.1148	-0.0941	-0.5531	-0.1009	0.6258	-0.2797	-0.6019	0.0114	0.8101	-1.3281	-0.8061	0.2310	-0.4488	2.3533
1.6449	0.7273	1.1130	1.4637	-0.5298	0.9271	0.8988	-1.0462	0.8736	-0.8027	-0.6295	0.0991	1.8564	1.1296	1.0240	0.6614	0.9675	-0.0577	0.8647	0.2042	0.3935	-0.2197	1.0309	-0.2090	-0.9379	1.0058	0.2845	0.6251	0.9932	0.0328	1.5172	0.3961	-0.1640	0.4449	0.6353	0.4088	-0.6911	-1.1585	-0.8518	1.1792	-0.0266	-1.2829	-0.0174	1.1676	0.4592	-0.2643	0.0377	-0.2396	0.8204
1.9565	0.6920	1.4753	1.1536	-0.0344	-0.3493	0.7629	-1.0026	1.5427	-0.1240	-1.2647	-0.5920	0.6053	1.1682	1.3139	-0.1638	1.6901	1.0683	1.2194	0.2166	0.6547	0.1620	0.7982	0.4505	-0.9475	1.2613	0.2041	0.3356	1.3411	0.0172	1.7375	0.6341	-0.1662	0.3468	0.6738	0.6197	-0.6368	-0.6765	-0.8200	0.1847	0.3608	-1.1828	-0.2229	0.9601	0.3340	-0.5470	-0.5491	0.4202	-0.0935
1.9614	0.5146	1.6616	1.4175	0.3496	0.1839	0.6836	-0.5839	1.4568	-0.5629	-1.6467	-0.9325	0.9961	1.7727	1.3417	0.3297	1.9351	0.9874	1.5349	0.1288	0.6209	0.5375	0.3578	0.3428	-0.2241	0.7049	0.1715	0.2391	1.7537	0.3548	1.5832	0.9721	-0.1322	0.5768	0.6073	0.2931	-0.7314	-0.6490	-0.3265	0.2680	0.6589	0.1681	0.0946	1.1556	0.2067	-0.0275	0.5352	0.7641	-0.4684
1.5570	0.4694	2.0924	1.2197	0.3766	-0.1115	0.6742	-1.1067	1.6259	-0.3583	-1.8976	-1.5678	0.7150	1.7481	0.9993	0.6924	1.8842	1.4054	2.1703	-0.1092	0.0800	0.4570	0.6912	0.7684	-0.7155	0.4411	0.4890	0.8868	1.7700	0.1904	1.4723	1.1713	-0.1268	1.0066	0.6686	0.5026	-0.1869	-0.3845	-0.1480	-0.5680	0.5879	0.6414	-0.4967	1.0398	0.3491	-0.9030	-0.4154	0.3989	-0.8605
1.2180	0.3539	2.3912	1.6121	0.8215	-0.1598	0.4744	-0.9977	1.4213	-0.4256	-1.8995	-1.6532	0.0939	1.7213	1.2216	0.0263	1.4674	0.8992	1.4880	0.2643	0.2684	0.3469	1.0639	0.8671	-0.1401	1.1415	0.9753	1.0725	1.4172	0.2926	1.1844	1.8671	-0.3600	0.9596	0.5967	1.0106	-0.8440	-0.9120	-0.5504	-0.4686	0.2591	0.1769	-1.8331	1.6338	0.8558	-0.6444	-0.5111	0.2831	-1.5530
1.2160	0.6790	2.5948	2.0099	1.1268	0.9478	0.6270	-0.4562	0.6710	0.5744	-0.7103	-0.6802	1.1247	1.4041	1.7438	0.5581	1.0936	0.5180	1.2613	1.1822	0.5154	0.5243	1.2717	0.9435	0.6335	1.8808	0.9101	1.1145	1.0932	0.7382	1.1746	1.3438	-0.7755	1.0167	0.2869	0.5485	-1.4781	0.2297	0.3831	0.2958	0.9468	0.6759	0.1949	1.8582	0.1379	0.1039	0.3038	0.7116	-0.0871
1.1497	1.1326	2.2526	1.3965	1.6186	-0.1560	0.2535	-0.0460	0.2860	0.0048	-0.4553	0.7407	1.4351	0.8984	1.1956	0.7660	1.2512	0.7772	1.4718	0.8447	0.6230	1.4450	0.6033	0.4707	1.8951	1.0782	0.4735	0.7499	0.3514	0.6518	1.4528	0.4358	-0.5401	1.1633	0.4213	0.6269	-0.9094	-0.3554	0.8858	0.0189	1.5738	0.8784	0.7710	1.7493	0.7837	0.4769	1.2992	0.7789	1.0438
0.4785	0.9021	2.4071	1.9145	0.6057	1.0899	0.5595	-0.5331	-0.3161	0.1347	-1.1078	0.4023	1.3162	1.3393	0.5775	0.6906	1.5778	0.2481	1.0963	0.4787	1.0777	1.9474	-0.2063	1.4730	1.8158	0.0633	0.6426	1.1272	-0.1172	0.9886	0.9654	-0.0601	-0.4772	1.9020	0.5771	0.9948	-0.2117	-0.5672	0.2383	-0.8077	0.9463	1.3525	-0.3882	1.0339	0.8907	0.4964	0.8210	0.4209	-0.3018
0.3161	1.0084	1.9364	1.5947	1.0999	1.2327	0.7600	-0.9497	-0.2600	0.3842	0.0663	0.6636	0.2761	0.7571	1.0788	-0.2215	0.6656	-0.3091	0.3572	0.8340	1.5269	1.5102	0.2136	0.4842	1.1023	0.5825	0.6341	1.3198	0.0011	0.6215	1.2774	0.5031	-0.0609	1.9328	0.6301	0.6638	-0.0734	-0.3878	0.0596	-0.2149	0.8138	1.4724	0.0944	0.6356	0.1086	0.6740	0.5158	0.4783	-0.0868
0.6350	1.0919	2.3604	1.5348	1.4378	0.6729	0.5530	-1.2101	1.1707	-0.0348	0.2848	-0.0565	0.0951	0.7764	2.0537	0.3415	0.9181	0.3174	1.0912	0.9519	1.2932	0.9982	0.8521	-0.1104	1.0258	1.0624	1.4703	1.6595	0.6792	0.5245	1.0048	2.1466	0.5043	1.5704	0.5073	1.0681	0.3561	-0.5590	0.5738	0.3223	0.8241	1.5992	0.5194	0.9482	0.4245	-0.4821	1.1334	1.1394	0.2048
0.8303	1.4273	2.8671	1.9212	1.2820	0.3000	0.8770	-1.8221	1.5511	0.5779	0.3447	-0.9814	0.5760	0.9065	2.2934	0.1138	1.5930	1.4603	1.7214	0.7315	1.2172	1.3904	1.0072	0.5216	0.5164	1.0646	1.8567	1.8290	1.0960	0.4694	1.5644	1.7360	0.2993	1.4395	1.0048	1.8933	0.6275	0.7211	0.3528	0.8029	1.1894	1.6740	1.7223	1.2573	0.8157	-0.9265	1.2353	1.3638	0.0582
1.4314	1.6140	1.9760	2.2505	2.9133	1.8938	0.9692	-2.0931	1.3813	0.3715	1.0010	1.6509	1.4814	1.0977	2.3557	0.5251	0.4323	0.2626	1.6404	1.7990	1.1462	1.5191	2.4780	0.1708	1.3301	2.5859	1.2449	2.1408	0.4706	1.2474	2.1951	2.2824	0.4521	2.2384	1.1771	1.1130	0.4379	1.0894	0.1307	1.4208	1.6051	0.7779	1.2342	1.9921	0.5470	1.5367	2.7367	1.5710	1.8191
0.7058	1.6662	1.9036	2.0992	2.1854	2.4301	0.7865	-1.7453	1.4156	1.7627	1.4977	1.5476	1.9151	1.3087	2.4234	1.5229	1.0173	0.2540	1.1968	1.7172	1.6573	1.8202	2.4138	1.8025	1.8806	2.0476	1.7523	2.2096	1.3705	1.7557	2.2382	2.3855	1.3947	1.9642	1.3567	1.4988	1.0246	1.6086	0.2578	0.8554	1.8352	0.8520	0.9584	1.3368	1.1797	1.0455	0.7277	1.6826	1.6525
0.1730	1.6421	0.9843	1.1288	1.7771	2.2161	0.5449	-1.9442	0.9310	2.0440	1.8938	1.1330	0.8658	1.5144	1.7242	0.5427	0.9639	0.5943	0.8592	1.4500	1.9152	1.7877	1.8630	1.5247	1.7808	1.3852	1.5572	1.7128	0.8518	1.5464	1.9420	2.1563	1.4568	1.4090	1.2123	1.7983	1.3438	1.9846	0.9673	0.1191	1.9764	0.7410	2.1081	1.0125	1.5327	0.4601	-0.3933	1.7296	0.7457
-0.0337	1.7301	0.3304	0.2458	1.6587	1.7955	0.6254	-1.7177	0.7740	1.8288	1.5356	1.4795	0.0397	1.4491	1.1319	-0.2068	1.1095	0.3658	0.6086	1.8158	1.3793	1.5829	1.6941	1.7437	1.7952	1.4264	1.6584	1.1043	-0.0525	1.2582	0.9516	2.3487	1.4804	1.8745	0.8504	1.7078	1.3535	1.6033	0.8969	0.2380	1.6263	0.3497	1.5960	1.3692	1.8170	1.6949	-0.4995	1.7006	-0.4827
-0.2086	0.9901	-0.3311	-1.0305	0.7524	0.2813	0.7534	-1.4181	1.3752	1.4963	1.2647	0.7351	-1.6012	1.4224	0.4747	-0.6667	1.3716	0.8223	0.1148	1.6567	1.4240	1.3615	1.6841	1.2014	1.5519	0.5002	1.2480	0.4579	0.0832	0.7886	0.2763	1.1795	1.1635	1.0058	1.0138	1.9294	1.4153	1.4894	1.8215	0.4233	1.7734	0.3784	1.4916	1.1078	1.9960	2.4222	-0.7790	1.3061	-1.1937
-1.0409	0.2118	-0.6046	-1.6866	0.6691	-0.5181	0.4548	0.5279	1.7955	0.8989	0.8434	0.4439	-2.7938	1.3726	1.1485	-0.6626	0.7460	0.6537	-0.8226	1.7161	1.8032	0.7766	1.0292	0.0658	1.6875	0.5749	1.2775	1.0663	0.6822	0.8666	0.2342	1.9159	1.3009	0.7807	1.1350	2.1661	0.9952	1.3376	2.7667	1.3123	1.4439	0.0089	0.6866	1.1227	3.1395	1.9703	0.2431	0.9490	-1.4779
0.0272	0.6218	-1.4825	-1.5001	1.4192	-0.9853	0.1040	1.6520	0.3151	1.8301	1.5669	0.7978	-1.4135	0.4233	1.1697	-0.8866	-0.5568	-0.6478	-1.8171	1.7439	0.2173	-0.0054	0.7090	0.9678	-0.1825	1.2365	0.4859	0.3490	0.8263	0.9204	0.3617	1.8253	0.8347	2.5553	0.2168	0.5671	0.9800	2.6365	3.2866	1.5492	1.7021	0.2045	2.4745	1.0898	1.6004	4.4348	3.0896	1.0589	-0.1304
-0.9727	0.0560	-0.6409	0.4630	0.8914	1.5534	0.0169	0.6735	-0.8579	1.2221	0.5891	-0.6467	1.9371	0.1420	0.2779	-0.1837	0.6213	1.0198	-0.0756	0.8768	0.5829	1.2899	-0.2377	1.4141	0.1965	-0.4295	1.6763	1.4612	-0.2356	1.7164	-0.7685	-0.2505	0.2863	0.8375	0.1206	1.3490	-0.6416	0.1169	1.6047	-0.3277	-0.0101	0.9775	-0.4595	0.5815	2.8706	0.5281	-0.7398	0.4741	-1.4733
0.5687	1.8576	-1.9755	-0.7944	0.6267	-1.9162	0.8828	-2.1692	1.7234	2.2429	1.7273	1.5927	-1.8189	-0.4394	0.8548	-0.4131	-0.0276	3.1488	0.1920	0.9756	1.0320	1.3533	0.3535	0.3132	1.2900	0.7664	0.1787	-0.3315	0.8732	1.4770	-0.5011	-0.3189	1.5315	1.0436	1.1270	-0.0048	1.3270	2.5624	3.0844	2.4340	2.5196	0.2392	2.5948	0.3117	0.8796	0.5544	1.6676	1.3721	0.2117
2.4377	1.6924	-2.4262	0.9477	-0.5549	1.1274	2.8259	-1.6338	0.2568	2.2422	0.3541	1.3183	-0.1636	-0.5020	-0.8207	1.5983	-0.6672	3.1909	0.8868	0.5743	-1.4404	0.8089	1.7337	1.5679	0.1945	0.2600	0.7476	0.0553	-0.9779	2.2408	-1.8829	-1.8419	0.4650	1.6785	1.9016	-0.3948	1.0332	0.1908	2.8897	2.1201	1.8460	-1.7866	4.1441	0.0475	0.6886	-0.0281	3.7149	1.5354	0.4339
2.1918	1.0326	-1.4107	-0.0276	-0.8293	0.0055	3.1242	0.0029	0.2418	1.9575	-0.6235	1.4837	-0.9159	-0.7764	-0.2053	1.6299	-0.2090	2.4886	0.0513	-0.0484	-1.5695	0.9535	1.6397	2.0032	0.7961	-1.1758	0.3891	-0.2307	-0.8693	1.3835	-1.7906	-0.9391	0.5761	0.6091	1.4961	-0.5718	0.4738	-0.2798	2.2237	2.1605	0.9456	-0.5096	2.3960	-0.0699	1.1002	-0.4037	1.9941	1.3423	0.3399
1.1069	0.0280	-0.6914	0.4027	-1.3381	3.3647	2.9799	0.8570	0.0739	0.2888	-2.1828	0.1403	0.1063	0.2808	-0.4559	3.3810	0.3283	2.0222	0.1117	-0.6364	-0.5353	1.3366	0.3652	1.7321	0.5186	-2.7887	0.9740	0.5185	-0.5895	2.0349	-1.4490	-1.1887	-0.1565	-1.3077	0.7578	-0.2409	-0.1501	-1.0635	1.4990	1.4837	-0.6913	1.4132	-0.0586	-0.6733	1.7304	-3.0082	-0.0887	1.3527	-1.1865
-1.2085	-0.6191	-0.4743	-1.3405	0.2101	0.7459	-0.5893	1.2579	-0.3639	-0.2648	0.8311	-0.3017	-1.0194	-0.6046	0.1627	1.2321	-0.6753	-0.3618	-0.8709	-0.0639	-1.1355	-0.0379	0.4355	0.1812	0.2015	-0.7489	-0.6482	-0.0522	0.0250	0.1269	-0.6125	0.3548	-0.2194	-1.8282	-0.1347	-0.2731	1.7191	1.1385	-0.2441	0.5437	-0.7562	-0.6339	-0.9049	-0.1239	-0.3054	0.0055	-0.6745	0.3563	-1.3473
-0.8501	-1.0280	-0.8984	-1.0339	0.1252	-0.7185	-0.5572	0.5642	-1.1842	0.2765	0.2855	-0.1314	0.7726	-0.7960	0.3622	1.2812	-0.7922	-0.5716	-0.5333	-0.0601	-0.7407	-0.3848	-0.4459	-0.1744	0.4292	0.2145	0.0073	-0.2556	-0.8925	-0.5859	-0.7524	0.3097	0.5687	-1.3419	-0.2891	0.1321	-0.7899	-0.0179	-0.3106	1.1573	-1.7060	-0.2772	-1.3113	0.3585	0.0194	0.5763	-0.7496	-0.5247	-0.1484
-1.5647	-1.0856	-0.5653	-0.0204	-0.5318	-0.5393	-0.1105	0.3309	-1.2640	0.0651	-0.0280	-0.9444	1.1411	0.5751	-0.1570	1.7562	0.0998	-0.2998	0.4792	-0.2599	0.8305	-0.0586	-0.6422	-0.8629	0.1712	0.6237	-0.1058	0.6242	0.1529	0.2203	-1.0809	-0.9396	0.0761	-1.0193	0.3138	0.9565	-0.5422	-0.0001	0.6644	0.4136	-1.3931	0.7143	-0.9826	-0.4291	-0.0021	-0.1909	-1.3712	-0.5840	0.4242
-1.7206	-0.8853	-0.4546	-0.4447	-0.2950	-1.1586	-0.9300	0.8724	0.0518	-0.0182	-0.8287	-0.8396	1.7617	0.2359	-0.0874	1.9183	-0.1704	-0.7735	0.7539	-0.4265	0.6400	-0.1369	-0.4985	-0.2186	-0.0068	1.1606	-0.5635	0.0736	0.7955	0.2270	-0.9100	-0.0715	0.4304	-0.6560	0.1071	0.2418	0.0970	0.6263	0.3908	0.0251	-0.4881	0.6948	-1.1484	-0.3103	0.1350	-0.0113	-0.4935	-0.4810	0.4336
-0.5398	-0.7338	-0.7568	-0.8742	0.3964	-1.3029	-1.2217	1.2873	0.2792	-0.0732	-0.6017	-0.2432	0.2075	-0.5284	-0.3211	0.7108	-0.7143	-1.0882	0.3844	-0.6340	-0.2374	0.1500	-0.0630	-0.0842	-0.1748	1.2483	-0.2237	-0.9906	0.5122	-0.2223	0.1774	-0.0363	0.7306	-0.1852	0.2744	-0.0808	-0.2065	0.0296	-0.5635	-0.2928	-0.1333	0.3476	-0.8482	0.5060	0.1237	0.4414	1.0431	-0.6303	0.5227
-0.5699	-0.7050	-0.3819	-1.2955	-0.5060	-2.1533	-1.2413	1.4742	-0.2246	-0.6399	0.0429	-0.6548	-1.5392	-0.1783	-1.5522	-1.3331	-0.8976	-1.1589	0.2290	-0.6579	0.0612	0.0795	-0.3156	-0.8379	-0.5673	1.0387	0.1202	-1.2764	-0.0877	-0.8686	0.5545	-1.0188	0.3961	-1.0255	0.3472	-0.1577	0.3046	-0.7025	-1.2509	-0.8692	-0.2392	0.1294	-1.4713	-0.1907	-0.3353	-0.9330	0.5775	-0.9427	0.7223
-1.9038	-0.1333	-0.3358	-0.7497	0.0691	-0.5138	-2.4292	0.9738	-0.3019	-0.7716	0.5805	0.4792	-2.5938	-0.4430	-0.8270	-1.8214	-0.7268	-1.4004	-0.6680	-0.7216	1.3201	-0.3826	-1.2320	-1.2627	-0.2599	0.0850	0.0446	-1.3392	0.0793	-1.2032	0.3517	-0.6087	0.6033	-1.2968	0.7660	-0.7509	0.4146	0.5074	-1.2517	0.0022	0.1110	0.9354	-1.0528	-0.3102	-1.3726	-1.1045	-0.7694	-0.8579	1.8640
-1.3303	0.0540	-0.4188	0.4566	0.5452	1.2336	-1.7895	0.2807	-0.7121	0.1423	0.1984	0.5517	-0.2185	-0.4448	-0.1527	-0.5318	-0.8890	-1.3607	-0.5863	-0.0510	0.3951	0.0033	-1.0267	-0.3650	0.0313	-0.2665	0.2041	-0.5237	-1.0706	-0.8901	-0.5635	-0.5332	0.9119	-0.5763	0.4969	-1.3307	-0.7766	-0.6437	-1.0352	-0.5720	-0.1026	0.9210	-1.3737	0.0372	-0.9720	0.2599	-2.1618	-0.7387	1.5720
-0.6883	0.2993	-0.1541	0.4584	-0.2717	0.2480	-0.7759	-0.1060	-0.9988	-0.0058	0.1555	0.0431	0.8210	-0.4700	0.0452	0.3686	-0.2606	-0.9275	-0.7228	0.2487	-0.2884	0.1120	-1.0309	-0.4181	0.4356	-0.4915	-0.3005	0.3460	-1.1983	-0.0933	-0.9631	-0.9171	0.6380	0.1625	-0.6325	-0.1038	0.0501	-0.5982	-0.1216	-0.2440	-0.9735	0.3476	-0.8468	-0.9325	-0.4702	0.2448	-0.9657	0.2105	0.6880
-0.8622	0.3296	-0.2078	0.6110	-0.7253	0.2069	-0.8677	0.5440	-1.8095	0.0133	0.0454	0.2310	0.5535	-0.5249	0.0388	0.3102	-0.2156	-1.1728	-1.4377	-0.3116	0.2103	-0.1287	-1.3714	-0.5016	0.3709	-0.5931	-1.0490	0.0664	-0.6287	0.6223	-0.1791	-1.2657	0.1034	0.0998	-1.3473	0.4905	0.7423	-0.1479	-0.5687	0.1745	-1.2618	-0.2192	-0.4540	-1.1153	-0.9353	-0.1721	-0.6541	0.1401	-0.1617
-0.4759	-0.4419	-0.3407	-0.1960	-1.3401	-0.3671	-0.8906	1.0133	-1.8311	-0.3860	-0.5672	-0.0624	-0.1997	-0.3515	-0.6036	-0.0992	-0.8795	-1.2947	-0.9681	-1.1767	-0.0308	-0.7063	-1.4437	-0.5146	-0.2878	-0.9190	-1.2024	-1.0219	0.3697	0.0698	-0.0175	-0.4758	-0.3416	-0.7839	-1.8009	-0.4739	-0.1599	-0.6160	-1.0632	-0.4778	-1.3252	0.0531	-0.3907	-0.6113	-1.0895	-0.3750	-0.3403	-0.6776	-0.9750
0.5943	-1.3852	-0.3114	-1.0961	-1.3748	-0.6075	-0.1561	0.9389	-0.4408	-1.3123	0.7669	-0.3943	-1.1075	-1.3323	-1.9383	-1.5840	-1.0836	-1.4366	0.4947	-0.4393	-1.2528	-1.8808	-0.5523	-0.2477	-3.0296	-1.4704	-1.2349	-1.2042	0.8086	-1.4597	0.3637	0.1803	-1.5012	-0.4317	-2.0468	-2.2271	0.5007	-0.9915	-2.2163	-2.4060	-1.0187	-0.0138	-0.6697	-0.4702	-1.7037	-0.2229	0.3556	-1.8768	-0.6888
-0.3735	-2.5180	-0.1146	-1.0512	-0.8844	-1.7580	0.0467	0.2381	1.7817	-1.9742	0.8390	-1.6143	-0.7754	-2.1497	-2.3115	-2.1646	-1.4220	0.6548	0.4441	0.0487	-2.2072	-3.1215	0.4476	-0.5305	-2.4454	-2.0052	-1.3895	-0.8390	-0.8422	-2.6406	-0.2196	0.1294	-1.6787	-1.3465	-1.4217	-1.8229	-0.8202	-1.9303	-2.6511	-2.7964	-1.5452	-2.4671	-2.3636	-2.7409	-2.1973	-1.3427	-2.5010	-1.9402	-2.0664
-1.1951	-1.2538	0.1137	-0.2991	-0.6991	-1.5928	-0.9628	0.4957	-1.2429	-2.1995	-0.2430	-2.6910	0.3970	-1.2312	-2.0060	-1.4297	-0.7151	-0.4137	-1.3328	-1.1503	-1.8607	-2.4964	-1.3859	-1.8142	-1.4447	-0.8939	-0.7902	-0.3476	-1.8843	-2.2987	-0.4523	-0.7883	-1.5688	-1.1478	-1.1457	-0.7230	-1.9588	-1.3824	-2.1720	-2.3390	-1.2592	-2.6685	0.3598	-2.8328	-1.0617	0.2348	-0.1570	-1.4462	-1.4786