IC05	IC08	IC09	IC15	IC16	IC17	IC18	IC19	IC20	IC23	IC24	IC26	IC27	IC29	IC31	IC33	IC36	IC37	IC38	IC41	IC42	IC43	IC44	IC45	IC46	IC47	IC48	IC49	IC50	IC51	IC54	IC56	IC58	IC60	IC62	IC63	IC64	IC65	IC66	IC67	IC68	IC69	IC71	IC72	IC73	IC74	IC75	IC76	IC77
1.4038	1.8511	-0.6166	0.5744	0.0288	1.4090	-1.5344	-0.2614	1.4489	-1.3916	-0.0426	0.8081	-0.7711	1.1612	-0.8777	-1.0462	-0.5593	1.6138	0.2155	0.8244	1.1295	-0.5126	-0.5853	0.0900	1.0711	-0.7464	0.9570	1.2377	1.5934	0.2968	-1.0312	-0.6340	1.6881	2.9233	0.6888	1.1134	-0.2942	-0.6110	0.7780	0.4944	2.2060	0.7855	1.2945	2.2472	1.5135	0.0965	1.7498	0.8476	1.6592
0.9274	1.3029	-1.2186	-0.0018	-0.7863	1.4200	-0.7362	-0.2893	0.8304	1.1246	1.2224	1.3640	-0.1668	1.1532	-0.1358	0.0123	0.0304	1.6184	0.6233	0.7689	1.2784	-0.3177	-0.6137	0.7470	-0.0275	-1.0539	0.3518	-0.5811	0.9360	0.6285	-0.3909	-0.4929	1.1438	0.6637	1.2448	-0.0639	0.4841	1.0230	-0.9445	1.0017	1.6872	-0.0479	0.5065	1.0854	0.1992	-1.0357	1.0885	0.8350	2.5563
0.1178	0.0091	-0.7399	0.4097	0.2537	1.1707	-0.8108	-0.2109	0.2764	2.3009	0.0535	2.1425	0.6400	1.0445	-0.8342	1.3086	0.4190	1.4864	1.0828	0.9777	1.8807	-0.8393	0.4091	0.6752	0.6564	-0.3273	-0.1868	-1.1132	1.0572	0.2918	0.6101	-1.6716	0.5626	0.3890	2.5993	0.2988	1.2496	-0.1506	-2.1151	-0.2815	-0.3040	-0.4048	0.2655	-0.9185	-0.1998	-1.4545	-0.8756	-0.5343	2.4271
-0.3866	-0.8277	-1.2701	0.5560	0.8925	0.5953	-1.0399	-0.4095	0.0633	1.3508	-0.0602	1.9841	0.2372	0.6930	-0.4003	1.0530	-0.1639	1.0687	0.0237	0.2226	1.1464	-1.1642	0.6924	1.3794	1.2416	-0.4391	-0.7288	-0.0051	1.2029	-0.1183	0.4035	-1.0026	0.7406	1.7237	1.1747	0.3593	0.5941	-0.5766	-1.4303	-1.0414	-0.3234	-0.0958	0.2074	-0.7469	-0.6308	-0.7392	-1.4965	-1.3697	0.8009
-0.2015	0.2602	-1.4319	0.3582	0.5443	0.3918	-0.9460	-0.5712	0.0985	-0.9560	0.6597	1.4083	0.0668	0.1940	-0.9430	0.2760	2.0914	1.3875	-0.7510	0.4422	0.7804	-0.2998	1.0146	1.3328	0.3781	-0.5640	-1.3621	-0.8725	0.5951	0.2172	-0.1243	-0.3652	0.3673	-0.8227	0.0426	0.3218	-0.2321	0.2057	0.9981	-1.0779	-0.4430	0.3170	0.3052	-0.1754	0.3582	0.3600	0.3599	-1.0356	-0.3960
-0.0020	-0.3389	-1.5444	0.5851	1.4539	0.7537	-0.7547	-0.5755	0.4285	0.1076	1.1410	0.9505	0.1635	-0.1703	-0.8394	-0.2437	1.4471	1.0708	-1.3302	0.0568	-0.4639	-1.1227	0.3338	0.7342	-0.4800	-0.1106	-1.3490	-1.1361	-0.8809	0.3959	0.1319	0.1152	1.1966	-1.2199	-2.3657	-0.4874	-0.6706	0.2905	1.5965	-0.5045	-0.5199	-1.0873	0.6537	-0.3791	0.5693	0.4328	0.2045	-2.1052	-0.8869
-0.0680	-0.7125	-1.2104	1.1241	1.2863	1.1066	-0.4649	-0.4014	1.0325	1.2974	0.5245	1.7652	0.8767	-0.5958	-0.0517	-0.3438	1.4709	1.1431	-0.4350	0.5628	-1.5398	-1.0373	0.5430	-0.3197	0.7801	0.5247	-0.8983	-0.4454	-1.7993	0.3301	-0.0376	0.5221	1.3721	-0.1355	-1.4636	0.5068	-0.4669	1.5337	0.7418	1.4274	-0.3861	-1.5104	0.8569	0.1168	0.6988	-0.0932	1.3749	-1.8620	-1.9134
-0.3568	-0.5436	-0.4371	0.0459	0.0828	0.0088	-1.2204	-0.6385	1.1779	0.3107	-0.6439	1.5793	-0.0397	0.3218	-1.0145	-0.9729	0.9651	1.5753	-0.5843	1.1536	-1.2957	0.0639	0.1433	-1.0059	1.4366	0.4131	-0.4753	-0.0219	-0.2147	-0.1772	0.0995	0.0180	0.6297	0.7871	-0.5012	0.9829	-0.5214	1.5871	1.7381	0.3113	-0.5688	-0.6134	0.8745	0.1841	0.0522	-0.1198	0.6645	-0.9947	-1.5895
-0.4407	0.4078	0.2327	0.5412	0.7858	0.0698	-2.4586	-0.3303	0.4384	-0.6372	0.7508	1.8694	0.5913	0.5749	-0.3223	-0.1922	0.5653	1.8719	-1.4750	0.3639	-0.4061	-0.4695	0.6330	-0.9620	1.9982	0.1093	0.0450	-0.0106	0.4967	0.3762	-0.7824	0.3647	1.3611	-0.2860	0.4263	0.0893	-0.4057	0.9234	1.2783	0.0151	-1.2033	-0.2212	-0.2140	-0.0464	0.1267	-0.1645	-0.3228	-0.5668	-0.7446
-0.7555	0.5910	0.4867	-0.9171	-0.7364	1.0376	-2.4940	-0.2071	-0.5800	0.0740	1.3193	0.8420	-0.3512	0.2027	-1.0814	-0.6211	0.5282	1.4085	-1.2475	0.6774	-0.4202	-0.8148	0.5767	-0.5920	-0.2481	-0.3881	0.3298	0.4820	-0.2902	0.5728	-0.3172	-0.7296	0.8475	-1.3130	0.0649	-0.9716	-0.2862	0.3535	1.2079	-1.2022	0.6173	-0.0270	-0.0433	-1.1829	-0.7514	-1.3804	-2.0666	-0.3856	-0.7436
-0.5576	1.1478	1.2105	-1.9056	1.0394	-1.1964	-1.6867	0.2925	0.9134	-0.0495	0.4725	1.5596	-2.1835	0.6393	1.0675	-1.6562	0.4590	1.3529	-1.3285	1.3659	-0.7076	-0.7742	1.2163	0.2137	0.4136	0.9418	0.5553	-0.0125	-0.8620	-0.6671	0.3241	1.3420	1.3515	0.9538	0.6028	-1.4525	-0.4883	1.1337	-0.1165	-0.7073	0.6331	-0.2840	-0.0954	-0.3532	-1.2105	0.2045	-0.0326	0.7781	1.5812
0.2953	-0.7991	1.1092	-0.2142	-1.5762	-0.0463	2.0050	-0.2087	-0.7197	1.6140	0.6512	-2.6841	-1.4431	0.7273	-0.2589	-0.6848	0.4540	-3.0109	0.3103	-0.5490	-0.2759	0.9652	-0.8007	1.3096	-0.9198	1.1861	-0.4606	-0.5251	0.3985	-0.9309	-0.5334	-0.4407	-0.9889	1.0622	1.9112	-0.2959	1.0900	1.1092	0.5284	-0.7194	0.1876	0.8319	0.5769	-0.1562	0.0243	1.4622	0.8910	2.8591	0.6533
0.6243	0.1821	1.6806	0.2745	-1.2950	-0.0946	1.8149	-0.4081	-0.4021	-0.1035	-0.7765	-3.4564	-1.0558	0.4666	0.2663	-0.3493	-0.0466	-1.9052	1.2078	-1.8459	1.1143	1.7790	-0.2550	0.7368	-0.2268	0.1715	-1.3481	-1.1634	0.9824	-0.1402	0.0223	0.2447	-1.6541	0.0484	1.7974	-0.7921	-0.5649	-0.9511	0.4337	-0.1777	-0.5689	2.4928	-0.6450	-0.1690	0.2808	0.1325	0.9977	2.8989	-1.1704
0.2184	-0.0946	0.8286	-0.9976	-0.5786	0.3778	1.5606	-0.4836	0.6148	-0.9693	-2.4365	-2.7865	0.1432	0.4130	0.8141	-0.1841	-1.0552	-2.0473	1.4554	-2.2499	0.5550	1.2578	0.3332	1.1996	0.2852	-0.0908	0.6819	0.4087	-0.3213	-0.0507	0.1126	1.1200	-1.3933	0.7422	1.3890	-0.5369	-0.7101	-1.9349	-1.3586	-0.8550	-0.7360	1.3439	-1.4494	-0.3476	0.6906	0.1326	0.4466	2.6830	-1.2406
-0.2290	0.6700	0.2771	0.2426	-1.9000	1.3237	1.4924	0.0214	-2.3399	-0.7473	-1.4113	-2.8852	-0.7900	-1.2118	-0.1495	1.5326	-0.1972	-3.1223	0.3080	-2.0000	0.2915	1.4316	0.3025	-0.9058	0.2288	0.1729	0.5920	0.4526	-0.1255	-0.0894	0.4830	-0.8270	-1.3639	-1.0649	-0.0096	-0.4139	0.7002	-1.2255	0.2473	-1.5559	1.6706	0.4833	0.2606	0.0081	0.7093	1.1735	1.1425	2.7787	0.3851
-0.7856	0.6865	-0.6226	1.2806	-1.4190	0.2640	1.0424	0.2509	-1.7597	-0.7426	-1.5854	-2.4219	-1.6594	-0.8135	0.5087	-0.1265	-0.9876	-2.5701	-0.9424	-1.6748	-0.3318	1.4427	0.5531	-0.4207	-0.5733	0.9958	1.5265	0.3382	-0.4213	-1.2392	-0.2948	-0.8667	-1.4126	-1.3690	-0.7426	-0.1949	0.7341	0.0243	1.4358	-1.5037	2.3682	0.0608	1.1792	1.0195	0.9513	1.6309	1.6628	1.9567	2.1149
-0.5646	-0.0670	0.2815	1.0040	-1.4830	0.9360	1.9221	-0.4616	-1.4200	-0.3141	-0.4651	-1.7757	0.1874	-0.3546	1.2393	1.0375	-0.2240	-1.0353	0.4036	-1.5333	-0.2832	1.9869	-0.1562	1.8629	-1.7962	0.7798	0.8249	-0.5604	-0.1518	-0.9147	-1.0084	-0.8254	-0.9650	-2.1959	-0.4728	-0.0953	0.4863	0.6582	1.3981	0.5776	0.3218	0.4181	0.5593	1.6761	1.0349	-0.3928	1.0345	1.2417	1.4615
-0.7199	-0.5848	0.4933	-0.2961	-0.9531	-0.1448	0.9194	-0.0813	0.3288	-1.1758	-0.0663	-1.3707	0.7150	-0.1966	-0.0375	1.7096	-1.3974	-1.4851	0.0837	-0.8491	0.3722	0.5864	-0.7586	0.2849	-2.2859	0.4791	1.2010	-0.5417	0.7863	-0.3637	-0.9982	-0.7791	-0.5156	-0.7195	-0.3407	-0.3229	-0.5426	-0.7181	1.4402	0.3533	-0.2899	-0.9301	-0.4506	1.7574	0.6991	-1.3611	0.2527	0.4587	0.4437
-0.1572	-0.1329	-0.2691	0.1458	0.6977	0.7298	0.5753	0.7766	0.9122	-0.7223	0.7135	-1.0269	1.6543	-0.8057	-0.0566	0.2719	-1.9523	-1.4155	0.1896	-0.6305	0.7065	0.3879	-0.6038	-1.2332	-1.3873	-0.0328	0.9965	-0.0721	0.9131	0.2660	-0.0840	-0.3892	-0.5602	0.5315	-0.6661	-0.4149	-0.0434	0.2994	0.3796	0.4146	-0.3063	-0.4707	-0.9131	0.4919	1.0856	-0.1980	-0.2477	0.7697	0.8110
-0.0909	-0.3565	-0.5639	1.6949	0.2694	0.6555	0.8880	0.9726	-0.6321	0.4625	0.1004	-1.2189	1.0139	-0.8628	-0.1084	0.0465	-0.9413	-0.5964	-0.5105	-1.1414	1.6084	0.4519	0.1641	0.1145	0.3677	-0.3780	1.1602	-0.2139	-0.0745	-0.0373	-0.0039	-0.9325	-0.3756	-0.0933	-0.5040	0.1422	-0.0584	0.1959	0.7513	-0.9138	-0.2156	0.5404	-0.4717	-0.6212	1.2935	-0.6660	-0.6291	0.3718	0.3202
0.7777	-0.4628	-0.5371	0.2580	-0.2281	-0.6361	0.8014	0.9662	-1.7750	0.1636	1.9127	-0.3158	0.1321	-0.9312	-0.3414	-0.2345	0.1694	0.2871	-1.2552	-0.1706	0.6012	-0.2459	-1.0873	-0.0589	2.1466	-0.4408	0.5206	-0.2040	-1.1649	-1.3112	-0.5616	-1.3515	-0.1823	-0.0888	-0.2333	0.7121	1.6064	1.5532	0.6815	-2.1238	0.3296	-0.7935	1.0615	-0.5101	1.2735	-0.2231	0.3116	-0.3366	-0.8288
-0.0432	-0.6171	-0.8296	-0.0223	-0.2674	-0.5735	0.3034	0.7541	-0.4910	-1.6775	0.7546	0.0597	-0.0722	-1.7395	0.7868	0.2139	-0.0364	-0.3531	-1.7536	0.7802	-0.5880	-1.3292	0.0230	-1.5311	-0.4151	-0.3234	-0.2771	0.3353	-0.9431	-0.3797	-0.9739	0.3083	1.0620	-0.5607	-0.6602	0.6164	1.1083	0.0588	0.9540	0.4007	0.2369	-0.3070	0.8381	-0.5952	1.2049	1.6733	0.6791	-0.7398	-1.4419
0.4962	-0.1140	0.6198	-0.6843	0.6045	-1.2763	0.2781	1.1409	-0.1030	-0.2496	-0.1706	0.1767	0.0286	-1.4443	2.7849	0.4639	-0.0155	0.2190	0.3052	0.5141	0.0347	0.0849	0.8942	-1.1922	0.1122	-0.2937	-1.3646	-0.3150	0.0240	0.9348	-1.0204	1.9602	-0.4342	-0.9020	-0.3705	0.9663	-0.0208	-1.0899	0.4758	2.4178	-0.7063	1.2251	-0.8562	0.4048	0.8347	2.0490	0.4446	-0.6610	-0.7496
0.2375	-1.0968	1.1189	-1.3513	-0.2332	-2.4463	0.5874	0.7486	0.1732	0.2409	-1.3812	-0.9995	-0.8913	-0.6761	0.0285	-1.0908	0.8967	-0.0533	1.1970	1.0061	-0.6327	0.1348	-0.7832	0.3360	-1.1019	-0.4064	-0.6038	1.9150	0.0168	1.4522	-1.1383	0.4337	-1.0297	0.4935	-0.4597	1.6650	1.0004	-0.6162	-0.2925	2.0806	-0.5398	1.9563	-0.7699	-2.2160	-0.0400	0.1148	0.4906	-0.8263	0.0623
2.0287	-0.3120	0.5106	-0.0027	0.3357	-1.1886	1.5939	0.3977	-0.8374	1.7168	0.1834	-0.0503	0.0993	-0.8015	0.9088	0.2363	0.0936	-0.0203	2.1335	-0.2243	-0.3796	1.9126	0.0295	-1.3303	-0.2381	-0.6507	-0.8205	0.6097	-0.1534	2.0487	-0.8353	0.8066	-2.2291	-0.5135	-1.0967	2.4048	-0.8131	-0.7214	-1.7180	2.3104	1.8624	1.1754	0.1695	-0.5314	0.5441	1.0371	2.1393	-1.2036	0.0696
1.5085	-1.5803	0.0253	1.6297	0.9120	0.0341	0.7017	0.1754	0.2186	-0.2563	-1.2651	0.1323	0.6848	-1.1058	1.0327	1.3006	-2.6046	-0.6550	1.2035	-0.8010	-1.1519	0.7635	-0.8955	0.1936	-0.9785	0.5623	0.0248	-0.1543	-0.0667	3.1705	-0.2845	1.5659	-1.6938	0.6384	-1.5243	1.1460	-0.3260	-0.7876	-2.0883	2.0727	0.7145	0.1199	0.0453	0.3384	-0.2668	1.1878	-0.1161	-1.9485	-0.1107
1.2040	-2.4113	0.7097	1.4885	-0.8352	-0.2735	0.8553	0.3796	-0.4103	0.9744	0.3527	-0.9161	1.0695	-1.9641	-0.0722	1.7588	-1.2274	-0.9965	0.6722	-2.0636	-0.4246	0.2843	-1.4287	-0.3007	-1.6145	-0.8879	0.2303	0.3763	0.8851	1.7600	0.1727	-0.5180	-1.0818	-1.5580	-1.4815	1.3779	0.8165	-0.1860	-1.3483	1.3438	0.0193	-0.4568	-0.4107	-1.2810	-1.0169	-1.4516	-1.9553	-2.1433	-1.0661
1.2363	-1.0548	0.2941	-0.8791	-1.4454	-1.5645	0.6819	0.5473	-1.4012	-0.1509	0.7268	-0.9118	0.5677	-1.8332	-0.9376	0.6854	-0.3573	-0.8197	0.0723	-1.4713	-1.3583	0.0809	-0.9935	-1.0608	-0.3471	-2.1642	0.5872	1.2624	-0.3261	0.3660	0.2938	-0.1881	-0.9173	-2.1439	-1.9073	0.7876	0.7129	-0.2646	-0.9346	0.3529	-0.2897	-0.0462	-1.2175	-0.3482	-0.9016	-1.3210	-0.7076	-1.7950	-1.7661
0.6622	0.6863	-0.5110	-1.8144	-0.7175	-1.6289	0.1810	0.1978	-0.5534	-0.7399	0.2811	0.0319	0.2502	-0.9771	-0.0681	-0.0079	-0.5094	-0.6458	-1.3732	0.4370	-1.3252	-0.0072	-0.0366	-0.9536	-0.2809	-1.4111	0.1739	0.6665	-0.4697	0.5578	-0.1393	1.0361	-1.2164	-0.5851	-1.6579	-0.6771	-0.2788	-0.5562	-0.9158	0.0701	-0.5792	0.5970	-1.1678	0.1783	-1.0560	0.5064	0.3433	-1.0633	-1.1895
0.6363	1.0773	0.2276	-1.7390	-0.6772	-2.7886	-0.1960	0.2479	-0.0626	-0.5709	0.3238	0.4911	-0.7740	-0.5268	1.6316	-0.3190	-1.0868	0.2386	-0.8181	1.1080	-1.5266	-0.9345	0.4516	-0.4161	-0.0368	0.8596	0.2107	0.6068	-1.3635	-0.6955	0.5877	1.1742	-1.0219	0.8699	-0.6739	-1.3444	1.1716	0.8352	-1.8292	0.0934	-0.2909	-1.1940	-0.5197	0.0230	-1.4840	0.7433	0.2541	0.1537	0.1370
0.1649	0.4214	0.3692	-0.7885	0.1629	-1.7532	-0.0910	0.1815	0.4690	0.3670	-1.6561	0.6818	-0.0265	0.2617	2.0819	-1.1322	-0.6296	0.6531	0.0170	0.6849	-1.1938	-1.2884	0.2176	-0.1302	0.0217	1.7662	-0.6802	0.3677	-0.9669	-0.5037	-0.1811	1.1717	-0.1161	0.1164	1.1442	-1.6215	1.0017	-0.5790	-1.9041	0.1917	-1.3148	-0.7360	-1.3248	-0.2026	-2.0952	0.2113	-0.5856	0.4257	0.8694
-0.3471	0.0635	0.6081	-0.3713	-0.9381	-0.1595	-0.2058	0.2281	-0.3214	-1.4932	-1.3751	-0.5116	0.3984	0.5348	-0.7288	-0.4624	-0.2293	0.2910	0.2755	0.2389	-0.4116	0.2498	-0.3155	-1.7229	0.1786	0.8249	0.2058	-0.3195	-0.2743	-0.6195	-0.3951	-0.8285	-0.7680	-1.5389	1.2106	-0.9066	-0.4697	-2.5721	-0.6663	-0.7731	-0.5615	-0.6909	-2.0491	0.1237	-2.3070	-1.1298	-2.0828	0.2838	0.2228
-0.4680	0.2210	-0.0694	-0.7520	-0.0359	-0.5314	-0.4014	0.5083	0.2047	-0.9649	-0.6347	0.3266	0.1080	-0.0419	-0.5896	-0.3841	-1.3791	-0.0533	-0.7233	0.2643	0.0470	-0.1430	-0.5318	-0.4472	-0.3824	0.7009	0.6404	-0.8186	-0.9323	-1.6143	0.2086	0.3194	-0.3020	-0.0687	-0.1274	-1.5354	-1.8230	-1.3320	-1.0691	-0.4661	-0.2451	-1.7691	-2.0258	0.2153	-1.2659	-0.9209	-1.7634	0.0231	0.7109
-0.4570	0.9213	0.1060	-0.7826	0.1932	-0.9924	0.2601	0.8677	-0.6635	-0.1436	1.0194	0.4484	0.4245	-0.1661	-0.8388	-0.1250	-0.0284	-0.4085	0.1800	1.1748	0.1089	-0.5592	-0.6419	-0.7383	-0.9860	0.5447	-0.2894	-0.5482	-0.2601	-1.5270	1.0363	-0.4443	0.2602	0.6209	0.4693	-0.7377	0.8955	0.3114	-0.7166	-0.3796	-0.8192	-1.5576	0.0832	0.0297	-0.6893	-0.5807	-1.1203	-0.5247	-0.2238
-0.4714	0.4031	-0.2597	-1.2139	0.6917	-0.6828	0.0042	0.1719	0.1458	0.3791	0.0859	0.5595	0.4773	1.0748	0.8361	0.9859	0.6574	-0.4519	0.4926	1.5763	0.2149	-1.3814	-0.6630	0.2765	-1.2787	0.6305	-1.4138	0.2452	0.1079	-0.3033	1.6356	-0.0216	0.4179	1.6689	-0.1026	-0.6778	0.0401	0.2917	-1.4908	0.2685	-1.2312	-1.3613	-0.1724	-0.3942	-1.3572	0.2942	-0.9277	-1.2273	-1.2702
-0.2850	-0.1809	0.4046	-0.7796	1.4590	-0.7823	0.0236	0.0512	2.0485	0.0093	-0.0215	0.5946	-0.1529	1.3628	0.6667	-0.8384	1.2534	0.2911	1.1432	1.7462	-1.2959	-0.5070	-0.2017	-1.1598	0.1295	-0.0681	-1.5260	-0.2419	-0.4842	-1.0013	2.1908	1.6598	0.8864	1.4337	0.6130	-0.9187	-2.1328	0.3424	-1.3979	0.2463	-0.6844	0.1284	-0.0173	0.1323	-1.8544	0.1382	-1.7268	-0.5760	-0.5462
0.4618	0.2740	0.2717	-1.0333	2.1635	-0.4817	-0.0456	-0.1390	1.2411	-0.1253	-0.0836	0.5013	-0.2244	0.8820	0.8876	-1.1770	0.0101	0.5070	1.2504	1.3420	-1.6473	0.0899	0.0823	-0.1792	-0.6651	0.5492	-1.2357	-0.4638	0.2115	-0.8375	2.3265	1.6997	0.1657	0.5689	-0.1225	-1.2739	-1.1522	-0.0653	-1.5164	0.8264	-0.4158	-0.4169	-0.0656	0.2921	-2.1630	-0.1221	-2.3071	-0.3758	-0.2817
-0.2523	0.9580	1.1549	-0.7551	2.4005	-0.5973	-0.5078	0.1314	0.0861	-0.9911	-1.5058	0.1082	-0.3497	1.1224	-0.0929	-0.4882	0.1836	0.7252	1.6881	0.3675	-0.5736	0.8902	-0.5188	-0.0139	-0.2204	-0.2688	0.0957	0.3611	0.9142	-0.4713	1.8294	0.8327	-0.0469	0.0712	-0.7914	-0.4568	-0.3598	-1.5284	-1.0512	0.6251	-1.4575	0.0127	-0.9586	0.4862	-0.5991	0.2502	-1.6280	0.4143	-0.9090
-0.5303	0.1935	0.8720	-0.0391	1.5949	0.0492	-0.8507	-0.1909	-0.3784	-0.7645	-1.9654	0.6168	0.4405	0.5861	-1.0065	0.3352	-0.2348	0.1080	0.7361	-0.3412	-0.1295	0.5924	-0.1419	1.0029	-0.7767	0.7069	0.3372	0.5901	0.4343	-0.6435	2.1299	0.3411	1.2385	-0.2734	-0.6421	-0.6104	-2.3949	-2.0104	-1.5348	-0.5527	-0.2799	-0.1017	-0.6302	0.1637	0.1701	-0.1713	-1.2268	-0.2014	-0.6371
-0.6521	0.0403	1.0032	0.3164	1.5819	-0.2686	-0.6254	0.4772	-0.1021	-1.2294	-1.3132	0.6171	-0.1776	1.1385	-0.1756	0.6997	0.2197	0.4436	0.3848	-0.3471	0.6532	1.5412	-0.0183	1.2631	-0.5969	-0.0547	1.5599	-0.0882	0.1186	-0.6161	2.0487	1.0768	0.4823	0.2040	0.4652	-0.6347	-1.1960	-1.2918	-0.4330	-0.6448	0.4533	-0.2214	-0.4812	0.5857	-0.0035	-0.2896	0.1798	0.0755	-0.4248
-0.9226	0.5796	0.6409	1.3506	0.5333	0.2101	-1.1210	0.1605	0.8563	0.5897	0.5278	0.8370	-0.6814	1.5592	-0.5339	0.0317	0.5960	1.0869	0.5139	-0.8435	1.3927	1.2472	-0.8404	0.2277	-1.5495	-1.3756	0.9353	0.0794	0.8644	-1.0664	0.7776	0.7416	0.5733	0.4834	0.6013	-1.1617	-0.6504	-0.7559	0.3850	-0.2890	0.0906	0.5848	-0.4456	0.2711	-1.2132	-0.7375	-1.1326	-0.0234	0.5057
-0.7627	1.3502	0.2639	0.5552	0.5911	-0.2387	-0.5096	0.4164	0.8659	0.8191	1.3875	0.6198	-0.4720	1.2186	-0.6759	-0.7583	-0.4599	0.4327	0.7288	0.6151	1.4827	-0.5402	-0.6903	-1.3625	-0.8175	0.0865	0.4513	-0.0404	1.8268	-0.8291	0.5589	-0.5404	1.2604	0.9698	0.1386	-1.2870	0.4765	0.3811	0.2676	-0.3750	0.1476	-0.6622	0.0397	0.7825	-1.7461	-0.9366	-1.7053	-0.2711	1.0082
-0.5227	0.1081	-0.0937	-0.6821	0.0418	-0.3161	-0.7199	0.3776	1.1132	1.9729	1.1752	1.1151	0.2980	1.3256	-0.4872	-1.5929	-0.3703	0.1437	0.9638	1.3880	1.0152	-1.5519	-1.2049	0.3503	0.2703	-0.9420	-0.8321	0.0395	0.8850	-0.7365	0.5575	-0.4592	1.7193	0.2867	-0.1899	-1.5711	1.4428	0.3874	-0.8968	0.2773	-0.8159	-1.8544	0.1253	0.9306	-1.9123	-1.3989	-0.8242	-1.0512	0.1149
0.1151	0.1850	0.5226	-0.5162	1.1301	-0.2635	-0.6164	0.3190	1.8993	0.7313	0.5506	1.4922	0.5538	1.2483	0.1844	0.2720	0.0972	0.2623	-0.0845	1.7664	0.3510	-1.6061	0.2743	0.3146	1.0289	-0.3789	-0.6739	0.6028	-0.3283	-0.7006	1.6166	0.1317	1.3554	-0.3314	0.1581	-0.7398	0.1880	0.1911	-0.4550	-0.7371	-0.5820	-2.1638	0.3763	0.1201	-1.3019	-0.2364	-0.3778	-1.2584	-0.4032
0.5046	0.3002	0.6829	-0.0375	0.1461	-0.8456	0.5321	-0.2384	-0.6737	2.8794	1.6907	0.8682	0.3463	0.8406	0.9854	-0.3166	1.6498	1.1641	0.2467	0.5124	-1.3720	-0.2359	0.1809	1.1381	0.3044	0.1304	-0.3891	0.2054	-1.7333	-1.4488	1.5343	0.6160	-0.3758	-0.2773	-0.9577	-0.4386	-0.0611	0.8788	0.4708	-0.1784	0.2407	-1.0237	0.7356	0.0475	-1.4675	0.2125	-0.3406	-0.7782	-1.0144
-0.6609	0.1905	0.3178	-0.6907	1.0163	-0.9045	0.1962	-0.5638	-0.2364	0.8540	0.4588	1.0289	0.0436	0.8566	-0.5749	-0.0552	2.0655	0.9211	0.1334	1.9421	-2.1793	-0.6741	-0.0094	-0.8721	-1.6570	0.2523	-1.0384	-0.3544	-0.9110	-0.2375	1.0792	0.6050	-0.3440	0.2603	0.1084	0.0343	-0.2742	0.2361	0.0753	-0.5226	0.3190	-0.0961	1.4378	-0.7829	-1.6584	0.6701	-0.1902	-0.7055	-0.1721
-0.8827	-1.0194	0.5199	0.3362	-0.1961	-0.8222	-0.8174	-0.4386	-0.7186	-1.0570	0.1004	0.9351	0.0100	0.9993	-0.3944	0.8008	0.3821	0.0111	0.4568	1.0160	-0.8445	-0.7949	0.0686	-1.0803	-1.1099	0.6458	-1.3713	-0.3974	0.5590	1.3677	1.0540	0.7674	-0.1227	-0.1855	-0.0652	0.6067	0.6032	-0.5866	-0.5108	0.3300	0.4421	-1.0684	1.6317	-0.3943	-1.5067	-0.5160	-0.3404	-1.6257	-0.8170
-1.0697	-1.8255	0.5291	1.0385	-1.2651	-0.1026	-0.2854	-0.6777	-0.6433	-1.6193	-1.2788	-1.3771	0.6011	-0.2307	-1.1155	0.2414	-1.4189	-1.0393	0.7686	-1.4884	0.4030	-0.1029	-0.7466	1.1557	-0.7648	1.0230	-0.6094	1.3832	0.0099	1.3435	0.2457	0.4304	-0.6512	-0.4095	-0.4107	1.3622	-0.7828	-1.2442	0.2053	-0.9710	-0.8367	-0.0717	0.6781	-0.9553	-0.2009	-1.5185	-0.9796	-0.7168	-2.5259
-1.1686	-0.0628	0.4739	-0.4113	-0.8169	-0.4025	0.4207	-0.1220	0.0928	-0.7658	0.1387	-1.3646	0.1695	-1.2800	-0.4166	-0.3641	-2.2119	-0.7352	-0.4979	-1.3538	1.0202	0.0289	0.1251	-0.7840	0.5798	-0.0841	0.8864	0.5148	-0.2370	0.1525	-0.4494	-0.0148	0.0406	-0.3052	-0.2165	0.3730	-1.3851	0.3211	0.2341	-1.6771	-0.0687	0.2672	0.6293	0.0061	0.4565	-1.0538	0.2368	0.4685	-1.5492
-0.4900	-0.0147	-0.1713	-0.8799	-0.8775	0.1711	0.8404	-0.0013	-1.1064	0.2561	0.2672	-0.6931	0.6647	-0.7748	-0.5591	0.2049	-1.0804	-0.2546	-0.6403	-0.8320	0.0489	-0.1367	-0.1985	-0.2165	1.8242	-0.8528	0.8331	-0.7209	-0.5435	-0.5062	-1.7017	-0.8342	0.2213	-1.1178	-0.4169	-0.3973	0.0888	0.2892	-0.6766	-1.1255	-1.3598	0.9023	-0.0260	-0.3397	0.6780	0.7625	0.7742	0.8657	0.2459
-0.8992	-0.5547	-1.3665	-0.7905	-1.0558	1.5523	1.0472	-0.2393	0.1767	-0.0260	0.2647	-0.7479	-0.0954	-0.2150	-1.5776	0.3982	-0.3756	-2.0471	-1.2116	0.4867	-0.2514	-1.6126	0.5077	-0.8865	0.0996	0.4454	0.2697	-0.7479	0.2237	-1.5835	-0.3606	-1.5824	0.4853	-1.8819	0.3478	-0.6638	0.6660	1.0493	0.2225	-0.8351	-0.6718	0.8553	-0.5373	-1.0759	1.2058	1.9405	0.0253	1.9094	2.8515
-0.8447	-0.8368	-1.0365	0.0708	-1.4422	1.3795	0.6127	-0.0926	-0.2728	-0.3598	0.5098	-1.4487	-0.3663	0.0092	-1.0828	0.1796	0.9727	-0.9313	-0.7517	0.0850	-0.0229	-1.3821	0.5635	-0.5336	1.3020	0.5073	0.5887	0.4597	-0.7621	-1.3055	-0.2033	-0.6472	-0.7145	-1.2190	1.0385	-0.1212	0.3274	1.7397	1.5910	0.2723	-0.0614	0.7052	0.2234	-1.1213	1.4550	0.4246	-0.2695	2.2912	1.0035
-0.4387	-0.1890	-0.8257	-0.6533	0.2302	0.8419	0.4267	-0.1027	0.0591	-0.4830	-0.5350	-0.5330	-0.2318	-0.8490	-0.5513	-0.1590	0.8847	-0.5245	-2.0103	-0.0152	-0.4147	-0.9713	0.5995	-0.2207	1.7168	0.4134	-0.0407	0.4990	-1.0800	-0.7615	-1.5787	0.4176	-0.4363	-0.1522	0.3154	0.0018	-1.0768	2.3288	2.4418	-0.1808	-0.3354	0.8483	0.6026	0.1580	1.9261	1.2890	0.3481	1.5937	0.1115
0.1871	0.3339	-0.2464	-0.0756	-0.5142	0.7422	1.2469	-0.6506	0.4213	0.3779	-0.7315	-0.3972	-0.7272	-1.1048	1.2504	0.0824	0.7849	-0.4593	-1.3906	-0.7845	-0.2443	0.1501	0.9479	0.6595	2.0761	0.3362	1.1248	0.4909	-1.9618	-0.3435	-1.3862	0.9365	-0.1565	-0.0791	0.4066	1.5170	-0.8615	3.6448	2.2730	0.1961	0.5189	0.6637	0.8939	0.3230	3.1603	0.8448	1.3007	2.0204	-0.3305
-0.6810	0.6849	-0.1532	0.8781	0.0849	2.3275	1.0515	-0.4531	-0.6146	-0.1339	-1.5761	-0.4927	0.7172	-0.6936	0.1102	0.3237	0.7572	-0.6347	-0.7488	-0.6785	0.4247	-0.0629	-0.1996	0.4797	2.5605	0.4206	1.1046	-0.1228	0.0171	1.9533	-1.0801	-0.2200	-0.8564	-0.3085	0.6418	1.6301	0.4880	0.5955	1.5550	-0.4536	0.0928	0.6394	1.1928	-0.2318	3.5982	2.4981	1.5746	1.6359	0.0173
-1.7462	-0.0485	0.5454	0.7581	-0.3269	1.4390	1.3887	-1.2821	-0.7494	0.8856	-0.9342	-0.4317	1.0222	-0.2132	-0.2566	0.3538	1.2432	-0.8273	-0.5569	-0.7037	2.1502	-0.0887	-0.5085	1.6587	2.3903	1.0043	0.5009	-0.1778	1.0299	1.8357	-0.1218	-2.1658	-0.2511	-0.8208	0.3203	2.0218	-0.3771	-0.1179	2.1700	-1.2040	-0.0210	0.5559	2.2478	-1.1697	2.1973	0.9794	-0.1679	0.3441	0.4074
-1.8361	-0.1545	0.1898	1.0936	-0.2206	0.5606	0.3561	-0.6719	-2.0030	-0.8311	-1.1928	0.0092	-0.2244	-0.5382	0.9082	0.7843	2.3930	-1.1258	-1.5663	-0.4882	1.9791	0.5222	-0.0457	0.5160	1.9528	0.9331	-0.8439	-0.4276	0.3816	1.7039	-0.0256	-0.8855	0.5607	-1.0204	-0.4408	1.4171	0.6071	0.2615	2.5619	-0.9503	0.7333	0.2154	2.0803	-0.5370	1.3460	-0.0533	0.0348	0.1756	0.2664
-0.9339	-0.1601	0.1778	1.5657	-0.0033	0.2419	0.0327	-0.7536	-1.5080	-0.3734	-1.0610	0.3076	0.0578	-0.1425	0.6867	-1.1871	1.5965	-0.5711	-1.4986	-1.2654	0.8754	1.5784	0.8850	1.3226	0.6821	0.4847	0.1693	0.3743	-2.0808	0.0635	-0.7178	0.6719	0.3494	-0.7946	-1.2093	2.2036	-0.2932	0.4049	0.9837	-0.9132	0.8090	0.1251	1.0854	-1.2289	1.0915	-0.0546	0.1548	-0.1307	-1.3093
-1.1258	0.7755	0.0164	2.1529	1.0851	1.9931	0.2514	-0.8412	0.1221	-2.0629	0.8133	0.4795	0.5194	0.2579	0.2592	-0.0128	0.0628	-0.3997	-1.5448	-0.7831	0.5670	1.5199	1.3294	0.0207	0.1687	0.9830	-0.0231	0.2287	-0.6504	0.4906	-0.7902	0.3197	-0.0604	1.7961	-0.9188	1.0831	-0.6353	0.6522	0.0644	0.0433	-0.2693	0.2400	0.3557	-0.4115	0.7596	0.4723	0.6669	0.5825	-0.4508
-0.9586	-1.2549	-0.0738	2.1673	0.4289	2.0619	0.2723	-0.9685	-0.4627	-0.2634	2.2425	-0.5167	1.3379	0.6916	-0.5245	0.3774	-0.1293	-0.2183	-0.8014	-0.2870	0.6599	0.7686	0.2068	-1.4681	-0.4382	-0.7337	0.6763	1.0247	0.0927	0.3393	-0.9381	-0.4354	0.6411	2.5318	-0.2211	-0.2545	0.6935	0.5916	-0.8783	0.5150	-1.3523	0.7455	-0.1635	0.9946	0.6640	-0.1617	-0.3331	0.0457	1.0308
-0.1542	-1.4731	-0.2346	0.4557	-0.1365	0.8156	0.1113	-0.8177	1.0160	-0.2678	1.2814	0.2108	1.0011	0.7159	-0.3770	-0.3335	-0.6814	0.3831	-0.1490	0.5848	1.1037	-0.0915	0.3815	-0.1333	-0.1598	-0.7310	2.2371	1.4246	-0.3811	-0.8707	-0.0736	0.0313	1.9219	2.2963	0.2872	0.4598	0.6649	-0.1307	-0.3329	0.9184	-1.6789	-0.0283	-0.4449	2.3239	1.3688	0.1404	1.0210	0.0441	1.0198
-0.6421	-0.1064	-0.3888	-0.8252	-1.3077	0.3737	-1.5456	0.0669	1.4502	0.2358	1.1876	-0.0867	1.7302	1.5812	0.7741	-0.2290	-0.1284	0.5633	-0.6391	0.3549	1.0485	-0.9831	2.0383	2.0680	0.4528	-1.4993	0.3122	1.0097	1.0223	0.8482	-1.1984	-0.4656	2.0010	2.3879	0.7204	0.7485	0.7783	0.5237	1.2480	1.8527	-0.3580	1.3814	0.4855	1.7671	0.4759	0.6132	2.5539	-0.2173	1.6053
-0.2692	-0.4825	0.5659	-0.0914	-0.2109	0.3119	-1.1846	0.2872	1.8203	-1.7485	1.8164	-0.0095	0.0598	1.0450	-0.2518	2.1725	0.7253	1.8150	0.7782	0.2930	0.6556	-0.8982	1.5606	0.4508	2.4533	-0.3883	1.3774	1.7011	1.3129	-0.1362	-0.6870	-0.7529	1.2142	1.0708	2.6131	2.5605	0.6357	0.2771	2.9798	1.2352	0.6406	1.9707	0.2100	0.4318	-0.0846	0.9648	0.7157	0.7385	0.3731
0.0493	1.3480	-0.3051	0.5078	0.4174	0.5043	-0.4692	2.1436	0.6632	0.2907	0.2155	-0.1178	-1.3175	1.1174	0.6010	-0.3155	1.0867	1.7216	0.5550	-1.7967	2.5605	0.9857	2.7212	2.7917	-0.3550	-1.0984	1.0793	0.8381	2.0251	-0.6916	-1.1765	0.1698	0.1569	1.1678	0.5656	0.9448	0.1011	0.2597	2.1260	2.8849	1.4054	2.1960	-1.1618	0.9876	0.6628	0.2932	0.9805	0.5735	-0.7994
1.1298	0.9592	-0.8769	0.4356	0.5247	-0.0514	0.1317	0.3141	-0.7727	0.5566	0.5118	-0.2124	-1.2723	0.6965	-0.0483	-2.5517	-0.8845	1.1715	0.3182	-0.9393	0.0207	0.4806	0.9227	0.7923	-1.4262	-0.6076	1.5120	2.2591	0.1835	-0.7171	-0.6117	-0.3421	-0.7836	2.2098	0.0904	0.1711	-0.4587	0.6258	-0.2229	2.1384	0.7999	1.7474	-0.5532	0.2580	0.8399	-0.3070	0.6250	0.7766	-0.4631
1.4661	0.5471	0.0922	0.8600	-1.0790	-0.2644	0.9075	-1.0740	-0.4283	1.5698	0.0909	-0.6756	-0.8300	0.3834	0.3021	-0.5112	-1.7297	0.8163	-0.1768	0.3813	-0.5496	-0.6938	0.2914	-0.6631	-0.2150	-0.7230	0.7734	1.1355	-1.1524	1.8055	-0.3397	-0.3904	-0.6144	0.8018	0.6146	0.1574	0.1605	-0.6907	0.0030	1.0413	2.0856	0.7979	0.3253	-0.1606	0.0244	-0.8869	1.7126	0.2580	-0.5436
0.1995	1.2517	-0.2754	-0.0957	0.4893	0.6845	-1.1331	-0.9153	1.0396	1.1450	1.3835	-0.5454	0.1032	-0.3303	0.0405	-0.2499	-2.7037	0.5843	0.3346	0.6563	-0.9059	-1.0297	-0.0046	0.7764	-0.0058	-0.1452	-1.9110	-0.7898	-0.7237	1.2765	-0.8357	-0.7128	0.0245	0.6737	0.6102	-0.5832	0.0751	1.9756	0.2388	0.9246	2.4787	0.0429	0.6910	-0.4294	0.4167	-0.1003	2.0733	-0.2338	1.4648
0.4536	0.8806	1.8605	-0.2164	-0.0484	0.0589	-1.7149	0.2630	2.1088	-0.3521	1.1811	0.0293	-0.6055	-1.2376	-0.2236	-0.7890	-0.1359	1.2430	1.9280	0.3123	-1.5260	-0.5344	0.4475	0.0358	1.6026	-0.5018	-1.2140	-0.2656	-0.6065	0.4675	-0.5808	-0.2251	1.2493	-0.3858	0.9309	0.2873	0.8415	0.7358	-0.1711	-0.1551	1.4980	0.3986	0.9003	-0.0794	0.8664	0.2348	0.9354	-0.0682	1.7425
0.2420	-0.1615	0.9070	-0.0316	-0.2958	0.2181	-0.6987	-0.1883	1.6898	0.4443	0.5513	-0.2673	-0.8348	-1.1338	0.4657	0.7013	-0.4466	0.7806	1.5077	0.2984	-0.8521	-0.5804	0.5425	0.6565	0.8214	-0.1174	-2.1519	-0.8946	0.2543	2.4253	-0.0605	0.0534	0.6711	-0.8788	0.4540	0.1715	0.3904	-0.0114	-0.1066	-0.0028	1.3630	0.5184	0.5040	-0.1821	0.2965	-0.3540	0.7393	-1.0291	0.1751
-0.0138	0.2995	-0.0816	-0.7595	-0.3118	0.6426	-0.4917	-0.5360	0.8925	-0.2087	-0.2885	-0.3948	-0.6218	-0.4844	-1.8136	0.6363	0.2741	0.1770	1.9920	1.5307	-0.1885	-0.0544	0.3844	0.4334	-0.3815	1.0939	-0.2008	-0.4049	0.8298	2.5221	0.0015	-0.9032	-0.0078	-0.1362	2.0321	0.5031	0.2390	0.4187	0.2062	0.6323	1.2080	1.1433	-0.5036	-0.9835	1.1028	-0.6643	0.1058	0.2947	-0.7116
1.0234	0.8331	-1.2974	-1.4495	0.0241	1.2590	-1.2101	-0.6093	1.1296	0.0489	-0.3361	0.1486	-0.5325	-0.3423	-0.4701	-0.3748	-0.8271	0.4074	1.5790	0.1990	0.5798	-0.3201	0.3358	0.3466	0.0805	1.2639	-0.4044	-1.3504	2.0750	2.0728	-0.1423	-0.4589	0.4740	0.3894	1.0264	-0.3177	0.1352	-1.5152	-0.1946	2.0858	1.4926	0.7556	-0.7528	1.4647	0.9505	0.4120	1.1401	0.6186	0.5164
0.7904	0.7774	-0.5941	-0.3631	0.8226	1.6381	-0.8656	-0.3842	1.9483	1.4625	-1.4938	0.3531	0.1522	-0.0845	0.2765	0.6814	-0.4687	1.0548	1.7624	-0.4728	1.0346	0.5937	-0.3805	-0.6090	0.9686	0.3558	2.0368	-0.3143	0.6548	1.2568	-1.0047	0.3377	0.3349	-0.8396	1.0855	0.2434	-1.0510	-1.0370	-0.8145	1.0376	0.2517	0.6746	-1.5982	2.4864	1.9727	0.1010	1.1480	1.0871	0.9728
2.2081	1.9221	-0.5901	0.2727	0.8230	0.4649	-0.2545	-0.3117	0.1744	0.3929	0.0492	0.9297	-0.1779	0.0454	1.4540	-0.3917	-0.0426	1.7829	0.9534	0.1903	0.6950	2.6172	0.7940	0.4571	0.1612	0.6992	0.4491	-1.2076	1.6228	1.1524	-0.9403	-0.6697	-1.0021	-0.5073	-0.4603	0.6892	0.2890	0.3723	-0.0407	0.7278	0.5437	0.2218	-0.1924	2.7688	0.4809	-0.3946	1.2916	0.6449	1.5618
1.0437	-0.2114	-1.1180	0.3755	1.7981	-0.2824	0.3178	-0.5628	0.4109	0.5877	-1.0478	0.3246	-0.0780	0.8395	-0.0404	0.2917	0.1959	0.9836	-0.1558	0.6774	1.4072	1.8874	0.1411	2.2203	0.6438	-0.4009	0.0972	-1.0356	0.8514	1.3655	-0.9146	-1.1557	-0.6057	0.3190	-0.7288	1.5730	1.3676	-1.6384	-0.0084	-0.8788	-0.3326	-0.3787	-0.4232	0.0163	-0.6953	-0.8250	-0.4958	-0.6478	2.8395
1.1776	0.1752	-1.2359	-0.0877	0.2361	-0.9102	0.4661	-0.5894	-0.4216	1.3021	0.6182	0.4603	-0.6021	0.5477	-0.1358	-0.5217	1.2484	0.9464	0.7492	0.3093	1.4897	2.6303	0.4348	1.5136	-0.4574	-2.2951	-0.3053	-2.1356	0.6212	-0.2531	-0.3708	-0.3719	0.1106	-1.1179	-0.1841	0.7825	-0.0447	0.0605	-0.2208	-0.3559	0.5659	0.0595	-0.6922	-0.6013	-1.2869	-1.2229	0.1752	-1.0405	1.4175
1.7731	0.7390	-1.9388	0.4703	0.5594	1.0811	-0.2174	-0.3382	0.7100	-1.0738	-1.0215	0.9629	-0.9460	-0.6931	-0.8856	-0.7230	0.3052	0.6163	-0.0257	0.6799	-0.0896	1.1382	-0.3522	0.1990	-1.4567	-1.3416	-0.3751	-1.6572	1.2029	0.3530	-0.2826	-0.3093	0.3703	-0.0590	-0.9995	-1.5399	-0.3031	-0.7999	-0.6651	-0.4276	0.1786	-0.5426	-1.3966	0.0964	-0.3161	-0.8398	0.7585	-0.3386	0.1950
2.7470	-1.0345	-1.8188	0.3684	-1.2193	0.3797	0.5599	-0.0625	0.2314	0.6680	2.0675	1.4519	-0.6901	-0.5406	-0.7046	-1.1202	0.8263	0.5301	0.5962	-0.1921	-1.2570	1.0149	-1.0454	-0.9068	-1.3510	-1.5257	-0.8886	-1.2844	0.4607	-1.1587	-0.3924	-1.4460	-0.2422	0.1725	-1.2824	-0.6709	2.0058	0.6150	0.1053	-0.0852	-0.1128	-1.2902	-1.1072	-0.5443	-0.3912	-1.9165	-0.4293	-1.0160	-0.7371
2.0074	-2.0475	-1.0501	0.4303	-1.9922	-0.4900	-0.0111	0.1752	-1.3540	1.6652	0.7873	1.7499	-0.3217	-0.8159	-0.5648	-0.3427	1.5546	0.7956	-0.2671	-0.5103	-1.3232	1.5978	-1.1257	-0.7739	0.8069	-1.4299	0.7645	-2.2926	-1.6850	-2.0049	-0.3772	-0.7224	0.5023	0.4611	-0.3005	0.0652	1.0906	-0.3754	-0.4422	-1.6539	-0.1850	-0.8392	-1.1842	-1.1064	-0.6115	-1.4297	-1.1646	-1.8075	-0.9970
1.8018	-1.5506	-1.1968	-0.2710	-1.7546	-0.5324	-1.2724	-0.0706	-1.8004	0.6841	-0.2913	0.9831	-0.1302	-0.9542	0.1256	-0.9759	0.6169	0.4984	-1.3122	-0.3992	-0.9655	-0.3761	-1.3010	-0.0868	0.5267	-1.2703	-0.5371	-2.2313	-0.9085	-0.8887	-0.4364	-0.6309	0.5702	-0.2326	-0.4689	-1.1339	1.3311	-0.9212	-1.0542	-1.0925	-0.8280	-0.8453	-0.2202	-0.8562	-1.1267	0.1651	-0.0346	-1.3738	-0.7162
0.9017	-0.9181	-0.4167	-0.3975	-1.9331	-0.9311	-1.4615	-0.3044	-0.3420	0.2753	-0.6068	0.6371	-0.6707	-1.4242	-0.0315	-1.1070	0.8803	-0.2913	-0.9114	-0.8578	-1.3319	-1.2784	-0.1383	-1.8758	-0.4111	-0.8885	-0.4685	-0.9151	-0.9702	-1.1612	-0.2585	-1.2661	-0.0097	-1.7021	-0.2686	-0.7522	0.4153	-1.0060	-1.5961	-1.6187	-0.4712	-0.6042	-0.5009	-0.9794	-1.3097	-0.4295	0.3946	-1.0537	-1.2381
0.9827	-0.5486	-1.2285	0.1453	-0.5338	0.4785	-1.0988	-0.1959	-1.3754	0.7729	0.3302	0.9539	0.8860	-1.3565	0.5953	1.6499	0.8340	-0.1201	-1.5633	-0.8305	-2.2675	-0.8632	0.4094	-0.9102	-1.2926	-0.6541	-0.5661	-0.5370	-1.1568	0.2831	-0.1086	0.5352	-0.7968	-0.5325	-0.9888	-1.8796	-0.8960	-0.1331	-1.4757	-1.4304	-0.2846	0.4797	-1.0585	-1.1857	-0.8070	-0.2502	0.5270	-0.6404	-0.8619
-0.0031	-0.2303	-1.9685	-0.6669	0.8008	-1.1995	-0.5949	-0.2656	-1.3228	1.2454	-0.8794	0.7567	0.3351	-2.0881	0.5522	0.7063	0.6196	-0.3578	-1.9748	0.0837	-2.3634	-2.1669	1.0821	-0.3521	-1.6320	0.2149	-0.5029	-0.5168	-1.1212	-0.1107	-0.6753	1.1122	0.3801	0.3783	-1.5161	-2.4637	-0.5776	-0.8379	-0.9162	-0.1752	-1.0058	-0.0289	-1.3499	-1.7253	-0.4286	1.0136	0.1659	-0.0010	0.5398
0.3952	0.8572	-0.5635	0.0277	-1.1065	-2.1884	0.1447	-0.3546	-2.5298	-0.9325	-0.6979	0.5087	-1.0651	-0.8310	0.6318	-0.9225	1.4935	0.2325	-1.2605	-0.1267	-1.8040	-1.4863	0.0736	-1.0850	-0.6095	0.7471	-2.0177	-1.2675	-1.7162	-1.9052	-0.7592	0.4790	-0.5401	-0.6723	-0.7272	-0.8451	-0.2592	-0.9611	-0.1325	-0.3603	-0.4710	-1.2210	-0.6824	-1.6500	-0.7482	0.2019	0.8553	0.4590	0.5133
0.5180	-0.6720	0.0621	0.0966	-1.0863	-1.0190	0.1846	-0.2810	-0.5081	-0.0696	-1.5316	0.2471	-0.5966	0.6324	-0.1788	-1.0533	1.0807	-0.0119	-0.7569	0.5599	-1.9045	-1.0641	-0.6225	-0.2358	-1.2993	0.0293	-2.7604	-0.5840	-1.1831	-1.2358	-0.7777	-0.3615	-1.0626	-1.2896	0.0176	-0.4251	0.0998	0.2085	-0.6743	-0.8099	0.2197	-1.6196	-0.5442	-1.7037	-1.2214	-1.1738	-0.9035	-0.5303	-0.4869
0.8095	-0.9510	0.0093	0.3476	-1.2755	-0.4868	0.4012	-0.1755	-1.5617	1.5982	-0.2282	0.3669	0.1223	0.4053	0.4313	-0.4651	0.9524	0.1974	-0.0941	-0.3263	0.1818	0.9444	0.0469	-1.7408	-0.5192	-0.1473	-1.3259	-0.6464	0.3758	-1.2236	-0.1132	-0.5989	-1.7243	-2.2832	0.2450	0.5521	-0.2241	-1.3993	-0.2455	-0.7399	-0.8526	-0.1904	-1.1097	-0.1766	-1.2303	-0.8140	-0.8328	-0.8617	-1.3910
1.3620	-1.1034	-0.3168	0.7750	0.2207	-0.1857	-0.1960	0.1720	-0.9578	-1.3328	-1.4874	0.4561	0.8148	0.1948	1.5321	-1.1154	0.6604	-0.1217	-0.0271	-0.0573	0.7132	0.9865	-0.0090	-1.3131	-0.6099	0.8500	-0.1006	-0.5143	0.9552	-0.1845	0.1025	0.1827	-1.2930	-0.9322	0.8090	-0.0104	-0.9495	-2.4808	0.3617	-0.7576	-2.0624	0.9866	-1.9062	-0.3777	-1.3960	0.0779	-1.2705	-0.9074	-0.2353
1.0983	-1.8094	-0.8472	1.8558	0.2597	0.4092	-0.4794	0.3137	0.0493	-1.2350	-2.2391	0.8220	1.8173	-0.1114	0.9243	-0.2519	0.0764	-0.4581	0.3321	-0.9746	0.9362	0.5451	0.5283	1.1877	-1.7824	1.1736	1.6519	-0.5178	0.2283	-0.5617	-0.4574	-0.1355	-0.4799	-0.1758	1.6015	0.3929	-1.0351	-2.0415	-0.9286	0.4643	-1.4524	-0.0829	-1.4220	0.1288	-0.0332	-0.1117	-0.7820	-1.1076	-0.7153
0.3707	-1.2259	-0.2343	0.6461	0.9082	0.1996	-0.0829	-0.1250	-0.0097	-0.3790	-3.2849	0.1151	1.2191	0.3569	0.4101	0.7141	-0.5257	-0.0491	-0.1341	-0.7775	1.0174	0.2278	-0.3405	0.8946	-1.2367	0.7068	1.0741	-1.0505	1.0630	-0.5148	-0.0995	-0.0314	-0.7025	-0.0107	0.6533	0.2441	-1.9872	-1.8822	-0.2339	-0.3454	-0.9686	-0.0557	-1.2419	0.0338	0.1027	0.0761	-0.5086	-0.7537	-1.3775
-1.1009	-0.0428	0.0650	0.5140	0.2888	0.3071	-0.4923	0.2094	-0.2551	-1.8274	-0.9394	-0.5140	0.1932	0.2994	-0.1732	0.3256	-0.3080	0.1085	-0.4473	-0.7543	1.3903	0.4625	-1.2431	-1.3770	-1.2838	-0.7742	-0.2320	-1.4037	2.7955	0.4491	-0.0465	0.4964	-0.3915	-0.0743	-0.1788	-1.0312	-1.0540	-0.9942	0.1797	0.5110	-1.0126	0.8293	-0.1133	-0.7137	-0.2314	-0.2377	-0.1491	0.0431	-1.0494
-1.7892	-0.1543	0.3152	-0.2078	-0.3609	-0.6503	-1.4966	0.1509	0.2013	-0.2034	0.0899	-0.5865	-0.0323	0.1548	-0.9741	0.1694	-1.8227	0.0232	0.6285	-1.3207	1.8737	0.1357	-0.9670	-1.1188	-1.1483	-0.8582	0.4116	-0.5537	1.5318	-0.8024	0.4994	0.2967	-0.2205	0.0159	0.0643	-0.9997	-0.3034	-0.6886	-1.2420	-0.1527	-0.8294	-0.6127	0.2287	-0.3686	0.1911	-1.3899	-1.1373	0.0458	0.0395
0.1065	0.0067	0.4101	-0.5967	0.2041	-0.6613	-0.6999	0.9680	0.4756	-0.6441	0.8607	-0.4407	0.5997	0.1154	-0.9016	1.2555	-1.3970	-0.1110	1.4116	-0.4048	1.1886	-0.1773	-1.0616	-0.8349	0.4716	-0.2843	-0.1373	0.2825	1.3206	-0.7293	1.0223	0.2854	-0.0845	0.3283	1.1293	-1.2318	-0.3208	-0.4047	-1.0003	-0.8502	-1.0158	-0.2972	0.4128	0.2315	0.0115	-0.8997	-0.9997	-0.3008	0.3757
0.6373	0.7885	1.6158	-0.4278	0.6896	-0.1723	-0.0623	0.5782	-0.0687	-0.8652	0.7743	-0.1310	0.7476	-0.8170	-0.7839	0.5216	-0.8300	-0.4488	1.2021	-0.6278	0.4770	0.4230	-0.6265	-0.4736	0.2929	0.6121	-0.5091	1.2210	2.4012	-0.2232	0.8958	-0.1893	-0.5156	0.5400	0.8752	-0.5160	-0.3508	-0.3881	-0.3437	-0.1384	-1.1575	0.2512	0.7944	-0.0734	-0.2597	0.2953	-1.5582	-0.3627	0.0412
1.1263	0.9912	2.7055	-0.5471	0.8142	-0.0166	0.6734	0.8312	-0.8407	0.3104	1.6320	0.0682	0.4023	-1.1142	0.5159	0.5551	0.0890	0.1238	1.7082	-1.0159	0.3658	0.6832	-0.5281	0.3074	0.5078	0.5174	-0.2523	1.7009	0.8649	0.0176	0.3881	-0.0432	-0.7478	0.9740	-0.3604	0.2079	0.8696	0.3488	-0.4787	0.5753	-0.6677	-0.0034	1.9043	0.2051	-0.2762	-0.4818	-0.0027	-0.2758	-0.1025
1.4251	0.6294	0.4609	0.2108	0.6286	0.0415	1.1445	1.1937	-0.2873	0.7414	2.2791	0.8067	-0.3911	-0.6622	0.1896	1.6865	-0.6932	-0.3824	0.8991	-0.8974	0.0670	-0.4429	-1.1568	0.2374	-0.9374	0.2463	-0.2679	0.7218	0.3471	0.0053	0.2582	0.5197	-0.1172	1.0271	-0.7364	-0.5950	-0.0201	0.7537	-0.7026	0.3782	0.9972	-0.9698	2.5451	0.8791	-0.9091	0.1828	0.8231	-0.6727	0.2870
1.3024	0.9490	-0.7234	0.8392	0.4205	-0.8383	0.9073	0.8286	-0.8889	-0.1259	2.0692	0.8268	-0.2345	0.2878	-1.2068	2.0783	-0.9980	-0.8357	0.2124	-0.0662	-0.2681	-0.2060	-1.5466	-1.1153	-0.4488	0.1477	-0.4513	-0.3110	0.2490	-0.3659	0.5827	0.2138	-0.6603	0.4486	-1.3653	-1.0155	-1.0178	1.2027	-0.3930	-1.3545	0.8004	-2.2833	2.5320	1.8504	-0.6055	1.4350	0.4802	-0.6197	0.9906
-1.1342	0.6230	-0.0358	2.0780	0.3715	0.4663	2.4601	1.0473	0.4226	0.4227	-0.2768	-4.0161	0.5778	1.4981	-0.4289	2.3523	-0.9044	-4.3907	0.8003	-0.7715	-0.8390	-0.5732	-1.3065	-0.4944	-0.2454	-0.9067	-2.1602	0.6887	0.0975	0.9844	-0.1716	-1.4303	-0.1338	-0.5542	-0.9299	-0.0642	1.5453	0.3958	0.5193	-2.4215	-0.2064	-1.8330	2.4574	0.0668	0.7398	1.3232	-0.2271	2.4719	1.7326
-1.8804	0.1094	0.2254	0.6319	-0.5915	-0.3195	1.9384	1.1593	0.3480	0.4612	-0.3902	-2.5506	0.4169	0.3520	0.0954	2.5626	-1.0606	-3.0966	0.1507	-0.9903	-0.5802	-1.6903	-1.0590	-0.6693	-0.1833	-0.5932	-1.7845	1.1867	0.0850	0.3643	0.7205	-1.2268	1.1097	-1.5005	-0.8115	0.6938	0.5303	0.0718	-0.1747	-1.8146	1.1282	-2.2726	2.6956	-0.1650	0.6877	-0.5242	-0.6443	0.6436	-0.2689
-1.0740	1.0797	0.6621	-1.7140	0.4274	-0.5667	0.9444	1.5560	1.5933	-1.0193	-0.0305	-0.1516	-0.4898	-0.0395	0.3482	2.7544	-0.6471	-1.6599	-0.8547	1.0391	-0.9024	-1.8003	-0.4490	-0.2386	-0.0697	1.0221	-1.4585	1.0789	0.4777	0.3371	1.6554	0.3117	1.1908	-0.0693	-0.6598	-0.6078	0.1248	1.2110	-0.0788	-0.9135	0.0935	-1.7993	1.9958	0.2262	-0.2328	-0.0803	0.2205	0.9858	0.5207
-0.4287	1.2169	1.3608	-2.6694	0.1478	-0.2741	0.7294	0.7359	2.4813	-1.3761	-0.2919	0.1096	-0.3739	0.6767	1.6798	0.0679	-0.6724	-0.9083	0.0019	2.0462	-2.2135	-1.0126	-0.2669	0.3177	0.3095	1.4989	-0.4788	0.8224	-1.0372	-0.0132	1.4377	1.7002	-0.3088	0.4640	-0.3518	-0.6133	-0.0200	1.0752	0.2569	1.2843	-0.6534	-0.8341	0.9557	0.2779	-0.8091	1.6929	0.0902	1.8249	0.5071
-1.1883	1.2582	2.4005	-1.8743	-0.7302	-1.6984	1.7061	-0.5524	0.5464	0.7643	-0.8766	-0.9402	-0.9509	1.3925	1.7931	-0.6937	0.2818	-0.6291	0.1107	1.8742	-1.1704	-0.6090	-1.0605	-0.2399	0.5164	0.7678	-0.0953	0.8989	-1.3134	-0.7359	1.9641	2.2915	-1.3035	-0.1011	-0.6118	-0.7566	-0.1262	0.9328	0.0576	0.6531	0.8474	-0.3245	0.0960	0.4157	-0.9482	1.7228	-0.9450	2.1522	0.6756
-0.9359	0.4173	2.6529	-1.5867	-0.1332	-1.1959	1.2533	0.4172	-0.5456	-0.0799	-1.1073	-0.6589	-0.8327	0.4994	-1.4818	-0.1824	-0.2837	-1.4168	-0.7256	1.0123	-0.1626	0.1858	-1.3593	0.8261	-0.0631	2.1315	0.2782	0.3061	-0.4784	-0.2722	0.9680	1.1657	-1.7226	-0.1974	0.1632	-1.3090	1.0548	0.3647	0.2176	-1.3846	2.1942	-0.6315	-0.1899	0.8966	-0.6629	1.1275	-0.7338	1.0132	0.1762
-2.2474	-1.0778	2.5884	-1.5783	0.8000	-1.0446	0.0501	0.7227	0.1496	-0.6311	-0.4956	-0.8378	-0.3774	-0.0083	-1.8128	0.5919	-1.3992	-1.5943	-0.9685	0.2914	0.8179	0.1869	-1.1976	0.1466	0.0102	1.4594	0.6477	0.0329	-0.3853	-1.6531	1.1839	1.0874	-0.9659	-1.1088	0.1060	-1.1470	-1.1739	-0.1677	0.3690	-0.4910	0.6577	-0.5736	-0.5568	-0.1724	-0.6106	-0.4990	-0.9844	-0.0580	-1.3945
-2.5989	-1.1767	2.2307	-0.9265	1.9054	-0.7111	0.0788	1.0089	-0.0510	-0.4493	0.1815	-0.6070	-0.4763	-0.4820	-0.3743	0.2611	-2.1591	-1.1348	-0.4467	0.2458	1.8948	0.7795	-0.9644	0.6108	0.7438	1.8277	1.0783	0.0425	-0.3651	-1.7988	1.7954	1.0889	-0.8295	0.7136	-0.4089	-0.7014	-1.0650	1.5082	0.5093	0.1480	-0.2969	0.1964	-0.2799	0.0113	0.0992	-0.3331	-1.0245	-0.1229	-0.9052
-2.0767	-0.2084	1.2791	-1.5022	0.4696	-1.2335	1.2552	2.2768	-0.2711	-0.8705	1.7381	-1.2097	-1.5428	-0.8419	-0.3186	-0.5100	-1.8516	-0.7064	-0.9410	0.2162	0.9468	-0.4519	-0.2866	-0.5691	0.1256	1.0125	1.7093	-0.0365	-2.0025	-1.4695	2.0165	0.6261	0.4331	1.0824	0.7193	-0.5681	1.3788	1.6975	0.5914	0.7226	0.5845	-0.4685	0.4361	-0.1080	0.1862	0.2537	-0.6479	-0.0250	-0.6810
-1.3580	0.4598	-0.2142	-1.7562	0.7011	-0.2584	1.3774	2.4348	-0.1978	-0.4733	0.6294	-0.1398	-1.5681	0.6017	-0.1821	0.5206	-1.1089	0.0361	-1.2452	1.5173	-0.3200	-1.2680	-0.9802	0.2432	-0.4001	0.7996	1.1241	0.6074	-2.2825	-1.5294	2.8530	2.3499	1.1397	0.9078	0.4748	-0.9986	0.4774	0.7883	-0.2684	1.0139	0.3976	-1.3478	0.5887	0.0979	-0.3307	0.9143	-0.7446	0.2587	0.4470
-1.6144	0.0844	0.2053	-1.4243	0.6761	-0.8999	0.1999	2.7216	-0.8178	-0.5812	-0.3042	0.1065	-0.7549	0.9331	-1.1682	-0.3347	-0.4393	-0.4809	-0.7440	1.9724	-0.6939	-0.8013	-1.9990	-0.9126	0.2597	0.8885	0.9062	2.0617	-0.9552	-2.0594	2.2656	2.4464	1.0156	0.6064	0.4453	-0.7942	0.2038	1.0211	-1.0802	-0.1054	-0.1659	-0.2779	0.1449	0.0337	-0.8132	1.5378	-1.3824	-0.5727	1.3113
-2.8451	0.4907	0.6503	-1.0700	-0.2699	-0.7652	0.2782	2.2371	0.2425	-1.2956	0.8319	-0.2073	-1.0408	1.0599	1.1899	0.8386	0.0709	-0.7418	-0.0673	2.5432	-1.5087	-1.3909	-1.9758	-0.8228	0.9660	0.7416	1.0851	3.0253	-1.2759	-0.9894	2.3259	2.1253	1.0461	0.3668	1.1193	-0.5565	1.5720	2.8005	-0.4310	1.2932	1.4529	-1.1507	1.4642	0.8192	-1.4574	0.2784	-0.9272	0.6273	0.2088
-2.3365	0.5785	0.6714	-1.0360	0.2542	-0.2458	0.4936	2.0552	0.4394	-0.6540	0.4818	-0.3799	-1.0488	0.8446	1.4666	0.2455	-0.6041	-0.7650	-0.1968	1.0069	-1.3116	-1.3517	-2.1469	1.2217	0.0078	1.6208	0.2676	2.4465	-1.4294	-1.5090	2.1370	2.4895	0.4394	0.1147	0.0241	-1.2551	1.6054	2.3063	0.2719	2.0591	1.6189	-1.3170	1.3164	1.4389	-1.4462	0.6115	-1.2233	1.1433	-0.5837
-1.7317	1.0524	2.0390	-1.4961	0.8362	-1.2819	0.7144	2.3184	0.0412	-2.5209	-0.8241	-0.6386	-2.1038	-0.3802	0.1672	-0.3204	-0.5452	-0.1936	-1.0694	0.9640	-0.4245	-0.0254	-1.1300	-1.1742	0.7364	1.8829	1.3038	2.9534	-1.0906	-1.1592	2.6878	2.0302	-0.1440	-1.2055	0.1746	0.0338	1.0041	1.1384	1.4978	0.2489	1.0335	-0.3451	-0.0318	1.0595	0.0933	1.6004	-2.0804	1.0835	-1.6074
-1.8792	-0.1760	0.9018	-1.9283	0.5221	-1.0207	0.4362	2.6012	-0.9940	-1.9334	-0.5155	-0.4771	-2.0311	-0.8800	0.1008	0.4893	-1.0569	-0.1795	-1.6284	1.1151	0.2933	0.5234	-1.1616	-0.0113	0.7263	2.0557	1.9718	1.9175	-1.7727	-0.5052	2.1102	2.6786	-0.1958	-0.8303	0.1240	0.9431	0.5606	0.3629	1.4374	-0.1027	0.6966	-0.2649	-0.4484	0.8692	0.3268	1.9336	-2.0680	0.8512	-0.3661
-0.8307	-0.3784	-0.0745	-0.8287	-0.4197	1.2035	0.4668	3.2937	0.2758	-1.5559	0.1510	-0.5367	-0.0466	-0.3717	-0.8727	-0.2765	-0.5791	0.6100	-0.4981	0.6948	0.6047	0.8886	0.3414	1.5651	0.6709	0.4169	2.6500	1.4358	-2.0794	1.2629	0.0810	2.1680	0.9491	-0.4471	0.3077	1.4830	-0.9969	-0.7179	0.3399	1.0538	0.2417	0.5685	-0.9660	2.2808	0.7472	-0.2396	-0.6445	0.3780	-1.0387
0.2593	1.7879	-0.2549	2.1406	0.2231	1.8175	-0.2936	-1.8451	3.7778	0.9006	1.0512	-2.2141	6.0079	6.3181	-1.0723	-3.9190	1.6890	0.3097	2.7314	1.9328	2.5651	2.3705	5.0591	-0.1854	0.2914	0.6119	2.6155	3.6285	1.9608	2.3003	-2.6420	-2.1241	3.5017	0.0542	-2.5106	1.9691	0.1530	-0.3848	-0.8312	1.2248	-0.4853	3.6058	-0.1411	3.5678	2.2323	-1.1725	2.4877	1.0056	0.0551
0.1432	0.7360	0.1048	1.4356	1.1786	2.0188	-1.3362	-3.1903	-0.6981	3.8217	1.3109	-0.0661	3.6387	2.5218	1.5766	-2.1192	1.2286	0.7951	0.4209	1.8328	0.6303	0.3596	2.5640	-0.4432	0.2214	-1.1728	-0.2134	0.6915	0.7196	1.9153	0.3730	-0.0081	0.0273	0.8434	-1.1294	3.4143	1.2722	1.5361	1.2055	0.5485	-0.2116	1.4838	0.0120	-0.4684	0.7091	1.9333	-0.2684	0.1281	-0.6025
0.2631	1.1717	-0.7619	1.2625	1.1188	1.4164	-0.9253	-3.2358	0.3193	2.2703	0.3098	0.0018	0.9065	-0.6468	1.8141	-1.3622	0.2515	1.1736	-0.5064	-0.1003	-0.3841	-0.0009	3.3013	1.0745	-0.1449	-1.2229	-0.3908	1.0452	-0.6445	2.0735	-1.0634	0.2027	1.0273	0.5491	-0.9487	1.3073	-0.1532	0.2224	-0.2220	1.0333	-0.1962	0.9482	-0.7825	-0.7356	0.0170	1.0682	1.0423	0.5497	-0.3976
0.3335	-0.3615	-0.9866	1.2448	-1.3606	-0.5098	-1.3877	-3.3932	-0.3206	0.5585	0.0280	-0.5302	-1.0636	-1.3126	0.1744	-1.9233	0.9727	1.5423	1.0042	-0.7567	0.1726	1.2366	2.9582	1.0203	0.6355	-1.3240	-0.0802	0.9661	-0.0035	1.2341	-1.2936	-1.4023	0.3430	-0.8042	-0.2156	0.9090	-0.1096	-0.3730	-0.6051	1.0962	-0.7901	1.2776	-1.9039	-1.6317	-0.5426	-1.5203	0.3447	0.1285	-1.0152
1.0407	-0.9886	-1.6104	0.8881	-0.7266	-0.1283	-1.1114	-3.4118	0.3949	0.3076	-0.9922	0.7458	-0.3534	-1.0696	-0.1051	-1.6729	0.8128	1.1075	0.5715	-0.7874	-0.7005	1.2516	3.5027	0.8152	-0.3449	-0.7259	-0.1604	-0.2814	-0.2211	1.6132	-1.4614	-1.2448	-0.2914	0.3216	0.1468	0.5354	-2.0086	-0.8893	-0.8601	0.9829	-0.9901	1.5134	-1.6543	-0.2679	-0.1284	-0.1104	0.8217	-1.0306	-0.3796
0.5321	-0.9021	-1.0141	0.7079	-1.4599	0.7464	-1.1265	-2.9027	-1.5182	-0.6878	-1.1771	0.5886	0.6202	-0.4929	-1.0782	-1.1013	1.1537	0.5739	-0.2830	-1.7571	-0.8026	1.0840	2.2176	1.1769	-1.4115	-0.8242	0.1169	-1.8190	0.4268	1.6641	-3.2475	-1.8344	-1.7809	0.1043	-0.0654	1.0098	-1.4567	-2.5597	0.8375	0.4233	-0.9429	1.4258	-2.0663	0.0264	1.0196	-1.3399	1.6482	-0.8846	-1.0882
-0.2813	-1.0504	-1.8506	0.0731	-1.2856	0.7763	-1.2032	-2.2099	-1.3894	1.0986	-0.3712	0.6375	0.4470	-0.6554	-1.0508	-0.4669	1.0511	0.7658	-0.2918	-0.9251	0.3869	0.0052	0.1508	-0.4926	-0.6628	-1.6517	-0.9607	-1.8937	0.3694	1.3384	-3.2569	-2.9390	-1.5289	0.5788	-1.0229	0.3899	-0.8959	-0.9637	1.0889	-0.1511	-0.9909	1.6195	-1.5692	-1.5627	0.8121	-1.8221	1.0372	-1.2851	-0.1578
-0.1111	-0.8070	-1.4483	1.3850	-0.6370	0.3266	-1.4997	-1.9685	-0.8827	0.1120	-0.0549	0.1721	1.2769	-1.0155	-0.9643	-0.5416	0.5519	0.4204	0.4841	-1.2725	0.4059	-0.6154	0.2738	-1.4998	0.7563	-1.9064	-0.3677	-0.7570	0.0067	0.3554	-1.9629	-2.4345	-0.1897	-0.0176	-0.3592	0.8727	-0.1110	-0.6504	0.6776	-0.7496	-0.9719	1.1828	-1.2933	-1.9162	0.8134	-0.5391	-0.0383	-1.1403	-0.7068
-0.0170	0.0564	-1.4877	0.5624	0.8522	-1.0135	-1.3928	-1.6831	-0.1403	-0.6778	0.2986	-0.3239	1.0104	-1.3440	0.1278	-0.7722	-0.9977	0.9186	0.0864	-1.0548	-0.1404	-0.4339	1.6819	-0.1219	1.3729	-1.5437	-0.5379	-0.6507	-0.4031	0.0177	-1.5847	-1.3159	0.4045	0.5307	-1.4542	0.4446	-0.6968	-0.5342	-1.2089	-0.5484	-0.7252	0.0836	-0.7176	-0.7073	-0.1617	0.0650	0.9753	-1.3498	-0.1896
0.0363	0.4107	0.1401	-0.1581	1.2307	-0.8138	-0.0210	-2.2040	-0.7357	0.4054	0.0969	-1.3943	0.5694	-1.2260	-0.7850	0.0144	0.0566	1.5080	-0.4340	-0.6633	-0.6767	1.0653	2.0062	0.1688	-0.5875	-2.2930	0.2823	-0.7690	-0.1984	0.6475	-1.0581	-1.0593	0.0846	-0.3622	-1.2267	0.0412	-1.9323	-0.3971	-0.6464	-0.9558	-0.3585	1.1801	0.0273	-0.4877	-0.0779	-0.8459	0.1310	-1.0163	-0.0699
0.2753	1.5123	0.9458	1.7715	1.6868	1.5849	-0.3756	-1.5514	-1.0874	1.3454	-0.2617	-0.5802	0.5173	-0.9505	-0.6018	2.2328	1.2994	0.9528	-0.3547	-0.5607	0.2984	1.6865	0.5949	0.4828	-1.3230	-0.6676	1.2137	-0.2125	1.0096	2.1457	-1.2157	-0.6845	0.7751	0.1457	-0.6575	0.5627	-0.9379	-0.2225	0.8758	-0.2614	-0.0554	1.8899	-0.0515	-0.0332	1.9176	-0.9887	0.7256	0.2272	0.4022
0.5500	1.4162	1.4965	1.4067	1.1193	1.0980	0.2472	-1.4027	-0.2572	1.9883	0.2428	0.0317	0.0054	-0.4095	0.0598	-0.3569	1.0366	0.6196	0.1651	-1.6045	0.4306	0.9358	0.2288	1.1874	-0.9440	-1.2011	1.5010	-0.0295	0.4040	1.4958	-1.6102	-0.8067	0.6293	-0.3143	-0.8169	1.5435	-0.3425	0.0419	2.1114	0.2419	1.4049	1.1983	0.1260	0.3478	2.1679	-0.2837	1.2576	0.5395	0.1655
0.0363	-0.2123	1.2559	0.5852	-0.8957	1.3312	-0.5018	-1.2261	-0.1459	0.4596	0.6504	0.4214	0.1793	-0.7500	-0.2172	-0.1646	1.2223	0.8656	0.1871	-0.9121	0.4410	0.0967	0.3068	0.5384	0.6566	-2.6534	0.5155	-0.7738	0.6483	1.3880	-1.7997	0.0166	1.2812	-1.4983	-0.1534	1.6582	0.7404	-0.1502	1.5628	0.3234	0.3082	1.1278	-0.5284	0.6084	2.2469	-0.5945	1.8904	0.1839	-0.5933
-0.2727	-1.2695	-0.6148	0.5275	-1.1591	0.0727	-0.2891	-0.9970	-1.1112	0.4196	0.5029	-0.0286	0.1300	-0.0998	0.9846	-0.8136	1.5795	0.5724	-0.0135	-0.1201	0.0329	-0.4159	-0.1493	1.0789	0.2037	-1.3215	-0.9527	-1.0060	0.8245	0.3484	-1.0170	-0.8763	0.2436	-0.4752	-0.0611	1.2315	1.1783	-0.4404	1.0885	0.4176	-0.7783	0.6685	-0.4033	-1.5932	0.0108	-1.0214	-0.2420	-0.7077	0.2302
-0.1177	-0.1628	-1.0831	0.8641	-0.2036	0.2472	-0.4022	-0.7395	0.1995	0.5151	0.3631	1.2281	0.3622	-0.8065	2.0283	0.4156	0.9010	0.6304	-1.0770	0.6487	-1.9096	-1.1397	1.6602	1.6408	0.2264	0.5313	-1.9369	-1.0018	0.5510	0.9829	-0.3759	0.1766	0.8911	0.4372	0.1757	0.5370	1.0204	-0.7357	-0.6168	0.7551	-0.9252	0.4046	-0.3399	-1.3739	-0.6732	-0.4701	1.1439	-0.6121	0.3473
-0.4237	-1.5062	-0.5291	1.2494	-0.7638	0.6084	-0.3861	-0.7359	0.3518	1.0264	-0.6993	0.5373	-0.0762	-0.2836	1.0197	1.2201	1.5286	0.9636	-0.5788	-0.5563	-1.7865	-0.4334	0.5194	2.0009	2.0287	0.0072	-0.0327	-0.4910	-0.5595	0.4086	-0.5977	-0.7073	0.0157	-1.2579	1.0768	2.2265	-0.6530	-1.8076	-0.5099	0.1822	-1.8363	0.1771	-1.5205	-1.8606	0.5293	-1.1770	-0.5463	-0.5168	-0.4226
0.7214	-1.0443	-0.6633	0.2011	-0.3351	-0.8230	-0.4530	-0.6069	0.4225	-0.0785	-1.2235	1.1672	-0.6789	0.1884	0.3176	-0.2469	1.1686	0.8754	-0.4952	-0.6045	-0.3502	0.4966	0.6666	-0.0265	1.3725	0.1035	0.2609	-1.7360	-0.3214	-0.1196	-1.0019	-0.8513	-0.8356	-0.7227	1.6137	1.8433	-2.3765	-1.5506	0.7296	-0.4404	-0.8564	0.8418	-0.8146	-0.1886	0.5258	0.5782	0.3685	0.0493	0.4101
1.5892	-0.9974	-0.4736	0.5204	-0.9455	-0.0424	0.2625	-0.7797	0.5694	0.0743	0.3249	1.0181	0.0747	1.3010	0.4513	-0.6412	0.5340	0.7638	0.5501	-0.6019	0.1391	1.0102	-0.0824	-1.0568	0.5662	0.4507	-0.0881	-1.6336	-1.2934	-0.2232	-0.7830	-0.7345	-0.8901	-0.6181	1.1709	0.9790	-2.0638	-0.0361	0.7351	0.0275	1.1672	0.1834	0.2701	-0.3254	-0.3785	0.4262	-0.1346	0.2292	0.7043
2.1638	-0.9602	-0.2515	1.8813	0.2074	0.8522	1.0652	-1.1882	1.1801	-1.0382	0.0869	0.8690	0.8917	1.8065	1.4270	-0.3887	-0.2589	0.5459	0.4363	-0.3328	0.8471	0.2977	-0.2726	0.2902	0.1473	1.2664	-0.6704	-0.7191	0.8547	0.7926	0.1842	-0.3128	-0.0081	0.4326	1.0185	0.2842	1.1089	-0.9733	-0.3659	0.6533	0.8247	-0.1498	0.6424	-0.0589	-0.4134	1.1268	-0.4167	0.2382	1.5899
1.9519	-1.2928	-0.8219	1.3474	-0.4717	0.1720	1.3903	-0.4212	0.8882	-0.3430	1.2053	1.3069	0.1326	1.9210	1.3391	-0.9045	-0.5772	0.5467	0.4946	-1.3360	1.8756	-0.4904	-0.2307	0.1708	-0.1888	-0.5660	-1.1704	-1.0843	0.9337	-0.7757	0.1558	-1.4378	0.3259	0.3428	1.3336	-0.5405	-0.3612	-0.2194	-0.1485	0.6882	0.2323	-0.6701	1.0033	-0.5131	-1.0468	-0.9233	-0.3896	-1.1279	0.6485
2.0616	-1.3580	-0.1706	2.1805	-0.9201	0.3640	1.1128	-0.0816	0.4720	-0.8715	1.2323	0.9342	1.2023	2.0079	-1.0678	-0.1670	0.2505	-0.5587	1.0094	-1.2551	2.2818	-0.9879	-0.9836	-0.8734	0.6196	-1.5752	-1.1404	-1.6283	0.1965	-0.8557	-0.7117	-2.0530	0.2069	0.0568	1.5639	-0.9871	0.1075	0.5487	-0.1690	-0.3325	-0.0593	-1.1985	0.8812	-0.9749	-1.3169	-1.0008	-0.9178	-1.6198	0.3850
1.6169	-0.7125	-0.7703	1.3632	-0.7560	0.7647	0.3073	0.2440	1.4439	-0.6728	1.1220	2.4394	0.7810	0.3302	-0.0199	-0.0226	0.0095	-1.0368	0.0568	-0.2247	1.0975	-1.7038	0.2892	-0.4642	0.5017	-0.8103	-1.6422	-1.4861	0.8751	-0.8684	0.2140	-1.2705	1.2024	0.6929	1.9519	-1.0627	1.3448	0.3051	-0.2524	-0.0654	-1.0331	-1.7997	0.3403	0.7205	-0.5222	0.5257	0.0468	-1.2707	0.7369
0.9045	-1.1228	-0.8584	0.4991	-1.3086	-0.1657	0.3589	0.2165	1.2766	-0.0988	0.2479	0.5690	-0.4742	-0.2381	-0.5297	-1.0117	-0.2263	-0.5735	-0.3745	-1.3320	0.7119	-1.8039	-0.3012	-0.0705	0.3601	-0.6525	-0.5139	-0.0481	0.1727	-1.8794	0.3867	-1.2716	-0.2788	0.0317	1.1919	-0.4369	1.1654	0.1360	0.6554	-0.8375	-0.6401	-1.4573	0.4414	-1.4754	-0.1456	0.6027	-1.9000	-0.6435	-0.6000
1.1422	-0.4105	0.0861	-0.8830	-0.0644	-1.3041	1.0003	0.5215	0.4743	0.6926	-0.1668	0.1852	-0.1211	-1.0999	0.1614	-0.7188	0.0183	-0.0770	-0.3761	-1.4176	0.1076	-1.0270	0.3236	-0.9605	0.3109	0.1556	-0.5903	-0.2158	-0.8357	-1.2137	-0.5308	0.9420	-0.4232	0.5799	0.2756	-0.7803	0.8726	1.0158	0.0855	-0.9915	0.5615	-0.5077	1.4001	-1.3492	-0.2361	1.5401	-0.6218	0.6900	0.1958
1.5455	-0.2666	-1.1723	-1.0316	-0.3683	-0.8122	0.5327	0.7179	-0.3819	1.2183	-0.2769	0.5545	0.4836	-1.6758	0.2446	0.7860	-0.8695	-0.0945	0.4040	-0.8919	0.1112	-0.2703	0.7839	-1.4177	-0.6839	1.0623	-1.6638	-1.7055	-0.0514	0.1602	-0.7352	1.0020	-1.1738	0.1639	-0.1685	-1.4191	0.6364	-0.7231	-1.2594	-0.7728	-0.2215	0.3636	0.9942	-0.3008	-0.8578	0.9926	0.7557	-0.0817	1.1564
1.4872	-1.2735	-0.5987	-0.0699	-0.5999	-0.9899	0.7561	0.6009	-0.0018	-0.2368	-1.3851	0.2255	0.9897	-0.2952	-0.2252	1.0780	-0.6573	-0.9519	2.0396	-1.3140	0.1926	0.1174	-0.5452	-0.3225	-0.9106	0.4861	-0.8890	-1.9992	0.2059	-0.7639	0.3541	0.0524	-1.5267	-0.2007	1.0288	-0.9452	-1.1206	-0.4820	-1.5753	-1.6230	-0.3404	-0.1266	-0.1289	0.3644	-1.5295	-0.8712	0.6031	-0.9401	0.0479
0.2375	-1.0867	-1.1497	-0.8707	-0.8980	0.2549	-0.5742	1.0325	0.2631	-0.6196	-0.7421	1.0734	1.1799	-0.9318	0.0715	1.6236	-0.6661	-0.6834	0.8290	-0.0163	-0.6911	-1.3376	-0.8234	-1.2865	-0.0989	-0.1206	-2.0019	-1.1205	0.4689	-0.6422	0.4861	-0.3363	-0.3400	-0.2571	1.2888	-0.8453	0.0604	-0.4697	-1.7427	-0.8392	-1.1193	-0.6558	-0.4589	0.4592	-0.5610	-1.0171	1.2536	-1.5266	-0.3227
0.6987	-0.6784	-1.4125	-0.8004	0.3084	1.2472	-0.4256	0.7151	2.1598	-1.2610	-1.0844	1.2157	0.3743	-0.3060	1.3787	0.1779	-0.5490	-0.3670	0.2280	0.0733	-0.6549	-1.4518	-0.6959	-1.5428	0.5349	0.8341	-1.0569	-0.2556	-0.7508	-0.5564	0.8185	-0.0400	-0.2225	0.1598	1.3918	-0.5361	-1.1169	-0.2848	-1.1082	-0.0412	-1.6183	-0.4483	-0.4974	0.4296	-0.1207	0.6495	0.5073	-0.9881	0.5089
0.9025	-0.6834	-0.3902	-1.1465	-0.2904	0.3964	0.2444	-0.1425	2.1306	-0.0299	-0.7803	0.9576	-0.7596	0.1776	1.4569	-1.3410	0.5212	-0.2714	1.3610	0.2765	-0.3588	-0.1036	-0.4520	-1.7919	-0.4848	1.5907	0.7335	0.0844	-1.7098	-0.7120	1.4268	0.2496	-0.0690	-0.0813	1.4040	0.3696	-0.6399	0.8217	-0.2956	0.0082	-0.3328	-0.0086	-0.0389	0.9614	0.5038	0.5612	0.4616	0.4738	-0.0333
1.7377	0.0620	-0.6699	-1.5289	-0.1525	1.6045	0.4094	-0.1641	0.4934	-0.3347	-0.3342	1.2761	-0.8413	-0.3200	-0.2476	0.0869	0.4622	0.1338	1.0383	1.0600	0.2502	1.1234	-0.7486	-1.1783	-0.1519	1.3823	0.0888	-1.5361	0.5379	0.9964	0.7303	0.0670	-0.5682	0.1670	0.2338	-0.2723	-0.4449	0.3160	-0.0706	0.0970	0.1726	0.3051	-0.6012	1.2761	0.0298	0.4227	0.8363	-0.0395	-1.2187
0.8833	1.3034	0.2154	-1.3097	1.2692	0.0123	0.2495	0.3134	0.6917	0.3012	-1.0156	0.4712	-1.5176	0.0240	-1.0024	-0.3715	-0.0559	-0.1115	0.8554	0.7179	0.8979	1.4854	-0.6992	0.1946	0.6583	0.8854	1.9543	-1.2701	0.9338	-0.2820	0.1397	0.1454	-0.9335	0.6674	-0.2767	-0.5183	-0.9647	0.5919	-0.0841	0.1688	1.0613	0.0477	-0.5170	1.5723	0.6992	0.2534	1.1682	0.8437	-0.0383
0.0857	1.3632	0.9361	-0.2547	0.8637	0.8103	0.2142	0.7583	0.2493	0.4417	-0.4626	-0.3772	-0.9196	-1.0262	-1.8319	0.3885	-0.4120	0.5936	0.4478	0.3535	0.6628	1.4291	-0.9199	0.5492	0.2734	-0.9859	1.4856	-0.0347	1.2374	-0.4403	-0.1216	-0.1952	-0.1883	0.4136	-1.1549	-0.8277	1.0193	1.0708	0.0013	0.3815	0.9592	-0.1483	0.5195	0.3880	1.2934	-0.9808	0.2209	0.6026	0.2103
-0.4148	0.2274	0.6542	-1.0554	0.5171	0.8659	0.1572	0.7629	0.0601	0.1592	-0.2590	-0.4460	0.1886	-0.9710	-1.8287	0.2769	-1.4970	0.6124	-0.1416	0.0781	0.3219	0.0871	-1.0698	0.1448	1.0670	-2.0307	1.4438	0.2891	0.5104	-0.5889	-0.4038	0.0833	0.5752	0.9998	-0.4607	-1.2710	1.2953	0.7451	0.1435	-0.4046	0.1354	-0.0127	1.3511	0.1461	1.6460	-0.2694	0.7789	0.3171	0.2156
-0.9027	0.9610	0.3897	-0.7968	-0.3373	1.1560	0.3532	0.8846	-1.1502	0.8389	0.3730	-0.5808	-0.3727	-1.1817	-1.8091	0.7840	-0.4673	0.4671	-0.0594	0.7796	0.3268	-0.5173	-0.7769	1.4432	-0.6932	-0.8262	0.8532	1.2140	0.8117	0.0512	-0.4073	0.5218	0.4623	1.3302	0.3446	-1.4211	1.4307	0.4846	0.4062	0.9645	0.4494	0.8071	1.3013	-1.0753	0.7396	0.0252	0.9344	1.5331	0.8045
-0.5481	1.4547	0.1578	-0.7949	-0.3692	0.8862	-0.1072	0.5963	-0.6392	-0.5876	0.2263	-0.2001	-1.0112	-1.0847	-1.0542	0.6365	-0.1842	0.2249	0.6488	0.2945	-1.2986	-0.4190	0.0128	0.5245	-0.3250	-0.6605	0.4468	0.8446	0.1579	-0.4800	-0.0448	1.2211	0.8930	1.6309	0.1888	-1.6419	-0.7346	0.5419	-0.4635	1.6738	0.9643	0.9380	0.3978	0.5656	0.0453	0.2576	1.3098	1.7117	0.2951
0.4475	1.4834	-0.1336	-1.7424	-0.3493	-0.7353	0.2578	0.5335	-0.9784	-0.4833	-0.5162	-0.0907	-1.7429	-0.9251	-0.9299	0.1366	0.8133	0.4395	1.0491	0.7578	-1.7546	-0.0593	-0.4961	0.3326	-0.1211	-0.0941	0.8436	-0.2335	1.1947	-0.5101	0.3461	0.7385	0.4685	1.7687	0.0044	-1.5941	-0.3860	0.9044	0.0170	1.4083	0.7747	1.3723	0.1153	1.5713	-0.0422	0.4597	0.9045	2.0241	1.3237
0.2148	0.6623	-0.3525	0.4472	-0.2652	1.1958	0.0228	0.4469	-0.8523	0.1471	-1.2060	-0.3745	-0.9101	-0.2418	-2.3094	0.6420	0.3823	0.4248	1.4234	0.3427	-0.2956	0.5302	-1.2752	0.9982	0.0112	1.0184	1.4105	-0.2195	1.9715	0.6035	0.2735	-0.2575	-1.0201	1.0312	-0.0450	-0.7517	1.3781	-1.6568	0.6748	0.9273	-0.1684	0.9883	-0.0117	1.0217	0.6733	0.1298	-0.4497	1.0555	0.8828
0.1283	0.5223	0.5137	1.3378	1.1828	0.4334	-0.4883	0.7066	0.0467	-0.3382	-0.6451	-0.5375	-0.6500	0.9589	-0.5300	-0.0638	-0.8935	0.2504	0.7955	-0.4293	0.8413	1.0308	-0.6175	1.2001	0.3304	1.2876	0.9281	-0.1434	1.8075	-0.2883	0.0533	0.6999	-1.1794	0.2427	-0.8413	-0.3578	-0.8997	-0.9053	0.3587	0.1831	0.8878	0.2823	-0.3476	0.9329	-0.1069	-0.4921	-0.3278	0.4730	0.5491
0.0706	1.3263	1.2556	0.3943	1.2669	0.5198	-0.0387	0.8450	-0.8388	-0.6263	0.3495	-0.8282	0.0535	0.4270	0.3472	1.1349	-0.4318	-0.0360	-0.1861	0.2067	1.4361	1.0813	-0.0403	0.6863	-0.4021	0.1980	-0.8925	0.2198	1.3901	0.4913	0.4948	0.5586	-0.0081	-0.2101	-1.5718	-0.1272	-1.5582	0.0747	-0.2595	-0.8404	1.7312	0.0773	0.0794	0.6342	-0.8787	-1.0775	1.0171	0.4747	0.2479
-1.1844	0.9779	0.5405	-0.4308	-1.2109	0.1843	-1.2405	0.9648	-1.6574	-0.5353	0.4813	-0.8847	-0.1932	0.1013	-1.6896	1.8567	0.8724	0.7217	0.3358	0.8537	1.3767	0.6610	-1.4731	1.0433	0.4799	-0.6031	-1.1255	0.7516	1.8085	-0.4180	0.2157	-1.1819	-0.2120	0.2313	-0.4725	0.5216	0.6931	0.3750	-0.4774	-0.7940	0.3285	-0.3639	-0.7662	-1.3358	-0.2900	-3.1186	-0.7059	0.4162	0.0225
-1.8279	1.5477	-0.7678	-0.2004	0.7792	0.5902	-1.7900	1.2984	-2.1070	0.1666	-0.4399	-0.1886	-0.4455	0.5961	-2.0058	0.8926	1.3925	0.4709	-0.8099	2.5664	0.8922	0.3962	-1.1322	0.5007	0.0436	0.0613	-0.3209	0.3061	0.5841	-0.8063	0.2406	0.1933	-0.3449	1.3241	0.2765	0.2874	1.5287	-0.3753	-0.3553	-0.7757	-0.3755	-0.0639	-0.4187	-1.2809	0.6533	-0.8458	-0.2263	0.4705	1.1613
-1.6774	1.3198	-1.1346	-0.5025	1.0506	-0.4795	-1.8181	0.8865	-1.2753	0.3773	0.1636	-0.0335	-0.4447	1.8061	-0.0457	0.6060	0.9719	0.4770	-1.0445	2.7341	0.1785	1.1864	-0.9148	-0.9248	-0.6563	-0.0312	-0.3889	0.5048	0.0158	-0.9603	0.3948	0.2209	-0.3045	1.3061	-0.7488	0.6741	0.8702	-0.0438	0.2462	-1.1254	0.4794	-0.3741	1.1866	-0.0804	-0.2109	0.2139	0.6314	-0.1128	0.6162
-0.9963	2.0496	-1.1015	-0.5179	1.5330	-0.9416	-0.9061	1.0556	0.1724	-0.5680	1.0799	0.7928	-0.7814	0.6575	1.7313	0.1242	0.2762	0.2338	-1.5983	1.4586	-0.0507	0.1740	-0.1400	-0.2758	-0.5001	0.5343	-1.0497	0.4109	-0.2621	-0.2199	0.5517	0.7039	1.7976	0.5676	-1.7597	-0.4909	0.7221	0.9743	0.1735	-0.7891	1.0414	-1.3903	0.7237	0.8740	-0.2300	0.5597	1.4157	0.5110	0.5526
-1.1587	2.0476	-0.7523	0.5011	0.6670	-0.5460	-0.8828	1.2828	0.6716	0.8536	1.4486	0.1031	-0.7418	-0.4915	-0.4393	-0.0580	0.3016	0.4688	-1.7847	1.1381	-0.6866	0.0738	-0.1514	1.6238	0.1566	1.1493	-1.2355	0.8315	-0.6536	0.1705	0.1412	0.4356	1.7737	-0.3741	-2.3010	0.0065	1.4367	0.4165	0.9540	-0.3900	1.0706	-1.8741	1.2732	0.0216	0.3948	0.2291	0.4149	0.5424	1.3540
-1.1069	1.1476	-0.4361	0.2236	1.0603	-0.8016	-1.4339	0.8578	1.3769	0.3296	0.1632	0.2977	-0.6429	-0.9381	-1.0077	0.3084	-0.6190	0.5734	-1.5235	0.5823	-1.5666	0.5228	0.4483	0.3653	1.3354	0.6422	-0.1818	1.3868	-1.5821	-0.0650	0.4287	1.7413	1.6983	-0.0980	-2.0140	0.2512	-0.2372	0.1747	-0.6117	-0.2602	0.9555	-1.1539	0.2861	-0.0603	0.5096	0.5548	-0.4618	0.4181	0.1278
-1.2394	1.0324	-1.4351	-1.0009	0.7589	-2.6429	-3.0180	0.9977	-0.2621	-1.3338	-0.0952	0.3606	-2.3151	-1.2340	0.1323	0.0477	-0.7933	0.8166	-1.0139	0.7994	-1.0928	0.9932	1.2433	1.0706	-0.0255	0.3393	-0.1540	0.8590	0.5067	-0.6029	-0.3965	0.9415	0.9199	0.1656	-0.2288	-0.4384	0.9613	-0.5948	-1.0864	0.0500	-0.6411	-0.2129	-0.9078	0.0492	-0.0083	-0.7644	0.4145	0.7084	-1.3590
-0.1170	0.7932	0.4727	-0.0829	0.8324	-0.9804	-2.3840	0.8605	-0.1283	-0.2990	0.4218	-0.3640	-2.0885	0.2963	1.2079	0.6480	0.0466	0.6422	-1.8685	0.0025	-1.1456	-0.1209	-0.0452	-0.2040	0.0032	-0.5490	0.5768	1.0438	-0.9743	-0.0410	-0.4536	0.1215	0.8019	-1.1819	0.0687	-1.5228	-0.6584	0.1253	-0.0150	-0.6315	-0.0073	-0.8332	-0.3221	-0.0954	-0.7693	-1.0795	-1.6975	-0.1130	-0.9470
0.4512	0.8424	1.4424	-0.5815	0.7441	0.3922	-0.6406	0.8224	-0.0378	1.4057	0.1757	0.1695	-0.1931	0.8046	1.6806	1.0348	0.8419	0.0241	-1.8203	0.3458	-0.7101	-0.8476	-0.0786	-0.4432	0.4290	-0.2780	-0.8278	0.6093	-0.6864	1.6565	-0.7674	0.1691	1.4846	-1.7561	0.4549	-1.5440	0.0138	0.9435	0.3997	-0.4117	0.5737	-1.0425	0.4167	0.9493	-0.3714	-0.6043	-0.6317	-0.0373	1.5518
-1.8147	0.3582	1.8659	0.4258	0.4186	-0.0764	-2.1793	0.7101	-0.6965	-0.1829	1.5426	0.5351	-0.7118	1.1304	1.4120	1.1182	1.2157	-0.4581	-1.7381	2.0805	0.3287	-1.5034	-0.0167	0.1711	0.7027	1.3116	-1.5918	0.0208	0.1049	1.2188	-0.2530	-0.0737	2.1536	-1.1267	1.4555	-0.4030	1.8178	0.5981	2.3790	-0.3194	0.4754	-1.7077	-0.0400	0.3939	0.4741	-0.2037	0.7599	-0.6104	1.3977
-0.5829	-0.9660	0.8831	0.6343	-0.7066	2.0501	-0.3399	0.8176	-0.4896	2.0229	1.7103	-0.3317	-0.3180	1.9365	2.1295	0.6461	0.4989	-1.1301	-0.4291	0.9437	-0.0465	-0.8760	-1.2638	2.7903	0.5714	1.1398	-0.2029	0.4747	-0.3925	-0.0898	-0.2567	-0.4553	0.2853	0.0163	1.8340	0.4850	0.8220	1.8215	2.4264	0.3691	0.8109	-1.5835	0.4490	-0.7059	0.9738	0.0629	-0.4035	-0.2459	-0.3131
-0.1016	-0.3998	-0.3262	0.9358	0.5473	0.9257	-0.3898	0.4378	-1.6503	1.5748	2.7578	-0.2615	-0.3442	1.3879	1.5875	-0.3104	-0.1693	-1.0253	-0.6748	-0.1119	0.0532	-0.4069	0.0510	0.9034	-0.1499	1.9956	1.0691	1.1358	-0.7519	-0.0457	0.6126	-1.2965	0.9106	0.3091	1.7836	0.5731	1.3068	1.0839	1.2715	-0.5166	1.6998	-2.0586	2.1846	0.8641	0.5582	0.8049	-0.9539	-0.8316	-0.2813
0.1846	-1.0990	-1.1540	2.0416	0.4727	1.5241	2.0325	0.3299	-1.6005	0.5876	2.0668	-3.0591	0.2643	0.6196	1.2398	0.7109	0.0415	-3.3121	-0.8399	-0.9501	-0.5195	0.1729	0.5378	0.0509	-0.1074	1.3187	0.8754	1.5465	-1.2531	0.5208	0.0174	-0.5420	0.1286	-0.6512	2.1327	0.4509	1.5157	-0.0401	0.7269	0.0017	1.7319	-0.7013	2.0062	0.1180	-0.1211	2.1908	-1.0003	0.9007	0.4563
0.9756	-1.3037	-1.2980	0.4537	-1.3654	0.5547	1.8159	-0.9387	-0.6312	1.0674	0.5736	-2.8010	0.6744	-0.4081	1.2684	0.1269	-0.2859	-2.6863	-1.0076	-0.8664	0.6105	0.8080	-0.1394	-1.2796	-1.7135	1.6650	1.8817	2.2165	-1.0279	0.7333	0.2909	1.4522	-1.1784	-2.1991	0.9829	1.8276	1.9363	1.6931	-0.0334	0.5204	2.6275	0.7912	1.2107	0.1215	0.4939	3.3853	-2.8680	0.7138	-0.9881
0.9993	-1.4613	-0.2133	-0.2580	-2.5509	-0.8975	1.4886	-1.4150	-0.1267	-0.9932	-0.2428	-1.2102	0.0707	0.0923	1.0046	0.0670	-1.3168	-1.0189	-1.3916	-1.5638	1.3725	0.4687	0.1556	-1.2357	-0.5014	1.0277	2.0253	0.6968	-0.7819	-0.2843	0.4420	1.3172	-0.0359	-1.7511	-0.5421	1.0696	-0.7465	0.9269	-0.8301	-1.3617	0.1988	0.7593	-0.1104	0.3492	0.3417	1.4274	-1.3134	0.2515	-1.5059
-0.0755	-1.1815	0.9494	1.5468	-3.1496	-1.1862	0.0786	-0.2594	-0.3965	-1.8695	-0.7800	-0.7877	-1.0750	0.6278	-0.5217	0.6772	-2.0051	-0.7291	-1.2432	-1.7449	0.5778	-0.8330	-0.6376	-1.0384	-0.4906	0.4527	-0.2600	-1.2582	1.4119	0.3832	-0.0116	0.4757	-0.2285	-0.8383	0.3009	-0.5871	1.9370	-0.9910	-0.4655	-1.2614	-0.4459	0.4068	-0.0405	0.9697	0.6482	0.3022	1.1786	0.5515	-0.7467
0.0839	-2.3981	-0.1615	0.1520	-3.4789	-1.6705	1.7433	-0.2080	-0.8640	1.1228	-1.9339	-1.1582	0.1155	0.6611	-1.3090	0.1606	-1.1506	-0.4211	0.0946	-1.9356	0.1803	-0.7992	-1.7273	-0.7368	-2.4613	-1.3944	-2.2581	-1.6793	1.0678	-0.1669	0.7908	-1.1818	-1.3546	-2.0947	-0.5987	-1.5505	-0.3452	-1.8465	-0.3630	-0.6581	-0.5792	0.2743	-0.0288	-0.0478	-0.9052	-0.4463	-0.9895	-1.3945	-0.2739
0.1451	-2.4447	0.4165	-3.0257	-1.8966	-3.6231	1.1390	-0.7459	-0.5351	0.1480	-1.8672	-1.2777	1.1748	0.5767	-2.0203	-1.9170	-0.6840	-1.3657	0.5809	-0.7079	0.0994	-0.5485	-0.9595	-2.1800	-2.4086	-1.1834	-1.2852	-0.7773	-0.5611	-1.1636	1.8972	-1.1962	-2.0442	-1.8077	-1.4797	-1.1665	-2.0726	-1.4215	-0.0650	-1.8549	-0.1629	-0.3677	-1.0272	-0.5652	-1.7854	0.8675	-0.8584	-2.1195	-1.4179
1.7444	-2.2640	0.4853	-2.2444	-1.1894	-1.6726	2.3071	-0.9727	0.3029	-0.3421	-1.6747	-0.2800	2.9927	-0.4305	-0.9254	-2.7353	-3.3551	-1.7021	1.3554	-2.3689	-1.5590	-0.1221	0.6134	-0.7711	-3.3342	-1.6997	-0.1795	-0.2488	-0.4345	-0.8198	0.5306	-0.0253	-3.7630	-3.0658	-1.1438	-0.1015	-1.6354	-0.4860	-0.0472	-2.1224	-0.0932	-1.4401	-0.7497	0.2838	-1.2116	0.8578	-0.7440	-0.9438	-2.7163
0.3664	-1.9300	0.3755	-0.5526	-0.5477	-0.9185	2.7164	-0.9266	2.0150	-2.4275	-0.0438	0.2981	2.7578	-0.5548	-1.7472	-2.4575	-2.0677	-0.7640	-0.6187	-0.8606	-2.0372	-2.2536	0.0470	-2.3005	-2.3293	-2.0780	0.6669	0.3979	-1.9522	0.3661	0.3728	0.3002	-2.0160	-2.8027	-0.5278	1.3615	-0.0595	-1.7086	-0.0494	-0.5413	-2.0821	-2.4703	-1.6796	-2.3253	-0.1723	-1.5063	-2.9003	-0.8505	-1.9664
-1.2042	-0.3939	0.9097	-0.7856	0.4290	-1.4276	1.3977	-0.1470	1.5881	-0.5851	0.4552	0.0485	1.3848	-0.5428	0.7203	-1.1586	-0.6064	-0.3832	-1.2865	-0.7655	-0.5811	-2.5148	0.3051	-1.8263	-0.8492	-1.6944	0.1631	0.8706	-2.0828	-0.2482	0.4712	1.1441	-0.4029	-0.3064	-1.3970	0.0019	-1.9768	-1.6122	-0.3923	1.1438	-3.0798	-0.0661	-2.5035	-0.8879	-0.5219	-1.3705	-1.4940	-0.9558	-0.5243
-1.0659	0.7006	1.7680	-0.5241	1.6051	-0.4849	0.8749	-0.2765	0.6869	-1.4475	-0.2695	-0.4062	1.2984	-0.8032	2.0049	-0.4102	-0.9293	-0.4021	-1.0087	-0.5587	-0.6551	-1.2679	1.3357	-1.1879	0.0991	0.1513	0.1034	1.1464	-1.6095	-0.0926	0.9756	1.9722	-0.2269	0.5747	-1.4452	0.1883	-1.7638	-0.3605	-0.9317	1.0177	-2.6623	0.8549	-1.3167	0.0356	-1.0294	0.5949	-0.2678	0.0797	0.1205
-1.1713	0.1497	2.4716	-0.3538	1.7342	-0.9273	-0.3186	0.1838	-0.1442	-0.8100	-0.4070	-0.2507	0.3703	-1.1695	2.1773	-0.4821	-1.0182	0.5658	0.1909	-0.3181	-0.0070	0.8253	1.7838	0.4422	1.1404	1.5259	-0.9227	0.0170	-0.5745	-0.5009	-0.4305	1.4701	-0.9438	0.3690	-0.6773	0.9440	-1.5820	0.3038	-0.8832	1.2356	-2.8788	0.2653	-1.7877	0.3737	-1.6591	0.5404	0.4454	0.1007	0.2380
-0.0587	1.4727	2.7939	-0.1608	2.7205	-0.8796	0.7609	-0.3575	1.7599	0.0700	-0.6479	-0.1117	-0.3142	-0.4317	2.3251	-2.0509	0.1102	0.2591	-0.0460	-0.0014	0.0563	1.0251	1.8052	-0.4838	0.3017	2.1923	-0.4290	0.5670	-1.2480	-0.2448	0.5208	0.8031	-0.9531	-0.0017	-1.0677	2.0872	-1.6629	-0.3440	0.2100	0.7794	-1.8740	0.5329	-0.3276	0.6279	-1.3345	1.8563	0.2246	0.8186	1.5272
-0.0962	1.7539	2.6458	1.6566	0.3295	1.5343	0.2799	-0.3013	-0.6164	-1.5019	-0.9371	-1.0978	0.3159	-0.3595	-0.2561	1.4292	1.3323	0.5418	1.7744	0.1073	1.1665	2.2090	-0.5797	-0.3672	0.0595	0.1331	0.5645	1.5719	0.7501	1.6111	0.5100	-1.4416	-1.0540	-0.4550	-0.4257	2.5218	-1.1539	-0.0054	1.1288	-0.3239	-0.4805	1.3297	-0.7760	0.4112	1.0144	-1.5257	-0.6166	1.2613	-0.6643
0.4602	1.1410	0.9209	1.1857	1.6353	1.2310	1.3290	-0.5612	0.8665	1.3013	-1.4182	0.4921	1.2364	0.9709	1.6268	0.6132	0.7914	0.4403	1.5281	0.2279	0.7231	2.1149	0.0374	2.5095	-0.3327	-0.3530	0.2997	-0.8287	0.0584	0.0724	0.8075	0.2098	-0.1103	1.1027	-0.5875	1.3252	-2.1270	0.4631	0.9077	1.1084	-0.1531	1.4605	0.2041	0.9381	0.4842	0.6195	-0.1484	0.5955	0.5824
-0.1801	-0.0605	0.3675	1.1293	0.2794	-0.4160	0.9948	-0.2911	0.2955	0.6683	2.3902	0.8118	0.9482	0.6240	-0.3852	-1.1018	0.2621	-0.6792	1.2320	0.6259	-0.4670	0.0326	0.2617	-0.0294	-0.2602	-0.6325	0.5309	-1.3885	0.2354	-0.1099	1.1773	-0.4081	1.6286	1.7176	-0.3211	0.2931	1.9407	0.8567	-0.4271	2.2863	1.2236	-0.3090	1.8859	0.9082	-0.3957	0.5935	0.8409	-0.7892	-0.3502
-0.5903	-2.7991	1.1332	-0.0214	-1.9571	-1.7647	1.0731	-0.2761	-0.0703	0.8167	0.1215	-0.3550	0.1069	-0.1132	-1.1142	-1.5387	1.0176	-0.2244	3.1816	-1.3002	-0.6820	-0.1625	-0.7697	0.3421	-0.3244	-1.5850	0.7025	-0.1156	0.1656	-0.6054	0.4825	-0.3307	0.2704	-0.0332	0.3571	0.0714	0.7132	0.6848	-1.2531	2.5519	0.2759	0.9335	0.0053	-0.9875	-1.2183	-1.6090	-0.7532	-0.6919	-2.1473
0.2040	-2.6325	0.2812	0.1491	-0.0210	-0.3411	1.0981	-0.1186	0.0919	-0.9153	-1.0741	-0.2837	0.6341	-0.7866	-1.4204	0.5565	-0.2815	-0.9772	1.8736	-0.8150	-0.5450	0.6672	0.5706	-0.6925	-0.6707	-1.0255	0.6389	-0.0419	-0.4565	0.5118	-0.1164	-0.1691	-1.5133	0.3548	-0.2349	0.1139	-1.3308	-0.6968	-1.2419	0.3273	0.1535	0.8774	-1.0572	-0.2343	-1.4536	-0.5358	-0.0063	-1.7003	-2.1197
-0.5966	-0.9330	-1.5538	-1.1722	0.1486	0.3046	0.5168	-0.3424	1.5117	-1.0775	-0.0962	-0.0403	0.3904	-1.5825	0.2784	1.1907	-0.8119	-0.5586	0.5933	0.7338	-1.0907	-0.8681	1.2897	-0.6986	0.2896	-1.3869	-0.0181	0.6822	-1.6879	0.6453	-0.0776	0.7470	0.0482	0.6453	-1.2519	-1.1621	-0.2761	-0.1147	-1.8818	0.7410	-0.5097	0.2010	-0.8186	-0.4097	-1.0253	-0.1292	1.0807	-0.9600	-1.1027
-0.4343	0.3713	-0.4486	-0.7871	-0.1403	-1.1232	0.6082	-0.5564	0.7410	0.5650	-0.4530	0.0675	-0.2343	-0.6526	-0.8662	-0.1886	0.4023	0.2396	1.2263	0.7988	-0.7309	-0.5454	1.2656	0.1212	0.6322	0.5958	-0.0748	-0.2595	-0.5510	-0.5073	0.0109	0.0382	-0.9747	0.6632	-0.1185	-0.4062	-0.4928	-0.6135	-1.7170	1.1147	-1.0750	1.2822	-0.5548	-1.4971	-0.9359	-0.5400	0.1659	-0.2709	-0.7337
0.0163	1.2675	0.8768	-0.0105	0.2832	-1.1032	0.2538	-0.4990	-1.3260	0.9482	-0.4446	0.0602	-0.0776	-0.1503	-0.9963	-0.1361	0.5349	-0.1276	1.5345	0.2572	0.1622	0.1371	0.6519	-0.5383	0.2317	1.4490	0.1535	-1.2318	0.4179	0.1460	0.0436	-0.0291	-1.8461	0.4739	0.2209	0.0124	-0.0524	-1.0798	-1.6143	0.1151	0.5322	0.7626	-0.5404	-0.3836	-0.3186	0.0833	0.7219	0.0175	-0.2961
-1.2790	0.2206	0.8294	0.4798	0.0176	0.2863	-0.4130	0.4681	-1.8730	-0.2793	0.2093	-0.3401	0.2673	0.0504	-1.4525	-0.1241	-0.1172	-0.2891	0.8638	0.0482	-0.9225	-0.9524	-0.7030	-0.8655	0.3338	0.1130	-0.4300	-0.3700	-0.2817	0.0171	-0.2355	-0.7175	-1.3116	0.9675	0.2943	-0.1598	1.1257	-0.5107	-1.2779	-0.4256	0.0199	0.3114	-0.4198	-1.6052	0.1551	-1.0231	0.0317	-0.6379	-1.1626
-0.9047	0.1223	-0.2353	-0.3224	0.6398	0.1966	-0.5755	-0.2543	0.0242	-1.4041	-1.3521	-0.1944	0.8491	0.3842	-0.2849	0.7150	-1.0042	0.3213	0.5538	0.1973	-1.0006	-0.5509	-0.2738	-1.2198	1.1796	-0.0434	-0.2028	0.0813	-0.5774	-0.2381	-0.0387	-0.3856	0.4016	0.3899	0.0475	-0.2040	-1.1713	-1.5692	-1.5466	-0.7148	-1.4494	1.1546	-0.6992	-0.7155	-0.1455	-0.3079	-0.3289	-0.9975	-0.1260
-0.3304	1.4149	-0.0655	-0.0022	1.5701	0.9203	-0.5973	-0.6440	0.7875	-0.6699	-0.7008	0.3977	0.6152	-0.5528	1.4801	1.6027	-0.1468	0.5537	0.7655	0.6762	-0.2673	0.2387	0.6714	0.0921	2.1400	1.3349	0.5610	0.8151	-0.5563	0.4481	-0.0347	0.8055	1.5479	0.7642	0.0552	-0.6386	-0.6570	0.3667	-1.2972	-0.5433	-1.8623	1.1062	-0.6126	0.4434	0.2596	-0.0279	0.3800	0.6341	0.8164
-0.2519	1.0438	-1.0207	-0.6844	0.9444	-0.1999	0.0856	-0.8469	0.4506	0.6895	-0.5982	0.3947	-0.2250	-0.5357	1.4493	-0.0973	1.1188	0.9120	0.5556	1.0497	-0.0687	0.9091	1.0226	0.1281	1.1732	0.0908	0.6853	0.5296	-0.1413	-1.0902	0.0171	0.4192	1.0602	-0.2954	0.7551	0.0717	-0.8945	0.1618	1.1512	0.1076	-1.0862	0.9586	0.1026	-0.0635	0.6718	0.6022	-0.0788	1.3226	1.3111
0.7429	1.0797	-0.3867	-1.1311	0.2811	-1.6991	0.7750	-1.0169	-0.9557	-0.8959	0.0047	0.5967	-1.2927	-0.5351	0.5898	-1.9898	1.9815	1.4585	0.3737	0.7727	0.5637	1.6354	0.7799	-0.0965	1.9269	-0.0097	1.1235	0.1444	0.0333	-1.4110	-0.5619	-0.1421	0.3065	0.6927	0.1285	1.4674	-0.9163	0.6429	0.9729	0.5477	0.0942	0.3282	1.1220	-0.5548	1.2640	0.5100	0.2483	1.2090	1.4109
0.1235	-0.5469	0.0646	0.9621	-0.4968	0.6342	-0.6161	0.0884	-1.4571	-0.1379	0.0642	0.6915	-0.7634	-0.6165	0.3587	0.3707	1.2449	1.5578	0.7029	-0.8261	1.1524	2.1718	-0.5417	1.7402	1.0761	-0.9798	0.3364	-0.6346	2.0238	-0.6304	-1.9035	-0.7566	-0.4197	1.8238	0.2930	0.6763	-0.5294	0.5809	1.0061	1.1121	-0.5031	0.7692	0.2838	-0.9537	0.9456	-0.8375	-0.0686	-0.0395	-0.6168
1.0739	-0.2814	-0.4711	0.4919	0.9495	1.0269	0.4550	-0.3055	0.7098	-0.1859	0.8900	0.2687	1.0061	0.0610	0.9173	-0.1141	0.1003	0.3190	-0.1566	-0.0002	0.1428	0.3966	-1.0942	-0.3054	-0.3739	-1.3944	-0.4830	-0.5783	1.3429	0.5240	-1.0435	-0.0848	0.6368	2.0860	-1.3784	-0.6549	0.0326	0.6416	0.6764	1.8580	0.9069	0.1602	1.2951	0.2633	-1.3523	1.9757	-0.0424	-0.7877	1.0927
0.6434	0.1382	-0.3289	0.6610	0.3897	0.8466	-0.1491	-0.4604	1.1614	0.0632	0.5841	0.6056	2.2104	-0.2290	1.0141	0.4789	-0.1903	-0.1574	-0.5334	-0.6742	-0.2309	-0.4786	-0.5238	0.1593	0.1893	-1.6550	1.2915	0.7688	0.2238	0.5941	-0.6271	1.7504	3.0990	0.1615	-1.8423	-0.7843	0.8140	1.2451	-0.0757	1.6632	1.4501	-1.0575	0.6679	3.5371	0.5225	1.9344	1.0536	0.1671	0.6221
0.4303	-0.7165	0.0692	-0.1131	-0.9351	0.1052	0.1522	-0.8176	-0.7943	1.6492	-0.4968	0.4620	0.9567	-0.7851	-0.6487	-0.4398	1.1324	0.2801	0.1444	-0.5777	1.0469	1.1111	0.0209	2.6448	0.8790	-1.2092	0.5587	0.2608	1.2728	0.9877	-0.6659	0.0227	0.9351	-1.7313	-0.6210	0.2463	1.2200	0.2098	0.1758	0.8043	-0.0292	0.2772	0.2002	1.4816	1.3436	0.7100	-0.5712	0.1122	0.6439
0.1814	-0.9820	-0.2786	0.1208	-0.7946	0.8865	-0.7069	-0.3703	-0.8770	-0.8148	0.3215	-0.1116	0.5413	-0.9514	-1.1843	-0.7500	-0.3164	0.3791	-0.8230	-0.3409	0.4119	0.2633	0.5327	0.8593	0.7910	-0.7201	0.3477	-0.0397	1.6317	2.3420	-0.8480	-1.6113	-0.1139	-0.6129	-0.2139	0.0152	1.2866	-1.0006	0.8461	-0.5837	0.1462	0.4305	-0.9511	-0.3377	0.9411	-0.3649	-0.8229	-0.8750	-0.8165
0.2530	-0.0093	-1.5564	-0.2624	-0.7085	0.0819	-1.0145	0.9458	0.9225	1.1435	1.2885	1.1892	-0.5816	-0.5310	1.1452	-0.1161	-0.2080	0.5675	-0.2515	0.3659	0.3580	-1.2093	0.5160	-0.1458	-0.8058	-0.2019	-0.1651	0.1836	0.4482	0.2116	-1.3633	-0.2212	1.1558	0.8262	0.9198	-1.4405	0.3899	-0.2625	0.8744	0.7958	-0.3479	0.4269	-1.3313	-0.3754	0.1978	-0.4050	0.8061	-0.5387	-0.3402
0.2662	-0.8135	-0.6516	0.8992	-0.8826	-0.1951	-0.7643	0.3717	1.2739	0.2559	-0.0528	0.8145	-1.0220	1.1890	-0.3701	0.7315	1.6331	0.4024	0.9475	0.4057	0.8229	-0.6680	-0.5495	-0.1795	0.1336	0.7338	-0.8340	-0.3028	-0.7211	-1.0521	-0.4595	0.0809	0.5454	-0.2397	2.2858	-0.4930	-0.4306	-0.9635	0.7447	-0.3007	-1.1120	0.4828	-1.1145	-2.1974	-0.4727	-1.2019	-0.0809	0.4098	0.8490
0.0259	-1.1018	-0.9396	1.2716	0.8903	1.4747	-1.0646	0.4097	-0.6128	-0.7341	-0.2231	0.5603	-0.1562	1.0191	-1.6403	1.8878	1.6781	0.0000	1.0091	0.7116	1.0797	0.4454	-0.8670	0.3393	0.6788	1.4939	-0.8767	-1.2710	0.4916	-0.1778	-0.1524	-0.5965	-0.9269	0.4037	2.5294	0.3357	0.2820	-1.0987	0.5941	-1.7659	-0.6364	-0.3182	-1.2947	-1.8820	-0.0576	-1.5597	0.0235	-0.1675	-0.7256
-0.4126	0.2959	-0.5926	0.5548	1.2999	1.6512	-0.6453	0.3057	0.4993	-0.4252	-1.3723	0.3436	-0.4147	1.0056	-0.5651	0.6217	0.8264	0.1945	-0.1766	0.1883	1.3925	-0.1940	-0.8037	0.0593	1.6143	0.0194	0.4511	-0.6217	-0.5157	-0.3405	0.0216	-0.6609	-0.3982	0.5366	1.7294	0.8229	-1.4485	-0.6609	0.6553	-1.0239	-0.0372	0.0242	-0.9977	-1.7269	0.5612	-1.3154	-0.6301	-0.0112	-0.8338
-0.5614	1.2059	-1.2999	-0.6103	0.0150	0.5284	-0.4581	0.6669	-0.7914	-0.2184	-0.0613	0.2597	-1.4520	0.9218	0.0075	-0.3448	0.7190	0.1864	-1.1135	0.8032	0.5919	-0.7163	-0.5770	0.2633	2.3053	-0.2786	1.0516	0.0616	-0.8788	-0.2540	0.1499	-1.2577	0.7021	1.2492	0.9551	0.3278	1.4974	0.4631	0.8482	-1.0743	-0.1349	0.3093	0.2860	-0.4133	1.1706	-1.0240	0.8175	0.4293	0.2877
-0.5602	0.7534	-2.0460	0.0649	-0.4525	1.1478	-0.4414	0.6163	-0.6458	1.4495	0.0743	0.5337	-1.8375	0.9400	-0.4010	-0.4042	0.9681	0.3587	-1.2407	0.7907	-0.2410	-0.4639	-0.0415	1.6901	0.3463	0.2904	-0.1861	-0.4438	-0.8472	-0.5054	0.1216	-1.1286	0.1881	0.2292	1.1687	-0.7227	0.8532	0.4677	0.8733	0.6216	0.1925	0.5842	1.3929	-0.8216	0.5405	-0.0775	-0.1113	0.6906	0.8959
0.8509	0.6170	-0.7092	-0.8443	0.2945	0.4730	0.1822	-0.5314	1.3520	0.8484	0.0667	0.8864	-0.9890	1.2903	0.5120	-1.9742	0.1969	0.1600	-0.8009	0.7241	-0.6246	-0.6194	0.4042	-0.8955	-0.2300	1.5569	-0.0021	-0.2007	-0.1925	-0.5266	1.3182	1.4052	0.6954	-0.0960	1.1101	-0.2275	0.8333	0.7157	-0.5390	1.0921	2.1204	0.3997	1.8323	1.2598	0.3309	2.7010	-0.0020	1.1980	1.4001
0.3451	-0.4554	-0.7241	-1.3932	-0.4235	0.3733	0.2724	-0.1943	-0.7060	1.5031	-0.2412	0.0891	-0.5210	0.6786	-0.1683	-0.5712	-0.6087	0.3092	0.1825	-0.3746	-0.0071	-0.0219	0.6182	1.5517	-1.0933	0.6015	-0.6023	-0.0454	0.8130	0.3256	0.0758	0.5049	0.0750	1.0527	0.7176	-0.2534	1.1753	1.2374	-0.4497	-0.3305	1.5168	0.1748	0.7365	-0.0496	0.2148	0.7505	0.3327	0.6012	0.4399
0.8120	-0.0178	-0.8949	-0.0647	-0.3693	-0.1074	0.0715	-0.1518	-0.2734	-0.0933	-0.1384	-0.1135	-1.3629	0.8138	-0.8871	-0.0558	-0.6057	0.1981	-0.4682	-0.5450	0.3360	0.4542	0.2914	-0.2958	-1.1001	-0.0611	-0.2975	0.3270	0.1741	0.9692	-0.0768	-0.1470	-0.0818	-0.5226	0.1016	0.5579	-0.2386	-0.8959	0.4086	-1.6042	0.9728	-0.7002	0.7163	0.1967	-0.0424	-0.1047	0.7795	0.6915	0.3200
0.4738	-0.0249	-0.1209	0.6826	-0.3384	0.1919	-1.1737	0.4994	0.1066	-0.7565	0.7544	-0.0546	-0.8542	-0.2524	0.1590	1.0246	-1.6184	0.1559	-1.3722	-1.0190	0.7615	0.4051	-0.0392	0.4926	-0.3722	-0.0393	-0.0693	-0.1285	0.0069	0.5609	-0.9723	0.2716	0.0830	-1.0714	-0.7164	-0.1980	-0.3337	-0.1004	0.1145	-0.4022	0.1613	-1.3023	0.3012	1.2889	0.4412	-0.6939	1.9694	0.3213	0.2801
0.6685	0.9887	0.8568	0.5695	0.3724	-0.3632	-0.9269	-0.1533	0.9776	-0.2480	1.1885	-0.5909	0.7266	-0.6797	-0.4065	0.2518	-1.3675	-0.2927	-1.5285	0.7391	-0.4639	-0.8370	-0.0737	-1.6418	-1.8359	0.0543	-0.9142	-0.7938	0.4520	-0.0862	0.2428	-0.3208	-0.4726	-0.8679	-1.3462	-0.7152	-0.3609	1.1322	0.0725	-0.9793	1.0315	-1.5405	1.3563	1.7071	-0.2910	0.5491	0.7630	-0.6628	2.0489
0.0290	1.0012	2.0743	0.6770	-1.3220	0.1175	-0.8437	1.0862	-0.2441	0.3506	1.1843	-0.6273	0.9808	-1.1000	-0.5927	1.4652	-0.4109	-0.0072	-0.3990	-0.6224	-0.9396	-0.6688	-0.5771	-0.1405	-1.0677	-0.6469	-1.5786	-0.0094	1.4395	-0.4959	0.7213	-0.9259	0.1544	-1.0380	-1.4612	0.2886	0.6726	1.1035	0.0072	-1.5383	1.0680	-1.9447	0.5512	1.5826	0.0131	-1.5949	-0.4773	-0.6252	-0.4536