IC05	IC08	IC09	IC15	IC16	IC17	IC18	IC19	IC20	IC23	IC24	IC26	IC27	IC29	IC31	IC33	IC36	IC37	IC38	IC41	IC42	IC43	IC44	IC45	IC46	IC47	IC48	IC49	IC50	IC51	IC54	IC56	IC58	IC60	IC62	IC63	IC64	IC65	IC66	IC67	IC68	IC69	IC71	IC72	IC73	IC74	IC75	IC76	IC77
0.8099	0.8061	-0.1129	0.4586	1.0724	-0.0022	2.6430	5.8161	0.1154	1.5376	2.5673	0.4093	1.2611	2.3423	0.7800	-3.1085	1.4269	0.5359	0.3905	0.7894	2.0102	2.6069	2.3273	1.0284	-0.5230	-1.6274	1.0949	0.5739	1.0219	1.0717	0.5043	-2.8295	0.6666	0.7332	-1.2583	0.9969	2.9546	0.4128	2.1842	0.8965	0.9195	0.2879	0.9600	1.6050	1.6695	-1.8002	3.6235	1.9835	2.3951
0.3115	0.5450	0.0151	0.5880	2.2223	0.2960	-0.8625	0.2131	0.9284	0.6255	0.3761	-0.5991	-0.3201	0.2499	0.9153	-0.8469	0.1323	0.7569	-0.0834	0.4668	0.5564	0.8431	1.7026	-0.2675	0.2154	0.0003	0.7098	1.6852	0.5754	1.1058	-0.0274	0.5807	0.7236	0.2540	-0.2332	0.3265	-0.3961	0.5222	0.9194	0.0779	0.9502	-0.1323	0.0040	0.9176	0.3150	1.3313	0.4848	1.2774	0.3178
0.3813	1.1333	0.6104	1.7257	1.7586	1.9248	-0.7744	-1.3322	0.3891	0.9058	-0.0840	-0.6408	-0.0312	-0.2731	1.0432	0.4509	-0.4028	1.6376	0.2676	0.6869	-1.0698	1.2213	0.4128	1.5373	0.6435	0.7641	0.9015	2.7657	-0.2335	2.3361	0.3645	0.1369	0.8531	-0.1587	-0.2241	1.1777	-0.7726	1.9102	0.4463	0.4077	0.6973	-0.8179	-0.1694	0.9334	0.6024	1.3731	0.4980	1.8441	-0.5644
0.7504	1.6141	-0.1132	1.4888	1.3963	0.2560	-0.7096	-1.6864	0.7526	1.5298	1.7514	0.7490	-1.1364	0.2437	1.2927	-0.2401	-1.4229	-0.2575	-0.3420	0.9626	-0.2104	-0.5551	1.1710	0.8317	0.4295	2.4997	-0.0529	0.3770	0.6062	1.3082	0.9025	1.7737	2.1256	0.1991	0.1028	0.6144	0.8648	1.5525	-0.1534	0.9904	1.2873	-0.3613	0.9621	1.1786	0.6350	1.7995	1.0664	1.2735	-0.7119
0.7252	-0.1476	-0.3830	0.5740	0.4931	-0.8563	-1.0679	-1.0431	0.2935	0.5436	-0.4145	0.3523	-1.4856	-0.6714	0.3043	-0.1591	-0.9027	-0.3190	1.0276	0.3566	0.3054	0.7744	1.0016	-0.0526	0.6511	0.1481	0.1381	-0.8630	0.0537	-0.4997	-0.3183	0.5816	1.8378	-0.9797	1.0016	-0.1694	0.8721	-0.8278	-0.6353	1.1511	0.8333	0.6581	-0.5728	0.5023	0.0164	0.9135	-0.1288	0.0607	-1.0582
0.2168	-0.2434	-0.1541	-0.0041	-0.1908	0.1065	-1.1886	-1.0036	1.2521	-0.1649	0.2103	0.4885	-1.4548	-0.2187	0.0159	-0.6157	-0.9367	-0.4499	0.8093	0.2089	0.3141	-0.1514	0.4285	-0.5426	0.2406	0.4866	-0.5771	-0.5920	1.1469	-0.6271	0.2219	0.1533	0.2388	-0.3341	1.1994	0.0044	-0.3554	-0.1502	-0.1597	0.4197	-0.2549	0.2700	-0.6512	0.3134	-0.6308	0.3969	-0.7792	-0.6128	-0.3000
-0.5073	-0.0734	-0.0171	-0.1228	-0.8344	0.8615	-0.5587	-0.2137	0.2979	-0.8409	-0.0884	0.6649	-0.6405	-0.2406	-0.0125	-0.1050	0.1723	-0.0362	0.3213	-0.6284	0.7568	0.1610	-0.3616	-0.5665	0.2612	-0.5448	-1.0111	-0.3139	0.3834	1.1946	-0.7776	-0.2982	0.9810	-0.7725	0.8915	0.9371	0.4036	0.4265	0.1891	0.7449	-0.5270	0.5382	-1.0962	0.1251	0.2721	-0.5659	-0.1554	-0.5982	0.6135
-0.4727	0.0801	0.4156	-0.8801	-0.5445	-0.9219	-0.8112	-0.0188	0.4418	-0.8970	0.1701	0.0464	-0.5324	-0.1807	-0.3579	-1.0195	0.5592	1.1071	0.5739	-0.4247	0.0895	-0.0466	-0.9899	0.2139	0.0951	1.0016	1.4848	0.5377	-0.7080	1.6084	-0.1768	-1.1229	-0.3465	0.5470	0.5283	0.9921	-0.3647	-1.1029	0.2635	0.5701	-1.0852	0.0998	-1.1509	-0.1369	0.5746	0.2566	-0.8877	-0.3064	0.6333
0.0228	0.1889	-0.4063	0.1029	-0.7172	0.0776	0.6727	-1.0297	-0.0013	0.0815	0.4605	-0.3371	0.4807	0.3137	-0.6731	0.0730	0.1213	0.2224	0.5602	-0.0431	-0.8512	-0.8190	-1.2665	0.0291	-0.4380	0.1040	0.9273	0.2100	-0.3872	1.3841	0.5410	-0.6683	0.0895	0.3847	-0.2500	0.3329	-0.5404	0.2408	-0.6943	0.4194	-0.1786	-0.3466	-0.1858	0.5537	0.4944	-0.4415	-0.3752	-0.0628	0.3790
0.7291	0.1014	-0.6474	0.5301	-0.2854	0.8262	0.9086	-1.1739	-0.5582	-0.2973	-0.4502	-0.0685	0.3334	0.3766	-0.3383	0.6473	0.7205	-0.1666	1.2143	0.6704	-2.0973	-0.0883	-1.0549	0.2042	-0.8813	0.1031	0.7123	-0.3454	-0.3826	-0.3549	0.7344	0.1260	-0.3987	0.3131	-0.9352	-0.8832	-0.3722	-0.1288	0.0025	1.1730	0.0068	-1.7661	0.0660	0.3165	-0.0778	-0.4083	0.9153	0.4284	0.6280
-0.1783	-0.5015	-0.2095	-0.0016	-1.0833	0.0704	0.2306	-1.4648	-0.0901	-0.7283	0.5835	-0.3309	0.3124	0.9775	-0.5007	0.7480	1.2063	-0.7813	0.5233	0.3479	-0.1426	-0.7115	-1.0031	-0.0266	-0.7053	0.2743	0.5257	-0.3783	0.5935	-1.2260	0.5565	-0.0499	-0.2767	0.8592	-0.6356	-1.1558	-0.4351	1.2243	-0.0135	0.1961	-0.3337	-1.0312	0.4551	0.3250	-0.3637	0.0743	0.3538	-0.0451	1.2392
-0.2869	-0.4037	0.1438	-0.1568	-1.1141	-1.4085	0.4056	0.1575	-0.8965	0.0592	-0.1368	0.2510	0.5545	0.5336	-0.1633	0.9637	1.7096	-1.3013	0.7670	-0.7100	1.6834	0.0965	-1.4769	0.4298	-0.3676	-1.3015	-0.3698	-1.0685	1.4083	-1.4899	0.8329	-0.4471	0.0245	0.9241	0.1259	-1.3037	0.8059	1.1141	-0.5195	-0.2020	-0.0964	-0.2496	0.5473	0.0148	-0.6540	-0.4627	0.0156	0.0816	1.0707
-0.4761	-0.3214	0.2193	-0.1100	-0.6772	-1.6110	-0.1810	-0.1031	-0.0346	0.4850	0.0235	-0.1601	1.1421	0.4765	-0.7225	0.4450	1.7327	-0.6808	1.0924	-0.3940	1.4839	-0.5159	-2.1601	0.5717	-0.7590	0.1489	0.2381	-0.3253	1.8326	-0.5903	2.2450	-1.4588	-1.1303	1.0105	0.2710	-1.1555	0.1076	-0.2395	-0.7215	-1.2229	-0.1373	-0.6452	1.1461	-0.7102	-1.1846	-0.8059	-0.3132	-0.3191	0.3983
0.7287	-0.6068	-0.0009	0.7929	-0.0818	0.6799	-0.0859	-0.5736	-0.6963	-0.7373	-0.2068	0.2538	1.3808	0.3666	-0.3464	0.8198	0.4811	-0.5457	1.4616	0.0630	-0.2181	-0.7757	-0.4372	0.3994	-0.7950	-1.3518	-0.4390	-0.8377	1.2809	0.2461	1.2115	0.3851	-0.4570	0.2724	0.0263	-1.7263	0.0669	-1.3220	-1.9783	-0.6055	-0.5898	0.0242	0.0388	-0.4643	-1.3516	-0.4447	-0.8055	-0.7101	-0.2214
1.1880	-0.8324	0.3048	-0.2070	0.0579	-0.6131	-0.1461	-0.3085	-0.5022	-0.6788	-1.5976	0.1366	0.7450	-0.4480	-0.5419	0.4887	-0.4157	-0.1520	1.7642	0.3723	-1.0825	0.1273	-0.5340	-0.2783	-0.6293	-1.6218	0.0753	-0.8763	-0.4119	-1.2098	1.0027	0.0685	-0.6066	-0.1433	-0.3612	-1.8072	-0.7868	-2.6009	-1.9700	-0.5615	-0.6062	-0.7643	-1.0751	-0.5631	-1.4480	-0.6091	-0.4400	-1.0456	-0.4365
-0.0427	-0.2243	0.3458	-0.5701	0.3187	-0.7717	0.3990	-1.1140	0.4330	-0.1248	0.0909	0.3262	-0.3881	-0.8075	-0.1936	-0.0423	-1.0610	-0.6933	0.2935	0.6443	-0.9523	-0.4592	-0.5249	-0.4979	-0.4688	0.6994	-0.6363	-0.4802	-0.6633	-1.3521	0.4364	1.0266	-1.0200	0.4260	-1.1550	-0.4677	-0.8894	-1.3521	-1.8679	-1.0935	-0.7261	-0.1133	0.0429	-0.8570	-1.5573	-0.4034	-1.3660	-1.7331	-0.4182
-0.3456	0.1949	0.2116	0.0437	0.5212	0.5715	1.9737	-0.9235	0.1393	-0.1608	0.8260	0.2468	0.4026	-1.5647	-0.0460	0.2318	-1.0465	0.1097	-1.3059	-0.0681	-1.0854	0.1452	-0.3136	-0.3327	-0.1614	0.4776	-1.7385	-0.3475	-0.8394	-0.5722	-0.7388	0.7237	-0.2194	-0.0755	-1.2077	-0.0429	1.1136	-0.6676	-0.5193	-0.4122	-0.4624	1.6076	0.2613	-1.1513	-1.2232	-0.3118	-0.7974	-1.6020	-0.0442
-0.9533	0.1751	0.0299	-1.2087	0.7451	-0.1113	0.0060	-0.3838	0.6400	-0.7651	0.1999	-0.1258	0.4308	-1.1604	-0.1249	0.1067	-0.5650	0.5970	-1.0085	-0.1560	-0.6459	0.3461	0.5091	-0.3937	0.2269	0.2463	-0.6387	0.2799	-0.9482	-1.7445	-1.0409	-0.9475	0.4017	-0.0106	-0.2377	-0.3083	-0.0443	0.8204	0.7417	-1.4623	0.0952	0.5798	0.6479	-0.9788	-0.4332	0.9918	-0.3432	-0.7641	-0.6248
-0.7489	0.0621	-0.3464	-0.8844	-0.0148	0.4488	-0.5307	-0.6784	0.0376	0.3929	-0.0303	-0.1067	-0.4455	0.0841	-0.0184	0.2252	0.2762	-0.3370	-1.5281	-0.5385	-0.6322	-0.1913	0.9687	0.3907	0.4307	-1.2175	-0.2662	-0.5214	-0.1548	-0.8793	-2.3562	0.2816	0.1019	-0.3327	0.4751	-0.2507	0.0674	0.8319	0.8631	-1.1880	-0.3178	1.2344	0.4905	-0.4375	0.2595	0.6690	-0.7311	-0.2240	-0.5911
-0.4291	-0.6135	-0.5254	0.1274	-0.8320	0.5934	-0.4756	0.1785	-0.4006	0.1974	-0.6118	0.1780	0.6194	-0.1637	-0.1302	1.1206	-0.1055	-1.1848	-1.0532	-0.8257	-0.9732	-0.6239	0.3134	0.2004	0.0860	-1.7314	-0.7246	-0.8762	-0.2028	-0.5555	-1.6543	0.0171	-0.4957	-0.2469	-0.0032	-0.8086	0.4540	0.1954	1.5254	1.6507	-0.4822	-0.2183	0.1431	-0.4596	-0.0272	0.0244	-1.7061	0.0107	-1.0643
0.2109	-0.7950	-0.1354	-0.2572	-0.5523	-0.4241	-0.0991	0.6507	-0.2523	-0.5175	-0.5296	-0.1157	0.6789	0.8133	-0.2842	0.7914	0.5706	-1.2256	-0.7772	-0.5677	0.1025	-1.2152	-0.2105	-0.5242	-0.0368	0.1935	0.2821	-0.5080	-0.6639	-0.5960	-1.0055	-0.2146	-1.1647	-0.7637	0.5137	0.4002	-0.1611	0.3571	0.8065	1.4590	-0.4979	-2.2173	-0.0226	0.1044	0.1039	0.4090	-1.2191	-0.6389	-1.3178
0.7623	-0.5635	-0.4722	-0.2064	-0.3650	0.4140	0.7318	1.9102	-1.6284	-0.8790	-0.2753	-0.3552	0.6041	-0.1951	0.0631	0.6760	-0.2538	-1.2624	-1.2749	-0.6033	-0.8700	-0.5395	-0.5598	-0.8177	-0.2844	0.5278	-1.1425	-0.9565	-0.8836	-0.4752	-1.0874	0.2895	-1.3671	-0.5144	-0.2781	0.2980	0.3815	-0.4959	0.1960	-0.2383	-0.8429	-1.8815	0.0547	-0.2051	-0.6042	0.0596	-0.2662	-1.1325	-0.1891
-0.6335	-0.6495	-0.2755	-0.3118	-0.6294	-0.5016	-0.8629	1.3472	-0.3443	-0.2821	-1.2973	-1.0177	0.6182	-0.1137	-0.2241	0.4632	-0.5097	-0.7770	-0.2179	-0.6864	-0.7056	-0.5098	-0.1165	-2.0219	-0.0622	-0.3846	-1.4888	-0.1177	-1.0923	-0.4101	0.2467	0.0745	-1.1876	-0.9018	-0.7374	-0.5041	-0.9802	-1.6427	-0.3595	-1.7940	-0.7642	-0.6739	0.0690	-1.3236	-0.3361	-0.9684	0.4329	-1.6936	-0.9231
-0.0133	-0.1679	-0.0757	0.5269	0.3097	-0.0897	-1.0205	0.1768	-0.8492	-0.3572	-0.2727	-0.1705	0.4799	-1.0147	0.5218	0.8096	-1.3522	-0.1913	-0.5201	0.0497	-0.2873	-1.1693	0.2345	-0.6166	-0.0683	1.1037	-2.2740	0.4743	-1.0583	1.4124	1.0693	1.5817	-0.7304	0.0064	-1.6610	0.0151	-0.5989	-0.0277	-1.8171	-1.1888	-0.2115	0.0816	1.3113	-1.2961	-0.0845	-0.3454	-0.0134	-2.0582	-0.6462
0.0168	-0.2348	0.1691	0.2189	0.4908	-0.3066	-1.7505	0.0707	-0.5816	0.4017	-0.7577	-0.1357	-0.0375	-2.0096	-0.3075	0.5485	-1.3928	0.1904	-0.0643	-0.2195	-1.2936	0.1887	-0.0195	1.0846	0.0187	0.2394	-1.3830	0.8377	-1.2309	0.0543	0.1646	-0.4171	-0.7147	-0.6503	-0.4399	0.6308	0.0363	-0.8614	-0.7543	-1.9625	-0.2742	0.1857	0.5943	-1.4930	-0.3605	-0.5736	0.4423	-1.3831	-0.4777
-0.9948	-0.1660	0.0616	-0.3682	-0.2132	-0.6977	-0.2038	0.1874	0.0371	-0.2179	-0.4088	-0.3034	-0.5491	-1.2429	-0.4320	-0.1668	-0.5945	0.8376	-1.2495	0.1451	-0.3358	-0.0384	0.0397	-0.0815	0.3553	-0.0132	-0.2230	0.8549	-1.2663	0.0397	-1.6059	-0.1634	-0.4695	-0.5766	-0.2644	0.8077	-0.7305	-0.4743	0.1312	-1.4053	-0.5759	0.1492	0.2291	-1.1718	0.3392	-0.1599	0.3626	-0.8269	-0.6007
-0.5622	-0.2933	0.1104	-1.0757	-0.5966	-0.7313	1.7380	0.1392	-1.3484	-0.1988	-0.0388	-0.1759	-0.6167	-1.6212	-1.0290	-0.5069	-0.4140	0.5626	-1.8291	-0.0649	-0.8661	0.0507	-0.4167	-0.1988	0.3232	-0.3007	-0.5715	-0.0734	-1.9904	-1.6775	-0.9688	-0.5694	-0.1073	-0.8399	-0.1764	1.0334	-0.4063	0.9819	0.1448	-0.4259	0.3370	-0.8203	0.7355	-0.2313	0.9046	-0.0108	0.9971	-0.8054	-1.2661
-0.4720	-0.7765	-0.3899	-1.0392	-0.4377	-0.1399	0.0891	0.0158	-0.1388	-0.0824	-1.2753	-0.4211	-0.3705	-0.4457	-0.3967	0.1666	-0.1746	0.5158	-2.1190	-0.4321	-0.7794	-0.4330	0.7298	-0.8590	0.8498	-0.5420	-0.7778	0.2062	-1.4654	-1.1170	-1.2466	0.2948	0.1900	-0.4868	0.2906	0.3981	-1.4322	0.0202	0.7197	0.2517	0.1504	0.2271	-0.0901	-0.0834	0.9712	0.2862	1.1849	-0.0705	-1.4911
-0.2322	0.4703	-0.3188	-0.6940	-0.0299	0.8117	-0.0427	0.5622	-1.4070	-0.2874	-0.9139	-1.3621	-0.6837	-0.6933	-0.2931	0.4167	-0.2602	0.4109	-1.9013	-0.4407	-1.1858	-0.3047	-0.7534	-0.4610	0.6547	-0.4512	-1.1757	0.1680	-0.8734	-0.6050	-1.5875	0.4869	-0.9278	-0.3653	-0.0131	0.2367	-0.5757	0.2637	0.9599	-0.3493	0.5047	0.0164	0.0931	-0.4090	0.9682	0.9660	1.1809	0.2193	0.6514
-1.5874	1.7140	0.0864	-1.2381	-0.8017	0.4042	-0.7081	-0.2771	-0.3271	0.2805	-0.7144	-1.4909	0.2003	-0.5219	-0.5224	-0.2541	0.4265	0.5379	-2.5610	-0.5485	-0.2021	-0.2810	-0.0596	-1.2279	0.8244	0.4844	0.1054	0.9771	-1.2615	-0.1339	-1.2925	-0.3383	-0.5603	-0.7698	0.7510	1.5157	-0.6652	0.0639	2.2467	0.0948	1.4364	-0.0002	0.6015	0.0007	1.5850	0.5164	1.1162	1.0568	0.3134
-1.0718	2.2268	-0.0816	-0.5930	-1.5416	1.3068	-0.2986	0.3450	0.2156	0.4741	0.0738	-1.1751	-0.9607	-0.2235	-0.3465	-0.8395	0.3425	0.1440	-2.1801	-0.5659	0.5979	-0.4906	0.6134	0.2395	0.8126	0.9793	0.4857	-0.5414	-0.1485	-0.0937	-1.6807	1.0983	-0.7999	-0.3369	1.2572	1.2882	0.6245	1.9151	2.5378	-0.0428	1.7760	0.4783	0.7304	1.6093	1.7825	1.1247	1.6396	1.8075	0.7439
-0.6288	1.2444	-0.3728	-0.1137	-1.0546	0.0320	-0.5956	0.8022	0.5961	-0.4370	-0.9667	-0.8996	-1.0617	-0.8292	-0.5357	-1.0068	-0.4788	0.2425	-0.7193	-0.5992	-0.3285	0.1559	0.1221	0.9500	0.1891	0.3360	0.7683	-0.8490	0.0441	0.1619	-0.9024	0.3042	-0.6444	-0.1373	0.5435	0.4150	1.6013	-0.5081	2.0342	0.1439	1.0292	1.1669	-0.3432	0.8875	1.5115	0.2011	0.3636	1.8202	0.2448
-0.9513	-0.4551	0.1656	-0.3659	-1.1815	-0.8482	0.2559	0.2364	0.6871	-1.1471	-0.9144	-0.5856	-0.5092	0.9040	-0.1637	-0.8051	0.5623	0.5721	0.2071	-0.1543	1.1954	0.4298	0.2413	-0.6011	0.1722	-0.4385	1.0357	-0.2331	0.7064	1.2177	0.4206	0.7720	-0.6260	0.0148	0.7350	0.0496	-0.1838	-1.1769	0.1019	0.0006	0.1553	1.8950	-0.4032	0.5346	1.1590	-1.3947	-1.8644	1.3223	0.6400
-0.3973	-1.2686	-0.2748	-0.1267	-0.5376	0.1304	0.5710	0.7815	0.1458	-0.9310	-0.3573	0.2207	-0.5271	1.2974	-0.7146	-0.1813	0.2730	-0.1593	0.4807	-0.2734	0.7869	-0.3484	-0.9611	-0.8148	-0.8776	1.0677	0.5550	-0.8982	0.4372	0.5420	0.3104	0.2635	-0.5131	-0.2529	1.1778	-0.9637	-0.0127	-0.5251	-0.6815	0.5810	-0.1567	2.2569	-0.6325	-0.1098	-0.6532	-0.8542	-2.3399	0.7153	0.4301
-0.2740	-1.1470	0.5285	-0.5324	-0.0896	-0.0017	-0.9418	-0.2270	1.8089	-1.0449	-0.5279	0.9670	0.4416	1.7976	0.1843	-0.1611	0.5602	0.1858	0.6325	-0.2516	1.4975	-0.0787	0.3897	-0.9320	-0.3637	0.1175	0.8664	-0.2324	0.8660	-0.1192	1.3611	0.1513	0.4146	-0.5248	1.2998	-0.5571	-1.2144	-1.1523	-0.7603	-0.0603	-0.7436	2.3278	-1.5273	-0.1773	-0.6963	-1.7585	-2.0258	0.3856	-0.5464
1.3614	-0.4211	-0.5567	0.1819	1.4130	0.3267	1.1954	0.0566	-0.0310	0.1580	-0.1144	1.3952	0.2864	1.4618	0.5382	0.0850	-0.3694	0.0480	1.0884	0.5834	0.3526	-0.1690	0.2129	0.5781	-0.4457	0.1713	0.0740	-0.2656	0.7323	-0.4040	1.0209	1.6621	0.2539	0.2075	-0.2581	-1.2711	-1.3123	0.0682	-1.2524	1.1491	-0.4559	0.5759	-0.7451	0.3837	-0.9835	-0.2385	0.2807	0.1401	1.2033
1.0349	0.0031	0.0960	0.0483	1.7701	0.4010	0.9378	0.2571	-0.1687	-0.2670	0.0482	1.4098	0.5512	0.1010	0.1158	0.0258	0.1472	-0.0271	0.8183	0.1857	0.6088	0.7670	0.4144	1.1559	0.1246	0.3891	0.7081	-0.0100	0.2843	-0.6867	0.7365	0.3123	0.9087	-0.4066	-0.0826	0.1506	-0.0768	-0.7597	-0.4370	0.6144	-0.5823	0.8038	-1.2992	0.0425	-0.5384	-0.1704	0.3160	0.3758	0.4997
0.2993	-0.0823	0.6415	0.0020	0.9704	-0.0465	0.3264	-0.1992	0.6089	0.0484	0.9866	1.1359	-0.3985	0.4635	0.6697	-0.8307	0.6704	0.5508	0.1578	0.0253	1.5311	0.3622	0.6326	0.5869	0.2465	0.5292	0.7093	0.4124	0.5237	0.3694	0.3101	0.3483	0.9150	-0.0154	-0.4333	1.1667	0.5679	-0.2008	0.0166	-1.0122	-0.5440	0.4807	-0.1497	-0.1694	0.2324	-0.8304	-0.5836	0.2852	0.1625
0.3949	-0.1930	0.6785	0.2908	0.7373	-0.4124	1.6535	0.7615	-1.1347	0.7420	0.3865	0.3888	-0.0234	-0.6674	0.6301	-0.3313	-0.3831	0.7097	0.1882	-0.3361	0.1419	0.8106	0.3389	0.1797	-0.2235	-0.3296	-0.6213	0.2294	-0.4550	0.0410	0.2582	-0.1297	1.4164	-0.1344	-1.6958	0.7246	0.5578	-0.3870	-0.7760	-1.1684	0.5344	-1.2621	0.5040	-0.7312	0.2778	-0.4799	-0.2286	0.4147	-0.4072
0.2201	-0.0960	1.0399	0.1942	0.4725	-0.8574	0.4453	0.5134	0.1047	0.9259	0.2402	-0.0752	0.5420	-0.3122	0.4858	0.3935	-0.3699	0.3793	0.1881	0.1375	0.2137	0.3924	1.1384	0.6110	0.4701	0.0610	0.2202	0.6539	-0.4820	0.6986	0.7376	0.3028	0.5569	0.3277	-1.4962	0.5860	-0.7779	-0.9676	-0.8050	-1.3139	0.0959	0.0009	-0.3110	-0.5371	0.0897	-0.4185	-0.0557	0.3628	-0.9441
0.2249	0.0462	0.2270	0.1545	-0.4671	-0.5346	-0.2651	0.1082	-0.6900	0.3014	1.2381	-0.8968	0.6585	-0.6210	-0.4917	-0.2272	0.0735	0.4829	0.9448	0.5965	-0.0992	0.1974	-0.1954	-0.1657	0.1245	-0.6333	0.4330	0.3587	-0.2210	0.2571	1.0037	-0.4941	0.9542	0.3303	-1.3634	0.4346	0.7081	1.1567	-1.7058	-0.5883	0.7280	-0.1675	0.3730	0.1100	0.4035	-0.4330	-0.0637	0.0268	0.1203
0.3694	-0.3977	0.7088	0.4862	-0.7138	-0.2757	-1.0190	-0.5177	1.1182	0.1417	0.0467	-0.5755	1.4343	-0.3524	-0.1772	0.1781	0.1841	0.7426	1.6613	0.3087	-0.0614	-0.4494	0.4775	-1.3764	-0.4412	-1.4889	0.7431	0.2592	-0.0823	0.2650	0.9852	-1.0362	0.2010	0.4006	-0.6078	-0.6069	0.1363	0.3531	-0.5184	-0.3283	0.4901	-0.1960	-0.0152	-0.5779	-0.2630	0.1767	-0.0615	-0.2077	0.6577
1.1481	-0.0833	0.9227	0.8612	-0.1429	-0.3919	0.3528	-0.0395	0.5423	0.2815	0.8234	-0.2625	1.1046	0.1982	0.1197	0.3240	-0.2040	-0.4475	1.1397	0.6096	1.0360	-1.0230	0.0380	-0.6876	-0.8338	0.6730	-0.0706	-0.4891	1.2113	-0.0642	0.7563	0.1519	-0.2147	1.1403	0.3591	-1.2455	0.3389	2.0311	-0.8761	-0.6794	0.4497	0.3711	0.2979	0.8217	-0.6280	1.8433	1.0152	0.1121	1.6742
1.1989	-0.5325	1.3441	1.2808	-0.2236	0.3707	0.0496	0.3422	0.8313	-0.0508	0.3511	-0.5100	2.0812	0.5092	-0.3237	1.5596	0.2911	-0.0281	1.7505	0.0619	0.6958	0.0493	-1.0222	0.3469	-0.4958	0.5946	0.9692	0.9290	1.0918	0.1441	1.0105	-1.8020	-0.9754	0.7819	0.8108	-0.6780	0.3581	0.2587	0.4511	0.2984	-0.6365	0.0868	-0.9399	0.3568	-0.8128	0.7133	0.2596	0.6569	0.0941
0.8684	0.4327	0.9073	1.6493	0.4318	1.0638	-0.3994	1.3855	0.3681	-0.1789	0.5838	0.5997	0.1550	0.9803	0.9043	2.4053	-0.2761	-0.6938	0.7101	-0.0216	1.9867	-0.4431	0.2679	0.0689	1.1082	-0.4326	1.2164	0.5245	2.1029	0.5883	0.4790	-0.6231	0.1481	1.1417	1.8016	-0.1804	-0.3802	-0.0397	2.0201	1.5549	0.1206	-0.3813	-0.3911	0.8775	0.4188	0.7436	0.2940	1.2805	-1.1970
0.8399	0.7778	0.5962	1.7816	0.9071	0.6805	-0.3301	-5.1459	-0.8901	0.3408	0.0951	1.0218	0.4869	1.2412	1.1858	-0.1991	1.6305	-0.6857	-0.0406	-0.0983	1.5374	0.1750	-0.2459	1.3412	0.6035	0.1222	1.6109	-0.2854	1.5235	0.3180	-0.4270	-0.2914	0.1443	0.5745	1.1192	0.7184	-0.4572	-0.6535	1.9243	1.9365	0.4247	-0.6998	0.1190	1.0666	0.5108	0.5278	2.4548	1.2960	-0.1227
0.2291	0.9191	0.9601	0.5322	0.3328	-0.1322	-0.4922	-1.3406	-0.4151	0.2828	1.0055	0.3022	-0.3672	1.0571	1.2455	-0.5920	1.4066	-0.0404	-0.4834	0.1627	1.8067	0.7181	1.1114	0.9012	1.4643	0.6224	2.0652	0.9174	0.4481	-0.3333	0.0037	0.0160	0.2215	0.7882	1.4249	1.0615	-0.4854	1.1227	1.2826	1.5720	1.1690	-0.7442	0.5311	1.4982	1.7102	1.4075	1.3188	1.0899	0.3408
-0.9393	0.9468	-0.3185	0.1315	-0.4254	-0.5236	0.5859	4.3483	-1.1649	2.0492	0.4603	-0.1873	-2.3972	0.9211	0.5057	-1.2096	0.0770	0.3763	-1.2045	-0.0170	0.5395	0.1432	0.6282	1.7593	1.2899	0.1810	0.6269	1.4294	0.0250	-0.7084	-1.4268	-0.7879	-0.3620	1.0973	1.3654	1.2058	1.8816	1.8945	2.0142	0.7156	1.2954	-0.5312	0.9784	0.3122	1.3271	1.1611	1.2818	1.1872	0.3882
-0.6341	0.3972	0.0419	0.6473	-0.3112	0.2798	-0.0685	1.3097	-1.2064	0.0372	0.0984	0.0895	-1.5763	-0.1707	0.5144	-1.0927	0.6171	-0.0919	-1.7037	-0.1220	-0.0609	-0.0144	0.5752	-0.0667	1.1876	0.4875	-0.0839	2.4374	-0.9630	0.8677	-0.7720	-0.3478	-0.8273	0.7454	0.9635	1.5636	1.7509	0.3231	2.2119	1.0250	0.4179	-0.3208	0.5996	-0.8952	0.7522	0.5314	0.0700	0.9198	-0.8893
0.4074	-0.0221	-0.1096	0.0049	0.7625	0.4262	-0.0320	1.1366	-1.0611	-0.8491	-0.2033	1.1125	-1.7597	-0.1026	1.9508	-0.1851	-0.0427	0.3154	-2.2037	0.0877	0.3647	0.5975	1.5844	-0.7312	1.5000	0.3507	-0.0307	1.3181	-0.9475	1.0819	-0.3811	2.1312	-0.3654	1.7046	0.6635	1.6651	-0.6244	-0.4238	0.4749	0.3428	-0.4161	0.0764	-0.3757	0.2411	0.7983	1.1934	-0.4577	0.4484	-0.9976
0.2908	0.3607	0.6178	0.1769	0.2602	0.6243	-1.6130	0.4827	0.8641	-0.2482	-0.2004	0.3482	-0.9068	0.1030	1.9656	0.4420	0.9273	1.2165	-0.8441	0.7992	0.0931	0.7693	1.8586	-0.0762	1.2616	0.1763	0.9836	1.1582	-0.6619	1.3871	0.4180	1.7986	-0.1456	1.9769	1.1161	1.5796	-1.4115	0.4374	0.2853	0.5395	0.7603	0.2180	-0.2248	0.1858	0.5928	1.3038	-0.2485	0.7218	-1.0573
0.6571	1.6055	0.0992	0.4549	-0.1381	1.4208	1.1438	0.2606	-0.2474	1.7734	1.3038	0.9593	-0.4828	0.8827	1.7339	-0.2148	0.0921	0.5256	-0.2852	1.2157	0.8149	0.9448	1.0293	1.3629	1.0653	1.0124	0.0452	0.4953	0.4549	2.1508	1.9183	0.4803	0.7081	1.5734	1.0130	1.4758	1.3354	1.4373	-0.1727	1.2889	1.0776	-0.4056	0.6946	1.2903	1.0297	0.7703	-0.0195	1.0691	0.8306
0.7893	0.9830	-0.6189	-0.0248	0.1874	0.9194	1.1090	0.6440	1.0568	1.0207	0.7422	1.4135	-0.9767	0.5306	0.5926	-0.2196	0.2279	0.8640	0.3550	0.8954	0.7679	1.0566	-0.2269	1.3770	-0.2165	0.3791	1.0726	0.0545	0.3214	1.4405	0.3477	0.1400	0.7594	0.4264	0.6641	-0.2631	1.6794	-0.0187	0.2832	0.4434	0.1892	0.1794	-0.3077	0.5029	0.0803	-0.8187	-0.7683	0.9150	1.4100
0.7634	0.1226	-0.2727	-0.9831	0.2624	0.2625	1.8679	0.3940	1.4104	0.4280	0.4912	1.2355	-1.3813	0.4409	0.3041	-0.6161	0.7135	1.4045	0.5002	1.2018	1.2363	1.5889	0.5945	0.6472	-0.1510	-1.0803	1.4366	-0.5020	-0.1236	0.5725	-0.4968	0.3682	1.7188	-0.2962	1.5122	-0.7117	0.0169	0.2344	-1.0963	-0.2770	0.1384	1.0875	-1.0747	0.8476	-0.0854	-0.9298	-1.2427	0.0172	1.7728
0.0149	-1.1512	-0.8492	-0.7612	-0.6626	0.5943	1.4402	0.4587	1.3807	-0.0118	-0.2338	0.7682	-0.6567	0.5326	-0.4676	0.5718	0.0766	1.9492	1.1806	0.6191	0.5328	0.7809	0.3931	-0.1114	-0.3735	-2.3185	0.6526	-0.8579	-0.2748	0.0127	-1.8840	0.6383	0.7553	-1.0309	0.5290	-1.2062	-0.0271	-0.7889	-1.2483	-0.0237	-0.0073	1.7763	-0.8573	-0.6891	-0.7217	-1.4086	-2.5939	-0.5674	1.0384
0.3142	-0.6942	-0.5508	-0.9361	-0.6691	0.0733	1.1131	-0.2623	1.0295	-0.1686	0.2908	0.3385	0.2159	-0.0203	-0.6238	0.3740	0.9354	0.6900	0.9292	0.8323	0.3724	0.2553	-0.4541	-0.0647	-0.1002	-0.1321	1.1055	-0.2485	0.2377	0.3891	-0.1163	-0.0028	0.3065	-0.4085	0.6915	-0.6522	0.2171	-0.0905	-1.3894	-0.6572	-0.4572	0.7000	-0.0881	-0.0521	-0.4012	-0.5225	-1.2375	-0.5903	0.1974
0.2935	-0.7819	-0.7851	-0.1103	-0.7411	0.1768	1.4468	-0.3660	0.8875	0.3512	0.1858	0.3857	0.6456	1.1456	-0.7681	0.5618	-0.0161	0.0992	1.0776	-0.3651	-0.3257	-0.3679	-1.6230	-0.7461	-0.4801	-1.8300	-0.1837	-0.5509	1.2630	-0.3725	0.2282	-0.4674	-0.7467	-0.2607	-0.4774	-1.2325	-0.3085	0.6935	0.0704	1.0251	-0.3162	0.3541	-0.3732	0.1923	-0.9034	-1.4925	-1.5487	-0.1143	-0.2607
0.4053	-0.0279	-0.7585	-0.3530	0.8373	0.6370	-0.1878	-0.9720	1.2467	-0.3271	0.1786	0.8888	1.3791	0.9404	-0.3003	0.6619	0.0154	-0.5263	1.0300	0.1502	-0.1775	-0.9532	-0.8460	-0.7689	-1.1957	0.5954	-0.6668	-0.7966	1.6853	-0.0094	0.8593	1.0143	0.4666	-0.6473	-0.9072	-1.0858	-0.8537	0.7328	-0.4343	1.3574	-0.4298	-1.0117	0.0246	0.2245	-1.4706	-0.6214	0.1843	0.0642	-0.2653
0.8304	0.2377	-0.0207	-0.0514	0.7971	-0.2114	0.3730	0.4876	-0.0451	0.7450	-0.3998	0.0959	1.5340	0.7866	-0.2359	0.3453	0.3931	-0.3031	1.8859	-0.2309	0.4948	0.9885	-1.1284	0.8742	-0.4201	0.4557	-0.1820	-0.9204	1.5318	-1.0641	1.8775	-0.7245	1.2029	-1.3339	-0.3470	0.3126	-0.4056	-0.0081	-0.9264	0.2948	0.1735	-0.7570	-0.4200	0.8775	-0.8086	-0.8669	1.5930	0.1283	-0.0889
0.3279	0.2342	-1.4169	-0.5627	0.2843	-0.5185	0.6481	-0.4625	0.6730	1.1651	0.5441	0.3539	-0.0363	1.0692	-0.3408	-1.3290	-0.1965	-0.3104	1.5152	0.7121	0.1019	-0.2677	-0.8647	0.4887	-1.3169	1.3015	-0.2739	-1.1463	2.0779	-1.4662	1.1079	0.2017	1.3140	-0.3520	-0.5058	-0.1828	-0.2445	-0.2563	-1.1257	0.0032	0.0870	-0.7442	-0.3848	1.2418	-0.6057	0.0418	0.9143	0.1441	0.1572
-0.1726	-0.2177	-0.9104	-0.6048	-0.7849	1.0297	-0.1722	-0.6929	0.4625	1.0805	-0.0486	0.3797	-0.3346	0.2918	-0.8448	-1.3275	-0.1230	0.1366	1.6268	-0.2452	0.5038	0.4209	-1.3792	0.5643	-0.7523	0.2396	-0.4173	-0.2636	1.2659	-0.1495	0.5954	-1.2086	1.4222	-1.0018	0.3932	-0.1965	-0.0821	-1.2848	-0.8369	1.0898	-0.6690	0.2699	-1.1391	0.5356	-0.4080	-1.2839	-0.6351	0.4277	0.3730
0.4278	-0.4684	-1.2435	-0.9693	-0.4123	-0.0510	-0.8505	-0.3107	-0.0497	0.4246	0.7949	-0.3203	-0.5195	0.6231	-1.4103	-0.7923	-1.3213	0.1188	1.5353	-0.2676	-0.1581	-0.3790	-1.2947	0.2597	-1.1488	0.1557	-0.1939	-1.0155	1.6152	-0.7913	-0.6723	-0.6571	0.9225	-0.4734	0.2680	-0.3026	0.0685	-0.6816	-1.3851	0.7050	-0.3428	-0.3621	-0.4644	1.1960	-0.4536	-0.6431	-1.0685	0.0720	0.6424
-0.1226	-0.9098	-0.7460	-0.7924	-0.1128	-0.2517	-1.5878	-0.4766	-0.2388	0.0060	-0.3067	-0.0736	0.0876	0.4195	-0.7930	-0.3895	-0.1795	-0.1682	1.4317	-0.6118	0.8077	-0.2497	-0.5927	-0.8493	-0.9922	0.3031	-0.0307	-0.8433	1.4638	1.2638	-0.1939	-0.4419	1.3065	-0.5925	0.4349	-0.7023	-1.1050	-0.7227	-1.5156	0.3018	-0.6773	0.1851	-0.9185	0.2198	-0.7255	-0.6030	-0.9232	-0.2147	0.0528
-0.9327	-0.7434	-1.2847	-0.9367	-0.1498	-0.2988	-1.4585	-0.0549	-0.2629	-0.3331	-0.2895	-0.8679	-0.8341	0.4293	-1.2157	-0.7357	-0.8050	0.4324	1.0294	-0.5482	-0.3459	0.0295	-1.2277	-0.6061	-0.5958	-0.5920	-0.2675	-1.0678	0.7454	0.4368	-0.3208	-0.9864	-0.2569	-0.9788	-0.5499	-1.3103	-0.3222	-0.7707	-0.4123	-0.1940	-0.6434	0.7680	-1.1374	-0.8022	-1.0336	-0.7903	-1.0990	-0.5632	1.0890
-1.0603	-0.3704	-0.6976	-1.0717	0.5372	-0.7029	-1.1727	-0.5868	0.5601	0.1648	-1.0764	-0.4189	-0.7382	0.6229	-0.4908	-0.6428	-0.4043	0.3953	0.4337	0.1865	-0.1766	-0.0328	-0.3392	0.1254	-0.3411	0.2554	0.2006	-0.7507	0.0558	1.0505	-0.3154	-0.5816	0.5645	-0.8013	-0.3645	-1.2136	-0.6383	-0.4177	-0.7882	-1.5385	-0.4960	1.3902	-0.8608	-0.6586	-0.4065	-0.8785	0.5843	-0.8331	0.5578
-0.8515	-0.2659	-1.1505	-1.0913	0.0532	-0.5496	0.6931	-0.4179	-0.4389	0.7051	0.6674	0.0771	-0.5252	-0.3457	-0.7767	-1.3893	-1.7452	-0.5181	-0.0350	-0.1831	-1.1610	0.0321	-1.4251	0.2108	-1.1606	0.2734	-1.8370	-1.4623	-0.1801	-0.7878	0.0735	-2.4462	-0.0715	-0.8934	-0.6069	-2.0833	0.7836	0.8405	-0.2353	-0.7762	-0.0418	-0.1749	0.4267	-0.5540	-1.2708	-0.2450	0.0744	-1.3742	1.6737
-0.9156	-1.1155	-0.4790	-0.4784	0.3192	-1.1237	-0.3958	-0.8328	0.8810	-0.2764	0.0401	0.1304	-0.4272	-0.7077	-0.5080	-0.4975	-2.0568	-0.2576	0.5288	0.1073	-1.0796	-0.9239	0.0733	-0.8410	-1.2592	0.4770	-1.8787	-1.0718	-0.6328	-0.5935	-0.3167	-0.1074	-0.2177	-0.6597	-0.9815	-1.7210	-0.1866	-0.5454	-1.1200	-0.8745	-0.6730	-1.1893	0.4647	-0.7197	-1.2927	0.3108	-0.7847	-2.2338	0.0594
-1.3461	-0.9080	0.1430	-0.1095	-0.5586	-0.7511	0.4498	0.1415	-0.6858	-0.3730	-0.1702	-0.6786	-0.1466	-1.2577	-0.9082	-0.0772	-1.2421	-0.7209	0.2676	-1.2302	-0.4803	0.1570	-0.6200	-0.6982	-0.9328	-1.0685	-1.8526	-1.3149	0.4562	0.2530	0.1616	-1.1053	-0.2293	-1.1411	-0.6692	-1.1263	1.2991	0.1200	-0.7722	-1.6085	-0.9746	0.2896	-0.2662	-0.5553	-1.2368	-0.2495	-0.3091	-2.2213	-0.4687
-1.4817	-1.3596	0.6614	-0.4779	-0.1857	-1.9515	-1.5268	0.4261	-0.3199	-0.4348	-1.0860	-0.6884	0.1820	-0.1589	-0.2952	-0.2395	-1.0823	-1.3352	-0.0105	-1.2551	-1.3777	-1.1188	-0.0355	-1.3019	-1.5788	-1.1764	-1.0715	-1.0274	-0.1101	-0.8287	0.4917	-0.3896	-0.9355	-0.0446	-1.9188	-1.3109	-0.0494	-1.3231	-0.5939	-0.9024	-1.6054	-0.2721	-0.9039	-1.0610	-1.6139	0.1071	1.0833	-2.3768	-0.7282
-1.8444	-0.8737	0.6693	0.1271	-1.0308	-0.4255	-1.1521	0.1996	-1.3335	-1.7212	-0.5408	-0.3664	0.9307	-1.1471	-0.3157	1.0011	-0.8424	-1.9070	-0.8408	-1.4256	-1.9306	-0.8210	-0.2533	-2.0448	-1.3968	-1.1502	-1.5035	-0.5998	-1.2407	-0.4779	-0.8162	-0.3150	-0.5064	-0.5919	-1.6656	-1.2638	0.0745	-0.1889	-1.1800	0.4636	-1.4179	0.2452	-0.5214	-0.5946	-1.4533	-0.9579	-0.0947	-2.5146	-0.7478
-1.9832	-0.5673	-0.1656	-0.2722	-0.5766	-0.7917	-0.3568	-0.1875	-0.4671	-1.5164	-0.7566	-0.5520	0.8519	-1.2353	-0.7501	0.6614	-0.9299	-0.9877	-0.7639	-0.9136	-2.4055	-0.5474	-0.9945	-1.1048	-0.9995	0.1650	0.1584	0.0505	-2.5788	-1.3142	-0.7770	-1.8439	-0.4486	-0.3646	-1.1717	-0.5912	-0.3017	0.6836	0.1457	1.0631	-1.7457	-0.8084	0.0376	-0.0519	-1.3880	-0.3886	-1.0915	-2.1363	-0.0124
-1.9992	-0.4923	-0.4861	-0.4862	-0.2698	-0.7236	-0.6192	-0.5401	-1.0931	-1.3388	0.1863	-1.3916	0.5276	-1.0175	-1.7016	-0.1268	-0.4932	-0.6402	-1.1253	-0.2233	-1.3874	-0.4255	-1.4373	-0.5043	-1.0020	0.4947	1.0483	0.0414	-1.8767	-1.7725	-1.1105	-2.4254	-0.4858	-0.1044	-0.7676	0.4775	1.0717	1.0987	-0.3430	-0.8267	-1.8008	-0.9272	0.2113	0.3120	-0.1604	0.4994	0.4086	-1.4356	0.5524
-1.1070	-0.6907	-0.3061	0.5150	-0.7188	-0.4233	0.1393	-0.0920	-1.4298	-0.8309	-1.2368	-0.7166	1.3948	-1.6664	-1.4490	0.9317	-0.7859	-1.6735	0.0703	-0.5245	-1.8319	-0.7908	-1.6498	0.2365	-0.9636	0.0556	-0.8540	-0.1676	-1.0216	-0.7886	0.0145	-1.6298	-1.5665	0.0199	-1.2105	-1.0842	-0.1548	0.2320	0.1438	-0.2016	-1.2576	-0.2991	-0.2181	-0.8658	-0.2202	-0.0348	-0.0357	-0.6371	-0.2686
-1.1182	-0.8093	0.2954	0.3176	-0.2850	-1.4862	0.0081	0.3491	-0.7615	-1.4282	-0.7277	-0.1815	0.8490	-1.4071	-0.7540	0.7565	-1.0443	-3.0234	0.3197	-0.5497	-0.5982	-1.8873	-0.1307	-0.6836	-0.4923	0.3077	-2.1342	-1.2747	0.3016	-0.7264	0.5061	0.0973	-0.9516	0.3754	-1.3789	-1.4628	-0.5131	-0.2996	-0.2233	-1.2892	-1.1290	0.2614	0.6753	-1.4894	-0.4416	0.5128	0.0407	-1.0086	-1.4445
-1.2888	-0.7675	1.4244	0.8491	-0.2041	-1.4756	-0.5686	0.7329	-0.7996	-1.1263	-1.2959	-0.2343	1.7573	-2.3629	-0.1388	1.9986	-0.3460	-3.3033	-0.6161	-1.2874	0.3718	-0.8160	0.0073	-1.1057	-0.2546	-1.9330	-3.1846	-1.0884	0.7620	0.0034	0.4865	0.8674	0.3199	-0.5998	-2.1472	-0.7277	-0.3033	-1.3582	-0.7742	-1.2886	-1.0406	1.0271	0.3191	-2.0520	-0.5316	-1.3054	0.4847	-1.7206	-2.2603
-1.2314	-0.0863	2.2662	0.8523	0.3255	-2.2303	-0.3807	0.9543	0.1826	-0.9513	-0.9248	-0.8952	2.3933	-1.9484	0.9265	1.8244	-0.5400	-2.6754	-1.5595	-0.8260	-0.1814	-1.0045	-0.3781	-1.1272	-0.5419	0.2983	-1.8260	0.5037	-0.0897	-0.5997	0.9069	0.6007	-1.1590	0.8282	-3.0573	0.0836	-1.5939	-1.6621	-0.1806	-1.9398	-1.1815	0.0909	0.8975	-1.8078	-0.9203	-0.8421	1.3812	-1.6050	-1.9556
-0.1609	0.3335	1.5210	1.1052	0.3497	0.6334	2.7336	-0.5291	-0.3426	-1.4189	-0.4232	-1.5163	1.6011	-1.9762	1.0212	0.8849	-0.5876	-0.1533	1.7439	0.1224	-1.9115	-0.0745	-0.3421	-0.2501	0.2555	-0.1328	-0.5227	0.6878	-1.6986	-0.4442	-0.6929	0.1765	-2.8718	0.4880	-1.8602	0.1851	-1.6905	-0.6592	-0.6139	-2.0652	-0.3087	-2.5723	1.9081	-1.6482	-0.6131	0.6251	2.8767	-0.8194	-1.0061
1.5726	0.1341	0.2728	0.1497	2.5765	-1.5092	2.0114	-1.5855	3.3819	-1.7759	1.7548	-1.6743	0.7847	-1.9419	0.2242	-0.3130	0.4408	0.4155	-0.9494	2.5627	-3.0571	-1.9361	4.3054	0.6419	0.5224	1.4912	-0.7689	0.4600	-1.6985	-0.6270	-0.0900	1.2610	-1.3351	0.4925	0.0317	-0.0194	0.4705	-1.4032	1.0865	-1.6130	-0.3404	-1.9916	0.8412	-1.9100	-0.2573	0.2683	1.4124	0.7141	0.1506
2.3139	1.2597	-0.5759	0.4470	2.9340	-2.0545	-0.1599	-1.5301	0.3995	-0.8164	0.3875	-0.3476	-0.1028	-1.3191	0.9324	-1.0455	-0.5852	-1.2224	-2.3334	1.4927	-2.0659	-1.1322	3.9754	0.5137	0.8199	0.1590	-0.7809	0.7410	-1.2276	-1.0911	-1.3705	2.3274	1.3793	0.1678	-0.8217	0.1130	0.5339	-0.6662	1.2658	-0.4101	1.5166	-0.0195	1.9658	-0.8103	0.8555	3.2382	2.5248	0.9763	0.4798
2.5271	2.2211	0.5980	0.9907	1.3383	1.8984	-0.2741	-1.0185	-0.2647	-0.8875	0.0802	0.1531	-1.4707	-1.2373	0.6471	-0.9606	0.9346	1.9353	1.1978	0.6893	-1.2358	2.8919	1.6768	-0.4195	2.3568	0.5033	0.6113	1.7322	-1.3996	-0.5646	-2.0417	0.9042	0.6902	-0.8100	-0.7196	0.6133	0.0125	0.3166	0.9551	0.8559	2.3345	-0.9844	2.2166	0.9861	1.9301	1.8625	1.4080	1.1140	0.0430
0.3683	2.4475	0.9218	2.0129	0.1567	1.9059	-1.5969	0.6072	-0.2222	1.8421	-0.1535	-0.9216	-2.0839	-0.6216	0.9205	-0.8989	0.6333	0.6808	-0.8120	-0.8932	0.1292	1.1737	0.3107	1.1961	1.5122	1.0050	1.0070	1.1579	-1.0761	0.3825	-1.2366	0.2711	0.2994	-1.1839	0.3158	0.4461	0.7678	1.6332	2.6654	0.2293	1.9518	-0.5800	1.2901	1.3294	1.9288	1.4388	1.6488	2.3227	1.0797
-0.2908	1.3308	0.1070	1.8309	-1.1003	0.9816	-2.0823	0.2475	-1.6464	1.1256	-0.3178	-2.2677	-1.2286	-0.8682	-0.1701	-0.7834	0.1954	0.3660	-0.9922	-0.8999	-0.2402	0.6202	-0.1245	1.9997	1.1128	0.6394	1.7310	1.6034	-1.6842	1.8604	-1.0412	-0.2589	-0.0590	-1.3796	0.4528	1.4091	2.4617	0.3257	1.1048	-0.4074	1.1422	-0.5751	-0.1102	1.2635	2.3208	0.5349	0.3037	1.7748	-0.0792
-0.3666	0.5814	-0.9257	0.2242	-1.8831	-0.0917	-1.5127	-0.7350	-1.1341	1.1616	-0.2835	-1.3512	-0.9157	-0.3573	-0.3673	-0.6220	0.2489	-0.3203	-1.2373	-0.9111	-0.1645	0.2671	0.0051	1.0826	0.8365	-1.0725	0.6289	0.5777	0.2513	1.8602	0.7370	-0.0062	-0.3374	-1.1831	0.8664	1.4816	1.5514	-0.7672	0.8316	0.2072	0.2978	0.6983	-0.9709	0.5187	1.8469	-1.2634	-1.2351	1.4325	-0.0982
0.1227	-0.3366	-2.3328	-1.1826	-1.7465	0.4528	-1.9853	-0.5664	-1.6904	0.0454	0.0291	-1.4416	-1.5236	-0.2942	-1.4295	-0.5991	0.3755	0.0280	0.1401	-0.1081	-0.9243	0.1381	-0.8276	-0.3605	-0.1883	-0.3879	0.1136	-0.2928	0.3378	-0.5015	-0.5333	0.0706	-1.9712	-0.5808	0.9418	1.1213	0.8807	-1.3993	-0.8196	-0.8214	-0.3315	0.8576	-0.9104	-0.1853	0.8083	-0.3358	-0.7389	0.3378	1.2251
0.0351	-0.7152	-1.6352	-1.8902	-1.2179	1.2397	-1.8044	-1.4531	0.7252	-1.0597	-1.2010	-0.4739	-0.0871	0.5638	-0.5385	0.8122	1.5766	0.2940	-0.0070	-0.4897	0.4384	0.2726	0.0507	-1.2551	0.3182	-0.4871	0.1794	0.0010	0.5050	0.6195	0.2446	1.2501	-0.9465	-1.1285	0.9489	1.1582	-1.4585	0.3761	-0.3810	0.3477	0.2497	1.9702	-1.0639	-0.1703	0.6071	-0.7933	-1.1970	0.3842	-0.1538
-0.2200	0.2250	-1.7140	-1.7086	-0.0019	0.7206	-0.1947	-0.7313	0.2862	-0.0109	-0.8108	-0.0820	-1.0534	1.6093	-0.4321	0.0321	1.2302	0.8561	-0.5490	-0.0427	0.2577	0.0706	-0.6359	-0.0474	0.4237	0.1173	-0.6271	-0.2309	0.7230	-1.1100	-0.0364	0.4445	-1.2932	-0.1186	0.6520	1.2938	-0.5755	1.8479	0.4779	1.6834	0.2014	1.1005	-0.7025	0.0679	0.0576	0.0870	-0.6130	0.8172	0.8009
0.0685	0.5898	-0.7006	-1.6044	0.7605	0.4621	-1.0367	-0.8415	0.5863	0.1471	-0.9972	-0.1779	-1.1873	2.2790	-0.0984	0.0657	2.4360	1.4635	-0.7779	0.5153	0.5805	0.1188	-0.0721	0.5474	0.6248	0.8727	-0.0341	0.0416	0.0303	-0.8075	-0.4048	1.0804	0.0117	0.1779	0.8151	2.5023	-0.9559	0.8827	0.8961	1.4780	0.6950	0.2202	-0.8180	-0.3571	0.6837	-0.2065	0.2359	0.9436	-0.4431
-0.3987	0.9113	-0.4924	-1.1115	0.1127	1.0384	1.1571	-0.4352	-1.2023	0.3237	0.0757	0.4223	-0.4650	2.0041	-0.0484	-0.2131	1.5254	1.4424	-1.3738	-0.1918	0.8268	1.4535	-0.5542	0.6183	0.8593	-0.1596	-0.9049	0.1570	-0.3983	-0.4044	0.7274	-0.9827	0.3340	-0.1587	0.4406	2.3414	-0.0841	1.4331	0.6593	0.4734	1.3630	-0.3496	0.5450	-0.5366	1.0455	-0.2145	0.0683	0.7973	-0.5297
0.1216	0.6168	-0.3316	-1.3114	0.6270	-1.0221	-0.4685	-0.7321	0.3773	0.9673	0.3526	0.8756	-1.0550	1.9569	0.6680	-1.3029	0.8974	1.9032	-1.5304	0.4802	1.2694	0.5151	1.0991	0.7115	0.8304	0.5244	0.5914	0.2045	-0.6309	-0.0402	0.1189	0.4071	1.2494	1.4731	0.6449	1.4742	-0.4667	0.8918	1.7881	0.1782	1.5016	-0.0125	0.7836	-0.3334	1.4185	0.9416	-0.1128	1.0849	-0.9379
0.2233	0.2080	0.1065	0.4068	-0.0248	0.0672	0.7291	-0.3220	-2.3876	0.7534	0.5454	0.2043	-0.0391	0.9815	-0.2589	-0.2197	0.7636	1.0971	-0.0753	0.5134	1.0701	1.4077	0.3887	1.1151	1.2614	-0.0808	1.1870	0.1430	-0.9911	-0.2430	-0.2953	-0.6564	1.6616	0.9482	1.4204	0.7436	0.6623	1.2393	0.2993	-0.5375	1.3572	-0.5954	1.2943	0.4920	1.9392	1.0681	-0.2837	0.6008	-0.1817
-0.0229	-0.8968	0.4709	0.7189	0.2398	0.1215	0.0381	0.2947	-0.8662	0.7697	-0.0842	0.7753	0.8286	1.3465	-0.4370	1.3703	0.4681	0.5915	-0.1978	0.0301	0.7638	0.2967	0.5200	0.3919	0.5939	-1.3410	1.0583	0.0056	-1.1690	-0.7840	-1.0181	-0.0958	0.5188	0.8783	1.0722	-0.5293	-0.5193	-0.5294	0.3708	-1.2979	0.0782	0.1124	0.9870	-0.7037	0.5553	0.1142	-0.0712	0.1193	0.0396
0.8115	-0.9134	1.0041	1.0509	-0.2153	1.3536	0.0599	-0.3113	-0.6253	0.5626	0.7935	1.7384	1.3272	0.8217	0.2214	1.9934	0.0354	-0.1894	-1.5438	-0.3112	0.4494	-0.8079	0.2301	0.6254	-0.0134	-1.5026	-0.4864	-0.1184	-0.0179	0.8898	-0.2695	1.0585	0.0092	0.9392	0.3250	0.0007	-0.1346	0.2419	0.2659	-0.5815	-0.7952	0.8315	0.8522	-0.9045	-0.6700	-0.8139	-0.4065	-0.7489	-0.4643
1.0935	-1.0573	1.8093	1.2649	-0.3100	0.5842	-0.0973	-0.1687	-1.1289	0.5123	-0.4844	0.2766	2.0287	0.6162	0.4310	1.9436	0.1182	0.2799	-0.7369	-0.3263	-0.6586	-0.4163	-0.7072	0.0598	0.4861	-0.9131	0.6165	0.5905	-1.2418	-0.4313	0.5412	-0.4718	-1.1371	0.7541	-0.0497	0.4277	-1.5325	-0.5372	0.4477	-0.5792	-0.4588	-0.4413	0.4040	0.1926	0.1679	-0.2021	-0.2284	-0.9011	-1.6630
0.6399	-0.6003	2.5831	1.0301	-0.6679	1.2681	0.6411	-0.0623	0.5969	-0.5576	0.3221	0.9078	1.9713	0.1198	0.9888	1.7392	0.7009	0.1601	-1.0452	-0.0136	0.1010	-1.2096	0.0409	-1.2675	0.0697	0.0864	0.8363	1.2382	-1.3620	-0.0036	0.3443	0.4653	-0.9059	0.6493	-0.2207	0.3325	-1.5037	0.0849	0.9175	0.0295	0.0295	-0.7521	0.5468	0.6205	0.4593	0.5070	-0.7595	-0.3623	-1.5657
0.0914	0.0210	3.9457	2.1798	-0.6180	0.5588	0.3333	0.7766	-0.4939	-0.0397	-0.2674	1.3597	2.1870	-0.9389	1.9905	2.2456	0.4356	-0.5626	-1.0471	-1.0544	1.1981	0.1327	0.5237	-0.1461	0.5558	-1.8313	0.4162	1.2359	-0.7350	0.0085	1.2345	0.1456	-0.0291	0.6253	-0.0596	1.1008	0.2797	0.0479	0.9534	0.8388	0.5976	0.2320	0.6415	0.6341	0.2932	-0.4794	-0.7695	0.0648	-1.7373
1.1131	1.4240	3.2026	3.0356	0.7675	1.0489	0.5090	0.5232	-0.1373	0.3047	0.5063	1.7088	1.9160	-0.7735	3.2761	2.2273	-0.4660	-0.6422	-1.0746	0.4689	0.4508	-0.4164	1.6173	0.6330	0.4440	1.7501	0.3292	1.5731	-0.0753	1.5551	1.1077	2.0408	-1.0951	3.2726	-0.1691	1.5166	0.1880	-0.2145	0.9420	1.3754	1.0650	-0.6734	1.1233	1.5430	0.0235	2.5442	0.3612	0.5926	-1.3909
1.4044	1.8963	2.4044	2.1611	0.9521	0.0048	1.0677	1.2069	0.3393	0.5787	0.1676	1.3864	0.9522	-0.8813	2.9326	0.8506	0.3941	-0.1464	-0.6725	0.7705	1.1700	1.2712	0.2493	0.3613	0.8801	1.4263	1.2079	1.1918	-0.4068	1.6245	1.8242	0.9274	0.7221	2.1012	0.3736	1.6648	-0.0232	0.4837	0.4325	1.8069	1.8162	-0.9340	0.8870	2.3310	0.9718	2.2979	0.5545	1.0818	-0.4773
1.3845	1.9553	1.0190	0.4455	0.7610	-1.0036	1.1440	0.8745	2.1045	0.2557	1.5600	1.2899	-0.9005	1.2220	1.4540	-1.4610	0.9576	1.0662	-0.1884	1.3309	1.2068	0.9135	0.2217	-0.2587	0.4459	1.8637	1.9453	1.6559	0.2145	1.7267	1.5605	0.7493	0.1654	1.6403	0.6285	1.6431	-1.0916	0.7797	1.2115	1.4405	1.4728	-0.8190	0.6944	2.0040	1.3145	0.9992	-0.7426	0.9800	0.7671
1.6179	1.3363	-0.9837	0.6785	0.4922	1.6262	1.6361	1.1951	0.3824	0.8124	1.3261	1.3728	-1.5219	1.0179	0.6658	-1.5710	0.0002	0.1886	-0.2505	1.3349	0.6251	0.5025	0.3369	-0.2504	0.1230	0.1947	-0.0158	0.6999	0.1746	2.0102	0.7659	0.7023	1.2314	0.5868	0.5152	0.7689	0.8191	0.7763	-0.2859	2.2982	1.3232	-0.8420	0.2117	1.7837	0.9303	0.2350	-0.1700	0.4352	1.4911
0.7902	-0.0661	-0.2366	0.5197	-0.2750	1.9093	0.6269	0.6053	1.1756	-0.0242	0.6576	0.6174	-1.0602	0.5168	-0.2053	-0.7920	0.1860	0.4941	0.0255	0.6282	0.3195	0.1647	-0.1965	-0.6747	0.0318	-0.4525	-0.6336	1.3875	0.1487	1.0195	1.2581	-0.3810	-0.7016	0.3082	0.7303	0.6787	0.5675	-0.9457	0.5467	1.4531	0.1181	-0.8536	-0.2731	0.2641	-0.0041	-0.4590	-0.0542	0.2580	1.0618
0.6573	0.3332	0.5335	0.4802	0.1578	2.2147	1.3100	0.3263	0.7914	-0.2723	0.3006	0.7666	-0.8528	0.9671	0.3856	-0.1050	0.7766	0.8860	0.0556	0.5370	1.2051	0.5136	0.4811	0.4030	0.5674	-0.3588	-0.2229	1.3319	0.7100	1.1598	0.1979	1.2812	-0.8622	0.5175	1.3063	0.8497	-0.1922	-0.4072	0.3410	0.0828	-0.0387	0.6705	-0.2878	0.4537	0.2678	0.6397	1.0889	0.1453	0.4525
1.2164	0.7727	-0.0243	0.0715	0.5774	0.9700	1.4770	0.9661	0.6191	-0.0458	-0.6260	0.8799	-0.8078	0.5993	0.6428	-1.1098	0.9823	1.5455	1.1928	1.2700	0.3709	1.4667	0.4236	1.5506	1.3014	0.5671	0.8846	1.1025	-0.0662	0.1480	-0.0369	0.4799	-0.7343	0.7157	1.4037	0.5024	-0.8809	-0.6604	0.8079	0.8720	0.7650	0.1185	-0.3022	0.4182	0.4269	0.8115	1.0507	0.7667	-0.2996
1.0602	1.2165	-1.3685	-0.8301	0.7566	0.6116	1.0683	0.4191	2.0069	0.0428	1.1928	1.1819	-1.1242	1.2406	0.7755	-0.8334	0.6357	1.4782	0.6796	1.9511	1.4908	0.2326	1.0395	0.4479	1.5697	2.1107	0.7983	0.3854	0.8861	0.1965	-0.2623	1.5705	0.8563	1.1572	1.7142	-0.3199	0.1484	1.0393	-0.0934	0.2108	1.3993	0.2484	0.6786	0.8244	0.3834	1.2585	0.5243	1.3154	0.5649
0.6402	0.5712	-1.6154	-0.6995	0.8615	0.4940	0.3415	1.5963	0.4815	0.8822	0.4237	1.4410	-1.1319	-0.3156	0.4959	-0.8901	-0.2419	1.1605	1.3837	1.3691	1.8323	1.4126	0.2647	0.9713	1.3299	0.5186	0.6350	-0.9996	0.6025	-0.3726	0.4859	0.8627	2.1083	0.4744	1.6185	-1.1718	1.7523	0.4207	-1.9414	0.2939	0.6254	0.7076	0.4165	0.8166	0.1886	-0.4276	-0.4064	1.2794	1.0926
1.1166	-0.3238	-1.5255	-0.8750	0.8406	-0.5592	-0.2137	1.1515	1.9541	0.6866	0.8621	1.2147	-0.9056	0.4429	-0.3153	-1.6996	-0.6578	0.6610	1.9848	1.7233	1.1418	0.1575	0.6506	0.5214	0.0383	0.6953	0.5662	-1.3981	1.8748	-0.5089	1.6043	0.7993	1.9775	0.1853	0.8425	-2.4035	0.5040	-0.2942	-1.4851	0.0061	-0.3264	1.1096	0.0901	0.2116	-1.2453	-1.1808	-1.6012	0.7507	1.5166
0.5881	-0.9273	-0.7931	-0.4398	-0.1505	0.2570	0.1709	1.5632	0.9556	-0.0884	0.9277	0.2088	0.3291	0.4208	-0.7969	-0.3902	0.8702	0.2409	2.2568	0.7264	1.4527	0.4101	-0.0668	-0.1553	0.1088	-0.2416	0.3301	-0.7245	2.3349	0.2804	1.1777	0.0372	2.7167	-0.4524	0.8999	-1.7963	1.0967	-0.2514	-2.3243	0.1027	-0.5761	1.4589	-0.5294	-0.0926	-1.3658	-1.1244	-1.4808	-0.1098	1.1526
1.0329	-1.2812	-0.5585	-0.3888	0.8977	-0.6982	0.8250	1.9053	1.7041	0.3035	0.0943	0.9876	0.2981	0.4973	-0.4527	-0.3538	0.7842	0.5291	3.2974	0.7486	1.2784	-0.3471	-0.5511	0.6580	-0.2396	-0.1574	1.4960	-1.0070	2.3747	-0.9597	1.1644	-0.4988	1.5341	0.4205	0.8047	-1.6223	0.4982	-0.8814	-1.2764	0.9331	-1.3808	0.3992	-0.8274	-0.0158	-1.5723	-0.2265	-1.2102	-0.2381	0.3677
0.4795	-1.0469	-0.5680	0.0742	0.0731	0.4114	1.1488	1.6455	0.1886	0.4812	1.0032	1.0478	0.7074	0.5386	-0.6095	0.3944	0.7218	-0.2983	1.9807	-0.0450	0.7469	-0.4011	-0.5884	0.0040	-0.3307	-0.8520	0.2836	-0.2008	2.6261	0.0595	0.1234	-0.4720	0.9903	0.2806	0.5629	-0.8510	0.5125	0.4724	-1.3937	0.1832	-0.8839	0.4307	-0.0743	0.5199	-1.0199	-1.5833	-0.9845	0.0424	-0.4018
1.3640	-0.6792	0.0157	-0.4800	1.0901	-0.0337	1.0593	1.1809	0.0917	1.3606	0.8203	1.0444	-0.0970	-0.1837	0.4892	-0.0865	-0.3334	0.2993	1.0213	0.4459	-0.2863	-0.5245	0.1503	0.0951	-0.4948	1.7496	0.5078	0.0455	1.0505	-0.9488	0.9430	0.6734	0.5274	0.9042	0.2741	-0.5590	-0.5668	0.8839	-1.1911	0.2205	0.0472	-1.2777	0.2392	1.1069	-0.3426	-0.0353	0.7382	0.4567	-1.1137
0.6876	-0.2764	0.1758	-0.2947	0.8947	-0.0921	0.0858	1.1446	0.2964	1.1061	0.4995	0.0806	0.1907	-0.0831	0.2054	-0.0311	-0.9714	0.4846	-0.3629	0.3452	0.1504	-0.4355	0.7501	-0.3225	-0.0028	0.2832	0.1037	0.3555	0.5983	-1.0673	0.4169	0.9948	0.4145	0.2169	-0.3891	-0.2193	0.7004	-0.1348	0.0418	-0.5629	0.5203	0.1659	0.3115	0.3630	0.0274	-0.2780	1.5475	0.7020	-1.0603
-0.7993	0.2101	-0.3269	-0.3900	0.5816	-1.0408	-0.3320	0.9357	0.4602	1.0686	1.0553	0.0924	-0.5120	0.8310	0.5709	-0.9672	-0.5411	0.8301	-0.9567	0.4913	0.3291	-0.5141	-0.0826	0.6392	-0.5743	1.1837	0.7287	0.5859	-0.0603	-1.3484	-1.0337	0.9351	-0.1460	0.5759	-0.9758	-1.4187	-0.0335	1.5618	0.6049	-1.1464	0.8248	-0.5552	1.1080	-0.5597	-0.0644	1.0869	1.2756	1.0909	0.9797
-2.0029	-0.0721	0.3421	0.2384	0.0905	0.4930	-3.2193	-2.9621	-0.1370	0.8784	2.2989	-0.9687	1.3585	0.7892	0.0131	0.2487	-0.0871	0.4033	-0.1313	0.8662	0.9334	-0.2242	0.4584	0.9725	-0.2678	0.5721	1.3112	0.5825	0.3185	1.0469	-0.8427	-0.9886	0.6458	-0.4514	0.5443	-0.6421	1.2999	0.2080	0.5850	-0.4837	0.0445	-1.1582	-1.4105	-0.1616	1.4539	-0.2048	-0.4819	0.4989	0.7267
0.0679	0.2143	1.3714	1.2372	0.8391	0.4171	-0.5871	-1.7628	-0.2935	1.1745	0.2512	-0.8511	1.8665	0.8521	0.6312	-0.3370	0.9376	1.2656	0.8347	0.6276	1.3703	1.5205	-0.0485	0.7043	-0.0347	-0.0280	1.7117	0.2936	0.0862	1.3110	-0.3865	-1.3851	1.1199	-0.6053	0.1802	-0.0607	-1.0277	-1.1538	-0.3065	-0.0834	-0.3940	-0.4324	-0.5925	0.3038	0.2170	-0.6385	-0.6468	0.1698	1.3011
0.1209	1.2621	1.0507	0.8286	0.3658	-0.2602	-0.7877	-0.8451	1.4452	1.3567	1.6466	-0.1992	-0.2447	0.5967	1.5053	-1.1005	-0.1088	0.5988	0.4432	0.0975	1.1915	0.2699	0.9563	1.5989	0.1120	1.5271	1.9320	-0.2295	0.7932	0.8606	-0.3890	0.6005	1.4355	0.4506	0.8736	-1.4953	0.1038	1.2320	0.7169	0.3012	1.2051	0.5093	-0.2773	1.1407	-0.4823	1.2644	-0.8626	0.9365	1.1244
-0.7653	1.1080	-0.6018	0.4812	-0.6154	0.6914	-0.3676	-0.2031	-0.2790	1.3533	0.8197	-0.5255	-0.9166	0.2534	0.0762	-1.0365	-0.3660	0.0288	0.2545	-0.8515	0.5901	0.8665	-0.1557	0.9720	-0.0096	-0.1704	0.3974	-0.5081	0.5417	0.6992	-1.4118	-0.9680	1.3463	-1.3158	1.1709	-1.1549	1.6090	0.9312	0.2740	-0.1451	0.5521	1.4190	-1.6386	0.8755	-0.0166	-0.2066	-0.2501	0.3790	1.1949
-0.4149	1.0096	-1.6594	-1.0074	-0.4716	0.3416	0.1116	-0.7819	1.2805	0.7853	-0.3010	-0.1202	-1.6914	0.0494	-0.5857	-1.5786	-0.0096	0.4990	0.6600	0.0774	-0.2552	0.1350	-0.8140	0.8287	-0.4825	0.3724	0.9978	-0.4275	0.0239	1.3059	-1.3666	-0.5054	0.3555	-1.2332	1.1565	-0.1752	0.2447	0.7032	0.9901	0.6746	0.0970	0.8074	-1.5772	0.8012	-0.0604	-0.5016	-0.9812	0.0091	1.5412
-1.2426	0.3185	-1.2639	-1.7987	-3.2411	-0.1303	0.2312	-0.5354	0.2469	-0.2851	0.7111	-0.9328	-1.7084	0.3017	-2.1647	-1.4116	-0.0231	0.4033	1.2289	-1.4614	-0.2848	0.6732	-1.2884	0.1201	0.4403	-1.7746	1.2628	-1.0388	0.4306	0.2248	-1.2704	-1.8753	-0.4414	-2.7612	1.7385	1.0546	2.0476	0.9724	1.0090	0.6784	0.1409	1.3807	-2.0135	1.0067	1.3683	-2.9414	-2.1056	-0.5263	1.2671
-0.7555	-0.5511	-1.7904	-1.6658	-2.9225	-0.5956	-0.0666	-0.2321	-0.4818	0.3084	-0.3795	-0.1912	-1.7982	0.0236	-2.2938	-1.1057	-1.4850	-0.8083	0.0354	-2.4674	-0.6398	-1.3930	-1.5014	-0.3495	-1.2673	-2.2948	-1.0041	-2.5614	0.1439	0.3669	-0.7760	-1.6425	-1.4197	-2.6021	0.4871	-0.4013	1.4744	-0.2028	1.3639	-0.0813	-0.3131	0.6805	-1.6570	0.0510	0.1697	-1.5717	-0.0128	-0.8777	2.0459
-2.4901	-1.2222	-1.9748	-1.4762	-2.7886	-0.8306	-0.1153	-0.0126	-2.1093	-0.4985	-1.3811	-2.2399	-1.2327	-1.7646	-2.7552	-0.1438	-1.8756	-1.7580	-1.4288	-3.8303	-1.1730	-1.5978	-1.7425	-0.8490	-2.0025	-2.5912	-2.1679	-1.9336	-0.6746	0.6111	-1.6819	-2.9100	-2.1981	-3.1946	-0.9155	-0.3637	1.4996	-0.8257	1.1061	-1.3085	-0.6822	0.3972	-2.3307	-1.4797	-0.1240	-1.3759	-0.1403	-1.4596	-0.0564
-2.4774	-1.3343	-2.3544	-2.2746	-2.0522	-2.3844	-0.0367	-0.2961	-1.5124	0.1060	-2.4103	-2.8502	-1.6532	-1.3328	-2.8928	-0.6227	-1.8906	-2.0303	-1.1373	-3.1595	-1.8906	-2.0400	-2.4459	-0.7573	-2.5793	-1.6537	-2.4074	-2.2209	-0.8648	0.2006	-2.0089	-1.9333	-2.7342	-3.1182	-1.5019	-0.8983	-0.3339	-0.7083	0.0628	-1.4717	-0.8939	0.2203	-2.0666	-2.3443	-0.6901	-0.4937	0.1961	-1.3125	-0.6119
-1.7723	-1.7611	-1.8222	-2.4377	-2.2282	-2.5507	0.0503	0.1130	-1.9822	-0.8721	-1.1529	-1.8884	-1.0477	-2.0594	-3.2433	-0.7575	-2.6838	-3.2398	-1.0901	-3.0128	-2.5879	-2.3085	-2.4201	-1.9337	-3.4794	-0.5993	-3.3550	-3.1437	0.3383	-0.2444	-1.0718	-1.4044	-1.8008	-1.8481	-1.5061	-1.5874	0.0194	-0.3330	-0.8140	-0.6940	-1.0953	0.8759	-0.7355	-1.7718	-2.3494	-1.1289	-0.5796	-1.5963	0.0610
-1.8085	-2.5234	-1.4165	-2.1120	-1.5765	-2.4250	-0.7272	0.0947	-1.0092	-2.1615	-3.0273	-1.8163	-0.2637	-0.8018	-2.5743	0.2954	-2.3228	-2.1254	0.4190	-2.7079	-2.0013	-1.9974	-1.6441	-2.1480	-2.5415	-1.6787	-2.0102	-2.6146	0.6824	-1.1743	-0.8478	-1.3313	-1.3172	-1.7497	-1.7667	-1.8525	-1.7556	-1.6055	-1.7125	-0.6520	-1.9396	1.1400	-1.8144	-1.7233	-2.6092	-1.4327	-1.3915	-1.8170	0.2928
-1.9887	-1.8861	-1.1144	-1.8739	-1.1145	-2.1406	-0.6301	-0.7991	-1.5886	-2.5092	-1.6989	-2.8494	-0.5639	-1.7448	-2.8221	-0.2067	-1.3517	-1.3076	0.1577	-2.0485	-2.1906	-1.7168	-2.3088	-1.9270	-2.2086	-1.4726	-1.4807	-1.4432	0.4045	-2.1095	-1.3708	-1.3622	-1.9164	-1.7115	-2.4651	-0.7182	-0.4676	-2.0098	-2.1016	-0.8637	-2.1558	0.6045	-2.2528	-2.5002	-1.7463	-1.9882	-0.0530	-2.2169	0.0327
-2.5400	-1.7152	-0.9333	-1.1580	-1.2158	-0.9777	1.1666	-0.6198	-1.4177	-1.7459	-2.5522	-3.0447	0.9330	-1.6945	-2.4240	0.5606	-1.5160	-0.5057	0.5579	-1.3777	-2.7474	-1.1889	-2.4056	-1.6317	-1.6256	-0.8322	-1.6225	-0.3847	-0.5490	-1.6761	-1.3146	-2.2546	-2.0568	-1.2980	-2.4801	-0.6558	-1.3957	-2.7201	-1.9140	-1.0243	-2.4027	0.1560	-2.4161	-2.7778	-1.1947	-1.4701	0.0955	-1.5895	-0.5339
-1.4606	-1.6406	-0.9809	-0.6372	-0.0123	-1.0838	-0.4884	0.2747	-0.7681	-2.3888	-1.6986	-1.7787	1.0848	-1.3803	-0.7651	1.5721	-2.2763	-1.5734	-0.5921	-1.2696	-1.5103	-2.5727	-0.3577	-2.5427	-2.1904	0.5155	-2.0800	-1.7967	0.2295	-1.1425	-1.5170	0.5507	-1.3285	-0.1264	-2.7412	-1.4097	-1.1811	-1.2377	-1.8319	-1.1178	-1.9386	0.0073	-1.2151	-1.6299	-2.1653	0.7805	0.1312	-1.3423	-0.4982
-0.8388	-1.4048	-0.2835	-0.5198	1.0997	-1.8531	-1.4012	0.1011	-1.1810	-2.6547	-3.0776	-0.7981	1.8480	-1.9500	0.2938	1.8743	-1.8978	-1.3478	-1.0261	-0.9603	-0.4882	-0.8296	0.3641	-2.1614	-1.7892	0.2202	-1.6809	-1.3489	-0.3268	-1.2796	-0.7683	-0.1562	-0.5765	-0.1922	-2.4950	-1.3912	-1.6042	-1.5835	-0.8638	-0.3217	-1.5692	-0.4134	-1.3527	-0.5052	-1.8431	0.9722	0.7343	-1.0927	-1.1641
-0.5606	-1.2329	0.4411	-1.2453	0.6703	-1.7285	-0.9890	-0.7201	0.3515	-2.4393	-1.4114	-0.5027	1.1349	-0.1043	0.2367	1.5025	-0.9978	-0.7490	-1.2592	-0.0633	0.2926	-0.8651	0.4337	-1.9539	-1.2910	1.5344	-0.8312	-0.5270	-0.0799	-1.2968	-0.5187	0.4126	-1.8437	0.2373	-1.9325	-0.0743	-2.5431	-1.1085	0.0299	-0.9468	-2.0503	-0.3405	-0.8483	-0.4520	-1.3766	0.2521	-0.0645	-0.8476	-0.7447
-1.2907	-0.8373	1.0706	-0.2691	-0.6542	-0.7446	0.4195	-0.2574	-0.9029	-2.0158	-0.4254	-1.5509	0.8179	0.2727	-0.6075	0.9080	-0.2307	-0.3568	-1.3391	-0.8240	-0.0319	-0.1992	-0.6964	-1.5251	-0.7348	-0.2542	-0.1553	0.1224	-0.5461	-0.9703	-0.7862	-0.8452	-1.3205	-0.2086	-1.2924	1.0802	-0.0566	0.0150	-0.6801	-1.9783	-1.8062	-0.8785	0.2532	-1.3793	-0.6332	-0.4102	-0.3357	-0.3138	-0.7739
-0.9553	-0.0531	0.7816	0.5050	-0.1486	-0.9680	1.3264	-0.5177	-0.4167	-0.8040	-1.0140	-0.2719	1.3826	0.0604	0.2471	0.8579	-1.0972	-0.1875	-0.8966	0.0269	-1.0993	-0.1313	0.2529	-1.5359	-0.1705	-0.8041	-0.5436	0.5107	-1.2880	-1.0494	0.9798	-0.7493	-0.4510	0.5667	-1.2962	-0.0047	-0.5889	-1.7626	-0.2826	-0.4508	-1.5762	-1.2219	0.4593	-1.5972	-0.5292	0.8860	0.2825	0.1079	-0.4255
-0.2979	0.1156	1.0360	0.1933	-0.4264	-1.2280	1.6224	-0.4795	0.7315	-1.1122	-0.0853	0.6375	0.7861	-0.1822	0.6243	1.0731	-0.4854	-0.8071	-0.1131	0.6373	0.0297	-0.5876	1.1165	-0.3735	-0.3026	-0.2282	-0.8093	-0.4868	0.1520	-0.6000	1.2618	0.9336	-0.1968	0.8447	-0.5773	-0.7724	-0.2876	0.8333	-1.0412	-1.1303	-1.0837	0.3766	1.0394	-0.9881	-0.9898	0.7041	0.1643	0.1582	-0.0041
-0.3876	-0.1725	1.2490	0.7914	-0.5532	-1.0986	0.8277	-0.0042	0.0828	-1.4451	-0.4131	0.8980	1.1458	-1.0882	0.6284	1.7389	-0.2048	-1.0837	0.2915	-0.1934	0.2245	0.3000	0.5955	-0.9577	-0.6654	-0.9620	-1.4613	-0.6297	0.4323	-0.5945	1.1448	0.6475	0.9236	-0.3072	-0.9641	-1.1191	-0.7792	0.8031	-1.6578	-0.9952	-0.3006	1.2783	0.7790	-1.0196	-0.8504	-1.0037	-0.1808	-0.3673	0.0176
-0.2326	-0.5397	1.3993	0.4111	-0.0981	-1.1601	-0.3108	-0.4653	1.1932	-0.5158	-0.9619	0.3983	1.5940	-0.3004	0.8576	2.3569	0.0063	-0.3174	-0.0230	0.2388	0.3700	-0.2548	0.5460	-1.2811	-0.4211	0.4652	0.1300	0.4910	-0.1287	0.2486	0.6752	0.7221	0.0368	0.7751	-1.1521	-0.1358	-2.0191	-0.7621	-1.5436	-2.0194	-1.1986	0.4059	0.7126	-0.6902	-0.8987	-0.4605	-0.0687	-0.7273	-0.4792
0.9020	-0.2799	0.8886	0.7266	-0.0395	-0.0189	0.5442	-0.6448	-0.5318	-0.7326	-0.5094	0.1394	1.7065	-0.6263	0.8800	1.5893	-0.2700	0.0157	0.4106	0.9285	-0.1444	0.2750	-0.3476	-0.0997	0.1749	0.2895	0.1534	0.8558	-0.3558	0.4538	0.1209	-0.1355	0.0822	1.0945	-0.2839	0.2381	-1.1221	0.3919	-1.3818	-0.8098	-0.8747	-1.4783	1.3776	0.7118	-0.4424	0.6113	0.3795	-0.6657	0.3436
0.8955	-0.4643	0.7372	1.6201	0.4498	0.9217	-1.5297	0.2578	-0.1374	-0.1822	-0.8129	0.3267	1.0195	0.2872	1.0489	0.7203	0.5218	-0.5545	0.3036	0.3840	0.6591	0.9847	0.1300	1.0290	0.7917	0.1077	-0.0039	-0.1694	0.2714	-0.5078	-0.2512	-0.1136	0.5086	-0.2583	0.7479	0.4138	-0.5431	-0.4433	-0.1950	-0.2889	-0.4027	0.3016	-0.0159	0.8051	-0.3100	0.5087	1.6008	-0.2526	-0.8196
0.7832	-0.0776	0.6697	0.4486	0.4145	0.6735	-0.4195	-0.3446	0.9896	0.7578	0.0109	0.4924	0.2599	1.1690	0.8489	0.3336	1.2137	0.1222	0.0146	0.6507	0.3196	0.5883	0.4447	0.2740	1.0592	0.3179	0.4205	0.3371	0.1511	-0.6362	-0.2451	0.1822	0.3035	0.1027	0.6950	-0.2315	-0.9353	-0.2854	0.7734	0.4726	0.0173	0.0200	1.1243	-0.0570	-0.5326	0.2658	1.8476	0.3732	-0.1557
0.3573	-0.2954	0.5864	-0.2038	0.2974	0.2362	-0.0486	-1.0131	-0.1911	-0.3300	0.9772	0.0085	0.7677	0.0841	0.3332	-0.3699	1.1394	-0.0635	0.1544	0.8097	-0.2081	0.2270	0.3117	0.8585	1.5171	0.7616	0.7281	1.1815	-0.3559	-1.2007	0.3894	-1.1352	0.3214	0.4843	0.9859	1.1406	0.7351	0.9939	0.3520	0.5974	0.0717	-1.0951	1.8874	0.0548	0.5430	0.2690	1.0092	-0.1889	-0.3663
0.7374	-0.3780	0.1366	0.1286	1.3328	0.5529	-0.6506	-0.0679	-0.7506	-0.2404	-0.2350	0.9973	0.3884	-0.1447	0.7871	-0.6270	1.6569	-0.2942	0.1684	1.0747	-0.3250	0.8350	0.6782	0.7953	1.6604	0.8991	-0.0575	0.4028	-0.8357	-1.6571	0.0658	0.1357	0.0508	0.0006	0.4178	1.2335	-0.5788	-0.1606	0.6242	0.7175	0.0134	-0.7075	1.2137	-0.1945	0.5524	0.4729	1.8967	-0.5238	-0.9005
1.1239	0.0302	0.0263	0.3913	1.3253	2.3449	-0.5886	-0.8774	0.3968	-0.1902	0.7394	1.6856	0.1865	0.1254	1.2197	0.3532	1.0604	-0.3653	0.1386	1.5574	-0.1046	-0.0278	1.3678	0.0709	1.2652	2.0366	-0.6587	0.7412	-0.0021	0.2487	0.9313	1.5946	0.4470	0.7307	-0.0180	0.5420	-0.5881	0.7361	1.0794	1.2326	0.4985	-0.6149	1.7521	0.1005	0.1372	0.7958	0.8278	-0.6957	-0.6729
0.0696	0.0736	0.9156	0.2203	1.6136	0.4087	0.2952	-0.1099	1.0930	-0.0749	-0.8906	1.9840	-0.4115	1.1013	1.4446	-0.3415	1.3115	0.6776	0.4188	0.2842	1.4841	2.2238	1.7300	0.5993	2.8304	-0.7903	-0.1071	0.3996	-0.0339	-1.4817	0.4225	0.8000	2.4695	-0.4140	-0.0406	0.9930	0.0555	0.2234	0.6286	1.3601	0.8845	2.0579	0.5263	0.1291	1.3273	-1.0295	0.1257	-0.2511	-2.4863
0.7430	0.8477	0.5885	-0.4007	2.3080	-0.1035	-0.9295	0.0681	0.8492	0.1547	0.9021	1.0490	-0.7875	0.7381	0.9983	-0.5602	1.5691	0.8586	0.0579	1.5215	-0.3523	1.4065	1.1025	0.2513	2.0192	1.8488	0.2968	1.0650	-0.9497	-1.1180	0.3970	0.5735	0.4156	1.1533	0.0804	0.8291	-0.3813	0.4540	0.9649	0.7092	1.0582	-0.4289	1.8882	-0.1032	1.3710	0.6429	0.8024	-0.3288	-1.1483
0.3956	0.9229	0.9302	1.7419	2.0888	3.3388	-0.0972	-0.1988	-1.6483	0.2363	0.8550	0.2447	1.3347	-0.4250	1.0445	1.5665	1.2151	0.2267	0.4386	1.6801	-0.8358	1.1886	1.1166	0.4206	2.3507	1.1692	-0.1919	1.9223	-1.2070	2.0652	1.4825	-0.7598	1.0494	1.6074	0.5613	0.9865	0.7926	0.6681	0.3055	0.4823	1.0903	-1.5360	1.1891	1.0789	2.5242	1.4742	0.6683	-0.6003	-0.7029
0.4516	1.1299	1.9966	2.1580	0.8906	1.1841	-1.2032	0.2184	0.5166	-0.0151	-0.0605	1.2471	0.2920	0.8631	1.6134	1.2974	2.6419	0.0755	0.6463	0.8122	-0.0307	0.8855	1.8014	-0.4892	2.1166	-1.5345	1.1053	1.9078	-1.5224	0.7416	1.5932	1.2962	1.2187	1.6163	1.2523	1.9663	-0.9688	0.2156	1.1328	1.1574	1.7378	0.0674	1.3522	0.5098	1.5431	0.2938	-0.2348	-0.1789	-1.6992
1.6513	2.3422	2.2816	1.6069	1.0651	2.2138	-1.3763	-0.2302	-0.6613	0.3148	1.0074	1.9794	-0.2845	0.9923	2.3386	0.8602	2.6295	0.7064	0.3854	1.8934	0.4247	1.9673	1.5297	0.3916	2.2633	-0.6934	0.7944	2.0788	-0.8155	1.3317	2.7160	1.0016	0.5361	3.0666	2.4759	2.1123	-0.8082	1.3799	1.2510	2.4261	1.9043	-0.5141	1.8425	2.5275	2.0467	1.5882	0.8450	0.7283	-0.6926
1.6468	2.6354	1.5108	1.6142	1.4247	1.0457	-1.0161	0.0380	0.9398	1.3168	0.8362	2.0790	-1.0449	1.9343	2.7731	-0.0160	2.3001	1.2980	0.6829	1.6307	0.8725	1.6363	0.7927	1.1975	2.0054	0.4578	1.4143	1.8670	-0.8151	1.1178	2.9727	1.5518	0.5411	3.0870	1.7353	1.7542	0.2564	1.6394	2.2561	3.5969	1.9182	-0.4188	1.7326	1.6281	2.0976	2.0490	0.4951	1.8378	-0.5045
1.0276	3.1471	0.9938	2.0943	0.2903	1.5648	0.2919	0.6068	0.0961	1.9282	2.1075	1.8318	-1.3305	1.4748	1.2017	-0.6993	2.6762	0.7997	0.5992	1.3959	1.0906	2.3709	0.0802	1.7636	1.7983	1.5749	1.6591	2.0227	0.0921	2.4291	2.8959	0.1170	1.2178	1.6529	1.9720	1.6378	2.4976	2.7284	1.6284	2.2731	2.3906	-0.0313	2.5471	1.9274	2.6363	1.6884	0.1474	2.3290	0.1051
1.0442	2.3271	0.0415	2.6848	0.3489	1.5623	1.0483	1.4164	0.2702	3.0672	1.1466	2.0759	-1.4829	1.4027	0.9134	-0.9362	1.0316	0.7479	-0.1694	0.7679	1.4921	2.3430	-0.3972	2.0262	1.1283	-0.1977	1.3907	1.7086	0.2299	2.3923	1.3760	-0.1230	1.5440	0.4739	0.6133	0.5861	0.9374	0.6195	1.2924	1.3131	1.6366	0.2547	1.2357	1.5551	2.0930	0.2605	-0.6299	2.7278	0.8173
1.7655	1.2464	-0.9771	0.5805	0.7290	0.4712	0.5242	0.1608	0.9927	1.9549	2.2917	0.7861	-1.6742	0.2113	0.1642	-2.4850	0.1186	1.9635	-0.2109	1.5599	0.9930	0.6977	-0.0672	2.0819	0.8644	0.3650	2.1559	1.3601	0.0915	1.3098	-0.2338	0.7324	1.0083	0.5927	0.2643	0.9122	1.5330	0.4519	0.4152	0.3750	1.2558	-1.3992	1.5800	1.3095	1.9693	-0.0058	-0.6000	2.0975	0.9407
1.3805	-0.1875	-0.2454	0.7535	0.2596	1.2344	-0.0634	0.3380	-0.1904	1.6799	0.7332	0.3929	-1.2804	-0.4815	0.4081	-1.9947	0.6860	1.7069	0.4100	0.3127	1.7570	1.4634	0.7990	2.0693	1.2844	-1.1558	1.1305	0.7051	-0.0894	1.2722	-0.5199	0.6897	1.1746	-0.6735	1.0671	0.8697	1.0725	-0.1905	0.7925	-0.4758	1.4005	0.1073	0.8509	1.0797	1.6329	-0.8571	-0.5904	1.3856	-1.2830
1.5325	-0.1122	-0.7431	0.5454	0.9680	0.8043	1.0275	0.5056	0.2856	1.2199	0.6451	0.3626	-1.7601	-0.6309	0.6278	-1.4070	-0.5985	2.1089	-0.3101	0.8324	-0.0791	-0.2904	0.8573	1.4188	0.5965	-0.0622	-0.0933	1.0042	-1.2935	0.6795	-0.1090	1.7796	-0.0210	1.5193	-0.2742	0.3612	-0.2351	-0.0814	0.5655	-0.3742	1.0497	-1.0863	1.8979	0.1617	0.5173	0.7065	-0.4506	0.7916	-0.3661
1.6968	0.3889	0.5059	0.2917	1.1001	0.7448	0.8338	0.5568	2.3656	1.4050	0.9053	-0.4329	-1.1612	-1.5399	0.2690	-0.6032	0.0495	2.0956	0.0525	0.5725	-0.9048	0.1800	0.8732	2.5290	0.8170	0.9283	0.5800	1.3812	-1.3571	0.1944	0.6059	0.1722	0.1708	1.4566	0.3112	1.4803	0.8301	0.4903	0.5462	-0.5908	1.0175	-0.3999	1.1311	0.0706	-0.0289	0.6926	0.4320	0.8684	-1.0435
-2.4452	1.4415	0.0137	1.3540	1.1687	1.2791	-0.8585	-0.4068	-2.5636	1.5226	2.4144	-1.2800	0.2263	0.4627	-0.0448	-0.3645	-0.8089	-0.5256	-0.0210	1.3295	-0.5495	1.1366	0.3071	1.7148	0.3025	0.4034	0.6425	1.3099	-0.8873	1.7288	0.0068	1.0650	0.5882	1.7100	-1.1702	1.0770	0.5939	2.1211	0.5533	0.2686	1.8920	0.2398	1.7269	0.8912	1.8674	1.0525	-0.9912	0.3428	0.6916
-0.9127	1.6920	0.8982	0.1393	0.5720	-0.4169	-1.0451	-0.0297	-0.2380	2.3758	1.6753	-0.3760	-0.4272	-0.2130	0.1411	-0.9794	0.5501	0.3426	-0.0291	0.6627	-1.2545	1.2725	0.7292	1.4827	0.7666	-0.9089	0.6541	0.9158	-1.2536	1.1878	0.4905	1.5899	0.9861	-0.0643	-1.1271	0.2579	1.1033	-0.4413	0.4069	-0.7122	1.8913	0.3715	1.2313	-0.6996	0.6394	-0.6378	-0.5006	1.1074	0.7197
-0.0313	1.9345	0.5179	0.0155	1.3168	0.7800	-0.4619	-0.1132	0.6716	2.2080	1.8309	0.5811	-0.2519	-0.6143	0.1289	-0.4959	-0.5765	0.6721	-0.1226	0.8753	-1.6978	0.9858	1.9248	2.0679	0.5217	-0.3183	0.1797	1.2210	-1.6022	0.6150	0.3699	1.7789	1.1298	-1.0227	-1.3563	0.0893	2.4749	-0.4740	0.0230	-1.0922	2.0407	0.6165	0.6133	-0.4536	0.0745	-0.7612	-0.4051	0.4114	0.0141
-0.2265	1.8786	-0.1433	0.2486	0.5015	1.4782	1.1251	0.2882	-0.3659	2.0073	1.6076	1.3492	-1.1977	0.2566	-0.3686	-1.2638	0.1984	-0.0654	-0.2402	1.0833	-0.9214	0.7829	1.4494	1.7380	-0.0909	1.1248	-0.3509	0.3132	-1.7459	0.9186	-0.8679	2.1333	0.3708	-0.4688	-0.2656	0.1095	1.6748	1.1573	-0.8888	-2.2960	1.4340	0.8290	0.3291	0.0490	-0.0889	-0.1167	0.4252	-0.0370	1.9740
0.1600	0.3221	-0.4187	-0.4301	-0.5323	0.0146	0.5058	0.1140	0.5658	0.8328	0.6578	0.4129	-0.4224	0.1288	-0.9489	-2.1730	0.5322	0.3157	-0.2342	0.5028	-0.5180	0.4199	0.5178	1.1472	-0.5081	0.6262	0.2992	-0.3748	-0.9933	-0.2789	-1.6896	0.3759	-0.3829	-0.7800	0.5442	0.0639	1.5301	0.1606	-0.1907	-1.1232	0.5672	0.6949	-0.9026	0.4053	-0.7118	-1.4228	-0.9321	0.0874	1.6705
0.4492	0.2005	-1.5375	-1.3071	-0.2630	0.0133	0.3388	-0.4990	0.2514	0.3378	1.4286	0.4714	-0.5718	1.0040	-0.5856	-1.7116	-0.0913	-0.6142	-1.4309	0.0718	0.7119	-0.5197	0.6286	0.1998	-1.0920	0.7821	-0.7647	-1.2494	0.8213	-1.0017	-1.5937	0.9538	0.1475	-0.7702	0.6145	-0.4973	1.1487	1.3804	-0.6275	-0.2139	-0.3261	0.5861	-1.6949	1.3063	-0.9467	-0.3301	-1.0846	-0.1076	2.4848
0.5747	-0.8791	-1.9498	-1.1777	-0.2034	0.1258	0.3204	-0.6409	1.1247	-0.2902	-0.1897	-0.4741	-0.3127	0.6595	-0.8494	-0.9907	0.0469	1.1534	-0.6247	-0.0544	0.1450	-0.3273	-0.0416	0.4531	-1.1705	0.9778	0.4046	-0.8762	0.4555	-0.5821	-1.7160	-0.0303	-0.4431	-1.3278	0.4020	-0.5877	0.5571	-0.4430	-0.0822	0.3175	-1.0136	-0.2828	-2.8088	0.5438	-0.9161	-0.5743	-0.1336	-0.0069	1.8934
0.2366	-0.8793	-2.6900	-1.2361	-0.7670	0.5268	0.5436	-0.9632	1.4168	-0.3574	0.1441	-0.4706	-0.2210	1.4358	-0.8453	-0.8128	0.0730	0.7179	-0.7106	-0.3222	0.1433	-1.2668	-0.5824	-0.3921	-0.9079	0.6540	-0.3489	-0.9043	1.2215	-0.0166	-1.2876	0.3468	-0.4389	-0.8503	0.5698	-1.1929	0.3279	0.5840	-0.1081	0.9693	-0.5045	-0.1585	-2.4429	0.7445	-0.5376	-0.2762	-0.1243	-0.1546	1.0577
0.8437	-0.2997	-1.9963	-0.6282	-0.2893	0.7930	0.9311	-0.4209	0.1836	0.4697	-0.3675	0.0044	-0.2535	1.6277	-1.0514	-0.9547	-0.0653	0.7753	0.2201	-0.1386	-0.4330	-1.1809	-1.7667	-0.1144	-1.4982	1.5555	-0.6628	-0.9700	0.7458	-0.7931	-0.5868	-1.3130	-1.0284	-0.4899	0.5406	-0.8338	0.2705	0.4957	-0.1194	1.6080	-0.8229	-1.8369	-1.9820	0.7571	-0.8322	1.1378	1.0254	0.0049	1.8231
0.6913	-1.1560	-1.2112	-1.6405	-0.2419	-1.2214	0.1821	-0.2420	0.1902	-0.2851	0.2703	-0.6775	0.0004	1.6787	-1.4833	-1.3029	-0.0908	0.6904	-0.4470	-0.8877	1.1636	-1.4586	-1.7271	-1.0963	-1.5283	0.8159	0.3088	-0.9743	2.0242	-1.9204	-0.3938	-1.9527	-0.5514	-0.4329	1.4244	0.3150	-0.2147	0.3428	0.0377	0.8292	-0.6890	-1.5523	-1.5263	0.7083	-0.5902	0.9055	-0.3026	-0.2911	0.3344
0.2600	-1.5425	0.0899	0.1157	-0.9339	-0.2265	-0.4740	0.6986	-0.4400	-0.5785	-1.6259	-0.6976	1.3101	1.2994	-0.5932	0.2603	0.3868	0.1646	-0.4185	-2.5547	2.1685	-1.0109	-1.1846	-1.5553	-0.8282	-2.8596	0.4239	-0.7471	1.8395	0.6006	-0.8028	-1.0451	-0.3671	-0.8162	0.7743	0.5211	-1.5804	-1.4679	-0.1528	0.4332	-0.9908	-1.3695	-2.7859	-0.2679	0.1772	-0.3486	0.0298	0.0023	-0.9719
-0.0416	-0.4101	-0.1406	0.4880	-1.3803	-0.9938	-0.1402	0.5786	-0.7408	-0.7700	-0.1237	-1.0070	0.5210	-0.1959	-0.9137	0.8929	-0.8604	-0.8627	-0.7774	-2.2176	0.5898	-1.5160	-1.8974	-0.9406	-1.1599	-2.6115	-0.7524	-0.7255	1.8763	1.1979	0.3200	-0.8703	-1.0598	-0.2013	-0.7518	-0.7823	0.4725	-0.3485	1.0397	0.3674	0.3981	-1.9893	-0.5702	-0.9147	-0.3966	-0.2524	-0.3972	0.2338	-0.1686
-0.2600	0.7037	0.4533	0.0501	-1.1477	-2.1745	-0.2588	0.4392	-0.6881	-0.6582	-0.8832	-1.6069	0.1848	-0.3985	-0.4274	0.8722	0.0642	-1.6740	-1.0827	-1.2121	0.6359	-0.6564	-1.4030	-0.0279	-0.2492	-1.8620	0.5373	-0.8756	1.0790	0.7940	-0.2513	-1.6975	-0.7451	-0.2341	0.4485	-1.3480	0.4024	-0.1392	0.9147	-2.1318	0.6823	-0.0562	-0.9983	-0.0629	0.9361	1.9658	1.4542	0.5802	0.2120
0.0863	0.1206	-0.3281	0.5754	-2.1317	-1.1327	0.5208	-0.0105	-0.1343	-0.9643	-0.6119	-0.6187	0.4693	-1.3294	-0.1901	1.2234	-1.7894	-1.4359	-1.2212	-1.3306	-0.0213	-2.3529	-0.9174	-0.7546	-1.1788	-2.1457	-0.6118	-1.5757	0.7502	0.8714	-1.4171	-0.7021	-0.9291	-0.3720	-0.3555	-1.7246	0.8761	-1.1697	0.6481	-0.5964	-0.2801	0.4444	0.1005	-0.6553	-0.1567	0.5609	0.7892	0.6198	0.8925
-1.0185	-1.2146	-0.2168	-0.0027	-2.6129	-1.8690	-0.8221	-0.4908	-1.0326	-1.8926	-1.0226	-1.6462	1.1022	-2.6918	-0.7344	1.3737	-2.0458	-2.3480	-0.8539	-1.9749	-0.6974	-2.1015	-0.7578	-1.8156	-1.6669	-2.0538	-1.0798	-1.4727	0.3944	0.1153	-0.4294	-1.0737	-1.0124	-1.6475	-0.7155	-0.9723	0.7431	-1.7165	-0.0764	0.0821	-0.7645	0.9656	-0.3083	-0.9746	-0.5956	-1.2666	-0.9868	-0.3076	-0.2104
-0.6994	-1.4227	-0.3080	-0.6740	-1.8970	-1.8895	0.1715	0.0763	-0.3250	-1.1165	-1.8104	-1.4843	1.1293	-0.8403	-0.6283	1.1454	-1.0857	-0.8258	0.3363	-1.2468	-1.0406	-1.6081	-1.4422	-1.1877	-1.4605	0.2745	-0.0048	-1.1753	0.2794	-0.1487	-0.2350	-0.8551	-2.1358	-1.3061	-0.8380	-1.3984	-1.9237	-2.1849	-0.1508	-0.3870	-2.0454	0.6395	-0.7671	-0.7592	-1.2913	-0.3147	-0.0522	-0.6037	-0.4093
-1.0773	-1.0932	-0.4625	-0.7199	-2.4586	-0.6659	-0.1147	0.1999	-0.6146	-1.5243	-0.7366	-1.9907	1.3491	-1.2094	-1.5568	0.9048	-0.4801	-0.8986	1.0160	-1.4266	-1.5110	-1.2639	-1.7400	-1.3721	-1.0157	1.0755	0.1271	-1.4832	0.7788	-0.1900	-0.0526	-1.8197	-1.5537	-1.5892	0.2731	-1.1043	-0.2166	-0.9559	-0.2016	-0.6639	-1.5193	0.9028	-0.7245	-0.4576	-1.1718	-0.6757	0.3744	-0.9901	0.0664
-0.6163	-1.1604	-0.5716	-0.4791	-1.7402	-0.7545	0.1053	-0.0604	-0.1796	-0.9800	-1.3063	-1.2425	1.1745	-0.8547	-0.9676	0.8078	-1.6429	-1.0952	1.3149	-1.5426	-1.2423	-2.0335	-1.3276	-2.6467	-1.7025	1.1989	-1.0610	-1.2296	0.8751	-0.6610	0.2745	-1.5128	-0.9936	-1.1697	-0.1976	-1.0746	-1.6715	-1.0877	-0.6294	0.5155	-1.4809	-0.3417	-0.1656	-0.5143	-1.6034	-0.8317	-0.1210	-1.2335	0.7562
0.6021	-1.3445	-0.6971	-0.5452	-0.1905	-1.1987	0.6169	0.1839	0.3975	-1.4713	-0.8221	-0.6826	0.6623	-1.0022	-0.2277	0.5389	-2.4596	-1.4588	0.6593	-0.9952	-0.5363	-2.5367	-0.9529	-1.5812	-1.8829	2.0461	-1.1410	-1.7454	2.0536	-0.7254	-0.8137	0.0531	-0.7680	-0.2153	-0.4369	-1.2965	-1.1748	-0.1035	-0.9343	0.7470	-1.8047	-0.1531	-0.0478	0.0846	-2.0377	-0.0370	-1.0519	-1.5178	0.1800
0.4144	-1.5174	-0.3626	-0.4456	0.1723	-1.1367	-0.2200	1.0420	0.0560	-0.7046	-2.0221	-1.1346	1.1476	-1.7820	-0.4407	1.3301	-2.2519	-1.9910	1.4754	-1.6822	-0.3665	-0.9889	-0.3695	-0.7994	-0.9237	-0.5438	-1.4616	-1.2607	2.1878	-1.3724	-0.0395	-1.0136	-0.1869	-0.8399	-0.1844	-0.8290	-0.3535	-0.7026	-0.7522	0.0447	-1.7652	0.1998	-0.7911	-0.0119	-1.5070	-1.0264	-0.2794	-1.2757	-1.8567
-0.1230	-1.3423	-0.0579	-1.0228	0.3305	-0.9712	0.2490	0.2661	0.6279	-1.2137	-0.8508	-1.3671	1.0745	-1.3034	-0.3195	1.5859	-1.3464	-0.5246	1.2682	-0.8025	-0.3941	-0.6958	0.4294	-1.5772	-0.4852	0.0677	-0.7198	0.4103	1.3691	-0.2227	-0.5361	-0.0819	-0.9643	0.6900	-0.7400	-0.1795	-1.3162	-0.8200	-1.4079	-0.2417	-1.2088	-0.3026	-0.3989	-0.4621	-1.2245	-0.0473	0.2360	-1.1444	-1.7999
-0.1412	-0.7136	0.3451	-0.8279	0.2284	-0.1000	0.7086	0.2227	-1.0332	-1.6878	-0.1251	-1.0444	0.6060	-1.6363	-0.6257	0.7996	-0.7165	0.2404	0.2028	-0.3222	-0.4404	0.5740	0.0783	-1.2348	-0.1096	-0.3320	-0.6675	0.3450	0.6679	-1.2314	-0.5099	-0.5557	-0.2967	0.2732	-0.2003	0.4532	-0.6979	-1.0989	-1.8797	-0.7267	-0.6181	0.2844	-0.7381	-0.2371	-0.4712	0.2308	0.6232	-1.0961	-0.6670
-0.5697	-0.0682	0.0059	-1.0028	-0.0014	0.1124	-0.8965	-0.0081	0.1550	-2.0961	-0.5727	-0.6998	0.0765	-0.4487	-0.7630	0.4953	0.1868	0.3028	0.7551	0.1339	-0.4157	0.0398	-0.2206	-1.4358	0.1882	-0.1443	-0.2325	0.2178	-0.3413	-1.8206	-1.0650	0.1200	-0.8349	0.2054	0.1507	0.2290	-1.3808	-1.2617	-0.7331	-0.9771	-0.1453	0.1117	-0.4700	-1.1559	-0.0901	0.3318	0.9036	-0.9644	0.0244
-0.8116	-0.1252	-0.0080	-0.7763	-0.4401	-0.1290	-0.7646	0.0663	0.4813	-1.1577	0.1486	0.2862	-0.4134	0.2120	-0.4292	0.4637	0.8698	-0.7396	-0.4343	0.4800	0.1983	-1.3546	0.1132	-1.0813	-0.2580	-0.1287	-0.2427	-0.7907	-0.8097	-1.2319	0.0219	1.1515	0.2922	-0.3913	0.3324	-0.3767	-0.3482	0.9601	-0.1732	0.0123	0.1206	0.6112	0.1548	-1.4604	-0.2537	-0.0782	0.4837	-0.3528	0.2513
-0.0997	-0.5052	0.2372	-0.0789	0.3957	-0.4453	-0.3249	1.4660	-0.3275	-0.3618	-1.7350	0.4553	-0.2618	-0.1419	0.4626	0.8737	0.2763	-0.3084	-1.0205	0.0849	0.4010	-0.0941	0.0278	-1.0915	0.1187	-1.3817	-0.6988	-0.9094	-1.0185	-1.7961	0.0641	0.7168	0.2135	-0.5566	-0.4594	-0.3392	-0.9398	-0.9119	-0.2907	0.2387	-0.4610	2.2754	-1.1152	-0.9226	-0.2496	-0.4826	0.2662	-0.2578	-0.3746
-0.7938	-0.2959	0.2198	0.4523	0.3087	1.7507	-0.1745	0.1296	1.1001	-1.0523	-0.3607	0.0796	0.2828	0.1071	0.5241	1.1445	0.3161	0.9173	-0.5728	0.4908	0.3831	-0.4231	0.5272	-0.2110	0.2246	0.7585	0.2984	0.9972	-1.1184	0.3565	-0.3201	0.5795	-0.3666	0.0912	-0.6827	0.2613	-0.7697	0.5271	0.8854	-0.4563	-0.7774	1.4782	-0.7839	-0.9936	-0.2621	0.0869	-1.1554	-0.0387	-0.9847
-0.1207	0.3888	0.7511	0.3026	0.9510	0.9759	-0.3332	0.2862	-0.2747	0.0196	-0.0552	0.2006	-0.2610	-0.6722	1.0065	0.2160	0.4829	0.1218	-0.2865	0.1388	1.0463	1.1585	0.4727	-0.0507	1.1414	-0.0364	0.4146	0.5371	-1.2072	-0.6076	0.5213	-0.4012	1.4323	0.0547	0.0490	0.5809	-0.3694	0.8837	0.6655	0.1700	0.5950	0.5758	-0.1548	-0.0841	0.6506	1.0069	-0.3381	0.3975	-0.6702
-0.0806	0.7912	0.4469	-0.4740	1.0253	-1.0476	0.1475	-0.6696	0.8964	0.6198	0.8418	1.1426	-1.4373	-0.4313	1.2765	-0.5295	0.1759	0.6762	-0.7929	0.8222	0.7074	0.1759	1.3826	-0.3098	0.3400	1.3659	0.9478	0.2546	-1.1173	-0.7128	-0.0091	1.5290	0.6198	1.4275	-0.4657	0.0154	-0.2051	0.2064	0.3697	-0.3104	0.6398	0.2122	0.1954	-0.4580	0.7670	1.4046	-1.0555	0.4208	0.0791
-0.4316	0.7059	0.7991	-0.1655	-0.3694	0.2304	0.2389	-0.1361	-0.9025	0.2261	0.5014	0.1902	-0.7395	-0.7473	0.0644	0.2420	0.4277	1.1110	-0.3344	-0.0466	0.4105	1.4895	-0.1836	0.3215	0.2844	-0.0270	0.7405	0.5824	-0.8840	0.5351	0.2244	-0.2379	0.5892	-0.0116	0.3158	0.2327	1.2397	0.3846	-0.8807	-1.3164	0.0699	0.0999	-0.3801	-0.5132	1.2457	-0.5096	-0.9167	0.1231	0.3522
0.2440	-0.3582	0.5654	-0.2921	0.8231	-0.4473	-0.3120	-0.4527	0.4514	-0.2991	-0.1413	0.7793	-0.4753	-0.1049	0.3751	-0.3101	-0.2704	0.7214	0.2545	0.6561	0.1071	0.5747	0.0900	-0.5647	-0.1828	-0.1079	-0.1491	0.0926	-0.7817	0.3757	1.3717	0.1381	0.4245	0.7866	-0.2028	-0.8485	-0.1995	-0.8781	-0.5305	-0.2896	-0.8139	-0.5391	0.2359	-0.4454	0.1028	-0.8361	-0.2937	-0.0035	1.1018
-0.7176	-0.3993	1.0468	0.2323	0.4126	0.4932	0.4487	-0.3576	0.4631	-0.9404	0.5826	0.4434	0.5052	0.4994	0.6040	0.6190	0.5903	0.2914	0.0239	0.8208	0.5688	1.1008	-0.1229	-0.1838	0.4766	0.2192	-0.1539	0.3290	0.1805	0.3118	0.6017	0.6709	1.5629	0.3117	0.1412	-0.1523	0.2449	1.2163	-1.0592	0.3754	0.0965	0.7307	0.9245	-0.4705	0.0832	-1.2349	-0.8973	-0.2354	0.0376
0.3805	0.0156	1.2123	0.4673	0.8029	0.4401	1.2415	-0.1687	0.7488	0.9686	-0.5698	1.1324	0.7355	1.2681	1.3221	1.1693	0.3639	1.1131	0.9594	0.9445	0.1388	1.5056	0.2415	1.2326	0.6979	0.8048	0.4051	0.3603	-0.3309	-0.3686	1.5212	0.3249	1.3454	0.6142	0.1359	-0.5032	-1.8472	0.7042	-0.4241	1.0439	0.4513	-0.2673	0.3805	0.3681	-0.1334	0.1451	-0.9600	0.1125	0.0507
0.4767	-0.0201	0.7421	0.3794	0.3271	0.9562	1.4143	-0.7828	0.4217	1.3756	0.2145	1.8274	0.8313	1.5805	0.7222	0.9950	0.7667	1.1984	0.4188	1.0782	-0.0577	0.5379	-0.1652	1.8586	0.5370	1.2964	0.7189	0.9934	-0.2008	0.4334	1.4266	-0.6402	0.0056	1.8266	0.5030	0.2481	-0.5587	0.7174	-0.4433	0.2328	-0.1090	-1.2883	0.9703	1.1339	-0.4891	0.8556	-0.8573	0.5348	0.6301
-0.0992	0.0115	1.9200	1.1177	-0.3578	0.9947	-0.1860	0.0408	-0.4904	0.9725	-0.1214	1.2755	0.3832	0.8843	0.9641	0.7556	2.0438	0.7025	0.3392	-0.1140	1.3379	1.3210	-0.3433	0.3927	1.4341	-0.6582	0.6944	1.0224	-0.3456	0.5795	1.1352	-0.7845	0.0497	0.4466	0.6351	0.9161	-0.0452	-0.7008	-0.5960	0.2532	-0.0864	-1.2448	0.5569	0.3410	0.0539	-1.2669	-0.3486	0.4410	-1.0864
-0.3801	0.3102	1.5781	1.0530	-0.3304	0.4932	0.5778	-0.0334	-0.1327	0.0397	-0.2529	0.6042	0.0816	1.2438	0.5111	0.0845	0.9121	0.4820	0.4019	-0.0681	0.7635	0.5012	0.0663	-0.3852	1.1550	-0.5760	0.7898	0.8037	0.2906	0.6724	0.1276	0.3986	-1.0837	0.3828	-0.1557	0.7979	-0.9223	0.6287	0.1778	0.1778	0.7571	-0.3610	1.0266	0.5795	0.3020	-0.6551	-1.0368	0.7820	-1.6495
-0.4079	1.0905	1.1783	0.0428	0.4746	-0.2453	0.1156	-0.2417	0.2300	0.4013	-0.0544	1.4136	-0.2720	0.6538	0.8506	-0.9503	1.2258	-0.2715	0.0450	0.7126	0.7652	0.9752	1.2409	1.1975	1.1221	0.7796	1.2808	0.4541	0.3764	0.5873	-0.3656	0.9881	0.2371	0.1785	0.1426	0.6433	0.1689	1.2218	-0.0837	-0.3328	0.6056	0.7457	0.7110	0.4465	0.6425	0.5329	-0.4133	1.1392	-1.3421
-0.6282	0.6823	-0.2574	-0.5142	0.6573	0.1633	0.4241	0.6402	-0.7786	1.3720	0.7919	0.4704	-0.6798	1.1093	-0.2106	-1.8663	-0.1043	-0.1027	0.0245	0.5998	-0.0326	1.1556	-0.1719	1.0730	0.9430	-0.1851	0.7049	-0.2877	-0.2135	-1.1549	-0.1322	-0.3328	-0.6307	-0.5712	-0.0375	-0.3196	0.8074	1.3369	0.4782	-0.6686	0.6800	0.3193	1.1562	0.2578	-0.0994	-0.0762	-0.5428	0.8398	0.9813
-0.6022	0.2639	-0.8752	-1.2588	0.5688	-0.3792	-0.9571	0.1115	0.6396	1.2675	0.7780	0.1604	-0.9866	1.6092	-0.4798	-2.1111	1.3567	-0.4952	-0.6520	0.8102	0.8612	0.0716	0.9971	0.6058	0.9295	-0.4307	1.0338	-0.4427	-0.1180	-0.0983	-0.6399	0.3303	0.6214	-0.4668	1.9561	-0.1545	0.7618	1.1506	1.3739	-1.5611	0.6889	0.9727	0.5754	0.1348	0.3295	-0.0873	0.2318	0.9883	0.9099
0.1631	0.2430	-1.0477	-0.8057	-0.0632	-0.0808	0.6402	-0.3757	-1.8069	0.8029	0.7715	0.8630	-1.0118	0.8481	-0.7815	-2.0341	0.8045	-0.6130	-0.3766	0.3960	0.4588	0.6740	0.3849	0.8961	0.0818	-0.1610	0.2440	-0.3232	-0.5670	-0.9300	-0.7478	-0.6304	0.7925	-0.8067	1.7067	0.4530	1.5413	0.6923	0.5546	-0.0967	0.0845	0.1178	-0.3508	1.4405	0.3829	-0.3581	0.1919	0.3259	1.7464
-0.4649	-0.8322	-0.7967	-0.9363	-0.4017	-0.4646	-1.0775	-0.1713	-0.3168	0.2869	-0.5451	1.4681	-1.3354	1.7858	-0.4362	-1.0105	0.4744	-0.2767	0.3980	-0.3115	1.4864	-0.1061	1.0869	0.4072	-0.3398	-0.0226	0.0308	-0.6970	-0.3204	0.0488	-0.7586	0.7377	-0.2757	-0.9226	1.1142	-0.1086	0.0310	-0.6317	0.5831	0.5008	-0.4129	0.7794	-0.5907	0.7288	-0.1988	-1.1840	-1.0797	-0.1036	-0.0153
0.0673	-0.9566	-0.7693	-0.5124	-0.5280	0.0497	-0.1404	0.3930	-1.3919	-0.2275	0.1687	1.0863	-0.8671	0.4846	-0.4243	-0.5831	-0.7463	-0.6576	0.2807	-0.0043	1.1217	0.0023	0.1531	0.7257	-0.1765	-0.0409	-0.7940	-0.8469	-0.1326	0.2723	0.1642	0.3162	-0.1577	-0.1688	0.0381	0.1655	0.0925	-0.1946	-0.2513	0.3939	-0.7757	-0.1823	-0.1629	0.6036	0.0447	-0.9255	-0.6809	-0.7992	-1.0184
-0.5645	-1.3883	-0.1133	-0.4323	-0.6354	-0.2739	-0.1452	1.0019	-0.2106	0.2043	-1.2327	-0.1317	0.1479	0.2039	-0.2713	0.6322	-1.3315	0.6537	-0.3813	-0.6481	0.0046	-0.3060	0.2928	-0.2550	0.5276	-1.1844	-0.4403	-0.1602	-0.8509	0.1400	0.1536	0.6901	-0.9649	0.2804	-0.8997	-0.0286	-0.8803	-2.7557	-0.1169	0.0614	-1.1632	1.0140	-1.0913	-1.2654	-0.0498	-1.3011	0.0324	-0.9063	-1.8882
-1.0512	-0.8749	-0.2827	-0.2628	-0.9196	0.0644	1.2952	0.7107	-0.4200	-1.0707	-1.0271	-1.6898	0.8533	-0.6517	-0.3158	0.4037	-1.5787	0.7942	-0.8062	-0.0184	-0.5237	-0.7931	-0.3647	-0.2515	0.5931	-0.0044	-1.1345	0.1102	-0.0721	0.9184	-0.9834	0.6444	-0.6621	0.0138	-1.5235	0.3336	-0.3097	-1.5539	-0.6510	-1.1547	-0.3962	1.7183	-0.3402	-2.0740	0.0468	-0.4624	1.6989	-0.9623	-1.4289
-0.7741	-0.5062	-0.3402	-0.3993	-0.2237	-0.5934	1.2586	0.4217	-0.6271	-0.1598	-1.5634	-1.4658	0.7827	-0.7602	-0.5267	-0.0099	-1.2125	0.3092	0.2729	0.5767	-1.4498	0.4462	-0.6425	0.6026	0.1155	0.6143	-1.5397	-0.1724	0.0691	-0.6003	-0.1651	-1.5121	-0.4787	-0.4692	-1.0905	-0.0946	-0.5568	-0.7679	-0.5531	-0.8401	0.1226	1.0481	-0.1291	-1.7784	-0.2305	-0.2005	3.3000	-0.5315	0.6683
-0.7824	-0.2227	-0.8651	-1.1941	-0.2046	-0.9659	-0.3699	-0.5184	0.7587	0.0164	-0.1722	-0.3503	-0.7793	-0.5281	-0.8879	0.1473	-0.5920	0.7244	-0.3823	0.6950	-0.9061	0.1299	0.0526	-0.3198	-0.2413	0.2855	-1.1966	-0.0320	0.5969	-1.2176	-0.5503	0.3907	-0.1943	0.1204	-0.2984	-0.2014	-0.2172	-0.3964	-0.6011	-0.6760	0.6873	1.9840	0.8859	-1.4117	-0.7561	-0.8155	1.4826	-0.7998	1.0468
-0.8233	0.7822	-0.5072	0.0929	-0.6937	1.1609	-0.1085	0.2406	-0.6494	1.3342	-0.7375	-0.4969	-0.3197	-1.0783	-0.9054	0.2487	0.0865	0.3747	-0.5436	-0.2402	-0.3611	0.1787	-1.0414	-0.2216	0.0264	-0.5211	-0.7782	0.5326	-0.7889	0.7401	-0.1650	-0.4739	0.0926	-0.2293	0.5081	0.0505	-0.8173	-1.1229	-0.6450	-0.5698	0.7569	0.7332	0.3327	-1.3496	0.0199	-0.7617	1.5206	-0.3841	1.3301
-0.4839	0.5792	-0.9446	-0.6904	-0.4378	-0.3290	0.7684	0.2510	-0.8409	0.3027	-0.4372	-0.7523	-1.1135	-0.6533	-0.6713	-0.3215	-0.8648	0.6175	-0.8271	-0.5113	-0.0220	-0.2270	-0.6281	0.7874	0.5012	-0.6485	0.3339	-0.3576	-0.7855	-0.2730	-1.3803	-0.1438	0.2513	0.2257	0.0692	0.2800	0.0985	0.8475	-0.0846	-1.0465	0.3605	-0.0608	-0.1053	-0.1986	0.5484	-0.2256	0.2715	-0.0856	1.0172
-1.0862	0.3876	-0.8937	-1.1223	-1.0553	-0.3542	0.4715	0.3706	-1.2732	-0.4512	0.4284	0.2580	-1.4690	-0.4247	-0.5992	-0.1665	-0.2328	-1.0275	-1.2582	-1.4349	0.5256	-0.0607	0.0944	-0.4729	-0.1635	-0.6588	-0.1068	-1.2926	-0.4011	-0.1190	-1.6894	0.5451	1.6821	-1.5034	-0.1087	0.8383	2.0976	1.2004	1.0344	-0.3956	0.0780	1.3710	-0.3147	-0.3169	1.0283	-1.8366	-1.6524	-0.2413	-0.3899
-0.8184	-1.2250	-0.3111	-1.0626	-0.7710	0.0058	-0.0665	0.3398	-0.9367	-0.1761	-0.7588	0.5465	-0.7167	0.4218	-0.4341	0.4127	-0.5237	-1.1919	-0.5598	-1.4412	-0.8575	-0.4201	-0.1071	-0.0189	-0.7340	-1.0826	-0.0568	-0.9336	-1.0781	-0.7215	-0.6978	-0.0095	-0.5409	-1.0852	-0.7493	0.4052	-0.5609	0.4499	1.1575	0.1377	-1.2401	0.6465	-1.1835	-0.2680	0.1562	-1.0550	-2.3632	-0.4845	-1.0321
-0.0693	-1.4845	0.1822	-0.4032	-0.3573	0.7251	-1.3512	0.0536	-0.4060	-0.4620	0.3219	0.3055	0.2677	-0.8251	0.1464	0.7472	-0.4110	-1.6069	-1.1858	-0.6839	-1.5484	-1.9825	-0.2908	-0.9189	-1.0583	-0.7227	-0.8676	-0.1468	-0.7190	-0.4996	0.1098	0.1953	-1.3016	0.8545	-1.4354	1.3221	-0.8220	0.1473	0.0532	0.0141	-1.6190	-0.9086	-0.2297	-0.4959	-0.8427	0.3367	-0.1399	-1.3402	-1.0613
-0.3185	-0.8563	1.7680	1.2222	-0.0308	0.6628	-3.2012	0.5393	-0.4279	-0.2471	-0.7462	-0.4169	1.1566	-1.0206	1.2656	1.2159	0.9854	-1.6884	-0.5328	-1.0927	-1.1326	-0.8219	0.1364	-0.9382	-0.0226	-0.8873	-0.3867	1.1708	-1.1109	-0.0741	1.6802	0.3593	-0.3822	1.8423	-1.1188	2.2946	-1.8071	0.0682	-0.1566	1.3444	-0.4794	-0.7656	0.2385	-0.1301	-0.5146	0.7767	0.1427	-0.5371	-1.8849
1.2649	1.3997	1.5964	1.7299	2.6724	-0.9075	-3.8228	1.9087	-0.7902	-0.8120	0.2535	1.0545	0.2826	-0.6291	2.5138	-0.1457	-0.0233	-1.4588	0.6329	-0.4598	0.6149	1.5804	0.3886	-0.1049	0.7284	0.5454	0.6660	-0.4173	0.6075	-0.2323	2.4736	1.4238	0.0353	2.0328	-0.4353	0.0656	0.3160	-2.0317	0.0776	2.5911	1.3328	1.0336	0.5060	1.8299	0.9671	3.7698	1.2240	1.2213	-0.8484
3.1732	2.6356	-1.1978	2.1461	1.8368	-0.5672	3.4111	-2.8061	5.6521	-0.2806	3.6332	-0.4836	0.7183	0.4362	0.3427	-1.0894	1.2350	2.5528	2.6850	3.2869	-0.7538	-0.9004	1.3561	0.5458	-1.1786	2.1398	1.3972	1.7969	2.4650	2.5664	0.4927	-0.0064	0.2758	0.2790	0.9681	-1.9084	3.3574	1.9743	1.2949	0.8995	2.2058	-4.7369	1.5599	1.7744	0.9600	1.8239	0.3919	1.6202	0.9325
4.2136	2.6511	-0.3570	3.8353	1.8062	2.0789	0.7286	-2.6817	1.7490	1.9646	3.0004	-1.8078	1.6740	0.7683	0.0300	-1.0723	1.1799	1.3341	2.5924	1.4958	0.0673	1.8632	-0.0351	1.6143	-0.8082	1.4387	1.1500	1.8178	2.6346	2.5129	0.8571	-2.7913	2.8079	-1.3436	1.0968	-1.8281	1.6026	1.8324	0.0107	1.3004	0.9901	-4.4007	0.2891	4.0284	-0.3227	2.4898	1.4126	2.1743	3.8520