IC05	IC08	IC09	IC15	IC16	IC17	IC18	IC19	IC20	IC23	IC24	IC26	IC27	IC29	IC31	IC33	IC36	IC37	IC38	IC41	IC42	IC43	IC44	IC45	IC46	IC47	IC48	IC49	IC50	IC51	IC54	IC56	IC58	IC60	IC62	IC63	IC64	IC65	IC66	IC67	IC68	IC69	IC71	IC72	IC73	IC74	IC75	IC76	IC77
0.5705	-1.0689	-1.5099	-0.5255	-0.0519	0.6849	-1.2750	-1.8634	-1.8954	0.1358	-0.8161	-0.7819	1.9989	1.0877	-1.2949	-0.8762	0.3669	-0.5532	0.3996	-0.8731	0.9732	0.4142	-1.4487	-0.2012	-0.4158	-0.8341	0.2026	-0.6104	0.3201	-0.7926	0.4624	-1.3834	-0.6672	0.6051	0.2441	-0.8989	0.5583	0.2949	-0.2542	-0.5387	-0.2355	-0.0666	-0.3880	-0.5189	-0.0737	-0.8127	0.0219	-0.0744	-1.2546
-0.1586	-1.0803	-1.0284	-0.3399	0.1563	0.5905	-1.2822	-2.1199	-1.1304	-1.0896	-0.6373	0.4158	1.2361	0.5700	-2.0019	-0.8502	0.7430	0.3303	0.0893	-1.0368	0.5867	-0.6946	-0.7676	0.0900	-0.0883	-0.1031	0.5570	-0.5774	0.5261	0.1119	1.0707	-0.3264	-0.0091	0.4756	0.8539	-0.3753	0.0285	0.4402	-0.5417	0.3867	-0.5543	-0.0435	-1.1904	0.0519	1.1018	-0.3745	-0.3809	-0.1065	-2.3192
0.0823	-1.0210	-0.8947	0.6531	-0.1703	-0.1579	-1.0025	-2.2203	-0.1960	-0.2840	-0.8972	0.7347	1.8615	0.6842	-1.1094	-0.1211	0.1526	-0.1050	0.8938	-1.6726	-0.1175	-1.6780	-0.3791	0.1930	-0.3243	-0.8032	-0.1326	-1.4981	0.3356	-0.4414	1.0062	-0.4238	0.3406	0.4141	1.0457	-0.7300	-0.8537	0.0849	0.3006	-0.2854	-0.7970	0.1722	-0.3040	0.0703	-0.0049	0.5743	-0.0884	0.2286	-2.4569
0.4301	-1.6526	-0.1216	-0.0587	0.2154	0.6899	-0.5089	-1.7501	1.0433	-0.9068	-1.2500	0.5464	1.7280	1.8711	-0.4507	1.1059	0.4411	-0.3817	1.2825	-0.9784	-1.1957	-2.0863	-0.4112	-0.9180	0.0363	-1.7362	-0.2336	-1.3971	1.2607	0.1338	1.0486	-0.1191	0.1484	0.5043	1.1288	-1.0628	-2.4183	0.4694	0.0866	0.4038	-0.6279	-0.3097	0.2131	1.1701	-0.8893	0.7784	1.0002	0.4915	-1.1328
0.7792	-0.1681	1.3069	-0.6889	0.7949	-0.3053	-0.4883	-2.1819	-0.0594	0.1141	-0.2854	1.2187	-0.5472	1.6268	-1.0948	0.0747	1.3527	-0.0915	1.2995	-0.3096	-0.2886	-1.5586	-1.6436	0.4408	0.4847	0.2714	0.0143	-1.1168	1.8618	-0.8302	1.9289	-1.0533	-0.7321	1.1306	1.1903	-0.5086	-0.7731	0.8700	-0.1871	1.1613	-0.4995	-0.9211	0.2472	-0.3415	0.0870	-0.3930	1.2665	0.3727	-1.6413
0.7020	0.7689	0.3946	-0.7194	0.5037	-0.1871	0.2694	-1.8563	0.9488	-1.0572	0.8508	1.1546	-1.8149	1.0587	-1.2152	-0.7253	1.8523	-1.0471	0.5578	0.4857	-0.5113	-1.7239	-1.8230	-0.3348	-0.4333	-0.2157	-1.7285	-0.6862	0.7233	-0.4514	1.4602	-0.0778	-0.3165	0.5312	-0.0882	-0.2265	0.6216	0.6829	0.4371	0.2976	-0.4545	-1.1081	0.6398	-1.1691	0.1515	-0.9294	0.6365	-0.9162	-0.5019
0.3128	1.2688	-1.2076	-1.0826	0.1109	-0.3840	1.3313	-0.8869	0.3415	-0.5139	1.1350	1.4637	-1.4269	0.9603	0.7310	-0.7977	1.1477	-0.6059	-0.6461	1.0331	-1.7269	-0.8239	-0.7340	-0.6986	-0.4203	-1.4026	-2.1482	-0.8721	-0.9142	-1.8230	1.1244	-0.2484	2.0580	0.0254	-1.4466	-0.9185	-0.6231	0.0154	-0.3612	-0.7899	-0.6546	-0.6790	0.4631	0.0245	0.5460	-0.2442	0.4293	-2.2642	1.0939
0.9643	-0.3969	-1.5625	0.3628	0.2101	-0.7635	0.7219	-0.9929	-0.3982	0.5692	1.6993	0.4994	-0.7137	0.7491	-0.7830	-1.1374	0.4485	-0.3111	-0.6627	0.9907	-0.4999	0.4029	-1.5803	-0.3636	-0.4245	-0.3311	-1.3721	-0.2358	-1.2618	-2.0911	0.2791	-1.2846	0.7562	-0.3258	-1.0073	-1.1443	1.0098	-0.2046	0.2912	-0.7402	0.3712	-1.8886	0.5854	-1.1291	-0.3297	-1.4908	-1.8941	-2.5836	0.3903
-0.1761	-0.7233	-1.1377	0.1380	-0.3601	0.4880	0.0590	-0.7007	-0.6518	1.2140	0.4508	0.0175	0.6898	0.3798	-0.5726	-0.4772	0.3064	-0.9247	-0.3957	-0.3295	0.9253	1.4361	-0.6416	0.7671	-0.0209	-0.0382	-0.4584	0.0592	-0.2020	0.0342	0.5354	-0.4452	0.4951	-0.4141	-0.0849	-1.0574	0.3870	0.4035	0.0518	-0.4558	0.8685	-1.1936	0.3486	0.1952	0.2902	-1.2579	-0.5694	-1.3611	-0.8784
-0.1934	-0.5496	-0.5515	0.5209	-1.3803	1.0392	0.3063	-0.7509	0.8589	-0.9666	0.0038	-0.1534	0.8314	-0.3138	0.3880	0.0320	0.1473	-1.0816	0.1167	-1.6701	1.1197	0.1076	-0.9285	0.0298	0.0604	-1.3161	0.2358	0.9310	0.8379	-0.2842	-0.2766	-0.6800	-0.0478	0.0158	-0.1889	-0.0542	-1.1727	-0.1599	0.8115	0.6707	0.4985	-1.7162	0.4045	0.7804	1.1060	-0.2113	-0.0672	-0.4337	-0.7371
0.4350	-0.3661	0.8832	1.0131	-0.9789	0.6483	-0.3116	-0.5620	0.6061	-1.9808	-0.2066	-0.2300	0.1771	-0.8026	0.1612	-0.4613	0.5489	-1.0880	0.3518	-1.7095	0.6437	-0.1153	-0.3567	0.2688	-0.4480	0.4733	0.1899	-0.3911	1.4710	-0.2234	-1.2562	-0.6750	-1.5075	-0.3375	0.5645	0.3806	-0.1686	-0.3260	0.1550	0.4842	-0.2416	-0.7095	0.0426	0.2762	-0.6701	-0.8577	-0.2897	0.1580	-0.4188
0.7260	-0.4803	1.7266	0.3588	-0.4449	-0.3163	-0.2748	0.3696	0.4665	-1.6999	0.0735	-0.4301	-0.1163	0.1391	1.0710	-1.7009	0.2755	-0.7118	0.3171	-0.7927	0.2580	-1.1434	-0.5091	0.4127	-0.1867	0.5169	1.5240	0.3628	0.4700	0.7068	-0.1534	-0.0483	-1.4653	-1.2559	-0.0576	0.4450	0.3052	-0.3632	0.4301	0.3809	-0.5227	-0.9926	-0.1396	-0.1549	-0.9748	-0.1679	-1.0998	0.6552	0.7915
0.5084	-0.2585	1.7178	0.2456	0.3012	0.2999	0.4758	0.6482	0.7592	-0.5242	-0.6190	-0.5938	-0.1312	0.5016	0.2892	0.0737	-0.4174	0.0373	-0.2556	0.1841	-0.2636	-0.6612	0.6009	0.1312	0.0957	0.3631	1.6306	1.7300	0.5787	2.1012	0.1183	0.9946	-0.2270	-0.8047	-0.3706	0.8321	-0.9369	-0.2775	0.9204	0.6452	-1.2245	0.6614	-0.6875	1.6833	0.4413	0.6779	0.7586	0.9034	0.4033
0.4212	0.0715	0.9673	-0.7360	0.2199	-0.4330	0.7930	1.0581	0.7977	1.5389	-0.4226	0.3125	0.1269	-0.4913	0.3319	-0.1611	-1.3349	1.0581	0.4290	-0.1058	-0.1022	-0.2440	1.4719	1.8864	-0.2527	0.1806	1.0588	1.4222	1.0110	0.0457	-0.4650	0.5229	-0.2381	0.0355	-0.6098	0.7597	-0.6693	0.2799	1.2841	1.5077	-0.9071	1.6607	0.0005	1.7166	0.6016	0.9674	0.7286	0.9299	0.2842
0.1642	0.4392	1.0264	-1.4280	0.3862	-2.0476	0.9007	1.5788	0.5736	0.0818	0.6066	-0.4675	-1.3710	-0.6901	1.1179	-2.6887	0.0139	1.2222	-0.4118	0.0810	-0.4755	-0.5581	1.4909	0.1394	-0.4615	0.0858	1.4794	0.1066	0.6693	-1.4682	-0.4620	1.4783	-0.6132	-1.1198	-1.5496	0.6697	0.3623	0.5303	1.2072	1.5614	0.2935	1.2831	0.4398	0.6908	-0.6970	1.6023	-0.3820	1.2582	0.5171
-0.6629	0.9397	0.5846	-0.6678	-0.1348	-1.6961	0.3182	2.6734	-0.0435	1.0427	0.3761	0.4646	-1.2551	-1.0786	0.6803	-1.3022	-1.4410	0.5119	-0.5051	-0.5266	-1.1325	0.6394	2.0215	-2.9285	-0.8577	0.5179	-0.1342	0.1386	-1.4170	-0.5045	-0.7243	2.1409	-0.4171	-1.4560	-1.5027	-0.0625	1.6016	1.2551	0.0652	0.5209	1.9230	1.3484	0.1160	0.5147	-0.9711	1.6788	0.7134	1.7578	1.4706
0.3490	0.7855	-0.1517	-0.1274	-0.0719	-1.3610	1.1783	2.2400	0.5497	2.0205	1.4191	0.8912	0.6608	-0.9675	0.3397	-0.1702	-2.5622	-0.3082	-0.5431	1.1117	-0.7352	-0.8547	1.5101	-0.3631	-0.8315	-1.7381	-0.7351	1.8046	-2.1716	0.3833	-0.4233	2.2507	-0.1563	-1.3564	-0.8007	-0.8803	0.6339	0.8751	-1.2228	-0.5063	0.6322	0.9060	-0.1693	-0.9935	-0.8561	0.9469	0.6908	-0.4408	1.7532
-1.3634	0.6209	-0.2793	0.2437	-1.4262	-1.6061	-0.2103	2.0828	-1.9014	0.4347	2.1269	-0.9244	-0.1498	-1.5863	1.0383	-0.1514	-1.6342	-0.3832	-1.5591	0.8062	-0.0786	0.2911	1.6647	0.5846	-0.4570	-0.2923	0.0613	2.8130	-1.3340	1.2555	-1.0664	1.1750	0.7202	-0.1182	-1.3131	0.1992	0.6201	0.8691	-1.4048	-0.5091	0.3684	2.1313	0.1992	-0.2768	-0.1551	0.8536	-0.1656	-0.4762	0.2476
-2.0746	-1.0737	-1.0351	1.1179	-2.3624	-1.6608	-0.1008	1.1484	-1.9577	-1.0070	-0.7540	-1.5678	-0.5078	-1.9674	0.2615	0.2418	-1.3853	0.0297	-1.1612	-0.7365	0.1173	1.1811	0.8587	0.1730	-0.9294	0.5571	0.6138	1.1478	-1.4757	0.0698	-1.3720	0.9046	0.0855	-0.9335	-1.5088	0.5661	0.9035	-0.4043	-0.8159	0.1771	0.2690	2.7121	-0.6763	0.1465	-0.1737	1.0939	-0.7841	0.4372	-0.7963
-1.2487	-1.3315	-0.9357	0.1378	-2.4758	0.4906	-0.9679	1.3229	-1.9265	-0.1168	-2.4144	-2.5688	-0.8297	-1.2531	-0.5505	0.4573	-1.0538	-0.1325	-1.5666	-1.1784	1.5922	0.9462	-1.1943	-0.4860	-0.6556	-0.8950	1.0846	-0.7082	-0.8803	1.1239	-0.5188	0.4701	-0.5897	-1.5703	0.7341	0.4674	0.7300	-0.7359	-0.6899	0.1806	-0.1618	1.7858	-1.7894	0.3840	0.5096	0.4165	-0.8000	0.4561	-0.3384
-0.2209	-0.5863	-0.6553	0.1868	-1.6149	1.2019	-1.1282	1.4089	-1.3273	0.9296	-0.5865	-1.5648	0.2928	-0.8960	0.1468	1.0145	-1.2981	0.3076	-1.1111	-1.8799	1.5683	0.2309	-0.7053	-1.1006	-0.2535	-0.1776	1.1493	-0.5755	-0.5641	0.7892	-0.6883	-0.2547	0.1218	-0.7180	0.1287	0.3333	-0.3210	-0.3084	-0.5054	0.6762	-0.2727	-0.8794	-1.4689	0.6138	0.3791	-0.4228	-1.1833	-0.0522	0.4476
-1.1355	-0.6882	-0.3107	0.7435	-0.2300	1.0196	-0.2798	1.6018	1.0215	-0.9670	-0.7617	-1.0163	0.2872	-0.3069	0.1411	0.9987	-0.4420	1.1258	-0.5635	-0.0936	0.2233	0.2711	0.8193	-0.3312	0.2932	2.5761	1.4340	-0.0392	-0.1886	1.4579	-2.2280	-0.3991	-1.1274	-1.4213	-0.1262	1.0289	-0.3835	-1.2252	-0.0694	0.6113	-1.4664	-0.0875	-2.7273	1.3504	0.2779	-0.0620	-0.9294	0.0612	0.2386
-1.5986	-0.0602	0.1530	-0.4631	1.3105	-0.4811	-0.3927	1.4486	0.8040	-0.2740	-0.5333	-1.5345	-0.5172	-0.4688	-0.5208	0.4465	0.1861	1.0702	-0.3670	0.2270	-0.6308	0.8812	0.8369	-0.7978	0.4337	2.5320	0.6876	-0.2348	0.1054	1.1196	-2.4659	-1.7702	-2.1066	-2.7227	-0.5062	2.3756	-0.2338	-1.3283	-0.8750	0.1385	-1.8674	0.2061	-2.4721	0.5818	-0.1059	-0.5758	-0.8601	-0.5819	-0.5666
-0.2788	-0.2085	0.9496	-0.5948	1.8021	-0.1157	0.4391	1.0954	1.4337	-0.5701	0.3658	-1.0465	-0.7284	-0.8418	-0.6851	0.9467	0.4808	0.6999	-0.4877	0.8624	-1.8467	0.2389	0.8982	-1.7556	0.2738	1.8710	-0.3775	0.1595	-0.0033	2.5074	-1.6050	-0.3948	-0.7887	-1.9006	-0.9425	2.5556	-0.5163	-0.7223	0.0001	-0.0173	-1.1852	-0.6109	-1.7299	0.4055	-0.6516	-0.7034	-0.8793	-1.4881	0.3327
-1.4283	0.8538	0.8731	0.3195	1.8457	0.5706	0.8651	0.5775	0.4604	-1.1720	-0.3850	-1.1952	-0.6334	-1.6328	0.4363	1.4594	0.9710	1.7472	-1.6885	1.0002	-1.5350	1.6660	1.8046	0.4027	1.4434	0.8571	0.4565	0.5819	-1.0044	1.7540	-1.8481	0.2735	-0.2475	-0.9083	-0.6919	2.4571	-0.8959	-1.0004	0.0377	-1.1674	-1.3422	0.2039	-1.5112	-0.5509	1.8225	-0.4203	-0.6286	-1.1799	0.4265
-1.1448	2.5996	0.7947	-0.6465	1.4516	-0.3358	1.3562	1.2939	0.2144	-0.8751	0.4461	-1.2352	-1.0999	-2.1260	0.6507	0.8552	0.7717	2.0022	-1.3194	1.8383	-1.5273	1.0228	1.2164	-0.2211	1.7693	0.3624	1.2602	0.7653	-1.6307	0.4760	-2.2610	0.7829	0.3347	0.6793	-0.1907	1.6928	0.1076	-1.1764	0.7638	-1.4094	-0.2331	0.2230	-0.7811	-1.7585	1.0978	1.4204	-0.8714	0.0270	1.7629
-0.9140	2.1189	0.3186	-1.2051	1.9363	-0.2250	1.3991	1.5883	0.4533	-0.8129	0.8558	0.1713	-2.2983	-1.5014	1.2393	1.1213	0.9839	0.9010	-1.4041	1.8800	-1.5675	0.1166	1.9298	-1.2066	1.6268	0.7978	0.7624	-0.1518	-0.9212	0.1895	-1.4764	1.5635	1.9333	1.3806	-0.0701	1.4780	0.0877	-0.3137	0.6317	-0.8325	-0.3171	0.3096	0.3467	-0.5241	0.5563	2.6115	0.2969	1.3292	1.7983
-0.6821	1.9063	-1.1191	-0.2512	0.8819	1.1724	0.4111	1.3382	-0.1993	1.4398	0.9213	0.1571	0.1723	-1.2115	0.5985	0.9452	0.0745	0.1425	-1.2156	1.3089	-0.2551	-0.0072	1.2298	-0.4395	1.2559	-0.3109	-0.9897	-0.1523	-1.3830	0.8013	-0.1001	0.5580	0.7222	1.3935	-0.2973	0.2972	0.7927	0.9213	-0.0588	-0.9217	0.0014	-0.1108	1.3217	-1.1179	0.0086	1.4522	0.7332	1.5932	1.2692
-0.4002	1.8278	-0.6114	-0.2069	-0.1645	0.3741	1.0625	1.3602	-0.2462	1.7940	1.4148	0.0724	0.3774	-0.1119	0.4907	-0.1128	-0.2741	-0.2081	-0.1217	2.5920	1.4306	0.6033	-0.1266	-0.5887	0.2019	0.0607	-1.1659	-0.3974	-0.4052	0.7062	0.9818	-0.8930	1.5208	1.8097	0.7429	-0.6966	1.7512	0.8486	-0.7949	-1.4997	0.6391	-0.2490	1.3542	-1.4214	-0.6921	-0.4814	-0.5914	1.0102	1.5106
-1.4302	0.7400	0.1245	0.4449	0.8547	-0.5342	0.8131	0.7438	-1.4410	1.3102	1.4022	0.6323	-0.8389	0.0567	0.4403	1.0838	-0.5245	-0.2792	1.0546	0.8038	1.6513	2.1552	-0.5586	-1.2196	-0.7101	1.0502	-1.2356	-0.0866	0.3005	-0.8494	0.9601	-0.6546	1.9080	1.5746	0.8875	-0.7399	0.8179	-0.1556	-0.6481	-0.8844	0.9747	0.7369	1.0404	-0.7768	-0.7587	-2.0159	-1.7882	0.3756	-0.1199
-1.2579	-0.5600	-0.9467	1.6778	0.5178	0.3019	0.0650	0.9515	-0.8583	0.4157	-1.4683	-0.1146	0.3288	0.3295	0.4269	1.3855	-1.0486	-0.6968	1.1425	0.3468	1.0616	1.7965	-0.8291	-0.1406	-0.3745	0.7810	-0.7358	-0.0150	0.4879	-1.0066	1.0438	0.4532	-0.4531	0.0880	0.9599	-1.5300	0.6165	-2.2549	-1.4545	-0.7721	0.1955	-0.0919	-0.5565	-1.0206	-0.7424	-1.9787	-0.1744	0.3076	-1.0355
-0.7407	-0.3902	-1.1537	1.4877	0.2446	1.6283	-0.7015	0.4912	-0.6645	0.6720	-1.9931	0.3558	-0.1126	0.6966	0.6547	0.9312	-0.7675	-0.7881	0.9994	0.3599	1.4725	2.2003	-1.1231	1.1286	0.1054	-0.0884	-0.9669	-0.7372	-0.0574	-1.1548	1.0999	-0.3458	-0.4758	1.0120	1.3318	-1.7041	0.3247	-1.3178	-1.7570	-0.9976	0.4805	-0.2393	-0.0294	-0.9876	0.4258	-1.6208	0.7714	-0.4428	-0.2009
-0.4276	-0.4932	0.6909	1.7584	1.4803	1.8827	-0.6505	0.3572	0.6204	-0.3194	-1.0080	0.3159	-0.2996	-0.0508	-0.4917	1.5050	-0.6816	1.0128	1.5939	0.5836	-0.1242	1.1412	0.2481	0.6470	0.1375	-0.0516	-1.2409	0.0357	-0.6700	-0.3252	-0.3120	0.1281	-0.7818	1.4655	0.5497	-1.5997	-0.9140	-0.9470	0.6285	-1.7690	0.5623	0.6862	1.1320	-1.0871	-1.2994	-1.0118	0.6586	-0.1509	0.4142
0.6672	-0.8925	2.1008	1.6189	0.5230	0.9193	-0.1819	-0.0582	1.8304	-0.5535	-1.5081	0.7435	0.0199	0.5706	0.3507	1.4660	-0.0238	1.6972	1.4285	1.3299	-0.3114	0.7657	0.7968	2.4363	-0.1593	0.2624	0.1213	-0.2332	-0.0748	-0.5237	0.6619	-0.2579	-0.3498	1.4180	1.0613	-1.9551	-0.4595	-1.7293	-0.1498	-1.5921	-0.0336	-0.4578	1.1777	-0.1988	-1.4316	-2.3367	0.8226	-0.5084	0.1124
1.9805	-0.4596	1.7293	-0.1453	1.3069	0.6142	-0.1513	-0.2369	1.1725	0.5251	-0.2643	1.5552	-0.5818	0.3330	1.2236	0.9720	-0.0658	1.1536	1.4403	1.3161	-0.2107	0.2597	0.8987	1.5838	0.3133	0.4034	0.1122	-0.4877	-0.1115	-1.2243	1.4490	-0.4014	0.6446	2.4277	0.6518	-1.4709	-0.7965	-1.4019	-0.6224	-0.3878	-0.3625	-1.1213	0.8944	0.0649	-1.4110	-1.3090	0.6421	-0.7511	0.4285
1.7132	0.9677	2.1820	-0.7362	1.1960	-0.1104	0.3002	0.2944	1.6786	0.2551	0.2974	0.9694	0.4160	0.8756	1.9688	1.3840	0.4658	1.0505	1.2484	2.0917	-0.1832	0.0002	0.5528	0.6711	0.6429	0.3649	0.3045	0.8857	0.4149	0.0147	1.5261	1.3803	1.2421	2.3014	1.0331	-0.3850	-1.3684	0.0634	0.4546	0.2571	1.0084	-0.1238	1.5023	0.2119	-0.2189	-0.0125	1.1125	0.4953	1.5825
1.6447	0.9734	1.4872	-0.5221	0.1554	-0.3472	0.4753	0.7434	1.2059	1.9551	1.0285	1.3300	1.2013	1.0913	0.9885	0.7278	0.9428	0.8410	1.7355	2.7313	0.1362	0.5938	-0.3646	-0.3957	0.3486	0.2593	-0.9940	-0.1618	1.1896	-0.8380	1.5438	-0.2406	1.8176	1.8428	1.9814	-0.8120	-0.2621	-0.8348	0.8177	0.6782	0.7321	0.4469	1.6356	-0.4342	-0.9862	-1.4870	-0.1036	0.1425	1.3397
1.5947	0.0487	-0.8781	-0.3368	-0.4625	-0.6020	1.8832	1.0798	2.1721	0.9448	1.7270	3.0239	0.8691	0.5597	1.1299	-0.4041	-1.2069	-0.8377	1.7908	2.2819	-0.9802	-0.9948	0.7077	0.1047	-0.3465	0.0100	-1.7350	0.1799	0.1989	-1.6986	2.5008	0.7924	1.3724	2.0155	1.7429	-1.5170	1.2474	-1.0097	-1.0094	0.7397	0.2766	-1.2539	0.5185	-0.3727	-2.3077	-0.3247	0.6823	0.0502	0.4605
0.9649	0.8519	-0.3333	-0.5816	-1.3579	-0.6487	0.5335	1.3157	0.1299	0.8381	1.5625	0.6794	-0.8617	0.8834	0.8452	-0.5057	-0.7939	-1.2182	1.2555	1.5453	0.2001	-0.1781	0.3455	0.8939	0.5939	-0.4576	-0.8960	0.6280	0.1201	-0.3195	1.9214	-0.2710	1.9881	2.0927	1.4083	-0.3254	0.9497	1.0117	-0.9101	-0.5848	0.5800	-0.1888	0.8683	-1.0836	-0.8353	0.5590	1.4342	-0.4342	0.1763
-1.1808	0.4223	-0.5007	-0.1704	-0.0360	0.4585	0.4244	0.3570	-1.6253	1.2689	-0.2204	-1.0269	-0.8720	-0.1705	-0.4253	1.4139	-0.2529	-0.6778	1.3212	0.8411	0.2904	1.1885	-0.1357	0.9811	1.0995	-1.1210	-1.3251	-0.7967	-0.6000	-0.4809	1.2493	0.3942	1.1332	0.9945	0.2893	-0.1941	0.9820	0.2526	-0.2949	-1.7802	0.9805	1.1340	0.8735	-2.0165	-0.4100	0.4280	0.4939	-0.4203	0.0250
-1.8606	1.1648	-0.6512	-0.5434	0.0887	0.2414	0.7869	-0.9387	-1.9681	-0.7420	-1.2059	-1.1922	0.2945	-0.2300	-1.8242	2.2503	-0.5611	-0.6840	-0.3050	0.3065	-0.3102	1.6219	-0.0630	1.3000	1.3593	-0.2844	-0.3130	0.9318	-1.8621	-0.4723	0.1841	0.3375	-0.0194	-0.1069	-1.3195	0.9930	0.9137	-0.5307	-1.1955	-1.3589	1.7492	0.5646	1.2495	-2.3092	0.8581	0.1920	0.7126	-0.3076	-0.3993
-1.7261	1.7471	0.0734	-0.0413	-1.0463	-0.2264	-0.4964	-1.3681	-2.6352	1.2420	-0.2161	-1.1249	0.4795	-0.9123	-0.5799	1.2829	-1.2897	-0.3113	-1.3344	-1.3645	0.1305	0.9797	0.5691	0.6959	1.0689	-0.4343	-0.4574	0.8901	-1.8740	0.5233	-1.1154	0.3348	-0.6564	-0.3412	-1.7786	0.8671	0.4649	0.5220	0.0675	-1.4859	2.0618	0.8403	2.6591	-1.4181	0.5684	0.8565	1.0775	0.0010	0.3424
-1.6577	0.9881	0.7855	0.4838	-0.4898	-0.4106	-1.6586	-1.6171	-1.5152	1.0872	-1.1144	-0.8308	0.4776	-0.6601	0.0817	0.3557	-0.1477	-0.4389	-1.1966	-0.9389	-0.1681	-0.0301	1.4986	1.0691	1.7198	0.7098	-0.2740	-0.2400	-0.4660	1.0095	-1.1401	0.4468	-2.2667	-0.7245	-0.3685	0.3067	-0.1322	0.7752	1.0333	-1.1445	1.4010	1.6144	2.2444	-0.3767	0.7158	1.2834	1.7755	1.2480	0.9540
0.0831	-0.0822	0.4087	0.9063	-0.4450	-0.2084	-2.1503	-1.7293	-0.2876	-0.1770	-0.9976	-0.1110	0.7686	0.0170	-0.2435	-0.4445	0.4746	0.1481	-0.1760	-0.7244	-0.0109	0.2569	0.5443	2.3992	0.7517	0.1799	1.0171	-0.7807	-0.0363	-0.7585	0.3981	-0.4829	-1.5886	0.3620	1.0903	0.2659	-0.4665	1.8856	0.0420	1.2166	1.7095	0.1939	1.7017	0.6023	1.4923	0.1494	0.7615	1.6426	-0.1013
1.1355	-0.6453	0.8955	0.0603	0.0850	-0.5070	-1.6880	-1.5928	0.4554	-1.5474	-0.5082	0.1439	0.4211	1.0932	0.0432	-1.2807	1.1973	0.4628	0.8320	-1.5216	0.1941	-1.0135	-0.4995	1.0880	0.4928	-1.2232	1.3763	-0.1934	0.9785	0.0369	0.4218	-0.3143	-1.1747	0.3575	1.1521	0.3832	-1.0223	1.3214	0.6065	2.2324	0.6064	0.3240	0.3900	1.5513	0.4995	0.3273	0.2054	1.9783	-0.2650
2.5921	-0.1760	0.9260	-0.1075	-0.3408	-0.1540	-1.2762	-1.8687	1.1604	0.1380	-0.4167	0.4837	-0.2499	1.0653	-0.3339	-2.2029	1.8705	0.2380	1.0857	-0.7872	0.6406	-1.3446	-0.3398	0.0613	-0.1149	-0.4023	0.8473	-0.1259	2.1094	1.4144	0.3122	-1.0001	-0.2271	-0.1779	1.2084	0.9958	-0.9476	1.0274	0.9043	2.2375	0.4370	0.3478	0.4206	2.2295	0.9040	0.9301	1.3908	1.0708	0.5334
3.0075	-0.4332	-0.1483	-0.4807	-0.4666	-0.7575	-0.8134	-0.8860	1.9669	0.1010	0.8502	0.5448	-0.6621	0.6529	-0.4911	-1.9683	0.9618	-1.0552	1.1562	-1.0422	0.4103	-2.7382	-0.5772	-1.3572	-1.3196	-0.3384	-0.3917	-0.2410	1.6363	0.3504	0.1397	-0.0125	-0.2577	-0.1293	-0.2624	0.4613	0.7034	0.9405	1.5461	2.1559	0.8378	0.4673	0.4356	1.1538	0.2747	1.8449	1.5611	0.4081	0.2691
2.0385	0.9529	-1.3124	-1.3428	-0.4554	-1.5346	-0.9968	-0.4063	1.0336	-0.2718	0.9854	1.3459	0.4365	1.3888	1.0068	-0.6333	0.8572	-2.1940	0.3579	-1.8704	0.2900	-1.5810	-0.0099	-0.6769	-1.0260	-0.6801	-0.9752	0.0471	1.1737	-0.7767	-0.0958	-0.4628	0.8212	-0.8071	-2.4389	0.3705	0.5636	2.6178	0.9115	0.9554	2.1954	-0.0603	1.3792	1.5943	1.7222	1.7514	1.7817	0.4092	1.1729
2.3095	0.1814	-1.0227	0.4602	-1.1834	-0.0752	-0.1515	-1.9832	0.5089	1.1042	1.3218	1.3793	1.1770	1.2516	-0.2990	0.6290	0.5016	-2.1498	0.9073	-1.2140	1.2742	-0.6332	-2.6845	-0.1628	-1.5873	-0.6276	-0.5685	0.1752	1.6027	-1.4267	-0.5373	-2.3276	1.1126	-0.6079	-1.4926	0.8918	1.4603	2.2894	1.2610	1.3465	2.4238	-2.0593	1.6242	1.6347	1.6080	0.5266	0.3181	-0.0362	0.8067
1.2561	-2.0275	-1.3418	0.8740	-1.5549	1.8684	-0.2724	-1.7280	-0.3573	0.2596	0.0966	0.4215	1.2596	1.3242	-0.5931	-0.0453	0.3352	-1.5062	-0.0822	-1.1061	1.4758	-0.0474	-1.8950	0.0957	-1.5369	-0.1595	0.8876	-1.5371	1.5028	0.6251	0.1113	-0.8028	0.0213	-1.3838	-0.2483	0.6259	1.4299	1.1788	0.6968	1.6943	0.7831	-1.5132	-0.4588	1.6497	1.1286	0.2391	0.1286	0.1415	-0.9272
1.8513	-1.2893	-1.1857	0.1691	-0.5641	1.6216	-0.9124	-1.7503	-0.5912	0.4677	0.3073	1.0815	1.8841	1.2671	-0.2195	-0.2340	0.1791	-0.3271	0.0370	-1.7481	1.9920	-0.2457	-1.2778	0.2994	-0.4925	1.4117	1.1939	-1.1687	1.3983	-1.0066	0.9475	-1.0595	0.6112	-0.3751	0.0494	0.3085	-0.5899	0.2071	-0.0618	1.6877	0.4720	-2.3319	-0.7049	1.2559	1.3051	-0.2495	-0.5906	0.5098	-0.4636
1.0408	-1.5983	-0.4161	0.3440	-0.3854	1.8165	-1.3532	-1.2284	0.4782	-1.1359	-0.4378	0.7756	1.4637	0.7965	-0.1346	-0.4723	0.8722	0.6463	0.3187	-1.6791	1.6174	-0.5352	-0.7698	0.8923	-0.0415	1.4705	1.4774	-0.8185	1.3861	-0.3626	-0.4132	-0.9095	-0.4556	-1.3492	0.9912	-0.0674	-0.8610	0.7658	1.0646	0.8619	-0.3170	-0.7442	-1.6772	1.1115	1.5352	0.3782	-1.4061	0.2401	-1.0991
0.5809	-1.5920	-0.3618	0.5053	-0.1746	2.0409	-1.2295	-1.2163	0.0298	-0.6695	-0.6209	0.4539	-0.4963	0.8233	-0.3515	-1.3792	1.4364	1.0935	0.0390	-1.6304	0.8336	-0.4186	-0.7110	0.7406	-0.2224	-0.1481	0.6594	-1.4922	0.6781	0.6484	-1.0084	-1.0274	-0.7251	-1.6971	1.3633	0.4342	-0.8861	0.7102	0.7166	0.7256	-0.2293	-0.2688	-1.0798	1.1398	0.6887	0.7344	-1.6407	-0.6021	-1.2402
1.9860	-1.1595	0.7338	-0.8721	1.5249	1.3218	-0.7322	-1.8235	1.0609	-0.5843	0.0649	0.8078	-0.0529	1.5179	0.8724	-1.7044	1.4558	1.0766	0.5929	-1.2722	-0.1833	-1.3263	-0.4157	0.8214	-0.3895	0.0147	1.3058	-0.1797	1.0331	1.0373	-0.0054	-0.2802	0.4890	-0.9538	1.3589	0.2931	-1.0996	-0.4203	1.0049	1.9637	-1.3676	-0.8434	-0.8288	1.9905	-0.3318	0.5331	-1.3807	-0.0609	-0.1559
1.3412	-0.8010	0.8357	-0.2909	1.1643	2.1894	-0.9516	-1.5566	0.0314	-1.2001	0.7356	1.5438	0.1752	0.8781	-0.0042	-1.4017	1.5530	0.4835	-0.3900	-1.7656	0.3382	-1.3867	-0.6307	0.3799	0.3366	0.4701	1.2544	0.9261	1.6561	2.6104	-0.5496	-0.5054	0.5976	-0.9487	0.4518	1.1984	-0.8985	0.2757	1.5932	2.4257	-2.1680	1.2160	-1.7902	1.8868	1.1829	0.2941	-1.3820	-0.0745	-0.8866
0.9507	0.0920	0.8143	-0.6488	0.4817	1.1760	0.1906	0.1752	0.5572	-0.0253	1.2528	1.3274	0.1222	-0.0053	-0.7674	-1.8106	1.1617	-0.0466	-0.0494	-1.1446	0.6650	-2.2656	-1.5819	-1.6228	0.3157	1.0054	0.7065	0.3037	1.6220	1.9277	-1.7782	-0.4567	0.3487	-0.3397	-0.6847	1.4240	-0.0100	0.9767	2.9009	2.3968	-1.1232	0.3870	-0.9326	0.9947	0.3644	1.5941	-0.9606	-0.4977	-1.7314
1.0876	0.1980	-0.2114	-0.6485	-1.2742	-0.5238	1.1661	0.1624	0.7362	0.3935	1.5274	0.7581	-0.0077	-0.2576	0.0116	-1.5671	0.1804	-1.2859	-0.1348	-0.6822	0.2082	-1.2773	0.0810	-1.0210	-0.2550	0.6723	0.7043	1.9893	1.0286	2.5681	0.0922	0.7650	0.9231	-0.4119	-2.2175	1.8005	0.9363	1.8986	1.3452	2.1333	0.0430	-0.0916	0.4676	1.1794	0.7293	1.0365	-0.5042	-0.4182	-0.6629
0.4909	0.5945	-1.8998	0.3774	-1.2945	-1.3279	1.3449	-0.2896	0.3073	0.5792	1.6701	-0.0510	0.2331	-1.0490	-0.3864	-0.2222	-1.2739	-0.8506	-0.9711	0.0261	0.1890	-0.2160	0.4773	-0.1666	-0.4468	-1.1910	-0.1150	1.8175	0.1430	0.7666	0.0320	1.1521	1.0524	0.5961	-1.6058	1.3406	0.3175	1.1184	-0.2820	-0.3593	0.6471	-1.4581	0.8160	0.9218	0.9586	0.1586	-0.1136	-0.1316	-0.5601
-0.7298	-0.1183	-1.7173	0.2025	-0.8658	-0.6885	1.2847	-0.0207	0.1338	-1.1734	1.2488	-1.0674	-1.2579	-0.9245	-2.2024	-0.6028	-0.1780	-0.6460	-0.7350	1.3779	0.5156	0.4499	-0.9627	-1.5974	-0.2515	-1.7964	-1.1915	-0.8204	0.3740	-0.7750	-0.9230	0.2300	-0.2267	0.2426	0.5578	-0.4729	1.7584	-0.0595	-0.2691	-1.9054	-0.0353	-0.4734	-1.2491	-0.4019	-1.0345	-0.9915	-1.1163	-0.3772	-0.5150
-0.9930	-1.0194	-1.6915	0.5992	-0.7488	-0.2139	0.3173	0.1027	-1.3841	-0.0868	-0.4314	-0.3299	-1.7637	-0.8417	-1.0659	-1.6835	-0.7527	-0.3990	-0.9720	0.3059	0.7385	1.6118	-0.1493	-0.5196	-0.2373	-0.3291	-0.7725	-1.1891	-0.8161	-0.9568	0.0921	0.1578	0.2064	-1.1315	0.7788	-1.0620	1.0937	0.0411	-1.2261	-2.1794	-0.9453	1.5297	-1.7294	-0.7033	-0.3564	0.2798	-0.5772	-0.7578	-0.8239
-0.9931	-1.4974	-0.1405	-0.1877	-0.5439	-0.4863	-0.0798	0.8430	-0.8175	0.1703	-0.8700	-2.3073	0.1982	-1.2988	-2.1278	0.0337	-2.0338	0.8665	-0.7817	-0.1726	1.0963	0.2196	-0.1745	0.4682	0.6489	0.0362	-0.2372	0.0505	-0.8682	-0.2816	-0.7938	-0.2289	-1.0847	-1.1547	0.6515	-0.1034	-0.1808	-1.1373	-0.2450	-2.2338	-0.9785	0.0208	-0.7336	-1.9395	-0.2497	-0.3400	-0.4341	-0.0453	-0.6144
-1.2848	-0.8128	0.4597	-0.4312	-0.6131	-0.1905	-0.4133	0.4603	-0.8181	-1.0857	-1.4521	-2.8633	0.0572	-0.6878	-2.5690	0.5185	-0.8831	0.8442	-1.4564	-0.9953	0.4508	0.4747	0.2655	-0.2457	-0.4626	-1.3680	-0.1173	-0.3463	-0.5349	0.6614	-1.7215	-0.2572	-2.0899	-0.7385	0.0120	-0.1591	-0.6018	-1.4807	-0.9303	-2.5162	-0.6435	0.5368	-1.5392	-0.4673	0.4569	-1.1644	-0.3669	-0.1167	-0.5596
-0.3093	0.8590	-0.3087	0.0302	-0.1099	-0.0773	0.0545	-0.3710	-0.1923	-0.1974	-1.4929	-1.8010	-0.2776	0.2031	-0.8230	0.4978	0.2971	0.7105	-1.5984	-0.2512	-1.9522	0.4385	0.0796	0.6524	-0.1809	-0.2337	-0.6881	-0.3891	-0.4321	0.5130	-1.6835	0.5158	-1.8916	0.0573	-0.7424	-0.9213	-1.3274	-1.8221	-0.2181	-2.3374	-0.6234	-1.3226	-0.7673	-0.9453	0.2181	-0.5701	-0.8218	-0.6336	0.3802
-0.6629	0.6776	-0.2376	1.0969	0.2839	-0.4449	-0.1225	-0.1935	-0.8214	-0.7613	-1.5610	-1.7867	1.3353	0.1845	-0.7745	0.2557	0.9867	0.0367	-2.2292	-0.1055	-3.3122	0.0351	0.0774	-0.0245	0.9764	-0.0158	-0.6532	0.5674	-0.7731	1.3026	-1.7946	0.4243	-1.3795	0.1272	-0.6300	-0.4378	-0.9858	-1.8289	-0.0079	-1.3657	-1.4743	-1.4180	-1.0356	-0.9513	0.0220	-0.4033	-1.1431	-0.5680	0.3886
-0.8045	0.7703	-0.8873	0.3360	0.8467	-0.9561	0.2517	-0.4980	-1.9032	-0.4546	-1.0196	-0.7459	1.5156	-0.9896	0.6757	-0.1095	1.4119	0.5849	-1.7970	-0.0524	-3.1853	-0.0487	0.4879	-1.2980	0.6994	-0.6862	-0.9273	-0.6623	-1.2731	-0.9713	-1.5207	0.7836	0.6836	0.5649	0.0279	-0.9889	-1.2033	-0.7619	-0.0279	-0.9902	-1.0854	-1.2770	-1.0864	-0.5004	-1.1384	-0.1881	-1.1137	-0.1858	0.6134
-1.2600	0.9178	0.1678	-1.2012	0.8472	-2.1247	1.6954	0.1460	-0.2813	0.1724	-0.3906	-0.0615	-0.2733	-0.8245	1.7439	-0.1580	1.1280	0.7259	-1.4198	1.5579	-2.6452	-0.1909	0.7368	-0.5761	0.9595	0.6780	-0.2123	-0.1254	-1.0424	-1.8028	-0.2657	1.0718	0.6178	0.9999	-0.0417	-0.7016	-0.4022	-0.6804	0.4241	-0.1627	-1.1793	-0.8979	-0.3511	-1.1038	-0.3154	-0.0161	0.0050	-0.1174	0.5336
-1.8631	-0.2626	0.3018	-0.1408	0.6483	-1.4819	2.0462	0.3615	-0.7095	-0.2278	-0.2774	0.1608	-1.5164	-1.3098	0.7032	-0.9099	0.2590	0.2047	-0.9573	0.5511	-1.5306	0.3684	1.1937	-0.4579	0.5478	-1.2113	-1.3086	-0.1621	-1.1711	-1.1346	1.2340	0.7354	-0.2120	0.4694	-0.9565	-0.5875	-0.8566	-0.7641	-0.0998	0.8567	-1.4540	1.8093	-0.3935	-1.3068	-1.0499	-0.9086	-0.0528	-1.0516	-0.4566
-1.1837	-1.1164	-0.7514	-0.5275	-0.1263	-1.7325	1.9230	0.1522	-0.8061	-0.6102	1.1441	-0.7240	-0.8682	-1.4688	0.2102	-0.7248	-2.5826	-0.2288	-0.8798	0.6987	-0.6136	-0.8097	0.5805	-1.2799	-0.9636	-2.0152	-1.5674	0.5262	-2.1320	-1.6815	1.5218	1.2853	-0.5163	1.0613	-1.8084	-1.1424	0.2285	-0.5552	-1.6135	-0.6727	-0.0394	0.3484	0.2608	-1.6200	-1.2313	0.5208	1.3689	-1.0001	-0.7578
-1.9185	-0.3358	-0.4183	-1.8005	-0.7553	-1.0110	0.9976	0.4146	-1.3374	0.1092	0.7889	-1.2547	0.3624	-1.0758	-0.3053	0.8712	-2.6014	-0.3128	-0.8468	-0.5120	0.0142	0.0284	-0.0054	-0.1309	-2.1273	-1.0882	-1.3712	0.4233	-1.4155	-0.7238	0.4056	0.4372	0.0620	0.2120	-1.0111	-1.6744	0.6228	0.2441	-2.5485	-1.8187	0.1069	0.4706	0.3614	-1.1932	-1.0483	-1.4718	0.9135	-0.1568	-0.1781
-0.7732	0.4380	0.0799	-0.3264	-0.3409	-0.1928	-0.2856	-0.1435	-0.8184	0.8267	-1.1636	-1.1168	1.7723	-0.4468	-0.9626	0.7567	-1.9841	-0.4165	-0.0366	-1.3478	0.9045	0.2982	-0.3799	0.9471	-1.8489	-0.4528	-0.1037	0.4210	-1.0811	-1.5210	0.2473	-0.1666	-1.3834	-0.9199	-0.2272	-1.1608	-0.2382	-0.6620	-2.2656	-1.1919	0.1510	0.3962	0.8874	-0.8752	-1.3644	-1.6548	1.1175	-0.1792	0.6093
-0.6813	0.0714	1.4802	0.2439	-0.6171	-1.3725	-1.4179	-0.0039	-0.8689	-0.3457	-1.6262	-2.2712	0.6174	0.0453	-2.2168	1.0279	-1.9939	-0.4064	0.4587	-1.3201	1.3091	1.3270	-0.9879	-0.2054	-1.0857	-1.7565	0.3387	1.3070	0.0794	-0.8732	0.5968	-0.8993	-2.4447	-1.5050	-0.3095	-0.4716	-0.6205	-1.3517	-1.9359	-0.8563	0.2283	1.9630	0.2588	-0.7000	-0.1436	-2.2669	0.7638	0.5710	0.0049
-0.1731	0.3620	1.5731	0.1592	-0.1115	-1.1790	-0.4590	-0.0235	0.6059	0.9624	-1.1288	-0.7283	0.8386	0.5578	-0.7843	1.3162	-2.4501	0.0045	1.7480	-0.3557	0.4694	0.6272	0.1059	1.0776	-1.9015	-0.4225	0.7247	0.2456	0.1360	-1.2771	2.0756	0.8291	-0.7682	-0.0972	-0.3770	-1.9342	-0.9205	-0.5981	-1.4847	-0.6857	0.2359	0.6614	1.0931	-0.0340	-1.7302	-1.0946	1.6562	1.1504	0.3212
-0.3910	-0.6562	1.6276	0.1895	0.8466	-0.7020	-1.3245	0.0433	1.4633	-0.7735	-0.7133	-0.3314	0.5138	1.6785	0.5445	0.3594	0.0923	0.1544	1.7175	0.7896	0.5895	-0.4931	-0.0657	0.9416	-1.2440	1.8395	0.2633	-0.3949	0.6393	-0.8471	1.7068	0.7048	-0.0643	0.6523	0.3603	-1.4687	-1.3938	-0.4038	-0.7758	-0.0123	-0.7263	-0.4382	1.0889	-0.2210	-1.0699	-1.4872	1.7447	1.1330	0.3859
-0.3374	-0.2446	0.5063	-0.1686	1.1207	-0.4594	-1.0125	0.0400	1.0067	-1.1857	-0.7583	0.7008	-1.0400	1.3601	1.7870	-0.5866	1.4545	0.5991	1.3223	0.5208	-0.2193	-0.2580	0.0634	-0.0715	-0.1093	0.9584	-0.7941	-0.5597	0.3186	-1.4651	0.7816	-0.6014	0.1036	0.6720	0.1520	-0.9635	-1.7170	-1.4594	-0.3252	-0.0088	-0.7554	-1.0051	0.2915	-0.2114	-0.0697	-0.4002	1.5091	0.6429	0.4529
-0.1292	1.7213	0.6609	-0.4826	0.1526	-1.2150	0.1703	0.6777	0.6544	-0.2812	-0.0388	0.9943	-1.5199	1.3438	2.8245	-1.0877	1.8399	-0.5455	0.1403	0.1210	-1.0827	-0.7349	0.3563	-1.9552	0.1545	0.2024	-0.7193	-1.0077	0.3233	-1.3384	0.2054	-0.3978	0.0151	0.7016	-0.0891	-1.1524	0.1733	-0.5373	0.2158	0.5519	0.3352	-0.9716	0.1853	0.1938	-1.2505	0.3182	1.3659	0.5885	0.7140
0.2309	1.0045	0.5061	0.0473	0.1639	0.2623	0.8984	0.0517	0.2483	0.6528	0.8645	2.6205	-1.5225	1.3314	1.9915	0.0859	1.3529	-0.6058	-0.2046	-0.7350	-1.0551	-0.1567	0.4100	-0.5135	-0.0751	-0.1298	-0.3745	-0.9129	-0.0476	-0.9392	1.3171	-1.4287	0.7844	0.4752	-0.4642	-0.2638	0.4663	0.7924	-0.0046	1.8349	-0.4410	-1.1247	0.3914	0.9368	-0.4101	-0.3286	-0.4976	-0.8560	-0.4255
-0.0991	-0.9901	-0.0679	0.1710	0.2158	-0.2249	0.8249	0.5298	0.0360	-0.8444	1.8456	3.2332	-0.3571	2.4414	0.4177	-0.3205	0.9721	-1.3407	0.5520	-0.1990	-0.1043	-0.7292	-0.5965	-2.2347	-0.5058	0.0066	0.7097	-0.4549	-0.2541	-1.5945	1.1604	-1.3061	0.8225	-0.6345	-0.1409	-0.1462	1.0638	0.5402	0.0139	1.4818	-0.1346	-0.1258	-0.8644	0.9502	-0.6979	0.6407	-2.0938	-1.5904	-0.3461
0.0379	-0.4654	-0.4311	1.3040	0.2073	1.2440	0.0580	0.4576	-1.5420	0.7775	1.1911	2.1163	0.7835	1.8546	0.6862	0.2303	1.3984	-1.3897	0.4110	-0.2160	-0.2072	1.2528	-0.6157	-1.4847	-0.0158	0.7252	1.7230	-1.3424	-0.0718	-0.9494	0.6941	-1.0413	1.6150	-0.6927	0.7344	-0.0120	0.9201	1.0930	-0.4425	1.0192	-0.3945	0.4810	-1.3379	1.7989	0.1684	0.5130	-1.6340	-1.3187	-1.0087
0.2733	0.3445	-0.0532	2.0156	1.3918	1.2455	-0.1865	0.1478	0.0203	0.6067	0.5778	0.0943	0.7164	-0.4600	0.6294	-0.3524	1.4102	-0.3336	0.2996	1.5129	-0.5353	1.5967	-0.7950	-0.5082	1.6540	1.7121	1.6877	-0.9670	0.1295	-1.4764	0.3162	-0.5947	1.5222	-0.1497	0.8764	-0.3845	-0.0732	-0.9900	0.7561	0.4294	-1.7858	-0.2828	-1.7462	0.5137	0.1444	-0.3409	-1.9530	-1.2617	-0.5346
-0.7953	-0.6075	0.1268	0.9997	0.7227	1.3520	-0.0728	0.1261	0.3683	-0.9017	-0.0278	-0.4337	0.2505	-1.4658	0.4924	0.2852	0.6939	0.2008	-0.8064	1.6622	-1.1942	0.4871	-0.2048	0.4340	1.9802	1.2411	0.9006	0.0665	-0.3543	0.5948	-0.8248	-0.4381	0.4633	0.2467	1.2084	-0.1929	0.7650	-0.7620	0.4082	-0.4018	-1.9399	0.7050	-1.9930	0.1061	0.4042	-0.1687	-1.1558	-1.4586	-0.3930
-0.4727	-0.1297	-0.4510	0.3848	1.1257	1.8886	0.0012	-0.6138	0.6095	0.5327	-0.6350	0.2590	0.6039	-0.9435	0.4923	0.2696	0.6945	0.6752	-0.4872	1.2403	-1.0888	-0.0489	-0.7311	2.0934	2.2242	0.0876	0.7145	-0.9479	-0.8312	0.2982	-0.9807	-1.1139	0.4328	-0.4276	0.8090	-0.3233	0.5750	-0.2843	0.2214	-0.6079	-1.4598	-0.6289	-0.6219	-0.7841	0.3695	0.3821	-0.5652	-1.2364	-0.5550
-0.6352	-0.5317	0.0302	1.3955	1.4179	1.6084	0.0756	-0.0461	1.4475	-1.7350	-0.4424	-0.0327	0.2060	0.5531	-0.6985	1.0435	0.9117	1.5757	0.2189	1.2425	-0.3529	-0.2790	0.2055	0.0004	1.2668	0.8354	2.0573	0.7811	-0.6382	1.6338	-0.5236	-0.2462	0.4964	-0.9670	1.2869	1.5916	-0.1916	-0.4462	0.8083	0.1891	-1.7770	0.0328	-1.6068	-0.1426	0.8946	-0.1591	-1.8884	-0.6459	-0.7365
-0.9081	-0.4401	0.2900	0.1022	0.6749	1.0517	0.2698	-0.2168	0.5558	-0.0441	0.1853	-0.9519	-0.5624	-0.2791	1.1818	1.4027	0.1894	2.0861	0.5285	-0.3771	0.3882	0.2251	0.2020	-0.3262	0.4453	-0.6368	1.8415	0.9036	0.1106	1.7644	-0.2909	-0.3653	1.4347	-0.6469	0.9039	2.0191	-0.4198	0.5711	1.2977	1.0019	-1.2585	0.6491	-0.3030	0.1900	0.3351	0.1313	-1.0320	0.3267	-1.3054
-1.2514	0.6061	1.1557	-0.7819	0.7399	-0.2320	0.3738	0.5819	0.9966	0.2238	0.0384	-0.4456	-0.3976	-0.2869	1.0426	-1.1232	0.2580	1.6295	-0.0317	0.5882	0.0003	0.0829	0.0056	-0.3215	0.7838	0.5362	1.1131	0.4130	0.2297	0.9501	-0.5295	0.3621	1.0747	0.6633	1.3346	1.6248	-0.2638	0.4723	1.7437	0.3864	-0.3416	0.4307	1.0342	-0.7481	0.8236	0.0119	0.2557	0.4230	-0.6217
-0.3933	0.8766	0.5516	0.8318	1.9238	-0.0205	0.1711	0.6871	0.2775	1.0556	0.1384	1.7428	-0.0886	-1.1349	0.5517	-0.7414	0.5079	0.9049	-0.2854	0.5125	-1.1177	-0.0226	1.0501	-1.2057	0.3063	0.2968	-1.1657	0.4729	-0.4943	0.2511	0.0823	1.7447	0.4412	1.6745	-0.0705	1.1290	-0.8128	0.0166	0.6809	0.0066	-0.1428	0.1472	1.2242	-1.0902	0.3935	0.0583	0.1423	-1.4144	0.1048
0.0741	0.1958	-0.9570	0.2607	1.1233	-0.0906	1.6850	0.4456	0.3221	1.5115	1.7514	1.5799	-1.2773	-1.8321	1.2154	1.3499	-0.0989	0.4970	-0.6187	1.1608	-1.5554	-0.8258	1.1949	0.3615	0.0048	-0.4314	-3.0555	0.8018	-1.4516	1.0291	0.5162	2.7686	0.3494	1.6657	-1.3147	0.2045	1.1716	-0.1231	0.1107	-0.6447	0.0563	-0.5876	0.5476	-1.6064	-0.3319	1.3078	0.5722	-2.4358	-0.0326
0.5632	-0.6276	-0.3671	-0.9398	-0.4553	-1.0709	1.2142	0.5503	-0.7708	0.6907	1.8021	-0.6133	-0.9951	-0.3576	-0.1591	0.2201	-1.0267	0.0358	-0.3562	0.7404	0.8972	0.3582	0.0769	0.6950	-0.3863	-0.8983	-0.7868	1.3119	-0.2791	0.3814	-0.1942	-1.0480	1.0027	0.2236	-1.0369	0.1723	1.0042	0.5982	0.0642	-0.9866	0.6826	0.9010	0.7621	0.1785	0.0627	0.6068	0.5537	-0.5468	-1.3424
0.0851	-0.5658	-1.0361	-1.2103	-0.6055	-0.1130	-0.6629	0.4053	-0.2302	0.0456	-0.3096	-1.0132	0.4743	0.1761	-1.0170	1.0606	-1.2898	-1.2370	0.8669	-0.1642	1.9418	0.8190	0.3901	0.1850	-0.5795	0.3290	0.0956	0.4914	0.9601	0.5586	0.0972	-0.6975	0.1216	-1.3130	-0.1027	-0.1516	0.3469	0.7548	-0.2882	-0.4207	0.9070	-0.0932	0.6822	0.4692	-0.4784	-0.5198	0.2792	0.3776	-1.5400
0.0267	-0.5620	-0.6196	-0.7205	-0.6112	-0.1846	-1.4868	0.2965	-0.2238	0.2793	-0.9180	-0.3125	-0.3110	-0.0189	-2.0519	0.3466	-1.3367	-1.8679	1.0239	-0.4368	2.6219	0.3542	0.2260	-0.2389	-0.8271	-0.4918	0.5956	0.2963	1.2278	0.6211	1.1074	0.8785	-0.8526	-0.7249	0.6725	-0.0605	0.3356	0.0943	-1.7328	0.2847	1.5492	0.8003	0.3154	0.7192	0.2230	-0.1383	0.5316	0.7083	0.5450
0.3220	-1.0680	-0.1558	0.6384	-0.7886	0.9292	-1.1316	-0.4647	-0.0799	-0.2537	-0.3366	0.4682	0.7017	0.2683	-1.9947	-0.8663	-1.1399	-0.5684	1.6875	-0.6589	1.4752	-0.6749	-0.4423	0.4142	-0.6949	-0.0383	-0.4900	-1.1087	0.2658	0.1911	0.6276	-0.1349	-1.0625	-0.5888	1.2077	-0.5747	-0.2297	0.7303	-1.1522	0.0981	1.0433	0.8057	1.1241	0.0313	-0.8164	-0.3665	-0.2898	0.8169	1.6264
0.5699	-1.3154	0.7640	0.3540	-1.0454	0.3063	-0.4322	0.0166	1.7271	-1.5215	-1.1659	0.9593	1.9780	1.8303	-1.0770	0.5261	-1.2045	-0.5590	2.7538	0.1456	0.2132	-1.8720	0.2898	1.0814	-0.6445	0.1621	-0.8474	-0.9607	0.6791	1.4406	0.9586	0.6439	-0.8439	-1.4077	1.1199	-1.3350	-1.3922	0.5990	-1.1675	0.5072	0.9255	0.7163	0.5174	0.1249	-1.1797	-0.1898	0.1303	0.3833	0.7026
1.4425	-0.7439	0.7607	-0.9741	-0.3765	-1.4491	-0.4189	0.3507	0.7454	-0.3123	-1.0103	0.7539	-1.3520	0.6151	-0.7244	0.5638	-1.0203	-0.4240	2.6487	0.2098	0.2956	-0.8536	0.0627	0.9202	-0.9587	-0.2563	-0.4008	-0.7355	0.8561	0.2061	2.0116	-0.0699	0.4704	-0.2996	-0.4989	-1.1867	-0.9053	-0.2511	-0.6867	0.1957	0.4569	0.6009	0.3258	0.1563	-0.9232	0.1113	0.7022	0.3882	0.1307
0.6010	0.5287	0.2803	-2.0912	-0.0913	-1.5346	0.0935	1.6972	1.3554	0.1724	0.0704	-0.0455	-1.8411	-0.8547	-1.3353	0.2058	-0.4404	-0.1038	1.3548	0.7301	-0.7370	-1.0606	-0.0609	-0.4582	0.0581	0.2350	0.2844	0.4949	0.7995	1.5715	1.5797	0.8185	-0.6002	1.2197	-1.3395	0.7050	0.2038	-0.2243	0.6237	-0.0538	-0.0167	-0.9338	0.0004	0.0258	-0.0647	0.3160	1.2698	1.1525	0.5891
-0.5681	0.8392	0.6727	-1.0948	-1.0683	-0.1726	0.2285	1.2209	0.3628	0.9592	-0.1238	-0.4968	0.0078	-1.2786	-0.0932	0.2151	0.3424	0.4319	-0.0849	-0.0928	-0.6697	-0.1252	-0.3210	-0.2899	0.1550	-0.4021	-1.5277	-0.9742	0.1751	1.6336	0.0031	0.3540	-0.3895	0.4189	-0.3845	0.2426	-0.1636	0.5173	0.9029	0.1759	-0.1397	-0.8138	-0.0592	0.4383	0.3652	-1.3593	-0.5107	0.9597	-0.2041
0.2504	0.1893	-0.5557	-0.6266	-1.6055	-0.9747	0.9365	1.1073	1.1359	0.4270	1.0378	-0.6499	-0.8654	-0.5556	0.2226	-0.1270	-1.3669	-0.8091	-0.3892	0.4308	0.0027	-1.3774	0.0462	-0.6799	-0.9195	-0.8562	-1.2851	-0.0187	-0.8929	-0.6571	-1.4179	0.3424	0.4570	0.9303	-0.1912	-0.5138	0.8625	0.1830	-0.0643	-0.2772	0.4852	-1.1283	0.2864	0.5718	0.7012	0.9578	0.3035	0.1135	-0.6870
-0.0191	-0.6324	-0.1702	0.1137	-1.9753	0.6930	-0.0764	1.2285	-0.8908	0.5594	1.2600	-1.4116	-2.1480	0.5991	-2.6113	-0.1996	-0.6400	-1.2969	-0.3056	0.4442	0.9826	-0.0900	-0.8973	-0.8154	-0.6600	-1.0804	-0.8445	0.1950	0.3269	0.4508	-0.5306	-1.3582	-0.4925	1.4363	0.4085	0.1677	1.5654	0.8905	-0.1404	-1.0726	0.7248	0.4343	-0.2782	-0.5821	-0.0220	1.2592	-0.4538	-0.5848	-0.0658
-0.9772	-0.8928	-0.5958	0.0401	-0.9098	1.0485	-0.1664	0.2681	-1.7233	0.7965	-0.5138	-0.7427	-0.0311	-0.9481	-0.2105	0.8995	-1.0757	-0.5337	-0.8923	-0.8931	0.6076	0.7270	-0.6670	-0.2472	0.2117	-0.2489	-0.6490	0.7823	-0.3078	0.0612	0.7379	-0.3268	-0.6349	-0.3857	-1.7897	0.1242	-0.7279	-0.0185	0.0510	-0.2305	0.6071	0.3249	-0.3375	-0.0662	-0.4269	1.0375	0.0630	-0.4965	-0.6742
-0.3059	0.2138	0.8009	-0.2481	-0.8133	-0.4908	-0.9007	0.3516	0.3736	-2.1913	-0.5236	-0.8080	1.5694	-0.4800	0.6881	0.6792	-1.1576	-0.6574	0.0600	-0.6754	1.0686	0.1218	0.2950	-0.5017	-0.1941	0.6185	0.5107	0.5270	-0.5687	0.0948	-0.3210	-0.0982	-0.9579	-1.3534	-1.0685	-0.8467	-0.3668	-0.0281	-0.1457	0.4017	0.5153	2.0451	-0.0885	0.5525	-1.3119	0.0710	0.9123	1.0760	-0.4611
1.0755	0.7600	0.5780	-0.6853	-1.0729	-0.1536	-1.8303	-0.0474	0.5538	-0.4991	-0.3348	0.2138	0.3566	0.4879	0.0065	-0.4611	-0.0606	-0.1825	1.2200	-0.4331	0.8967	-0.2304	-0.1622	0.1755	-1.1805	0.9189	2.0490	-0.1830	0.1841	0.3758	-0.2310	-0.2894	-1.3319	-0.8177	0.0019	-0.4484	0.3971	0.6023	-0.4704	1.3911	0.7487	1.1280	0.1478	0.8820	-0.8394	-0.1102	1.6001	1.6866	0.4125
1.8583	0.8853	0.7096	-0.7422	-0.7088	0.1974	-1.2265	0.2507	1.2906	-0.3181	-0.3443	0.0413	-0.0056	0.4568	-0.0460	0.8065	-0.6538	0.5259	1.2378	-1.0597	-0.1894	-1.1689	-0.3709	0.3892	-1.2390	-0.7802	1.8786	1.5185	0.3861	0.8405	0.1377	1.3905	-1.4275	-1.0361	-0.4838	-0.0660	-0.9327	0.6345	0.0644	1.8027	1.2417	0.2512	0.9770	0.1781	-0.7581	0.0572	1.9946	1.7047	0.8161
0.6565	2.1117	1.2936	-1.2855	-0.4402	-0.7689	-0.3968	0.5143	0.1830	-2.4295	-0.7342	0.6104	-1.1041	-0.3276	0.6484	0.0452	0.2544	0.8930	0.5770	-0.6166	-0.0924	0.0396	0.8255	0.2257	-0.7350	0.6777	1.6769	1.0309	0.4588	0.3849	0.1892	1.9405	-1.1141	-1.8605	-0.6579	0.3539	-1.2704	0.5765	-0.3831	1.1028	0.4661	1.5810	0.0173	0.7525	0.3112	0.7064	2.2954	2.2725	0.6254
0.7282	1.2358	0.5116	-1.4104	-0.3906	-2.2712	1.1165	0.3917	-0.6557	-1.1236	0.2088	1.1912	-1.1036	-0.8614	1.4074	-1.8790	0.1904	-0.0472	-0.0735	-1.2140	0.5398	-0.8997	1.8045	-0.2602	-0.8419	0.6815	0.8182	0.7746	-0.0414	-0.8669	0.1250	1.9021	-0.8695	-0.5135	-2.2021	0.8777	0.9577	0.6444	-0.4938	1.7013	0.1970	0.7842	0.4127	0.3782	-0.4057	1.4769	1.7182	1.9091	1.7533
-0.1304	1.0142	-0.6241	-1.1470	-1.4500	-1.4245	1.6571	0.5901	-1.1300	-0.1889	1.2478	-0.2554	-0.2872	-0.5981	0.5917	-1.3612	0.0220	-0.3897	-1.7280	-0.9997	-0.2136	-0.5768	2.0568	0.5083	-0.4345	-0.9471	-0.2816	0.2213	-0.1806	-0.2376	-1.2185	0.7714	-0.2371	1.3368	-2.4630	2.1379	1.1057	0.9963	-1.2201	0.7851	1.0237	-0.7727	0.1567	0.3063	0.9493	1.0866	0.2296	0.9889	2.1006
-0.4307	0.9986	-0.5605	0.2268	-0.7921	0.5837	1.3009	-0.2539	-1.1837	0.0495	0.4659	0.1736	0.0145	-0.7509	0.2132	-0.4819	0.5905	-0.2561	-1.1016	-0.8592	-0.4267	0.8135	0.0167	-0.1176	0.1670	-0.5089	-0.8947	-0.6066	0.2063	-0.5830	-1.0635	-0.0424	0.4345	1.9645	-0.9716	1.7641	0.6915	-0.0658	0.3305	-0.4800	0.8877	-1.2469	-0.5628	0.3202	1.1392	0.4087	-0.7077	0.2148	1.9738
-0.9758	0.8958	0.0040	0.6284	-0.7958	1.2920	0.1472	0.3329	-2.2918	0.2724	-0.3039	-1.1194	0.2766	-1.3550	0.6326	-0.1433	0.5789	-0.1936	-1.9673	-0.4930	-0.1095	1.4065	-0.8043	-1.1024	0.9690	0.8965	-1.0797	-0.7459	0.0893	0.1942	-1.3819	-0.1865	-0.9061	1.9533	-0.5103	1.7594	1.3354	-1.0858	0.7069	-0.6194	0.8472	-2.0113	-1.2113	-0.5124	1.4031	-0.0418	-1.2040	-0.2329	1.7201
-0.8606	1.3838	-0.4676	1.0974	0.8296	1.7033	-0.1168	-0.1642	-1.4315	0.8568	0.0876	-1.6638	1.1021	-1.0596	0.7137	0.0690	0.7386	1.3903	-1.2196	0.2422	0.4648	2.2486	0.1103	0.5491	1.4888	1.5238	-0.5769	-0.2562	0.4294	0.3181	-1.7975	-0.8031	-0.0461	1.3209	-0.1288	1.7109	-0.3397	-1.2962	1.4807	-0.8260	1.2653	-0.5274	-0.8994	-0.0228	2.1991	0.5175	-2.0680	0.2342	1.0478
0.0806	0.6166	-0.7614	3.1067	2.1245	2.5301	0.3244	-0.3236	-0.2630	0.8826	-0.7228	-1.1863	1.9193	-0.2492	0.9623	0.0964	1.1075	1.5682	-1.0653	0.9095	-0.4303	1.5939	1.4019	1.9117	1.7557	2.2467	0.3195	0.4572	0.3265	1.5932	-1.7436	-0.0695	-0.7274	0.2583	1.5904	0.9096	-0.1894	-0.7407	2.1627	-1.0866	0.3765	0.9800	-0.2689	0.2651	2.3926	0.7493	-1.2429	0.7005	0.9561
-0.0597	0.8819	0.1518	1.1217	1.9538	2.0048	0.7932	-0.6454	-1.5238	1.2046	-0.5065	-0.9395	0.1314	-0.4940	0.0968	-0.0898	2.4805	1.7145	-1.2930	0.7963	-1.4071	1.0840	0.3288	1.9055	2.5221	-0.0913	0.5504	-0.4187	0.4591	0.7422	-1.9051	-1.9926	0.5762	-0.4695	1.9439	1.3257	0.2144	-1.0113	1.7186	-0.4495	-0.5364	0.2509	-0.2878	-0.6004	2.4193	-1.4921	-1.7910	-0.1557	0.9879
0.1232	1.3072	0.6087	-1.1380	1.9925	0.3007	1.1021	0.3248	0.7918	0.0907	-0.2977	-0.6557	-1.3469	-0.1274	0.8694	-0.4322	2.3781	1.6894	-0.6320	1.7953	-1.7577	0.1158	-0.2909	0.5564	2.8395	-0.7607	-0.2216	-1.1270	0.4389	-0.9719	-2.0896	-0.3331	1.5978	0.6629	2.0021	0.5849	0.0215	-1.4222	2.6936	-0.2678	-0.2107	-1.0122	-0.3220	-0.6161	1.2642	0.0250	-1.3561	0.5486	1.3129
-0.0212	1.4035	-0.8944	-0.4190	1.7665	0.5755	0.2033	0.1355	0.7693	0.2788	0.2586	0.6988	-1.1380	-0.9074	2.4022	-0.2895	1.7737	1.1018	-1.4247	1.9165	-1.5440	0.2074	0.7051	-0.5956	3.0403	0.5909	-0.2377	-0.2166	0.2100	0.4410	-1.5075	0.2071	2.8457	0.3272	1.6015	0.4569	0.3061	0.4909	1.8788	0.3943	-1.0304	0.4975	-0.1002	0.5586	0.7494	0.7060	-0.6744	0.9620	0.6450
0.8804	0.1878	-2.2616	0.1463	0.6317	1.7154	0.9345	0.1779	0.6186	1.2048	1.7109	0.3815	-0.1811	-0.5385	0.8164	0.2073	0.2099	0.2418	-0.6248	1.6332	0.4665	-0.2663	-1.1661	-0.7115	1.2123	0.1951	-0.2281	1.2892	0.4574	0.5363	-1.0189	-1.0927	1.9855	-0.8743	1.5416	0.2353	1.5970	0.8217	0.6884	-0.1428	0.0310	-0.7134	0.9237	-0.3128	0.7190	-0.7856	-1.3588	0.1254	-0.3288
0.3083	-1.0386	-2.4793	1.5495	0.1380	1.0120	0.9832	-0.1876	-0.3400	2.3353	1.5046	0.2368	1.3269	-0.2554	-0.0967	0.5563	-0.7783	-0.4316	-0.7820	0.0978	1.2102	1.9159	0.3600	-0.6379	-0.3732	0.3290	1.3942	1.7832	-0.4195	1.0327	-0.3522	-0.0619	1.4347	-0.7279	0.3004	1.6377	1.4689	0.4931	-0.9527	-0.0323	1.4271	0.6411	0.3018	0.4801	1.7607	-1.0329	-1.2356	-0.3260	-1.5078
-0.4976	-1.2003	-0.9625	2.0869	0.1436	0.2330	-0.5886	-0.3144	-0.4912	1.3658	-0.6013	-0.7019	1.7436	-1.2016	0.1814	1.7683	-0.9213	0.6317	-0.3437	-0.4358	1.3294	2.6647	0.7630	1.1486	0.6663	-0.3555	0.8431	0.7616	-0.8332	0.0611	-0.7134	0.4338	0.4048	0.0057	-0.5486	1.2805	-0.4167	-0.9853	-0.2066	-0.6006	0.6334	0.5955	-0.3829	-0.4308	0.9165	-0.1550	-0.1466	0.0820	-1.9438
0.2230	-1.3652	-0.1926	3.2707	1.0651	0.8284	-1.1963	-0.0494	0.1017	-0.4392	-0.7749	-0.1272	1.3506	-0.3571	0.0472	1.3250	-0.9419	0.5707	-0.7432	1.1601	-0.0003	1.1790	1.0830	1.6073	0.2819	1.4761	0.1422	1.0566	-1.5093	0.3580	-0.8694	0.1448	-0.7996	0.3762	0.6255	0.2011	0.5135	0.5769	-0.1959	-1.4071	0.1150	0.0536	0.1583	-0.9283	0.0195	0.0441	0.4867	-0.6126	-0.0898
0.1910	-1.5451	-0.1371	0.9719	0.4558	-0.0609	-1.5121	-1.0428	-1.2198	0.3848	0.1175	0.0232	0.3671	-0.4876	0.7009	-0.5199	0.0298	1.0403	-1.4817	0.0146	-0.5099	0.5566	1.5874	1.6600	0.2534	0.1605	0.4879	0.6772	-2.1526	0.0494	-0.7018	-0.2302	-0.6751	-0.3874	-0.8315	0.5878	0.2920	0.2507	-0.2273	-0.8960	-0.0772	1.0606	0.0529	-0.1001	-0.3521	1.1041	-0.4182	-1.2150	-0.1464
-0.6063	-0.2515	0.8027	-0.9723	0.6349	-0.1892	0.2156	0.0126	0.3827	-1.1398	0.0800	-1.3867	0.9107	-0.5590	0.1942	0.7418	0.2246	1.4998	-0.8907	0.0649	-0.8065	-0.0857	1.4534	-0.2114	1.0028	-0.6296	1.6169	0.5187	-1.3684	0.6962	-0.8904	0.8921	-0.6001	-0.2166	-0.8033	0.7709	-0.2254	0.1841	0.9535	-0.1315	0.4935	0.9251	0.4771	0.1067	-0.3393	2.0988	-0.0825	1.0097	0.1247
-0.4876	1.8445	0.9086	-0.8026	-0.4622	-0.8528	0.1891	0.2932	0.1695	-0.9851	-0.1734	-0.5613	0.4267	0.0055	0.1052	0.3639	0.4574	0.9112	-0.5498	0.1560	-0.4471	0.3603	0.9914	-0.0910	0.6390	0.8348	1.5692	0.1204	-0.7523	-0.1172	-0.1869	0.6286	-0.1444	-0.7101	0.4134	0.8571	-0.2959	0.9574	0.2584	-0.0422	0.5680	1.3655	1.1958	-0.2816	0.5788	1.3128	1.1242	1.3269	1.0955
0.8752	1.1914	-0.5615	0.0113	-0.8096	-1.8038	-0.3428	-0.0635	0.3363	0.5763	0.7560	0.8280	-0.6489	-0.1329	-0.0694	0.1288	-0.7169	-0.5535	-0.6414	0.1509	-0.1465	-0.9225	0.6539	-0.1417	-0.6652	0.6004	0.9405	0.7747	-1.1090	-1.7731	0.4791	0.9438	-0.0508	-0.5765	0.2131	0.1476	1.0481	0.8776	-1.3346	-0.4209	0.3106	-0.3144	1.5533	0.0954	0.3821	1.5357	1.1905	0.6856	0.6043
0.5042	-0.6610	-0.7491	-0.9370	-2.1216	-1.2143	-1.5254	0.2014	-0.1058	0.4144	1.2268	0.5040	-1.8403	1.0381	-0.9151	-1.0062	0.2239	-1.6618	0.3739	0.8266	1.4784	0.0873	-0.2788	0.4393	-0.4699	0.1987	-0.0810	0.0044	0.9994	-1.5912	0.5725	-0.3027	0.3401	-0.1426	1.4342	-0.4619	1.9321	1.0976	-1.3679	0.5735	0.5523	0.5834	0.8320	-0.0820	-0.1736	0.0126	-1.2224	0.3658	0.5002
0.7378	-1.2520	-0.4284	-0.5817	-1.2621	0.1940	-1.2753	0.2660	0.3492	0.2693	-0.7303	0.7412	-0.1798	0.9627	-0.8731	-0.0313	-0.6109	-1.2056	1.6194	0.0121	1.8126	0.3151	-1.7526	0.6809	-0.3118	0.2228	-0.7004	-0.6381	1.1137	-1.3954	0.8577	-0.4471	-0.0494	-0.8090	1.8371	-1.2479	-0.8259	-1.2518	-0.9298	0.2142	-0.2956	-1.1385	-0.2508	-0.6146	-1.0905	-0.0112	-0.1080	-0.2900	-0.1936
0.7499	-2.0974	0.9140	0.6777	-1.0689	0.3031	-0.9880	0.6671	0.8256	-0.8159	-1.1572	0.5000	-0.0738	0.6159	-0.0381	1.5523	-1.6591	-0.7248	1.0877	-0.1915	0.8522	-0.1960	-0.6411	-0.8136	-0.3524	0.9006	-1.2166	0.1627	0.1341	0.4456	0.9045	0.1003	-0.6968	0.0917	1.7370	-1.4417	-1.2343	-1.2637	-0.8642	-0.2112	-0.6829	-1.0216	-0.5884	-1.0784	-1.2699	-0.4489	1.2928	-1.0132	-1.4555
0.7497	-1.3097	0.0168	0.8212	-0.5929	0.2987	-1.9119	-0.3914	0.0705	-0.3154	-0.4758	0.7168	-0.4875	0.5300	-0.1798	1.1124	-0.7889	-0.2065	0.9809	-0.3176	0.2735	-0.1368	0.6553	0.5149	-0.1150	0.4423	-1.2376	-0.7845	-0.5354	-0.1744	0.8189	-0.8512	-0.7930	1.0803	0.5758	-1.4487	-0.7138	0.2295	-0.5070	-0.4168	-0.3542	-0.2285	0.5794	-1.5772	-1.6325	-0.9730	1.7369	-0.8005	-1.0921
-0.1488	1.3318	0.6071	-0.1139	1.0771	-0.2165	-0.4166	-0.4280	0.6706	0.4306	-0.8397	0.3111	-0.3296	0.7729	-0.7512	0.0431	0.2561	0.9696	0.4347	0.8642	-0.4190	-0.0746	1.2372	0.9542	0.3478	-0.3458	-0.0491	0.8375	-0.3250	0.3212	1.0162	1.2471	-0.1908	0.9252	0.5164	-0.7214	-0.6777	-0.0337	0.2737	-0.3223	0.1758	-0.0815	0.6562	-1.4651	-0.9746	-0.0153	1.0945	0.5230	1.3360
0.1506	1.4091	0.6239	-0.4711	0.2216	-0.1395	-0.0797	-0.8134	0.2173	0.9204	-0.4375	1.4552	0.0015	0.9886	0.7047	-0.5862	0.9240	0.6251	0.4692	0.5257	-0.5970	0.0210	0.5553	0.5055	0.0116	0.1407	-0.4853	0.4371	-0.4371	-0.3202	1.1891	0.8153	0.9665	0.3851	0.6066	-0.6259	-0.5769	-0.4238	-0.3172	0.3568	-0.5871	-0.0690	0.5871	-0.0031	-1.3711	0.2347	-0.3014	-0.1778	1.4668
2.0543	-0.3954	0.0884	-0.9562	-1.7569	0.0826	-0.0042	-0.4907	-0.2757	0.2972	0.9965	0.2721	-0.3832	1.6725	-2.7489	-1.5287	0.2286	-1.4374	0.8822	0.7050	0.8517	-1.4812	-2.5431	-0.2507	-1.0589	-0.2143	-1.8666	-0.9001	1.2756	-0.9191	0.2842	-2.5336	0.2648	0.1722	0.7258	-1.1462	2.3550	0.5311	-0.1338	0.1759	0.1473	-0.8402	0.8147	-0.7733	-2.2345	-1.7053	-1.0945	-1.4399	-0.8004
0.9186	-0.8008	-0.5171	-1.2861	0.3723	0.2798	-0.1888	-0.7095	-0.4072	0.8122	-0.2592	1.6874	-0.4829	1.8246	0.3576	-0.8992	-0.2706	-1.9549	1.2348	-0.0807	1.3703	0.2980	-0.6000	-0.7579	-0.9403	0.8693	-1.5532	-2.2845	1.9278	-0.5336	1.2537	-0.6056	2.0973	0.1922	0.2191	-1.6635	-0.2236	0.0661	-1.6000	0.2858	0.8155	0.3295	-0.2096	1.4308	-1.6071	-0.5819	0.1910	-1.8178	-0.6677
0.6989	-0.6512	-0.2906	0.7482	1.5429	1.0582	-0.4968	-0.4680	1.1717	-0.7418	-0.9374	2.2639	0.8404	2.5629	-0.2706	-0.7277	-0.3178	-1.5385	2.0634	-0.3482	0.5338	-0.4327	-1.7647	-2.0273	-1.0210	1.0864	0.1799	-0.5758	1.6330	-0.7881	2.4568	-0.3892	0.8915	0.6492	-0.3761	-2.0302	-1.8574	-1.3413	-0.8939	0.9055	-0.4762	-2.0103	-0.6877	1.1977	-0.5316	-0.2337	-0.4508	-1.8202	-0.1609
-0.2554	-1.4907	-0.0343	1.4211	1.0446	1.0573	-0.0985	-0.7864	1.1294	-0.9290	-0.8233	1.3469	1.5985	2.7255	-0.0436	-0.2663	0.5470	-0.8531	1.8567	-0.4132	0.1381	-0.1983	-1.5338	-0.8294	-0.9420	0.8064	0.1398	-0.4180	2.0242	-0.2549	2.4991	-0.7426	0.6731	-0.1889	-0.4735	-2.1386	-1.9088	-0.9251	-0.8161	0.1223	-1.1222	-0.7864	-1.0912	1.3391	-0.2843	-1.9776	-0.5683	-1.2450	-1.6907
-0.3978	-1.1302	0.8610	0.1792	1.9532	-0.9055	-0.0677	-1.0301	1.2084	-0.2169	-0.0179	0.2164	1.1041	1.6925	0.5167	-0.0676	0.8655	0.2442	1.5839	-1.1089	0.5268	-0.2876	-0.7434	0.8038	-0.7878	-0.9231	-0.9676	-0.4351	0.2699	-0.8752	1.5955	-0.0205	0.6642	0.2944	-0.7209	-0.9303	-1.7248	-1.1202	0.1173	-0.8285	-1.0979	0.0347	-0.6931	-0.3048	-0.5737	-1.3444	-0.1057	-0.4759	-1.1286
-0.3177	-0.4021	1.1588	0.1011	1.0409	-1.9783	1.1363	-0.5098	0.9708	-0.6732	0.0529	0.2922	0.0854	1.8353	0.4191	-1.2476	0.6463	0.2051	0.7160	-0.9157	0.7950	-1.1074	-0.6475	-0.1648	-1.5064	-1.7075	-1.2465	-1.0461	0.8488	-0.8367	1.2691	-0.3211	0.6779	0.5185	-0.3231	-0.9142	-0.9631	0.5103	0.1970	-0.6946	0.0374	0.7778	0.5383	-0.2828	-0.4345	-0.8698	1.8699	0.3892	0.0512
0.0450	-0.5093	-0.6183	1.4683	0.2466	-0.3306	1.3660	-0.6985	-0.6490	1.7952	1.6298	1.0992	-0.3698	1.8424	0.2558	-0.1012	0.5296	-0.6366	0.2629	-0.7270	-0.1972	-1.3826	-1.7262	0.4652	-2.0657	-1.6641	-1.7494	-0.9349	0.0022	-1.4862	0.3914	-1.6052	1.0167	-0.5612	-1.5937	-1.5402	0.9386	1.5908	-0.0418	-0.7343	1.1580	-1.1991	2.5598	-0.1248	-1.2473	-1.1761	2.8793	-1.7539	0.6201
-0.2042	-0.8146	-0.0060	1.0266	-0.3553	0.1324	1.5764	-0.3783	-1.0300	1.5648	2.2527	1.4290	0.5765	1.6312	-0.7201	0.2344	0.4129	-1.7459	-0.4932	-1.7061	-0.7161	-0.9509	-1.7399	-0.2968	-2.2514	-1.4252	-1.0848	-0.2689	0.2022	-1.5113	0.4781	-0.7655	0.0953	-1.0158	-2.5028	-0.9754	1.6832	0.6469	-0.1278	0.0126	0.9293	-2.8037	1.3899	1.3002	-1.3735	-1.4671	0.0490	-3.5283	-0.4976
-0.4764	0.4379	1.5348	1.0484	-0.3301	0.2800	-0.0830	-0.8405	-1.4740	1.4404	0.3184	0.0923	1.7772	0.0962	0.5954	0.7039	0.9471	-1.2406	-1.0444	-0.9493	-0.2319	0.2129	-1.2285	0.8275	-0.0532	-1.1204	-0.1517	-0.8007	-0.3738	-2.4541	0.1589	-1.3193	-0.4960	0.7454	-1.6561	-1.0931	-0.0978	-1.2716	0.1800	-1.3702	-0.5569	-2.8326	-0.2252	0.7153	0.5148	0.0135	-0.8315	-2.7641	-0.9586
-1.8696	-0.2780	1.2632	1.8592	0.7725	0.3255	0.3873	-1.0186	-0.6161	-0.1484	0.3397	-1.1108	0.8644	-1.4190	1.2157	1.8047	-0.1967	-0.0772	-1.7536	-0.2274	-1.3200	-0.3716	-0.4645	-0.2031	0.2725	0.1085	-0.0757	0.1791	-1.9724	-0.2910	-0.8679	-0.0867	-1.2412	0.8379	-0.9358	-0.2639	0.1075	-0.7013	1.1294	-1.0560	0.3134	-1.6852	0.2836	-0.2077	1.4543	0.2561	0.2264	-1.2739	-1.0394
-1.6419	0.0364	0.8618	0.1224	0.8278	-1.2590	0.2347	-0.9504	-0.9749	-0.3438	0.2908	-1.5046	-0.7804	-1.7569	-0.0032	0.4373	-0.1669	0.6963	-1.5454	-0.9740	-0.7558	0.3976	-0.1963	0.8129	0.2652	-0.7495	-0.1086	-0.9770	-2.2408	0.1960	-0.4695	0.2925	-0.8443	-0.0494	-0.6796	-0.0677	0.0124	-0.2230	0.4077	-1.2350	0.0082	0.4697	0.5185	-0.8186	1.0223	-0.9770	1.0885	0.3863	0.2961
-0.8630	-0.7153	0.8117	-1.5102	0.2632	-1.3991	-0.0587	-1.1150	0.5599	-0.5438	-0.6123	-0.7338	-0.1323	-0.5902	-0.6230	2.1791	-0.1387	0.7276	0.0306	-0.9550	-0.8211	-1.1966	-0.1278	1.0889	-0.1586	-1.4593	-0.1399	-0.8044	-1.3511	0.7801	-0.3816	1.0555	-0.9707	-0.0909	-0.5646	-0.2812	-0.3598	0.4005	0.4978	-0.7355	-1.2018	0.5574	-0.0075	-0.4926	-0.4712	-1.0541	1.1741	1.1608	-0.1904
-1.0404	-0.7262	1.5462	-3.0021	-0.4773	-1.7762	0.3693	-0.3632	0.5863	-1.9648	-0.8720	-0.4666	-0.7908	0.5542	-0.2082	0.9390	0.7423	1.2014	0.3396	-0.5638	-0.3613	-0.7437	0.4936	-0.8256	0.0296	-1.0067	-0.5617	-0.7547	0.0717	0.2851	0.1109	0.2343	-0.4356	-0.5369	0.0086	0.6781	-1.8771	0.4013	0.1940	0.6712	-1.8733	1.5378	-0.9569	-0.0242	0.0282	-0.6509	0.3697	1.1119	-0.6025
-0.6025	0.1818	-0.1108	-1.6518	-1.5634	-1.2582	0.4549	-0.2004	1.0961	-1.2833	-0.3822	-0.1917	-0.8568	0.2534	-0.6093	0.5080	-0.2008	-0.0739	0.4057	-1.4585	-0.0992	-2.2143	-0.4635	-1.6267	-0.8571	-2.8081	-0.6338	-0.4739	-0.6429	0.2055	0.9154	1.0911	-0.6080	-0.8856	-0.1805	0.1577	-1.0319	0.8262	-0.4102	1.5058	-0.4292	0.1765	-0.2761	-0.4677	0.5086	-0.3191	0.3556	0.6862	-0.7378
1.0429	0.8289	-0.6840	-1.5537	-1.9890	-0.4136	-0.4128	-0.4625	0.4593	-0.5408	0.7510	-0.2884	-1.2604	1.0702	-0.8579	-0.8450	-0.4973	-1.2251	0.5059	-1.2650	0.0315	-1.9416	-0.3292	-1.0060	-1.2510	-1.7188	0.1652	-0.6565	0.5217	1.4740	1.1126	-0.1002	-0.0075	0.7464	0.5981	0.1093	-0.2754	1.0290	-1.1027	1.6423	-0.1999	0.1686	-0.4678	1.0361	0.4259	0.1684	-0.2338	0.0842	-0.0060
1.0862	-0.1406	-0.8750	-0.7348	-0.8147	0.4826	-0.4280	-1.0530	-0.1782	0.5769	-0.8419	-0.1134	0.7550	0.5599	-0.8069	-1.7578	-0.6162	-2.1033	1.4269	-1.9576	0.5391	-0.5446	-1.4027	-0.9771	-1.1777	-0.6937	-0.1783	-2.4914	2.2058	-0.4222	1.4293	-1.6030	-0.3229	0.2596	1.0750	-1.4380	-0.5653	-0.2429	-1.2810	1.8502	-1.6834	-0.7640	-1.1348	1.6646	-0.8465	-0.6036	-0.8589	0.1397	-0.4872
1.4537	-0.9921	0.3149	-0.5317	-1.0100	-0.0216	-0.8622	-0.7754	0.4109	0.3885	-1.4504	-1.8743	0.6938	0.0877	-1.2619	-1.3151	-1.1021	-2.5850	1.1029	-1.8129	0.5342	-0.0075	-3.0099	-1.1629	-1.3483	-2.0315	-0.7395	-1.2955	3.3072	-0.6145	1.1044	-0.8541	-0.7518	-1.2436	0.0178	-1.4367	-1.3826	-1.5874	-1.9299	2.1524	-1.6918	-1.7369	-1.0456	0.1380	-0.6778	-1.8211	-0.6818	-0.5862	-1.2653
1.2654	0.3205	0.8347	-1.9522	-1.1539	0.0160	-0.3579	-2.2483	-0.3058	-0.8922	-1.3206	-1.8572	-0.8108	-0.4642	-2.0578	-2.1237	-0.5157	-0.3401	0.9189	-1.4780	0.4386	1.9248	-2.1753	0.9693	-1.3091	-1.2324	-0.2884	-2.0027	2.1474	-0.2855	-0.0782	-1.9637	-1.1016	-0.1355	-0.0636	-0.4302	-1.5819	-1.5903	-0.3885	0.9183	-1.6877	0.6463	-1.9410	0.5515	-0.3476	-1.6806	-1.5724	-0.1230	-0.8422
1.3932	0.8696	0.3358	-1.1429	0.0529	0.6493	0.5913	-1.9769	1.6418	-2.0875	-1.3653	-0.1615	0.9836	-0.2896	-1.6918	-2.2992	-0.7272	0.7185	0.6659	-1.1548	-0.5726	0.1164	-0.9863	0.9903	-1.0008	-0.6619	1.3850	-0.7652	0.9665	-0.2029	-0.5433	-1.3493	-1.4752	0.2105	0.3494	-0.3452	-1.4743	-0.1466	1.6673	1.1935	-2.0138	0.0987	-1.1693	2.1920	-0.1115	0.1007	-1.0397	0.9158	0.2805
1.4887	0.0490	0.0639	-0.4783	1.1085	1.0499	0.7707	-1.4771	0.7161	-1.0362	-1.0193	-0.4428	0.7945	-0.6464	-0.9894	-1.5311	-0.1420	1.7938	-0.3789	-0.3842	-0.2328	0.5715	-0.2090	-1.1881	-0.0835	1.0024	1.5292	-0.7421	0.8230	0.6105	-0.9452	-1.8826	-0.3329	-0.1353	1.1989	0.7290	-1.1106	0.7179	1.0307	0.1315	-1.9827	0.0893	-0.7216	1.9582	0.1081	-0.9457	-0.1535	1.6745	0.1254
1.7096	-0.1886	0.3465	-1.2604	1.4682	1.0687	0.8947	-0.5705	0.7084	0.0199	-1.1936	-0.8170	-0.8829	-0.9885	-1.3169	-1.5314	0.2526	2.5856	-0.2770	0.3427	0.3017	0.8983	-0.0374	-0.0260	0.4873	-0.3300	1.7772	-1.4065	0.2916	0.1948	-1.0669	-0.2518	0.1272	-0.1139	1.0585	0.7081	-1.6373	0.9094	2.1945	0.2452	-0.9162	1.0057	0.1953	1.2471	-0.1646	0.6194	-0.0364	1.7899	0.4839
1.1160	0.8896	0.7841	-1.8042	0.4567	0.1537	-0.6586	0.3242	0.0552	0.2168	0.0987	0.3520	-0.7352	-0.5127	-0.7679	-1.6595	1.5536	2.2953	-0.0014	0.4362	0.8499	0.4700	0.8311	0.0004	1.3971	-0.2071	2.3934	-0.7620	0.5526	-1.0422	-0.3347	-0.0910	-0.1821	0.1164	0.1231	1.3219	-0.7984	0.6515	2.9487	1.8529	0.9595	1.4564	1.1959	2.1776	0.8599	2.0570	0.9185	1.6054	1.3024
-0.7145	-0.4882	-1.3441	-0.7905	-0.1362	-1.5894	1.2694	-0.5492	1.2852	-1.2031	2.6031	-0.1427	1.0247	-1.4620	0.7108	-0.3560	0.2501	0.9765	-0.1393	2.4192	-0.5065	-2.0019	2.6161	-4.2966	0.6997	2.4946	1.9720	2.3165	-0.1966	1.2459	-1.0639	2.9436	0.7056	0.3146	0.0357	0.3985	2.8900	2.3205	1.5142	1.2272	2.3624	0.1236	0.4721	1.5689	-0.2864	1.6793	1.4440	3.1446	-0.2134
-1.6514	-0.0341	-1.3555	0.2456	0.7585	-1.0769	1.7084	-0.3155	0.4411	-1.0614	2.2728	-1.3051	0.1780	-1.9227	0.7460	0.7450	-1.1091	0.1453	-1.3116	2.4843	-1.4019	-0.9591	2.3391	-1.8168	-0.0757	0.4702	0.4202	3.3012	-1.4485	1.9836	-1.7499	3.3389	0.5971	-0.1078	-1.2309	0.3004	2.5464	1.7731	-0.5734	-0.6605	1.6250	1.3403	-0.1225	-0.6853	0.1094	1.6301	0.1558	1.6499	-0.8462
-1.1439	0.7663	-0.7002	0.2626	0.8433	-0.8800	-0.0523	0.1312	-1.0273	1.1412	2.2672	-0.4357	-0.5642	-1.7609	1.1504	0.2921	-1.2761	-1.1107	-1.5169	1.0619	-0.5256	0.2171	1.3059	0.7030	-0.2366	0.7586	-0.4472	3.3029	-1.2631	1.4158	-0.5894	1.8606	1.5268	-0.5281	-1.2188	0.5984	1.9132	1.5732	-1.3720	-0.7365	0.8231	1.6223	-0.0289	-0.8018	0.6121	1.7183	-1.0315	0.2940	-1.2735
-1.7195	-0.4517	-1.7372	1.5320	-0.3461	0.5987	0.3132	1.9885	-0.9653	1.0272	-1.0762	0.1538	-0.2649	-2.3788	1.8233	1.2776	-1.7631	-1.6553	-1.0937	1.1719	-1.1606	1.0091	1.2962	1.1408	0.9952	1.9617	-0.4627	2.9537	-1.2571	2.7611	-0.6906	2.7885	1.5730	-1.2038	-0.7852	0.8728	1.6828	-0.2468	-1.3600	-0.9510	-0.1420	0.9888	-1.6176	-0.7283	1.0425	2.7294	-0.2925	-0.8569	-1.5208
-2.0200	-0.2573	-0.3119	1.3304	-1.1266	0.1138	-0.9006	3.5631	-1.8915	0.7665	-0.7456	-0.5381	-0.5187	-1.0561	0.8051	0.6452	-0.6388	-0.8218	-0.4729	1.2016	0.1708	1.9938	0.3815	0.8348	1.3531	0.4862	0.4896	2.7672	-0.7218	2.1565	-0.6516	0.7749	0.4786	-0.3977	-0.1454	1.4225	1.8844	-1.2587	-1.1313	-0.4326	0.0104	2.2068	-1.6427	-1.1671	1.9022	0.7072	-0.7173	-1.3036	-0.4443
-1.2859	-0.3446	-1.3277	2.3126	0.1885	0.8543	-1.0214	1.9333	-1.6972	1.4847	0.3753	0.0283	2.2626	-1.7182	0.2582	0.0732	-0.5912	-0.0363	-1.3109	0.7727	-0.4195	0.2855	0.8987	0.8878	0.9231	0.7177	1.0719	2.9944	-1.5563	0.7251	-0.5979	0.7256	-0.8812	-0.0929	-1.3142	1.2533	-0.2221	-0.0670	-0.4031	-1.0146	0.6080	0.9029	-0.1998	-1.5176	1.2645	1.3254	-0.4176	-1.1897	-0.8781
-1.2550	-0.3480	-0.2421	2.2267	-0.7982	-0.2248	-0.9242	1.8218	-0.6055	0.1173	-1.3455	-1.2102	2.0098	-1.6011	0.4684	0.6014	0.0189	0.2209	-1.1174	0.4872	-0.9877	0.4551	1.6888	1.4932	1.9079	-0.4419	1.0964	1.4509	-1.5396	0.5183	-0.5432	1.3529	-1.6908	-1.3588	-0.2653	0.7552	-0.6573	-0.9304	-0.7482	-1.4262	-0.2235	1.9579	-0.7149	-1.9237	0.3119	0.8629	-1.2112	-0.6405	-0.7515
-0.7713	-0.4622	0.2072	0.8714	-0.6558	-0.0102	-0.9963	1.3042	-1.3061	-1.0406	-1.2171	-0.1995	0.6117	-0.5947	0.4589	-0.0358	0.9144	0.4844	-0.3029	0.0944	-1.0926	0.4854	1.1573	0.2630	1.8521	-0.3312	0.2311	-0.7274	-0.7645	0.6784	0.1606	0.0384	-1.6109	-0.4352	0.5383	-0.1137	-0.2786	-0.5886	-0.4679	-0.5646	-0.3234	1.1339	-0.5562	-0.9707	-0.6208	1.0207	-1.2254	-0.1066	0.3106
-0.7196	-0.1828	0.1659	0.5393	0.0723	0.3125	-0.5506	1.1618	-0.6119	-1.5217	-0.4961	0.8112	-1.2365	-0.0181	-0.4631	-1.1554	1.6990	0.1723	0.0127	0.4475	-1.5369	-0.9302	1.1648	-0.8403	1.8346	-0.0657	0.1366	-0.5078	-0.6868	-0.5594	0.2197	0.4182	-0.5330	0.4129	1.0653	0.1770	-0.5967	-0.2077	0.3311	-0.2330	-0.5445	-0.2380	0.0073	-0.7203	-0.6772	0.9070	-0.4520	-0.3227	1.2223
-1.2595	1.3648	0.6153	-0.5696	-0.4802	-0.1236	-0.7066	1.1554	0.0312	-0.6936	-0.0510	0.4626	-1.2343	-0.0470	-0.5285	-0.7847	1.8478	0.4431	-0.2783	0.1926	-0.3598	-0.9948	0.5183	-0.6351	2.5702	-0.0294	0.8794	-0.2457	-0.3214	-0.5807	0.1646	0.7080	0.0037	0.4790	1.6157	0.6587	-0.1411	-0.1433	1.0789	0.0317	-0.6381	-0.1120	-0.0415	-0.7987	1.2405	0.1970	-0.2036	-0.1533	-0.0267
-1.0378	1.6524	-0.1160	-0.5583	0.9933	-2.2255	1.1006	0.3871	0.3083	-0.3170	0.6195	0.6935	-1.5927	-0.6672	-0.1143	-1.5854	0.7811	0.2173	-0.9730	0.2285	-0.7732	-1.7965	1.4737	-0.8696	0.9637	0.9249	0.5251	0.2971	-0.6357	-1.8921	0.3107	0.5812	-0.9848	1.6076	0.1439	-0.0077	1.0619	0.0617	0.5200	-0.4118	0.2543	-0.9604	0.0609	-1.4734	-0.0638	1.6251	0.8816	0.8085	-0.0630
-0.8600	1.2550	-0.2694	-0.6912	-0.7495	-0.8344	0.3182	0.2189	-0.5709	-0.8625	0.7656	0.9830	-2.6941	-0.2525	0.5000	-0.7593	0.7775	-0.1880	-0.9375	-0.4711	-0.6711	-1.4038	0.8747	-1.0211	0.7767	1.2348	-0.9261	-0.1169	0.1937	-0.7291	0.2017	-1.4836	-0.5241	0.9571	0.3733	0.8466	1.0790	0.1785	0.2521	0.8639	-0.8480	-0.0554	-0.5042	-1.2079	0.1012	0.1759	-0.0262	0.4998	0.4918
-0.4397	0.7430	-0.5136	-0.1260	-1.6828	0.8268	1.3998	0.9212	-0.3140	-0.4090	1.5753	1.4142	0.0033	-0.4558	-0.9097	0.4391	-0.2288	-1.4505	-0.1116	-0.3187	0.0508	-1.1085	-1.1004	-0.9892	0.6709	0.2580	-1.5088	-0.0557	0.5267	-0.7007	-0.6761	-2.5293	0.0569	0.6926	0.7102	1.1635	1.2870	0.2106	0.9263	0.3292	-0.2790	-1.2940	-0.3382	-1.0756	0.7242	-0.0848	-1.3024	-0.3037	0.3027
-1.6127	-0.2429	-0.2907	0.6027	-0.4779	0.4803	1.5059	0.5100	-0.8494	0.6092	0.7463	0.8748	-0.1493	0.3216	0.8207	1.2805	0.1263	-1.8711	-0.0175	-0.2329	0.8218	0.3449	-0.0424	-0.1534	0.2261	0.1294	-1.4460	-0.8322	0.7355	0.3737	-0.6275	-1.5184	0.6431	-1.0090	0.1446	1.6370	1.1755	0.3028	-0.1633	-0.2811	0.2484	0.0493	-0.1155	-0.9733	0.8966	-0.3611	-1.4339	-1.3157	-1.0750
-0.5545	0.8044	-1.3223	0.4429	0.6968	0.5013	-0.0426	0.3253	-1.3383	0.7072	0.1481	1.7602	-0.6148	2.0871	0.8420	1.6271	0.4214	-1.6166	0.8219	0.3031	0.5845	0.4629	-1.6188	0.4027	-0.0970	1.6445	-1.5836	-0.7159	1.0024	-0.7601	0.9177	-1.4770	0.2739	-2.1275	-0.6442	1.2956	-0.0613	-1.7429	-0.1172	-0.5283	-1.1369	-1.0879	-0.1113	-1.8049	0.4162	-0.1939	-0.6737	-2.2447	-0.4205
-0.3319	0.4128	-0.4341	0.0866	0.4915	0.8765	-0.2909	1.6492	-0.8011	-0.6644	-0.9856	0.6411	-1.9024	2.2621	0.2732	2.6621	0.4104	0.3688	0.2195	0.3225	0.3237	0.4941	-1.5789	0.4836	0.4844	1.9240	-1.1125	-0.5926	0.4464	-0.6866	0.2922	0.3501	-0.7965	-0.9014	0.2506	-0.2453	-1.1331	-2.4654	0.9455	-0.7850	-0.9094	-2.0359	-0.5806	-1.6885	0.5104	0.0001	-0.1624	-0.8987	-0.3890
-1.0155	0.1141	0.3665	1.5653	0.3464	1.8524	-1.1422	2.0227	-1.3776	-0.4655	-1.0306	-1.2836	-0.1519	0.2022	0.3259	2.2089	0.4580	2.0012	-0.5527	-0.3843	0.0237	1.1917	0.1305	0.1902	0.3039	0.7451	0.7916	0.2295	-0.8078	-0.2682	-0.8493	0.2839	-1.4780	0.3848	-0.7026	-0.0134	-1.1077	-1.4488	-0.5332	-0.8720	1.4179	-0.7432	-0.7700	-0.2513	0.8689	-0.9490	-0.8356	-0.1441	-0.3642
-0.4934	0.8072	0.5783	1.3969	1.2788	0.8099	-0.0503	0.9400	-0.5010	-1.1744	-0.3044	-1.1727	0.5095	-1.1586	-0.6999	1.5069	-0.2701	1.9101	-0.6763	0.1832	-1.0335	0.2276	0.9763	0.8759	-0.4858	-0.5692	1.1089	1.8413	-1.5939	0.3226	-0.8557	0.2938	-1.2151	0.6821	-1.8413	0.3343	-0.9548	-0.5683	-0.0311	-1.4213	1.3459	0.2545	0.6262	-0.2268	0.0059	-1.3445	0.0703	0.3460	0.5410
0.5710	0.5140	2.0425	0.7536	0.9136	-0.3876	0.2870	0.9647	0.7334	-0.4779	-0.3953	-0.6914	-0.5236	-0.0133	1.4399	1.1203	-0.2212	0.9624	-0.3548	1.0022	-0.6783	-0.1253	1.0914	0.8439	-0.8280	-0.1528	0.6822	1.5417	-0.8189	1.5850	-0.0816	0.9078	0.3564	-0.5612	-0.6093	0.0706	-0.1666	-0.8522	-0.2273	-0.8564	-0.8011	0.9393	0.0886	0.4452	-0.4100	-1.2653	-0.2511	0.5288	1.2952
0.6008	-0.1223	0.8136	-0.3299	0.7382	-0.9208	0.5256	0.7200	0.0949	1.2027	0.2796	-0.0446	-0.2609	-0.1118	2.0592	0.0726	-0.5567	1.7846	0.1949	0.7039	-0.1689	-0.1521	0.6243	-0.9853	-0.7005	-0.0836	-0.7023	-0.0085	-0.5536	-0.7801	0.2338	1.3649	0.5361	-1.0509	-0.4959	-0.7723	-0.2267	-0.4416	-0.3902	-0.4128	-0.1168	0.6962	0.2476	-0.0662	-1.6932	-0.6573	-0.1343	1.0479	0.6381
0.4163	0.2018	-0.7905	-0.4694	0.5781	-0.2379	1.9203	0.5785	0.9469	1.1440	1.0874	1.3417	0.4468	-1.2124	2.2106	-0.8638	-1.1168	1.3702	-0.6262	1.4904	-0.5313	-0.8085	1.6583	-0.4710	-1.4688	0.2347	0.0917	0.1736	-1.1437	-0.9057	0.0864	2.7670	0.9142	0.0706	-0.0849	-1.0617	1.2652	1.1005	-1.0999	-0.1450	0.9417	-0.1182	0.3813	0.4986	-1.2765	0.5723	1.1020	1.3064	1.5078
2.0234	-0.0166	-0.5173	-1.7097	-1.3308	-0.0004	0.4169	0.6152	0.3445	0.9624	1.1428	0.5548	-0.5665	-0.2148	0.3099	-0.2421	-1.1120	0.3762	0.9392	0.3337	0.7320	0.9902	0.6844	0.4094	-1.2605	-0.7163	-0.0745	-0.1893	0.0874	0.2460	0.7348	0.4239	2.5947	0.7668	0.6478	-0.7384	1.1162	0.8312	-1.3422	0.5738	0.2358	0.3107	0.9138	1.3085	-1.4238	-1.2199	0.3381	0.4621	2.4458
1.9700	-1.4016	-1.8521	-1.1251	-2.4809	0.7144	-0.8256	0.6814	0.0699	-0.0502	-0.4030	-0.2354	0.1166	0.1347	-1.1725	-0.6090	-1.0497	-0.8163	1.2970	-0.4497	1.9416	1.4578	-0.7630	-0.7980	-1.2654	0.4351	0.1709	-1.2866	1.0271	-0.4667	0.2671	-0.9718	0.5998	0.5691	1.2578	-1.7733	1.0493	0.7254	-0.4182	0.1705	1.2218	-0.9026	0.4912	1.9266	-0.9272	-0.7814	0.2757	-0.2621	0.8766
1.1744	-1.8392	-1.1165	-1.2608	-2.0050	0.1850	-1.8890	0.6634	0.3809	-0.2882	-1.2860	-0.5210	-0.9080	0.6288	-0.4280	-0.5154	-1.1099	-0.5829	0.9977	-0.5593	2.4973	1.4220	-1.5961	0.4772	-0.9367	0.7670	1.0809	-1.8545	1.8792	-0.6436	0.2488	-1.5606	-0.4670	-0.4071	1.0742	-1.7021	0.5824	0.6116	-0.6870	1.1512	1.3555	-0.4640	0.2896	1.6776	-0.5413	-1.0527	0.5170	0.3101	0.1105
0.6500	-2.0345	0.2697	-1.0300	0.0937	0.9497	-0.2126	0.7583	2.4564	-2.6960	-0.7792	-0.8356	-0.1320	0.4556	-1.3990	0.4995	-1.0294	0.0401	2.2007	-0.0072	0.7569	0.1321	-0.6122	0.4822	-1.3257	0.5536	0.8498	-0.9393	1.3342	0.7289	0.3786	-0.5162	-0.6692	0.2310	-0.1295	-0.6259	-1.1014	-0.3801	-0.3952	1.3114	0.0486	-0.8295	0.1924	1.0459	-2.1495	-1.5653	0.1766	0.9707	0.3157
1.4442	-1.5845	1.0067	-0.4041	0.4023	0.4930	-0.8444	0.5449	2.0971	-2.3766	-0.6370	-1.0635	0.6201	1.0113	-1.0777	0.9785	-0.3723	0.3949	1.3770	0.6654	-0.3374	-0.0748	-0.0811	0.8748	-1.0678	1.1533	0.3507	0.2066	0.0175	0.8158	0.3175	-0.3693	-0.6315	0.1491	-0.1734	0.3806	-1.3350	-1.1576	-0.5117	0.6890	-1.2551	-0.0582	-0.2251	1.5281	-1.0648	-0.8551	0.4682	0.5210	0.1677
1.7077	-0.3780	0.6429	-1.2224	0.3155	0.9295	-1.6872	-0.1166	0.9209	0.7595	-0.2712	-0.4360	0.8267	0.5881	-0.1497	0.6902	-0.9376	1.2276	1.1458	0.0259	-0.0448	0.0884	-0.1975	0.4938	-0.6978	0.4820	-0.4670	0.0344	-0.7681	0.5504	0.6979	-0.4008	-0.1763	0.2779	-0.1161	0.0643	-1.1685	0.3221	-0.3301	0.4310	0.1941	-0.1881	0.3767	1.6106	-0.4087	0.4372	0.3618	0.4047	0.5696
0.3355	0.0123	1.0103	-1.7668	1.5915	-0.3566	0.7174	0.7412	2.5427	1.1669	0.9912	-0.1034	-0.7743	0.6835	0.9178	-1.0757	-0.4195	1.4495	1.4633	0.5989	0.2535	0.0909	0.2577	0.7538	-0.5817	-0.1600	0.5953	-0.0367	-0.7150	0.3348	0.5416	0.4988	0.3351	0.3583	-0.4470	0.6427	0.6037	1.1019	0.3847	0.5895	0.7377	-0.6062	0.6628	-0.7134	-0.7233	1.0570	-0.2607	0.6408	0.8419
-0.8009	-0.1129	0.0788	0.1036	0.9795	-0.7867	1.7588	0.5321	1.4732	1.3099	0.6391	0.0622	-1.2878	0.5177	0.6715	-1.0855	1.0862	0.3022	0.1610	-0.1754	-0.2034	0.5279	0.6593	0.1700	-0.4793	-1.0990	-0.5643	-0.5896	-0.7215	-0.0833	-1.2355	0.1589	1.4925	-1.4915	-1.4098	1.9408	-0.1152	0.5424	0.8480	1.0006	-0.2980	1.2109	0.4130	-1.5323	0.0400	-0.5100	0.0833	-0.6053	0.3681
0.1156	0.0481	-1.2686	1.3087	0.9274	0.8922	1.7617	-0.5604	0.1590	0.6581	1.6472	1.4235	0.8160	-0.7637	0.0268	-0.0970	-0.2357	-0.4668	-0.6704	0.4662	-0.6779	-0.8799	0.7890	0.2518	-1.4560	-0.9729	-1.4484	1.2792	-2.2637	0.1012	-1.3887	0.5707	1.0176	-0.1086	-1.2841	1.7446	0.6728	0.3009	-0.8966	-0.2195	0.1324	-0.2154	0.1135	-1.0775	-0.0689	0.0073	1.9100	-1.6213	0.5224
0.9602	0.4616	0.2802	-0.1340	0.7203	0.0886	0.5573	-0.4949	-0.6036	1.6303	2.5279	0.5599	-0.2911	-0.0344	-0.2918	-0.2374	-0.5068	-0.8417	-0.3541	0.5478	0.8978	0.9970	0.8094	1.3156	-1.7474	-0.4145	-1.2719	1.2432	-0.6619	-0.2516	0.1765	-0.0226	1.5350	0.7277	-0.3492	0.0470	1.9263	1.2906	-1.5828	-0.8630	1.2573	0.0837	0.4889	-0.4499	-0.9056	-0.8781	1.2433	-1.1832	1.6403
0.2902	0.1431	-0.8850	-0.0197	-0.1177	0.6683	0.2530	-0.4549	-0.5588	2.0850	-0.2317	-0.5224	0.8494	-0.2295	-1.4728	0.0548	0.1351	-0.1436	0.4365	0.0861	2.4226	2.6070	0.3697	1.3360	-0.2285	0.1044	-0.4565	-0.0845	0.3406	-0.5013	0.3787	-0.5579	1.6013	-0.2127	-0.5140	-0.3871	0.6326	0.4607	-0.1236	-0.4651	1.8668	0.9729	0.4254	0.1249	0.0497	-0.7270	0.2950	-0.2966	1.6262
0.6263	0.5004	-0.0277	0.7809	0.0092	0.9815	-0.9278	-0.2438	-0.0208	0.2547	-1.1213	-0.5607	2.6672	0.2754	0.0020	0.5812	0.2214	-0.4946	0.0564	0.4391	1.9661	1.2838	-0.5511	-0.2694	0.2327	0.1099	0.8403	-0.1747	-0.3305	-0.3794	-0.4132	0.1726	0.6258	-0.4432	0.1055	-0.3492	-0.2481	0.0095	-0.6321	-0.0817	1.6163	0.3471	0.6831	0.3628	1.1972	-0.2237	0.4752	-0.2756	1.2530
0.6981	0.8966	0.1483	0.0096	0.2017	0.8831	-2.6035	-0.9373	-1.5528	0.0634	-0.4517	-1.1760	1.6315	0.4784	0.2832	1.1248	1.3589	0.2689	0.1592	-0.4174	1.2114	1.4773	-0.8118	-0.8516	0.7475	0.1815	1.1959	-1.1083	0.5394	0.7389	-0.6415	-0.1481	0.7507	-0.8286	0.7244	0.1800	-0.5638	1.2867	0.8140	-0.2312	1.4948	1.0245	0.1303	1.4009	0.2998	0.0675	0.1965	0.2374	0.3651
0.0622	0.9174	-0.1769	0.7229	0.5284	0.9912	-1.8920	-1.2402	0.4206	0.7466	-0.4763	-0.0647	1.2565	0.2856	-0.1834	0.3163	1.8694	0.6353	-0.0217	0.3083	0.7019	0.8869	0.1887	2.0955	1.5629	1.4120	1.6978	-0.1113	0.7574	0.7924	-0.8032	0.2021	-0.4249	-0.5856	0.6359	0.8448	-0.6919	1.0706	2.0987	0.1356	1.0216	0.7879	0.2149	1.5453	1.6044	1.7767	0.8813	0.7115	0.6547
-0.0906	0.6433	0.7647	0.8506	-0.3639	0.4186	-1.4980	-1.3833	0.4647	1.2112	-0.9551	0.7429	0.5544	0.4785	0.4598	-0.4643	1.3734	0.2009	-0.4344	0.3286	1.4405	0.8954	0.1088	2.5031	2.1580	2.2114	0.7109	-0.4052	1.0081	1.0029	-0.4981	-0.7879	-0.1819	-0.5107	0.4538	1.0632	-0.4202	1.2151	1.8260	1.1121	0.2876	2.2477	0.6990	0.6708	3.2249	1.9581	0.6788	0.5230	-0.3519
0.7850	0.9921	0.6121	0.3167	-0.1223	1.0623	-0.7073	-1.0967	0.7962	1.3415	-0.5869	-0.3032	0.9907	0.4376	-0.0893	0.6197	0.6848	0.1604	0.1215	0.3235	-0.0461	-0.0754	0.5721	0.9522	2.2013	0.5446	-0.4229	-0.3463	0.7804	1.7246	-0.3925	-0.4252	-1.0836	-0.0023	0.1637	1.1356	-0.7846	1.5220	2.4174	0.2439	1.0399	0.5306	2.2487	0.0000	1.8865	2.5463	0.4491	0.4371	-0.5923
-0.0296	2.0915	1.2151	0.2622	-0.0792	-1.3891	-0.4236	-0.9125	1.1013	0.0017	-0.2627	-0.5522	-1.7559	0.1477	1.5368	0.0130	1.3429	0.6068	-1.0776	1.2016	0.2146	-0.4029	0.8358	-1.3042	2.2388	0.9962	-0.2164	-0.1386	0.5850	0.4804	-0.1826	-0.1019	0.4018	1.1814	0.9797	0.9382	-0.3861	-0.5629	2.5868	-0.2939	0.3937	-0.4032	1.3774	0.5247	2.0757	1.7843	-0.0612	0.9097	0.0518
-0.3272	2.4128	0.4466	1.3611	0.1409	-1.0275	0.4726	-0.9337	0.1558	0.8014	0.2715	0.8262	-2.1972	-0.6126	1.2280	0.1091	0.6657	0.1912	-1.8045	0.9598	-0.4172	-0.4876	0.5621	-1.9275	1.6033	0.0109	-1.6411	-1.3496	0.1101	-0.8065	-0.9305	0.1047	1.9334	2.6320	1.4669	0.3374	-0.0652	-1.4890	1.9933	0.0321	-0.1054	-1.3590	0.3016	0.2064	1.3631	0.5197	-0.6682	0.9615	0.9160
-0.6779	1.9091	0.7089	0.5115	0.0247	-0.9502	1.6363	-0.3546	-0.0868	2.7109	2.0640	0.4090	-1.7478	-0.1791	0.6836	0.2746	-0.7480	-0.0090	-1.3114	1.0578	-0.1453	0.8213	0.3226	-0.0196	1.2778	-2.0911	-0.5270	0.0859	0.5919	0.9223	-0.8739	-0.0907	2.1834	2.9234	2.2094	0.8097	1.6416	0.3498	0.3115	-0.3538	1.0432	-1.3761	0.4102	0.1473	1.8055	0.2387	-0.1455	1.2796	-0.0535
-0.3106	-0.2706	-0.0516	0.8174	0.4402	-0.6657	2.6329	-1.1403	-0.9317	1.9544	1.7040	0.1058	-0.5181	-0.6445	0.4077	0.9903	-0.9973	0.0113	-0.1708	-0.0726	0.7909	1.6272	-0.7229	0.4927	0.3628	-2.1580	-0.1759	0.2423	1.2628	-0.2769	-0.4682	-1.4469	0.7878	2.9178	1.5712	-0.3633	1.8574	-0.3366	-0.0533	-1.3553	0.5611	-1.6083	0.5629	0.3421	0.1629	-0.7621	-0.9347	1.8605	-0.9403
-0.2899	-1.3529	0.4039	1.8800	0.7219	-0.0524	0.8365	-1.4847	-1.2365	-0.2416	-0.3746	-0.0661	0.7653	-1.1861	-1.1164	1.5286	-0.8767	-1.5244	-0.0663	-0.5603	0.4767	0.3768	-1.8892	1.0415	0.2065	-1.6890	-0.9345	0.7528	1.2409	-0.3335	0.2521	-1.4652	-1.6394	1.6064	0.2941	-1.0408	1.0578	-2.0022	-1.4219	-0.8878	-0.6441	-1.1255	-0.5216	-0.5532	-1.0200	-1.3214	-0.4547	0.0056	-1.9508
0.4608	-1.5145	1.0168	2.3055	0.4864	-0.0467	-1.7574	-0.6501	-1.4276	-0.0891	-0.3196	-0.0146	0.8009	0.3154	0.7742	1.0447	-0.4311	-1.7773	-0.0637	-1.1090	-0.6130	0.5824	-1.2216	-0.3687	-0.0655	-1.1268	-0.9100	0.2915	0.5932	0.2966	0.3094	-0.5511	-1.2180	-0.1056	-0.8327	-1.0274	0.4717	-2.3180	-1.6782	-0.0625	-1.2482	0.3196	-0.7054	-1.2073	-0.9547	-1.0117	-0.8033	-1.9820	-1.2876
0.0843	-1.3624	1.0645	1.1323	-0.0708	-0.2215	-0.4773	-0.2941	-0.8760	-1.0760	0.2688	-0.4661	1.0547	0.5333	1.0691	0.7978	0.1510	0.2380	-0.3037	-1.6273	-1.8962	-0.9360	-0.5771	-0.9151	-0.0521	-1.8449	-0.5027	0.1429	0.4061	-0.8346	0.5953	0.6297	-1.6459	0.1744	-1.4626	-0.7088	-0.7858	-1.9795	-0.5381	0.3077	-0.6358	0.0825	-0.4144	-1.6433	-0.4938	-0.2931	-0.4030	-0.8838	-1.3320
-0.1461	0.4583	1.3793	0.4864	-0.2291	-1.1240	0.4681	-0.2468	-1.0193	-0.1415	-0.3579	-0.5879	1.3195	-0.2680	1.2289	1.2455	-0.4591	0.7223	-1.4952	-1.3186	-1.1492	-1.2549	0.1719	0.0473	0.0797	0.4121	-0.6139	1.1589	-0.9856	-0.2117	0.4830	0.9159	-1.5814	0.0806	-0.6353	-0.5975	-1.3556	-1.5050	-0.4133	-0.8600	-0.2188	0.5626	0.2400	-0.8782	-0.0699	0.0801	1.4153	0.2926	-0.7257
0.5834	1.9761	3.4435	0.0257	0.9116	-2.0250	1.7122	-0.0029	0.4716	0.5764	-0.3889	0.3391	0.7366	-0.0606	2.0499	-0.1515	-0.8419	-0.5088	0.0025	-1.3095	-0.6774	-0.9071	0.2651	0.4249	-0.7389	0.0488	-0.2204	1.3106	-1.4309	-0.0120	0.0703	1.2553	-1.0183	1.0648	1.0472	-1.4307	-0.5465	-0.2117	-0.4216	-0.6702	0.4337	0.0425	1.2364	-0.9085	-2.2949	0.1537	2.2284	0.7156	1.0114
-0.0228	0.9369	3.1371	-0.8161	0.6935	-2.3395	1.9904	-0.1949	0.6886	0.1893	-0.6660	0.8017	-0.3513	0.5493	0.5722	-1.8173	-0.8586	-0.9555	0.7618	-1.0932	-0.6569	-0.6890	1.2476	-0.0643	-0.4432	-0.9438	-1.3058	0.1569	-0.2603	-1.1409	0.4261	0.8141	-0.7680	1.3152	0.9978	-1.9188	0.0066	0.7674	-1.4848	-0.2394	0.4978	-0.0295	1.8964	-1.6888	-2.7396	-0.6863	1.7039	0.9273	2.4473
0.1226	1.1662	-0.4528	-1.1234	-0.4837	-0.8425	0.8205	-0.5328	-0.4001	0.1482	0.1969	0.3700	-0.3538	-0.4585	-0.2596	-1.6415	-1.4456	-0.6661	-0.0935	-0.7031	-0.8902	-1.1091	0.9052	-0.7902	0.2732	-1.2023	-1.3217	0.4045	-0.8793	-1.0570	-0.4299	0.1701	0.4245	-0.2251	-0.5543	-0.8430	-0.4101	0.4547	-0.3320	-0.7262	0.6178	0.3299	2.4862	-0.2592	-0.8487	0.5389	1.3121	0.0464	2.6952
-0.7207	1.0332	-2.5568	-1.1336	-2.6658	0.5716	1.3958	-0.3084	-0.4963	0.0883	0.6396	0.1868	0.3519	-0.8346	-1.4747	-0.6944	-1.4823	-1.9993	-0.4714	-0.5901	-1.1244	-0.4604	-0.6233	0.1168	-0.4998	0.1925	-0.1562	-0.4687	0.1891	-0.9295	-0.5055	-0.6118	0.8110	-0.9851	-0.5192	-0.2112	0.8725	1.4833	0.0319	-0.5619	1.9968	-0.9109	1.7273	0.7052	-0.3407	-0.5334	-0.1578	-0.2831	1.9913
0.2613	-0.0040	-2.9223	-0.2956	-2.1056	1.8344	-1.5250	-0.4789	-1.0240	0.2938	-1.5747	0.6866	0.8169	0.2297	-0.9886	0.1799	-0.0869	-1.6289	0.2535	-0.6762	0.1948	1.2701	-0.6739	1.8348	-0.5489	2.3784	0.4617	-1.6857	1.1610	-1.6582	0.8003	-0.3295	0.2320	-1.0747	-0.2887	-0.3742	0.1836	0.9233	-0.1419	0.2252	0.1166	-0.4671	0.0904	1.1262	0.1985	-0.2893	-0.7841	-0.5700	0.7235
-0.0165	-1.0574	-1.8952	-0.4710	-1.3311	1.1730	-1.9855	-0.2640	-0.2204	-2.1466	-1.6382	0.3359	0.1332	0.9681	-1.3786	-0.5036	0.7780	-0.4380	0.6085	-0.2040	1.0420	0.1252	-0.5945	-0.8564	0.2601	2.4993	0.5542	-1.4357	1.1113	-0.9895	0.2287	-0.2002	-0.0911	-1.4000	0.2542	-0.3692	-1.1853	-0.0498	0.2533	0.7181	-1.2643	0.3264	-1.6068	1.0899	0.5887	-0.0160	-1.6648	-0.8529	-0.6717
-0.2452	-1.5782	-1.2755	-0.7388	-0.9025	0.9029	-2.1248	-0.0928	0.7223	-0.8520	-1.2785	-0.3011	-0.4344	1.1332	-2.0038	-0.5498	0.4970	0.1664	1.2211	0.3452	0.8971	-0.2909	-1.1461	-1.1043	-0.0653	1.2705	0.9991	-1.5242	0.3153	0.0221	0.6890	-0.9597	-0.1459	-1.9004	1.2112	-0.2233	-1.2665	0.2840	0.5515	0.1402	-0.8458	0.1861	-1.7499	0.9793	0.4121	-0.1443	-1.1353	-0.3836	-1.6737
-0.4847	-1.8534	-0.1877	-0.9203	0.7157	0.5250	-0.8841	-0.0915	2.0820	-1.0859	-0.4102	0.1872	-1.2367	0.6088	-1.0089	-0.9640	0.8652	0.8569	1.5124	1.3117	-0.6572	-1.4309	-0.5914	0.8653	-0.0291	0.7126	1.1244	-0.7231	-0.2726	-0.0396	1.0772	0.3807	0.3794	-1.2562	1.4110	-0.1897	-1.5231	-1.5455	0.3253	-0.1788	-2.3050	-0.8112	-2.0324	0.1577	-0.2706	0.0622	-1.1724	0.1501	-1.7322
-0.5500	-1.9082	0.8919	-1.3234	1.7269	-1.0787	-0.1164	-0.4632	0.9186	-1.8322	-0.4712	0.3626	-1.6383	0.5171	-0.1302	-0.9379	1.8075	1.3896	0.7666	0.4784	-1.2177	-1.2082	0.0327	0.8308	-0.1316	-0.4981	0.9712	0.1597	0.1188	0.6902	1.2474	-0.2631	-0.3264	-1.0284	-0.3773	0.3953	-0.7518	-1.8669	-0.8668	0.0796	-3.5571	0.4664	-2.9422	-0.5321	0.0287	-0.7280	-1.4333	-0.3043	-2.1795
0.2447	-1.8664	0.6803	-0.2400	0.9451	-0.3527	-0.4700	0.1628	-0.1134	-0.4061	0.2172	0.5920	0.6340	0.0843	0.3295	0.0396	0.5614	1.2913	0.5941	-0.3713	-0.8743	-0.8354	-0.2177	-0.6776	-1.0320	-1.4185	-0.4121	0.4937	-0.5788	0.5192	1.1520	0.5845	-1.4334	-0.1224	-1.2234	-0.1513	-0.6271	-1.1976	-0.8685	1.0591	-2.0195	0.6532	-1.8710	-0.9343	-1.0568	-0.6677	-0.6714	-0.7713	-2.3718
-0.3200	-0.6477	-1.4907	-0.5794	0.7112	0.5401	0.7459	1.1383	0.1688	-1.6013	0.9859	0.2523	0.1050	0.1078	-0.1629	-1.1290	0.4740	0.4209	-0.3126	0.1679	-1.2537	-1.0694	0.4692	-2.2454	-1.2487	-1.1238	-0.3995	-0.0573	-0.2369	0.7074	0.7035	1.0801	-0.1429	-0.2748	-1.2047	-0.0343	-0.2266	0.1407	0.0849	1.3224	-0.6725	0.4278	-1.7492	0.2529	-1.0703	0.6736	0.3685	-0.1876	-0.7652
-0.0077	1.1125	-1.6312	-0.9354	0.5100	0.0876	0.8224	0.8313	-1.0481	-0.0389	1.4079	-0.4548	0.3761	-0.1077	-0.5648	-0.8128	0.2168	-0.0570	-1.2117	0.1574	-0.1331	-0.6327	0.4346	-0.8221	-0.5270	-1.0323	0.7646	0.6014	-0.4195	0.2435	-0.0334	-0.1239	1.1165	0.0649	-1.2971	0.6283	0.4485	2.3967	-0.1044	0.3743	0.4275	-0.1225	0.1498	0.9168	1.2898	0.5487	0.8741	-0.4406	-0.0217
-0.9016	-0.5365	-0.4389	1.0590	-1.3478	-0.1680	0.3567	0.7297	-1.1189	-0.7053	0.2389	-1.5610	0.1150	-1.1511	-1.1127	0.4110	-0.3361	-0.4191	-0.6784	-0.8316	1.6583	-0.1613	-0.8915	-0.8551	-0.5432	-0.1736	1.0075	0.8536	-0.4694	0.0972	-1.6062	-0.7296	-0.7051	-0.6454	-0.8037	1.0209	2.0766	2.5285	0.7616	0.1728	0.6801	-0.6935	0.2564	-0.4057	1.3257	-0.4299	-0.6831	-0.9129	-1.5207