IC05	IC08	IC09	IC15	IC16	IC17	IC18	IC19	IC20	IC23	IC24	IC26	IC27	IC29	IC31	IC33	IC36	IC37	IC38	IC41	IC42	IC43	IC44	IC45	IC46	IC47	IC48	IC49	IC50	IC51	IC54	IC56	IC58	IC60	IC62	IC63	IC64	IC65	IC66	IC67	IC68	IC69	IC71	IC72	IC73	IC74	IC75	IC76	IC77
0.3918	0.2519	-0.9250	-0.7850	-0.2258	-0.7427	-0.7501	2.6518	0.1204	1.5662	0.9443	1.5442	-1.7103	-0.7969	-0.8613	-0.5516	-0.8133	1.0189	1.3612	0.5558	-0.8435	1.4029	1.0873	1.6508	-1.5581	-1.7725	-0.2427	-0.5656	0.0013	-0.4268	0.1996	-0.6445	0.5835	0.6134	-0.0977	-0.2246	2.8823	0.7921	-0.9661	-0.6432	1.1991	-0.0174	0.7889	-0.3757	-0.1316	-1.2090	0.2417	1.3479	-0.4817
0.1355	-0.7517	-0.5109	-0.4000	-0.0656	0.9037	-2.7029	2.8775	0.3667	-0.7200	-0.7893	0.1359	-0.8985	-0.0453	-0.6007	-0.5582	0.4026	-0.2759	0.4647	0.5800	-0.2219	-0.5944	1.6436	-0.5032	-0.0929	-0.1874	0.5228	0.8811	-0.0076	1.4132	-0.0987	0.0938	0.5990	0.3750	0.6671	-0.4018	-0.0683	0.2767	-1.8483	-0.6360	-0.3141	1.1634	-0.2462	-0.4886	-0.1960	-0.7168	0.0995	1.1742	-0.3315
-0.0687	0.6956	0.2215	-0.1232	1.2078	-0.1389	-0.5385	2.6356	0.3171	-0.0320	-0.5224	0.8244	0.6545	1.5229	1.2212	-0.9418	1.1155	1.4254	0.8749	-0.2916	0.5001	-0.8581	1.4512	-0.4774	0.7527	1.0272	1.0535	1.0543	0.0606	0.9704	0.6516	0.7770	1.2465	0.2733	0.5484	0.1755	-1.3457	0.1470	-1.3054	1.7381	1.4899	0.9224	0.2258	1.0371	0.4930	1.5690	1.6277	1.1653	0.0403
-0.1305	0.5669	0.2781	0.4294	1.1210	-0.2009	0.2087	1.7837	-0.1682	0.3399	-0.3728	0.0049	0.3311	2.2002	-0.0929	-0.8956	1.0549	0.1592	1.0924	-0.0461	0.3268	-0.7122	0.8860	0.9336	0.3944	1.3565	0.0072	1.3672	0.4381	1.0373	0.8136	0.2533	0.2668	0.8300	-0.3323	0.1283	1.3598	-0.9549	0.7390	0.3993	-0.4015	0.7122	1.6453	-0.0749	-0.3868	0.1105	1.5628	1.2660	1.1466
0.5676	1.3257	0.7799	1.3339	0.5617	-0.9272	0.6280	0.4879	0.3689	-0.4421	0.1317	1.4902	0.1982	1.7155	-0.1518	-0.7051	1.8842	0.2631	0.7658	0.6372	0.2172	-0.5333	-0.1654	0.9537	-0.1484	2.0742	0.8514	0.6290	0.1836	-0.1631	1.7260	0.5191	1.0334	1.0033	-0.5958	0.8112	0.4414	-0.2117	0.8449	-0.3441	0.1755	-0.0142	1.9246	0.4423	-0.2441	-0.5560	1.0763	0.9579	0.2438
0.8877	0.3221	0.2655	-0.7527	-0.2014	-0.3824	1.5694	0.6252	-0.1548	0.1036	0.5046	0.5300	-0.2434	0.6583	-0.5780	-0.9424	0.5377	1.0518	0.9091	-0.6581	-0.1175	2.4167	-0.0105	2.2725	-1.2947	0.0170	1.2734	-2.5789	0.5120	-0.4427	1.4140	1.2012	-0.5305	-0.2684	-1.6296	0.4427	0.0242	-1.9368	1.2636	-0.4358	1.0553	0.2105	-0.0081	2.0762	-0.1454	1.1806	1.3769	0.2582	-0.4682
-0.1945	-1.4682	0.2179	-1.0158	-0.4319	-0.3890	0.9646	0.9826	0.2354	-1.3650	-0.0188	-2.0308	-0.6828	-1.2472	-1.0800	-0.7286	-0.3616	-0.0292	-0.3795	-1.0441	-1.0235	0.8653	-0.2146	-1.3372	-1.5250	-0.3424	1.8644	-0.1555	0.2478	0.2712	-0.4326	1.0862	-1.0232	-0.6595	-2.3425	0.4796	-0.0220	-0.7831	0.7932	0.5515	0.3936	0.1693	-0.6849	1.8840	-0.4850	-0.3297	-0.4892	-0.7693	-0.4462
-1.1329	0.4521	0.7861	0.8468	-0.4734	0.4533	2.3439	-2.7993	-0.2720	0.9162	0.5288	-2.5764	1.1314	-0.6833	-0.6459	0.3514	0.7159	0.5536	-0.6351	-0.0948	0.4089	0.8460	-1.5697	-1.8532	-1.4915	-0.1312	0.5733	2.5531	0.3366	1.7869	0.1122	-0.0282	-0.8185	-1.2168	-3.1260	1.2416	0.1040	1.1187	0.4755	2.7069	0.7273	0.8941	-0.0236	0.2834	0.2887	0.1745	-1.5725	-0.8186	0.1914
-1.1053	-0.1549	0.1355	1.0978	0.7431	0.3270	2.1951	-2.2939	-0.5719	1.2917	-0.2772	-1.7536	-0.3847	-1.4904	0.2580	1.3790	-0.4730	-0.2986	-0.6234	-0.5805	0.3604	1.8217	0.0671	-0.1392	-0.9326	1.0317	0.7502	3.2106	-0.4877	1.5566	0.0619	-0.0022	-0.4779	-1.1431	-1.9300	1.6837	0.1578	1.3711	1.5953	0.2141	0.5839	0.2458	-0.5689	0.4692	0.2067	1.1590	-0.3519	-0.0576	0.0530
-0.8754	-0.0384	0.1976	0.9833	1.0208	-0.5744	0.8136	-0.4756	-0.0474	0.9302	0.3004	-1.2633	0.4718	-2.0739	1.2368	3.0074	-0.9863	-0.0583	-0.3831	-0.9419	0.6661	1.6514	-0.2671	-0.5605	0.3827	0.5180	-0.6867	3.0052	0.2959	1.7762	0.2783	-0.2431	1.3205	-1.4440	0.7091	0.9456	0.4611	1.5032	1.0987	-0.3149	0.6179	0.4805	-0.5186	-0.3195	0.9318	-0.3941	-0.5846	0.4948	-0.5396
-0.1499	-0.0376	-1.2052	0.3174	1.4578	-2.2390	1.3877	-1.1382	-0.3027	1.8209	2.2976	1.7582	-0.3255	-2.1429	1.0302	2.3880	-3.8782	-1.6997	-0.3924	-0.4380	-0.9478	-0.4861	-0.5863	0.8883	-0.6921	-0.6073	-1.2312	-0.0876	0.7601	-0.9016	0.5455	0.0390	1.6638	0.1318	1.2747	-1.0031	2.1357	1.0159	0.6390	-0.0433	0.0761	-1.2875	0.2774	0.3326	0.1345	1.2727	-0.0552	0.1539	0.5226
-0.2861	-0.3268	-1.2223	-0.5806	-0.1927	0.0466	-0.9350	-1.4156	0.8060	0.6636	1.0770	0.3489	-0.0541	-1.2316	0.8791	1.4942	-2.3238	-1.6288	-0.5948	-0.3778	-0.1818	-2.3784	0.5120	-0.5838	-0.2919	-0.6453	-0.1044	-0.7840	1.3352	-0.3420	0.2120	0.9931	1.3507	-0.0395	1.3379	-2.0789	0.3434	0.5258	-0.8741	1.1726	-1.0706	-0.8474	-0.6930	0.9448	-0.5850	-0.4970	0.2626	-0.4133	-0.0344
-0.9425	0.0904	-0.1416	-0.7521	-1.7832	0.3474	-0.7865	-1.2025	0.8057	-1.4324	-0.1499	-1.1712	0.2384	0.2771	-0.3931	0.6713	0.8559	1.7014	0.5782	-0.8571	0.5392	-0.3691	-0.2493	-0.3810	0.5201	-0.6912	1.9727	-1.1932	1.3449	-1.1598	-1.2732	-1.1171	1.2207	0.3687	1.9678	-0.4521	-0.1170	2.3265	-0.0351	0.6937	1.1463	0.3202	-0.3836	0.6195	-0.1536	-0.3037	0.2866	-0.2138	-1.9039
-0.4530	-0.6041	0.0372	0.0448	-1.2803	-0.0338	0.5557	-0.1787	0.8510	0.0461	-0.4563	0.1813	-0.4485	1.1378	-0.2543	0.1392	-0.9074	1.0626	0.1672	-0.0297	-0.3368	-0.8768	-0.6460	0.1723	0.1045	0.1607	0.4486	-1.9616	0.7865	-2.4146	-1.8854	-0.7055	-0.6757	0.5243	1.8931	-0.8597	0.1921	-0.0848	0.7050	-0.0649	-1.3925	-1.0910	0.3302	0.2031	-0.7264	0.2110	0.6684	0.0281	-0.2013
0.9857	-0.3623	-0.0764	0.3744	-0.4797	0.8556	-0.9824	0.5269	1.2326	-0.0096	-0.7690	1.1395	0.4449	1.3585	0.2785	0.2351	-0.4529	0.4134	-0.0448	0.4486	0.5621	-1.9069	-1.0202	-1.1918	0.3724	0.9343	-0.8435	-1.7410	0.7532	-0.5255	0.1702	-0.5410	-0.2273	1.0774	1.9430	-1.6040	-1.6098	-0.6222	0.2122	0.1584	-1.6066	-1.0825	-0.0463	-0.1359	-0.0994	0.5639	0.8487	-0.2502	1.0687
0.4845	-0.9837	-0.1755	0.5853	-1.2467	0.0906	1.0997	1.3869	0.1089	-1.1578	-0.8215	1.1958	-0.2002	0.8498	0.1758	0.0471	-0.1797	1.1236	0.1202	-1.4764	0.7904	-0.2145	-1.2509	-0.0481	0.6614	-0.1731	-0.1889	-2.8921	0.0667	-1.9034	0.6877	-1.2731	-1.1406	0.2047	1.6565	-0.2115	-1.6837	-0.6689	-0.3603	-0.0404	0.7091	-1.8592	-0.6523	0.8794	0.4025	1.2761	0.8035	-0.7002	-0.4454
0.1170	-0.5061	-0.3908	1.3003	-1.4166	0.6423	0.0630	1.8624	-0.3235	-1.3457	-1.5197	-0.7876	-0.1081	0.1185	-0.7285	0.1395	0.5222	0.0405	-1.0666	-0.6071	-0.1901	-0.4499	-1.4837	-0.7298	0.5497	0.1717	-1.4533	-1.3038	0.0730	-0.8348	0.0243	-2.0898	-2.1081	-0.0722	0.1392	0.0425	-0.2448	-2.0504	0.4824	-1.8064	-0.6660	-1.3108	-1.2015	-1.0540	0.7486	-0.6138	0.6670	-1.0588	0.0154
-0.7994	0.0482	0.6598	2.0619	-1.0548	1.3655	-0.0577	0.2086	-0.2737	-1.4199	-0.3550	-1.3247	0.7170	0.7020	0.1864	0.7216	2.7117	0.9719	-1.3605	-0.6838	1.1676	0.2581	-2.4115	-1.4526	1.3690	-0.9237	-1.2081	-0.3207	0.4938	-0.5328	0.3552	-1.7589	-0.2605	-0.5653	-0.3468	1.0588	0.2282	-0.3927	0.7245	-0.1272	0.1224	-1.2254	-0.9939	-1.1805	2.5326	-1.6315	-0.3377	-1.0317	-0.4848
-0.2039	-1.1083	-0.0311	0.0009	0.4598	0.7283	-1.4548	0.5221	-0.0718	-0.2498	0.1483	-1.5438	0.9826	-0.9580	-1.0139	0.3040	-0.0085	-1.4399	-1.1807	-0.2754	1.1719	0.3660	-1.2204	-0.4670	0.1619	-0.7509	-2.6855	-1.5314	1.0310	0.2163	-0.4039	-1.8978	-0.5134	0.1742	-0.4750	0.1010	0.3770	0.5623	0.8076	-0.8780	0.5404	-1.6039	-0.2970	-1.0395	0.9758	-0.3713	-1.7859	-1.7789	-0.8963
0.7561	0.4753	-0.1524	-0.4503	0.1541	1.2086	-1.3171	-0.0626	0.2638	0.1742	-0.2855	-0.4770	1.9805	-2.0813	-0.1150	-0.0643	-0.5287	-1.8470	-1.5700	0.2054	-1.0030	-0.8892	-0.5111	0.0802	0.0214	-1.3094	-2.2379	-1.0858	0.4701	0.3920	-0.1491	-0.6253	0.9002	1.1784	-0.0385	0.5999	-0.0506	1.5548	-0.3494	-1.5241	-0.1359	-1.5463	-0.3113	-0.9365	1.2797	0.5714	-1.5818	-2.3985	-0.4768
0.8274	-0.3379	-0.5303	-0.0506	-0.1682	-0.1657	-0.6752	-0.9228	-0.5338	0.1890	-0.3174	0.6813	0.8063	-2.3836	0.3741	-0.0481	-0.0952	-0.7104	-0.8432	-0.3507	-0.5603	-0.1194	-0.5342	0.5322	0.7683	-1.1450	-2.0044	-2.3402	-0.8557	-0.2734	-0.9594	-0.1036	-0.0840	0.1481	-0.2331	-0.0684	-0.6393	0.5291	-0.2611	-1.4739	-0.4069	-0.4139	-0.2738	-1.0543	-0.2003	1.1258	0.4684	-1.1039	-0.4321
1.0222	-0.9090	-0.2758	0.0269	-0.4137	-0.0634	-2.1010	-1.1178	0.4190	-2.3031	-0.5309	0.3144	0.2561	-1.5553	0.5830	-0.0831	0.6335	-1.6539	-1.0392	0.3875	0.0964	-1.2266	0.4501	-1.8689	1.4783	0.2081	-0.2204	-0.0432	-1.1474	-0.0999	-2.0556	0.1208	-0.6422	-0.0626	0.3732	-0.2050	-0.7066	0.1273	0.4906	-0.7178	-0.5422	-0.1513	0.1752	-1.5578	-0.5167	1.8880	0.4741	0.2839	0.4300
0.8782	0.6937	0.7688	0.8523	0.8998	0.6976	-0.8378	-0.9827	0.8517	-0.7046	-0.7209	0.6927	0.5334	-0.2850	2.0110	-0.1300	0.1562	0.0962	-1.6616	0.9317	0.2856	-1.5662	0.8445	-0.6876	2.2734	0.6488	0.0442	2.4429	-1.3167	1.2758	-2.1129	0.1745	-0.0454	0.5780	0.2543	0.9780	-0.3952	0.4605	2.0591	0.9234	0.5583	-0.1107	0.7477	-1.4536	0.3665	1.8953	0.2932	1.0644	2.0546
0.0252	0.7362	1.5956	1.2464	1.3379	1.8313	-1.6081	-0.9544	0.5925	1.6602	-0.6294	0.7772	0.6099	0.0291	2.3511	0.6323	-0.0457	2.2039	-1.2676	0.3691	1.5139	0.4437	1.4190	1.9923	2.5516	0.5182	1.0884	1.6424	-1.4790	1.7181	-1.1425	0.8540	1.1799	0.4451	0.3532	0.6928	-0.4922	-0.1175	0.2983	-0.2406	-0.3144	1.0786	0.0800	-0.8638	1.5822	-0.0579	-0.5319	0.5764	0.3532
-0.0076	0.0083	1.4993	-0.2147	1.1927	0.8428	0.9296	-1.6631	0.0664	2.2920	0.5209	1.4936	-0.4655	1.0233	0.8958	0.4243	0.1903	0.5383	0.2446	0.6286	1.5344	1.0817	0.6272	2.6106	1.3392	-0.6774	1.2217	-0.1086	-1.0846	-0.6738	-0.0255	0.1170	0.9604	0.7092	0.7854	-0.4012	-0.1199	-1.0658	-0.4066	-0.7206	-0.8164	0.6548	-0.0158	0.1418	0.7898	-0.8902	-1.0848	1.0624	-0.2880
0.0660	-0.1792	0.4582	-0.7844	0.3086	0.2624	1.3854	-1.0498	0.9091	1.5316	0.1102	1.1288	-0.7405	0.5182	0.2485	-0.3064	0.9996	-0.0272	1.1633	1.3088	-0.2063	-0.0012	1.3159	2.0041	0.6540	-0.7800	0.6516	-0.2126	-0.2541	-0.3128	0.3533	1.4466	1.1329	0.7968	0.6641	-0.7848	0.2620	-0.7868	-0.1450	1.0446	-1.3160	1.4446	-0.4052	-0.2486	-0.9026	-1.1813	-1.0836	1.2634	-0.3902
0.6800	0.0198	-0.2821	-1.8073	-0.5940	0.0057	0.6671	-0.7263	-1.1505	-0.0112	-0.2255	0.4921	-0.7188	-0.0988	-0.8822	-0.7046	-0.0268	0.1861	-0.3908	0.6960	-1.9012	1.2440	1.0080	1.5885	0.4817	-0.9139	0.5790	-0.2555	-1.3362	-0.4536	-0.8757	0.1826	-0.9069	-0.4860	-0.2370	-0.1885	0.1983	-2.4791	-0.5663	-0.8199	-0.6779	1.3898	-0.7484	-2.0562	-0.0329	0.1878	0.2501	0.5519	-0.7051
-0.2155	-1.1237	-1.3088	-1.3446	-0.7704	-0.2255	0.5162	-0.3726	-0.9768	-1.5821	-1.3302	-0.4510	-0.1567	-0.3044	-0.6003	0.0035	-1.3570	-0.4275	-0.2530	0.4987	-1.6435	0.9160	1.4371	-0.4359	0.8918	-0.0495	0.4404	0.0786	-1.7598	0.2468	-0.9248	0.9966	-2.1887	-1.0335	-0.6360	-0.0470	-2.1173	-2.4635	-0.6009	-2.0572	0.2920	1.7884	-1.4895	-1.5475	-0.4877	0.0599	0.5307	0.0637	-1.3488
-1.0542	0.5060	-0.0339	-0.4897	-0.8424	-0.6280	1.4527	-0.0443	0.6943	-1.0159	-1.1185	-1.0257	0.3031	0.4103	0.3972	0.4209	-0.7421	0.2552	1.0101	0.5000	0.0700	-0.5615	0.6502	-1.9119	0.1742	0.5879	-0.7877	1.0111	-0.1890	0.4993	0.0651	1.3871	-0.7947	0.4365	0.0170	0.2443	-1.7726	0.5545	-0.5159	1.0458	0.2095	0.6064	-0.5580	-0.7857	-0.9069	-0.1953	-0.3078	0.5108	0.3689
-0.3818	1.7495	0.2652	-1.1564	0.7929	-0.8920	0.7288	-1.1477	-0.0892	0.1906	-0.1174	-1.1633	0.0865	1.0969	-1.1622	-0.1793	-0.2584	-0.0947	2.3184	0.9623	1.6628	1.2852	-0.7974	0.5360	-1.3195	0.4385	-1.2471	-0.5625	1.5415	-0.3982	0.4625	-0.8218	0.1313	-0.1691	0.5096	-0.3287	-0.1575	0.7839	-0.2065	1.0767	-0.0284	1.2326	-0.0044	0.4965	-1.0697	-0.4959	-0.5933	-0.2273	0.5712
0.0085	-0.0174	-0.6157	-1.1644	1.4925	-1.3156	0.4788	-1.8874	0.4683	-0.5270	0.0571	-1.4206	0.0681	0.6393	-1.4076	-0.8595	-0.2022	-0.6969	1.7824	0.4242	1.9239	0.5960	-0.6672	0.0595	-1.1620	0.5968	-0.0824	-0.3590	1.5723	-0.2638	0.1646	-1.2166	0.6438	-0.5703	0.2318	-1.3035	-0.1299	0.0222	0.1201	-0.1783	0.4569	0.7822	-0.3046	1.7027	-1.2150	-1.9762	-1.0677	-0.5308	-0.0613
0.4987	0.3731	-0.7994	-0.7771	0.1926	-1.1393	1.2581	-1.3989	1.3954	0.5077	2.1952	1.2957	-0.0596	0.8903	0.8302	-0.8257	1.0852	-0.2897	1.0398	-0.1972	0.2503	-0.9690	-0.3281	0.3407	0.0127	-0.7897	0.6707	-0.3669	0.5029	-0.5486	0.5954	0.4356	1.5252	0.1725	-0.0332	-1.4399	0.6954	0.4769	0.0869	1.1516	0.0179	-0.0431	0.7136	1.9619	-1.1490	-1.5123	-0.2478	0.7743	0.6882
0.4175	-0.8695	-1.0500	-0.6870	-1.0007	-1.1057	1.0522	-0.4758	-1.1451	0.0744	0.7446	1.1880	0.2155	0.8141	-1.1436	-0.4723	-0.5699	-1.1029	0.8402	-0.8636	-1.6899	0.1763	-0.7265	1.2814	-1.4715	-1.8006	-0.2000	-1.7398	-0.2122	-0.8263	0.8713	-0.0312	-0.5099	-0.8218	0.0998	-1.9529	1.2390	-1.0235	-0.7787	-0.1917	-0.6275	0.5073	-0.6373	1.3555	-1.6978	-1.1385	0.8316	0.8850	0.4474
-0.8793	-1.8517	-0.5450	-0.6833	-1.2320	-1.4654	-0.3432	0.4134	-0.0800	-1.1810	-1.9861	-1.3185	0.3207	0.9816	-1.1262	-0.2195	-1.5755	-0.8907	0.6360	-0.4394	-0.7684	-1.8537	0.0265	-1.0006	-1.7268	-0.7641	-0.6608	-0.1000	0.6592	-0.1055	1.2270	-0.3704	-1.1789	-0.2557	0.6896	-1.9345	-0.5522	-0.2000	-2.5574	0.0420	-1.5224	0.6433	-1.9425	0.9866	-1.9601	-2.1701	-0.3632	0.2274	-0.0222
0.0791	0.5171	0.0015	-0.4996	0.0468	-0.1737	-1.6928	-0.1993	0.1287	-0.8160	-0.0817	-1.7309	0.6005	0.3383	-1.1671	-0.4769	-1.1977	-0.2165	1.3295	1.3008	0.3972	0.0470	-1.0189	-1.1831	-1.2395	0.5011	-0.7170	0.9197	1.2025	0.9516	1.7015	-0.6985	-0.6258	0.7176	-0.1949	-0.8681	-0.2764	-0.1281	-1.7563	-0.4129	-0.3432	0.6178	-0.4336	0.1448	-1.1617	-1.4008	-0.9824	0.2407	0.2854
0.1400	0.2265	-0.7188	0.2166	0.3587	0.0347	-0.1029	-0.5460	-0.6533	-1.7550	0.9856	-0.0040	0.1405	-0.4738	-0.5585	-0.8683	-2.2299	0.5343	0.7532	1.9087	-0.4091	1.4054	-0.7750	-1.3161	-0.4820	0.2575	-0.1147	1.0916	-0.6422	-0.2527	0.6103	0.5215	-0.5709	0.5610	-1.4090	0.0217	-0.9171	-1.0038	-1.0119	-1.1310	0.7871	0.1209	1.3956	-0.2012	-0.5589	-0.3533	-0.9009	0.3263	0.7452
0.4971	1.4209	0.5021	0.1507	0.1802	0.1619	1.1670	-0.5123	-0.9902	0.1956	0.6713	0.4189	0.3580	0.0955	-0.4677	-0.4231	-0.6123	-0.6816	1.0986	1.6159	-0.5407	1.1221	-0.3068	-0.3570	0.0069	0.2576	-0.3804	0.2968	-1.1827	-0.7661	0.1236	0.0653	-0.5244	0.4954	-0.6532	-0.1649	-0.5499	-0.5824	-1.1950	-1.8609	0.5210	1.5218	1.7744	-0.7099	-0.0924	1.8722	-0.8407	-0.6898	2.6297
-0.3100	1.9416	1.9490	-0.2983	0.5312	-0.2577	-0.2757	-0.1627	-0.7117	1.7182	0.5729	1.2523	0.1072	-0.8663	0.4494	0.1250	-0.2637	-1.7635	0.4290	0.2168	-1.0702	-0.1704	0.3408	0.5080	-0.4022	0.3602	-0.6830	0.4979	-1.1290	-0.1400	0.9396	1.1010	0.3554	0.9367	-0.2714	-0.8260	0.5799	-0.1759	-1.2033	-0.0969	-0.9934	0.7343	1.0445	-0.6613	0.2014	-0.0197	0.2769	-1.8636	1.1862
-0.4438	1.6711	2.6796	-0.1471	0.6894	-1.7320	-1.0089	-1.1122	-1.0672	1.8973	1.1937	1.9405	-0.7532	-0.4949	0.9056	-0.4851	0.3993	-1.8184	-0.3131	0.8742	-1.1780	-0.3995	0.7044	0.0712	-0.6621	0.2328	-0.2701	0.8175	-1.5952	-0.6020	0.6148	1.4198	1.3321	0.1911	-0.5377	0.2337	0.4498	-0.3653	-1.4841	-0.4942	-0.2029	-0.0516	1.3910	-0.2695	0.2292	-0.4262	1.0130	-0.7370	0.1211
-0.4343	-0.5698	2.2829	0.6475	-0.5138	-0.0775	-0.7844	-1.0170	-1.8173	0.4919	1.7481	-0.4755	-1.3650	0.1871	-0.8978	-0.4126	0.9159	-1.3972	0.7220	1.3155	-0.6762	1.3819	-0.8464	-0.1117	-1.3427	-0.3781	0.0662	0.0851	-1.5339	-0.7056	-0.6433	0.4993	-0.1509	-1.2191	-0.0549	0.5430	0.8209	0.1064	-0.7938	-0.3843	-0.1824	0.1963	0.9706	-1.3384	-0.6586	-1.4295	-1.0341	-0.1141	-0.5879
-0.1630	-0.1657	0.2195	0.3205	-0.4978	0.9191	-1.1901	-0.3955	-0.2078	0.1915	0.6703	-1.4963	-0.7663	0.5072	-0.4803	-0.9037	1.6046	-0.1194	0.0593	0.7974	0.1728	0.6463	-0.8118	-0.3530	-0.4385	0.4757	0.4092	-0.7893	-0.1518	-0.0331	-1.2057	0.6539	0.0800	-1.1891	1.4901	0.2750	0.2828	0.8143	-1.0509	1.1211	-0.9533	0.4086	0.0317	-0.9885	-0.5802	-0.2633	-1.6219	-0.3513	0.3673
-0.3664	-0.3309	-1.8381	-0.6091	-0.2449	0.2477	-1.0399	0.2275	1.3219	1.1571	0.3781	1.6665	-0.3199	1.0145	0.4710	-1.5576	0.9289	-0.1099	-0.8317	0.1575	0.3793	-1.4613	0.4373	0.3047	-0.2642	0.4874	0.0552	-1.5762	-0.0625	-0.3902	-0.9598	1.0140	0.8676	-0.7103	1.4352	-1.0994	0.4529	0.1140	-1.1571	1.7958	-1.4413	-0.6961	-0.2712	-0.1992	-0.8694	0.8528	-0.7935	-0.2484	1.1153
0.1349	-1.2801	-1.9539	-1.2352	-0.4066	-0.0214	-1.4504	0.5389	0.9389	-2.1755	-0.7218	1.1931	-0.5000	0.8576	-0.3587	-1.0496	0.0439	-1.3845	-0.0412	-0.5550	-0.0014	-1.5335	0.2931	-0.7078	-0.5759	-0.0115	-0.1481	-0.5197	-0.1533	-0.5503	-0.6297	0.0490	-0.8814	-0.7617	0.8026	-1.1029	-0.2381	0.4322	0.1892	0.5403	-1.1817	-1.5593	-0.8758	-0.2408	-0.9718	-0.1336	-0.4236	-0.2729	-0.5336
1.0528	0.1541	-0.4507	-0.7951	-0.4884	-0.2489	-1.0242	0.4217	1.6720	-1.9956	-0.4976	-0.0440	-0.0645	1.1396	0.5087	-0.4058	0.3913	0.0318	1.5853	-0.8154	-0.2048	-1.9457	-0.0427	-1.1467	0.3267	1.1546	0.1238	0.4269	0.6941	-0.4292	0.4613	0.1902	-0.6465	-0.3299	0.8838	-0.2270	-1.0311	1.4957	0.1857	1.5992	-1.0715	-0.8129	-0.2875	-0.1766	-1.4234	-0.4086	0.4015	-0.2893	0.3532
1.3030	0.8197	-0.3752	-0.5212	-0.4437	-0.2937	-0.8945	-0.0358	0.4832	-0.9703	-0.1403	0.0580	1.1298	1.0508	-0.2126	-0.0468	-0.7350	0.4759	1.2594	-0.1219	-0.3491	-1.2640	-0.3504	-0.1998	0.3108	1.2003	0.0018	0.4458	1.1617	-0.1930	0.8605	-0.6696	-1.5037	0.7115	0.4059	0.1416	0.2959	-0.7036	-0.6859	1.1334	-1.1506	-0.9770	0.4225	0.0130	-0.3261	0.1688	1.4083	-0.6449	-0.3172
0.5867	0.0392	-0.6465	-0.3202	1.2742	-0.0265	-0.7375	0.3916	-1.3200	-1.6447	-0.9341	-0.4791	-0.1554	0.1362	-0.5846	-0.4732	-0.8061	0.2503	-0.1841	-0.1299	-0.4779	-0.5212	0.4605	0.3032	0.1462	0.5630	-0.3141	0.0665	-0.1178	0.6363	0.1046	0.2722	-1.5467	0.3260	-0.3785	0.4733	-1.3780	-1.3817	-0.4374	-1.6505	-0.1551	-0.2632	-0.7565	0.3422	-0.7534	0.8419	0.4177	-0.5051	-1.1386
-0.6359	0.1384	-0.2947	0.0829	0.6594	0.3644	-0.0797	1.6333	-2.5469	-0.9274	-0.5355	-1.3460	-0.6697	-0.2263	0.2598	-0.5163	0.7469	1.5972	-1.1318	-0.5595	-0.6042	0.1431	0.5660	-0.5090	0.8017	-0.1006	-0.5018	0.5834	-1.5836	0.4541	0.0389	0.6625	-0.8028	0.1554	-1.1334	2.0356	-1.8299	-0.0590	-0.4501	-1.9088	0.3672	0.1392	-0.1200	-0.5764	0.1514	-0.2655	-1.2767	-0.2236	-0.6322
-1.7350	-0.8202	-0.6800	0.6976	-0.2589	0.3987	0.5829	0.3448	-3.1875	0.9092	0.4272	0.1241	-0.1686	-0.0194	0.2188	0.1765	0.4825	1.3647	-1.9327	-1.4691	-0.5888	0.4539	0.8863	-0.4020	0.5066	-0.8015	-0.5789	0.6084	-1.8397	-0.2323	0.6642	0.2654	-0.8173	-0.3244	-1.5543	1.7818	-0.4188	-0.0503	-0.1388	-0.9739	0.7136	-0.5138	0.9113	-1.1824	1.3780	-0.3512	-0.7627	-0.0912	-0.5824
-1.3902	-1.1026	-0.7588	1.0677	0.9453	-0.6079	-0.4335	0.9500	-1.7694	0.8259	0.2107	0.9089	-0.7587	0.5080	0.5800	-0.6707	0.8038	0.5612	-1.3829	-0.7374	0.7614	-0.1015	1.6356	-0.5411	0.5009	0.1276	-0.3674	-0.1901	-0.6580	-0.9323	0.3566	0.1552	0.0017	-0.4261	-0.3923	1.4160	-0.2784	-0.0004	0.0850	-0.2987	0.6091	-0.4888	0.7281	0.2893	0.7888	0.3520	-0.4132	0.3436	-0.5321
-0.0531	0.7573	-0.3966	0.9390	-0.4887	0.1534	-0.4494	0.1620	-0.7352	1.5171	1.4363	0.8554	0.4649	0.9687	-0.1039	0.0281	1.4003	-0.2484	-0.2568	0.3004	0.5420	1.5175	0.1065	1.3241	0.3633	-1.4227	1.0592	0.0971	-0.0677	-0.4315	0.3620	-0.7690	0.6827	-0.4220	0.1692	1.3495	1.3987	1.0081	-0.9995	-0.4571	-0.0663	0.2737	1.7333	-0.4888	2.5079	0.5465	-0.5250	-0.1579	-1.4144
0.3423	-0.1245	-0.9506	0.7042	-0.9046	1.9342	-0.4231	0.0659	-0.8844	1.3791	0.2225	1.1095	0.0877	-0.5847	-0.0421	0.4123	0.1859	-0.5508	-1.4762	-0.0142	-1.2863	0.0345	0.7988	1.4519	0.2192	-1.2896	-0.1929	0.4034	-1.4698	1.0060	-0.0293	0.3664	-0.7062	0.4918	-1.7188	0.1825	0.4857	-0.3130	-1.0439	-1.2500	-0.3212	-0.0114	1.5664	-1.5241	1.2682	0.1566	0.6211	-1.1676	-0.6873
0.7027	0.0308	0.0972	1.1505	-0.6399	-0.8791	0.3699	0.3018	-0.3229	-0.6702	-0.0746	0.9176	-0.7021	-0.7448	0.8212	-0.1719	1.1614	1.0280	-1.5211	0.6479	-2.0184	-0.8671	1.4911	0.2385	1.1041	0.3580	0.4387	1.4114	-2.2329	-0.1292	-0.2516	0.9265	-0.0014	0.6978	-1.4848	1.8734	-1.7031	0.0238	-0.6119	-0.0637	1.2358	0.3090	1.8331	-1.1846	0.0326	0.4415	0.5833	-0.9195	-0.4093
-1.6323	-0.0111	0.0075	1.0083	-1.4915	-0.4169	-0.5112	1.5117	-1.9844	-0.3670	-1.2289	0.1803	-0.4780	-1.4264	-0.1774	0.5958	0.3147	1.0862	-1.3110	-1.9307	-1.9632	1.8368	1.1919	1.3005	1.5212	-0.8311	-0.1449	-0.1219	-1.9373	0.4516	-1.0275	1.3159	-1.1709	-0.9833	-0.9967	1.5696	-0.5560	-1.4533	0.2995	-0.8520	1.5126	1.9596	0.1504	-0.9375	1.1099	1.2024	0.8738	-1.0815	-1.4378
-1.7738	-0.1162	-0.5196	0.8044	-0.6783	2.2414	-0.4156	2.6124	-1.7467	-0.9045	-3.0644	-0.7185	-1.0674	-1.5761	-0.8026	0.1906	-0.3477	0.2867	-1.8859	-1.0750	-1.1835	0.5166	1.7877	-1.0662	0.8742	0.6141	-0.3906	1.3957	-1.6373	1.3223	-1.7772	1.2022	-1.9831	-1.1953	-1.3952	1.3393	-1.4813	-0.3492	0.7573	-0.9265	0.8525	1.6146	0.2023	-0.1504	1.7782	0.9562	0.3045	-0.7046	0.3800
-0.4538	1.3700	0.1208	1.4539	0.3665	2.2806	-0.3802	1.8023	-0.7188	0.7356	-1.9320	-0.9657	0.3308	-0.0654	-0.0021	0.2718	1.7492	-0.1608	-1.6951	-0.2040	0.4246	-0.3261	1.0177	-0.8431	1.5882	1.8098	0.1978	1.8967	-0.6730	0.9808	-1.3100	0.4030	-0.6881	-0.8151	-1.5384	1.6056	-0.6932	0.9243	1.9413	0.8809	2.4453	-0.2013	0.4964	1.4356	2.2494	-0.0190	-0.1538	-0.2423	1.4066
-0.5256	2.1301	1.5995	-0.6335	0.8574	-0.6596	-1.3610	-0.0367	-0.9621	2.6267	0.1062	-0.5548	-0.0145	0.5255	0.0654	-0.5081	2.6706	0.3167	-1.7179	-0.9794	1.2925	0.9193	0.2988	0.1894	1.2096	2.1533	1.8037	0.5573	0.3522	-0.3562	-0.3170	0.2536	0.5333	-1.0085	-0.9933	1.7359	1.8673	0.9436	3.0557	0.7984	2.9276	-0.6670	0.5474	1.8320	2.4116	1.1406	0.5652	0.8177	1.4240
0.6769	1.5105	2.0160	-0.5861	1.3286	-0.4266	-0.4168	0.3940	-1.1906	2.1538	2.0558	0.6643	-0.8468	1.0864	0.2592	-0.7223	2.8437	0.3781	-1.1994	0.2881	1.9934	1.2221	-0.4382	0.9169	0.4150	2.3619	1.6179	0.1733	0.2466	-0.0996	-0.7418	-0.7474	0.6524	-1.0251	-0.4596	1.8186	2.1130	1.2035	3.2089	0.9131	0.8027	-0.4674	1.1283	0.4781	1.5781	0.3620	1.2299	1.5962	1.6759
1.9833	-0.0996	1.8625	0.3908	0.6265	-0.8948	0.4248	0.9842	0.8594	0.8147	2.6590	1.5095	-1.2156	2.2414	0.6054	-0.3533	1.9773	-0.4212	1.0488	0.5259	0.6803	0.3204	0.5970	0.5269	-0.7145	0.2622	1.9520	0.3482	-0.1282	0.2344	-0.1568	-0.6951	1.0955	-0.9129	0.1364	0.7270	0.7989	1.2479	1.9957	0.7694	0.7107	-0.5140	-0.0652	1.5137	0.0486	-0.1237	0.8937	1.7701	1.6054
1.4943	-0.7764	1.2848	0.6145	-0.3798	0.0170	-0.3320	1.6398	0.8775	0.2243	1.7972	0.5245	-0.4452	1.9426	0.0428	0.1466	0.4415	-0.3341	1.9880	-0.9611	-0.0989	1.6145	0.4650	1.8641	-1.7222	-1.1113	1.4494	-0.7315	0.9245	1.1121	-0.1632	-0.5462	0.2856	-2.0027	-0.1469	0.0790	1.8193	-0.3738	0.2498	0.9330	-0.2083	-0.5555	-1.3285	1.5340	-0.3738	0.1659	1.1545	0.8261	0.1058
1.3115	-1.5047	1.0415	-0.7350	-0.7630	-0.8049	0.2122	0.1176	0.7026	-0.1374	0.9656	-1.1734	-1.1612	0.7301	-1.7278	0.0717	0.0560	-2.0315	1.5065	-0.7192	1.2660	0.9869	-0.8259	-0.2296	-2.4965	-0.9187	-0.5187	-0.3648	2.2457	-0.0706	-0.0150	-1.3431	-1.2658	-1.9170	-1.2865	-1.5107	2.1583	0.5575	-0.2754	1.1579	-1.9676	-1.6920	0.0776	0.4806	-1.2157	-1.2231	0.2013	-0.4725	-0.4992
2.4080	-1.0525	0.8861	-0.6078	0.1663	-0.6403	0.5580	-0.2713	1.8342	-0.6655	1.2850	-1.6331	-0.9057	0.9242	-1.2812	0.2759	0.0910	-0.9849	1.9213	0.9205	1.0388	0.9823	-0.8983	-1.8484	-1.5440	0.6365	0.7112	0.6792	2.3191	-0.4529	1.3907	-1.2634	-0.8187	-0.9820	-1.2530	-0.6293	-0.4325	1.3213	-0.5820	0.6950	-0.8836	-1.5888	0.0245	1.9387	-0.9237	-1.6573	-0.3525	0.0544	-0.4082
0.8766	0.4185	-0.2326	-0.6914	0.3850	-0.0685	1.7296	-0.5838	2.2462	-0.7552	1.9456	-0.3995	-0.4551	-0.0440	0.4400	0.2997	0.1736	0.9770	0.6049	1.2924	0.4461	0.4005	-0.1868	-1.3562	-0.7678	0.0198	1.7640	1.3361	2.1279	0.1051	1.7624	0.1434	0.6877	-0.1820	-1.3869	1.0644	-0.1058	1.3977	-0.0719	1.3363	-0.0154	-1.0284	0.0657	2.1139	0.2407	0.3856	-0.0534	0.4287	0.8334
0.8087	-0.2100	-0.8834	-0.6358	0.5958	1.6376	1.9904	0.3484	2.0694	0.4051	0.5430	-0.2428	-0.4407	-1.3609	0.7690	0.2253	-0.4755	1.0555	-0.8890	0.8678	0.4789	-0.0601	-0.1537	0.4124	-0.7374	0.1073	0.9842	0.8772	1.4943	0.7801	0.4660	0.4345	1.3233	0.6031	-0.3181	1.3354	0.5892	0.3407	0.4768	0.0270	-0.4434	-1.8876	-0.7765	1.8768	0.3678	1.4380	-0.2158	1.0106	0.1308
0.5753	0.0178	-1.1223	-0.5411	1.1493	2.2510	1.9245	1.2262	2.1313	1.0552	0.4462	0.1312	0.4510	-1.2311	1.8120	0.6420	-0.1585	1.9774	-0.7543	0.4049	1.4744	-0.5296	-0.4678	0.5901	-0.1081	0.2402	-0.6953	0.3708	1.3960	1.4537	-0.4532	0.5422	2.2726	0.2324	0.6040	0.5180	0.5517	0.6681	1.1779	1.2568	-0.0301	-0.7124	-1.0556	1.0765	0.1092	0.9504	-0.7781	0.7728	0.5325
0.9470	-0.6042	-1.2197	-1.3679	0.6867	0.7302	1.3524	2.3649	1.4703	-0.1680	0.4778	-0.4120	-0.1383	-0.8638	0.6949	-0.4257	-0.7406	0.6069	-0.8633	-0.2308	0.7115	-1.2122	-0.4882	0.3933	-0.6160	-0.5036	-0.6072	-0.6500	0.8238	0.0056	-1.7374	-1.5235	0.8569	0.7080	0.9054	-0.0331	1.6352	1.2705	1.3757	0.3244	0.2074	-1.8687	-0.5655	0.3212	-0.7508	0.5542	-0.4590	0.4489	0.6817
1.0532	-0.7709	-0.6055	-0.6925	0.1700	-0.9776	1.0906	1.6918	2.5324	-1.1247	-0.0335	-0.3808	-0.2695	-0.3674	0.9355	-1.0337	-0.1503	0.6820	-0.7680	-0.4887	-0.3318	-2.1212	-0.2117	-0.1530	-0.3584	0.0525	1.7343	-0.5359	0.2428	-1.6648	-0.8486	-1.0840	1.6236	1.2473	1.2970	0.2199	-0.1720	1.0880	1.6148	0.4162	-0.2046	-2.9042	-1.1493	1.0693	-0.6438	0.3088	0.1235	0.8866	0.0512
-0.2257	-1.0090	-0.6080	0.0711	-1.0206	0.1216	1.7709	0.5405	1.1525	-0.9192	-1.0899	0.2730	0.3875	-0.2878	0.3306	-0.2908	-0.7988	1.3533	-0.2556	-1.3054	-0.8065	0.4804	-0.6502	1.0898	0.4812	-1.1371	0.3614	-2.8313	0.6242	-1.1541	-0.6638	-0.3950	0.6953	0.6681	1.2723	-1.0871	0.4044	-1.9550	1.3687	-0.6263	-0.5848	-0.4480	-2.0140	1.1482	-0.7485	0.6192	1.6699	0.4444	-0.5633
-1.2473	-1.4104	-0.4285	0.4206	-0.9576	1.2659	-0.1504	-0.9201	0.3345	-1.1698	-1.7661	-0.6698	-0.2811	-0.7086	0.0525	0.2188	-1.5006	1.0683	-0.1332	-0.8491	-0.3900	-0.3958	-0.5817	-1.1184	0.6293	-1.1534	-0.8385	-1.9687	0.7551	-0.5028	-0.6209	-0.5195	-0.2995	0.0531	0.8496	-1.6666	-0.3817	-0.9091	0.8740	-0.3860	-0.3243	0.4306	-1.9012	0.1885	-0.5635	-0.3193	0.4715	-0.0027	-1.2275
-1.3750	-0.0798	0.0694	2.0558	0.3038	2.0848	-0.3670	-1.2825	0.3108	-0.6607	-1.4539	-0.1582	0.8522	0.0852	0.9080	0.9926	-0.7377	1.4818	0.5847	-0.4328	1.8123	-1.1235	-0.6501	-1.6674	1.2146	0.9616	0.0284	-0.2980	0.7888	0.5259	0.8674	-0.2818	0.5790	1.1881	1.7699	-0.9933	-0.3227	-0.0136	1.0483	2.4172	0.1055	0.9211	-1.4995	0.0719	0.1794	-0.3988	0.6355	-0.2355	-1.1243
-1.1467	0.0875	-0.4349	1.9088	1.2813	1.1605	0.5692	-1.1300	-0.2816	0.0743	0.1285	-0.0122	1.5435	-0.2460	0.0013	1.6811	-1.6907	-0.1545	0.1133	-0.7343	1.5392	-0.8408	-0.2443	-0.5796	0.1370	1.2229	0.1859	-0.0116	0.7714	0.5215	1.5238	-0.6829	0.1624	1.8607	1.7843	-1.6944	1.4258	0.1361	0.8390	2.1612	0.9617	0.6083	0.0732	0.0296	0.8673	0.0667	0.3216	-1.2695	-0.4680
-0.1785	1.7143	-0.0730	1.1310	1.1002	0.6666	0.5244	-1.4236	-0.4907	0.6816	0.8044	0.5063	1.6465	-0.5372	-0.0580	1.3540	-1.4744	-1.1319	0.0359	-0.5849	-0.0122	-0.9835	-0.7486	0.2339	-0.3969	0.0688	0.3878	-0.0258	0.7566	0.0085	1.4347	-1.4810	1.1529	1.9067	1.6714	-1.1143	1.6444	0.9986	0.3669	1.1244	1.7940	-0.5938	0.9578	0.3559	1.2872	-0.2816	0.3103	-1.4677	-0.9654
-0.6346	0.7254	0.4818	0.2708	-1.2650	-0.7128	-0.3950	-1.2444	-0.9048	-0.1063	-1.0757	0.9639	1.2576	-0.3639	-0.1244	0.7004	-0.1628	0.3703	0.9638	-2.6111	-0.7921	-0.7756	-0.7205	0.6260	-0.1856	-2.3470	-0.1115	-1.5315	-0.0224	-1.1964	0.4114	-0.8611	0.6406	0.8814	1.3992	-1.2994	0.5549	1.0443	1.1901	0.7722	2.0671	0.0662	-0.6058	0.2979	-0.2531	-0.7070	0.8768	-0.9086	-1.5169
0.4002	0.9158	0.7410	0.5001	-1.3527	-0.0513	-1.8666	-0.6215	-1.6020	-0.1484	-2.2091	-0.1783	1.6957	-0.9105	-0.3668	0.9451	-1.3131	-0.4223	-0.2781	-1.6799	-1.0037	-1.0263	-1.7437	0.4802	0.1876	-0.6333	-1.2399	-1.2431	-0.1065	-0.5752	0.0064	-1.1099	-1.7385	0.4923	1.4168	-1.7347	-0.0994	-2.2816	1.0315	-0.6317	-0.2838	0.6192	-1.0847	-0.9980	0.1768	0.6662	1.1229	-0.5360	-0.5536
0.2830	2.0543	0.5132	1.2573	-0.1914	0.3236	-1.5630	-0.5603	-0.2644	-0.5817	-1.9840	-0.4334	1.7210	-0.7851	1.4766	1.2502	-1.3405	0.7792	-0.2146	-0.9144	-0.1229	-1.1332	-0.8316	-0.1794	0.3893	1.3542	-0.0276	-0.4310	0.6191	1.3270	0.2421	-0.6999	-0.5003	1.3337	1.9033	-1.2811	-1.5239	-0.9519	0.8483	0.4978	1.7289	1.2759	-0.3644	0.6478	-0.1026	1.3351	0.7077	0.4361	-1.2140
0.9129	0.6193	0.0339	1.0896	0.0432	-0.6772	1.1067	0.1927	1.1290	-0.0590	-1.1004	-0.2372	1.5783	-0.0606	1.0452	1.2867	-1.4916	0.8440	0.8781	0.5041	0.2605	-0.5124	-1.1366	0.2417	-0.3752	2.3097	0.6198	-0.4340	1.4623	0.6136	-0.0582	-0.7660	-0.1609	2.2985	1.2759	-0.6351	-0.1587	-1.0613	1.0131	0.7456	0.9719	-0.0655	0.4340	1.5280	-0.9056	0.0686	0.5695	1.1784	-1.1264
1.2253	-0.7785	0.5445	1.5059	-0.2593	-0.4348	1.4643	0.0884	1.8966	0.1565	-1.5885	-0.8257	2.5538	0.4010	0.8844	2.0548	0.1603	1.0151	1.8289	0.4675	0.1592	1.3385	-1.5735	1.5704	-0.2348	0.6412	0.7685	0.5044	1.7376	1.4214	1.1444	0.1693	1.5190	2.1211	0.4923	0.0830	0.1250	-0.9989	0.0682	0.2040	0.0965	0.2739	-0.0969	1.4816	0.0226	-1.0504	0.4391	0.8559	-1.7953
0.0678	-1.5176	1.0457	1.7403	-1.3045	-1.4462	1.5537	-1.4852	0.4213	0.8320	-0.0874	-1.4274	1.3680	-0.3686	-1.1881	2.2217	0.5575	-0.3412	1.6230	0.8390	0.4888	1.6727	-3.0238	1.0641	-1.2621	-2.0082	-1.5083	0.5542	1.1935	0.3718	1.8544	-1.2236	-0.0504	1.4522	-1.0875	-0.6817	0.9010	-0.6002	-0.1470	-0.5871	0.0477	1.0547	1.2293	-1.6460	0.0409	-1.8080	-0.6312	-0.9059	-2.0104
-0.4529	-0.4874	0.5569	1.0280	-0.6643	-1.4716	0.7141	-1.9315	-0.1860	-0.0827	-0.4169	-1.7355	0.0939	-1.9327	-0.6611	1.5137	-0.7260	-0.9483	0.6072	1.1400	-0.2892	1.5824	-0.8721	-0.1260	-0.2570	-1.1500	-1.8525	0.9573	-0.5212	0.8514	0.7637	-0.2725	-1.4014	-0.0719	-1.7994	0.3839	-1.6602	-0.7534	0.6673	-1.8602	-0.3548	1.4642	0.5213	-1.7581	0.3986	-0.2049	-0.7446	-0.8722	-1.3300
-0.6648	0.9966	-0.5267	-0.4599	0.2581	-0.7255	0.1912	-1.3936	-0.2512	-0.3274	-0.2170	0.2125	0.4054	-3.0142	2.3272	1.1178	-0.9404	-1.3028	-2.0199	0.0847	-1.1579	0.5239	1.6780	0.0503	1.5716	-0.7982	-1.2571	1.3237	-2.0596	1.6846	-0.5837	1.9491	0.3484	0.2268	-1.8102	2.1720	-0.8242	0.5374	0.0104	-1.9395	-0.3308	0.5093	0.4606	-0.6863	2.0309	1.5239	-0.2883	-0.0974	-1.1740
-0.0502	-0.5234	-0.7298	-1.7820	0.1596	-0.3178	0.2167	-0.0647	-0.4864	1.1051	-0.4444	0.0382	-1.2974	-2.6013	1.8249	0.6018	-0.3013	-0.4498	-1.8581	-0.3903	-1.1307	0.9460	2.0530	1.1998	1.2645	-0.5116	-0.8577	0.6113	-1.7971	0.4598	-1.3387	2.1472	-0.0300	-0.3305	-1.5956	3.0698	-0.1134	0.6416	-0.2596	-0.9242	-1.2463	0.6182	0.2787	-0.9399	1.0427	1.4017	-0.5358	0.9996	-0.5037
-0.3969	-1.0250	-0.8299	-1.4815	0.3512	-0.0894	-1.0552	0.4972	0.4041	1.0242	-0.1517	0.2191	-0.5936	-0.6570	1.1292	0.3280	0.2090	0.4556	-0.4446	0.3887	0.3245	-0.6678	2.3351	0.7162	0.6547	0.3713	-0.0224	1.4854	-0.6205	1.0967	-0.0267	1.1930	0.0588	-0.5483	-1.0918	1.9854	-1.2347	0.7318	-1.4476	0.5903	-1.3352	1.5387	0.0321	-1.0064	-0.7907	0.8842	-0.4528	1.0779	0.4228
-0.3031	-0.7040	-0.4406	-1.5023	0.3199	-1.4310	-1.0848	-0.5959	0.2675	0.7047	0.5009	0.9482	-1.3359	0.9358	-0.0723	-0.9580	-0.2242	-0.0480	1.1833	0.5945	-0.0537	-0.7610	1.7453	-0.7175	-0.8246	0.1725	0.3700	1.6627	-0.0131	-0.6716	1.0444	0.6587	0.6944	-0.2084	-0.8433	-0.4447	-0.2885	-0.3710	-0.8332	0.4537	0.8094	0.8961	1.5801	0.2939	-1.8306	0.9564	0.6870	2.0867	1.9491
-0.2849	-0.4022	0.5218	-0.4070	1.6186	-0.4438	-1.0024	-0.7874	0.5466	-0.1290	-0.9022	1.9631	-2.0194	1.2583	-0.7434	-0.9246	-1.0100	-0.8678	1.8319	1.5029	-0.6087	-0.1752	1.9811	-1.3946	-1.3712	1.0874	-0.0188	1.0395	0.3597	0.2539	1.6224	2.3538	1.1506	0.3759	-0.5567	-1.9544	-0.4067	-1.1884	-1.8805	-1.3809	1.1884	1.2339	1.2326	-0.3409	-0.8844	2.0337	0.9532	1.7559	3.7250
-2.2447	0.8141	1.8826	-0.1906	1.7693	-0.9110	-0.9393	-0.5977	0.1184	1.6226	0.4005	-0.1295	-1.5652	1.1202	-0.9760	-1.0197	-0.7415	-0.2047	0.6341	1.3904	0.6562	-0.1791	0.1363	1.1394	-1.2026	-0.1039	0.2688	0.1366	0.5760	0.4250	1.7444	1.4055	1.8628	-0.0467	0.3357	-1.3073	-0.0843	-1.0553	-1.9117	-1.1916	-0.5054	1.9751	-0.7298	-1.3950	-0.2840	0.0332	-1.2625	1.1569	2.1931
-2.1192	-0.8981	1.4110	-0.8843	0.3309	-0.8730	-0.1254	0.6237	0.6126	0.8785	1.4720	-1.6500	-1.5811	0.7760	-3.0704	-1.7679	-0.6567	-0.2309	0.5497	0.9786	1.4100	1.0335	-0.5681	-0.1177	-1.6579	-0.5974	0.2942	-0.3740	-0.3479	-1.0529	-0.8990	-0.4654	0.1509	-1.0469	1.1453	-0.9724	0.0883	-0.0738	-1.4604	-1.0365	-0.8327	0.0026	-1.3343	-1.3008	-1.0691	-1.6681	-2.1062	1.3689	1.9883
-1.4146	-1.2236	-0.4443	-1.6540	-0.0805	-0.1597	0.0045	-0.0713	1.7055	0.1845	1.3768	-1.1902	-0.6036	0.4429	-2.7985	-1.7846	0.2213	-0.6414	0.3984	0.8221	1.4015	0.8807	0.1601	-1.3952	-0.6072	-0.6013	1.0656	-0.8653	-0.1214	-1.7633	-1.3130	0.3155	0.7680	-1.2813	2.2342	-1.3505	-0.2094	1.6148	-2.1567	0.3120	-0.8677	-0.0038	-1.8031	-0.2535	-0.7045	-1.7091	-2.7569	1.0643	1.5098
-0.8604	-0.9961	-2.4200	-2.2054	-1.0017	0.7560	-0.5252	-0.9119	1.7519	0.0731	2.2193	0.8907	-0.2683	-0.0276	-1.8429	-1.6069	-0.2718	-1.3575	-0.0553	1.2028	0.1050	0.1904	-0.3883	-0.1021	-0.7576	-1.2748	0.5820	-1.7093	-0.3368	-1.9330	-0.5380	1.1707	1.4143	-1.5565	1.5864	-2.2913	0.7540	0.4648	-3.3388	1.5605	-1.7789	-0.7952	-0.8871	-0.7688	-0.2956	-1.5265	-2.5725	0.4928	1.0531
-0.6810	-1.5374	-2.3817	-2.4063	-1.2200	0.3339	-0.2971	-0.1996	1.0527	-0.9046	0.0654	0.2819	-2.0055	0.0950	-2.6593	-1.6160	-0.6504	-1.0093	0.5262	0.7489	-1.0458	-0.5437	-0.0805	-0.2103	-1.3467	-1.1630	-0.5079	-1.9073	-0.4276	-1.1991	-0.2225	-0.2413	-1.1875	-0.9163	0.2007	-2.5638	-0.1900	0.3755	-1.7742	-0.2322	-2.0944	-0.4029	-1.5947	-1.8801	-2.0781	-0.8710	-0.7570	0.4669	0.4951
-0.9851	-0.7079	-1.5342	-2.2002	0.1326	-1.0396	0.0996	0.4193	1.6896	-3.5033	-1.4370	-0.4766	-1.2851	0.8812	-1.6136	-1.7245	0.9378	-0.1128	1.4059	1.3666	-0.4646	-1.8205	1.0100	-1.5737	0.0150	1.4359	0.1092	-0.7298	0.5063	-1.2429	0.6318	0.9007	-0.3489	-0.1064	0.4344	-1.3098	-2.3014	0.6836	-1.5666	-0.7631	-1.8204	0.4778	-2.1430	-1.6651	-2.1789	-0.8296	0.2823	0.2767	0.8505
-0.5990	-0.0992	-1.0961	-2.2364	1.2976	-2.6493	1.3731	1.3107	0.2071	-0.6894	0.3676	0.3742	0.4527	1.3732	-1.2397	-1.6882	-0.3127	-0.3435	1.4951	1.5260	-0.0835	-0.8612	-0.3187	-1.1371	-0.7045	1.4662	-0.8845	-1.0374	0.7573	-2.2338	0.2973	0.6171	-0.2877	-0.3970	0.1358	-0.7129	-1.0428	0.1211	-0.9448	-0.5605	-0.8014	-0.7195	-0.9207	-1.2138	-1.8620	-1.3213	0.8681	-0.4283	1.5398
-0.4811	-0.6880	-1.0304	-1.4705	2.2148	-1.8844	-0.6246	2.0345	0.1887	0.0139	0.0745	-0.8962	0.3294	0.3679	-1.0504	-2.1143	0.1084	-0.2668	0.9209	0.6218	0.6626	-0.9806	-0.2589	-1.5293	-0.2391	0.8253	-1.1666	-0.4849	0.4052	-1.0121	-0.9252	0.5648	0.0112	-0.4724	-0.1876	0.0272	-1.1011	-0.2391	-0.8278	-1.3931	-0.1744	-0.5401	-0.2714	-0.7285	-1.4844	-0.5554	-0.4437	-0.1076	0.9912
-1.2166	0.5609	-0.4861	-1.0040	2.7928	-1.1010	-0.1160	0.7664	0.0635	-0.3878	-0.3400	-0.1666	-0.4204	0.3316	0.5522	-2.2882	1.2337	2.4844	0.9022	0.7786	1.6681	-0.8730	0.2325	-0.6458	1.6614	1.0241	1.1295	-0.6107	-0.0511	-1.0022	-1.7948	0.4538	1.8126	0.1178	0.4807	1.5190	-0.4360	0.9458	-0.7831	-0.0388	0.3940	0.7282	0.7043	0.3489	0.0332	0.4197	-0.1743	1.1350	0.5821
-0.4536	0.3714	-0.4177	-0.7306	2.1303	0.7027	0.3389	1.0025	-1.0912	1.6253	-0.1732	0.1044	-0.1802	-0.1563	-0.9236	-1.1130	-0.3648	1.5183	-0.4073	0.4629	0.7285	0.1431	-0.4922	2.5563	1.3933	-0.1275	1.4124	-0.9626	-0.7581	-0.6134	-2.0861	-0.9113	0.7362	0.1473	0.8291	0.4942	1.1478	-1.3355	0.4039	-2.1708	-1.4636	0.8448	-0.1777	0.0836	1.2893	1.3258	0.0472	1.5192	1.3693
-1.7256	0.2951	-0.4177	0.3931	-0.2036	1.7546	0.4858	-0.2207	-1.1925	0.8247	1.0301	-0.4412	0.8150	-0.8205	-1.7207	0.2427	0.9161	-0.1363	-1.2521	-0.6402	0.4415	0.9619	-1.3468	1.5566	1.3932	-3.0761	-1.3141	-1.1173	-0.3698	0.4411	-1.5329	-2.0405	0.6347	-0.6775	0.0064	-0.9955	2.1779	-2.5160	-0.3253	-1.8050	-0.4005	1.5247	-0.1925	-1.3113	1.2072	1.0070	-0.4279	-0.2292	0.8986
-0.8688	0.2893	-0.4286	0.4316	-1.0090	0.4081	-0.4560	-0.8039	-0.8228	0.3039	1.2350	1.4466	0.1643	-0.9020	0.2019	0.6501	-0.0988	-1.2393	-1.5338	-0.5706	-2.0959	-0.6848	0.0075	0.7320	0.5236	-2.6017	-1.8569	-1.1151	-1.3698	-0.2363	-0.7998	-0.8097	-0.9184	-0.2541	-1.8506	-1.5452	0.2974	-1.3349	-0.8120	-0.7283	0.1328	0.1884	1.1539	-0.8107	0.1201	0.4775	0.5339	-1.6947	-0.3410
-0.1489	0.2844	0.6817	0.4494	-1.6995	-1.2552	-0.6290	-0.0362	-1.2273	-1.3263	-0.1041	-0.6204	-0.1603	0.0207	-0.5050	1.0248	0.4209	-1.4338	-1.2233	-0.8635	-2.6315	-1.0221	-0.6626	-1.1954	0.6655	-1.0079	-0.4445	0.8575	-1.1061	0.2856	-0.5932	-1.3252	-1.8768	-0.9131	-1.3480	-0.2929	-1.9305	-0.3176	0.9868	-0.1410	0.2095	0.2499	1.1764	-0.5775	-0.3849	-1.2443	1.5197	-2.2792	-1.4934
-1.5497	1.0372	0.1526	1.7035	-1.2459	-0.1916	-0.3669	0.9553	-1.9205	-1.5857	-0.8466	0.8799	0.7790	-0.1982	0.7434	1.2227	0.4185	-0.8961	-0.8984	-3.0776	-1.5698	0.6744	0.3476	-0.7111	0.9248	-0.4631	-0.2153	-0.5050	-0.4755	1.2939	0.6140	0.3342	-0.9841	-1.1283	-0.3261	-0.4507	-1.9181	0.0536	0.7980	0.9462	0.9067	0.8984	0.1340	1.6615	0.2851	-0.1908	1.8943	-3.0950	-1.6472
0.0785	0.9166	-0.2104	1.5133	-1.3465	1.0192	-0.1415	0.1181	-1.5962	-1.3011	-0.2872	-0.5520	0.7058	-0.8304	0.3102	0.6739	-0.5403	-1.7040	-0.5552	-2.8890	-0.5695	-0.5006	-0.0054	-1.4571	0.8264	0.8667	-0.8708	0.7752	0.0285	1.2290	1.2265	-0.0981	-1.1055	-0.0344	-0.1546	0.2898	1.0306	0.8327	-0.0992	2.0276	0.3149	-0.4085	1.5140	-0.2196	1.3606	0.1009	0.4750	-3.2404	-0.6959
4.3783	1.1408	0.5841	0.9518	-1.1199	1.7891	-0.3739	-0.6232	-0.0136	-0.7186	-1.1743	-1.8247	0.4620	-0.4622	0.5230	0.1076	-0.4496	-0.4817	0.7943	-2.3853	-1.0609	-0.4721	-0.8512	0.2269	1.7547	1.0550	0.4929	0.7057	1.1999	0.9668	0.9961	-0.5375	0.7254	1.6822	0.3021	1.8808	0.8931	1.6448	0.1556	1.0350	-0.0357	-0.0066	2.2853	-0.7839	1.8432	0.2149	-0.0475	-3.0182	-0.4891
0.4507	1.5658	0.2409	0.7351	-0.8868	2.6613	-0.6441	0.1890	-1.7562	0.9195	-0.6555	1.6895	0.9212	-0.1910	1.0691	0.8140	0.5140	0.1071	-0.4025	-1.0846	-0.9041	-0.5374	0.2217	0.5303	2.1391	0.4318	-1.6027	-0.8503	0.5653	1.3317	0.9995	0.1872	-0.2307	1.0134	0.1380	0.0948	0.1022	0.5970	1.6889	0.7960	-0.0307	1.3457	0.6245	-0.1768	0.7323	1.1896	1.1269	-2.8431	-0.3738
0.5994	-0.5006	0.0758	0.2165	-1.1434	0.7703	-1.0949	0.2917	-1.7860	-0.4088	-0.7206	0.8268	0.2395	0.5260	0.8457	-0.1670	0.8170	-0.2179	-0.5117	-0.2520	-1.2676	-0.7494	0.5287	0.0712	1.2410	0.5918	-1.2189	-0.3699	-0.5392	0.2588	1.1949	-0.3969	-1.2849	1.1185	0.3624	0.0531	-0.1208	0.2524	1.3978	0.3749	-0.3769	0.7564	0.0899	-0.0755	-0.4477	0.0833	0.3005	-2.1055	-1.1952
1.7715	-0.4014	0.9532	1.2538	-1.7034	0.8648	-1.3749	-0.9046	-0.9309	-0.2231	-0.5877	-0.6466	1.4223	1.6034	0.0435	0.8509	1.8619	0.8886	-0.5033	0.3529	-0.9349	0.6140	-1.4750	0.6967	0.3744	0.5397	0.5659	1.5275	-0.1360	1.3653	1.4237	-1.0783	-0.7235	0.3947	0.3763	0.7472	0.1944	-1.8520	1.2780	-0.6192	-1.3812	0.0464	0.1930	0.2453	0.9948	-1.0525	0.5100	-0.6368	-1.8127
0.8369	0.0769	1.1482	2.2179	-1.7297	-1.2517	1.2972	-1.5971	-0.5906	-0.6699	0.0360	1.0860	1.3845	1.5811	1.0778	1.5370	1.4384	0.8066	-0.4858	0.0001	0.7925	1.7648	-1.9390	-0.1174	-1.3109	-1.2102	-0.3660	0.6617	-0.2686	0.4450	0.1604	-1.2203	-0.7201	-1.1032	-0.6222	0.3794	-0.0895	-0.1713	1.1267	-0.8485	1.8728	-2.0397	1.2095	0.8489	0.9419	-0.5570	1.3409	-0.0262	-1.8516
2.0115	0.7630	0.8448	2.3626	-0.5104	-0.8607	-0.8888	-0.2020	-0.1576	0.1448	0.3098	0.5722	1.5883	0.5349	1.5462	1.2073	-0.1608	-0.5404	-1.0567	0.7749	1.1030	1.2331	-0.8963	0.3399	-2.5169	0.1956	-0.7741	-0.1355	0.0446	0.7572	-0.8591	-0.8880	-1.1272	-1.0480	-0.5332	0.1906	-0.1162	0.3727	-0.5201	-1.9896	0.7007	-2.7189	1.5447	0.8164	0.7592	-0.4065	0.5219	-0.4034	-1.0436
1.7302	1.2019	0.5254	2.1705	-0.6637	0.7451	-0.6968	-0.6525	0.6404	0.5168	0.2815	1.5909	2.1711	0.5967	2.2103	1.5120	0.3134	0.7099	-0.8158	0.9254	1.2403	-0.1895	-0.2113	-0.3130	-1.5109	0.2148	-1.0224	-0.0242	-0.3254	1.7442	-0.9318	-0.5597	-0.2050	-0.4498	-0.5754	-0.1470	-0.2954	-0.3039	-0.8997	-1.7120	0.2990	-1.6589	1.5823	0.7335	0.6227	-0.0335	1.1784	-0.0267	-0.6880
2.6603	-0.5442	0.9824	1.2973	-0.8736	-0.1085	0.5897	-0.5047	0.7803	-0.9206	-0.3541	0.7458	0.8089	1.2787	0.9476	0.7813	-0.2341	0.8866	0.9587	0.5732	0.8959	-0.0757	-0.2304	-0.1407	-1.4908	-0.0140	-0.4457	-0.0460	-0.3287	0.0852	-0.0217	-1.2294	-1.1974	-0.0680	-0.8323	0.2120	-0.5094	0.0712	-0.5610	-1.4865	0.5198	-1.3015	0.8784	0.4773	-0.8298	-0.8928	0.8658	0.3439	-1.1430
3.1427	0.2588	1.8953	1.4135	0.0913	-1.0748	0.4712	0.9207	0.5454	-0.5764	-0.6880	-0.4513	1.4497	1.1324	1.5441	0.5012	-0.2956	0.6602	0.9420	0.9404	0.8101	0.0674	-0.1676	-0.8618	0.1497	1.2320	-0.8683	1.9686	-0.1233	0.5419	0.4618	0.2307	-0.6094	-0.2177	-0.9177	1.3790	-1.6294	-1.0889	-0.2415	-0.9309	-0.0694	-0.7252	0.7814	-0.0815	-0.3143	-0.7745	0.4661	0.7224	-0.3265
0.7927	0.9967	0.7321	2.1306	0.8859	-0.0080	1.0712	0.0738	-0.6954	-0.7500	-0.4381	0.3073	0.6604	0.4993	2.2194	0.8598	0.2930	1.7522	0.1379	0.0458	0.5447	2.5951	1.3882	0.2172	1.4757	0.3855	-0.2522	1.4147	-0.3658	1.0596	-0.1861	0.9380	0.3482	-0.0688	-0.4589	1.9097	-0.6333	0.2993	-0.1406	-0.3777	1.8812	0.4559	0.7822	1.4806	0.5415	-0.1922	-0.1310	1.2720	-1.2858
-0.4210	0.5541	-0.9672	0.7356	0.5342	0.7795	1.2618	-0.4322	-1.6703	0.9378	1.7964	-0.0513	-0.0666	-0.0653	0.0483	0.6153	-0.4517	0.1384	-0.3832	1.1242	0.7400	2.4626	1.4717	0.9368	0.3340	0.7463	0.0203	0.3854	-0.5274	-0.0343	-1.0683	-0.0495	-0.1236	-0.8974	0.9773	0.9628	1.9775	1.2630	-1.1352	-0.4314	1.3695	0.6467	1.3719	-0.4465	0.6820	-0.9919	-1.7996	1.2274	-1.0595
-0.5215	-0.5782	-1.2081	-0.8270	0.4744	0.7463	0.7314	0.0730	-0.4485	0.7546	1.4537	1.5708	-0.8807	0.2377	1.2290	0.2242	-0.5043	-0.4732	0.3961	0.9513	0.1067	0.3786	1.8455	1.1511	0.8364	0.5821	0.6499	-0.2697	-0.6571	-0.4605	-0.5310	2.1454	0.8345	-0.4558	1.6890	0.5633	1.1909	0.4852	-1.4225	0.7478	-1.1443	0.9149	-0.0759	-0.8434	-0.3940	-0.2432	-0.9731	1.2033	0.1057
-0.2417	-1.8773	-0.6669	-1.6624	-0.1862	-0.6747	0.5948	0.4461	-1.4426	-0.6898	0.3598	0.4082	-1.2214	0.5395	0.6097	-0.3172	-0.9912	-0.6859	1.1148	-0.1134	0.1279	0.7051	0.5779	0.6240	0.6683	-0.3204	-0.5520	-0.7190	-0.7553	-1.1914	-0.9989	1.4787	-0.6790	-0.6292	0.5766	0.8172	1.2522	-0.9045	-0.7596	0.0199	-2.5391	0.5614	-1.3655	-2.0241	-0.6355	-0.5682	-0.2335	0.1173	0.8291
-0.5817	-2.1738	-0.3782	-1.0556	-1.4035	-0.8625	1.3890	0.0034	-1.2003	-1.3822	-0.6354	-0.4550	-0.8584	-0.1561	0.8961	0.3258	-0.1042	-1.1865	-0.4347	-1.3657	0.0162	0.0215	0.4387	-1.3340	0.7587	-1.0397	-2.0456	0.0103	-0.6999	-0.9527	-0.6368	0.3920	-1.9888	-0.8256	-1.2472	0.6786	-0.6524	-0.7864	-0.6790	0.3324	-1.5301	-0.5647	-1.5577	-1.0856	-0.3661	-0.6181	-0.7422	-1.0396	-0.1945
0.8468	0.5705	0.2011	0.0187	-0.6936	-0.2697	-0.1110	-0.4033	-1.5563	-0.7079	0.3937	-0.1095	0.2416	-0.3819	0.5665	0.6107	-0.0792	-1.1244	-1.1186	-0.2677	-0.3923	0.3176	0.0773	-1.2341	0.9178	-0.5109	-1.2418	-0.1876	-0.9352	-0.5920	-1.2306	-0.9431	-2.0894	0.7408	-2.0788	1.3063	-1.8101	0.8171	-0.2075	-0.6563	0.5931	-1.2789	0.4900	-0.1337	0.2463	0.8005	-0.2825	-1.2730	-0.1204
0.8344	2.1672	-0.2044	0.5294	0.4030	-0.6160	0.5397	0.2546	-0.6333	0.7319	0.8914	0.8363	-0.4428	0.2737	1.1250	0.7885	-0.6251	-0.7569	-1.5812	0.7503	0.1931	-0.9897	1.2991	-0.8129	0.9526	0.8962	-0.1585	0.5647	-1.4354	-0.5341	-1.2543	0.3554	-1.4107	1.7491	-0.8644	1.4305	-0.7854	0.8337	0.5552	-0.1438	1.5057	-2.2355	1.3341	0.2169	0.1717	1.9226	0.5635	1.0675	2.0256
0.1208	2.6618	0.3739	0.1718	0.7444	1.3928	-0.4238	0.4919	0.0802	1.4731	0.5771	-0.5833	0.9127	0.0782	1.2203	0.6802	0.4494	0.9535	0.2318	1.7508	0.7450	-0.3052	1.4275	0.6596	1.7342	1.6809	1.0507	2.0080	-0.7044	0.6369	-0.2005	0.3504	0.6520	1.7038	1.2451	1.7403	1.8760	1.3005	0.3799	0.5413	1.5234	-0.1922	0.8582	-0.5793	0.4449	0.8362	-1.5000	2.2494	2.1919
-0.4446	0.7907	1.4847	-0.6843	1.8804	1.9268	-1.1192	0.0112	-0.4231	2.2723	0.3030	0.6640	-0.5653	-0.6540	0.7840	-0.9556	0.3488	1.1614	0.3010	0.1771	-0.3381	0.8789	0.5904	2.3264	0.9619	0.3501	2.1031	0.8848	-0.8727	0.3977	0.2323	-0.1719	1.7684	2.1854	1.4344	0.4567	1.4824	1.0312	0.5619	0.0225	1.6055	1.1945	-0.4845	0.6845	0.0120	1.6800	-1.5987	1.8238	1.7794
-1.3589	-0.9072	2.1516	-1.4115	1.5640	0.4541	-1.3304	-0.3418	0.3540	1.1142	2.0924	0.4792	-2.5344	-0.7473	0.5012	-1.6320	0.7610	0.0708	-0.2231	-0.8069	-0.5158	0.5238	0.1586	1.3721	-0.9335	-1.2178	2.4023	0.2765	-0.4773	0.0360	-0.0521	0.0421	2.3012	0.7235	0.0588	0.2214	1.1286	0.8925	0.8056	1.9664	0.1946	0.5088	-1.6808	1.2928	-0.6628	-0.0471	-2.3476	0.8430	0.1381
0.2442	-1.7742	2.0581	-1.5057	0.1122	-1.3974	0.1159	1.2849	1.5383	0.1108	1.6087	-0.6747	-0.9839	0.1905	-0.5991	-1.1900	-0.8960	-1.7183	1.0071	-1.2887	-0.8834	-0.9714	-0.0269	0.5192	-1.9409	-1.2256	2.2435	0.3779	0.1675	-1.2260	-0.9537	-0.4793	0.1622	-0.4859	-0.0349	-0.7754	0.6745	-0.8382	1.7722	1.4199	-1.2673	-1.1476	-1.5202	1.7615	-1.5239	-0.0272	-1.6281	1.0805	-0.2319
0.7018	-1.2817	0.8027	-0.3198	-0.0984	-0.5883	-1.3628	0.2835	1.0723	-0.0920	0.6698	-0.9057	0.8798	-0.6909	-1.7171	-0.7036	-0.7455	-1.8820	1.7271	-2.0002	-1.9137	0.1849	0.4222	0.3770	-1.6493	-0.2423	1.6077	-0.4377	0.8255	-0.2693	0.0682	0.4232	0.2710	-1.2441	0.4536	-1.6998	0.4775	-0.9175	0.0038	0.4378	-0.3198	-1.0526	-2.4348	2.4807	-1.6510	-0.1833	0.2529	0.1858	-0.5398
0.3509	-0.8198	0.4801	-1.7019	-0.5763	-1.1029	-0.4323	-1.7157	0.0785	0.4119	1.2227	-0.9762	-1.6225	-1.4493	-2.3501	-1.7473	-0.1555	-1.3667	1.1747	-0.5275	-0.3069	0.4638	-0.8660	-1.0548	-2.3726	-0.4097	-0.2873	-0.9592	1.2583	-1.5823	0.7139	-0.8083	-0.8450	-1.4818	-0.3405	-1.8292	1.5169	0.9479	-0.3578	1.7005	-0.4911	-0.7687	-1.0018	0.6564	-2.2768	-0.8138	-0.9691	-0.6906	0.8398
0.5492	-1.4616	0.2523	-1.4920	0.0081	1.0733	-0.0622	-1.3174	1.8631	-0.5406	-0.4259	0.5117	-2.4044	-0.1537	-1.4253	-1.4630	0.1818	-1.3926	0.1501	0.9722	0.3856	-0.5685	0.1406	-0.8112	-1.3639	0.5540	1.9887	-0.0858	-0.0744	-1.7055	1.1989	1.4333	-0.6315	-0.4760	0.3328	-0.6156	-0.8577	0.5680	-0.6205	1.1337	-1.5785	0.1136	-1.7340	1.3076	-1.6162	-0.5705	-1.8285	-0.7323	1.2383
0.6468	-0.7686	0.9931	-0.9103	0.2185	1.3326	-0.0331	-0.7809	2.0978	0.6413	-0.3813	0.4685	-2.4686	0.6452	-1.1604	-0.9409	2.3197	0.7394	0.8367	1.7252	0.5758	-0.7715	-0.5109	-0.0300	-0.3511	1.3551	1.5849	0.3897	0.1566	-1.3641	1.0098	1.9026	0.3304	0.0923	0.2146	0.0422	-0.5695	0.5846	0.9296	2.1731	-1.9387	1.1469	-1.3108	0.4870	-1.6926	-0.7426	-0.3871	-0.1930	1.2973
0.7855	-0.1145	0.4146	-0.7273	-0.3960	0.4848	0.5379	-0.9125	0.3402	-0.6226	-0.0076	0.4889	-0.3691	0.4809	-1.5138	-0.4957	1.7249	1.6840	0.5612	1.2939	-0.2576	0.2517	-1.3174	-0.2681	-0.0815	1.0939	-0.0741	0.5912	0.2574	-1.6068	1.2620	1.4137	-0.6985	0.0938	-0.9758	0.0531	-1.0299	-1.8484	0.9430	1.1175	-0.4384	0.1673	-1.0254	-0.1914	0.1118	0.0312	0.9801	-0.5441	-0.0009
-0.2942	0.0322	-0.5206	0.1382	-0.0049	-0.2103	0.1936	0.0761	-0.1409	-1.9216	-1.6734	-0.4440	0.5065	-0.2685	-0.3622	0.1391	0.6413	0.9480	-0.4325	0.0574	-0.2205	0.0766	0.6154	-1.1014	0.2804	1.0195	0.0357	1.1153	-0.3329	-0.2484	1.6588	1.1683	-1.3963	0.2847	-0.9043	0.4282	-2.2521	-2.1479	0.6806	-0.4278	0.4046	-0.1550	-1.5653	0.7345	0.4683	0.4552	1.2531	-0.8071	-0.4598
-1.5807	2.2058	-0.8009	0.3778	0.5087	1.7234	-0.5074	-0.3338	-0.7543	-0.4610	-1.5084	0.2716	-0.5510	0.5747	0.0209	-0.6806	0.6149	1.8212	-0.7011	0.0925	0.3296	-0.0350	0.9803	-1.5856	1.0927	0.4628	1.4701	0.6371	-0.0296	-0.1819	0.4259	-0.1085	-0.3591	-0.4499	0.4339	0.5386	-0.6694	0.8091	0.6929	1.6876	1.7212	1.2326	-0.8134	0.5504	2.0630	-0.4946	0.6751	0.3314	0.2114
-1.4415	1.3444	-0.8048	-0.1151	0.9523	1.3566	0.1209	-0.2250	-1.1862	0.9754	-0.3047	1.1610	-0.3384	1.0035	-0.9568	-1.0578	0.8601	1.3076	-0.8513	0.1836	0.9649	0.4086	0.9100	-0.7136	0.2869	-0.3756	1.6730	-0.5872	-0.3461	-0.0263	-1.5420	-0.4496	-0.0837	-0.7735	1.1081	0.0146	0.7499	0.9205	1.0781	1.2818	0.8390	0.6299	-0.1972	0.5346	1.4244	0.5303	0.0545	1.1526	1.2515
-1.1850	-0.2996	-0.6408	-0.4450	0.3401	0.7444	-0.7775	1.3664	-0.1866	0.7496	-0.9492	-0.3965	0.1706	1.4270	-0.8648	-0.7947	1.7421	1.6298	-0.6555	-0.0326	2.1748	0.5617	0.3472	-0.8252	-0.1376	-1.3536	1.2875	-0.6886	0.9923	0.8699	-0.9361	-1.4065	0.6159	-0.1781	0.8698	-0.0256	0.1330	-0.0621	0.1907	0.4320	0.0941	1.1148	0.2454	0.7721	1.3017	-0.3891	-1.5221	0.7923	0.3130
-0.5580	1.8907	-1.6109	-0.4658	0.5747	0.3991	-1.5531	-0.2995	0.4712	0.6839	0.7331	1.8201	0.2470	1.2877	0.4961	-0.0258	0.9791	0.3624	-1.5062	1.0016	0.5357	-0.7351	-0.1823	0.8701	-0.7705	-1.6980	0.7538	-0.5498	1.1256	0.1173	0.3725	-0.5788	1.3635	0.9627	-1.2070	-0.3267	0.8954	-0.3167	0.0074	0.4704	0.5272	-0.6649	1.9163	1.2262	1.7907	0.3008	0.3063	-0.0784	-0.1665
0.1901	1.9535	-1.7401	0.2738	0.8543	0.7080	0.0258	0.5538	-0.4720	1.5639	0.2741	1.3476	-0.2289	0.1164	-0.1054	0.0610	0.7460	-1.0002	-1.5249	0.2156	-0.3332	-0.3238	0.1506	1.8804	-0.4620	-0.6019	0.3876	-0.5632	0.0230	-0.0367	-0.2409	-0.2118	0.1112	-0.0356	-1.8806	0.1902	0.8655	0.1368	1.2156	0.4007	0.6595	-2.3731	2.4962	0.6904	1.6841	0.3890	2.2027	-0.3801	0.1662
0.9177	1.1105	-0.9913	0.7960	1.2839	0.8754	-1.3951	1.1422	0.5295	1.0805	0.0464	-0.5219	-0.6875	-0.8949	-0.0890	-0.9533	1.8264	-1.0565	-1.8831	0.9723	-0.0020	-1.4234	1.2392	0.4755	1.5106	1.0496	-0.2083	-0.0007	-0.3970	0.8999	-0.6581	1.0738	1.0988	-0.8938	-1.2865	0.7466	0.3180	1.7632	1.7515	0.7969	1.6473	-0.9168	2.4565	-0.0456	1.4544	-0.3008	0.9498	-0.4186	0.2328
-0.2593	0.3546	-0.4870	-0.2146	0.5228	-0.7577	-0.2699	0.8293	0.4935	0.1703	-0.0430	-1.2176	-0.8782	-0.4569	0.0070	-1.3542	1.8263	0.7547	-1.4078	0.9679	0.6706	-1.1275	0.4428	0.4223	2.1146	1.0319	0.8482	-0.1851	-0.3544	-0.9826	-0.3314	0.8950	2.0016	-0.8103	0.0281	1.9109	0.2403	0.4989	1.1292	0.0819	1.0572	0.5621	1.0707	0.2297	2.0362	0.2071	0.1628	0.2823	-0.3983
0.5045	-0.7929	-0.8608	-1.3983	0.0524	-1.4437	1.7637	1.0438	0.5312	0.6913	0.0076	-1.0684	-1.1260	-0.0586	-0.0404	-0.7110	-0.3453	0.6735	0.2463	0.6595	-0.2305	-0.5902	0.0201	1.7052	0.1166	0.8713	-0.2319	-0.6229	0.5030	-1.3901	-0.0908	0.0625	-0.2469	-0.6692	-0.3942	1.1343	0.5873	-0.3644	1.2597	0.0482	-0.8685	0.1884	0.5554	-0.8713	0.4747	1.1778	0.2517	0.7282	-0.2709
1.4082	-0.6585	-0.9910	-0.7912	0.3818	-0.4379	0.6876	1.2792	0.6423	0.1672	-0.1754	-1.7927	0.3633	0.3577	-1.0519	0.1339	-0.3017	0.0215	0.3867	0.7130	-0.1799	-0.8748	-0.4797	0.5106	-0.6540	1.8632	-0.1442	0.3907	0.7310	0.8068	0.5067	-0.8637	-0.7741	-0.0398	-0.2488	0.4587	-0.1786	-1.2776	0.5711	-0.9372	-0.0268	0.0055	0.3248	-1.4627	0.1597	0.1548	0.8447	0.5600	-0.8347
-1.4715	-0.7462	-0.7635	-0.1606	-0.2231	-0.3735	1.7981	1.0865	0.1070	-0.0114	-0.5449	-1.0250	-0.2251	-0.2699	-0.1060	0.5670	-1.0683	1.1341	0.7952	-1.1762	-0.6156	0.5947	-0.6747	0.6397	0.2182	-0.4235	-0.8120	-0.7846	0.6321	0.7811	1.4739	-0.0129	0.1871	0.1631	-0.9857	-0.4275	-1.0381	-1.2804	0.6699	-0.6311	1.7562	-0.3317	-0.4704	0.0740	-0.3691	0.1432	2.1507	0.1608	-1.1253
-2.1320	-1.2983	-0.2380	0.4957	-1.8085	-0.9754	0.8307	0.4167	-0.1957	-0.2224	-0.9453	-2.1338	-0.7682	-0.6690	-0.5352	0.7214	-1.1896	0.1693	0.1526	-1.5426	-1.4067	-0.1068	-0.2107	-0.4501	0.1786	-0.9968	-1.5830	-0.2873	0.3826	0.3918	1.4798	-0.2089	-1.2228	-0.5053	-1.5916	-0.6401	-0.0661	-0.4216	0.3680	-1.0547	0.8297	0.1608	0.0313	-0.5252	0.4238	0.2584	0.8100	-0.5910	-2.0717
-1.6522	-0.1780	-0.3856	1.2748	-1.1833	-0.0523	-0.1652	-0.5684	0.3828	-0.8591	-0.1834	-2.2228	-0.5676	-1.2866	-0.3738	0.5646	-0.6307	-0.5989	-0.8541	-0.6243	-0.3839	-0.9844	0.4106	-1.7056	0.4762	-0.1121	-0.8368	1.2961	-0.2909	1.6449	0.6623	-0.6900	-0.3050	-0.2634	-0.8402	-0.6978	0.4446	0.7979	-0.8082	-0.9124	0.4177	0.6566	0.5099	-0.5682	1.5200	0.2872	-0.2205	-0.2654	-1.1166
-1.8680	-0.7380	-0.4303	0.0137	-0.1888	-1.6445	1.0159	-0.6464	0.1202	0.7803	-0.0901	-0.6097	-1.3754	-2.0453	-0.7693	0.1686	-1.1888	-0.2923	-0.7467	-0.5458	1.1279	0.2628	-0.4889	-0.5337	0.0829	-0.1545	-0.6595	-0.3112	-0.7745	0.2418	-0.7873	-0.4431	0.3425	-1.0278	0.2979	-0.2497	0.1355	0.6287	-0.4246	-0.0111	0.0378	0.4332	-0.2676	0.1022	0.5264	0.2607	-0.7171	0.8081	0.0566
-2.0395	-1.5423	-0.2940	-0.9250	-0.2419	-1.2731	0.5562	-0.3447	0.4897	0.5207	-0.3297	-1.6212	-0.7353	-2.4899	-2.0164	0.2651	-1.6069	-0.9864	-0.9746	-0.2327	0.8524	0.1000	-0.5960	-0.3809	-0.3458	0.3742	-0.6102	-1.1826	-0.5901	0.1819	-0.8035	-1.0386	-0.2023	-0.6767	0.8762	0.0302	0.5182	0.3476	-0.3648	-0.8398	-1.1830	-0.2095	-0.8881	-0.5753	0.3484	0.0932	-1.9096	0.5446	-0.1617
-1.9372	-0.6016	-0.4446	0.2414	0.0673	-0.0648	-0.6338	-0.2370	0.7295	-0.3999	-0.0568	0.1725	0.7369	-1.2925	-0.9685	0.5700	-0.7896	-0.1677	-0.5838	-0.3205	0.4161	-1.0652	-1.4280	-0.5953	-0.4401	-0.9720	-0.0325	-1.0644	-0.0631	0.0137	0.1446	-0.5128	1.8023	0.4146	1.0834	-0.4605	-0.5216	-0.0545	-1.0784	-1.1342	-0.4967	0.9112	0.0359	-0.7046	0.1683	0.9096	-0.6713	0.4693	0.2935
-0.6783	-0.3715	-0.3258	0.5318	-0.0936	0.1662	-0.8681	-0.2760	0.4608	-0.2059	0.3868	0.5489	0.5978	-0.8685	0.2770	0.7401	-1.3938	-0.9107	-0.9519	-0.8329	0.3432	-1.5472	-1.3702	-0.0625	-0.8071	-1.2601	-0.2138	-0.2122	-0.3058	-0.1449	0.4666	0.0405	0.7543	1.0444	1.1149	-0.7656	-0.2295	-1.1582	-0.5944	-1.0699	-1.2169	0.9873	-0.4742	-1.0154	-0.5308	1.3902	-0.2421	0.0353	0.2156
0.1349	1.3464	-0.0952	0.2190	0.1299	0.4592	-0.4152	0.1121	0.9755	1.1936	0.9130	0.4084	0.1492	-0.1217	1.4193	0.4363	-1.1922	0.0575	-0.5489	-0.2958	-0.1059	-1.6281	0.1162	0.2686	-0.8830	0.4129	-0.0853	0.6184	0.1859	0.5162	0.6110	0.9965	0.6056	0.6915	0.9998	-1.0491	-0.7012	0.2151	-0.8013	0.5216	-0.4467	0.0072	-0.3355	-0.2898	-0.1835	0.4373	-0.4682	-0.4616	0.0014
-1.4843	0.8587	0.2392	0.2111	0.8038	0.8642	-0.1722	-0.4648	0.1666	-0.1641	-0.1774	0.7764	0.4598	0.1794	0.0545	0.0616	-0.2256	1.5694	1.3768	-0.4112	-0.1449	0.5571	0.5293	0.7035	-1.4174	0.2879	0.2353	-0.2957	0.3741	0.9053	-0.4355	1.0733	0.8286	-0.0465	0.5790	-0.8129	-0.9853	1.2481	-1.1076	-0.0538	0.3861	0.8964	-1.0516	0.3412	-1.1111	0.3782	-0.3848	-0.2529	0.7888
0.0002	-0.8694	-0.1152	1.3289	0.5533	0.2028	-0.3340	-0.0187	0.2550	-0.8257	-1.1479	0.6000	1.6631	-0.0564	0.2810	0.3097	-1.1309	0.2389	0.9335	-0.3913	-0.6831	-0.6927	0.1177	0.0237	-1.9592	0.3246	-0.8939	0.1404	-0.2683	0.5531	-0.6255	0.9959	0.0292	0.0097	0.4197	-1.1659	-0.5543	0.1492	-1.2851	-0.7382	-0.8051	0.5907	-0.9194	-0.4004	-2.2107	0.1804	-0.4785	-0.4058	0.3593
1.1085	-0.8336	0.3299	1.1245	-0.2796	-0.9709	-0.7913	0.4146	0.5012	-0.6937	-0.6730	-0.3778	1.4463	0.2099	0.5805	0.0144	-0.4818	-0.3077	0.4439	-0.4670	-1.5233	-0.9866	-1.0831	-0.5335	-0.9642	0.3396	-0.3558	0.4193	-0.0035	-0.1783	-0.3538	-0.1406	0.4237	-0.1498	0.9764	-0.8927	-0.1204	-1.6474	-0.6178	-0.2453	-1.2859	-0.8249	-0.4486	-1.1036	-1.7048	-0.1257	0.9225	-0.4905	-0.3226
0.8167	-0.5375	0.4868	0.8675	-0.0675	-1.2896	-0.2589	0.2735	-0.0275	-0.6510	-1.1638	-0.2610	1.1597	0.3940	-0.2180	0.3024	-0.3611	-0.1352	1.2802	-1.1196	-0.3135	0.7752	-1.1005	1.2452	-0.8440	-0.0019	-0.3938	-1.1345	1.1710	0.3420	-0.4186	-0.8270	0.4492	-0.3402	1.3655	-1.2076	-0.2321	-1.2491	0.0668	-0.2871	0.5953	-0.2782	-0.9082	-0.0306	-1.5975	0.7783	1.6089	-0.4447	-0.6981
0.3014	-2.1114	0.0981	0.5882	0.1081	-0.4688	0.8958	1.0351	0.6186	-0.9574	-1.0229	-0.8289	0.6317	0.4742	-0.2599	0.3980	-1.4753	-0.9301	0.7188	-1.1239	0.4486	-0.4549	-0.7912	-0.4487	-0.8461	0.2043	-0.9288	-0.6624	1.8350	0.5134	-0.3547	-0.9844	0.1949	-0.6158	1.0278	-0.7439	0.9090	-0.0060	-0.6688	0.6130	0.1478	-1.3114	-0.4320	1.6534	-1.2231	-0.4998	0.5594	-0.4152	-1.2744
0.3559	-1.1966	0.0839	-0.4515	0.7122	0.3232	-0.1546	0.1571	1.1779	-0.5910	0.9852	-1.8997	0.2593	-0.1814	-0.5737	0.1157	-0.7478	-0.1978	0.3970	0.0728	0.5854	-0.2867	-1.0981	-1.4619	-0.6185	1.1387	-0.9907	0.0812	2.0267	0.4785	-0.1096	-1.4310	1.1930	-1.6391	0.7477	0.4321	1.1060	0.4132	-0.4393	1.2686	-1.0314	-0.9891	-0.2809	0.8259	-0.3034	-1.4616	-1.3209	-0.0703	-0.0433
0.3506	-0.3330	-0.3261	-1.2753	1.0726	0.0934	2.0453	-0.1467	0.9907	-0.6797	0.3505	0.7064	-0.5666	0.2998	0.4299	-0.2623	-1.8229	0.3706	0.4061	0.1955	0.1840	0.3956	0.2072	-0.3988	-0.8303	-0.1041	0.0487	-0.2684	1.1060	-1.6256	0.0940	-0.4283	0.5199	-0.8768	-0.0139	0.6992	-1.0058	0.0857	0.4522	0.0443	-1.0239	-1.2473	-0.8487	0.2167	-0.3924	0.3675	0.0036	0.6831	1.2513
0.9819	0.1917	-0.0801	0.0131	1.5931	1.6196	0.8232	0.6690	1.1310	-0.5865	-0.6015	0.0868	1.3164	0.8523	1.1644	0.0754	-0.9857	-0.1291	0.8754	0.8338	0.9245	-0.0600	1.0257	0.3025	-0.4382	0.7761	-0.1918	0.5410	1.3653	0.3670	0.7758	0.7925	0.4699	0.1049	0.1055	0.1090	-1.5054	-0.8893	-0.5268	-0.0101	-2.2249	-0.9408	-1.0296	-0.2037	-1.2761	-0.3552	1.2955	0.6676	1.6386
1.1484	1.6336	0.0548	0.1306	2.3696	0.6414	-0.0107	-0.0749	0.9419	-0.0166	0.1382	0.9335	1.8582	1.6585	1.6732	-0.2123	0.6596	1.4947	2.1363	0.9254	1.2007	0.5145	0.0408	0.5480	-0.2497	0.8942	0.2282	0.3213	1.8929	1.2341	1.6818	0.3870	2.3277	1.2194	-0.3528	-0.1350	0.0903	1.2084	-0.7026	0.7895	0.0317	0.9619	-1.0175	0.9177	-1.5469	-0.7821	1.3984	0.7182	1.7169
1.2499	0.5333	0.7254	-0.7946	1.0094	-1.6161	0.0012	0.5542	-0.4360	0.3465	1.1539	0.1601	0.1363	1.5395	0.9591	-0.8147	-0.3830	0.7651	2.0754	-0.5104	-0.3306	0.6093	-1.2805	0.7462	-0.2500	-1.2080	0.5884	-0.7487	1.2512	-1.0791	0.8781	-0.8013	1.6384	1.7929	-0.3458	-0.6714	0.8468	0.3276	0.6839	0.2030	0.7955	0.5202	-0.7065	0.0686	-1.3808	-1.5865	0.8544	0.3084	0.1011
1.6372	-0.8206	0.4717	0.5865	0.2563	0.4938	-0.4465	0.1697	-2.1326	0.4192	0.0418	-0.1284	1.4602	-0.1305	-0.3503	0.7729	0.3698	0.2457	0.8901	-2.4087	-1.6561	1.9915	-0.9564	1.3676	0.4593	-1.8605	0.1948	-1.1800	0.9625	0.2028	0.5825	-0.2507	0.5785	1.5956	0.1104	-1.4390	0.2476	-1.2595	0.7134	-1.6679	0.5401	1.5256	-1.0587	-0.2762	0.4952	-0.1812	1.1974	-0.4270	0.1365
-0.5807	-2.4260	-0.1312	0.5858	-1.1408	-0.7420	1.4182	-0.4273	-1.9484	-0.6801	0.5395	-0.0691	1.1633	-0.8651	-0.8921	1.3614	-0.1501	-0.2835	0.1907	-2.4211	-0.6913	0.8989	-0.8537	-1.5563	-0.1399	-2.6066	-0.4902	-0.4114	0.3976	0.2965	0.5989	-1.2793	-0.7647	1.3582	0.0778	-1.6693	0.7317	0.9681	0.3548	-0.4291	0.5875	0.7222	1.0427	-0.2622	1.3955	-1.1984	-0.0336	-0.7287	-0.4926
-0.8183	0.7943	0.2372	0.3784	-1.5012	-1.2510	-0.4638	0.0915	-0.4798	-0.6034	-0.0143	0.3521	0.8890	-0.8337	-0.0052	1.1552	-1.3791	-0.4232	0.1101	0.2372	-1.0146	-0.4063	-0.7976	-0.5581	-0.0235	-1.2555	-0.2143	0.2734	-0.8577	0.5548	0.0554	-0.7948	-1.3071	1.5430	-0.2613	-0.1006	0.2378	1.1334	-0.5358	-0.3850	0.5344	0.0783	1.9322	-0.7222	1.1777	-0.4220	1.0976	-1.0437	-0.9288
-0.1462	1.5260	-0.0678	0.8856	-1.2114	0.9545	-0.9530	0.3719	-0.1715	0.5462	-0.9404	0.3903	1.7055	-0.8745	1.4130	1.2929	-0.3466	0.5440	0.3377	-0.3214	0.6180	-0.6272	-0.4460	-0.3841	0.2899	-0.2690	-0.8117	0.6204	-0.4505	2.7590	-0.5967	-0.4626	-1.2568	0.8317	-0.6903	-0.6357	-0.4233	0.7023	0.6482	1.1914	0.6747	1.2459	1.5950	-0.2146	0.4174	0.3803	0.7934	-0.1796	-0.1259
0.4132	0.7488	0.0773	0.6437	-1.2222	-0.0433	-0.3367	0.2328	-0.2392	-0.5322	-0.9442	-0.1189	1.0655	-0.3974	1.4422	1.4146	0.1757	0.3193	0.2761	-1.1789	0.4127	-0.3273	0.4876	-0.7871	0.5445	0.4048	-0.2366	0.7881	0.3253	2.0021	-0.3357	-0.9668	-0.9719	0.8829	-0.7044	-0.6330	-0.4574	1.3732	0.9118	1.1188	1.8250	0.5591	1.8009	0.1530	-0.0692	0.4308	0.8024	0.2277	-0.2833
0.9414	1.7853	0.2914	0.3294	-0.7093	-1.2995	0.7742	0.0336	0.3549	0.4244	-0.5294	0.3506	0.3183	1.3478	1.0034	1.0737	1.0417	0.5486	0.9052	0.4042	0.2687	0.3019	-0.5009	-0.4004	0.7668	1.1356	0.1955	0.6034	1.3117	0.8707	0.9235	-0.5563	0.7929	1.1753	-0.0503	0.2687	0.2968	-0.1352	0.5673	0.4581	0.7189	0.1298	1.5162	-0.4101	0.2914	-0.4012	2.3824	0.8493	0.8659
-1.1372	0.5732	-0.1067	0.2085	-1.7647	1.3365	1.1405	-1.2017	-0.1727	0.1781	-0.2847	0.4089	0.9492	1.7943	-1.0093	1.3351	1.2551	-0.0075	1.0548	-0.2851	1.0651	1.6914	-1.7247	0.0493	0.6774	-0.9796	-0.2162	-0.4332	1.6639	1.1958	1.3531	-1.1297	0.2575	0.9014	0.6208	-0.2033	2.2508	-1.1547	-0.2647	0.0608	0.7960	1.1067	0.7005	-1.0259	0.9645	-2.1515	-0.0825	-0.0098	-0.8228
-0.5709	-0.4191	0.0410	-0.1772	-1.3573	0.5466	-0.0857	0.0392	-0.6219	-0.6759	0.1681	2.2068	0.7599	0.2118	-0.1883	1.0517	-0.4988	-1.1255	-0.1091	0.3450	-1.1813	1.3082	0.0431	0.8942	0.4574	-2.0409	-0.7261	-0.6962	0.0510	-0.5986	0.5511	0.2912	-0.5934	1.7669	0.4659	-0.0515	1.1080	-1.0144	-1.9536	-2.0875	-0.1264	-0.4558	0.8616	-1.2970	0.3855	-0.1123	-0.8729	-0.7218	-0.8323
-0.2990	-0.0680	0.9718	0.4212	-2.5556	-0.3781	-0.6576	1.1850	-0.3735	-1.2235	-1.5306	0.6903	0.7358	-0.5466	0.3347	1.3170	0.7291	0.1172	0.9410	-0.2207	-1.5757	0.3661	0.1814	1.0554	1.1782	-1.1818	-1.0303	0.0080	-0.5693	-0.7653	-0.2127	0.3702	-1.2720	1.4585	0.6353	0.2261	-0.5543	0.9156	-1.1386	-1.0972	-0.2405	1.6228	0.0177	-1.9136	-0.2386	-0.0985	-0.3943	-0.7613	-0.0621
0.3422	-0.3535	0.8340	1.1694	-2.0419	-0.6259	0.5738	0.7048	-0.9325	-1.3137	-1.2074	0.6822	0.6945	-0.7249	0.1381	1.5435	-0.6352	-0.8739	0.4162	0.0185	-1.2620	0.4904	-0.5241	0.5580	0.8927	0.0251	-1.6708	0.0198	-0.7534	0.1272	-0.6724	0.2508	-2.1223	1.7519	0.2060	0.0893	-0.4198	-0.7836	-0.4543	-0.9826	0.0638	0.6309	0.8937	-1.8261	0.3079	0.6061	0.9075	-0.8756	0.0025
-0.1402	0.0298	0.6958	1.4551	0.1396	-0.2823	0.2393	1.2733	-0.3343	-0.8939	-1.8171	0.6991	0.4215	-0.7942	0.6124	1.7664	-0.7886	-1.3028	0.0703	-0.1596	0.3890	1.0590	1.0271	-0.3327	0.8634	0.7459	-1.1597	0.2532	-0.2320	1.3301	0.5644	0.0630	-1.8796	1.9441	0.1285	0.5722	-1.5519	-0.4962	-0.2285	-1.0912	0.7646	-0.1241	0.5167	0.6427	0.1678	1.3410	1.3146	-0.2893	-0.2518
-0.0893	0.8234	0.1178	0.1671	0.3640	-0.2528	0.8818	0.3765	-0.4346	0.3689	-0.3145	0.0057	0.4572	-0.8472	0.2791	1.0795	-0.2021	0.2319	-0.2635	0.8621	1.9229	2.1929	-0.1959	-0.1277	0.7560	0.5075	0.0721	0.9095	0.0625	0.1374	1.8140	-1.9538	-0.9487	1.4686	-0.0760	1.6054	0.6063	1.2122	-0.1345	0.1607	0.2752	0.5978	0.5651	0.1761	1.6039	-0.6128	-1.1138	0.3572	-0.4596
0.4736	-0.4535	-0.7441	-0.5327	-0.3269	-0.3397	2.2522	-0.1552	0.0580	1.2692	0.3609	0.2610	0.1377	-0.7970	1.2670	0.7473	-0.9020	0.6797	-0.4980	1.0011	0.6960	1.7302	0.2535	1.2578	0.0896	-1.0995	1.5719	0.6115	-1.3580	-0.7102	0.9185	-0.7927	0.0167	1.2121	-0.1487	1.0250	0.7147	1.0011	1.1201	-0.2500	-0.2470	-0.5912	-0.3908	0.6254	1.4940	0.6408	-1.3856	1.3344	0.4340
1.3510	-0.3824	-0.5905	-0.1166	-0.9444	0.1874	-0.0500	-0.0133	0.8107	2.3044	0.8972	-0.4386	0.5196	-0.6223	1.6033	1.0969	0.0338	1.2001	-0.5795	1.5201	0.2027	0.5485	2.2308	1.2482	0.5270	-0.1177	0.5632	0.6696	-1.8782	1.0429	-0.5823	1.0658	0.3721	-0.6099	0.3449	0.8773	1.1781	0.8462	0.8397	0.2020	-0.6282	-0.9819	-0.7309	0.4533	0.7506	1.7610	-1.1231	1.9305	0.4028
1.3185	0.2487	1.1426	-0.8611	0.0167	-0.8874	-1.5540	0.0313	0.9297	0.2470	1.7450	0.6166	-0.7474	-0.7922	0.2632	-0.3476	1.0557	0.4749	-0.9124	0.8412	0.4587	0.3420	1.8747	0.1676	0.3147	0.7344	0.1149	0.9264	-1.5514	0.1176	-2.4888	0.6283	1.5402	-1.5059	1.0364	0.2155	0.8844	1.4415	0.5570	-0.7408	-0.2968	-1.3026	-0.4400	1.0026	-0.6641	0.8129	-1.3540	1.5245	-0.4694
1.6194	0.3577	2.0464	-1.1526	0.1347	-0.5906	0.8027	-0.7980	0.2220	0.2359	2.4986	1.6237	-2.4370	-0.7471	0.0893	-1.0233	1.8192	-0.1228	-0.8794	1.3359	0.8149	1.2287	0.9143	-0.4658	0.3943	0.4249	-0.0747	0.4550	-1.3940	-1.0019	-3.0223	0.0855	1.3735	-1.7505	0.2837	-0.1423	0.5138	1.6475	0.3248	-0.4434	0.4120	-0.5108	0.0595	0.6476	-1.0556	0.5559	-1.3920	0.9504	-1.0730
1.1412	0.0532	2.0300	-1.3610	-0.6445	0.3567	0.0662	-0.1323	0.0413	0.9445	1.5062	0.3454	-2.0016	-0.0968	0.3786	-1.6350	0.9322	-0.6382	-1.3001	1.8518	-0.4424	0.3286	2.1292	-0.1307	1.1304	0.8042	1.2352	0.0862	-1.7246	-1.4732	-2.6903	2.0551	-0.7462	-2.6560	-0.5940	0.8556	0.5057	-0.8304	0.6794	0.1386	-0.3881	0.0039	-0.3902	-0.7425	-0.5256	0.8860	-1.2729	1.0930	-1.1805
0.3172	0.5505	2.5395	-1.2846	0.3313	0.0668	-0.7703	-0.2826	0.2726	1.0686	1.1936	-0.2275	-1.9578	-0.4463	0.2799	-2.5335	0.4262	-0.4770	-1.0817	2.2570	-1.8913	-0.2578	2.7194	-0.3113	2.0552	2.2309	1.7085	0.4566	-2.4969	-2.1663	-2.1719	3.8202	-0.6017	-2.0266	-0.7618	1.1148	-0.3773	-1.8406	-0.3203	0.1294	-0.6020	0.2626	0.0106	-0.9516	-0.2546	1.3731	-0.2095	-0.0017	0.2273
-1.1511	1.0019	2.2969	-0.6259	0.3543	-0.8900	-0.8040	-1.7925	-0.1508	-0.0326	1.5663	-0.6172	-1.8204	0.2835	-0.3444	-2.1553	1.6382	-0.1535	-0.5287	1.4962	-1.0153	-0.1139	1.6705	-0.1363	1.5688	1.0590	1.0551	0.1879	-2.0057	-1.7779	-1.3311	2.5654	0.0848	-2.6185	-0.6895	0.7776	-1.1389	-1.2944	-0.3890	0.0682	-0.7699	1.8231	-0.7667	-1.3606	-0.1956	1.0536	-0.8053	-0.5702	0.4733
-0.9338	-0.8493	0.1566	0.2064	1.0301	-0.2729	-1.8078	-1.8090	0.6310	-0.2820	1.6141	-0.1022	-1.9919	0.3440	-1.1665	-1.9013	0.1766	-1.2006	-0.6087	1.4601	-1.4049	-0.8990	2.3057	-0.0695	0.3821	1.3874	0.9500	0.3330	-2.2985	-0.9609	-0.8509	2.4275	-0.4032	-1.5909	-0.4316	0.0987	-0.5241	-0.3483	-0.8201	-0.9248	-0.9227	0.0107	0.0380	-1.4415	-0.8520	0.2515	-1.2099	-0.9021	-0.0835
-0.7104	-0.5251	-1.3847	-0.0315	1.7031	0.4070	-2.1849	-1.9604	1.2017	-1.5793	0.3668	-0.6042	-2.1102	0.1559	-0.7513	-1.5130	0.8622	-0.0042	-1.1659	0.9384	-0.1862	-1.9616	1.6770	-1.3977	1.1010	1.5366	0.7777	1.0405	-1.9543	0.0140	-0.9635	1.1986	0.2742	-0.9845	0.4515	0.2435	-0.4817	0.2447	-1.1499	-1.2002	-0.7215	0.9905	0.1469	-1.5881	-0.3150	-0.6050	-1.3041	-0.3055	0.0016
-0.3192	0.0661	-1.9942	-1.2289	2.0768	-0.9829	0.5439	-0.0748	-0.1816	-0.6958	0.8519	0.2449	-2.1202	0.2662	-1.3482	-2.2223	0.6378	0.4053	-1.3855	0.8487	-0.0670	-2.0785	-0.4009	-0.6658	0.2604	0.3062	-0.1318	-0.1065	-1.1312	-2.2842	-2.1225	-1.0580	0.0894	-1.3125	0.0572	-0.3957	-0.2323	-0.8977	-1.2772	-0.7041	-0.2088	0.3547	0.7275	-0.3909	-1.0748	-0.5160	-0.8400	-0.0778	0.4900
0.7928	-0.2257	-1.4418	-1.1474	2.4277	-1.4645	0.4604	0.0444	0.7683	0.2228	0.4389	0.8835	-1.3278	0.8755	-0.7078	-2.1848	0.1191	-0.3267	-1.1671	0.7452	-0.0648	-1.6666	-0.3056	0.3544	0.9350	0.9178	0.7859	-0.4835	-1.1312	-3.4676	-1.8582	0.3410	1.2095	-1.8986	0.8129	0.4399	-1.5718	-1.7692	-1.9185	-0.0727	-1.0986	-1.4534	-0.8386	1.7576	-1.3375	-0.1019	0.0427	0.2705	0.6083
0.3581	-0.1700	-1.0957	-0.5476	1.1875	1.2507	-1.0591	-1.6276	-0.0655	-0.0119	-1.2699	-0.1563	-0.1025	2.4335	-1.2470	-1.3021	0.6970	-0.2645	0.5171	-0.3108	1.1290	0.3799	-0.1540	1.3112	0.7450	-0.0441	-0.3708	-1.8153	0.6607	-0.9005	-0.0930	0.5034	0.5590	-2.0060	0.7220	0.2287	-1.2264	-2.1660	-0.5784	-1.4112	-1.3706	0.6495	-2.0632	2.2158	-1.0494	-0.0012	0.3452	0.2674	0.3728
-0.8179	-1.2433	-1.1428	-0.8528	-0.3701	0.1386	0.7118	-0.3792	-0.7719	-0.6878	-2.2824	-0.8306	-0.5472	2.2184	-1.9171	-1.1800	0.4165	-1.0128	1.0346	-1.2577	1.3801	-0.2310	-0.6053	-0.1268	-0.7662	-1.0355	-1.2621	-1.2933	1.7820	-1.9579	0.6080	-0.2348	-0.9351	-1.8018	0.1006	-0.5103	0.2058	-0.5720	1.0968	-0.2875	-1.4475	-0.1761	-1.2904	1.8198	-0.6160	-2.5353	-0.4370	-0.4341	-0.1667
-0.5915	-0.5276	-1.1977	0.2125	-0.2551	2.0920	-1.2710	-1.0803	-0.2694	-0.2459	-0.8501	-1.1713	1.1388	1.7296	-1.3598	-0.8225	1.8094	-0.5792	1.0475	-0.6376	2.5383	0.0031	-1.1030	-1.1892	0.2538	-0.1930	-0.6267	-0.2479	1.8749	-0.9808	1.4547	-0.2959	-0.2977	-1.5754	0.7067	0.2510	0.0911	-0.5641	-0.5478	1.5870	-0.8183	-1.4569	-1.1243	0.8070	0.7952	-3.0633	-0.4602	-1.0877	-0.5867
0.5448	-0.0091	-1.4767	0.1584	0.5842	0.6029	-0.3324	-1.7074	-0.4443	1.2841	1.0060	-0.1150	-0.2331	1.5732	-1.6038	-0.3663	1.1333	-0.7953	1.1252	0.6290	2.8794	0.2468	-1.7599	-0.6573	-0.7553	-0.0291	-1.4277	-1.5759	1.7227	-1.1878	1.5064	-1.6204	-1.2350	-0.5555	0.1610	-0.2254	0.6595	-0.0490	-0.1873	0.9906	-0.3628	-1.9466	0.9088	0.2779	-0.1903	-2.2213	-0.1608	-1.1117	0.4299
1.3038	0.8414	-0.7794	0.2042	0.3180	-0.0082	-0.4597	-1.2046	0.1643	-0.8430	0.5116	0.5500	-0.2718	0.7001	-0.3375	-0.4130	-0.0590	-0.9429	0.3365	0.2138	0.7958	-1.2793	-1.0121	-1.0938	-0.4185	-0.7153	-0.4514	-0.6160	1.6170	-0.5382	1.4773	-0.9746	-0.3515	0.9923	-0.7512	0.0237	-0.8916	-0.4103	-1.0723	-0.7349	0.0668	-1.4557	0.6425	0.9225	0.3394	-0.5481	-0.5430	-1.2099	-0.2149
-0.0113	1.9621	-1.0745	0.2739	0.1834	1.2587	-0.1092	-1.0008	-0.7126	0.4565	0.1911	1.8739	-0.0558	-0.1219	1.0383	0.0458	-0.2749	0.2756	-0.5828	-1.0529	1.2323	-0.6318	-0.8335	-0.4327	0.6400	-0.7542	-0.9337	-0.1960	0.6128	0.1012	1.5176	-0.5577	-0.5305	0.3463	-1.9835	-0.4773	-1.4060	-0.9419	-0.7122	0.9327	0.0669	-0.4834	0.6325	0.6804	1.1200	-0.1122	0.0221	-1.1859	-0.5531
0.2343	1.2760	-0.4706	0.9383	0.3033	1.2396	-0.3015	0.1460	-1.5685	0.7388	-0.0239	1.1906	0.4294	-0.7129	1.4204	0.5340	-0.1162	-0.3115	-1.0182	-1.8228	-0.0876	-1.7611	-0.9573	-0.0887	0.0778	-0.3512	-1.2848	0.0331	-0.3428	0.9876	1.6795	-0.6254	-0.9593	1.4122	-2.1879	-0.9562	-1.1322	1.1641	0.6041	1.4120	0.8486	0.1958	0.2681	0.3504	0.2533	0.6528	0.6099	-1.5150	0.0655
0.3704	1.6770	0.1125	1.1940	-1.1180	0.8656	-1.1486	-0.0450	-2.3974	0.2828	0.6483	0.5929	2.1105	0.6112	0.3925	1.2375	0.7273	-1.2365	-0.3504	-1.8913	-1.0260	-1.5734	-2.0446	-0.4858	-0.2176	-0.3894	-0.3713	0.7774	0.0003	1.5238	1.9002	-1.3239	-0.2811	1.5200	-1.3824	-0.2672	0.9013	1.0628	0.2245	0.6791	2.2844	-0.5585	1.5404	0.5272	1.4374	-0.2391	2.1730	-2.0810	-0.3031
-1.3868	-0.5545	-0.3598	0.7500	-2.4815	1.0705	0.7810	-1.5628	-2.5107	-0.4404	-0.0254	0.1048	1.2056	1.4452	-0.4741	1.8335	-0.5134	-1.3768	0.0981	-2.9597	-0.5448	0.4391	-1.6386	0.4467	-1.5844	-2.1004	-1.0006	-0.3142	-0.2848	0.7101	0.3918	-0.8017	-1.2494	-0.5958	-0.6547	-0.7719	0.5830	0.7603	1.0222	0.2702	2.5270	-1.1436	1.1012	0.2401	0.9322	-1.8434	0.2472	-1.9032	-0.6441
-0.7042	-0.8219	-0.3036	-0.1915	-0.8860	1.9349	0.2896	-0.9655	-1.1941	-0.4721	-0.4656	-1.2587	0.0922	0.3712	-1.0948	0.8915	-0.1071	-0.6966	-0.9602	0.1250	0.7002	0.2399	-0.9157	-0.7699	-2.0812	0.7191	-1.0088	0.3661	-0.0847	1.3778	-0.0406	-1.0580	-1.1197	-0.6159	0.1149	0.2609	-0.1512	1.3269	0.8252	0.7613	0.0558	-1.0166	0.3904	-0.7082	0.2306	-1.6898	-1.3502	-1.3621	0.3679
-0.2279	-0.6450	-0.6165	0.0841	0.5393	0.0064	0.9121	-0.3198	-1.1006	-1.1421	0.3755	0.0437	-0.2993	-0.6706	0.0874	-0.3738	-0.7036	1.5811	-0.5170	1.6982	-0.1244	1.1351	-0.5855	-0.4624	-2.2788	0.4684	-0.3919	-0.9660	-0.7613	0.2379	0.6983	-0.3104	0.5549	1.0248	-0.6345	0.8691	-0.4800	1.4910	0.6824	0.6481	0.4157	-1.1427	0.5081	-0.1193	-0.5379	0.1306	-1.2768	-0.6277	1.3357
-0.1282	-0.1328	-0.6238	0.5661	0.2320	1.0279	-0.0834	-0.2295	-0.9345	-0.6514	-0.2920	-0.8282	1.0737	-1.7141	0.9582	-0.2733	-0.8451	0.8549	-1.2913	0.0588	-1.3013	0.9514	-0.0770	-0.0043	-0.6642	-0.8935	0.0021	-0.3572	-1.2714	1.2811	0.8103	-0.0899	-0.0737	0.9049	-1.3277	0.7580	-1.0228	0.2021	0.0608	-0.9080	0.1535	-0.4615	-0.5537	0.1674	0.8524	1.2787	-1.3193	-0.8372	0.6428
-0.6229	1.3342	-0.9765	0.1954	0.3287	1.3805	1.5309	0.6147	-0.5233	2.3404	-0.3175	-0.8173	0.3316	-1.5637	1.6442	-1.1198	-1.0274	0.8510	-1.7998	-0.3067	-1.6828	0.1965	-0.1024	1.2932	-0.2504	-0.7591	-0.5059	0.4316	-1.4451	1.5722	0.2801	-0.9114	-0.5735	0.4792	-1.4044	0.9368	-0.3765	0.2021	0.6262	0.7719	-0.0235	-0.3447	-0.8655	0.4052	1.3282	1.5490	-0.3273	-0.0969	1.2054
-0.0170	-0.3558	-0.9826	-0.1207	-0.0418	0.4540	-0.6809	0.5922	-0.3998	-0.6722	-0.8891	-0.7361	-0.3363	-1.6906	0.0955	-1.0008	-1.0564	-0.2149	-1.4322	-0.0189	-1.4439	-0.9148	0.3773	0.4987	-0.4835	-0.5699	0.0048	-0.1000	-0.9590	0.6974	-0.9440	-0.8807	-0.9260	0.7856	-0.8264	0.2347	-0.1209	-0.0226	0.9255	0.5154	-0.0259	-0.0737	-1.0979	-0.2294	0.3425	0.3069	-0.4055	0.3173	-0.7979
0.4476	-0.8496	-0.2083	0.1675	-0.1641	0.1817	-0.6054	0.7816	0.5719	-1.2731	-0.6578	-1.0069	0.4367	-0.4544	-0.2409	-0.2669	0.2063	1.2344	0.2922	1.3240	-1.1549	-0.7258	-0.1463	-0.0948	-0.3585	-0.0243	1.3339	0.4307	-0.2555	-0.4000	-0.7327	-0.0297	-0.1471	0.1127	0.3703	0.3481	-1.7545	-0.0810	1.2564	0.9364	-1.2955	1.2562	-0.4441	-0.7052	-0.5551	-2.1475	-0.9847	0.6924	-0.8635
1.2698	-1.0112	-0.2709	-0.8529	-1.2767	-0.1250	0.7096	0.4610	0.2205	0.7825	-0.7605	-0.9810	0.8490	0.0402	-0.5998	-0.1801	0.4222	2.8796	1.5824	0.6825	-1.4697	1.9432	-0.6371	1.8443	-1.2257	-0.6760	1.5559	-0.9929	0.1315	-1.1378	-0.7812	1.1795	-0.8189	-0.9153	0.9078	0.5635	-0.2483	-0.6248	1.5199	1.3340	-0.3224	0.6241	0.5264	-1.0099	0.2656	-0.1846	-0.6048	1.3474	0.9798
0.0123	-0.1231	2.3160	-0.6848	-1.7290	-0.9073	1.5715	2.3969	-0.2232	-0.5301	-2.9048	-3.2954	-0.3780	0.4381	0.7862	-1.0622	0.3219	0.1700	0.5016	-0.2971	-2.1173	-0.9837	0.9854	-0.8249	-1.0974	-0.1903	2.7978	2.0796	0.2576	0.2865	-0.5474	2.1955	-1.7559	1.0711	1.8605	1.1306	2.1863	-1.6923	1.1664	0.8267	-1.0573	1.5575	1.1771	-0.4918	0.1882	3.1491	2.4130	1.6175	4.0530
-0.2421	1.6637	2.4878	1.6390	1.3091	-0.0121	-1.3243	1.6091	0.6264	1.5469	0.2877	-0.0607	-0.3848	-0.0623	1.5979	0.1999	-0.2374	0.4947	-0.8369	0.0669	-1.2145	-1.5073	0.7658	0.2218	0.2824	1.0228	1.5838	2.0763	-0.3160	1.2887	0.0592	1.2890	1.0250	1.0954	1.3866	-0.4009	-0.7987	-1.2380	0.0867	1.3069	0.4294	1.1157	-0.3250	-0.6766	-0.0515	2.6717	1.9227	0.9481	1.1555
-1.1755	1.3983	1.6414	0.6056	1.4807	-1.1090	-1.9710	0.4941	0.2486	1.2823	0.8922	0.9647	-0.6099	-0.9207	0.8764	0.2984	-1.0535	0.3169	-0.4091	-0.5898	-0.9322	-0.0135	1.5793	2.0661	0.1872	0.8367	0.9661	-0.4806	0.0041	1.1561	-0.3095	1.0333	1.0481	-0.3711	0.4726	-1.3622	-0.5137	0.5092	0.0660	0.4488	1.0272	1.5945	-0.4714	-0.1031	-0.4182	2.0165	-0.4229	0.9847	-0.0704
-0.7423	-0.0712	1.8929	-0.7551	0.2716	-0.2987	-1.7200	1.0101	0.8544	0.5118	0.5155	-0.4851	-0.3790	-0.9041	-0.3193	0.1724	-0.7693	-1.3402	0.1871	0.0746	0.3342	-0.6530	0.9636	1.1712	0.1536	0.7520	1.0088	-0.0564	0.2232	0.9969	-0.0816	-0.2021	0.5494	0.1296	1.1334	-1.4245	0.6793	0.5927	-0.9645	-0.0819	-0.7594	0.7346	-0.5613	-1.0496	-0.7811	-0.7127	-1.5016	1.0511	-0.3718
-0.3651	-0.7009	2.4453	-2.1961	-0.7862	-1.3729	-1.5580	0.9885	1.0295	-0.4943	0.5227	-1.1224	-1.3070	0.2489	-1.1625	0.1821	1.3847	-1.5326	0.6047	-0.0666	0.4658	-0.4322	-0.0150	-0.1515	0.1964	0.6031	1.4002	1.1919	0.0507	0.4943	-0.9091	-1.6025	0.5588	-0.5167	1.0723	0.4306	1.5810	0.4434	-0.2925	-0.4597	-0.2076	0.3514	-0.1990	-2.2682	-0.1039	-0.4785	-0.7810	1.0210	-0.6169
-0.7516	-2.8548	0.8691	-2.1100	-0.9464	-2.5945	-0.3541	1.5624	1.0102	0.1017	-0.0401	0.9780	-1.6961	-0.0668	-0.9766	0.9464	-0.8084	-1.9166	0.4596	-1.9661	-0.9762	0.2937	0.5321	0.4355	-0.2353	-0.2731	-0.6486	-1.6002	0.0099	-1.1455	-0.3802	1.0628	-0.6605	-1.5149	-0.0865	-0.1575	1.0092	-0.6987	-0.2935	-1.2043	-0.0673	-0.3482	-1.2792	0.2283	-0.5660	1.2206	1.0954	0.1058	-0.6283
-0.2676	-2.1203	0.5280	-1.0068	-0.2367	-2.2478	-0.0216	1.0266	1.7908	-1.1921	-0.9367	-0.3374	0.0821	0.0093	0.1756	0.4928	-0.7409	-1.9090	0.8124	-0.7636	0.0521	-0.4715	0.8231	-2.5885	0.0094	1.2355	-1.4021	0.1029	0.7826	-1.0111	0.6449	1.8170	-0.7240	-1.1211	-0.0746	-0.2412	-0.8859	0.2263	-1.2015	0.4550	-1.7168	-1.2864	-1.4312	0.7084	-0.5555	-0.1765	0.6652	-0.7318	-0.2043
0.6169	0.6640	-0.2362	0.5266	0.8294	-0.6919	0.8667	-0.6614	0.4313	-1.5276	1.2086	-0.5910	1.0989	0.5403	-0.0340	-0.1478	0.1913	-0.5734	1.2399	0.5856	1.1413	0.5471	-0.2883	-1.7708	-0.3361	1.8645	-0.6140	0.3914	1.3747	-0.0166	0.1473	-0.9406	0.3897	0.3645	0.0910	0.2694	0.3141	1.2903	-1.0135	-0.0379	-0.8218	-1.4664	-0.3267	0.9726	-0.6997	0.7061	0.1313	-0.8904	0.2088
0.3718	0.0210	-1.2472	0.3204	0.9796	0.1254	1.2941	-0.0826	-0.0079	-0.0957	0.8225	0.6960	-0.1913	0.6209	-0.2018	-0.5572	0.5769	0.2980	-0.3726	0.5257	1.8059	0.6606	-0.7488	-1.0476	0.1201	0.4222	-0.1881	-0.0433	1.0739	-0.7381	0.0214	-0.6544	0.6593	0.4982	-0.1024	0.4119	-0.8167	-0.1035	0.3415	-0.3622	-0.3285	-1.4064	-0.1919	1.4680	-0.7811	-0.2314	0.0770	-0.1444	0.3699
0.9357	0.7332	-1.4390	0.4215	1.5833	1.6944	0.0208	0.5294	0.4432	0.6786	0.2440	1.7389	1.2101	1.2653	0.1807	0.3044	1.3780	0.6579	-0.8646	0.6548	1.8393	0.2508	-0.0937	0.0316	0.4786	0.0349	0.9000	0.2293	1.0426	-0.0090	-0.2152	0.4229	1.6481	0.7303	0.7526	0.5835	-0.6150	0.7484	0.5385	-1.0462	0.4286	-1.0876	0.8004	1.5581	0.6482	0.0665	-0.0389	0.4324	0.3016
0.0352	0.7896	-1.2746	-0.3699	1.1810	1.0057	0.9997	0.5663	0.2140	1.2468	-0.6533	2.0504	-0.0683	0.9747	0.6247	-0.2345	1.1781	3.2272	0.5828	0.5789	1.4837	0.6969	0.6558	1.4053	0.7585	-0.2937	1.1340	-0.9754	0.9644	-0.3053	-0.5936	0.2020	1.6963	0.4516	0.7638	0.4369	-0.2124	1.9295	0.5399	0.1073	1.2798	1.1356	0.1457	1.2192	0.3989	0.0623	0.6764	1.2223	0.0055
0.0389	-0.4725	-0.6818	0.6023	0.5952	-0.5465	1.1308	0.2750	0.4193	-0.3546	-0.3197	0.5281	-0.2131	-0.3164	0.7098	0.0676	-0.2866	1.7237	0.6880	0.4562	0.0425	0.4188	0.9299	1.2362	1.1433	-0.2334	-0.1521	-0.2092	-0.0713	-0.0207	-0.4509	0.1123	0.9917	0.4705	-0.2259	-0.1914	0.3485	-0.1189	0.2504	-0.9148	-0.3863	1.1046	-0.0582	0.0042	-0.2279	-0.9608	0.7828	1.0783	-0.9688
0.2252	0.4650	-0.2140	1.7573	-0.8945	0.3269	-0.1747	-0.1064	0.2621	-0.1851	-0.3479	-0.7485	1.6561	-0.9490	-0.0313	1.6235	-0.8016	0.6751	1.0997	-0.7190	-0.6691	1.1400	-0.2506	1.1745	1.0191	-0.3933	-0.5613	0.5202	0.0838	1.3819	0.8778	-0.2926	1.1293	0.7879	-0.4666	-0.3084	1.7214	-1.2984	-0.6998	-1.5838	0.6521	1.5152	0.6615	-0.8430	1.1229	-0.5927	1.6054	0.4764	-2.1634
-0.5206	0.0075	-0.4459	1.3874	-2.0336	-0.4679	1.9018	-1.0772	0.6182	0.2040	0.4788	0.0259	0.3043	-1.6513	-0.9082	2.1138	-1.8954	-0.7101	0.9090	-0.9112	0.4229	0.3199	-1.7277	-1.3287	-1.1500	-2.1047	-2.3925	-0.0212	0.8360	0.6979	1.9275	-1.9801	-0.1684	0.6977	-1.1985	-1.7133	1.9435	-0.5041	-0.1214	0.6745	2.6336	0.4935	1.7783	-0.5225	-0.2074	-0.3723	0.6521	-0.1989	-1.1649