IC05	IC08	IC09	IC15	IC16	IC17	IC18	IC19	IC20	IC23	IC24	IC26	IC27	IC29	IC31	IC33	IC36	IC37	IC38	IC41	IC42	IC43	IC44	IC45	IC46	IC47	IC48	IC49	IC50	IC51	IC54	IC56	IC58	IC60	IC62	IC63	IC64	IC65	IC66	IC67	IC68	IC69	IC71	IC72	IC73	IC74	IC75	IC76	IC77
1.1463	1.8789	0.3156	-0.8612	0.1865	1.4509	0.2121	0.9614	-1.1152	-1.4511	0.3114	0.2751	-1.2682	-0.2827	-0.1678	-0.3885	-0.1544	-0.4744	-0.6258	0.2769	-1.7421	0.5424	-0.4500	-1.3123	1.4565	1.0798	-0.1726	-0.0236	-0.5748	0.8388	0.4715	-1.3963	0.8132	1.4572	-0.8963	0.6182	0.1356	0.3665	0.5151	-0.9277	0.3952	0.4740	0.8678	0.5159	-0.2788	-1.3821	0.0196	0.1227	0.4250
0.2416	0.7209	-0.5143	-0.3500	-0.3912	0.4587	0.1280	0.2494	-0.0148	-0.8026	-0.1404	0.8181	-1.1430	-0.4672	0.7981	-0.6069	-0.0885	-0.6074	-1.2897	0.6845	-1.1093	-0.6493	0.3138	-0.4716	0.8225	0.8985	-0.2351	-0.5938	-0.4196	-0.0672	0.3527	0.1691	0.8342	0.8154	-0.8085	0.2363	0.8249	0.9738	-0.8056	0.2854	0.1284	-0.6892	0.7794	0.8962	0.2837	-0.1071	0.5372	0.0789	0.7764
-0.0414	-0.4941	0.4484	0.0463	-0.6341	-0.6849	0.1544	-0.8263	0.0962	-0.6677	-1.3274	1.1701	-1.6346	-0.6120	1.1920	-0.5357	1.7433	0.7779	-0.4265	0.3373	0.3567	0.5599	0.0516	-0.0144	1.2220	1.3409	-0.0698	-1.1759	0.5970	-0.7105	0.3926	0.1604	1.0446	0.8238	-0.1708	-0.2098	1.0869	0.9895	-0.2744	1.0798	-0.4417	0.8179	0.7528	-0.1004	-0.0664	0.0332	0.1246	0.8825	0.2666
0.2771	-1.2357	-0.3144	0.0742	-1.1551	0.2049	0.4373	-0.2585	0.0768	-0.7612	-1.6498	0.0038	-0.8717	-0.0920	-0.1971	-0.6253	1.4726	0.4698	-0.0079	-0.5939	0.9460	0.9730	-0.9856	-1.5688	0.8297	1.0584	1.0737	-1.1459	0.6969	0.1988	0.4453	-0.3601	0.1389	1.2615	0.8423	-0.3757	-0.2418	-1.2496	0.4166	0.4288	-0.4694	0.2356	1.3032	-0.0153	1.4715	0.9458	-0.3623	0.2656	0.2971
0.0485	-1.0489	0.0047	-0.0222	-1.1269	0.0916	0.7655	1.8200	-0.5175	0.4626	0.2869	0.9723	-0.4951	-0.3226	-1.0969	-0.3395	1.0828	0.3146	0.7823	-1.9529	1.3286	0.9234	-1.4025	-0.6849	0.9412	-0.4372	0.3314	-1.6110	0.4922	0.3209	0.5423	-0.5723	0.3849	1.4124	1.5512	-0.8957	-0.3263	-0.7360	0.3744	-0.6785	-0.2396	0.4710	0.5528	-1.3012	1.1361	-0.1164	-0.6940	-0.0927	-0.9354
0.2700	0.5161	-0.6465	-0.5058	0.8555	-0.1246	0.0967	1.3447	0.2042	1.3027	1.5691	0.0540	-0.1130	0.3275	-2.1015	-0.7556	-0.4900	-0.4161	0.8266	0.5940	0.0295	-0.9610	-1.1119	1.0313	-0.2808	-1.8798	-0.2805	-0.8255	0.0506	0.3611	0.5664	-1.7584	-0.8933	1.2636	0.2717	-0.1937	0.0888	-0.3410	-0.2280	-0.9861	-0.1724	-0.2370	1.4589	-1.7545	1.5299	0.4490	-0.5288	-1.1390	0.3033
-0.8910	1.3272	0.6218	0.0626	0.3354	0.6561	-0.0664	1.2290	0.2475	-0.1870	0.1325	-0.0852	0.0631	-0.7449	-0.7718	-0.4910	0.2790	1.1819	-0.2982	0.2337	-0.4023	-1.1675	0.3045	1.1934	0.8990	-1.3913	-1.1825	-0.3122	-0.3735	1.7339	-0.2512	0.8977	-0.1737	-0.9970	-0.9255	-0.3280	-0.4482	-0.6246	-0.3062	0.4356	0.5270	-0.1236	0.5092	0.1375	-0.7035	0.6094	1.7025	-0.1108	0.4204
-0.2117	2.3082	1.1595	-0.4137	0.8001	0.1322	-0.2344	-0.2768	-0.8646	-0.2967	-0.5192	-0.7579	-0.6145	-1.1614	-0.7034	-0.5315	0.0376	0.7468	-1.2073	0.5059	-1.4725	0.0640	0.8401	0.9241	0.4084	-0.2838	-0.6782	-0.0452	-0.3988	1.7746	-1.0249	0.0773	-0.8173	-1.5855	-1.9698	0.8033	0.5593	-0.1982	0.9514	-0.3388	1.8703	-0.2654	0.2875	-0.1397	-2.3398	1.0233	1.6236	-0.0098	0.4813
-0.7515	0.6981	1.1265	-0.4862	-0.2040	0.5380	0.3239	-0.1442	-1.1776	0.7191	-1.6001	-1.7007	0.0588	-0.4402	-0.3099	0.0201	-0.2363	0.6008	-1.5882	0.5499	-0.7546	0.7188	0.0152	0.8457	0.1946	0.4660	1.3166	0.9754	-0.6630	0.9293	-1.0757	-0.3153	-0.8477	-1.5912	-0.6369	2.3109	0.2495	-1.7787	0.2360	0.0495	0.8418	0.3532	-0.0912	-0.1614	0.4560	0.2805	0.5527	0.1853	-0.3492
-1.0276	-0.2521	0.4987	-0.1774	-0.2695	0.4048	1.1236	-0.1435	-0.7476	1.6727	0.7886	-0.2439	0.2076	-1.0043	-0.4403	0.3261	-0.2098	0.7395	-1.1664	-0.4978	-0.1960	0.6932	-0.0224	0.0634	-0.1792	0.1766	0.4024	-0.1006	-0.6684	0.2293	-0.9693	0.2971	-0.2633	-0.6404	0.2655	0.9856	0.3342	0.5074	-0.0702	0.4111	0.8923	0.3563	0.9985	-0.1771	0.9328	-0.5859	-0.5837	-0.2253	-1.3781
-0.5507	0.4766	-0.0591	-0.3884	0.6872	-0.2001	-0.8229	0.5944	-0.8752	1.1180	1.3480	-0.4620	0.2132	-0.3472	-1.5702	-0.2457	0.0184	0.0557	-0.4516	0.4481	-0.7020	-0.6357	-0.2570	0.2669	-0.3814	-1.2604	0.2298	-0.0701	-0.6933	0.0543	-1.3872	-0.5056	-0.3033	-0.7909	-0.2580	0.9289	-0.5086	1.0024	0.6036	-0.7925	0.8761	0.5282	1.0445	-0.2208	0.9525	0.6706	0.6372	-0.1756	-0.4320
-0.5297	0.5696	-0.7382	-0.3235	0.0506	0.4375	-0.5074	0.4877	0.2809	-0.1403	0.0094	-0.5882	0.1498	-0.3179	-0.2435	-0.2033	0.1068	0.1316	-0.7759	0.8810	-0.2770	-1.0700	-0.4992	0.4863	1.2464	-0.1590	0.3805	0.4017	-0.7787	1.5702	-1.0968	1.2834	-0.0830	-1.0725	-0.4912	0.4074	-0.1291	0.8911	0.5973	-0.0225	0.5780	0.0801	0.6685	0.5891	0.9836	1.7607	1.4552	1.0116	0.2230
-0.8600	0.4134	-0.7535	-0.8992	-0.4976	-1.0975	-0.3978	0.6181	0.1035	-1.0905	-1.0550	-1.1241	-0.6104	0.3493	-0.4679	-0.6018	0.2913	-0.2510	0.3689	0.3234	0.0447	-0.1262	-0.4258	0.0622	0.7508	0.3520	0.8277	0.3255	-0.1135	-0.0120	-0.3929	-0.0310	-0.8178	-1.0578	0.0419	0.2169	0.7339	0.6128	1.3008	-0.2292	0.5088	0.7052	0.6512	0.3337	1.6660	1.5070	0.6157	0.6653	-0.4693
-0.6720	-0.4810	-0.6834	0.1714	-0.9229	-0.3663	0.2492	0.5054	0.0152	0.3665	-0.8551	-0.7000	0.0419	0.3197	-0.1625	0.3407	0.5220	-0.4937	0.1330	-0.6634	1.1294	0.2329	-0.2868	0.7504	-0.0462	0.4258	0.4073	-0.3227	0.0281	0.0851	-0.0015	-0.2484	-0.6168	-1.1766	0.2692	-0.3842	-0.0715	-0.8316	0.8287	0.5942	0.1382	1.4907	-0.4752	-0.1392	1.9987	-0.2497	0.0251	0.1159	-1.7306
-0.0535	-0.2102	-0.5950	-0.1460	-0.4073	0.6325	0.1997	-0.0317	-0.7767	0.6531	1.1014	0.2473	-0.4360	0.2748	-0.8339	0.2683	-0.2061	-0.1390	-0.7116	-0.1668	-0.2029	0.0764	-1.1176	-0.4341	-0.9557	0.3956	-0.0918	-0.0845	-0.3565	-0.2417	0.3112	-0.7454	-1.2974	0.0065	0.5477	-0.0681	0.2799	0.1638	0.0307	0.2359	0.2371	-0.1309	0.4410	-0.4449	1.2153	-1.1978	-1.7158	-0.2161	-1.5613
0.5616	-0.4272	-0.7300	0.1606	-0.2232	0.3235	-0.5694	0.4232	-0.2609	-0.0060	0.0481	1.0377	0.2535	0.4286	-0.2215	0.4588	-0.3344	-0.3232	-0.5278	0.0905	-0.4178	-0.8869	0.4686	-0.3358	-1.4300	-0.2203	-0.3311	-0.2240	-0.1890	-0.3557	0.0537	0.9791	-0.3124	-0.0434	-0.0104	-0.5781	-0.5966	1.0004	0.0891	-0.7402	-0.8141	-1.1817	-0.7948	1.0267	0.3346	0.9535	0.1526	-0.3991	0.0705
0.4640	-0.6176	0.0092	0.4295	-0.6424	0.4768	-0.0826	-0.4426	0.3140	-0.5921	-0.3361	0.1182	0.8741	0.3181	0.3846	0.7299	-0.1288	0.5216	-0.0408	0.1519	0.7427	-0.0993	-0.4508	0.4626	-0.5059	0.3591	-0.0383	0.6271	0.1656	0.0804	-0.6866	1.2676	0.0393	-0.3507	-0.0255	0.0772	0.0330	1.1927	0.6360	0.0792	-1.2653	-1.4961	-1.2456	0.7827	-0.8476	0.1482	0.2807	0.8082	1.2935
0.1205	-0.2441	0.0675	0.1720	-0.5362	0.6295	0.3605	-0.7177	0.3425	-0.9316	-1.4996	-1.5614	1.1919	0.6896	0.7502	0.6212	-0.9049	0.3913	0.0981	-0.3698	1.1922	1.0267	-1.5198	-0.3839	-0.0691	0.8274	0.8109	1.1472	0.7524	1.0067	-0.8844	-0.1198	-0.2606	-0.9708	-0.1448	0.4036	-0.0359	-0.0713	1.4092	0.7018	-0.7365	0.4879	-1.3659	0.5660	0.4093	-0.0473	0.0326	1.0818	1.3184
-1.0857	0.2670	-0.2295	0.5700	-0.1977	0.2736	0.8670	-0.6499	-0.1694	0.8256	1.0170	-1.4928	1.2232	-0.6762	0.4596	1.0231	-0.8647	0.2354	-0.8534	-1.0863	0.9745	0.6602	-0.8853	-0.2709	-0.3527	0.0393	0.4184	0.4858	0.1123	1.6820	-0.7585	-1.3430	-0.0258	-1.3120	-0.3150	-0.2522	0.3517	-0.0554	1.5080	0.5888	0.4649	1.9509	-0.8645	-0.8565	-0.1602	-1.1451	-0.5845	0.4418	-0.2044
-0.7568	0.0635	-0.6432	0.3059	0.1591	0.5417	-0.1354	1.0790	0.3872	1.3550	0.5096	0.2511	0.6953	-0.8903	0.5450	0.8889	-1.7895	-0.0337	-1.0113	-0.1811	-0.3318	-0.6287	0.8827	0.6805	-0.8904	-1.2086	0.9353	0.0726	-0.4872	0.5691	-0.5124	-0.1934	0.4374	-0.5727	0.2067	0.0716	0.2916	-0.1136	0.2514	-0.2730	0.0992	-0.0278	-1.6326	0.1421	0.5005	0.6384	0.8886	-0.8271	1.1292
-0.6182	-1.5170	-0.0571	-0.0346	-0.2817	-0.8578	0.0837	-0.6005	1.0583	0.3816	-0.8384	-0.2101	0.3802	0.4409	0.6228	-0.3275	0.1985	0.1677	0.7446	0.5970	-0.0347	-0.2247	1.1753	1.1286	-0.9196	-0.4007	0.8034	0.5285	-0.0167	-1.5120	-0.0295	0.6618	0.3756	-0.3017	1.0536	0.0770	0.0396	-0.2568	-0.5469	0.3533	-1.1629	-0.6356	-1.9040	0.1528	-0.3576	0.3571	-0.0852	-0.1562	0.7393
0.4277	-1.1727	0.4245	0.2989	-0.8377	-0.2510	0.5583	-1.9456	-0.0293	-0.7394	-1.1459	0.2389	0.9576	1.0856	0.3052	0.1705	0.6839	0.1683	1.3776	-0.0377	0.8338	0.3374	-0.2961	0.4445	-0.8106	0.7583	0.1786	-0.2748	0.8467	-1.1974	0.1277	-0.0767	-0.0249	0.3183	0.8350	0.2015	-1.0689	-0.9209	-0.5938	0.8633	-1.4669	-0.2951	-1.7156	0.6346	-0.8247	0.2593	-1.3977	0.4219	0.6869
0.2836	-0.6782	-0.2666	0.4842	-1.1758	-1.0888	0.6389	-1.8292	0.2074	-0.0164	1.6849	0.1264	0.2746	1.6583	-0.2343	0.1666	0.5189	-0.9238	1.4506	-0.8325	0.3212	-0.6220	-1.2515	-1.0790	-0.8079	-0.4166	-0.6487	-0.9448	1.2384	-1.7055	0.2697	-1.0416	-0.8031	0.4714	0.6018	-0.8968	-0.7059	0.3079	-0.5017	0.4857	-0.1370	-0.0506	-0.8495	0.7660	-1.5023	-1.2656	-2.5867	-0.4092	-0.7055
1.4214	-0.7611	-0.7707	0.2555	-0.8128	0.3281	-0.5891	-0.0418	1.1447	-1.1376	1.8048	1.9607	0.3478	1.2583	-0.2054	0.3402	-0.2023	-1.5365	1.2293	-0.4756	-0.7544	-1.9532	-0.0412	-1.3377	-1.0354	-0.8372	-0.8167	0.0782	1.2397	-1.1808	2.1077	0.1457	-0.0027	0.6504	0.2347	-1.1398	-0.7791	0.6055	-0.5657	0.5112	-0.4439	-1.8432	-0.3168	2.1577	-0.8578	-0.8040	-0.1585	-0.7707	-0.3905
1.2225	-1.1929	0.2482	-0.6343	-0.6069	-0.4417	-0.8886	-0.6565	1.1002	-0.9398	0.6083	0.8291	-0.1754	1.6769	0.5894	-0.1975	0.5291	-1.4520	1.8356	-1.3420	-0.5344	-1.1830	-0.1676	0.0633	-1.5630	-1.1956	-0.9246	0.3253	1.9121	-1.4383	2.5548	0.7148	-0.1379	0.0179	-0.4564	-1.1663	-0.2077	0.5717	-0.1776	0.6831	-0.4691	-1.9774	-0.9825	0.8155	-1.0931	0.0282	-0.2367	-0.8485	-0.9119
1.4029	-0.8894	0.4180	-0.2440	-0.3231	-0.3095	0.1456	-0.3913	-0.0787	-0.5552	-1.0975	-0.0366	0.2802	1.8591	0.5391	-0.0633	0.3212	-1.0149	0.7377	-0.8931	0.6101	-0.3752	-0.0795	0.1694	-1.3256	0.2125	-1.0218	0.4770	1.2768	-0.5551	2.2417	-0.0039	-0.7046	-0.3424	-0.5666	-0.4744	-1.1686	-0.5528	0.1904	0.0795	-0.6573	-1.1580	-1.8561	0.6471	-0.2355	0.1645	-0.6049	-0.4388	-0.5626
-0.0577	0.1792	0.8102	-0.5016	0.5957	-0.5430	0.5705	-1.0682	-0.9667	-0.0591	1.2079	0.0589	-0.2036	0.6715	0.4493	-0.0240	-0.3163	-0.3786	-0.5310	-1.4022	0.0585	0.1416	0.1588	-0.3178	-1.2126	-0.1051	-1.7160	0.2489	0.1709	-0.7573	0.7631	-0.6764	-0.5850	-0.2059	-0.5890	-0.4073	-0.6277	0.9639	0.4480	0.0839	0.9408	-0.4545	-1.0755	0.0841	-0.7884	-0.9474	-1.6681	-0.7702	-1.1195
0.1178	1.2923	0.4948	-0.4578	1.7346	-0.5351	-0.3152	0.2276	-0.8228	0.5754	0.5085	0.6814	0.2144	-0.4833	0.1776	0.2879	-1.8770	-0.7297	-0.9905	-0.1480	-1.3055	-0.3723	1.2666	0.4693	-1.3064	-0.5664	-0.0472	0.3348	-1.2458	-0.8645	-0.8299	0.9092	0.5344	0.1558	-0.3949	0.0821	-0.2579	-0.1187	-0.3881	-1.1945	0.2045	-1.3455	-0.9081	-0.2908	-0.1154	-0.0148	0.5292	-1.2948	-0.2568
-0.3599	0.4622	0.8006	-0.1087	0.8691	-1.1878	-0.2447	-0.4281	0.6746	0.6202	-0.7765	-0.2624	0.4436	-0.5236	0.3654	0.0359	-0.3909	0.4807	-0.0468	0.6055	-0.5333	0.6144	1.4327	1.0534	0.3267	0.4349	0.1501	-0.0984	-1.2414	-0.6827	-1.3399	2.2831	1.6777	0.0900	-0.2202	-0.5207	0.3131	-0.9043	-1.3282	-0.2798	-0.0791	0.0815	-0.3344	-0.1325	-1.1787	-0.4071	1.0345	0.6362	0.0607
-0.6131	0.3430	-0.0408	-0.4224	0.1576	-0.4064	-0.1202	-1.3058	0.8515	-0.8352	-0.7882	-1.0542	0.7091	-0.4340	0.0714	0.3754	-1.0920	-0.2910	1.0353	0.8422	-0.1625	0.9468	0.0251	-0.1028	-0.0448	0.6376	-0.2018	0.0797	-0.8712	-1.2208	-0.2828	0.6008	0.8268	0.3213	0.4067	-0.8496	0.5926	-1.4092	-2.0368	-0.2256	-0.1276	0.0692	0.5845	-0.7172	0.0656	-0.8705	-0.3834	0.4456	0.4929
-1.6992	0.1625	-0.2517	0.2588	-0.3410	-0.1356	0.6349	-1.2973	0.1826	0.4797	0.3127	-1.2656	0.9071	-0.8301	-0.2100	0.7099	-0.4357	-0.7239	0.9193	-0.2259	0.2033	0.6824	0.0895	-0.0377	-0.7503	-0.6016	-0.7281	-0.4567	-0.4462	-0.7565	0.2151	-0.9870	0.3208	-0.3984	0.4109	-1.3906	-0.6085	-0.8824	-1.3873	-0.8445	0.1380	1.5613	-0.2750	-1.8280	-0.2689	-1.7045	-1.1791	-0.2994	-0.2879
-0.2523	0.8055	-0.6684	-0.0860	0.3014	0.5205	-0.6616	0.4673	0.2957	0.4172	1.0772	0.3033	0.3458	-0.4903	-1.0186	0.3973	-1.4838	-0.3870	0.3479	1.0005	-0.9493	-0.0513	0.7096	-0.8073	-0.7723	-1.3019	0.0310	-0.1792	-0.5485	-1.0380	-0.1547	-1.2576	-0.3193	0.1071	1.0763	-0.3846	-0.7774	-0.6971	-1.7513	-1.2549	0.2807	-0.4006	0.6720	-0.9065	-0.4022	-1.8091	-0.5996	-0.6161	0.8294
-0.3500	0.1388	-0.5269	-0.1513	0.4148	0.6764	-0.1357	0.2886	2.0601	0.3086	-0.2133	0.5808	0.3158	-0.1521	0.1149	0.4193	-0.4554	-0.2712	0.5082	1.3690	-0.7032	-0.5939	1.2637	-0.5851	-0.5604	-0.3893	-0.3344	-0.2762	-0.4128	-0.3833	-0.4339	1.3358	-0.2650	-0.0007	1.4004	-1.2503	-0.8528	-0.9758	-2.2479	-0.9434	-0.0524	-1.6591	0.2020	0.1510	-1.1091	-0.1553	0.2418	-0.1194	0.9954
0.3775	-0.1073	0.2616	-0.4045	-0.1687	0.4175	-0.0916	-0.7366	0.8949	-0.8605	-1.8427	-0.3966	0.2152	0.2011	0.4363	0.3342	0.0453	1.1941	1.4125	0.6216	0.7145	0.6128	-0.3124	-0.7110	0.6127	0.3165	-0.2597	-0.4805	0.0894	-0.2656	-0.3038	0.2134	-0.5565	0.5861	1.5193	-0.4359	-0.4097	-0.9721	-0.8153	-0.6707	-0.3594	0.3324	-0.4475	-0.2743	-1.4909	-1.2800	-0.8094	0.2553	1.1950
-0.3732	0.3893	0.2309	-0.0059	0.2119	-0.2158	0.1672	-0.8996	0.4217	0.1458	-1.0983	0.0600	0.3344	0.1948	0.7637	0.1980	-0.6748	0.5105	1.8168	-0.7538	0.9665	0.6492	-0.9793	0.5782	1.0749	-0.6358	0.2355	-0.7409	0.2055	-1.4007	-0.4182	0.3037	-0.4540	0.2009	1.2263	-0.8901	-0.5579	-0.3515	-0.3888	-0.2453	-0.1253	0.6979	-0.5993	-0.5719	-0.5231	-1.1660	-1.7697	0.0178	0.2658
0.4652	1.2399	-0.4610	-0.1934	1.5401	0.0740	-0.1574	0.5760	0.5031	0.5633	0.6147	1.5039	0.3528	-0.1083	0.1769	-0.1641	-1.0790	-0.6513	0.8420	0.7100	-0.1145	-0.6774	0.2788	-0.0304	0.6982	-0.3148	0.4937	-0.4355	-0.1204	-1.0858	0.3798	0.3283	-0.1983	1.3654	-0.3176	-0.7030	-0.4302	0.3674	-0.4066	-0.0210	-0.5805	-0.0743	0.5320	0.6109	-0.1854	0.5706	0.0802	-0.5458	1.0469
1.0293	0.0596	-0.5731	0.3982	1.4066	-1.1933	-0.5549	-0.1980	0.7160	-0.5037	0.0291	0.8075	-0.7874	0.3591	0.7159	-0.9630	0.0778	-0.8067	0.8147	0.6483	-0.1931	-0.2983	1.4161	-0.0282	-0.0143	0.7004	0.3227	0.1471	0.1936	-0.5736	0.7159	1.3271	0.4386	1.8571	-1.5107	-1.0726	0.5834	-0.0325	-0.4021	1.1390	-0.6199	0.0906	0.6778	1.1878	-1.8158	1.8706	0.6997	-0.2602	0.5882
0.8445	-1.4080	-0.3363	0.8487	1.6581	-2.2232	-0.1575	-1.2014	0.0774	-1.1196	-0.8235	-0.7226	-1.0486	0.9986	1.2126	-1.8788	0.1008	-1.3691	1.7199	-0.0337	0.1596	0.3772	0.7160	-0.4923	-1.1097	0.6467	-0.3324	0.6672	0.8520	-1.2731	0.8009	1.1121	-0.3457	0.9989	-0.7408	-0.3676	0.1639	-0.5565	-0.7493	1.3732	-0.8034	-0.2660	-0.1366	1.3318	-1.9189	0.6182	-0.6267	-0.2377	0.3734
-0.1145	-1.4459	0.1685	2.1484	1.7304	-1.3524	0.4479	-1.8464	-0.7329	-0.7871	1.1322	-1.2265	-0.0330	0.5121	1.3019	-0.2190	0.7873	-1.9126	1.1967	-1.0904	0.6753	-0.1864	0.8173	-1.0247	-2.0408	-0.6373	-1.3022	1.4228	1.2624	-1.1829	0.5977	0.3828	-0.2040	0.4759	0.3746	-0.2711	-0.1736	0.0807	-0.5358	0.6538	-0.6838	0.5682	-0.8386	0.6852	-0.7725	-1.0594	-1.8137	-0.1549	-0.5146
0.7807	-1.1132	0.3378	2.3973	2.1695	0.1609	-0.5567	0.1049	-1.3312	-0.5221	1.8223	-1.2583	0.2688	0.3892	0.5330	0.4182	0.3152	-1.6031	0.4151	-0.2007	0.9734	-0.5600	-0.4086	-0.6686	-1.9150	-0.5822	-0.3784	2.1241	1.6399	0.8835	0.6144	-0.8064	0.2145	0.2269	0.7648	0.3851	0.7266	-0.0513	0.6112	-0.5466	-1.2361	0.6751	-0.5507	-0.5447	0.1048	-1.7715	-1.3531	-0.1108	-0.4777
0.9701	-0.8078	0.3899	2.4892	2.2671	0.1689	-0.2692	0.0071	0.1880	-0.4051	0.7417	0.0166	0.7232	0.2649	1.3552	0.0628	0.0481	0.0167	-0.0627	0.1666	0.6418	-0.5193	0.8885	0.3505	-0.2872	0.2906	-0.0024	1.3422	0.6799	0.4145	0.3901	1.0754	1.3705	0.1788	0.0342	-0.1334	-0.3547	0.5144	-0.8685	-0.1027	-0.8677	-0.1709	-0.2128	-0.3485	-0.7757	0.0805	0.9836	-0.7923	0.5962
1.1286	0.2689	-0.1208	2.6613	2.2221	-0.4616	-0.4063	0.0523	0.9837	-0.3290	-0.6275	-0.0871	0.3455	-0.0603	1.7759	-0.0626	-0.1675	1.2790	-0.2929	-0.1410	0.3676	1.0978	1.6512	0.8905	0.9010	1.1611	-0.2721	1.5718	-0.2519	-0.0627	-0.0796	1.1158	2.0195	-0.5186	-1.2297	-0.1091	-0.2026	1.4427	-0.5769	-0.0602	0.2398	0.0021	0.6012	-0.8165	-0.6603	1.0886	1.8496	-0.5960	0.2911
0.8698	1.1558	0.2888	2.4855	2.0516	0.0177	-0.9498	-0.0631	0.5726	0.4012	-0.0643	-0.9064	0.2921	-0.4888	1.8401	0.0801	0.3129	0.3097	-1.3571	0.3457	-0.1251	1.3099	2.1756	0.6344	1.4960	1.6008	-0.5835	2.2206	-0.9693	0.9652	-0.7022	0.9243	1.5237	-0.7911	-1.9971	1.0573	0.5224	0.9483	1.0073	0.2847	1.5515	-1.1067	2.1082	-0.0857	-0.1367	1.4217	2.7469	-0.4056	-0.3362
0.9163	1.0573	1.0764	0.8549	1.1180	-0.1676	-0.2562	-0.0730	-0.0581	0.3904	-0.0867	-0.6459	-0.3779	-0.7114	1.6447	-0.0916	1.5810	1.0797	-0.7464	0.5504	0.5428	2.1827	0.4023	0.2613	1.8390	1.2480	-1.3166	1.2161	-0.1335	1.2169	-0.6621	-0.0836	1.4390	-0.7121	-1.7367	1.9412	1.7937	1.0361	1.9539	1.6148	1.4409	0.7649	2.3044	-0.2481	0.2596	0.6182	1.9225	-0.0086	-0.8430
0.8997	-0.1652	0.8480	-0.0140	0.3597	0.2263	0.1509	-0.6450	-0.2166	1.3631	-0.9066	-0.6975	0.2794	0.0310	0.7084	-0.4061	1.4622	0.6357	-0.2748	0.2512	0.9877	1.8429	0.1573	1.8824	1.5064	0.5960	-0.1293	1.0625	0.0931	0.6794	-1.0039	-0.8006	0.9176	-1.0419	-1.1568	2.7578	1.3161	0.8589	1.3515	1.4135	0.6383	0.6091	2.0575	-0.4557	1.5800	0.5996	0.9524	0.3317	-0.9321
-0.1883	-0.5935	0.3963	-1.2625	-0.0879	0.8096	0.3559	-0.2891	-0.4905	2.0088	1.2439	0.5018	0.5775	-0.0467	-0.4476	0.2607	1.2199	0.9496	-0.7879	-1.5749	1.2160	1.1143	-0.2869	-0.4284	1.2090	0.1697	0.7026	0.4762	0.0127	1.1817	-1.2995	-1.1646	0.6410	-0.2945	0.0280	1.9122	0.7954	2.2789	2.1197	0.7385	1.1046	0.4825	2.1927	-0.1468	1.3710	0.6425	0.6424	0.3537	-0.8376
0.2532	-0.0399	-0.1569	-1.2322	0.1444	0.8777	-0.5873	0.3372	-0.7159	1.3049	1.0200	1.0671	0.2400	-0.1559	0.2510	0.1626	-0.0097	0.7371	-0.8868	-0.4927	-0.1430	-0.1860	0.8373	0.4480	0.7605	-0.8217	1.4269	0.1104	-0.1788	1.1824	-0.4262	-0.4203	0.6461	0.0258	-0.0657	1.3971	1.4419	0.8941	1.8586	-0.3102	0.1712	-0.8034	1.5556	-0.5306	1.3213	1.3054	1.3741	-0.5096	0.2883
-0.4904	-0.6810	0.3461	-0.8283	-1.3510	-0.8665	-0.9815	0.3219	-0.4090	1.2569	0.2684	-0.2785	-0.4559	0.2832	0.1502	-0.2013	1.0440	1.3936	-0.7024	0.3314	0.1876	-0.6184	0.6368	0.3939	1.7359	-0.2282	1.2826	-0.1526	-0.4072	0.7608	0.4300	-0.0128	0.2045	-0.5387	0.1725	1.0317	1.0759	0.0954	1.7274	0.2875	0.5910	0.3650	0.3817	-0.5961	-0.0078	0.1976	1.5620	0.9831	0.5336
0.0284	-1.0901	-0.0748	-0.8031	-1.3593	0.3467	0.0381	0.3484	-0.3522	0.3188	-1.4111	-0.6871	-0.3724	0.1202	-0.3698	0.3678	0.3407	0.9814	-0.3953	0.8258	-0.0170	-0.1774	0.0094	-0.3167	1.7491	0.7544	1.2412	0.1312	-0.7814	0.7697	0.6672	-0.7149	-1.0792	-0.1231	1.1782	1.7033	0.8727	-0.9578	0.4410	0.1335	0.0269	1.0401	-0.9001	-0.4977	0.9636	-0.1270	0.1762	1.4290	0.3971
-0.7700	-0.9577	-0.2308	0.2726	-1.3225	1.1442	0.7072	-0.6142	0.3321	0.2006	-0.0217	0.8175	-0.0046	-0.4449	-0.2135	0.7790	0.5690	0.7429	-0.1968	0.7724	0.4439	-0.0958	0.7506	-0.3147	0.8635	0.2627	0.2761	-0.5310	-0.5322	0.0552	1.1247	-0.4616	-1.2161	0.5280	1.4880	0.0491	-0.1453	-0.2417	-1.0217	-0.1554	0.0333	1.2794	-0.8003	-1.5244	0.1393	-1.0037	-1.5492	0.9703	-1.0895
0.0126	-0.0588	0.0999	-0.4603	-0.7751	1.0101	-0.0718	1.0596	0.1996	-0.2270	1.3260	2.0629	-0.1395	-0.5455	-1.1406	0.4593	0.0798	1.2785	0.0866	1.3569	-0.8247	0.1155	-0.2648	-1.1929	0.9078	-0.4151	0.3632	-0.1808	-0.3658	-1.1539	0.9943	-0.6470	-1.2105	1.6997	1.2868	0.2622	-0.4715	-0.4003	-1.5870	-0.2210	-0.1765	1.1916	0.2721	-1.2746	-0.7038	-1.4900	-1.6997	0.1734	-1.2466
-0.1873	-0.1416	-0.3154	-0.2070	-0.4281	1.2566	-0.0252	0.7630	0.3956	0.0390	1.0824	2.4741	0.2985	-0.8054	-0.1942	0.8298	0.0269	0.3252	-0.5113	0.7350	-1.4506	-0.9063	0.2619	-0.4884	0.6236	-0.2832	-0.7486	-0.2479	-0.5705	-0.5230	0.2518	1.5712	-0.1330	2.3993	-0.0997	-0.4209	-1.0538	0.6942	-2.2755	-0.3274	-0.0545	-0.0313	0.6285	-0.4629	-0.9394	0.5432	-0.6234	-1.0006	-0.3029
-0.0898	-0.3856	0.3484	-0.2474	-0.4380	0.6036	-0.0309	0.6046	0.0271	-0.5230	-0.2328	2.1365	0.0480	-0.7497	0.1307	0.4317	1.0614	1.2662	-0.2035	0.3357	-0.3845	-0.1780	0.2888	0.2792	1.5383	0.6475	-1.1912	-0.1187	-0.6014	-0.1683	0.8591	1.5933	0.9303	2.4952	-0.9784	0.0130	-0.3775	0.9602	-1.0265	-0.2408	-0.3674	1.0199	-0.0112	-0.4365	-1.5592	0.2459	0.2368	0.1883	-0.3588
-0.1404	0.0662	-0.1061	-1.2645	0.0173	0.2993	-0.4681	0.8513	-0.0982	-0.6856	0.0330	0.9376	0.1304	-0.5675	-0.4531	-0.7964	1.0823	1.1665	-0.5447	0.4332	-0.4502	0.1944	0.2487	-0.4110	1.0407	0.5744	-0.0631	-0.0132	-1.2627	-0.4068	1.1167	-0.1134	0.2635	0.5093	-0.9226	1.8184	0.1886	-0.2622	-0.5123	-0.2811	0.2976	-0.5651	0.1251	-0.7401	0.0808	0.1944	1.5762	0.0513	-0.9721
0.1652	0.4223	-0.3660	0.2240	-0.1127	0.9581	-0.6736	0.9987	-1.6185	-0.0161	-0.6031	1.0563	0.4799	-0.4627	-0.6432	0.5744	1.4030	0.6996	-1.8847	-0.4654	0.4054	0.2491	1.1398	0.0679	1.0412	0.8984	-0.1771	-0.7232	-1.4432	1.9180	0.0694	-0.3549	0.7450	-1.0469	-0.9358	1.2991	-0.7134	-1.2115	0.1661	-1.2869	0.9206	0.0386	-1.1127	-0.2227	0.3213	2.1439	2.5316	0.3592	-1.2010
0.0094	0.5072	-0.4554	0.9249	-0.5933	0.8565	-0.4384	-0.0455	-0.8956	0.7771	-0.1426	0.7313	0.1010	-1.2739	-0.1355	0.6073	0.6955	0.0456	-2.3367	-0.2529	0.1898	-0.2101	1.0643	-0.3277	0.4622	0.1532	-0.0828	-0.6207	-1.2536	1.5126	-1.2859	-0.1739	0.3454	-0.9852	-0.7643	1.1968	0.3055	1.1988	0.0769	0.0457	1.3897	-0.8886	0.1392	0.3406	1.3556	1.5890	0.6086	0.2972	-0.7453
0.1860	0.1203	-0.0566	0.6975	-0.5375	-0.2594	-0.4828	0.9395	-0.8611	-0.1233	1.3636	0.4244	-0.1065	-1.7661	-0.9224	-0.1224	0.3063	0.2569	-1.5632	1.2713	0.6416	-0.0356	0.0853	-0.6325	0.2408	0.4620	0.9401	-0.2621	-0.2753	1.9618	-0.7205	-2.3279	-0.1660	-0.5122	0.0576	1.1497	2.0735	1.9335	1.5452	-0.1946	0.2811	0.4858	0.7245	-0.6686	0.0069	-1.0932	-0.7372	1.0054	-0.4337
0.9099	-0.4175	-1.4760	0.5477	-0.6722	0.2467	-0.4853	2.6474	0.5170	-0.6367	1.8517	1.2081	-0.3972	-1.4603	-0.5702	0.1741	-2.0358	-0.2035	-0.9584	1.0088	0.4498	-0.9976	0.1389	-0.9810	0.3256	0.0502	1.4427	-0.6008	-0.2011	2.1958	-0.2630	-0.6897	0.2102	1.4226	0.2807	-0.1101	1.4821	1.3520	0.5390	-0.3490	-0.5029	0.0090	0.5043	0.4061	-0.0761	0.1938	0.2196	0.6716	-0.2148
0.6351	-1.0710	-0.3542	-0.7647	-0.7377	-1.7570	-0.2953	2.6352	0.8918	-1.1940	0.5502	0.4512	-1.4451	0.0943	-0.8711	-0.8638	-0.5066	0.7301	0.7123	0.0423	0.7915	-0.5600	0.8467	-0.1665	0.7205	-0.1783	0.7204	-0.1482	0.6186	0.3334	0.6479	-0.9019	0.1016	0.9844	0.3506	-0.4358	0.2444	0.1246	-0.2046	-1.1944	-0.3742	0.9150	-0.3126	0.0062	-1.6121	-0.2723	0.3571	1.3485	-0.5157
0.7416	-1.1813	0.4200	-1.1460	-1.5514	-0.8625	0.0836	2.1736	-0.3586	-1.1432	-0.8457	0.9868	-1.3609	-0.5086	-1.0158	-0.4987	-0.3112	1.5318	0.4897	-0.0688	1.2951	0.5882	-0.1243	-0.0554	1.7435	0.1002	0.0813	-0.2164	0.0030	-0.6406	1.5865	-0.5745	0.2743	0.4450	0.6901	-0.5885	0.1767	-1.2526	-0.7356	-0.6797	-0.7728	0.5150	-0.7989	-0.9674	-1.1730	-2.4220	0.0749	1.8181	-1.3578
0.3576	-1.0826	-0.5806	0.3667	-1.1510	0.8458	-1.6999	2.2161	-0.2653	-1.4602	-0.4233	-0.2928	-0.5981	-0.7374	-1.3789	0.8555	-0.8622	-0.0079	-0.5850	-0.4710	1.8171	-0.5358	0.6436	-1.9487	0.1449	-0.1716	0.0824	-0.0297	0.1388	0.1142	0.6350	-1.1697	-0.6623	0.1480	1.0986	-1.3766	-0.6982	-0.2822	-0.1429	-2.1246	-0.1467	0.8418	-0.8981	-0.7271	0.6636	-0.5141	-1.6336	1.1451	-1.1921
-3.4802	0.2334	-0.6614	0.6616	0.4268	1.1072	-5.4843	2.9167	1.1482	-0.8771	1.2556	-1.1473	1.7114	1.0596	-0.3140	1.4770	-1.8990	-0.5869	0.3439	0.9887	2.3965	-0.3684	0.5553	-1.9561	-2.6340	1.1052	0.9058	0.6405	1.2451	2.9305	-0.3009	-2.7267	0.7692	1.2114	3.0598	0.5544	-0.7223	-0.5997	1.5838	-1.2051	0.3864	0.9624	-1.0422	-0.2876	3.7316	1.2223	-0.9660	1.2253	1.2346
-1.1824	1.6308	2.0660	-1.0485	0.4122	0.0586	0.7990	0.6123	0.4865	2.8148	-0.4229	0.9662	-0.1183	1.6340	1.0360	0.4276	-0.7838	-0.1198	1.0174	1.0650	0.5980	1.7053	-1.7292	1.9264	-1.3942	2.8584	-0.6253	0.2608	1.5136	0.8047	0.1851	-1.4271	0.5503	0.9061	1.2161	0.3403	-1.2135	-1.0699	0.5906	1.0731	0.4135	0.2853	0.6358	1.3031	0.6902	0.5469	-0.6528	0.6584	2.2381
0.7068	1.7865	3.3307	-0.0840	1.3064	-0.2424	2.4829	0.0580	1.0380	1.8614	-1.4733	0.5023	-0.1776	2.5518	1.6628	0.1685	0.2951	-0.3314	2.5470	1.0735	0.2282	2.4180	-2.3950	2.5765	0.0258	1.7475	-0.2268	0.9606	1.5317	-0.9898	0.7787	-0.7317	-0.5464	0.2679	0.6334	0.2570	-0.6950	-1.3214	0.4853	1.8496	-1.0276	0.5235	-0.0487	1.4793	0.3253	0.5569	-0.4791	-0.2639	2.2539
0.0179	1.5190	2.7204	1.0391	0.5384	-0.8336	2.2355	0.4714	2.4072	1.4492	-0.4180	-1.7736	0.8340	2.9673	2.0325	1.3016	0.1082	0.1072	2.2780	-0.6655	0.3100	1.9745	-2.4649	3.0821	0.0682	-0.5022	2.0804	1.8218	1.9584	-0.2729	0.2174	-0.3824	0.0869	-0.0259	1.4222	-0.1998	0.8118	-1.3292	1.9956	2.6207	-1.3141	1.5465	-1.1064	2.2193	2.3072	0.7276	0.3180	1.4456	1.9831
0.4267	0.9531	2.1530	1.0319	-0.3112	-1.1312	2.1117	-0.9621	1.3965	2.5625	1.4437	-0.5952	0.6394	1.4868	1.0205	2.0265	-0.4057	0.2783	1.7021	-0.7699	0.1600	0.7356	-1.6170	2.7145	-0.5643	-0.8490	1.7333	1.0249	2.5617	-0.1670	0.1492	-0.9798	1.7462	0.2813	1.3400	-1.6801	2.1942	-0.2301	1.3588	1.8868	0.1050	0.0026	0.9574	2.4391	-0.0979	0.2362	0.1499	1.2754	1.6756
0.7682	-0.0874	1.2263	-0.0829	-2.2469	-0.8483	1.9652	-1.0402	-0.1110	2.5774	1.1207	-0.1576	0.3149	0.3412	-1.0393	1.1814	-1.1225	0.0318	2.3960	-1.7351	0.0871	0.7231	-2.4867	2.1810	-1.4522	-1.6371	1.7839	-0.5851	1.9903	-0.7659	-0.2671	-1.2155	1.7670	-0.8285	1.4584	-2.5840	2.4667	-1.2464	0.0141	1.9097	-0.2415	-0.8335	0.7393	1.1538	-0.7988	-1.5185	-0.8979	0.5087	0.5094
-1.2044	-0.8343	-1.1571	-1.2633	-3.4561	0.2275	1.2436	-1.1306	-1.1550	1.4817	0.3001	-1.5681	-0.7133	-0.7157	-3.1931	0.5275	-1.8447	-0.7652	1.1473	-2.4160	-1.1305	-0.1385	-2.0429	1.3839	-3.0536	-3.5887	1.4090	-1.8158	0.5426	-1.0159	-2.2885	0.3454	-0.3664	-2.3756	1.0725	-3.3268	0.6342	-1.5015	-0.6755	-1.0661	-0.0180	0.0411	-1.0688	0.4737	1.1158	-0.9010	-1.6209	-0.5653	-0.3103
-1.7597	-0.6038	-3.8421	-2.8757	-3.0252	-1.3504	1.0619	-0.8887	-0.7153	-1.4189	-0.7358	-0.3478	-2.5748	-2.0959	-2.6682	-1.1059	-1.6466	-2.0909	-0.9642	-0.7371	-2.5751	-2.0717	-0.4114	-0.5427	-2.5265	-2.6917	-0.6226	-3.3328	-1.2763	-0.8005	-3.3380	2.4410	-1.9966	-2.2768	-1.0805	-2.9192	-0.6847	-1.0767	-1.0976	-1.5936	-0.6005	-0.8849	-2.1828	-0.2252	-0.1302	0.8145	-0.0568	-2.2434	0.3590
-2.0522	-1.4884	-2.7995	-2.9927	-3.2770	-2.2422	1.0711	0.0556	-2.5532	-2.8665	-2.8702	-1.5260	-2.3687	-1.2873	-3.3845	-1.9797	-1.3835	-2.2992	-0.8003	-2.1771	-2.8270	-2.6773	-0.9377	-1.8925	-1.0360	-2.2556	-1.1675	-3.7152	-2.4247	-1.2318	-2.9710	1.5502	-3.0868	-2.9218	-0.7499	-1.2575	-2.5196	-2.8257	-1.3139	-2.6330	-1.9464	-1.0420	-2.2939	-1.0344	-1.0623	0.3394	0.4546	-1.9645	-0.0236
-1.9063	-0.5680	-3.0681	-2.5925	-1.4404	-1.2926	0.1565	-0.0588	-1.4432	-2.6545	-2.7449	-1.2647	-1.7275	-1.1037	-2.5001	-1.6929	-2.4085	-2.4242	-2.2773	-0.3780	-3.3594	-3.6007	0.9229	-2.6138	-1.2909	-1.8676	-3.1624	-3.6784	-2.8984	-1.8918	-1.5589	2.3830	-3.8219	-2.1354	-1.8746	-1.6808	-3.3156	-1.3427	-2.8636	-2.5250	-2.3396	-0.8650	-2.3814	-1.5783	-0.0430	0.3622	0.2874	-3.0383	-0.2508
-1.8691	-0.9307	-2.3732	-1.8045	-1.7427	-0.5910	-0.5259	-0.2266	-2.2886	-2.8139	-2.8866	-2.1947	-0.8487	-1.0510	-2.3366	-1.7514	-1.2394	-2.2713	-2.3995	-0.1851	-3.1504	-3.6944	-0.1608	-2.2799	-1.7554	-1.2892	-2.9359	-2.5406	-2.3098	-0.8355	-0.8613	0.8261	-4.4481	-2.3572	-2.1658	-1.3505	-3.7739	-0.8539	-2.2860	-2.7145	-1.5811	-1.1369	-1.4811	-1.9133	-1.1189	-0.2562	0.2344	-2.4297	0.3779
-1.2591	-0.3601	-1.1305	-0.9652	-0.5661	0.2930	0.0584	-0.9213	-1.7728	-2.8880	-2.5511	-1.2384	0.1730	-1.4082	-0.3716	-1.0437	-0.5083	-1.4895	-2.4148	-0.1756	-2.2312	-3.1045	-0.0958	-2.2432	-1.5781	0.5996	-3.0686	-1.5092	-1.7611	-0.3027	0.5528	0.6067	-3.2715	-1.3442	-2.1393	-0.6025	-3.3494	-0.0485	-1.6217	-1.0469	-1.2275	-1.1322	-0.4315	-1.0989	-0.7875	-0.1299	0.2111	-1.7556	1.0888
-0.0288	-0.3235	-1.1776	-1.2375	0.1728	-0.1284	0.9405	-0.1492	0.2927	-1.5177	-1.6166	-0.6553	0.0917	-0.2065	0.1065	-0.9630	-0.1185	-0.5358	-0.9541	0.1264	-1.9344	-1.4777	-0.5231	-1.7965	-0.8335	0.7595	-1.9185	-1.4246	-0.6100	-0.6228	0.9299	1.1963	-1.3996	-0.0340	-0.9148	-0.3800	-2.3303	-0.0794	-0.6665	-1.0929	-1.1811	-1.1462	0.1095	-0.2092	0.0195	0.0445	0.5698	-1.4298	0.7970
0.4664	-0.3220	0.2137	-1.3648	0.7501	-1.9397	1.0143	0.1749	1.0375	-1.1694	-0.7478	-0.3335	-1.1031	0.8707	-0.4562	-1.4908	0.9247	0.8766	0.6081	0.9807	-0.5067	-0.1797	-0.6960	-0.6603	-0.0098	0.6507	-0.6198	-0.8397	0.7402	-2.0808	0.6141	0.3211	0.6008	0.7512	0.8815	0.5111	-0.9737	-0.0124	-0.3880	-0.6369	-1.0945	-0.9640	0.6890	0.4246	-0.4301	-0.0121	0.8370	0.0280	1.1008
0.9506	0.3301	-0.0806	-1.0866	0.4787	0.3373	1.2915	-1.1266	0.8640	-0.9355	-1.3550	-0.2864	-0.2094	0.9848	-0.3129	-1.1678	0.5736	1.0147	1.0268	0.5474	-0.0851	0.7646	-2.0631	-0.3824	0.7100	0.0133	-0.2428	-0.2745	1.0916	-0.7944	0.4807	-0.6809	1.4847	0.4360	0.6255	0.7637	0.3114	-0.6829	-0.2373	0.1790	-0.5556	-1.1306	0.3133	0.4207	0.8755	-0.8241	-0.3302	0.4482	0.8941
0.5417	0.1728	-0.3194	0.3508	0.3103	1.2636	1.0044	-1.5442	0.3706	0.4420	0.2238	-0.1638	0.6086	0.5876	-0.4667	-0.4076	0.8700	0.0283	0.6537	-0.8050	0.5014	0.0909	-1.8921	-0.2463	0.9295	-1.1295	0.4762	-0.6386	0.9873	0.1351	0.6427	-0.8236	1.1894	0.5568	-0.1937	-0.3156	0.3389	0.8824	0.4102	0.1464	0.6833	-0.0780	-0.2056	0.6335	1.2647	-1.8093	-1.7975	0.0816	0.0536
-1.0668	1.0775	-0.3200	0.4848	1.1025	1.7924	-1.1744	0.7839	0.1970	0.6244	2.1119	-1.2602	0.1005	1.1023	-0.1704	-0.2493	0.3997	-1.6621	1.1614	0.5415	-0.5948	-0.0628	-1.1080	-0.0718	-0.2880	-1.2530	0.6707	-0.1444	0.7478	-0.4449	1.2472	-0.8622	1.2612	1.8298	-0.3379	-0.0972	-0.1521	1.1938	0.5830	0.1004	0.9229	-2.1071	1.0957	2.4166	1.4586	0.1031	-0.4166	-2.0026	1.5095
1.0320	1.2276	0.5713	-0.2353	0.7027	0.5349	-0.3463	0.7832	0.5012	-0.5204	0.8797	0.1661	0.0124	0.1645	0.9391	-0.9792	2.0435	-0.0758	0.4675	1.0882	0.3696	0.0185	0.6210	-0.3407	-0.2958	-0.3526	-1.2543	-0.0102	1.4172	0.1363	1.2386	-0.0992	1.5344	-0.1171	-0.6253	-0.7427	0.4045	0.2016	1.2849	0.3178	1.1356	-1.3640	0.8549	1.7455	-0.6159	0.5716	0.4536	-0.2618	0.8736
1.7976	1.4710	1.9567	-0.4116	0.8068	0.2430	-0.1810	-0.3888	0.1726	-0.6569	0.2180	0.4780	-0.4264	0.1629	0.9018	-0.9194	3.0312	1.3841	0.4567	0.9029	1.0044	1.7731	-0.0694	0.1042	0.8385	0.7401	0.1010	0.4947	0.9303	-0.3552	-0.3573	0.1754	1.1179	-0.6132	-0.5061	0.8916	0.4235	0.0325	1.4961	0.5513	1.9529	0.4579	0.3823	0.7249	-0.2860	-0.7780	0.3036	0.6582	-0.8281
0.8856	1.6429	1.7117	-0.3074	0.8856	0.3123	-0.2683	-1.0969	0.1204	0.7162	-0.4945	-0.5287	0.0590	-0.1403	0.8885	-0.1392	1.6836	0.8690	0.3072	1.1792	1.3946	1.8461	-0.4728	1.3172	1.5082	1.0138	1.2747	1.4055	-0.2103	-0.3928	-1.6809	0.1397	0.4115	-0.5664	-0.6415	1.9824	0.6318	-0.1323	1.3781	0.7715	1.5363	1.3985	0.6334	-0.2408	1.0614	-0.3865	-0.0804	1.0119	-0.8612
-0.8791	1.7819	1.4763	0.8503	0.8855	1.3254	0.8493	-1.1102	0.2685	1.0690	0.5516	0.5125	0.2040	-0.6568	1.2135	-0.1677	1.3565	1.2186	0.0768	0.3919	1.3559	2.1074	0.2468	0.4602	2.0648	1.6062	0.0368	0.7910	-1.6230	0.2162	-0.6927	0.5223	0.6358	0.1386	-0.9677	0.9466	0.8226	1.2557	0.4836	0.8470	1.7324	1.5988	1.5439	-1.7898	0.1494	0.0936	-0.4041	0.6094	-0.9734
-1.1509	2.0003	1.2624	0.0216	1.7497	1.4921	-0.0004	-0.9182	-0.1355	1.1522	1.3275	0.3525	-0.1588	-0.1795	0.4814	-0.7820	0.1852	0.4775	-1.1825	1.6203	0.2026	1.1016	-0.1116	-0.1164	1.2088	0.9591	1.0835	0.8358	-1.9552	0.5908	0.5704	-0.7801	0.0348	0.6458	-1.4720	1.0686	1.7071	0.7908	0.5646	0.0287	1.9616	0.7350	1.8105	-2.4745	1.0176	1.1018	-1.2572	-0.4094	-1.1068
-1.2303	1.6340	1.4552	-0.4080	0.6234	1.5704	-0.2937	-0.8144	-0.3660	1.0743	1.0775	0.9303	0.3333	-0.7511	1.3695	-0.3542	0.8345	1.2503	-1.8855	1.0752	0.0351	0.2756	0.9991	0.7146	0.6714	0.3097	0.5262	0.8836	-1.2792	0.7374	1.1382	0.2986	0.8003	-0.2036	-1.5491	1.3124	1.1086	0.8328	-0.1129	0.8172	1.9426	0.0129	1.7115	-0.7016	1.1768	0.7563	-0.2822	-0.5480	-1.2571
0.4500	1.4402	0.5534	-0.4915	0.5745	0.9280	-0.2047	-1.1464	0.1584	0.1222	0.6905	0.1178	0.1286	-0.1797	0.7417	-0.3640	1.4745	1.4833	-0.8650	-0.4419	0.2132	0.0727	1.0837	1.0216	-0.0193	0.0766	0.8379	0.5621	-0.0784	0.6850	1.0051	0.6263	0.0849	0.3303	-0.8224	1.1971	1.2055	0.0831	0.2749	0.9419	1.5060	-0.1226	1.2594	0.5981	-0.0098	0.9712	0.0263	1.2086	-1.0602
1.1336	0.5662	0.2961	-0.2208	0.2218	0.8337	-0.0973	-0.9727	-0.5158	0.0842	-0.7221	0.7947	0.8722	0.5516	0.6379	0.3783	1.2995	0.4450	-0.1682	-1.1613	0.8696	-0.1056	0.2682	1.5756	0.2927	0.7780	0.5717	0.4121	0.3748	-0.0791	1.3121	1.0081	-0.2266	1.2809	-0.0384	0.9287	0.6481	-0.2373	0.0605	1.0466	-0.0339	-0.1448	-0.1260	1.1187	0.5620	1.1471	-0.3117	1.3490	-0.1438
0.5603	0.5969	0.4403	0.1108	-0.2448	0.9674	-0.3911	-1.0057	-1.1161	1.1173	-0.2271	0.7030	1.3401	0.9885	0.0878	0.6958	1.4063	-0.3068	-0.0294	-3.2352	0.2318	0.1230	0.0052	0.6546	-0.1332	-0.8788	0.0040	0.0471	1.1798	-0.0468	0.5392	1.1687	-0.4231	0.6368	0.4095	0.4371	-0.0673	1.0000	0.6159	0.5847	1.3130	0.9292	-0.6717	0.7817	1.3856	-0.6891	-0.5826	0.9799	-1.3244
1.2022	1.4174	0.0031	-0.1043	0.8437	0.9021	-1.1419	-0.0922	-1.5060	0.1725	1.1069	0.3921	0.8452	1.4999	-0.7870	0.2542	0.9757	-0.5407	-0.0377	-0.5174	-0.1164	-0.7450	-0.0575	-0.7274	-0.2691	-0.8318	0.4356	0.1152	1.6359	0.8766	1.0794	-1.2248	-1.3271	0.8273	0.1503	0.4148	0.4884	1.2147	1.7097	-0.3693	1.5084	0.6140	-0.1872	0.2885	0.4750	-1.1692	-0.3316	0.2576	-0.5682
1.5284	0.8981	-0.4810	0.7305	0.2513	1.7617	-0.5558	0.1590	-0.0772	0.0138	1.6170	2.2631	0.5809	1.0144	0.8509	0.3818	0.1482	-0.1033	0.0363	0.3766	-0.0112	-1.5146	0.1410	-0.0903	0.0582	0.6298	-0.2929	-0.6949	1.4370	0.8644	2.0536	-0.7616	0.4390	1.3105	0.0985	-1.0625	0.9632	1.3014	0.1862	1.0527	1.3993	-1.8161	0.5615	1.2700	-0.3384	-0.8329	0.3733	0.2151	0.0496
2.3781	0.0514	0.3565	0.9886	0.3347	0.7636	-0.8264	0.1153	0.1699	-0.1836	-0.1719	1.9103	0.0657	1.9076	1.6762	-0.2886	0.9891	0.8592	0.1539	-0.8269	0.3273	-0.5910	0.2830	0.6750	-0.0950	1.6340	-1.8352	-0.3813	1.8514	-0.2929	2.3425	-1.4021	0.9463	-0.0453	0.8951	-1.1625	-0.0757	0.5361	0.1146	1.8654	0.5676	-1.5382	0.8132	1.9509	-0.6417	0.5179	0.0500	0.4816	1.1006
1.9568	-0.9393	-0.0424	1.4759	0.9629	0.7432	-0.9942	-1.3057	0.2162	-0.6253	-0.2167	-0.5627	0.4603	2.6568	1.3611	-0.4181	0.4309	0.1690	1.1711	-1.1110	-0.7802	0.9310	0.3048	0.3494	-0.3888	0.7443	0.6992	0.5423	1.6907	-0.1458	0.7828	-0.0596	-1.1761	0.3622	2.1240	0.3500	-0.2970	0.8916	1.1197	0.6907	0.5206	-1.8085	1.1080	2.6875	-0.2342	1.0682	0.5254	0.5822	0.8404
1.5607	-0.7859	-0.8960	2.2708	2.0854	-1.5754	0.1709	-2.6028	0.5786	-0.9052	0.5871	-0.4214	-0.1633	0.8715	1.2929	-0.1524	-0.4277	-1.1799	0.9238	0.0458	0.0555	-0.2263	1.0033	-0.0216	-0.6538	0.4346	0.4471	0.7786	1.3890	-0.1811	-0.9115	1.6907	-0.7316	0.8540	1.0824	-0.3913	1.3016	1.2719	0.6406	2.0499	1.0013	-3.0347	1.2695	2.7538	-0.5032	1.4116	1.4741	0.9839	0.5753
0.2689	-0.9465	-0.4159	3.1054	0.7157	-1.1271	0.5338	-0.8039	-1.2723	-0.4938	-0.2205	-0.9031	0.0830	0.5777	0.2678	0.6035	-0.4476	-0.2537	0.4931	-1.0913	1.1897	0.6414	-0.1683	0.2120	0.3255	0.5409	0.2331	1.3772	1.1737	1.1064	-1.3261	-0.4038	0.2078	-0.8250	0.9810	-0.1226	0.1329	-0.2506	1.2582	1.7228	0.1863	-0.1053	0.1820	0.9057	-0.2001	-0.1436	1.0710	1.2044	0.0061
0.1170	-0.7737	-0.2548	3.2182	0.9367	-0.4242	-0.0247	-1.1509	0.0467	0.6415	0.1834	-1.8256	0.4016	-0.0229	0.1291	0.2798	-1.4126	-0.2509	0.5052	-1.6909	0.4536	1.2182	-0.3611	0.7072	0.4711	-0.4381	1.1926	1.4742	-0.0940	0.3418	-1.4715	1.6963	0.3137	-0.8514	0.4675	-0.1461	0.6292	0.2555	0.7791	1.4601	0.0579	1.3101	-0.2781	-0.3847	-0.0747	-1.5231	-0.1788	-0.2038	-1.0593
-0.2293	-0.4108	0.1187	3.6878	1.3504	-0.7120	0.2799	0.3887	0.4299	1.3968	0.3470	-1.6844	0.6020	-2.0303	0.1866	0.4553	0.2343	-0.6380	-0.4682	-1.5906	0.5853	0.7900	1.4497	-0.3005	0.0474	0.1076	-0.5149	1.7200	-0.7709	0.8672	-0.4092	0.0374	0.5181	-0.7852	-1.6537	-0.6483	0.1802	0.4993	0.6739	-0.1365	0.0038	3.4239	-0.4234	-1.4581	-1.2047	-0.3804	0.3581	-1.0674	-1.1582
0.0779	-0.2651	-0.1379	1.9177	0.3560	-1.1399	0.1912	-0.1480	-0.4196	1.1319	1.3240	-1.0595	-0.3206	-2.1167	0.0245	0.1498	-1.3988	-0.2954	-0.2158	-0.0523	-0.8626	1.1858	0.4527	0.5488	-0.0166	-0.0476	0.5522	2.0884	-1.1232	-0.3115	-0.7094	-1.1616	-0.0984	-0.3499	-1.4894	0.6677	0.8392	1.2850	0.3191	-1.0735	-0.7320	2.4893	0.3489	-2.5389	-1.4566	-1.0340	-0.7254	-1.5860	-0.9119
-0.2123	-0.2897	-0.3824	1.3592	0.5413	-0.2188	-0.1051	-0.2980	0.5885	0.1932	1.2158	0.0087	-0.4264	-2.5948	-0.2717	0.8607	-2.0204	-0.9649	-0.7447	1.2733	-1.2339	-0.2266	1.3851	0.6532	-0.0206	0.2378	0.3507	1.6345	-1.4032	0.6546	-2.0400	0.3387	0.6997	0.5520	-1.0670	0.3487	-0.1088	0.7475	-0.4670	-0.4994	-1.1382	1.3451	0.4593	-1.1342	-0.5756	1.5293	0.7316	-1.2387	0.3243
0.0222	-0.5952	-0.7709	0.4558	-0.1806	0.2972	-0.1906	-0.3189	1.0842	-0.0005	1.1817	1.0256	-0.6652	-2.3507	0.3046	1.1456	-1.1911	-1.0969	-0.6454	1.0254	-0.4822	-0.0813	1.3270	0.8866	0.3389	0.8427	-0.0733	1.3781	-1.3491	1.9299	-2.0082	0.7853	0.8564	-0.1057	-0.5021	0.4255	0.1711	0.9355	-0.1568	0.3782	-0.7363	-0.1600	-0.0853	-0.8313	-0.5243	0.9382	0.8139	-0.1808	0.1215
-0.4340	-1.3916	-0.4464	-0.6065	-0.5734	-1.3246	-0.2341	0.0632	0.3850	-1.1805	-0.2437	0.3705	-0.2665	-1.0554	0.2676	-0.0515	-0.3955	-0.4541	0.4025	-0.0555	0.7571	0.4580	0.4945	-0.1529	0.6664	1.1784	0.6734	0.6864	-1.4968	0.8794	-1.7096	0.7371	0.0614	-1.1207	-0.1150	2.0929	0.4520	0.6715	0.2214	0.7461	-1.3469	0.0955	-1.0078	-0.3699	-0.4983	0.4378	0.5223	-0.1691	-0.1022
-1.0033	-1.2138	-0.1714	-0.3668	-0.8037	-0.9546	0.4318	-0.0753	-1.0681	-0.3022	-0.1902	1.2651	-0.1714	-0.5010	0.0689	0.2460	-0.6965	-0.2570	0.1258	-1.5465	0.8622	0.5670	0.2533	-0.8819	1.4226	0.6620	-0.4471	-0.7204	-1.4209	0.9051	-0.9941	0.6110	0.5359	-1.4092	-0.5777	0.9584	-0.5052	0.3692	-0.3885	0.3859	-0.5174	0.4049	-1.0193	-0.9797	-0.8683	0.2595	1.0347	-0.7896	-0.6612
-1.5252	-0.9617	-0.8211	-0.3955	-1.4006	-0.1395	0.3684	-0.2971	-0.9198	1.1183	0.6397	-0.9388	0.5511	-0.1275	-0.9281	0.2433	-0.5386	-0.5045	-0.8248	-0.3126	0.5565	-0.4136	-1.4508	-1.3375	0.9595	-1.5157	0.7018	-0.1628	-1.2232	0.1805	-0.7883	-0.7465	-0.8148	-1.0319	-0.5236	0.9590	-0.3239	0.9307	-0.0882	-0.1346	0.3004	0.3900	-0.7890	-2.0387	1.2149	-1.2055	-0.4609	-0.5682	-1.6670
-1.0402	-0.2930	-1.1347	-0.3689	-0.6463	1.0935	-0.6704	0.4567	-0.4257	-0.4427	0.2037	0.8133	0.2577	0.0640	-0.7552	0.5709	-0.4363	0.1558	-1.1837	0.8942	0.1014	-1.1251	0.3072	-0.3746	0.2123	-0.2388	0.7287	-0.7321	-0.8387	0.9471	-0.4356	-0.6151	-0.1021	0.2678	0.3399	-0.3943	-0.7826	0.9921	-0.6925	0.3850	0.1186	-0.2878	-0.1971	-0.2906	0.6083	0.7306	0.7710	-0.1510	-0.0192
-1.4273	-0.0560	-0.9258	-0.5058	-0.2593	0.3259	-1.0213	0.6749	-0.0133	-0.3905	-0.9551	-0.2813	-0.1853	0.6051	-0.2808	-0.4103	0.0671	0.4695	-0.5298	0.4341	0.4184	-0.7942	0.0257	0.2262	-1.3660	0.6673	1.6358	-0.5157	-0.6414	0.6801	-0.3225	-0.0278	-0.4359	-0.3188	1.4396	-0.8219	-0.2516	-0.1076	-0.0714	0.1694	-0.0481	0.0542	-0.9862	-0.4251	0.0843	1.2001	0.5730	1.0391	0.2981
-1.5628	-0.0727	0.2310	-0.2033	0.3488	-0.8633	-0.5562	1.0764	0.1321	-0.2430	-1.1217	-0.2165	0.3677	0.8204	0.2282	-0.2540	0.3643	1.2289	-0.5477	0.7535	0.9556	-0.0581	-0.4480	-0.8615	-0.6037	1.0397	0.9666	-0.2379	-0.7066	-1.3180	-0.4163	0.8999	-0.7397	-0.4827	2.1764	0.6057	-0.7026	-1.2678	-1.1128	0.3324	-0.2288	-0.2725	-0.6549	-0.0754	0.3068	-0.0042	-0.0093	0.3484	0.3780
-0.7920	-0.1390	0.3283	-0.1162	0.5371	-0.4145	0.3581	0.9096	0.4811	-0.0792	-1.2945	0.0031	0.5699	0.7018	0.6669	-0.1918	-0.2869	1.0302	0.6211	0.6390	0.5623	0.3024	-1.3539	-0.6278	0.0872	0.8741	-0.3421	-0.3729	0.1475	-0.6373	0.2942	0.6654	0.1111	0.6323	1.4560	-0.1555	0.0539	-1.7930	-0.5839	0.1664	-0.3075	0.4285	0.1072	0.5462	-0.3368	-0.0618	-0.5643	0.6261	0.4623
-0.8382	-1.0689	0.2351	0.4381	-0.1610	0.2812	0.0870	1.0047	1.1867	0.6866	-0.6765	0.6760	1.1028	0.4303	0.1848	0.6681	-0.1158	0.3348	1.3722	-0.0873	1.3868	0.6581	-1.4972	0.4051	0.9809	0.0604	0.0767	-0.7881	0.6408	-0.9218	2.0903	0.1183	1.3694	0.5547	0.9681	-0.9755	-0.1212	-1.9439	-0.4828	0.5419	-0.4110	1.8674	-0.3471	1.1443	-0.0002	-1.4498	-0.9639	1.2675	-0.6310
0.1664	-1.7752	-0.5834	-0.0485	0.1128	0.5755	0.7481	1.0092	1.5268	0.9239	0.5773	0.5829	0.8026	0.4380	-1.1056	0.7637	-0.4660	-0.3730	1.5219	0.4272	0.6434	0.4302	-0.8597	-0.5442	0.4981	-1.2524	0.8021	-0.4452	1.2758	-1.3042	2.6416	-1.4811	0.9319	1.7978	1.0484	-1.3748	0.7890	-0.6225	-0.5880	0.0109	-0.3369	0.6300	-0.3225	1.0363	0.2442	-1.7410	-2.0076	0.8187	-0.5677
0.8784	-0.9209	-0.8044	-0.3992	1.1034	-0.3898	-0.2243	1.3491	1.3118	0.1911	1.2887	0.8500	0.6376	0.5527	-0.9827	0.5178	-0.8693	-0.1223	0.7950	1.9894	0.2992	-0.3683	1.3556	-0.1436	-0.5611	-1.5793	1.0442	-0.1076	1.4165	-0.1093	0.6929	-1.2206	1.3079	2.4552	1.1672	-0.8926	0.2123	0.5443	-0.2780	-0.9532	-0.7116	-0.6207	-0.0718	1.0228	-0.8329	0.5791	0.1286	1.0602	0.8343
0.5547	-0.0837	1.1801	-0.5368	0.2327	-0.6379	-0.0490	1.4839	1.5520	-0.0356	1.0302	-0.9112	0.0894	0.5049	0.4384	0.4520	0.4148	1.0930	-0.0920	0.7283	0.2519	-0.0837	0.8831	1.0047	-0.6976	-1.6608	0.9638	0.9315	0.7917	0.3997	-1.4847	0.2264	0.9943	0.0884	0.8212	-0.0073	0.5845	0.2675	-0.7916	-0.5754	-0.0674	-0.9115	-0.4153	0.0509	-1.1963	1.0073	0.2387	1.6590	0.1472
-0.1166	0.3548	2.2162	-0.3648	0.4525	-1.2694	-0.1305	2.7610	1.0073	0.2293	0.1919	-2.0903	0.8955	-0.0383	0.9824	0.1826	1.2016	0.9678	-0.8757	0.0012	0.4803	0.4909	1.8009	0.4957	-1.3524	-0.0778	0.1379	1.5414	0.2533	0.7081	-2.0004	0.2238	1.0393	-2.0251	-0.3159	0.7825	0.8684	-0.5512	-0.2196	-0.3744	-0.0063	-0.9041	-0.7075	0.1907	-0.5088	0.9871	0.4248	1.4795	0.5822
-0.1988	0.1031	2.6573	-0.6854	0.8735	-1.0141	0.3177	2.0677	0.2342	0.7416	-1.3410	-0.5734	0.7057	-0.6789	1.5876	0.5377	1.0829	0.5049	-0.3526	0.2409	0.8422	1.0632	0.9601	0.8605	-0.0689	0.6340	-1.0960	1.0843	-0.0709	0.6422	-1.4927	0.5017	0.8614	-2.0947	-1.4547	1.4296	1.0949	-1.5376	0.0106	0.0447	-1.2874	0.0073	-1.1904	-0.8331	-0.1921	0.7577	0.6364	0.4065	0.9610
-0.4531	-0.4390	1.5269	0.0021	0.4168	-1.0678	0.4605	-0.2301	0.1816	1.5455	-0.4498	-0.3208	0.6034	0.0243	1.2604	1.2323	-0.2648	-1.1919	0.1675	-0.9203	0.5805	0.6872	1.1129	0.8783	0.1650	-0.3772	-1.4021	1.0806	0.1656	-0.1160	-0.3984	-0.4703	-0.5520	-1.4364	-2.0818	1.0267	0.2656	-0.6026	-0.2892	-0.4608	-0.7599	0.9240	-1.1443	-0.6926	-0.4911	-0.7611	-0.7265	-0.3966	-1.0569
0.5899	-0.1814	1.2037	-0.3811	0.0117	-0.3550	-0.6961	0.0680	0.2172	1.6999	1.0742	1.1255	0.0322	0.7511	0.7737	1.2022	-0.4454	-0.8462	0.6762	-0.1524	-0.7960	-0.0764	0.9541	-0.4307	-0.2842	-0.9881	-1.3853	0.4474	0.9199	-1.2070	2.3433	-0.7196	0.2351	0.5085	-1.6186	0.0706	-0.0756	-0.0810	-0.5617	-1.6615	0.1765	0.5164	-0.4907	-0.0850	-0.9330	-1.0433	-0.2366	-1.1822	-0.8295
0.9482	-0.4179	-0.3866	-0.5301	-0.3964	-0.6114	-0.9422	-0.4297	0.6988	-0.6733	0.7339	0.3003	-0.6590	0.1724	0.8687	0.4257	-0.5842	-0.9694	0.1575	0.6376	-1.0087	-1.2910	1.2886	0.0118	-0.7461	-0.8580	-1.4058	0.3942	0.8599	-0.9884	2.1796	0.5004	-0.1819	0.9187	-1.5432	-0.1510	0.0642	-0.4682	-1.2505	-1.5678	-0.2146	-0.7836	0.1455	-0.3919	-1.5495	-0.3168	0.6715	-0.7214	-0.6495
0.0240	-0.5869	-0.1195	-1.0482	-0.6872	-2.1980	-0.4781	-0.2354	-0.2436	-1.6832	-0.5837	-0.5875	-0.6792	0.0162	1.1791	0.0658	0.5366	0.2106	0.2413	0.4555	0.7193	0.1089	0.8254	0.6836	0.3401	0.6551	-0.1325	0.7576	-0.0173	-1.4793	1.0104	0.1262	-0.0782	-0.0251	-0.1512	0.7473	-0.0800	-0.9638	-0.7934	-0.7419	-1.2131	0.0360	-0.8201	-1.1427	-0.5930	-0.6009	0.4640	0.7683	-0.7704
-0.6157	-0.9036	-0.7687	-0.7248	-0.8699	-0.2364	-0.3732	-0.2179	-0.1380	-0.4115	-1.1846	-0.9241	0.0059	0.0286	-0.1666	0.3908	0.0834	0.1273	0.7529	-0.4071	0.7539	0.6185	0.0960	0.7217	0.0750	0.3770	1.0188	-0.5564	-0.8041	-1.0014	-1.0845	0.7239	-0.4827	-0.4810	0.4128	0.5803	-0.8426	-1.2076	-0.1619	-0.5906	-1.1725	0.8070	-0.9625	-0.4177	0.6637	-0.7432	0.4240	0.3880	0.1406
0.0049	-0.8718	-1.3549	-0.2555	-0.3590	1.2477	-0.2086	-0.3537	0.1197	0.6135	1.0603	0.1629	0.5579	-0.2538	-1.7783	0.7368	-0.1248	-0.0676	-0.0576	0.5083	-0.1591	-0.1487	-0.4652	-0.7436	-0.3496	0.0765	-0.6328	-0.8268	-0.9525	0.0148	-0.3834	-0.4229	-0.6606	0.2079	0.5609	-0.0437	0.1036	1.5647	-0.0207	-1.6540	-0.6638	-0.2809	1.1059	-0.8927	0.4269	-1.6187	-0.9524	-2.3457	-0.2139
0.5520	-1.2930	-1.5832	-0.0848	-0.7025	1.1139	-0.9632	0.3961	0.5878	-0.0804	0.8044	0.7483	0.5320	-0.4796	-0.7715	0.9129	-0.9323	-0.6799	0.1050	1.1033	-1.4098	-0.6536	0.3785	0.5270	0.0695	-0.7283	-1.7259	-0.9729	-0.7611	0.2470	0.8433	1.0234	0.8888	0.5574	-1.0291	-0.1754	-0.4064	0.5475	-0.4232	-0.6827	-1.6065	-1.3628	1.5642	-0.4011	0.2400	-0.4294	0.4638	-3.2540	-0.2640
-0.0381	-1.7165	-1.1670	-0.6320	-0.5978	-1.2826	-0.3484	0.5046	0.9229	-0.8922	-0.2861	0.3550	0.0490	0.2815	-0.5081	0.1076	0.1454	-0.2749	0.7837	1.4668	-1.0164	0.0025	1.5224	0.4929	0.4401	0.2024	-1.8187	-0.0693	-0.3554	-0.7633	1.6856	0.4490	0.3208	0.2138	-1.3768	0.7550	-1.3596	-0.1895	-0.0149	0.1780	-2.4556	-0.6305	1.3852	-1.2350	-0.4104	0.2873	0.0839	-2.9220	-0.6083
0.6867	-0.8347	-0.2287	-0.6101	-0.6622	0.1927	0.4945	-0.0178	0.2537	-0.9669	-1.1220	1.0810	0.7139	0.1286	-0.3675	0.1461	0.2135	0.5488	1.3721	0.9846	-1.1276	0.8942	0.6003	-0.5186	0.4917	0.7713	-1.7104	0.1872	-0.4310	0.2112	1.5542	0.1599	0.0284	0.3915	-0.2618	0.9488	-1.8180	-1.0946	0.2624	-0.0697	-1.8668	0.0335	1.0666	-2.0603	-0.1678	0.6852	0.1483	-2.3523	-0.6388
0.3605	0.2615	-0.8607	0.2320	-0.4662	1.5615	1.1557	-1.2007	0.1184	0.7498	-0.4996	0.6475	1.0691	-0.9087	-0.7969	0.7105	-0.7340	-0.3878	-0.4017	-0.0981	-0.3734	-0.1986	0.4492	-0.4116	-0.5182	-0.1315	-0.9442	0.1113	-1.3164	0.8695	-0.3676	0.4043	-1.1519	0.3377	0.4970	0.4846	-1.5048	0.3015	-0.2089	-0.2656	-0.2897	-0.2783	0.6700	-1.7306	0.6845	1.1652	-0.0506	-1.9939	-0.8261
0.3514	0.9071	-0.1338	-0.5203	-0.0563	1.0304	0.5163	-0.0969	-0.7239	1.1477	0.3837	1.1831	-0.0126	-1.9011	-0.3919	0.0672	-1.4973	0.4834	-0.9825	-0.6137	-0.3869	0.1142	-0.1306	-0.8734	0.2322	0.0481	-0.4102	0.3605	-1.2815	-0.3059	-0.5946	-0.5758	-0.4302	0.7458	0.6856	-0.0322	-0.2390	0.7142	-0.4686	-0.1434	0.6634	0.3377	-0.2338	-0.9899	0.3722	-0.2863	-0.6577	-1.3453	-0.7902
0.0991	1.4671	0.4374	0.0512	0.3652	0.5612	-0.6232	0.6575	-1.8152	0.6939	-0.1517	-0.0108	-0.0645	-1.8726	-0.0585	0.2138	-2.0440	0.4766	-0.3609	-0.5800	-1.1250	-0.4081	-0.4431	-0.1786	0.7208	-1.0915	-0.0348	0.8035	-0.6722	0.1611	-0.5528	-0.1626	0.1554	1.0445	0.2400	-0.2757	-0.1883	-0.9470	0.1577	-1.0704	0.6314	1.3644	-0.9178	0.5166	0.3461	-0.5180	0.5031	-0.0153	0.2026
-0.3516	0.6165	-0.1110	0.2534	0.7355	0.9477	0.0692	0.2771	-0.9623	0.1558	-0.1896	0.7577	-0.0074	-1.5010	0.2798	0.7170	-1.3808	0.7826	-1.2551	0.3486	-0.8069	-0.3199	0.9253	0.1973	1.7760	0.1503	-0.7270	0.4681	-0.5843	0.8181	0.3705	0.7228	0.3896	1.0959	0.5802	-1.2948	-0.0605	-1.0403	-1.0320	-0.4640	-0.1380	-0.2682	0.2736	0.5213	-0.7120	0.3468	0.8185	0.0960	1.4836
0.0498	-0.4650	0.1041	-0.8855	0.1690	-0.3726	-0.3423	-0.2900	-0.8521	0.7181	-0.4691	0.0418	-0.7053	-0.7348	0.0563	-0.2162	-1.1049	1.1495	-0.2511	0.3405	-0.7191	0.6051	0.2230	0.2718	0.9616	-0.2558	0.1490	0.4043	-0.2162	-0.9791	0.4219	0.3821	-0.1665	0.9981	1.5637	-0.9357	0.5081	-0.7391	-0.8122	-1.1620	-0.1703	-0.2062	0.7184	-1.2376	-0.8467	-0.6303	-0.4375	-0.2009	0.6094
0.7958	-0.5389	-0.1586	-0.8730	0.0394	-0.4108	1.3738	-0.5488	0.2717	0.3443	-1.2414	-0.8486	-0.4004	0.0466	-0.2032	-0.8500	-0.6400	1.0009	1.3745	1.7578	-0.4624	-0.1429	0.1634	-0.5204	-0.5584	-0.5039	-1.0054	0.9652	0.4870	-0.5546	0.5835	-0.7609	-1.5298	1.1242	1.6277	-0.1633	-1.4228	-1.0292	-0.4039	-1.5843	-0.6288	-0.7248	0.7101	-0.6352	-0.2831	0.0936	-0.8282	0.4365	0.5852
-0.0071	-0.1725	1.6354	-0.1334	-0.8108	-0.9976	-0.0879	-0.1709	-1.0624	-0.7750	-0.3827	-0.6812	0.0533	-0.2221	0.3425	-0.2122	-0.1164	1.0033	0.3080	-0.0706	1.2184	0.4456	0.3556	-0.3890	-0.4298	-0.5710	-0.9360	0.7716	0.8381	-1.3792	0.2130	-0.2803	-0.3753	0.4385	0.9231	-0.5045	-0.5822	-1.3536	-0.5948	-0.8306	-0.8448	-0.1269	-0.0767	0.1453	-0.0143	-0.8354	-0.7636	0.8463	1.0647
0.2952	0.0048	1.6387	0.7403	-0.2209	-0.9127	-0.2854	-0.1342	-0.5816	-0.4419	0.3965	-1.0917	-0.1579	0.3857	0.0071	-0.7055	-0.3157	0.2926	0.3134	-0.0935	0.5592	0.6949	-0.3146	-0.6618	-1.4158	-0.1958	0.0952	-0.2182	0.8337	-0.9603	-1.0243	0.4671	-0.7834	0.7418	0.7648	-0.7305	0.2856	-1.3592	-0.8804	-1.0608	-0.4600	0.7177	-0.3895	0.4322	-0.4661	-0.5098	-0.4773	0.9780	1.2111
-0.2974	-1.0296	1.3039	1.2908	-0.7666	0.0737	0.4885	-0.5608	0.4014	-1.0531	-1.3970	-0.7699	-0.0947	1.3253	0.2352	-0.2716	0.6561	0.0947	1.0667	0.1321	0.9706	0.8589	-0.2638	0.3044	-1.1135	0.0899	0.7143	-0.5944	0.4867	-0.6900	-0.1959	0.3577	-0.1159	-0.1823	0.2457	-0.8747	-0.5556	-1.6339	-1.1336	-0.9054	-0.8587	1.2140	-2.2551	0.3445	0.0147	0.1848	-1.0214	0.8229	0.6326
-0.4632	-1.0538	0.1574	0.2194	-1.3437	1.0163	0.5608	-0.1508	0.4970	-0.6414	0.2915	0.7690	-0.0139	1.0598	0.1882	-0.9152	0.1110	-0.0630	0.6144	-0.7045	0.0547	0.2557	-0.8266	-1.6951	-1.1876	0.3024	0.1190	-1.0176	0.0879	-1.5758	0.4653	-0.2499	-0.1562	0.2267	0.8765	-1.4850	-0.4431	-0.5006	-1.4476	-0.6754	-0.0433	0.3102	-1.9038	-0.2656	-0.1858	-0.5616	-1.8044	0.6911	-0.7292
0.3573	-1.1268	0.1117	-0.2845	0.3878	0.7426	-0.3223	0.4797	1.1254	-1.1174	0.4995	0.4635	-0.2667	0.9853	-0.6520	-0.8192	0.0347	0.0982	0.2021	0.2506	0.6501	-0.9075	-0.7193	-1.7122	-1.4594	0.1682	-0.1416	-1.0262	0.9099	-1.7549	0.5168	-1.6679	-0.8902	0.3412	1.8827	-2.0301	-0.4691	-0.6670	-1.0007	-1.0295	-0.7502	1.3026	-1.5809	-0.0812	-0.4628	-0.6931	-2.8251	0.8863	-0.5335
1.8604	-0.0157	-0.0162	0.3362	0.5239	0.4374	-0.1961	0.2350	1.6892	-1.2041	0.4230	1.8726	-0.4379	0.7132	0.7211	0.1717	-0.4440	1.0062	0.5675	0.5591	0.4873	-0.6676	0.7294	0.2061	-0.6897	0.6782	-0.1567	-1.3489	0.7923	-1.1262	0.6902	0.4803	0.8034	1.4234	1.0524	-2.0297	-0.8547	0.3584	-1.1492	-0.7066	-1.3079	0.9793	-1.0069	1.5836	-1.4434	0.2118	-1.4175	0.9236	0.1558
0.8794	0.7852	-0.9859	0.5006	0.1457	0.5356	-0.4669	-0.2631	2.2872	-0.2273	0.3749	0.4901	0.2206	0.0904	0.8435	-0.0181	-0.5126	1.1383	0.1025	-0.0001	0.8067	-0.5189	0.3672	-0.1760	-1.3407	0.7512	0.4690	-0.8486	0.4552	-0.0216	0.1421	0.7302	0.9522	0.5824	0.7901	-1.3317	-0.1562	0.1183	-0.8146	0.7825	0.0241	-0.6458	-0.7120	1.3818	-1.4579	0.3736	0.0399	1.9860	0.4762
0.8600	1.5133	-0.6611	-0.2193	0.6631	0.1807	0.4973	-0.3602	0.3548	-0.8561	-0.6195	0.2531	0.3078	0.4143	0.2236	-0.4788	-0.3058	1.3398	-0.3050	-0.1934	1.2556	0.7504	-1.0420	-0.8089	-0.5317	1.6803	1.2726	0.1059	0.0501	0.3423	-0.1413	-0.9130	0.9675	-0.1121	-0.4347	0.5499	0.7653	-0.3349	0.0634	0.6262	0.4902	-0.9491	-0.8493	0.4667	-0.7262	-0.3144	-0.2704	1.8555	1.0622
-0.0773	2.0298	-0.8177	0.6998	0.3102	0.4131	0.4243	-0.4824	-0.5160	-0.0321	-0.0975	0.1069	0.4133	0.5078	-0.5598	-0.3375	0.3362	0.1179	-0.2359	-0.9613	0.9794	0.3172	-1.0616	-0.2879	-0.1031	-0.1077	1.2135	-0.7965	-0.2905	1.3320	-0.8625	-0.4402	0.5669	-0.7178	-0.8794	0.0962	0.2521	0.8055	1.0741	0.3860	1.7073	-0.6860	-0.5740	0.9288	-0.0090	-0.7768	-0.3395	1.9558	0.9208
0.4772	1.7805	-0.3525	-0.5588	0.6029	-0.5141	-0.7320	0.5907	-0.5596	-0.1751	1.4990	1.2868	-1.0054	0.7012	-1.1131	-1.1637	0.8750	0.8204	-0.5344	0.2177	0.3228	0.4825	-0.5516	-0.3701	0.8711	-0.8993	1.1423	-1.9001	0.3790	-0.3396	0.0718	-1.5624	1.0699	-0.8361	-0.9400	0.2147	0.7385	2.0787	1.1704	0.3689	1.8877	-0.5038	0.5318	1.3861	-0.0892	-1.0944	-0.0460	1.7358	1.7353
1.1098	0.5957	-1.7846	-0.7208	-0.1831	1.0343	-0.7827	-0.0658	0.1748	-0.5266	1.0748	2.2183	-0.5179	0.5548	-1.0534	-0.6004	0.7660	0.0226	-1.0358	0.4784	0.0703	-0.7900	0.2384	-0.5199	-0.0655	-0.0602	1.1564	-1.7580	0.7859	0.4951	0.7390	-0.3505	1.2547	-0.1756	-0.2723	-0.6789	1.1354	2.1509	0.3509	0.1717	1.5184	-1.4105	1.2392	2.1538	1.1722	0.5820	1.0544	1.5005	2.0060
0.5310	-0.1977	-1.0042	-1.1008	-0.5448	-0.0139	-0.1003	-0.0790	-0.4496	-1.0979	-0.0160	1.5883	-1.4798	0.9173	-0.5851	-0.9203	1.4829	0.7299	-0.0861	-0.9683	0.6309	-0.7332	-0.4184	-1.2555	0.3212	0.9791	1.8396	-1.2928	0.7787	0.3506	0.3284	-0.9954	0.9543	-0.8464	0.3448	0.2906	0.4234	1.1428	1.3282	0.7033	1.6930	-0.5247	0.8269	1.5491	1.8912	0.9089	0.4512	1.6272	2.0336
0.8930	0.7921	-1.1206	-1.4057	-0.8889	-0.1525	0.5958	-0.0855	-1.5037	1.3419	-0.4344	-0.2888	-1.4515	1.9369	-0.9001	-1.6484	0.6292	-0.1086	0.7335	-0.5506	-1.2989	-0.6122	-2.4180	0.3473	-0.2958	0.7601	1.1122	-2.2484	0.7492	1.3080	0.1267	-1.9781	-0.9129	-0.9485	0.9944	0.6009	0.3449	1.5966	2.8850	1.2041	2.2662	-1.0785	1.3485	0.4450	2.3635	1.1761	1.2205	0.6208	3.4705
-0.7456	1.6198	-0.6065	0.3892	-0.7559	0.1478	-0.1892	0.7051	-0.6977	0.4728	-1.5716	-1.0841	-1.0839	1.3321	-0.0380	-1.0613	2.7119	-0.6354	-0.1835	-1.3964	-0.5715	-0.7414	-1.0607	1.4278	-0.1572	0.9179	0.6818	-2.0641	0.2525	0.8089	-0.1198	-0.9745	-1.3133	-1.5244	0.0656	0.0843	-1.0460	0.7372	2.1590	1.8497	2.2115	-0.9040	0.0423	0.8387	1.9020	1.5918	2.0155	0.8912	2.7041
-0.5694	2.3548	0.0496	0.8374	-0.2425	0.4446	0.5242	-1.4101	-0.7852	0.8244	0.4483	-0.5330	-0.9518	0.8649	-0.1514	-0.5124	2.2290	-0.7146	-0.5826	-1.5255	-0.7885	-0.6843	-2.5096	0.0588	0.3557	0.2664	-0.1670	-0.8350	0.2596	1.0403	0.3996	-2.1525	-1.0354	-0.4257	-0.6132	-0.2456	1.7342	1.5302	2.0435	1.9757	3.0137	-0.7790	1.4107	0.0358	1.8258	-0.0199	-0.5941	0.6448	1.3086
0.4765	2.3936	-0.3244	0.8637	-0.3852	-0.1064	-0.5501	0.2226	-0.2153	0.9221	0.2756	0.5642	-1.0945	0.7974	-0.5547	-0.5193	1.0957	-1.2728	0.0357	0.0721	-0.2758	-1.7827	-1.5767	0.2750	1.0043	-1.4566	-0.7366	-1.0881	0.2580	0.8912	-0.1326	-1.0488	0.3884	-0.1449	-0.4907	-1.2450	1.4258	1.0104	1.1585	2.0780	2.3501	-0.5897	1.0979	0.7720	1.9830	0.9411	0.7825	0.4890	1.3915
0.2374	2.3644	-0.0577	-0.1748	-0.6461	-1.3565	-0.7283	0.8666	-0.4398	-0.6667	0.0426	0.9894	-1.8256	0.2326	-0.7229	-1.3917	2.1497	-1.2541	0.3317	0.6411	0.3990	-0.7693	0.6671	0.5995	1.6410	-0.0577	-0.3028	-0.7204	0.5204	0.5931	-0.1348	-0.7559	0.0716	0.1704	-0.7531	-0.6751	1.4011	0.4984	1.1646	2.0548	1.8200	-0.1972	1.1930	0.5460	0.2491	1.4745	1.5181	1.1533	0.9177
-2.2254	1.8438	0.4173	-1.4122	-0.9024	-0.7978	-0.6586	0.4278	-1.6620	-0.3551	-0.3976	-0.2833	-1.8830	-0.5525	-0.8270	-1.4254	1.5826	-2.2750	0.6224	-0.7294	-0.1092	0.0118	-0.3690	0.9678	0.0129	0.0969	0.9200	0.1985	0.4651	-0.0470	-0.3924	0.6381	-1.3546	0.0453	-0.5294	1.0630	0.8929	-1.2531	0.9236	1.1576	1.2221	-0.4925	1.3243	0.8529	0.9654	0.3653	1.3668	-0.3634	-1.4630
-3.8008	1.2051	0.7055	-1.0072	-0.7531	-0.8983	0.2487	-0.3150	-2.2256	0.6846	1.1525	-2.0169	-1.7938	-0.9731	-1.8001	-1.2702	1.2739	-3.1244	-0.2520	-1.9809	-0.8175	-1.1280	-1.7985	-0.8033	-0.6032	-1.5953	-0.2289	-0.1937	0.2091	0.7802	-0.7864	0.8292	-2.5715	-0.4189	-1.3050	0.6698	-0.1301	-0.3096	1.4943	0.5329	2.1429	0.1529	1.5420	0.5366	0.4285	-0.7782	0.8249	-2.0428	-3.5304
-1.1909	1.8100	0.4387	-1.5173	-0.1397	-1.1992	0.1458	-0.2040	-2.1907	-0.8251	0.4777	-0.7357	-2.0772	-1.2777	-1.5375	-1.6344	0.3367	-2.7755	-1.3601	-0.2908	-2.9404	-2.1432	-1.6643	-0.5252	0.4001	-0.8444	-1.0409	-0.9954	-0.0292	1.0556	-0.2674	1.0943	-1.8491	-0.3696	-2.0629	-0.0042	0.0697	1.1575	1.1308	0.2269	1.3126	-0.6903	1.8131	0.1371	-1.1657	0.7712	1.9311	-2.3542	-1.5035
-1.0314	1.2261	1.0100	-2.1479	-0.4521	-1.9938	0.6327	-0.3786	-2.4064	-1.1518	-0.9035	-1.2951	-2.3359	-1.1691	-0.5887	-1.6849	1.2736	-1.9751	-1.0445	-0.6128	-3.2864	-1.7062	-0.7878	0.5960	1.5040	0.1638	-0.5737	-0.2633	-0.8259	-0.4504	-0.2528	1.2619	-1.1530	-1.1787	-1.4708	0.7995	0.1539	1.5178	0.8509	0.7950	0.9691	-0.8879	0.9408	-1.1460	-0.7916	0.9202	1.6741	-1.7312	-0.8626
-1.8127	0.8690	0.7444	-1.4536	-0.5510	0.3064	-0.2158	0.8025	-2.4957	-1.0964	-1.6298	-0.2620	-1.4370	-1.0187	-0.4168	-0.0073	-0.1077	-1.5617	-0.8434	-0.0188	-1.7528	-0.4638	-0.2796	0.4270	2.1562	1.7581	0.6352	-0.5223	-0.8710	0.7498	0.0828	-0.0437	-0.5472	-1.0599	0.0726	1.2011	-0.9825	-1.4175	0.8288	0.1665	0.4934	0.1311	0.1237	0.0769	1.5312	2.4360	2.1654	-0.6493	-1.2834
-2.1566	-0.0766	0.5124	-0.2950	-0.6627	1.7888	-1.9729	-0.5312	-0.3590	-0.2840	-0.9825	-1.2884	-1.8076	-0.3068	0.2110	-0.0754	0.2718	-1.3206	-0.8809	-1.3057	-0.8015	-0.1713	-0.4628	0.6495	2.0195	1.2988	0.4737	-0.5514	-0.3006	0.0800	-0.2901	0.3767	-0.6083	-0.9455	-1.1343	0.2051	-1.0621	-2.1985	0.3968	0.5916	0.9369	1.7818	0.1675	0.6414	1.1047	1.2859	1.5629	-0.1999	-2.4685
-0.5471	0.1795	1.9426	0.3697	0.2871	0.4902	0.3165	1.1068	0.7370	-0.2466	0.1830	-0.3622	-1.6072	-1.6517	0.8759	-0.8158	2.2132	0.1005	-1.1294	-1.9585	0.7043	0.8712	0.4320	-0.1152	1.3569	1.4532	-1.7613	-0.2253	0.2563	-0.1913	-0.5633	0.5322	-0.0793	0.5336	-2.2039	-0.4952	-0.4753	1.1288	-0.0106	1.3917	0.3331	2.1837	0.7039	-0.6108	0.1110	0.4282	0.3615	-0.6174	-1.7781
-0.6443	0.0427	1.7118	0.0727	0.7635	0.0609	0.9255	-1.2882	-0.2010	-0.0667	1.4714	-0.4098	-0.9409	-1.2277	0.3006	-0.5469	-0.0591	-0.8542	-0.6807	-1.9251	0.3898	1.3558	-0.7928	-1.2870	0.0555	0.0846	0.0533	0.4066	0.0915	0.6544	-0.7972	-0.0955	-0.3899	1.2426	-1.8834	0.1810	0.8928	0.6920	0.6506	0.5558	0.5279	0.8452	1.5399	-0.6313	0.0444	-0.2550	-1.1113	-0.0188	-1.6269
0.2497	-0.6230	0.2846	2.1529	-0.9135	3.2386	2.9510	-2.9944	1.9465	-0.4832	-1.5713	-0.9185	0.4835	1.0944	-0.4424	0.6982	-1.1979	0.6422	2.7614	1.3567	-0.5475	0.0345	-1.4571	1.6208	-0.1141	-3.7532	1.7811	1.4526	-0.4355	2.1571	-1.6612	1.3663	0.0105	0.2347	0.5013	0.6708	0.2370	-0.4735	-0.0123	0.3555	-2.3005	-0.9570	0.4633	-0.3515	2.0317	-1.3160	0.1281	-0.0861	-0.3549
0.1614	-0.0170	-0.2119	0.5581	0.3470	0.4735	0.0066	-1.7807	1.3985	-0.8867	0.3075	0.6325	-0.0669	0.6200	0.1606	0.2971	-1.5423	0.1885	0.1011	1.6182	-0.0271	-0.5004	0.2682	1.2620	-0.8131	-0.8128	0.3091	0.4852	-0.6447	-0.2539	0.4149	1.5909	1.8699	0.3088	0.4745	-0.7402	0.3947	-0.1565	-1.2477	1.4042	-1.3812	-1.6413	0.8879	1.0059	0.6077	0.3169	1.0762	0.1309	-0.0355
-2.0206	-0.2291	0.4861	0.3562	-0.7166	-1.4634	-0.0019	-1.4516	2.2844	-1.3196	0.0300	-2.4016	1.8680	1.7422	0.2811	0.9864	-1.1069	-0.1412	0.5827	2.0530	1.0258	-0.3078	0.2063	1.1273	-1.2264	-2.7622	1.4780	1.2865	0.1573	1.7529	-0.4000	1.0077	1.2026	-1.2772	1.8840	0.6897	1.4413	-0.6716	1.4215	1.0380	-0.9637	1.0795	-1.5217	0.3095	1.1201	-0.9992	-1.0413	1.0974	-1.2633
1.4619	-0.5165	0.3261	0.2160	0.7284	0.1572	3.5246	0.4900	1.8669	0.3417	-0.5815	0.3989	2.0992	1.6357	0.5447	1.4865	-0.2677	1.4691	0.5379	1.9564	0.7871	2.1861	0.3060	1.3703	-0.9323	1.0197	0.4703	0.3739	0.3743	2.0720	0.2525	0.8106	0.8851	0.0784	1.2559	0.9726	0.8909	-0.3143	-0.1775	0.7819	-1.5000	0.9510	-1.0372	0.4523	1.3083	0.7780	-1.0387	-0.7899	0.3793
0.4917	-1.4823	-0.9996	0.8303	0.6481	0.7217	0.8711	-0.9820	0.1451	1.5599	-0.0709	-1.0374	2.2200	0.0824	0.5470	1.8651	-1.1407	0.9517	-1.3019	-0.3026	0.6693	1.2899	0.5629	0.1349	-1.1268	0.6358	1.1862	1.3035	-0.9072	0.0337	-0.1514	0.6092	-0.3811	-1.5122	0.7972	0.8214	0.1949	0.5217	-0.4809	-0.2269	-0.4337	0.1263	-0.1371	-0.4948	1.0149	-0.2042	-1.7572	-0.9756	-0.9825
0.0921	-1.2837	-0.5596	0.3100	1.8509	-0.0027	-0.3544	0.1738	-0.0778	1.4897	0.5239	-1.0548	2.3444	-1.0873	0.7051	1.0407	-1.2249	0.4413	-1.2782	0.8491	-0.2384	0.1431	1.1253	-0.6580	-0.2619	-0.1458	-0.3347	0.9857	-1.2512	-0.1193	-1.6167	1.4639	0.5068	-0.3365	-0.1989	1.4251	-0.7211	0.9724	-0.5411	-1.5597	-1.1503	0.0485	-0.8258	-0.3766	-1.0683	-0.2798	-0.3234	-1.9710	-0.8319
-0.1370	-1.4917	-0.8955	0.1709	1.3689	-0.1297	0.0945	0.5080	0.2935	-0.1218	-0.1975	-1.8223	2.5389	-1.0976	1.3008	0.6042	-0.6827	0.5120	-1.0808	0.8898	-0.7466	0.1184	0.4668	-0.4234	0.2142	-0.0632	-1.0152	0.8807	-0.7561	0.8480	-1.3938	1.6539	0.2544	-0.8394	-0.8973	0.4697	-0.7150	0.5092	-0.2682	-1.6204	-1.4615	0.1624	-2.0996	-0.3977	-1.7541	0.0771	0.3397	-1.4160	-0.4668
-0.1007	-1.4607	-0.1504	0.0806	0.6510	0.4655	0.4144	0.5376	-0.1391	-0.1784	-0.3828	-1.6096	3.3241	-1.2568	1.5844	1.1548	-0.5331	1.1099	-1.2865	-0.1836	-0.1896	1.3015	0.0420	-0.4237	0.8418	0.9498	-0.1071	1.7873	-0.7008	0.2618	0.3536	0.5093	-0.0716	-1.3547	-0.9556	1.4717	-0.5730	-0.7720	0.1051	-0.6806	-1.4173	0.6759	-1.9575	-0.7199	-0.0304	-0.8853	0.0500	-0.6036	-0.8797
0.1762	-1.8620	0.0569	1.1496	0.5060	2.2166	0.6445	-0.2046	-0.8605	1.8116	-0.8145	-0.7651	3.1045	-1.9262	1.5091	1.8177	-1.3427	0.7685	-1.4072	-1.3710	-1.1250	1.4986	0.9066	1.0877	0.6782	0.2434	-1.3732	0.6470	-0.9780	1.1543	-0.1838	0.7396	0.3144	-1.5806	-1.1620	1.2775	-0.5172	-1.8448	-0.9220	-0.1741	-1.0610	0.3524	-1.2638	-1.0153	-0.3432	-0.9749	-0.3948	-0.8537	-1.1615
-0.0860	-2.0865	0.5955	0.5099	0.6304	1.1123	0.3060	0.6459	-1.8398	1.4884	0.9457	-1.0764	2.6328	-2.2963	-0.2783	0.9656	-0.1586	0.4094	-1.6199	-0.8035	0.0697	0.9545	0.6108	-0.2128	0.0170	0.2764	-1.6680	0.9231	-0.5661	0.9285	-0.7925	-1.2645	-0.0214	-1.3423	-0.7277	1.7115	-0.1086	1.0390	-0.3455	-2.3399	-1.0329	0.3248	-0.3522	-1.6686	-1.0493	-1.6313	-2.4286	-1.0461	-2.0186
1.6426	-1.2393	-0.1010	0.0495	0.5012	1.3580	-0.1849	1.7492	-1.3046	1.7364	0.6396	0.7366	2.4782	-1.6292	-0.4789	1.2003	-0.9820	1.0067	-1.3952	0.1897	-0.4324	0.5863	0.1552	0.5891	0.0767	0.2460	-0.8437	1.2070	-0.4099	-0.2388	-0.5429	-0.3299	0.2114	0.4525	-0.2287	2.1664	-0.8497	1.1485	-1.0866	-1.3417	-1.7561	-0.4141	-0.2020	-0.4489	0.3330	-1.2128	-0.6293	-1.6029	-1.1907
1.2085	-1.5089	-0.8261	-0.0684	-0.4256	0.9187	-0.3987	1.6882	-0.4482	1.1727	0.3579	1.1705	1.9720	-0.7046	-0.0269	0.9957	0.0736	0.6770	-1.1752	-0.2140	-0.0392	-0.3194	0.1550	0.5380	0.5254	0.1677	-0.6780	0.2484	-0.0510	-0.6334	-0.0536	1.3619	0.3502	0.0134	-0.7151	0.2922	-1.2389	0.3407	-1.5178	-0.2898	-1.5184	-0.7518	-0.7364	0.1966	-0.3129	-0.5184	0.6705	-1.3329	-0.8845
1.3069	-1.2521	-0.4324	-0.0459	-0.9244	-0.1706	-0.0680	1.4076	-0.2964	0.0820	-0.0459	0.2133	0.1944	0.5186	-0.5418	-0.1311	2.0651	1.8769	0.9136	-0.1178	1.3829	0.6803	-0.0404	0.5172	1.5614	0.7243	0.4057	-0.0080	0.6591	-1.5206	0.1294	-0.5940	-0.5798	0.9840	0.1307	-0.2167	0.0342	1.0644	-0.0584	-0.1550	-1.0921	1.1745	0.0792	-0.7806	-1.3758	-1.6497	0.0959	0.3209	0.0088
1.1274	-1.1498	-0.5683	-0.0777	-0.7093	1.0271	-0.1384	1.5346	-0.0144	-1.0090	-0.7864	0.3123	-0.1854	1.0936	-1.3249	-0.2742	0.9069	1.6146	0.6989	-0.7633	1.6654	1.0104	-0.5620	-0.6307	1.5397	0.3408	0.6678	0.2367	0.4655	-1.3575	0.8704	-1.2710	-0.8803	1.2213	0.5965	-0.2269	0.0855	-0.6172	0.2226	0.2312	-0.4123	0.6303	0.7794	-0.1524	0.2149	-1.1350	-0.4157	0.5265	0.2311
0.6297	-0.8055	-0.7688	0.6702	0.0442	0.4253	0.5244	0.6757	-0.1630	0.2290	-0.0792	1.4700	0.4748	0.5149	-0.3189	0.5836	-0.1726	0.4392	-0.1272	-1.2164	2.4290	0.5608	0.0792	0.8163	0.4214	0.5953	0.6801	0.4844	-0.2218	-1.2902	1.3790	-0.7104	-0.4533	0.3196	0.7267	-0.1799	0.0597	-0.7162	-0.2075	0.4325	-0.9182	0.1724	1.0378	-0.4931	0.7394	-0.3576	-0.9306	0.6003	-0.6338
0.7282	-1.0072	-0.6868	0.2743	0.0129	0.8872	0.6960	1.3605	0.3555	0.7668	1.2735	1.0159	0.9966	-0.4813	-0.4718	1.5744	0.0907	0.1395	0.6001	-1.4650	1.8860	0.3512	-0.2202	-0.3575	-0.7340	-0.7979	0.1900	0.6293	-0.0214	-0.8786	0.2549	-1.3516	-1.1589	0.7714	1.1500	-0.0424	0.5622	0.5354	-0.4139	-1.0174	-0.1237	0.9362	1.0093	-1.5704	-0.1889	-2.0565	-2.2465	-0.2581	-1.0838
1.5999	-0.2227	-0.4808	0.6323	1.1435	0.6485	-0.1197	0.9757	1.0758	0.6304	1.0844	1.9039	1.0553	-0.7039	0.2077	2.5490	-1.2058	-0.2031	0.0897	0.5880	0.8410	-1.3841	0.5033	-0.5006	-0.8072	-0.6532	-0.6507	0.6552	-0.0648	-0.1883	-0.0871	0.4344	0.2895	2.2475	1.1953	-1.0400	-0.4467	0.8122	-1.4807	-1.0358	-0.5166	0.6633	1.1971	-0.7743	-1.1267	0.5143	-0.2729	-0.7977	0.8817
1.2440	-0.1938	0.0654	-0.0090	0.3640	0.1828	0.7135	-3.3335	1.4313	0.9700	0.9298	0.7592	1.8205	-0.4372	0.9796	2.4026	-1.0249	0.2304	-0.2778	0.9987	0.3700	-0.7770	0.0074	-0.0066	-0.8365	0.1583	-0.7434	1.2499	-0.0294	-0.7569	-0.2047	0.5991	0.3507	2.1992	0.0547	-0.3495	0.0235	1.2773	-1.2478	0.3583	-0.3696	1.2266	0.3012	0.0143	-1.7507	1.3251	-0.6572	0.0244	0.8432
0.7441	-0.3558	0.9995	-0.1004	-0.2544	-1.8778	1.1200	-0.9004	0.5425	0.3073	0.0498	0.6796	0.5094	-0.2101	1.0112	1.7825	-0.3861	1.4011	0.1624	-0.2699	0.1095	0.5075	-0.2126	1.0212	0.5322	0.3975	0.0777	1.3260	-0.2119	-1.7924	-0.0850	0.0027	0.0489	-0.2923	-0.5055	0.1910	1.0892	0.7153	-0.1140	0.1947	0.2980	1.5594	-0.4062	-0.2259	-1.9395	0.5797	-1.4169	0.2915	0.7505
1.1436	-0.4498	0.7122	0.3989	-0.4723	-0.9280	0.8471	0.8160	-0.2053	0.1152	-0.3512	0.7562	0.2123	-0.5643	0.9525	1.7015	-0.7043	1.8757	0.0337	-1.0812	0.2316	0.9208	-0.7669	0.2319	0.8220	0.3956	0.1906	0.8873	-0.9882	-1.1289	-0.1275	0.4587	0.4760	-1.2994	-0.2804	0.0430	0.8838	-1.3645	-0.8811	-0.3142	1.2352	0.5788	0.1065	-1.5060	-0.9868	0.8528	-1.1192	0.1011	1.0115
0.2551	-0.3159	-0.5933	1.7642	-0.1390	0.9090	-0.9435	1.0527	0.2638	-0.1827	-1.4323	-1.3274	0.5996	-0.2122	0.6630	2.1007	-1.7340	0.1159	0.0961	-1.4664	-0.0150	0.7159	0.0558	0.2153	-1.6086	0.3020	1.4411	1.7368	-0.5044	0.4736	0.0553	-0.2205	-0.3047	-0.7826	-0.3596	-0.0760	-0.1460	-1.8378	-0.7638	-2.2629	1.6098	0.2146	-0.7627	-0.5263	0.6568	1.8468	-1.0991	0.7793	0.9861
-1.9816	0.8018	-1.8888	0.9176	2.4282	-3.9517	-5.1198	0.9696	1.1549	1.0909	0.1116	-0.7494	-1.0895	1.3075	1.0450	-0.6931	-3.2045	-0.6780	0.9178	1.6503	1.2825	0.8272	1.4156	-1.9910	-3.1593	1.3366	1.0774	0.4000	1.7794	0.6441	0.9769	-2.8115	1.2636	1.6203	1.2184	-0.0453	-0.6083	-0.9150	1.1534	-1.8449	0.6223	0.0777	-0.9369	1.3956	1.1485	1.8042	0.3130	1.6140	1.9600
-0.2727	0.2951	-2.6296	0.5735	4.2778	-0.9199	-3.5722	-0.2251	5.2311	-1.8792	-0.0022	-0.7583	-2.1183	2.2114	0.8723	-3.2802	-1.8645	0.8104	2.7144	4.4091	-0.6568	0.9295	3.5921	-1.1141	-2.7592	0.4785	-0.5205	0.8825	2.4028	1.3276	-0.5841	-1.9428	2.2385	1.0456	0.4881	-1.2060	-0.3869	-1.9881	1.4421	0.0016	-1.1172	-2.1164	-1.6863	0.6811	-1.9027	-0.7625	-0.0981	1.7610	0.6071
-1.1273	0.2341	0.9090	2.0144	1.4407	0.1193	-4.7182	-1.4335	2.5612	-1.4245	1.8484	0.0930	-0.7789	2.3320	1.2465	-2.6104	0.8699	-0.6093	1.5302	0.8753	-0.2389	-0.0043	1.5505	1.4404	-2.0231	0.2614	-1.5539	0.5598	1.9915	0.5229	1.1936	-0.0420	1.9323	-0.2276	0.1834	-1.3785	-0.8044	-0.5840	0.8123	1.7638	-0.0064	-2.0515	-0.2673	1.5033	-1.0078	-1.4584	0.9445	1.7982	0.4340
1.9221	2.3626	2.2869	2.4256	0.7201	-1.1625	0.0802	-1.9888	1.5465	0.9031	2.3473	1.0128	-0.3894	1.6393	1.9135	-2.0666	0.3469	-0.9304	1.6917	1.9057	0.5620	-0.1748	2.7220	1.9945	-0.3911	-0.6041	-0.4406	0.6625	1.9654	0.1693	1.5799	0.0738	1.6677	1.4148	0.4525	-1.0648	1.2782	1.1952	0.3165	1.5697	0.8844	-1.6513	1.2014	2.4757	-0.6393	0.5044	1.4621	0.8084	1.7764
1.4602	1.7984	2.2191	1.4128	-0.8375	-1.9170	1.4967	-1.7640	0.6444	0.5853	0.4579	0.7587	-2.0395	1.1550	0.8871	-2.7317	-0.2819	0.0255	1.2431	1.1448	0.9337	0.3480	2.5229	1.9241	0.0591	-1.5607	1.1180	0.0064	1.3374	0.4047	1.0098	-0.1825	2.1129	-0.0436	-0.2895	-1.6069	2.8226	0.8843	0.8834	1.1773	0.6779	-1.0478	0.7894	1.2382	-1.8889	1.0723	0.6080	0.2661	0.7379
-0.5230	0.4432	1.3517	0.4202	-2.7380	-2.2442	1.7200	-1.2216	0.2824	1.0755	-1.1241	0.0096	-2.2836	0.3200	-0.3694	-2.5469	-0.3908	-0.5291	1.3964	0.0418	0.7633	-0.1877	0.7743	0.3848	-0.7206	-2.5098	1.9200	-0.7619	-0.2437	-0.4608	-0.4549	1.0446	0.9447	-2.4070	-0.0972	-1.7060	1.3057	-0.8552	0.6808	-0.0878	0.2187	-0.4642	-0.2133	-0.0719	0.2162	1.3437	0.1499	-0.2956	-0.0318
-1.1764	-0.2746	0.4594	-1.6343	-1.1215	-3.0360	-0.0171	-0.6172	-0.5003	-1.6717	-0.3295	0.6987	-2.3174	-0.9419	-2.1788	-3.2208	0.1649	-1.2738	1.4173	1.0313	-0.3576	-1.0445	1.3497	-0.4516	-0.8354	-0.4711	0.5195	-2.3343	-1.7361	-2.2665	-0.7976	1.2805	-0.3881	-0.3382	0.1826	-1.6882	-0.2212	-1.6613	-0.6267	-1.0614	-1.0997	-0.5562	-0.3462	-0.1427	-0.8781	2.1265	0.3982	0.2392	0.9982
-1.2487	-1.0184	-0.0356	-2.3200	-0.9261	-1.5444	-0.3628	-0.3364	-0.3208	-1.9130	-0.8382	-0.2589	-1.3335	-0.5556	-2.1468	-2.3908	-0.1789	-1.6145	1.4908	0.4119	-1.9685	-1.5645	0.0184	-1.3541	-0.5999	-0.9361	-0.2407	-2.2260	-2.0485	-1.9788	-0.5541	1.2684	-1.3425	0.4971	0.7462	-1.3978	-0.9614	-2.3322	-1.4773	-0.8185	-1.6492	-0.5880	-1.1521	-1.1278	-1.2902	0.7260	0.5268	-0.1519	0.8183
-2.1488	-1.2345	-1.0777	-1.2772	-1.8997	-1.0549	-0.8545	-0.8289	-0.7109	-1.2145	-1.9360	-0.9758	-0.8410	0.0133	-1.6706	-0.7456	-0.0604	-2.3806	0.7697	-1.1010	-1.1415	-1.6436	0.0582	-2.4790	-0.4728	-1.3865	-1.2713	-1.7770	-1.6109	-1.0931	-0.6277	0.8826	-1.4853	-0.7592	0.4853	-1.1217	-3.3090	-2.0185	-1.5430	-0.8925	-1.1829	-0.5157	-2.2617	-0.4578	-0.7421	-0.4526	0.5891	-0.1707	-1.1448
-0.8817	-0.7594	-0.8117	-1.2393	-1.0566	-0.7015	-0.4178	-0.8192	-1.2904	-1.0479	-0.2524	-0.1887	-0.4337	-0.0651	-1.5127	0.3592	0.2637	-1.4343	0.6516	-1.3014	-0.6652	-0.5649	0.2269	-3.1099	0.5514	-0.7959	-2.3757	-0.8889	-1.0700	-1.9286	-0.1684	-1.2907	-1.7169	-0.1772	0.3651	-0.9846	-2.4530	1.3426	-1.5690	-1.3629	-0.6005	-0.3965	-1.6354	-1.5043	-1.1894	-2.7117	-1.3666	-0.5535	-0.7246
-0.4240	-0.1352	-1.1105	-0.7104	0.1013	0.1408	-1.3899	0.4373	-0.9251	-0.6674	0.8822	0.4826	-0.0260	0.3484	-0.7721	1.5147	-0.4233	-1.6508	0.4046	-0.6233	-1.1449	-1.6908	0.7887	-2.8804	0.0035	-0.7321	-1.7127	-0.8025	-0.7449	-1.3804	0.5324	-0.6082	-0.7630	0.2115	1.0181	-0.8050	-2.7842	1.1865	-1.3638	-2.1996	0.1558	-0.7645	-1.1693	0.1567	-0.2653	-1.0876	0.5327	-0.1797	0.0103
0.4135	-0.0373	-0.9498	-0.5898	0.9303	0.4363	0.2204	0.4710	0.7068	-1.0851	1.2820	1.2992	0.2724	0.5824	1.3030	1.6079	0.4946	-0.6741	0.2395	0.4196	-0.6130	-1.4862	1.7086	-1.2232	-0.1810	1.9966	-2.0717	-0.3450	-0.5646	-1.9133	2.1480	0.8435	-0.2276	0.5320	0.8471	-0.4846	-1.8571	1.4150	-2.4905	0.0005	-0.3968	-1.8458	-0.1096	0.6640	-0.4559	-0.0911	0.8814	-0.0310	0.7824
0.0889	0.3046	-0.2323	-0.6901	0.8397	-0.4994	0.1558	-0.1560	0.4620	-0.5098	0.2650	0.5169	0.0318	1.1749	1.6895	1.2679	0.7847	-0.2358	0.5506	0.9197	-0.5502	-0.3496	1.0472	-0.5423	-0.4515	2.2976	-1.3930	0.1182	0.2026	-1.8829	1.6596	1.2624	-0.6141	1.3734	1.0995	0.1696	-0.6079	1.0871	-1.1551	0.0189	-0.1877	-0.5340	-0.6315	0.4896	-0.4925	-0.6344	0.2878	0.2249	0.7982
0.4243	0.3918	0.6998	-0.6127	0.8946	0.0020	0.2161	1.0379	0.5774	-0.4580	-0.6533	1.5724	-0.2627	0.4923	2.1441	1.8695	0.6981	0.8075	0.3747	1.1292	0.4938	0.8937	-0.3747	-1.1503	0.8681	2.3102	-0.8991	0.1269	0.5332	-1.4147	0.8670	1.4236	0.3882	1.3287	1.2250	1.1147	0.0215	-0.6521	-1.2385	1.0411	0.2888	0.6169	-0.6445	0.4706	0.2182	-1.0435	0.8995	0.2818	0.3624
-0.2539	0.6823	0.4349	-0.5169	0.7423	1.1711	-0.1960	0.0945	-0.0802	-0.2218	-1.3807	0.1786	0.4953	0.9878	2.2499	1.5740	0.2889	0.9251	0.4292	0.3370	0.7539	1.5296	-0.5938	0.5831	0.7101	1.5782	0.0034	0.8536	0.2489	-0.2563	0.1555	-0.0762	0.0809	0.4026	0.4180	2.0536	0.3380	-1.1838	-0.5534	0.3315	0.4461	0.8369	-0.5848	-0.1377	0.4325	-0.5680	0.2994	0.7329	0.3322
-1.0061	0.3375	0.5993	-0.0321	0.3158	1.4855	0.7049	-0.4547	-0.9049	1.7645	0.1000	-0.0396	1.5523	-0.0079	1.7740	1.9574	0.5040	1.2178	-0.6227	-0.8153	1.3026	1.3460	-1.2152	0.4686	0.4937	0.5008	-0.5508	1.0827	-0.1297	0.1903	0.2287	-1.0187	0.3111	0.0977	-0.0207	1.8021	1.6244	0.4589	0.0337	-0.0875	1.0442	1.3302	0.3822	-1.7325	0.8604	-1.2843	-0.9511	0.5403	-0.6284
0.2859	0.2373	0.0733	0.4267	0.3794	1.4589	-0.3545	-0.0389	-1.1369	0.9161	0.6442	-0.4510	1.5945	0.2645	-0.7457	1.8579	-0.4162	0.9731	-1.2522	0.7230	0.9649	0.9054	-1.3399	0.2945	0.5926	-0.9963	0.4723	0.8130	0.2654	1.0274	0.5567	-2.5407	-0.2146	-0.0147	-0.0226	1.4811	2.1261	-0.0635	1.0544	-0.5300	1.4123	2.0535	0.8387	-1.2685	1.1887	-0.7495	-1.5466	0.0583	0.6471
0.6005	-0.2392	-0.3890	-0.0346	-0.3397	1.7177	0.0870	0.1729	0.4051	0.8635	0.4852	1.8505	1.4476	0.3328	-0.5340	1.0132	-0.0705	1.7593	-1.1107	1.0317	1.1247	-0.0970	0.3755	1.4695	1.3289	-1.0622	1.6224	-0.1006	0.0605	1.0198	1.2934	0.3472	1.4083	1.2845	0.5940	0.5021	0.7418	0.7754	-0.7669	1.5506	0.4731	0.3399	0.7262	0.4049	0.9205	0.7226	0.5576	-0.2110	0.8923
0.5281	-0.2425	-0.4688	0.4041	-0.2798	0.5737	0.3015	-0.9703	0.2522	1.0174	-0.2435	0.5570	-0.2353	0.1678	-0.5333	-0.2994	1.0237	1.6305	0.0298	0.4184	1.3040	-0.2121	-0.2489	1.9240	0.2027	-0.6326	2.0576	-0.4147	0.7389	1.1231	0.4513	0.6102	0.9063	1.7042	0.2970	-0.0865	1.1228	-0.0912	-0.0295	2.0467	-0.0680	1.1090	0.5190	-0.0754	-0.5851	1.2998	1.6045	0.4037	0.6016
-0.1309	-1.1239	-0.3045	0.1976	-0.9028	-0.3796	0.6919	-0.4064	-0.3879	0.0048	-0.3689	-0.8428	-0.5561	0.0321	-0.0117	-0.2097	1.6014	1.1309	0.4855	-0.5529	1.8701	0.2649	-1.3969	0.8758	-0.0205	0.0507	2.2743	0.0893	1.2650	0.7783	-0.0130	-0.4060	0.0589	-0.1347	0.1274	0.5031	0.4759	-0.2176	0.9075	1.8874	-0.1119	1.3397	-0.1041	-0.4086	0.1310	0.3021	0.7181	0.1040	0.0023
0.3235	-1.0528	0.0523	0.2060	-0.1694	-0.3876	0.1434	0.9508	-0.8112	0.4151	-0.1841	-0.5474	-0.5874	-0.1399	0.0906	-0.2841	0.5607	0.0390	0.5703	-1.9262	0.7397	-0.0899	-1.0245	0.6090	0.2792	0.0719	1.3519	-0.5583	1.3654	0.9299	-1.3235	0.5482	-0.1234	-0.9782	0.0600	-0.4243	-0.0990	-0.4451	1.3508	0.3992	0.3084	0.8665	-0.2280	0.3777	-0.4707	0.2398	0.5833	0.2489	0.1758
0.9432	-0.2819	0.7896	-0.3220	0.4092	-0.0466	0.2712	1.2401	-1.1018	0.1539	1.2583	0.1504	0.2002	0.0326	-1.1179	-0.4427	-0.1243	-0.9837	0.1196	-1.2706	0.1379	-1.2753	-1.6985	-0.2303	0.5477	-0.8689	0.1083	-0.2082	1.7070	0.8488	-0.4424	-1.2353	-1.0074	-0.4431	0.0698	-0.6082	0.6766	0.9285	1.8598	0.3701	0.3443	-0.2763	0.4079	0.0291	0.3537	-1.1185	-1.9536	-0.4721	-0.0706
1.8397	0.3821	0.0718	0.2597	-0.0461	0.8663	-0.2538	2.5401	-0.1573	-0.1735	1.8516	1.8468	0.3587	-0.6485	-0.6345	-0.3451	-0.6729	-2.1926	0.0546	-0.8512	-1.4773	-1.9008	-0.3019	0.0717	0.3404	-0.9715	-0.1947	-0.9568	1.2753	0.9954	-0.0133	-0.7262	0.1067	0.2829	-0.0499	-1.5984	0.5193	0.4507	0.1358	-0.1943	0.3407	-2.4568	0.5899	1.7157	-0.1181	-0.7090	0.2103	-0.4075	0.3093
0.6257	-0.2880	0.9922	-0.2067	-0.4778	-0.5388	-0.0096	0.6566	-0.3974	-0.0032	0.6470	0.9710	-0.0662	0.1929	0.1290	-0.6473	1.4189	-2.2125	0.6351	-1.6210	-1.3844	-1.3470	-0.7436	-0.2484	-0.0400	-0.4310	0.0213	-0.1580	1.2174	-0.9030	0.6003	-0.3958	-0.2924	-0.7000	0.2028	-0.7286	-0.1543	0.9470	-0.1190	-0.0751	0.0831	-2.3199	0.0735	1.2985	0.3378	-0.7634	0.3123	-0.0109	-0.4803
0.9444	-0.0171	1.2644	-0.4545	-0.6091	-0.8814	0.8937	0.2868	-1.0364	0.2421	-0.5707	0.7744	-0.8377	-0.0953	-0.1717	-0.3079	1.2597	-1.1283	0.3927	-1.3121	-0.6176	-0.2056	-0.8347	-0.5155	0.1578	0.3867	-1.1297	0.0269	0.6982	-0.7033	0.1935	0.2597	-0.5104	-0.3815	-0.2176	-0.4729	-0.2685	0.6136	0.5428	-0.2476	-0.0887	-0.0598	-0.2439	0.3727	-0.2154	-0.6332	0.0367	-0.0429	-0.7213
0.4436	1.1796	1.4324	-0.0991	-0.6989	0.4885	0.2131	0.3965	-0.7229	0.1098	0.4633	-1.3592	-0.1295	-0.3473	-1.8109	-0.8055	0.7584	-0.8801	-0.1027	-0.6913	-0.5301	-0.0677	-1.4716	-0.9991	-0.4801	-0.6912	-0.7718	-0.0097	-0.2541	0.8597	-1.5243	-0.0644	-1.6604	-0.7334	-1.1409	0.3676	0.0773	0.5886	1.4354	-0.2388	0.4377	0.7960	0.1126	-0.3970	-0.1748	-1.7957	-1.1517	-0.6077	-1.6100
0.6178	2.4023	0.3141	0.1980	0.5238	0.7241	-0.3561	0.6981	-0.5029	-0.3528	-0.2713	0.6223	0.0506	-1.3375	0.3403	-0.7671	0.0484	0.0450	-1.8188	-0.0209	-1.6370	-0.1500	0.1181	0.3597	-0.0377	0.9108	-0.9135	-0.8794	-1.4481	1.2960	-1.3011	2.2540	0.0141	0.0808	-2.5085	-0.1467	0.1352	0.0907	0.5423	0.0306	-0.5599	0.4218	0.3841	0.3882	-0.4741	1.6020	1.2333	-0.7438	-0.2281
-1.0464	1.5536	-0.7303	0.1778	0.5827	0.3381	0.0588	-0.1626	0.3679	0.5016	-0.9413	-1.3999	-0.6122	-1.5387	0.8718	-1.3450	-0.4015	0.7292	-1.5276	0.2984	-1.3677	0.6210	0.2191	1.0577	0.5209	0.8118	0.3008	0.0787	-2.0671	0.9025	-0.8990	2.1929	0.0287	-0.3318	-1.7573	0.2272	0.4841	-0.6932	0.5329	0.2290	0.1048	0.6927	0.6204	-0.8188	0.2394	1.7284	0.8823	0.0159	-0.6332
-2.0181	0.1244	-0.4389	-0.6053	0.4520	-0.3871	0.9287	-0.7277	-0.3826	-0.0123	-1.1647	-1.6149	-1.3588	-1.8212	-0.1486	-1.0102	-0.6736	0.7620	-1.9431	0.7363	-0.0007	1.2356	0.6966	0.7291	1.1533	1.0445	0.7415	0.4255	-2.0374	0.2722	-0.2506	0.0483	0.0546	-0.7411	-1.3030	1.1993	-0.3932	-0.9627	0.1808	0.1780	0.4757	0.1809	0.5014	-1.1439	1.4909	2.1371	0.1956	-0.5514	-0.2081
-1.9241	-0.5787	-0.1866	0.0062	-0.9145	0.9659	0.7581	-0.7161	-0.3560	-0.5335	-1.7274	-2.1843	-0.6184	-0.6355	-0.4126	-0.2483	-0.1368	0.8671	-1.0231	-0.3594	-0.2425	1.7714	0.4254	1.0200	0.7739	-0.1541	0.4108	0.2005	-0.9038	1.1678	-0.5065	-0.7727	-0.1807	-1.3960	-0.6240	0.8437	-1.0599	-1.1374	0.6921	-0.4377	0.6985	1.0129	-0.2386	-0.3736	1.6228	-0.0595	-0.2332	0.2965	-0.7621
-0.7824	-0.2602	-0.5955	-0.0076	-0.8213	1.0366	0.8421	-0.4743	0.1461	-0.5770	-0.1912	-0.8669	0.2686	0.1618	-1.1952	0.2132	0.3152	0.8416	-0.8553	0.2301	0.1694	0.5726	-1.0495	-0.8610	-0.1079	-0.2259	-0.1296	-0.3751	0.0208	1.0222	-0.3970	-1.3675	-0.3059	-0.5679	0.5339	0.5745	0.1629	0.7336	0.5995	-0.0533	0.1615	0.4714	0.9144	0.2802	1.8956	-0.2116	-1.2156	-0.0183	-0.6093
0.3045	0.4975	-1.4691	-0.5745	-0.6383	0.3739	-0.0013	0.1359	0.5223	-0.4554	0.2200	0.1942	0.2419	1.0261	-1.3385	0.2209	-1.0141	0.7296	-0.4587	1.4635	-0.1887	-0.7173	-1.3610	-0.1831	-0.3859	-0.2187	0.7809	-0.9948	0.2161	0.2153	-0.1867	-1.3714	0.5296	0.7498	0.7496	0.5704	0.5925	0.7136	-0.1816	-0.6484	-0.4107	-1.1026	2.1305	1.0901	0.9820	1.1002	0.4570	0.2521	0.9542